Filename = F:\Seq files\Rec-1221-tomato-whole2-000053-355_16_26_56_788.seq
Units = Temperature (C)
Time = 355:16:33:10.975000
FrameNumber = 3743
Preset = 0

2.110748e+01,2.087808e+01,2.112831e+01,2.128093e+01,2.113526e+01,2.112831e+01,2.123933e+01,2.120465e+01,2.108665e+01,2.114220e+01,2.113526e+01,2.126013e+01,2.111443e+01,2.112831e+01,2.124627e+01,2.101023e+01,2.101023e+01,2.102413e+01,2.119078e+01,2.124627e+01,2.103802e+01,2.105192e+01,2.110054e+01,2.107276e+01,2.112137e+01,2.117690e+01,2.113526e+01,2.128093e+01,2.130173e+01,2.128093e+01,2.114220e+01,2.123933e+01,2.119771e+01,2.112137e+01,2.119078e+01,2.120465e+01,2.115608e+01,2.107971e+01,2.119078e+01,2.116996e+01,2.115608e+01,2.105887e+01,2.115608e+01,2.123240e+01,2.126707e+01,2.116302e+01,2.130173e+01,2.130173e+01,2.110054e+01,2.110054e+01,2.121852e+01,2.119771e+01,2.128786e+01,2.126707e+01,2.116302e+01,2.121159e+01,2.112137e+01,2.121159e+01,2.139178e+01,2.134330e+01,2.157857e+01,2.141948e+01,2.141948e+01,2.143332e+01,2.150943e+01,2.135023e+01,2.126013e+01,2.149559e+01,2.128093e+01,2.107276e+01,2.111443e+01,2.109360e+01,2.133637e+01,2.099632e+01,2.111443e+01,2.113526e+01,2.131559e+01,2.135023e+01,2.151634e+01,2.135715e+01,2.136408e+01,2.139178e+01,2.132944e+01,2.117690e+01,2.114914e+01,2.119771e+01,2.126707e+01,2.123240e+01,2.116996e+01,2.114914e+01,2.105192e+01,2.128093e+01,2.129479e+01,2.112831e+01,2.107276e+01,2.125320e+01,2.129479e+01,2.112831e+01,2.112137e+01,2.112831e+01,2.125320e+01,2.123240e+01,2.123933e+01,2.107971e+01,2.110054e+01,2.111443e+01,2.118384e+01,2.106581e+01,2.098937e+01,2.118384e+01,2.096852e+01,2.100327e+01,2.109360e+01,2.116302e+01,2.112831e+01,2.104497e+01,2.121159e+01,2.112137e+01,2.114914e+01,2.112831e+01,2.099632e+01,2.110748e+01,2.114220e+01,2.111443e+01,2.130173e+01,2.129479e+01,2.098937e+01,2.096156e+01,2.123933e+01,2.135023e+01,2.112831e+01,2.123240e+01,2.114914e+01,2.122546e+01,2.113526e+01,2.114220e+01,2.126013e+01,2.116302e+01,2.105192e+01,2.120465e+01,2.110054e+01,2.107276e+01,2.123240e+01,2.123240e+01,2.118384e+01,2.119771e+01,2.116302e+01,2.115608e+01,2.113526e+01,2.109360e+01,2.132944e+01,2.114220e+01,2.116302e+01,2.123933e+01,2.112137e+01,2.112137e+01,2.105887e+01,2.116302e+01,2.128093e+01,2.122546e+01,2.116996e+01,2.124627e+01,2.107276e+01,2.122546e+01,2.121852e+01,2.121852e+01,2.114914e+01,2.117690e+01,2.114220e+01,2.109360e+01,2.124627e+01,2.123240e+01,2.111443e+01,2.125320e+01,2.102413e+01,2.120465e+01,2.099632e+01,2.119078e+01,2.124627e+01,2.126013e+01,2.105192e+01,2.119771e+01,2.130865e+01,2.122546e+01,2.121159e+01,2.130173e+01,2.128093e+01,2.123933e+01,2.122546e+01,2.125320e+01,2.119078e+01,2.121852e+01,2.113526e+01,2.099632e+01,2.104497e+01,2.105887e+01,2.126013e+01,2.104497e+01,2.128093e+01,2.117690e+01,2.128786e+01,2.112137e+01,2.112137e+01,2.114914e+01,2.124627e+01,2.116996e+01,2.108665e+01,2.113526e+01,2.112831e+01,2.107276e+01,2.119771e+01,2.123933e+01,2.101718e+01,2.121852e+01,2.136408e+01,2.114914e+01,2.119078e+01,2.112137e+01,2.137793e+01,2.135715e+01,2.139178e+01,2.129479e+01,2.126013e+01,2.123933e+01,2.120465e+01,2.126013e+01,2.123933e+01,2.123933e+01,2.106581e+01,2.114220e+01,2.105887e+01,2.120465e+01,2.104497e+01,2.115608e+01,2.122546e+01,2.121852e+01,2.123240e+01,2.116302e+01,2.130173e+01,2.118384e+01,2.123933e+01,2.125320e+01,2.123933e+01,2.124627e+01,2.123240e+01,2.130865e+01,2.104497e+01,2.099632e+01,2.114220e+01,2.098937e+01,2.100327e+01,2.112137e+01,2.122546e+01,2.107276e+01,2.114914e+01,2.107276e+01,2.119078e+01,2.112137e+01,2.110748e+01,2.112831e+01,2.108665e+01,2.105192e+01,2.093374e+01,2.103107e+01,2.097547e+01,2.117690e+01,2.105887e+01,2.110748e+01,2.116996e+01,2.105192e+01,2.107276e+01,2.110748e+01,2.107971e+01,2.112137e+01,2.109360e+01,2.107971e+01,2.105887e+01,2.112831e+01,2.121852e+01,2.111443e+01,2.101023e+01,2.117690e+01,2.117690e+01,2.100327e+01,2.114220e+01,2.114220e+01,2.106581e+01,2.112137e+01,2.107276e+01,2.092679e+01,2.109360e+01,2.104497e+01,2.095461e+01,2.105887e+01,2.110054e+01,2.099632e+01,2.098242e+01,2.108665e+01,2.107971e+01,2.110748e+01,2.127400e+01,2.103107e+01,2.116302e+01,2.107971e+01,2.112831e+01,2.112137e+01,2.113526e+01,2.120465e+01,2.119771e+01,2.112137e+01,2.113526e+01,2.127400e+01,2.109360e+01,2.121159e+01,2.112831e+01,2.120465e+01,2.125320e+01,2.110054e+01,2.121159e+01,2.117690e+01,2.113526e+01,2.138486e+01,2.123240e+01,2.121159e+01,2.116302e+01,2.122546e+01,2.119078e+01,2.114914e+01,2.111443e+01,2.105887e+01,2.125320e+01,2.104497e+01,2.121159e+01,2.131559e+01,2.107971e+01,2.112831e+01,2.108665e+01,2.113526e+01,2.108665e+01,2.115608e+01,2.107276e+01,2.104497e+01,2.118384e+01,2.118384e+01,2.110748e+01,2.096852e+01,2.115608e+01,2.110054e+01,2.120465e+01,2.121159e+01,2.120465e+01,2.119771e+01,2.118384e+01,2.111443e+01,2.120465e+01,2.111443e+01,2.116302e+01,2.116302e+01,2.114914e+01,2.117690e+01,2.107971e+01,2.107971e+01,2.102413e+01,2.106581e+01,2.108665e+01,2.109360e+01,2.110748e+01,2.105192e+01,2.101023e+01,2.103802e+01,2.094070e+01,2.095461e+01,2.106581e+01,2.102413e+01,2.110054e+01,2.101718e+01,2.106581e+01,2.112831e+01,2.105192e+01,2.103107e+01,2.112137e+01,2.102413e+01,2.076667e+01,2.071091e+01,2.086416e+01,2.100327e+01,2.108665e+01,2.116302e+01,2.118384e+01,2.118384e+01,2.117690e+01,2.126013e+01,2.124627e+01,2.119771e+01,2.124627e+01,2.119078e+01,2.117690e+01,2.109360e+01,2.143332e+01,2.126707e+01,2.122546e+01,2.111443e+01,2.124627e+01,2.122546e+01,2.123240e+01,2.122546e+01,2.126013e+01,2.123240e+01,2.124627e+01,2.126707e+01,2.120465e+01,2.121159e+01,2.122546e+01,2.119078e+01,2.116996e+01,2.128786e+01,2.124627e+01,2.106581e+01,2.101718e+01,2.121159e+01,2.121159e+01,2.120465e+01,2.121159e+01,2.116996e+01,2.116302e+01,2.120465e+01,2.115608e+01,2.120465e+01,2.138486e+01,2.110748e+01,2.114220e+01,2.131559e+01,2.131559e+01,2.132944e+01,2.115608e+01,2.119771e+01,2.121852e+01,2.126013e+01,2.133637e+01,2.134330e+01,2.121159e+01,2.130173e+01,2.131559e+01,2.126707e+01,2.119078e+01,2.127400e+01,2.119771e+01,2.130865e+01,2.125320e+01,2.129479e+01,2.132252e+01,2.137793e+01,2.141948e+01,2.119771e+01,2.144024e+01,2.121159e+01,2.126013e+01,2.126013e+01,2.125320e+01,2.130173e+01,2.121852e+01,2.118384e+01,2.122546e+01,2.127400e+01,2.128786e+01,2.126707e+01,2.130865e+01,2.134330e+01,2.126013e+01,2.129479e+01,2.116996e+01,2.113526e+01,2.134330e+01,2.132252e+01,2.145408e+01,2.128093e+01,2.124627e+01,2.129479e+01,2.124627e+01,2.122546e+01,2.121159e+01,2.130173e+01,2.128093e+01,2.127400e+01,2.126013e+01,2.121852e+01,2.128786e+01,2.111443e+01,2.118384e+01,2.124627e+01,2.135023e+01,2.131559e+01,2.123240e+01,2.130173e+01,2.135715e+01,2.123240e+01,2.114220e+01,2.134330e+01,2.118384e+01,2.121852e+01,2.116302e+01,2.123240e+01,2.118384e+01,2.118384e+01,2.128093e+01,2.124627e+01,2.126707e+01,2.126707e+01,2.114220e+01,2.116302e+01,2.126707e+01,2.114220e+01,2.119771e+01,2.116996e+01,2.116996e+01,2.124627e+01,2.123240e+01,2.112137e+01,2.124627e+01,2.113526e+01,2.114220e+01,2.113526e+01,2.114220e+01,2.110748e+01,2.106581e+01,2.103802e+01,2.105192e+01,2.108665e+01,2.101718e+01,2.118384e+01,2.123240e+01,2.116996e+01,2.104497e+01,2.102413e+01,2.105887e+01,2.105887e+01,2.109360e+01,2.093374e+01,2.121852e+01,2.110054e+01,2.110748e+01,2.112137e+01,2.113526e+01,2.116996e+01,2.112831e+01,2.110054e+01,2.116996e+01,2.115608e+01,2.110054e+01,2.108665e+01,2.088504e+01,2.073879e+01,2.082239e+01,2.052252e+01,2.077363e+01,2.079453e+01,2.096156e+01,2.110748e+01,2.099632e+01,2.078060e+01,2.081543e+01,2.079453e+01,2.081543e+01,2.087112e+01,2.090592e+01,2.089896e+01,2.090592e+01,2.088504e+01,2.101718e+01,2.101718e+01,2.106581e+01,2.094070e+01,2.105887e+01,2.116302e+01,2.105887e+01,2.110054e+01,2.105192e+01,2.105887e+01,2.103107e+01,2.094070e+01,2.092679e+01,2.096156e+01,2.096156e+01,2.095461e+01,2.097547e+01,2.098242e+01,2.093374e+01,2.096852e+01,2.096852e+01,2.098937e+01,2.106581e+01,2.087112e+01,2.096852e+01,2.082239e+01,2.098937e+01,2.090592e+01,2.085024e+01,2.099632e+01,2.101718e+01,2.096852e+01,2.077363e+01,2.098937e+01,2.094070e+01,2.087112e+01,2.085024e+01,2.081543e+01,2.091983e+01,2.090592e+01,2.105887e+01,2.094765e+01,2.093374e+01,2.098242e+01,2.093374e+01,2.082935e+01,2.084328e+01,2.086416e+01,2.102413e+01,2.092679e+01,2.111443e+01,2.099632e+01,2.098242e+01,2.112831e+01,2.090592e+01,2.090592e+01,2.101023e+01,2.105887e+01,2.095461e+01,2.090592e+01,2.078060e+01,2.078060e+01,2.076667e+01,2.075970e+01,2.081543e+01,2.100327e+01,2.075970e+01,2.070394e+01,2.082239e+01,2.083632e+01,2.087808e+01,2.074576e+01
2.125320e+01,2.124627e+01,2.128093e+01,2.114220e+01,2.110748e+01,2.110054e+01,2.116302e+01,2.123240e+01,2.118384e+01,2.118384e+01,2.127400e+01,2.116302e+01,2.127400e+01,2.127400e+01,2.110748e+01,2.116302e+01,2.116302e+01,2.112137e+01,2.105887e+01,2.119078e+01,2.112831e+01,2.126707e+01,2.117690e+01,2.123933e+01,2.110748e+01,2.127400e+01,2.115608e+01,2.107276e+01,2.112831e+01,2.127400e+01,2.116996e+01,2.117690e+01,2.104497e+01,2.117690e+01,2.119771e+01,2.121159e+01,2.114914e+01,2.116996e+01,2.112831e+01,2.110054e+01,2.107276e+01,2.113526e+01,2.124627e+01,2.114220e+01,2.118384e+01,2.101718e+01,2.130173e+01,2.131559e+01,2.121159e+01,2.099632e+01,2.111443e+01,2.124627e+01,2.108665e+01,2.115608e+01,2.134330e+01,2.122546e+01,2.119078e+01,2.125320e+01,2.127400e+01,2.135023e+01,2.139178e+01,2.138486e+01,2.149559e+01,2.147484e+01,2.146792e+01,2.149559e+01,2.126707e+01,2.152326e+01,2.116302e+01,2.122546e+01,2.111443e+01,2.137793e+01,2.108665e+01,2.113526e+01,2.128786e+01,2.114914e+01,2.144024e+01,2.147484e+01,2.144024e+01,2.146792e+01,2.135023e+01,2.139178e+01,2.130173e+01,2.128093e+01,2.127400e+01,2.126013e+01,2.123933e+01,2.115608e+01,2.116996e+01,2.108665e+01,2.112137e+01,2.120465e+01,2.103802e+01,2.121159e+01,2.112137e+01,2.113526e+01,2.109360e+01,2.118384e+01,2.118384e+01,2.118384e+01,2.106581e+01,2.119771e+01,2.115608e+01,2.124627e+01,2.105192e+01,2.102413e+01,2.076667e+01,2.118384e+01,2.117690e+01,2.104497e+01,2.126013e+01,2.127400e+01,2.119771e+01,2.117690e+01,2.112831e+01,2.114220e+01,2.110054e+01,2.113526e+01,2.110748e+01,2.114914e+01,2.113526e+01,2.112831e+01,2.118384e+01,2.108665e+01,2.100327e+01,2.109360e+01,2.097547e+01,2.113526e+01,2.114914e+01,2.123933e+01,2.095461e+01,2.121852e+01,2.107971e+01,2.112137e+01,2.111443e+01,2.119771e+01,2.114220e+01,2.126013e+01,2.114914e+01,2.115608e+01,2.119771e+01,2.125320e+01,2.109360e+01,2.115608e+01,2.112831e+01,2.119771e+01,2.119771e+01,2.118384e+01,2.122546e+01,2.108665e+01,2.132252e+01,2.118384e+01,2.114914e+01,2.115608e+01,2.114220e+01,2.118384e+01,2.114220e+01,2.113526e+01,2.114914e+01,2.112831e+01,2.118384e+01,2.128093e+01,2.121852e+01,2.116302e+01,2.127400e+01,2.114220e+01,2.126013e+01,2.119078e+01,2.116996e+01,2.122546e+01,2.123240e+01,2.111443e+01,2.121852e+01,2.116302e+01,2.121159e+01,2.121852e+01,2.119771e+01,2.126013e+01,2.119078e+01,2.102413e+01,2.121159e+01,2.122546e+01,2.127400e+01,2.138486e+01,2.106581e+01,2.116302e+01,2.123240e+01,2.112831e+01,2.110054e+01,2.109360e+01,2.119771e+01,2.127400e+01,2.119078e+01,2.116996e+01,2.113526e+01,2.117690e+01,2.110054e+01,2.126707e+01,2.116302e+01,2.117690e+01,2.120465e+01,2.108665e+01,2.116996e+01,2.114914e+01,2.115608e+01,2.110748e+01,2.114914e+01,2.106581e+01,2.098937e+01,2.104497e+01,2.116302e+01,2.124627e+01,2.122546e+01,2.114220e+01,2.111443e+01,2.115608e+01,2.120465e+01,2.115608e+01,2.129479e+01,2.125320e+01,2.132252e+01,2.139871e+01,2.119078e+01,2.116302e+01,2.119078e+01,2.110054e+01,2.119771e+01,2.107276e+01,2.111443e+01,2.119771e+01,2.104497e+01,2.111443e+01,2.118384e+01,2.115608e+01,2.119771e+01,2.123933e+01,2.123240e+01,2.116302e+01,2.106581e+01,2.121159e+01,2.119771e+01,2.119078e+01,2.122546e+01,2.121852e+01,2.115608e+01,2.119771e+01,2.101023e+01,2.132252e+01,2.117690e+01,2.101718e+01,2.111443e+01,2.128786e+01,2.116996e+01,2.107971e+01,2.119771e+01,2.114914e+01,2.112831e+01,2.113526e+01,2.104497e+01,2.116996e+01,2.119078e+01,2.117690e+01,2.118384e+01,2.114220e+01,2.116996e+01,2.126013e+01,2.139871e+01,2.120465e+01,2.121852e+01,2.114914e+01,2.122546e+01,2.120465e+01,2.116996e+01,2.109360e+01,2.117690e+01,2.127400e+01,2.126707e+01,2.107971e+01,2.115608e+01,2.111443e+01,2.101718e+01,2.112137e+01,2.112831e+01,2.115608e+01,2.115608e+01,2.098242e+01,2.098937e+01,2.100327e+01,2.096156e+01,2.103802e+01,2.108665e+01,2.107276e+01,2.112137e+01,2.102413e+01,2.106581e+01,2.103802e+01,2.112137e+01,2.114914e+01,2.115608e+01,2.124627e+01,2.116996e+01,2.107971e+01,2.122546e+01,2.111443e+01,2.119771e+01,2.116996e+01,2.118384e+01,2.116302e+01,2.120465e+01,2.130173e+01,2.120465e+01,2.111443e+01,2.139871e+01,2.116996e+01,2.114220e+01,2.118384e+01,2.116302e+01,2.121852e+01,2.119078e+01,2.125320e+01,2.135023e+01,2.137793e+01,2.133637e+01,2.122546e+01,2.114914e+01,2.121852e+01,2.117690e+01,2.119771e+01,2.126013e+01,2.123240e+01,2.122546e+01,2.121852e+01,2.123240e+01,2.121852e+01,2.126013e+01,2.104497e+01,2.121159e+01,2.118384e+01,2.121159e+01,2.107971e+01,2.116302e+01,2.118384e+01,2.109360e+01,2.128786e+01,2.111443e+01,2.123933e+01,2.109360e+01,2.112831e+01,2.120465e+01,2.119078e+01,2.125320e+01,2.120465e+01,2.112137e+01,2.104497e+01,2.102413e+01,2.131559e+01,2.107971e+01,2.105887e+01,2.096852e+01,2.109360e+01,2.107971e+01,2.107276e+01,2.121159e+01,2.122546e+01,2.114220e+01,2.105887e+01,2.107276e+01,2.089896e+01,2.089896e+01,2.106581e+01,2.110748e+01,2.093374e+01,2.114914e+01,2.127400e+01,2.106581e+01,2.107971e+01,2.105192e+01,2.107276e+01,2.103107e+01,2.108665e+01,2.110748e+01,2.109360e+01,2.102413e+01,2.078060e+01,2.065513e+01,2.106581e+01,2.102413e+01,2.132252e+01,2.118384e+01,2.117690e+01,2.116996e+01,2.113526e+01,2.126013e+01,2.121159e+01,2.096156e+01,2.114220e+01,2.121159e+01,2.123240e+01,2.141255e+01,2.124627e+01,2.125320e+01,2.116996e+01,2.121159e+01,2.121159e+01,2.121159e+01,2.116996e+01,2.126013e+01,2.117690e+01,2.126013e+01,2.125320e+01,2.116302e+01,2.123240e+01,2.119771e+01,2.116996e+01,2.117690e+01,2.117690e+01,2.118384e+01,2.114914e+01,2.121159e+01,2.123240e+01,2.122546e+01,2.120465e+01,2.122546e+01,2.111443e+01,2.121159e+01,2.123240e+01,2.121852e+01,2.122546e+01,2.121852e+01,2.125320e+01,2.126707e+01,2.121159e+01,2.132944e+01,2.136408e+01,2.132944e+01,2.123933e+01,2.116996e+01,2.126013e+01,2.117690e+01,2.130865e+01,2.129479e+01,2.110748e+01,2.130865e+01,2.132944e+01,2.128093e+01,2.122546e+01,2.129479e+01,2.119078e+01,2.128786e+01,2.139871e+01,2.139871e+01,2.143332e+01,2.135023e+01,2.122546e+01,2.123933e+01,2.122546e+01,2.125320e+01,2.123933e+01,2.128093e+01,2.125320e+01,2.124627e+01,2.105887e+01,2.125320e+01,2.139871e+01,2.137101e+01,2.127400e+01,2.110054e+01,2.127400e+01,2.128786e+01,2.132252e+01,2.137101e+01,2.131559e+01,2.144716e+01,2.134330e+01,2.137793e+01,2.135715e+01,2.128786e+01,2.128786e+01,2.130173e+01,2.141948e+01,2.125320e+01,2.132252e+01,2.132944e+01,2.117690e+01,2.126013e+01,2.130173e+01,2.120465e+01,2.128093e+01,2.131559e+01,2.126707e+01,2.128093e+01,2.139178e+01,2.135715e+01,2.132944e+01,2.119771e+01,2.132944e+01,2.126707e+01,2.117690e+01,2.119078e+01,2.121159e+01,2.117690e+01,2.126707e+01,2.130173e+01,2.118384e+01,2.128093e+01,2.118384e+01,2.128786e+01,2.121159e+01,2.118384e+01,2.125320e+01,2.126013e+01,2.116302e+01,2.116996e+01,2.119771e+01,2.116302e+01,2.112831e+01,2.134330e+01,2.104497e+01,2.117690e+01,2.110054e+01,2.111443e+01,2.113526e+01,2.114220e+01,2.112831e+01,2.100327e+01,2.102413e+01,2.088504e+01,2.096852e+01,2.115608e+01,2.116302e+01,2.099632e+01,2.099632e+01,2.097547e+01,2.110748e+01,2.119078e+01,2.107971e+01,2.107276e+01,2.118384e+01,2.104497e+01,2.089200e+01,2.110748e+01,2.112831e+01,2.123240e+01,2.103107e+01,2.107971e+01,2.107276e+01,2.114914e+01,2.119078e+01,2.121852e+01,2.115608e+01,2.094765e+01,2.094070e+01,2.093374e+01,2.098242e+01,2.093374e+01,2.080846e+01,2.098242e+01,2.105192e+01,2.091287e+01,2.079453e+01,2.093374e+01,2.090592e+01,2.098242e+01,2.082239e+01,2.090592e+01,2.091287e+01,2.093374e+01,2.095461e+01,2.103802e+01,2.095461e+01,2.094070e+01,2.105887e+01,2.105887e+01,2.103802e+01,2.087112e+01,2.091287e+01,2.091983e+01,2.101023e+01,2.093374e+01,2.069000e+01,2.096156e+01,2.096852e+01,2.080846e+01,2.078060e+01,2.096852e+01,2.085024e+01,2.073182e+01,2.062723e+01,2.086416e+01,2.064118e+01,2.076667e+01,2.079453e+01,2.079453e+01,2.072486e+01,2.080846e+01,2.075970e+01,2.069000e+01,2.082935e+01,2.078060e+01,2.077363e+01,2.074576e+01,2.074576e+01,2.055743e+01,2.073182e+01,2.075970e+01,2.084328e+01,2.081543e+01,2.080846e+01,2.085024e+01,2.085024e+01,2.093374e+01,2.077363e+01,2.085024e+01,2.082239e+01,2.079453e+01,2.082935e+01,2.084328e+01,2.103107e+01,2.095461e+01,2.098242e+01,2.116302e+01,2.103802e+01,2.111443e+01,2.096156e+01,2.091983e+01,2.090592e+01,2.068303e+01,2.087808e+01,2.059932e+01,2.057140e+01,2.044567e+01,2.076667e+01,2.068303e+01,2.069697e+01,2.064816e+01,2.067605e+01,2.059932e+01,2.071091e+01,2.073879e+01,2.068303e+01
2.125320e+01,2.116302e+01,2.113526e+01,2.114914e+01,2.118384e+01,2.116996e+01,2.113526e+01,2.103107e+01,2.118384e+01,2.112137e+01,2.117690e+01,2.126707e+01,2.115608e+01,2.126013e+01,2.105192e+01,2.121159e+01,2.116302e+01,2.125320e+01,2.125320e+01,2.114220e+01,2.099632e+01,2.101023e+01,2.126707e+01,2.112831e+01,2.114220e+01,2.127400e+01,2.109360e+01,2.131559e+01,2.106581e+01,2.109360e+01,2.121852e+01,2.114220e+01,2.124627e+01,2.116302e+01,2.119771e+01,2.121159e+01,2.119771e+01,2.122546e+01,2.116302e+01,2.110054e+01,2.107971e+01,2.110748e+01,2.116996e+01,2.117690e+01,2.116302e+01,2.117690e+01,2.116996e+01,2.126707e+01,2.104497e+01,2.115608e+01,2.121159e+01,2.110748e+01,2.119078e+01,2.112137e+01,2.109360e+01,2.113526e+01,2.130173e+01,2.140563e+01,2.128093e+01,2.126013e+01,2.155092e+01,2.137793e+01,2.144716e+01,2.140563e+01,2.146100e+01,2.130173e+01,2.119771e+01,2.123240e+01,2.114914e+01,2.116302e+01,2.110748e+01,2.130173e+01,2.112831e+01,2.110054e+01,2.136408e+01,2.125320e+01,2.144716e+01,2.143332e+01,2.141948e+01,2.145408e+01,2.139178e+01,2.139178e+01,2.132252e+01,2.130865e+01,2.140563e+01,2.121159e+01,2.128786e+01,2.123933e+01,2.123240e+01,2.112137e+01,2.126013e+01,2.109360e+01,2.126013e+01,2.110054e+01,2.119771e+01,2.126013e+01,2.125320e+01,2.120465e+01,2.111443e+01,2.123240e+01,2.111443e+01,2.101718e+01,2.112831e+01,2.108665e+01,2.119078e+01,2.107971e+01,2.103802e+01,2.106581e+01,2.116302e+01,2.128093e+01,2.108665e+01,2.107276e+01,2.103802e+01,2.114914e+01,2.109360e+01,2.108665e+01,2.110054e+01,2.110054e+01,2.112137e+01,2.111443e+01,2.116996e+01,2.117690e+01,2.110054e+01,2.110054e+01,2.119078e+01,2.101023e+01,2.113526e+01,2.109360e+01,2.112137e+01,2.119078e+01,2.119771e+01,2.128786e+01,2.119771e+01,2.114914e+01,2.125320e+01,2.110054e+01,2.112831e+01,2.124627e+01,2.102413e+01,2.121159e+01,2.122546e+01,2.121159e+01,2.110748e+01,2.112831e+01,2.112831e+01,2.122546e+01,2.116302e+01,2.112831e+01,2.116302e+01,2.128786e+01,2.130865e+01,2.124627e+01,2.118384e+01,2.112831e+01,2.118384e+01,2.118384e+01,2.112831e+01,2.116302e+01,2.109360e+01,2.107971e+01,2.121159e+01,2.120465e+01,2.135715e+01,2.133637e+01,2.115608e+01,2.113526e+01,2.128786e+01,2.117690e+01,2.114914e+01,2.112831e+01,2.117690e+01,2.121852e+01,2.119771e+01,2.119771e+01,2.116302e+01,2.116302e+01,2.118384e+01,2.121159e+01,2.122546e+01,2.111443e+01,2.120465e+01,2.108665e+01,2.110748e+01,2.121159e+01,2.118384e+01,2.113526e+01,2.111443e+01,2.124627e+01,2.120465e+01,2.111443e+01,2.116996e+01,2.105192e+01,2.116996e+01,2.116996e+01,2.105887e+01,2.118384e+01,2.116302e+01,2.109360e+01,2.105192e+01,2.115608e+01,2.123240e+01,2.120465e+01,2.120465e+01,2.113526e+01,2.114914e+01,2.111443e+01,2.110748e+01,2.106581e+01,2.126013e+01,2.111443e+01,2.112137e+01,2.094765e+01,2.115608e+01,2.115608e+01,2.115608e+01,2.113526e+01,2.108665e+01,2.133637e+01,2.114220e+01,2.110748e+01,2.128786e+01,2.104497e+01,2.111443e+01,2.107971e+01,2.103802e+01,2.110054e+01,2.110054e+01,2.103802e+01,2.113526e+01,2.102413e+01,2.118384e+01,2.103107e+01,2.105192e+01,2.106581e+01,2.123933e+01,2.120465e+01,2.122546e+01,2.123240e+01,2.119078e+01,2.109360e+01,2.118384e+01,2.121159e+01,2.110054e+01,2.120465e+01,2.116996e+01,2.114220e+01,2.099632e+01,2.117690e+01,2.107971e+01,2.119771e+01,2.124627e+01,2.101023e+01,2.119771e+01,2.126707e+01,2.113526e+01,2.109360e+01,2.102413e+01,2.099632e+01,2.111443e+01,2.104497e+01,2.115608e+01,2.112137e+01,2.118384e+01,2.119078e+01,2.115608e+01,2.104497e+01,2.103802e+01,2.120465e+01,2.139871e+01,2.121852e+01,2.121852e+01,2.116302e+01,2.121852e+01,2.104497e+01,2.114220e+01,2.126013e+01,2.114220e+01,2.102413e+01,2.110748e+01,2.115608e+01,2.109360e+01,2.116996e+01,2.107276e+01,2.113526e+01,2.101023e+01,2.108665e+01,2.103802e+01,2.111443e+01,2.096156e+01,2.109360e+01,2.098937e+01,2.110054e+01,2.101718e+01,2.104497e+01,2.105887e+01,2.109360e+01,2.103107e+01,2.103802e+01,2.116996e+01,2.116996e+01,2.111443e+01,2.107971e+01,2.116302e+01,2.112137e+01,2.111443e+01,2.132944e+01,2.131559e+01,2.120465e+01,2.119078e+01,2.126707e+01,2.119771e+01,2.118384e+01,2.110748e+01,2.118384e+01,2.117690e+01,2.120465e+01,2.121852e+01,2.120465e+01,2.126013e+01,2.120465e+01,2.122546e+01,2.118384e+01,2.128093e+01,2.118384e+01,2.123240e+01,2.121852e+01,2.114914e+01,2.119771e+01,2.116302e+01,2.101718e+01,2.115608e+01,2.112831e+01,2.121852e+01,2.122546e+01,2.103107e+01,2.105192e+01,2.114914e+01,2.120465e+01,2.122546e+01,2.105887e+01,2.117690e+01,2.104497e+01,2.116302e+01,2.121159e+01,2.121852e+01,2.121852e+01,2.104497e+01,2.105887e+01,2.117690e+01,2.119078e+01,2.120465e+01,2.132944e+01,2.121159e+01,2.101718e+01,2.100327e+01,2.114914e+01,2.109360e+01,2.109360e+01,2.101023e+01,2.106581e+01,2.116302e+01,2.102413e+01,2.121159e+01,2.118384e+01,2.107276e+01,2.116302e+01,2.107276e+01,2.097547e+01,2.099632e+01,2.095461e+01,2.094765e+01,2.095461e+01,2.103802e+01,2.110054e+01,2.094765e+01,2.113526e+01,2.101023e+01,2.101023e+01,2.103802e+01,2.107276e+01,2.113526e+01,2.107971e+01,2.100327e+01,2.064118e+01,2.107276e+01,2.098937e+01,2.116996e+01,2.112831e+01,2.116302e+01,2.115608e+01,2.119078e+01,2.120465e+01,2.110054e+01,2.118384e+01,2.123933e+01,2.123933e+01,2.119771e+01,2.117690e+01,2.132944e+01,2.118384e+01,2.123933e+01,2.123933e+01,2.123933e+01,2.121852e+01,2.121852e+01,2.121852e+01,2.126707e+01,2.117690e+01,2.127400e+01,2.107276e+01,2.102413e+01,2.118384e+01,2.111443e+01,2.119078e+01,2.117690e+01,2.108665e+01,2.123240e+01,2.115608e+01,2.118384e+01,2.118384e+01,2.119078e+01,2.119078e+01,2.123240e+01,2.121159e+01,2.123240e+01,2.115608e+01,2.117690e+01,2.120465e+01,2.112831e+01,2.121852e+01,2.116302e+01,2.122546e+01,2.130865e+01,2.128786e+01,2.119078e+01,2.120465e+01,2.123933e+01,2.109360e+01,2.121159e+01,2.122546e+01,2.105192e+01,2.122546e+01,2.123933e+01,2.130173e+01,2.123240e+01,2.119078e+01,2.129479e+01,2.121852e+01,2.126707e+01,2.128093e+01,2.135023e+01,2.139871e+01,2.126707e+01,2.123933e+01,2.124627e+01,2.121159e+01,2.123240e+01,2.146100e+01,2.121159e+01,2.126707e+01,2.126013e+01,2.128093e+01,2.136408e+01,2.123933e+01,2.137793e+01,2.134330e+01,2.142640e+01,2.139871e+01,2.127400e+01,2.128093e+01,2.134330e+01,2.141948e+01,2.140563e+01,2.146100e+01,2.146100e+01,2.143332e+01,2.132252e+01,2.130865e+01,2.137101e+01,2.129479e+01,2.128786e+01,2.132252e+01,2.128093e+01,2.130173e+01,2.128786e+01,2.128786e+01,2.119771e+01,2.129479e+01,2.126707e+01,2.128786e+01,2.121159e+01,2.135023e+01,2.123240e+01,2.127400e+01,2.123240e+01,2.121852e+01,2.128786e+01,2.130865e+01,2.135715e+01,2.122546e+01,2.116996e+01,2.129479e+01,2.117690e+01,2.119078e+01,2.132252e+01,2.126013e+01,2.121852e+01,2.120465e+01,2.128786e+01,2.117690e+01,2.123933e+01,2.116996e+01,2.122546e+01,2.129479e+01,2.121159e+01,2.112831e+01,2.112137e+01,2.107276e+01,2.110054e+01,2.103802e+01,2.092679e+01,2.091983e+01,2.096852e+01,2.097547e+01,2.101023e+01,2.105192e+01,2.103107e+01,2.088504e+01,2.103802e+01,2.073879e+01,2.096852e+01,2.093374e+01,2.091287e+01,2.078757e+01,2.076667e+01,2.091287e+01,2.059932e+01,2.101023e+01,2.071789e+01,2.088504e+01,2.108665e+01,2.107276e+01,2.101023e+01,2.113526e+01,2.117690e+01,2.115608e+01,2.114220e+01,2.103107e+01,2.113526e+01,2.137101e+01,2.093374e+01,2.112831e+01,2.098242e+01,2.090592e+01,2.096156e+01,2.100327e+01,2.096852e+01,2.091983e+01,2.086416e+01,2.089896e+01,2.110748e+01,2.096156e+01,2.113526e+01,2.097547e+01,2.097547e+01,2.091287e+01,2.093374e+01,2.094765e+01,2.109360e+01,2.094070e+01,2.108665e+01,2.099632e+01,2.094765e+01,2.098242e+01,2.080150e+01,2.089896e+01,2.087112e+01,2.075273e+01,2.066211e+01,2.056442e+01,2.064118e+01,2.062723e+01,2.073879e+01,2.061327e+01,2.075273e+01,2.064118e+01,2.055045e+01,2.074576e+01,2.054347e+01,2.075970e+01,2.055045e+01,2.055045e+01,2.062723e+01,2.063420e+01,2.080846e+01,2.057140e+01,2.066211e+01,2.065513e+01,2.064118e+01,2.056442e+01,2.073182e+01,2.073879e+01,2.068303e+01,2.061327e+01,2.063420e+01,2.075273e+01,2.086416e+01,2.066211e+01,2.079453e+01,2.082239e+01,2.084328e+01,2.091983e+01,2.092679e+01,2.083632e+01,2.056442e+01,2.066908e+01,2.087112e+01,2.087112e+01,2.099632e+01,2.093374e+01,2.092679e+01,2.092679e+01,2.089896e+01,2.070394e+01,2.090592e+01,2.060629e+01,2.057838e+01,2.056442e+01,2.056442e+01,2.057838e+01,2.056442e+01,2.056442e+01,2.073182e+01,2.051554e+01,2.057838e+01,2.055045e+01,2.053649e+01,2.057140e+01,2.057140e+01,2.050855e+01
2.123240e+01,2.125320e+01,2.116302e+01,2.113526e+01,2.110054e+01,2.119771e+01,2.098937e+01,2.119078e+01,2.114220e+01,2.119078e+01,2.124627e+01,2.117690e+01,2.117690e+01,2.126013e+01,2.100327e+01,2.103107e+01,2.103107e+01,2.121852e+01,2.122546e+01,2.121159e+01,2.109360e+01,2.123240e+01,2.106581e+01,2.114914e+01,2.110054e+01,2.128093e+01,2.132252e+01,2.130865e+01,2.119771e+01,2.125320e+01,2.121852e+01,2.115608e+01,2.111443e+01,2.114220e+01,2.114914e+01,2.110748e+01,2.121159e+01,2.120465e+01,2.118384e+01,2.109360e+01,2.118384e+01,2.116302e+01,2.104497e+01,2.122546e+01,2.118384e+01,2.115608e+01,2.114220e+01,2.117690e+01,2.112137e+01,2.100327e+01,2.115608e+01,2.118384e+01,2.119078e+01,2.097547e+01,2.119078e+01,2.119078e+01,2.121159e+01,2.139871e+01,2.128786e+01,2.133637e+01,2.136408e+01,2.144024e+01,2.128093e+01,2.148868e+01,2.144024e+01,2.130865e+01,2.153017e+01,2.149559e+01,2.123240e+01,2.110748e+01,2.119771e+01,2.121159e+01,2.122546e+01,2.121159e+01,2.123240e+01,2.121852e+01,2.146792e+01,2.148868e+01,2.137101e+01,2.144716e+01,2.143332e+01,2.148176e+01,2.135023e+01,2.141255e+01,2.137101e+01,2.128093e+01,2.130173e+01,2.125320e+01,2.129479e+01,2.120465e+01,2.120465e+01,2.116302e+01,2.108665e+01,2.107971e+01,2.108665e+01,2.126013e+01,2.121159e+01,2.110054e+01,2.099632e+01,2.107276e+01,2.107276e+01,2.115608e+01,2.116996e+01,2.101718e+01,2.118384e+01,2.115608e+01,2.115608e+01,2.104497e+01,2.105887e+01,2.110054e+01,2.122546e+01,2.105887e+01,2.120465e+01,2.111443e+01,2.121159e+01,2.112137e+01,2.107276e+01,2.110054e+01,2.117690e+01,2.110748e+01,2.099632e+01,2.115608e+01,2.105887e+01,2.131559e+01,2.110054e+01,2.106581e+01,2.113526e+01,2.112831e+01,2.113526e+01,2.116302e+01,2.125320e+01,2.118384e+01,2.110054e+01,2.109360e+01,2.110054e+01,2.114914e+01,2.110054e+01,2.114220e+01,2.109360e+01,2.112137e+01,2.123240e+01,2.107971e+01,2.111443e+01,2.118384e+01,2.120465e+01,2.137101e+01,2.114220e+01,2.110054e+01,2.113526e+01,2.110054e+01,2.117690e+01,2.108665e+01,2.116302e+01,2.121852e+01,2.119078e+01,2.118384e+01,2.119078e+01,2.123933e+01,2.112137e+01,2.114220e+01,2.122546e+01,2.112137e+01,2.121159e+01,2.113526e+01,2.114914e+01,2.130173e+01,2.116302e+01,2.118384e+01,2.115608e+01,2.121852e+01,2.112831e+01,2.121852e+01,2.115608e+01,2.117690e+01,2.103802e+01,2.118384e+01,2.114220e+01,2.123240e+01,2.115608e+01,2.107276e+01,2.116302e+01,2.117690e+01,2.122546e+01,2.108665e+01,2.109360e+01,2.112137e+01,2.118384e+01,2.123240e+01,2.118384e+01,2.110054e+01,2.121159e+01,2.112831e+01,2.114914e+01,2.116302e+01,2.119771e+01,2.116302e+01,2.107276e+01,2.104497e+01,2.114220e+01,2.111443e+01,2.110748e+01,2.098937e+01,2.106581e+01,2.105887e+01,2.111443e+01,2.109360e+01,2.110748e+01,2.088504e+01,2.109360e+01,2.124627e+01,2.110054e+01,2.120465e+01,2.114220e+01,2.116302e+01,2.112831e+01,2.114914e+01,2.110054e+01,2.110054e+01,2.119771e+01,2.112137e+01,2.103107e+01,2.110054e+01,2.102413e+01,2.112831e+01,2.113526e+01,2.116302e+01,2.119771e+01,2.104497e+01,2.107971e+01,2.114220e+01,2.110054e+01,2.118384e+01,2.126707e+01,2.107971e+01,2.119771e+01,2.103107e+01,2.119771e+01,2.109360e+01,2.119078e+01,2.114914e+01,2.121159e+01,2.107971e+01,2.112137e+01,2.119078e+01,2.118384e+01,2.098937e+01,2.096156e+01,2.110054e+01,2.105887e+01,2.111443e+01,2.104497e+01,2.122546e+01,2.114914e+01,2.108665e+01,2.107971e+01,2.095461e+01,2.111443e+01,2.110054e+01,2.099632e+01,2.097547e+01,2.115608e+01,2.110054e+01,2.105887e+01,2.116996e+01,2.114220e+01,2.125320e+01,2.111443e+01,2.123240e+01,2.123933e+01,2.098242e+01,2.112137e+01,2.112137e+01,2.110748e+01,2.101023e+01,2.106581e+01,2.107971e+01,2.105887e+01,2.113526e+01,2.110748e+01,2.103107e+01,2.110748e+01,2.091983e+01,2.109360e+01,2.105192e+01,2.110054e+01,2.101718e+01,2.109360e+01,2.103802e+01,2.094765e+01,2.092679e+01,2.090592e+01,2.108665e+01,2.106581e+01,2.104497e+01,2.104497e+01,2.098937e+01,2.104497e+01,2.107971e+01,2.103802e+01,2.117690e+01,2.110054e+01,2.112831e+01,2.131559e+01,2.114914e+01,2.098937e+01,2.098937e+01,2.112831e+01,2.094070e+01,2.110748e+01,2.110748e+01,2.110748e+01,2.113526e+01,2.119771e+01,2.106581e+01,2.107971e+01,2.105192e+01,2.102413e+01,2.099632e+01,2.120465e+01,2.103802e+01,2.120465e+01,2.126707e+01,2.120465e+01,2.123240e+01,2.113526e+01,2.121852e+01,2.126707e+01,2.123240e+01,2.116996e+01,2.113526e+01,2.116996e+01,2.116996e+01,2.116302e+01,2.110054e+01,2.107276e+01,2.109360e+01,2.105192e+01,2.120465e+01,2.103802e+01,2.119771e+01,2.106581e+01,2.119771e+01,2.103802e+01,2.119078e+01,2.112831e+01,2.118384e+01,2.114220e+01,2.111443e+01,2.127400e+01,2.112831e+01,2.118384e+01,2.112137e+01,2.111443e+01,2.104497e+01,2.106581e+01,2.110054e+01,2.110748e+01,2.112137e+01,2.115608e+01,2.101718e+01,2.111443e+01,2.101718e+01,2.120465e+01,2.112831e+01,2.107276e+01,2.106581e+01,2.105887e+01,2.091287e+01,2.102413e+01,2.096156e+01,2.097547e+01,2.097547e+01,2.103107e+01,2.096852e+01,2.087808e+01,2.105192e+01,2.112831e+01,2.100327e+01,2.108665e+01,2.099632e+01,2.104497e+01,2.096156e+01,2.098242e+01,2.093374e+01,2.087112e+01,2.104497e+01,2.107276e+01,2.112831e+01,2.113526e+01,2.112137e+01,2.111443e+01,2.120465e+01,2.125320e+01,2.116302e+01,2.116996e+01,2.121852e+01,2.121159e+01,2.136408e+01,2.119771e+01,2.136408e+01,2.122546e+01,2.112137e+01,2.117690e+01,2.122546e+01,2.123933e+01,2.116302e+01,2.123933e+01,2.114914e+01,2.120465e+01,2.114914e+01,2.114220e+01,2.117690e+01,2.114220e+01,2.114220e+01,2.119078e+01,2.110748e+01,2.113526e+01,2.114914e+01,2.118384e+01,2.121159e+01,2.115608e+01,2.119078e+01,2.121852e+01,2.119771e+01,2.122546e+01,2.120465e+01,2.115608e+01,2.115608e+01,2.113526e+01,2.118384e+01,2.121159e+01,2.123933e+01,2.114914e+01,2.127400e+01,2.124627e+01,2.105192e+01,2.122546e+01,2.125320e+01,2.117690e+01,2.120465e+01,2.116302e+01,2.121159e+01,2.130865e+01,2.133637e+01,2.133637e+01,2.128786e+01,2.115608e+01,2.116996e+01,2.121852e+01,2.116996e+01,2.135715e+01,2.123240e+01,2.126707e+01,2.123933e+01,2.123240e+01,2.122546e+01,2.123240e+01,2.123933e+01,2.123933e+01,2.131559e+01,2.124627e+01,2.133637e+01,2.136408e+01,2.136408e+01,2.137101e+01,2.140563e+01,2.138486e+01,2.138486e+01,2.137101e+01,2.133637e+01,2.134330e+01,2.130865e+01,2.137101e+01,2.137793e+01,2.136408e+01,2.137793e+01,2.141255e+01,2.140563e+01,2.125320e+01,2.130173e+01,2.132252e+01,2.130173e+01,2.123933e+01,2.124627e+01,2.128786e+01,2.136408e+01,2.149559e+01,2.128786e+01,2.128786e+01,2.123240e+01,2.130865e+01,2.126707e+01,2.121159e+01,2.126707e+01,2.129479e+01,2.130173e+01,2.116996e+01,2.132252e+01,2.130865e+01,2.114914e+01,2.133637e+01,2.115608e+01,2.126707e+01,2.133637e+01,2.126707e+01,2.120465e+01,2.135023e+01,2.121159e+01,2.124627e+01,2.122546e+01,2.125320e+01,2.131559e+01,2.131559e+01,2.127400e+01,2.113526e+01,2.131559e+01,2.103107e+01,2.093374e+01,2.094765e+01,2.097547e+01,2.089200e+01,2.082239e+01,2.070394e+01,2.069697e+01,2.085024e+01,2.069000e+01,2.065513e+01,2.069000e+01,2.073879e+01,2.091287e+01,2.072486e+01,2.054347e+01,2.081543e+01,2.073879e+01,2.057140e+01,2.067605e+01,2.073182e+01,2.071091e+01,2.074576e+01,2.062025e+01,2.074576e+01,2.083632e+01,2.113526e+01,2.115608e+01,2.110748e+01,2.112137e+01,2.094070e+01,2.108665e+01,2.110748e+01,2.114914e+01,2.091287e+01,2.101718e+01,2.086416e+01,2.098937e+01,2.086416e+01,2.087808e+01,2.075273e+01,2.088504e+01,2.091983e+01,2.087808e+01,2.098937e+01,2.088504e+01,2.092679e+01,2.098937e+01,2.090592e+01,2.092679e+01,2.107971e+01,2.094765e+01,2.093374e+01,2.096156e+01,2.093374e+01,2.101023e+01,2.096156e+01,2.094765e+01,2.095461e+01,2.068303e+01,2.079453e+01,2.081543e+01,2.067605e+01,2.063420e+01,2.062723e+01,2.063420e+01,2.057838e+01,2.059932e+01,2.057838e+01,2.057838e+01,2.066211e+01,2.047362e+01,2.053649e+01,2.045964e+01,2.055743e+01,2.050157e+01,2.052252e+01,2.075970e+01,2.051554e+01,2.066908e+01,2.064816e+01,2.064118e+01,2.062723e+01,2.073879e+01,2.048759e+01,2.051554e+01,2.066211e+01,2.069697e+01,2.070394e+01,2.063420e+01,2.082239e+01,2.072486e+01,2.082239e+01,2.071091e+01,2.083632e+01,2.085720e+01,2.079453e+01,2.096156e+01,2.063420e+01,2.075970e+01,2.073182e+01,2.077363e+01,2.075970e+01,2.069000e+01,2.075970e+01,2.065513e+01,2.066908e+01,2.088504e+01,2.064118e+01,2.056442e+01,2.058536e+01,2.058536e+01,2.055045e+01,2.057140e+01,2.058536e+01,2.069697e+01,2.070394e+01,2.053649e+01,2.069000e+01,2.062025e+01,2.055045e+01,2.056442e+01,2.061327e+01,2.063420e+01
2.115608e+01,2.122546e+01,2.113526e+01,2.121159e+01,2.124627e+01,2.098242e+01,2.117690e+01,2.113526e+01,2.119771e+01,2.118384e+01,2.116302e+01,2.119078e+01,2.118384e+01,2.126013e+01,2.123240e+01,2.107276e+01,2.121159e+01,2.101023e+01,2.113526e+01,2.106581e+01,2.103107e+01,2.108665e+01,2.114220e+01,2.110748e+01,2.116302e+01,2.134330e+01,2.113526e+01,2.134330e+01,2.115608e+01,2.120465e+01,2.119078e+01,2.100327e+01,2.101718e+01,2.116996e+01,2.108665e+01,2.121159e+01,2.099632e+01,2.120465e+01,2.103107e+01,2.112831e+01,2.105887e+01,2.114914e+01,2.123240e+01,2.107971e+01,2.112137e+01,2.115608e+01,2.114220e+01,2.133637e+01,2.100327e+01,2.107276e+01,2.117690e+01,2.113526e+01,2.116996e+01,2.115608e+01,2.119771e+01,2.109360e+01,2.118384e+01,2.119078e+01,2.108665e+01,2.119078e+01,2.142640e+01,2.140563e+01,2.141948e+01,2.132944e+01,2.167528e+01,2.144716e+01,2.128786e+01,2.135023e+01,2.130865e+01,2.114914e+01,2.121852e+01,2.122546e+01,2.123933e+01,2.122546e+01,2.121852e+01,2.126707e+01,2.144716e+01,2.145408e+01,2.150943e+01,2.146100e+01,2.135715e+01,2.147484e+01,2.148868e+01,2.126013e+01,2.130865e+01,2.126013e+01,2.121159e+01,2.130865e+01,2.131559e+01,2.119771e+01,2.119771e+01,2.121159e+01,2.104497e+01,2.110748e+01,2.126013e+01,2.116996e+01,2.121852e+01,2.105192e+01,2.125320e+01,2.107276e+01,2.107276e+01,2.115608e+01,2.119771e+01,2.111443e+01,2.108665e+01,2.107971e+01,2.103802e+01,2.101718e+01,2.106581e+01,2.121852e+01,2.109360e+01,2.121852e+01,2.098937e+01,2.116302e+01,2.116302e+01,2.110748e+01,2.108665e+01,2.110748e+01,2.107971e+01,2.114220e+01,2.108665e+01,2.111443e+01,2.100327e+01,2.101718e+01,2.101023e+01,2.112831e+01,2.111443e+01,2.110054e+01,2.125320e+01,2.123933e+01,2.122546e+01,2.122546e+01,2.108665e+01,2.112831e+01,2.116302e+01,2.112137e+01,2.116996e+01,2.119771e+01,2.126013e+01,2.123240e+01,2.121852e+01,2.125320e+01,2.110054e+01,2.108665e+01,2.114220e+01,2.112831e+01,2.114220e+01,2.107276e+01,2.119771e+01,2.121852e+01,2.128093e+01,2.116302e+01,2.116996e+01,2.122546e+01,2.112831e+01,2.112831e+01,2.119771e+01,2.123933e+01,2.116302e+01,2.124627e+01,2.109360e+01,2.125320e+01,2.109360e+01,2.113526e+01,2.122546e+01,2.114914e+01,2.118384e+01,2.126013e+01,2.118384e+01,2.118384e+01,2.114914e+01,2.119771e+01,2.107971e+01,2.102413e+01,2.112137e+01,2.112137e+01,2.116302e+01,2.117690e+01,2.130173e+01,2.108665e+01,2.117690e+01,2.102413e+01,2.119771e+01,2.110748e+01,2.110748e+01,2.113526e+01,2.114914e+01,2.107971e+01,2.109360e+01,2.108665e+01,2.110054e+01,2.118384e+01,2.105192e+01,2.115608e+01,2.109360e+01,2.119771e+01,2.119078e+01,2.105887e+01,2.120465e+01,2.120465e+01,2.121159e+01,2.107971e+01,2.114220e+01,2.121159e+01,2.099632e+01,2.110748e+01,2.108665e+01,2.108665e+01,2.107276e+01,2.108665e+01,2.110748e+01,2.121852e+01,2.109360e+01,2.119078e+01,2.111443e+01,2.120465e+01,2.107276e+01,2.116996e+01,2.112137e+01,2.114914e+01,2.103802e+01,2.110748e+01,2.114914e+01,2.118384e+01,2.106581e+01,2.103107e+01,2.112137e+01,2.114220e+01,2.111443e+01,2.107276e+01,2.123933e+01,2.105887e+01,2.110054e+01,2.126013e+01,2.108665e+01,2.116996e+01,2.121159e+01,2.123240e+01,2.107971e+01,2.120465e+01,2.116996e+01,2.105192e+01,2.120465e+01,2.118384e+01,2.116996e+01,2.120465e+01,2.118384e+01,2.114914e+01,2.107276e+01,2.098937e+01,2.104497e+01,2.098937e+01,2.117690e+01,2.108665e+01,2.104497e+01,2.101023e+01,2.107971e+01,2.110054e+01,2.116302e+01,2.112831e+01,2.110054e+01,2.114220e+01,2.109360e+01,2.110054e+01,2.105887e+01,2.114914e+01,2.114220e+01,2.116302e+01,2.114914e+01,2.103107e+01,2.114220e+01,2.105887e+01,2.112831e+01,2.112831e+01,2.105887e+01,2.110054e+01,2.111443e+01,2.098937e+01,2.112831e+01,2.102413e+01,2.107971e+01,2.095461e+01,2.099632e+01,2.098937e+01,2.109360e+01,2.103802e+01,2.103802e+01,2.108665e+01,2.104497e+01,2.092679e+01,2.098937e+01,2.109360e+01,2.123933e+01,2.105192e+01,2.099632e+01,2.107276e+01,2.115608e+01,2.104497e+01,2.103802e+01,2.120465e+01,2.110054e+01,2.112137e+01,2.115608e+01,2.130173e+01,2.104497e+01,2.102413e+01,2.105887e+01,2.096156e+01,2.109360e+01,2.110054e+01,2.101023e+01,2.109360e+01,2.098242e+01,2.106581e+01,2.100327e+01,2.119078e+01,2.100327e+01,2.104497e+01,2.119771e+01,2.119771e+01,2.112137e+01,2.111443e+01,2.123240e+01,2.112831e+01,2.118384e+01,2.110748e+01,2.116302e+01,2.124627e+01,2.112831e+01,2.112137e+01,2.113526e+01,2.103107e+01,2.119078e+01,2.105192e+01,2.107276e+01,2.107276e+01,2.110054e+01,2.105192e+01,2.112831e+01,2.116302e+01,2.098937e+01,2.120465e+01,2.110748e+01,2.107971e+01,2.112831e+01,2.115608e+01,2.112137e+01,2.116996e+01,2.112137e+01,2.108665e+01,2.114220e+01,2.107971e+01,2.109360e+01,2.103107e+01,2.105887e+01,2.112831e+01,2.108665e+01,2.106581e+01,2.123933e+01,2.111443e+01,2.103802e+01,2.099632e+01,2.101718e+01,2.110748e+01,2.121159e+01,2.121159e+01,2.100327e+01,2.096156e+01,2.094765e+01,2.096156e+01,2.098937e+01,2.111443e+01,2.094765e+01,2.091287e+01,2.096156e+01,2.101023e+01,2.107971e+01,2.102413e+01,2.112137e+01,2.095461e+01,2.107971e+01,2.098242e+01,2.107276e+01,2.107971e+01,2.104497e+01,2.120465e+01,2.115608e+01,2.116302e+01,2.110748e+01,2.111443e+01,2.122546e+01,2.125320e+01,2.114914e+01,2.116302e+01,2.125320e+01,2.091983e+01,2.132944e+01,2.119771e+01,2.117690e+01,2.119771e+01,2.136408e+01,2.128093e+01,2.129479e+01,2.125320e+01,2.114220e+01,2.117690e+01,2.108665e+01,2.110054e+01,2.106581e+01,2.112831e+01,2.096156e+01,2.111443e+01,2.119078e+01,2.114220e+01,2.114220e+01,2.114220e+01,2.113526e+01,2.111443e+01,2.116996e+01,2.110748e+01,2.121852e+01,2.121159e+01,2.117690e+01,2.116302e+01,2.124627e+01,2.134330e+01,2.119078e+01,2.118384e+01,2.117690e+01,2.121159e+01,2.123240e+01,2.126013e+01,2.129479e+01,2.126013e+01,2.126013e+01,2.145408e+01,2.133637e+01,2.125320e+01,2.120465e+01,2.127400e+01,2.115608e+01,2.109360e+01,2.115608e+01,2.119771e+01,2.119078e+01,2.119078e+01,2.125320e+01,2.132944e+01,2.124627e+01,2.123240e+01,2.128786e+01,2.127400e+01,2.132252e+01,2.128786e+01,2.121852e+01,2.121159e+01,2.126707e+01,2.125320e+01,2.132252e+01,2.128786e+01,2.130865e+01,2.146792e+01,2.130173e+01,2.139871e+01,2.138486e+01,2.141255e+01,2.140563e+01,2.132252e+01,2.146100e+01,2.139178e+01,2.141255e+01,2.132944e+01,2.129479e+01,2.134330e+01,2.137101e+01,2.143332e+01,2.142640e+01,2.140563e+01,2.133637e+01,2.144716e+01,2.132252e+01,2.140563e+01,2.133637e+01,2.139871e+01,2.137101e+01,2.144716e+01,2.135023e+01,2.146792e+01,2.137793e+01,2.124627e+01,2.121159e+01,2.135715e+01,2.129479e+01,2.133637e+01,2.127400e+01,2.121159e+01,2.129479e+01,2.130865e+01,2.132944e+01,2.119078e+01,2.116302e+01,2.126707e+01,2.129479e+01,2.123240e+01,2.132944e+01,2.137101e+01,2.119771e+01,2.130173e+01,2.126013e+01,2.139178e+01,2.126013e+01,2.132944e+01,2.129479e+01,2.130173e+01,2.122546e+01,2.116302e+01,2.109360e+01,2.100327e+01,2.080846e+01,2.082239e+01,2.087808e+01,2.072486e+01,2.052950e+01,2.065513e+01,2.071091e+01,2.066211e+01,2.054347e+01,2.064118e+01,2.059932e+01,2.059234e+01,2.056442e+01,2.053649e+01,2.062025e+01,2.054347e+01,2.055743e+01,2.059932e+01,2.067605e+01,2.055045e+01,2.071091e+01,2.054347e+01,2.081543e+01,2.089896e+01,2.075970e+01,2.082239e+01,2.090592e+01,2.105192e+01,2.107276e+01,2.107971e+01,2.088504e+01,2.088504e+01,2.089200e+01,2.094765e+01,2.082239e+01,2.080846e+01,2.090592e+01,2.075970e+01,2.061327e+01,2.072486e+01,2.068303e+01,2.074576e+01,2.096156e+01,2.080846e+01,2.097547e+01,2.095461e+01,2.085024e+01,2.096852e+01,2.096852e+01,2.101023e+01,2.094765e+01,2.098242e+01,2.103107e+01,2.106581e+01,2.105192e+01,2.101718e+01,2.094765e+01,2.086416e+01,2.069000e+01,2.064816e+01,2.048759e+01,2.071789e+01,2.078757e+01,2.065513e+01,2.062025e+01,2.067605e+01,2.062025e+01,2.065513e+01,2.058536e+01,2.049458e+01,2.059234e+01,2.058536e+01,2.055743e+01,2.072486e+01,2.047362e+01,2.050157e+01,2.046663e+01,2.064118e+01,2.070394e+01,2.059932e+01,2.065513e+01,2.077363e+01,2.046663e+01,2.051554e+01,2.042470e+01,2.050157e+01,2.057140e+01,2.063420e+01,2.068303e+01,2.078060e+01,2.071789e+01,2.064816e+01,2.070394e+01,2.062025e+01,2.062723e+01,2.064118e+01,2.061327e+01,2.075970e+01,2.070394e+01,2.072486e+01,2.067605e+01,2.066908e+01,2.070394e+01,2.066211e+01,2.057140e+01,2.069000e+01,2.062025e+01,2.055743e+01,2.076667e+01,2.056442e+01,2.055743e+01,2.059234e+01,2.057140e+01,2.068303e+01,2.043868e+01,2.074576e+01,2.045964e+01,2.045964e+01,2.050157e+01,2.062025e+01,2.057838e+01,2.061327e+01
2.111443e+01,2.112137e+01,2.121852e+01,2.111443e+01,2.112831e+01,2.123933e+01,2.112831e+01,2.100327e+01,2.114914e+01,2.116302e+01,2.116302e+01,2.120465e+01,2.106581e+01,2.121159e+01,2.108665e+01,2.117690e+01,2.118384e+01,2.116996e+01,2.118384e+01,2.122546e+01,2.100327e+01,2.112831e+01,2.103107e+01,2.117690e+01,2.112137e+01,2.113526e+01,2.103107e+01,2.116302e+01,2.096156e+01,2.115608e+01,2.135023e+01,2.112137e+01,2.115608e+01,2.132252e+01,2.114914e+01,2.114220e+01,2.105192e+01,2.103802e+01,2.107971e+01,2.107276e+01,2.094070e+01,2.106581e+01,2.116996e+01,2.108665e+01,2.103107e+01,2.110054e+01,2.110054e+01,2.102413e+01,2.102413e+01,2.107971e+01,2.101023e+01,2.104497e+01,2.105887e+01,2.094070e+01,2.110054e+01,2.107276e+01,2.118384e+01,2.107971e+01,2.105192e+01,2.103802e+01,2.121159e+01,2.119771e+01,2.129479e+01,2.130865e+01,2.137793e+01,2.138486e+01,2.141948e+01,2.126013e+01,2.122546e+01,2.120465e+01,2.125320e+01,2.101718e+01,2.116302e+01,2.111443e+01,2.123933e+01,2.123933e+01,2.128093e+01,2.140563e+01,2.128093e+01,2.141255e+01,2.139871e+01,2.132252e+01,2.146792e+01,2.135715e+01,2.135023e+01,2.123240e+01,2.112831e+01,2.121159e+01,2.119771e+01,2.119771e+01,2.116302e+01,2.107276e+01,2.108665e+01,2.119078e+01,2.109360e+01,2.119771e+01,2.114220e+01,2.101718e+01,2.105887e+01,2.095461e+01,2.111443e+01,2.108665e+01,2.105192e+01,2.105887e+01,2.106581e+01,2.085024e+01,2.095461e+01,2.096156e+01,2.106581e+01,2.112831e+01,2.101718e+01,2.106581e+01,2.120465e+01,2.105192e+01,2.100327e+01,2.112137e+01,2.119078e+01,2.105192e+01,2.106581e+01,2.107971e+01,2.111443e+01,2.124627e+01,2.103802e+01,2.105192e+01,2.112137e+01,2.112137e+01,2.100327e+01,2.116302e+01,2.119078e+01,2.111443e+01,2.114914e+01,2.126013e+01,2.115608e+01,2.112831e+01,2.125320e+01,2.107971e+01,2.107971e+01,2.115608e+01,2.120465e+01,2.116996e+01,2.115608e+01,2.113526e+01,2.110054e+01,2.108665e+01,2.112137e+01,2.108665e+01,2.107971e+01,2.122546e+01,2.110748e+01,2.114220e+01,2.116996e+01,2.110748e+01,2.111443e+01,2.119771e+01,2.118384e+01,2.106581e+01,2.105887e+01,2.106581e+01,2.118384e+01,2.101718e+01,2.110054e+01,2.113526e+01,2.123933e+01,2.119771e+01,2.106581e+01,2.129479e+01,2.117690e+01,2.116996e+01,2.114914e+01,2.117690e+01,2.123240e+01,2.105887e+01,2.104497e+01,2.107971e+01,2.098937e+01,2.110748e+01,2.118384e+01,2.115608e+01,2.115608e+01,2.118384e+01,2.113526e+01,2.116302e+01,2.113526e+01,2.102413e+01,2.116996e+01,2.116302e+01,2.111443e+01,2.115608e+01,2.114220e+01,2.118384e+01,2.118384e+01,2.116996e+01,2.119078e+01,2.113526e+01,2.107276e+01,2.106581e+01,2.116302e+01,2.105192e+01,2.105887e+01,2.106581e+01,2.111443e+01,2.098242e+01,2.112831e+01,2.095461e+01,2.100327e+01,2.106581e+01,2.096852e+01,2.107276e+01,2.107276e+01,2.096852e+01,2.112831e+01,2.109360e+01,2.116302e+01,2.113526e+01,2.118384e+01,2.117690e+01,2.107276e+01,2.105192e+01,2.106581e+01,2.103802e+01,2.124627e+01,2.114914e+01,2.107276e+01,2.101023e+01,2.113526e+01,2.119078e+01,2.116996e+01,2.103802e+01,2.112137e+01,2.101718e+01,2.102413e+01,2.105192e+01,2.101023e+01,2.105192e+01,2.126013e+01,2.125320e+01,2.107276e+01,2.121852e+01,2.109360e+01,2.118384e+01,2.112137e+01,2.103107e+01,2.117690e+01,2.122546e+01,2.101718e+01,2.105192e+01,2.100327e+01,2.110748e+01,2.098937e+01,2.110748e+01,2.098937e+01,2.116996e+01,2.103802e+01,2.110748e+01,2.098937e+01,2.102413e+01,2.113526e+01,2.116302e+01,2.112137e+01,2.118384e+01,2.120465e+01,2.117690e+01,2.115608e+01,2.112137e+01,2.111443e+01,2.121852e+01,2.107971e+01,2.101023e+01,2.112831e+01,2.105192e+01,2.105192e+01,2.103802e+01,2.111443e+01,2.099632e+01,2.110748e+01,2.110054e+01,2.113526e+01,2.105887e+01,2.108665e+01,2.096156e+01,2.112831e+01,2.086416e+01,2.107971e+01,2.106581e+01,2.095461e+01,2.105192e+01,2.111443e+01,2.096852e+01,2.101718e+01,2.112137e+01,2.092679e+01,2.094070e+01,2.096852e+01,2.106581e+01,2.095461e+01,2.109360e+01,2.098937e+01,2.095461e+01,2.103802e+01,2.100327e+01,2.107971e+01,2.110748e+01,2.117690e+01,2.101023e+01,2.095461e+01,2.099632e+01,2.109360e+01,2.100327e+01,2.097547e+01,2.096156e+01,2.101718e+01,2.096852e+01,2.092679e+01,2.107276e+01,2.102413e+01,2.101023e+01,2.096852e+01,2.103802e+01,2.097547e+01,2.101023e+01,2.092679e+01,2.098242e+01,2.100327e+01,2.119771e+01,2.117690e+01,2.109360e+01,2.108665e+01,2.113526e+01,2.114220e+01,2.120465e+01,2.122546e+01,2.107276e+01,2.119078e+01,2.107971e+01,2.107276e+01,2.087112e+01,2.103802e+01,2.116302e+01,2.108665e+01,2.114220e+01,2.124627e+01,2.126013e+01,2.123933e+01,2.123240e+01,2.102413e+01,2.116996e+01,2.113526e+01,2.109360e+01,2.113526e+01,2.114220e+01,2.112137e+01,2.120465e+01,2.105192e+01,2.102413e+01,2.098937e+01,2.111443e+01,2.107276e+01,2.105887e+01,2.119771e+01,2.103107e+01,2.100327e+01,2.114914e+01,2.120465e+01,2.095461e+01,2.098242e+01,2.102413e+01,2.101023e+01,2.100327e+01,2.096156e+01,2.101718e+01,2.101023e+01,2.094765e+01,2.094070e+01,2.101023e+01,2.096852e+01,2.091983e+01,2.101718e+01,2.111443e+01,2.100327e+01,2.083632e+01,2.103802e+01,2.090592e+01,2.110748e+01,2.106581e+01,2.107276e+01,2.112137e+01,2.108665e+01,2.115608e+01,2.114914e+01,2.110748e+01,2.108665e+01,2.110054e+01,2.113526e+01,2.119078e+01,2.111443e+01,2.127400e+01,2.123240e+01,2.116302e+01,2.117690e+01,2.116302e+01,2.116302e+01,2.121852e+01,2.110748e+01,2.111443e+01,2.112831e+01,2.119078e+01,2.103802e+01,2.104497e+01,2.106581e+01,2.092679e+01,2.090592e+01,2.090592e+01,2.105887e+01,2.091983e+01,2.111443e+01,2.110748e+01,2.108665e+01,2.116302e+01,2.119078e+01,2.116302e+01,2.110054e+01,2.116996e+01,2.087112e+01,2.087808e+01,2.132944e+01,2.120465e+01,2.116302e+01,2.117690e+01,2.127400e+01,2.123240e+01,2.123933e+01,2.133637e+01,2.143332e+01,2.126013e+01,2.128093e+01,2.102413e+01,2.126013e+01,2.123933e+01,2.131559e+01,2.126013e+01,2.119771e+01,2.126013e+01,2.121159e+01,2.136408e+01,2.135023e+01,2.131559e+01,2.116302e+01,2.131559e+01,2.126707e+01,2.127400e+01,2.119078e+01,2.121852e+01,2.127400e+01,2.120465e+01,2.123933e+01,2.121852e+01,2.126013e+01,2.128786e+01,2.123240e+01,2.134330e+01,2.133637e+01,2.123933e+01,2.132944e+01,2.146100e+01,2.133637e+01,2.136408e+01,2.136408e+01,2.135023e+01,2.132944e+01,2.135715e+01,2.113526e+01,2.130173e+01,2.137793e+01,2.124627e+01,2.128786e+01,2.135023e+01,2.135715e+01,2.135023e+01,2.118384e+01,2.135715e+01,2.129479e+01,2.131559e+01,2.129479e+01,2.130173e+01,2.131559e+01,2.130865e+01,2.143332e+01,2.132252e+01,2.133637e+01,2.116996e+01,2.121852e+01,2.132252e+01,2.126707e+01,2.105887e+01,2.112137e+01,2.127400e+01,2.136408e+01,2.123240e+01,2.133637e+01,2.130173e+01,2.132252e+01,2.126013e+01,2.121159e+01,2.128093e+01,2.134330e+01,2.131559e+01,2.127400e+01,2.136408e+01,2.137101e+01,2.135023e+01,2.132252e+01,2.134330e+01,2.125320e+01,2.130173e+01,2.117690e+01,2.128786e+01,2.111443e+01,2.112137e+01,2.090592e+01,2.087112e+01,2.065513e+01,2.060629e+01,2.069697e+01,2.054347e+01,2.062025e+01,2.064816e+01,2.053649e+01,2.064816e+01,2.054347e+01,2.057838e+01,2.052950e+01,2.078060e+01,2.053649e+01,2.057838e+01,2.060629e+01,2.060629e+01,2.057838e+01,2.055743e+01,2.053649e+01,2.060629e+01,2.094070e+01,2.089200e+01,2.065513e+01,2.085720e+01,2.087808e+01,2.080846e+01,2.097547e+01,2.090592e+01,2.087808e+01,2.078757e+01,2.070394e+01,2.083632e+01,2.078060e+01,2.068303e+01,2.073182e+01,2.063420e+01,2.055743e+01,2.058536e+01,2.065513e+01,2.064118e+01,2.058536e+01,2.057140e+01,2.066211e+01,2.087112e+01,2.089200e+01,2.103107e+01,2.103107e+01,2.094765e+01,2.104497e+01,2.091983e+01,2.104497e+01,2.107971e+01,2.107276e+01,2.087808e+01,2.100327e+01,2.078757e+01,2.082935e+01,2.072486e+01,2.073879e+01,2.068303e+01,2.069697e+01,2.069000e+01,2.062025e+01,2.064118e+01,2.055045e+01,2.053649e+01,2.056442e+01,2.054347e+01,2.047362e+01,2.066211e+01,2.051554e+01,2.069697e+01,2.043169e+01,2.052950e+01,2.067605e+01,2.059932e+01,2.076667e+01,2.062723e+01,2.060629e+01,2.053649e+01,2.057838e+01,2.055045e+01,2.052950e+01,2.059234e+01,2.078757e+01,2.084328e+01,2.070394e+01,2.080846e+01,2.073879e+01,2.067605e+01,2.064118e+01,2.082239e+01,2.064118e+01,2.057838e+01,2.059234e+01,2.072486e+01,2.057140e+01,2.069000e+01,2.058536e+01,2.051554e+01,2.059234e+01,2.067605e+01,2.050157e+01,2.062723e+01,2.065513e+01,2.068303e+01,2.055045e+01,2.055045e+01,2.059234e+01,2.066908e+01,2.050855e+01,2.043169e+01,2.058536e+01,2.059932e+01,2.052950e+01,2.061327e+01,2.049458e+01,2.062025e+01,2.057838e+01,2.057140e+01
2.123933e+01,2.129479e+01,2.110748e+01,2.120465e+01,2.096852e+01,2.119078e+01,2.098937e+01,2.138486e+01,2.118384e+01,2.116302e+01,2.116302e+01,2.121159e+01,2.122546e+01,2.118384e+01,2.118384e+01,2.116302e+01,2.115608e+01,2.119771e+01,2.120465e+01,2.116302e+01,2.098937e+01,2.112137e+01,2.117690e+01,2.126013e+01,2.124627e+01,2.108665e+01,2.108665e+01,2.138486e+01,2.137101e+01,2.114220e+01,2.110748e+01,2.123240e+01,2.126013e+01,2.115608e+01,2.118384e+01,2.107971e+01,2.109360e+01,2.110054e+01,2.112137e+01,2.105192e+01,2.123240e+01,2.126013e+01,2.107276e+01,2.124627e+01,2.105887e+01,2.111443e+01,2.107971e+01,2.117690e+01,2.122546e+01,2.130865e+01,2.106581e+01,2.130865e+01,2.106581e+01,2.112831e+01,2.111443e+01,2.094070e+01,2.110054e+01,2.116996e+01,2.111443e+01,2.114220e+01,2.121852e+01,2.120465e+01,2.128093e+01,2.142640e+01,2.147484e+01,2.135023e+01,2.124627e+01,2.124627e+01,2.125320e+01,2.125320e+01,2.127400e+01,2.132944e+01,2.116302e+01,2.113526e+01,2.120465e+01,2.120465e+01,2.144024e+01,2.146100e+01,2.144024e+01,2.141255e+01,2.139871e+01,2.139871e+01,2.146100e+01,2.146100e+01,2.136408e+01,2.141948e+01,2.137793e+01,2.132252e+01,2.120465e+01,2.116302e+01,2.124627e+01,2.117690e+01,2.126013e+01,2.121159e+01,2.125320e+01,2.103802e+01,2.116302e+01,2.103802e+01,2.109360e+01,2.107971e+01,2.110748e+01,2.107276e+01,2.090592e+01,2.110748e+01,2.109360e+01,2.109360e+01,2.107971e+01,2.104497e+01,2.112137e+01,2.112831e+01,2.119078e+01,2.123240e+01,2.113526e+01,2.116996e+01,2.103107e+01,2.112831e+01,2.099632e+01,2.116302e+01,2.110054e+01,2.119771e+01,2.112137e+01,2.101023e+01,2.110748e+01,2.111443e+01,2.114914e+01,2.112137e+01,2.115608e+01,2.080846e+01,2.132944e+01,2.119771e+01,2.117690e+01,2.115608e+01,2.112137e+01,2.111443e+01,2.121159e+01,2.114220e+01,2.114914e+01,2.118384e+01,2.125320e+01,2.114220e+01,2.116996e+01,2.112831e+01,2.118384e+01,2.110748e+01,2.111443e+01,2.121159e+01,2.121159e+01,2.121852e+01,2.122546e+01,2.109360e+01,2.120465e+01,2.116996e+01,2.105192e+01,2.118384e+01,2.122546e+01,2.114914e+01,2.121159e+01,2.118384e+01,2.117690e+01,2.124627e+01,2.120465e+01,2.107276e+01,2.119771e+01,2.114220e+01,2.116996e+01,2.128786e+01,2.124627e+01,2.121159e+01,2.127400e+01,2.118384e+01,2.119771e+01,2.112137e+01,2.105192e+01,2.143332e+01,2.116996e+01,2.122546e+01,2.113526e+01,2.123933e+01,2.118384e+01,2.125320e+01,2.115608e+01,2.108665e+01,2.121159e+01,2.114914e+01,2.118384e+01,2.103802e+01,2.109360e+01,2.119771e+01,2.121852e+01,2.113526e+01,2.116996e+01,2.121852e+01,2.107276e+01,2.109360e+01,2.118384e+01,2.107971e+01,2.103802e+01,2.115608e+01,2.103802e+01,2.105887e+01,2.122546e+01,2.106581e+01,2.106581e+01,2.112137e+01,2.114914e+01,2.107971e+01,2.112137e+01,2.116996e+01,2.108665e+01,2.110748e+01,2.110054e+01,2.127400e+01,2.119078e+01,2.117690e+01,2.108665e+01,2.118384e+01,2.116302e+01,2.116302e+01,2.102413e+01,2.102413e+01,2.107971e+01,2.108665e+01,2.110054e+01,2.114220e+01,2.097547e+01,2.111443e+01,2.113526e+01,2.099632e+01,2.120465e+01,2.098937e+01,2.079453e+01,2.110054e+01,2.105887e+01,2.107276e+01,2.124627e+01,2.123933e+01,2.110748e+01,2.103107e+01,2.119771e+01,2.110748e+01,2.105887e+01,2.111443e+01,2.121159e+01,2.101718e+01,2.091983e+01,2.115608e+01,2.106581e+01,2.099632e+01,2.100327e+01,2.113526e+01,2.110054e+01,2.114914e+01,2.116302e+01,2.109360e+01,2.104497e+01,2.114914e+01,2.113526e+01,2.113526e+01,2.118384e+01,2.117690e+01,2.121852e+01,2.118384e+01,2.121852e+01,2.098937e+01,2.110748e+01,2.112831e+01,2.106581e+01,2.123933e+01,2.108665e+01,2.096156e+01,2.110748e+01,2.107276e+01,2.103802e+01,2.116302e+01,2.105192e+01,2.106581e+01,2.101023e+01,2.112137e+01,2.105887e+01,2.099632e+01,2.106581e+01,2.108665e+01,2.108665e+01,2.101023e+01,2.109360e+01,2.103107e+01,2.094070e+01,2.094070e+01,2.119078e+01,2.101023e+01,2.110748e+01,2.101023e+01,2.103802e+01,2.102413e+01,2.116996e+01,2.108665e+01,2.099632e+01,2.095461e+01,2.099632e+01,2.106581e+01,2.102413e+01,2.115608e+01,2.116996e+01,2.094765e+01,2.114220e+01,2.107971e+01,2.094070e+01,2.107971e+01,2.105192e+01,2.101023e+01,2.109360e+01,2.094070e+01,2.094765e+01,2.093374e+01,2.099632e+01,2.087808e+01,2.098937e+01,2.098937e+01,2.094765e+01,2.099632e+01,2.112831e+01,2.105192e+01,2.117690e+01,2.108665e+01,2.118384e+01,2.117690e+01,2.117690e+01,2.112831e+01,2.112137e+01,2.112137e+01,2.121852e+01,2.117690e+01,2.115608e+01,2.109360e+01,2.114914e+01,2.103802e+01,2.101718e+01,2.105192e+01,2.116996e+01,2.108665e+01,2.101023e+01,2.106581e+01,2.114220e+01,2.123933e+01,2.110748e+01,2.124627e+01,2.109360e+01,2.107971e+01,2.112137e+01,2.109360e+01,2.113526e+01,2.108665e+01,2.109360e+01,2.124627e+01,2.117690e+01,2.112137e+01,2.114220e+01,2.107276e+01,2.107276e+01,2.102413e+01,2.111443e+01,2.103802e+01,2.113526e+01,2.114220e+01,2.105887e+01,2.102413e+01,2.104497e+01,2.101718e+01,2.096852e+01,2.096156e+01,2.091287e+01,2.088504e+01,2.103107e+01,2.097547e+01,2.088504e+01,2.094765e+01,2.083632e+01,2.084328e+01,2.087808e+01,2.089200e+01,2.098937e+01,2.101718e+01,2.091983e+01,2.098937e+01,2.107276e+01,2.107276e+01,2.116302e+01,2.110748e+01,2.112831e+01,2.116302e+01,2.111443e+01,2.119771e+01,2.119078e+01,2.105887e+01,2.131559e+01,2.098242e+01,2.114220e+01,2.119078e+01,2.113526e+01,2.115608e+01,2.108665e+01,2.105887e+01,2.110748e+01,2.111443e+01,2.120465e+01,2.108665e+01,2.105887e+01,2.108665e+01,2.103802e+01,2.090592e+01,2.100327e+01,2.098242e+01,2.110748e+01,2.123240e+01,2.108665e+01,2.118384e+01,2.112137e+01,2.113526e+01,2.109360e+01,2.112137e+01,2.125320e+01,2.123240e+01,2.121852e+01,2.130173e+01,2.132252e+01,2.135715e+01,2.150251e+01,2.131559e+01,2.137101e+01,2.134330e+01,2.135023e+01,2.122546e+01,2.135023e+01,2.141255e+01,2.136408e+01,2.141948e+01,2.144024e+01,2.130865e+01,2.141948e+01,2.136408e+01,2.141255e+01,2.137793e+01,2.137101e+01,2.137793e+01,2.135715e+01,2.140563e+01,2.137793e+01,2.115608e+01,2.132252e+01,2.135715e+01,2.128786e+01,2.131559e+01,2.131559e+01,2.134330e+01,2.122546e+01,2.138486e+01,2.137793e+01,2.135715e+01,2.136408e+01,2.135715e+01,2.140563e+01,2.137793e+01,2.139871e+01,2.145408e+01,2.135715e+01,2.139178e+01,2.137101e+01,2.139871e+01,2.153017e+01,2.135023e+01,2.135023e+01,2.131559e+01,2.139178e+01,2.140563e+01,2.141948e+01,2.140563e+01,2.136408e+01,2.133637e+01,2.132944e+01,2.132252e+01,2.126707e+01,2.133637e+01,2.139178e+01,2.116996e+01,2.139871e+01,2.128786e+01,2.144024e+01,2.127400e+01,2.129479e+01,2.125320e+01,2.119078e+01,2.119771e+01,2.131559e+01,2.132944e+01,2.126013e+01,2.128786e+01,2.127400e+01,2.137101e+01,2.124627e+01,2.119078e+01,2.122546e+01,2.121159e+01,2.128786e+01,2.134330e+01,2.135715e+01,2.128093e+01,2.129479e+01,2.135023e+01,2.135715e+01,2.137793e+01,2.126013e+01,2.132944e+01,2.125320e+01,2.121159e+01,2.144024e+01,2.135715e+01,2.123933e+01,2.096852e+01,2.090592e+01,2.081543e+01,2.073182e+01,2.058536e+01,2.055045e+01,2.052252e+01,2.075273e+01,2.070394e+01,2.056442e+01,2.069697e+01,2.073182e+01,2.069000e+01,2.062723e+01,2.053649e+01,2.055743e+01,2.064816e+01,2.055743e+01,2.054347e+01,2.059234e+01,2.053649e+01,2.057838e+01,2.058536e+01,2.066908e+01,2.091983e+01,2.082239e+01,2.068303e+01,2.085720e+01,2.066908e+01,2.094765e+01,2.084328e+01,2.074576e+01,2.085024e+01,2.074576e+01,2.063420e+01,2.066211e+01,2.087112e+01,2.051554e+01,2.059932e+01,2.059932e+01,2.073879e+01,2.057838e+01,2.069697e+01,2.066908e+01,2.071091e+01,2.073879e+01,2.079453e+01,2.065513e+01,2.087112e+01,2.094070e+01,2.101718e+01,2.115608e+01,2.098937e+01,2.107276e+01,2.105887e+01,2.096852e+01,2.111443e+01,2.107276e+01,2.101023e+01,2.098242e+01,2.101023e+01,2.103107e+01,2.070394e+01,2.077363e+01,2.068303e+01,2.073182e+01,2.069000e+01,2.065513e+01,2.050855e+01,2.067605e+01,2.050855e+01,2.058536e+01,2.067605e+01,2.057140e+01,2.066211e+01,2.052252e+01,2.052950e+01,2.068303e+01,2.052950e+01,2.062723e+01,2.062723e+01,2.059234e+01,2.064118e+01,2.057140e+01,2.055743e+01,2.073879e+01,2.060629e+01,2.071789e+01,2.070394e+01,2.081543e+01,2.067605e+01,2.077363e+01,2.078757e+01,2.071789e+01,2.071091e+01,2.079453e+01,2.088504e+01,2.071789e+01,2.056442e+01,2.056442e+01,2.059932e+01,2.053649e+01,2.047362e+01,2.066908e+01,2.056442e+01,2.059932e+01,2.065513e+01,2.063420e+01,2.054347e+01,2.057140e+01,2.039673e+01,2.052950e+01,2.057838e+01,2.071091e+01,2.068303e+01,2.067605e+01,2.059234e+01,2.060629e+01,2.044567e+01,2.050855e+01,2.058536e+01,2.059932e+01,2.052252e+01
2.139178e+01,2.116302e+01,2.119078e+01,2.121159e+01,2.121159e+01,2.107971e+01,2.111443e+01,2.118384e+01,2.116996e+01,2.114914e+01,2.116302e+01,2.116302e+01,2.120465e+01,2.108665e+01,2.115608e+01,2.110054e+01,2.114220e+01,2.112137e+01,2.112831e+01,2.107971e+01,2.117690e+01,2.114914e+01,2.100327e+01,2.112831e+01,2.121852e+01,2.112831e+01,2.110748e+01,2.138486e+01,2.115608e+01,2.119771e+01,2.107971e+01,2.105192e+01,2.127400e+01,2.118384e+01,2.114914e+01,2.111443e+01,2.102413e+01,2.109360e+01,2.110054e+01,2.105887e+01,2.109360e+01,2.123240e+01,2.099632e+01,2.123240e+01,2.109360e+01,2.121159e+01,2.120465e+01,2.116996e+01,2.104497e+01,2.100327e+01,2.105192e+01,2.110054e+01,2.108665e+01,2.109360e+01,2.096156e+01,2.132944e+01,2.115608e+01,2.130173e+01,2.111443e+01,2.103802e+01,2.116302e+01,2.114220e+01,2.119771e+01,2.139871e+01,2.122546e+01,2.143332e+01,2.163385e+01,2.123240e+01,2.119078e+01,2.121852e+01,2.108665e+01,2.113526e+01,2.123933e+01,2.129479e+01,2.126707e+01,2.129479e+01,2.132944e+01,2.128093e+01,2.136408e+01,2.141948e+01,2.124627e+01,2.144024e+01,2.146792e+01,2.140563e+01,2.142640e+01,2.132944e+01,2.139178e+01,2.124627e+01,2.121852e+01,2.111443e+01,2.112831e+01,2.107276e+01,2.108665e+01,2.112137e+01,2.124627e+01,2.107276e+01,2.107276e+01,2.111443e+01,2.103802e+01,2.109360e+01,2.102413e+01,2.104497e+01,2.105192e+01,2.106581e+01,2.116302e+01,2.103107e+01,2.089200e+01,2.094765e+01,2.114220e+01,2.110748e+01,2.097547e+01,2.100327e+01,2.122546e+01,2.121159e+01,2.114220e+01,2.103107e+01,2.104497e+01,2.103107e+01,2.108665e+01,2.103802e+01,2.106581e+01,2.111443e+01,2.111443e+01,2.110748e+01,2.107971e+01,2.112831e+01,2.108665e+01,2.126707e+01,2.121159e+01,2.112831e+01,2.108665e+01,2.118384e+01,2.126013e+01,2.116996e+01,2.113526e+01,2.116996e+01,2.107971e+01,2.115608e+01,2.119078e+01,2.116996e+01,2.113526e+01,2.122546e+01,2.112137e+01,2.113526e+01,2.123933e+01,2.119078e+01,2.121159e+01,2.123240e+01,2.117690e+01,2.121852e+01,2.119771e+01,2.118384e+01,2.118384e+01,2.119078e+01,2.111443e+01,2.113526e+01,2.114220e+01,2.113526e+01,2.113526e+01,2.115608e+01,2.107276e+01,2.115608e+01,2.109360e+01,2.119078e+01,2.111443e+01,2.128093e+01,2.108665e+01,2.107971e+01,2.119078e+01,2.113526e+01,2.119771e+01,2.113526e+01,2.097547e+01,2.114914e+01,2.109360e+01,2.119078e+01,2.116996e+01,2.123240e+01,2.116302e+01,2.117690e+01,2.101718e+01,2.114914e+01,2.122546e+01,2.118384e+01,2.122546e+01,2.119078e+01,2.116996e+01,2.117690e+01,2.121159e+01,2.117690e+01,2.119771e+01,2.123240e+01,2.100327e+01,2.105887e+01,2.094070e+01,2.105887e+01,2.107276e+01,2.099632e+01,2.108665e+01,2.101023e+01,2.105192e+01,2.087112e+01,2.106581e+01,2.110748e+01,2.096156e+01,2.107276e+01,2.112137e+01,2.107276e+01,2.107971e+01,2.107971e+01,2.111443e+01,2.111443e+01,2.107276e+01,2.116996e+01,2.104497e+01,2.100327e+01,2.106581e+01,2.114220e+01,2.103107e+01,2.105192e+01,2.103802e+01,2.101718e+01,2.098937e+01,2.097547e+01,2.113526e+01,2.098242e+01,2.105192e+01,2.096852e+01,2.108665e+01,2.112831e+01,2.103107e+01,2.114914e+01,2.109360e+01,2.107971e+01,2.099632e+01,2.103802e+01,2.108665e+01,2.091287e+01,2.123240e+01,2.093374e+01,2.105192e+01,2.103107e+01,2.098242e+01,2.094765e+01,2.094765e+01,2.098242e+01,2.091287e+01,2.110748e+01,2.101023e+01,2.106581e+01,2.105192e+01,2.115608e+01,2.098937e+01,2.112831e+01,2.095461e+01,2.109360e+01,2.106581e+01,2.106581e+01,2.117690e+01,2.107971e+01,2.122546e+01,2.109360e+01,2.112831e+01,2.109360e+01,2.109360e+01,2.102413e+01,2.098937e+01,2.114220e+01,2.105887e+01,2.107971e+01,2.110054e+01,2.109360e+01,2.105192e+01,2.086416e+01,2.104497e+01,2.104497e+01,2.121852e+01,2.107276e+01,2.102413e+01,2.098937e+01,2.100327e+01,2.105887e+01,2.096156e+01,2.098937e+01,2.094765e+01,2.091287e+01,2.096852e+01,2.097547e+01,2.106581e+01,2.103802e+01,2.099632e+01,2.112137e+01,2.116302e+01,2.107276e+01,2.101718e+01,2.094070e+01,2.087808e+01,2.091983e+01,2.096156e+01,2.096852e+01,2.096852e+01,2.098937e+01,2.100327e+01,2.094070e+01,2.103802e+01,2.102413e+01,2.101023e+01,2.084328e+01,2.101023e+01,2.094070e+01,2.106581e+01,2.093374e+01,2.103107e+01,2.101023e+01,2.060629e+01,2.099632e+01,2.097547e+01,2.098937e+01,2.119078e+01,2.097547e+01,2.100327e+01,2.101718e+01,2.103107e+01,2.108665e+01,2.123240e+01,2.126013e+01,2.112831e+01,2.103802e+01,2.100327e+01,2.101718e+01,2.114914e+01,2.112831e+01,2.107971e+01,2.110054e+01,2.104497e+01,2.103802e+01,2.119771e+01,2.105192e+01,2.105887e+01,2.111443e+01,2.109360e+01,2.106581e+01,2.114220e+01,2.112831e+01,2.121852e+01,2.122546e+01,2.116302e+01,2.105887e+01,2.105192e+01,2.126013e+01,2.114220e+01,2.119771e+01,2.118384e+01,2.117690e+01,2.112831e+01,2.101718e+01,2.099632e+01,2.111443e+01,2.110054e+01,2.101718e+01,2.105887e+01,2.097547e+01,2.106581e+01,2.107971e+01,2.103107e+01,2.101023e+01,2.108665e+01,2.095461e+01,2.098242e+01,2.097547e+01,2.094070e+01,2.087112e+01,2.089896e+01,2.088504e+01,2.088504e+01,2.103107e+01,2.098242e+01,2.085024e+01,2.101023e+01,2.063420e+01,2.086416e+01,2.101718e+01,2.111443e+01,2.083632e+01,2.106581e+01,2.109360e+01,2.107276e+01,2.119078e+01,2.105887e+01,2.110054e+01,2.112137e+01,2.114914e+01,2.092679e+01,2.116996e+01,2.113526e+01,2.108665e+01,2.112831e+01,2.105887e+01,2.114220e+01,2.096156e+01,2.096852e+01,2.096852e+01,2.105192e+01,2.098242e+01,2.094765e+01,2.093374e+01,2.082935e+01,2.080150e+01,2.080846e+01,2.077363e+01,2.077363e+01,2.078060e+01,2.081543e+01,2.082935e+01,2.079453e+01,2.076667e+01,2.102413e+01,2.105192e+01,2.114914e+01,2.119078e+01,2.125320e+01,2.120465e+01,2.122546e+01,2.126707e+01,2.127400e+01,2.133637e+01,2.126013e+01,2.128093e+01,2.134330e+01,2.118384e+01,2.122546e+01,2.137101e+01,2.144024e+01,2.121852e+01,2.140563e+01,2.142640e+01,2.131559e+01,2.142640e+01,2.141948e+01,2.136408e+01,2.135023e+01,2.139871e+01,2.136408e+01,2.137793e+01,2.132944e+01,2.138486e+01,2.137793e+01,2.131559e+01,2.123240e+01,2.128093e+01,2.140563e+01,2.139871e+01,2.146792e+01,2.132944e+01,2.120465e+01,2.130173e+01,2.123240e+01,2.139871e+01,2.132252e+01,2.139178e+01,2.149559e+01,2.135715e+01,2.137101e+01,2.127400e+01,2.128093e+01,2.153709e+01,2.138486e+01,2.137101e+01,2.126707e+01,2.135715e+01,2.143332e+01,2.139178e+01,2.135023e+01,2.143332e+01,2.139178e+01,2.137793e+01,2.130865e+01,2.127400e+01,2.132252e+01,2.139871e+01,2.135023e+01,2.129479e+01,2.140563e+01,2.130173e+01,2.122546e+01,2.129479e+01,2.129479e+01,2.135023e+01,2.132252e+01,2.121159e+01,2.133637e+01,2.125320e+01,2.130865e+01,2.130173e+01,2.128786e+01,2.139178e+01,2.141255e+01,2.130173e+01,2.135023e+01,2.135023e+01,2.120465e+01,2.121852e+01,2.124627e+01,2.134330e+01,2.134330e+01,2.135023e+01,2.128093e+01,2.132944e+01,2.130173e+01,2.127400e+01,2.129479e+01,2.136408e+01,2.128786e+01,2.122546e+01,2.135023e+01,2.127400e+01,2.120465e+01,2.121159e+01,2.094070e+01,2.075273e+01,2.064118e+01,2.074576e+01,2.057838e+01,2.062723e+01,2.050855e+01,2.057140e+01,2.071091e+01,2.055045e+01,2.057838e+01,2.059234e+01,2.055045e+01,2.050855e+01,2.060629e+01,2.059234e+01,2.057838e+01,2.054347e+01,2.048061e+01,2.055045e+01,2.044567e+01,2.059234e+01,2.075273e+01,2.098937e+01,2.065513e+01,2.085720e+01,2.073182e+01,2.073879e+01,2.084328e+01,2.074576e+01,2.075273e+01,2.075970e+01,2.068303e+01,2.064816e+01,2.052252e+01,2.057140e+01,2.054347e+01,2.069000e+01,2.051554e+01,2.060629e+01,2.059234e+01,2.069000e+01,2.066211e+01,2.056442e+01,2.041770e+01,2.063420e+01,2.075273e+01,2.085024e+01,2.084328e+01,2.096156e+01,2.087112e+01,2.098937e+01,2.103802e+01,2.097547e+01,2.102413e+01,2.103107e+01,2.114220e+01,2.105887e+01,2.098242e+01,2.103107e+01,2.100327e+01,2.097547e+01,2.074576e+01,2.066908e+01,2.069697e+01,2.071091e+01,2.069000e+01,2.059932e+01,2.068303e+01,2.069697e+01,2.078757e+01,2.056442e+01,2.056442e+01,2.066211e+01,2.050855e+01,2.053649e+01,2.043169e+01,2.070394e+01,2.056442e+01,2.065513e+01,2.056442e+01,2.062723e+01,2.062723e+01,2.053649e+01,2.078757e+01,2.062723e+01,2.073182e+01,2.082239e+01,2.082935e+01,2.068303e+01,2.080846e+01,2.080846e+01,2.067605e+01,2.068303e+01,2.067605e+01,2.062723e+01,2.061327e+01,2.059234e+01,2.058536e+01,2.063420e+01,2.069000e+01,2.057838e+01,2.057140e+01,2.047362e+01,2.060629e+01,2.050855e+01,2.058536e+01,2.047362e+01,2.051554e+01,2.057140e+01,2.073182e+01,2.058536e+01,2.037575e+01,2.042470e+01,2.072486e+01,2.066908e+01,2.059932e+01,2.066908e+01,2.064816e+01,2.057140e+01,2.050157e+01,2.055743e+01
2.118384e+01,2.107971e+01,2.121852e+01,2.107971e+01,2.113526e+01,2.122546e+01,2.111443e+01,2.123933e+01,2.115608e+01,2.114220e+01,2.115608e+01,2.113526e+01,2.119771e+01,2.115608e+01,2.114220e+01,2.102413e+01,2.118384e+01,2.117690e+01,2.104497e+01,2.118384e+01,2.105192e+01,2.114220e+01,2.116302e+01,2.113526e+01,2.114220e+01,2.114914e+01,2.112831e+01,2.110054e+01,2.117690e+01,2.121852e+01,2.105887e+01,2.113526e+01,2.103802e+01,2.115608e+01,2.116996e+01,2.128786e+01,2.103107e+01,2.107971e+01,2.117690e+01,2.106581e+01,2.110748e+01,2.105887e+01,2.118384e+01,2.113526e+01,2.121852e+01,2.105887e+01,2.116996e+01,2.114220e+01,2.101718e+01,2.102413e+01,2.103107e+01,2.108665e+01,2.100327e+01,2.107276e+01,2.096852e+01,2.113526e+01,2.112831e+01,2.107971e+01,2.111443e+01,2.111443e+01,2.116302e+01,2.114220e+01,2.119771e+01,2.107971e+01,2.137793e+01,2.135023e+01,2.130865e+01,2.126707e+01,2.123240e+01,2.116996e+01,2.112831e+01,2.115608e+01,2.122546e+01,2.119771e+01,2.114220e+01,2.128093e+01,2.127400e+01,2.147484e+01,2.125320e+01,2.146792e+01,2.132944e+01,2.133637e+01,2.146100e+01,2.139871e+01,2.129479e+01,2.121852e+01,2.119771e+01,2.127400e+01,2.121159e+01,2.113526e+01,2.111443e+01,2.110054e+01,2.126707e+01,2.108665e+01,2.108665e+01,2.108665e+01,2.105887e+01,2.093374e+01,2.120465e+01,2.110748e+01,2.096852e+01,2.103107e+01,2.101718e+01,2.105192e+01,2.114220e+01,2.115608e+01,2.112831e+01,2.111443e+01,2.105192e+01,2.115608e+01,2.108665e+01,2.112831e+01,2.122546e+01,2.101718e+01,2.099632e+01,2.115608e+01,2.120465e+01,2.108665e+01,2.123240e+01,2.107971e+01,2.109360e+01,2.108665e+01,2.117690e+01,2.113526e+01,2.113526e+01,2.116302e+01,2.114914e+01,2.111443e+01,2.124627e+01,2.120465e+01,2.121159e+01,2.113526e+01,2.112831e+01,2.128786e+01,2.113526e+01,2.115608e+01,2.126707e+01,2.121852e+01,2.118384e+01,2.116302e+01,2.126013e+01,2.119771e+01,2.112137e+01,2.114914e+01,2.122546e+01,2.117690e+01,2.121852e+01,2.122546e+01,2.111443e+01,2.121159e+01,2.118384e+01,2.118384e+01,2.119078e+01,2.115608e+01,2.119771e+01,2.120465e+01,2.115608e+01,2.113526e+01,2.115608e+01,2.115608e+01,2.114914e+01,2.114914e+01,2.114914e+01,2.118384e+01,2.120465e+01,2.107276e+01,2.110054e+01,2.113526e+01,2.123933e+01,2.121852e+01,2.116996e+01,2.111443e+01,2.101023e+01,2.103802e+01,2.118384e+01,2.106581e+01,2.118384e+01,2.094070e+01,2.123240e+01,2.123240e+01,2.107971e+01,2.103802e+01,2.107276e+01,2.109360e+01,2.111443e+01,2.096156e+01,2.101718e+01,2.121159e+01,2.107971e+01,2.103107e+01,2.124627e+01,2.103802e+01,2.110748e+01,2.102413e+01,2.105887e+01,2.126707e+01,2.094070e+01,2.105887e+01,2.107276e+01,2.105192e+01,2.107971e+01,2.103802e+01,2.105887e+01,2.111443e+01,2.107971e+01,2.104497e+01,2.110748e+01,2.087112e+01,2.106581e+01,2.116996e+01,2.111443e+01,2.114220e+01,2.093374e+01,2.098242e+01,2.101718e+01,2.108665e+01,2.101718e+01,2.103107e+01,2.101718e+01,2.105192e+01,2.103107e+01,2.116996e+01,2.115608e+01,2.119771e+01,2.114914e+01,2.114220e+01,2.116996e+01,2.105887e+01,2.104497e+01,2.112137e+01,2.105192e+01,2.113526e+01,2.113526e+01,2.104497e+01,2.120465e+01,2.112831e+01,2.101023e+01,2.121852e+01,2.112137e+01,2.090592e+01,2.103802e+01,2.097547e+01,2.087808e+01,2.094765e+01,2.088504e+01,2.091287e+01,2.097547e+01,2.097547e+01,2.101023e+01,2.107971e+01,2.103107e+01,2.116302e+01,2.103107e+01,2.106581e+01,2.096852e+01,2.087808e+01,2.105192e+01,2.105192e+01,2.090592e+01,2.113526e+01,2.105887e+01,2.108665e+01,2.114914e+01,2.108665e+01,2.108665e+01,2.103802e+01,2.112137e+01,2.112137e+01,2.096156e+01,2.094070e+01,2.126013e+01,2.105887e+01,2.112137e+01,2.103107e+01,2.099632e+01,2.103107e+01,2.098242e+01,2.089200e+01,2.094765e+01,2.096852e+01,2.101023e+01,2.094765e+01,2.095461e+01,2.107276e+01,2.095461e+01,2.101023e+01,2.094765e+01,2.094765e+01,2.099632e+01,2.111443e+01,2.090592e+01,2.101718e+01,2.102413e+01,2.091287e+01,2.099632e+01,2.091983e+01,2.093374e+01,2.105192e+01,2.089200e+01,2.091287e+01,2.097547e+01,2.098242e+01,2.091983e+01,2.100327e+01,2.097547e+01,2.090592e+01,2.095461e+01,2.096156e+01,2.101023e+01,2.094070e+01,2.078060e+01,2.104497e+01,2.098937e+01,2.094765e+01,2.088504e+01,2.083632e+01,2.090592e+01,2.064816e+01,2.086416e+01,2.084328e+01,2.082239e+01,2.078060e+01,2.081543e+01,2.082239e+01,2.084328e+01,2.075273e+01,2.085024e+01,2.110054e+01,2.119078e+01,2.110054e+01,2.116302e+01,2.115608e+01,2.109360e+01,2.115608e+01,2.092679e+01,2.105192e+01,2.115608e+01,2.112831e+01,2.110054e+01,2.118384e+01,2.110748e+01,2.107276e+01,2.100327e+01,2.096852e+01,2.107276e+01,2.112831e+01,2.101718e+01,2.109360e+01,2.110054e+01,2.110054e+01,2.106581e+01,2.112831e+01,2.110748e+01,2.110748e+01,2.102413e+01,2.096852e+01,2.121159e+01,2.116302e+01,2.105192e+01,2.111443e+01,2.105192e+01,2.102413e+01,2.105192e+01,2.103802e+01,2.103802e+01,2.105192e+01,2.101023e+01,2.094765e+01,2.103802e+01,2.101023e+01,2.117690e+01,2.101023e+01,2.089200e+01,2.089896e+01,2.084328e+01,2.089200e+01,2.082239e+01,2.083632e+01,2.082239e+01,2.077363e+01,2.084328e+01,2.077363e+01,2.088504e+01,2.093374e+01,2.091287e+01,2.105887e+01,2.104497e+01,2.107276e+01,2.109360e+01,2.109360e+01,2.113526e+01,2.102413e+01,2.112831e+01,2.104497e+01,2.096852e+01,2.110054e+01,2.110748e+01,2.080150e+01,2.077363e+01,2.076667e+01,2.092679e+01,2.101023e+01,2.091287e+01,2.103107e+01,2.096156e+01,2.083632e+01,2.085024e+01,2.079453e+01,2.068303e+01,2.070394e+01,2.099632e+01,2.073879e+01,2.097547e+01,2.102413e+01,2.112831e+01,2.119078e+01,2.116996e+01,2.125320e+01,2.128786e+01,2.117690e+01,2.126707e+01,2.126707e+01,2.126013e+01,2.130173e+01,2.126013e+01,2.129479e+01,2.140563e+01,2.132944e+01,2.120465e+01,2.134330e+01,2.133637e+01,2.129479e+01,2.141255e+01,2.129479e+01,2.136408e+01,2.139871e+01,2.135715e+01,2.143332e+01,2.138486e+01,2.123933e+01,2.136408e+01,2.129479e+01,2.130865e+01,2.153017e+01,2.140563e+01,2.135023e+01,2.123933e+01,2.132252e+01,2.135023e+01,2.132252e+01,2.126707e+01,2.136408e+01,2.144024e+01,2.124627e+01,2.141255e+01,2.144024e+01,2.141255e+01,2.137793e+01,2.140563e+01,2.139178e+01,2.148176e+01,2.140563e+01,2.128093e+01,2.138486e+01,2.144024e+01,2.148868e+01,2.126013e+01,2.144716e+01,2.138486e+01,2.155783e+01,2.137101e+01,2.137101e+01,2.137793e+01,2.132252e+01,2.138486e+01,2.130865e+01,2.130173e+01,2.132944e+01,2.130865e+01,2.130865e+01,2.132252e+01,2.136408e+01,2.133637e+01,2.130865e+01,2.128093e+01,2.129479e+01,2.133637e+01,2.123240e+01,2.125320e+01,2.130865e+01,2.122546e+01,2.145408e+01,2.125320e+01,2.131559e+01,2.130865e+01,2.129479e+01,2.141255e+01,2.137793e+01,2.134330e+01,2.137101e+01,2.123240e+01,2.132252e+01,2.123240e+01,2.124627e+01,2.128093e+01,2.128786e+01,2.145408e+01,2.150943e+01,2.128786e+01,2.129479e+01,2.146100e+01,2.135023e+01,2.144716e+01,2.133637e+01,2.141948e+01,2.134330e+01,2.136408e+01,2.120465e+01,2.128093e+01,2.091287e+01,2.112831e+01,2.081543e+01,2.069000e+01,2.067605e+01,2.058536e+01,2.057838e+01,2.066211e+01,2.056442e+01,2.068303e+01,2.052950e+01,2.055045e+01,2.057140e+01,2.055045e+01,2.052252e+01,2.069000e+01,2.052252e+01,2.053649e+01,2.062723e+01,2.059234e+01,2.066211e+01,2.054347e+01,2.077363e+01,2.072486e+01,2.086416e+01,2.067605e+01,2.066211e+01,2.055743e+01,2.075970e+01,2.076667e+01,2.073182e+01,2.073879e+01,2.058536e+01,2.062025e+01,2.069000e+01,2.059932e+01,2.062723e+01,2.061327e+01,2.064816e+01,2.062723e+01,2.059932e+01,2.065513e+01,2.057838e+01,2.051554e+01,2.059234e+01,2.062723e+01,2.055743e+01,2.089896e+01,2.087112e+01,2.080846e+01,2.081543e+01,2.101718e+01,2.101718e+01,2.107276e+01,2.098242e+01,2.106581e+01,2.112137e+01,2.102413e+01,2.098242e+01,2.102413e+01,2.099632e+01,2.094070e+01,2.089896e+01,2.089200e+01,2.075273e+01,2.073879e+01,2.072486e+01,2.058536e+01,2.078060e+01,2.055045e+01,2.078060e+01,2.061327e+01,2.077363e+01,2.055045e+01,2.070394e+01,2.054347e+01,2.067605e+01,2.064118e+01,2.087112e+01,2.059234e+01,2.072486e+01,2.067605e+01,2.058536e+01,2.061327e+01,2.078060e+01,2.082239e+01,2.082239e+01,2.078757e+01,2.080150e+01,2.060629e+01,2.048759e+01,2.064118e+01,2.084328e+01,2.061327e+01,2.054347e+01,2.057140e+01,2.053649e+01,2.059234e+01,2.064118e+01,2.066211e+01,2.060629e+01,2.042470e+01,2.051554e+01,2.058536e+01,2.059932e+01,2.062025e+01,2.050157e+01,2.073182e+01,2.051554e+01,2.063420e+01,2.052950e+01,2.049458e+01,2.069697e+01,2.058536e+01,2.064118e+01,2.057838e+01,2.075273e+01,2.075273e+01,2.060629e+01,2.058536e+01,2.052252e+01
2.107971e+01,2.098937e+01,2.127400e+01,2.126013e+01,2.114914e+01,2.115608e+01,2.116302e+01,2.116996e+01,2.116996e+01,2.113526e+01,2.115608e+01,2.116302e+01,2.119078e+01,2.105887e+01,2.101718e+01,2.105887e+01,2.110054e+01,2.117690e+01,2.114914e+01,2.099632e+01,2.118384e+01,2.112831e+01,2.119078e+01,2.107971e+01,2.121852e+01,2.116302e+01,2.119078e+01,2.114220e+01,2.112831e+01,2.114914e+01,2.128786e+01,2.099632e+01,2.112137e+01,2.115608e+01,2.118384e+01,2.116302e+01,2.124627e+01,2.125320e+01,2.107971e+01,2.105887e+01,2.114220e+01,2.114220e+01,2.121852e+01,2.100327e+01,2.124627e+01,2.105887e+01,2.123933e+01,2.121159e+01,2.105887e+01,2.104497e+01,2.121159e+01,2.112831e+01,2.111443e+01,2.107276e+01,2.113526e+01,2.101718e+01,2.099632e+01,2.112831e+01,2.112137e+01,2.111443e+01,2.107276e+01,2.106581e+01,2.107971e+01,2.118384e+01,2.125320e+01,2.103107e+01,2.117690e+01,2.125320e+01,2.114220e+01,2.123933e+01,2.112137e+01,2.115608e+01,2.122546e+01,2.109360e+01,2.128093e+01,2.112137e+01,2.124627e+01,2.128093e+01,2.126707e+01,2.147484e+01,2.124627e+01,2.112137e+01,2.130173e+01,2.116302e+01,2.113526e+01,2.123240e+01,2.101718e+01,2.119078e+01,2.107276e+01,2.109360e+01,2.107276e+01,2.105887e+01,2.108665e+01,2.104497e+01,2.107971e+01,2.089200e+01,2.107971e+01,2.107971e+01,2.107276e+01,2.116996e+01,2.116302e+01,2.110748e+01,2.119078e+01,2.114220e+01,2.116996e+01,2.102413e+01,2.113526e+01,2.113526e+01,2.098937e+01,2.115608e+01,2.105887e+01,2.101023e+01,2.116996e+01,2.105887e+01,2.123240e+01,2.101023e+01,2.089896e+01,2.106581e+01,2.101718e+01,2.107971e+01,2.106581e+01,2.117690e+01,2.107276e+01,2.114220e+01,2.116996e+01,2.114220e+01,2.112137e+01,2.111443e+01,2.112831e+01,2.122546e+01,2.121159e+01,2.116302e+01,2.123933e+01,2.115608e+01,2.112137e+01,2.124627e+01,2.124627e+01,2.118384e+01,2.119078e+01,2.119078e+01,2.117690e+01,2.125320e+01,2.115608e+01,2.119771e+01,2.115608e+01,2.120465e+01,2.118384e+01,2.120465e+01,2.121852e+01,2.118384e+01,2.120465e+01,2.101718e+01,2.118384e+01,2.121159e+01,2.120465e+01,2.119078e+01,2.110054e+01,2.120465e+01,2.115608e+01,2.118384e+01,2.115608e+01,2.116302e+01,2.105192e+01,2.113526e+01,2.110748e+01,2.110054e+01,2.110054e+01,2.113526e+01,2.118384e+01,2.103802e+01,2.125320e+01,2.101718e+01,2.102413e+01,2.096156e+01,2.122546e+01,2.116302e+01,2.117690e+01,2.114220e+01,2.115608e+01,2.101718e+01,2.118384e+01,2.101718e+01,2.115608e+01,2.107971e+01,2.103107e+01,2.101023e+01,2.095461e+01,2.106581e+01,2.106581e+01,2.103802e+01,2.107971e+01,2.100327e+01,2.110748e+01,2.098937e+01,2.106581e+01,2.113526e+01,2.101023e+01,2.108665e+01,2.107971e+01,2.110054e+01,2.107971e+01,2.104497e+01,2.101718e+01,2.105887e+01,2.103802e+01,2.117690e+01,2.105887e+01,2.106581e+01,2.112831e+01,2.107971e+01,2.119078e+01,2.106581e+01,2.103802e+01,2.108665e+01,2.108665e+01,2.097547e+01,2.106581e+01,2.105887e+01,2.104497e+01,2.111443e+01,2.104497e+01,2.116996e+01,2.109360e+01,2.099632e+01,2.099632e+01,2.103802e+01,2.100327e+01,2.109360e+01,2.101023e+01,2.105887e+01,2.110054e+01,2.113526e+01,2.098242e+01,2.114914e+01,2.112831e+01,2.103802e+01,2.110748e+01,2.121159e+01,2.120465e+01,2.091983e+01,2.114914e+01,2.100327e+01,2.098242e+01,2.103802e+01,2.083632e+01,2.098242e+01,2.098242e+01,2.107971e+01,2.104497e+01,2.104497e+01,2.107276e+01,2.103802e+01,2.095461e+01,2.105887e+01,2.097547e+01,2.097547e+01,2.094765e+01,2.098242e+01,2.108665e+01,2.110054e+01,2.104497e+01,2.113526e+01,2.114914e+01,2.114914e+01,2.113526e+01,2.107971e+01,2.115608e+01,2.100327e+01,2.094070e+01,2.097547e+01,2.096156e+01,2.098242e+01,2.101023e+01,2.116302e+01,2.104497e+01,2.099632e+01,2.105887e+01,2.097547e+01,2.092679e+01,2.088504e+01,2.096156e+01,2.094765e+01,2.094070e+01,2.095461e+01,2.094765e+01,2.096852e+01,2.101718e+01,2.085024e+01,2.086416e+01,2.098937e+01,2.083632e+01,2.099632e+01,2.105887e+01,2.098937e+01,2.086416e+01,2.098242e+01,2.094765e+01,2.095461e+01,2.097547e+01,2.091983e+01,2.112137e+01,2.096852e+01,2.097547e+01,2.094765e+01,2.080846e+01,2.053649e+01,2.065513e+01,2.058536e+01,2.062025e+01,2.061327e+01,2.059234e+01,2.059234e+01,2.057838e+01,2.057140e+01,2.057838e+01,2.049458e+01,2.066211e+01,2.070394e+01,2.064816e+01,2.060629e+01,2.056442e+01,2.078757e+01,2.061327e+01,2.083632e+01,2.082935e+01,2.083632e+01,2.084328e+01,2.105887e+01,2.110054e+01,2.096852e+01,2.107276e+01,2.093374e+01,2.099632e+01,2.100327e+01,2.108665e+01,2.109360e+01,2.094070e+01,2.106581e+01,2.115608e+01,2.123933e+01,2.096852e+01,2.110054e+01,2.110748e+01,2.113526e+01,2.113526e+01,2.112137e+01,2.112831e+01,2.110748e+01,2.110054e+01,2.106581e+01,2.115608e+01,2.106581e+01,2.120465e+01,2.105887e+01,2.112831e+01,2.108665e+01,2.110054e+01,2.114914e+01,2.103107e+01,2.102413e+01,2.119078e+01,2.121159e+01,2.096852e+01,2.103107e+01,2.114914e+01,2.113526e+01,2.109360e+01,2.101023e+01,2.089896e+01,2.094765e+01,2.091983e+01,2.095461e+01,2.089200e+01,2.091287e+01,2.080150e+01,2.082935e+01,2.078060e+01,2.062723e+01,2.073879e+01,2.071091e+01,2.064118e+01,2.065513e+01,2.059932e+01,2.063420e+01,2.085720e+01,2.085720e+01,2.103107e+01,2.084328e+01,2.100327e+01,2.100327e+01,2.110748e+01,2.102413e+01,2.098242e+01,2.101023e+01,2.100327e+01,2.071789e+01,2.066908e+01,2.078060e+01,2.065513e+01,2.066211e+01,2.072486e+01,2.093374e+01,2.089896e+01,2.101718e+01,2.103802e+01,2.085024e+01,2.076667e+01,2.079453e+01,2.093374e+01,2.106581e+01,2.107971e+01,2.103107e+01,2.115608e+01,2.132252e+01,2.103107e+01,2.130173e+01,2.132944e+01,2.132252e+01,2.152326e+01,2.130173e+01,2.132944e+01,2.137793e+01,2.136408e+01,2.130173e+01,2.129479e+01,2.116996e+01,2.128786e+01,2.121159e+01,2.133637e+01,2.138486e+01,2.127400e+01,2.126013e+01,2.131559e+01,2.126013e+01,2.124627e+01,2.141948e+01,2.135715e+01,2.146100e+01,2.132944e+01,2.127400e+01,2.123933e+01,2.133637e+01,2.139178e+01,2.139178e+01,2.132252e+01,2.135023e+01,2.153017e+01,2.131559e+01,2.152326e+01,2.120465e+01,2.133637e+01,2.150251e+01,2.141255e+01,2.127400e+01,2.146792e+01,2.137101e+01,2.143332e+01,2.151634e+01,2.139178e+01,2.136408e+01,2.137101e+01,2.140563e+01,2.137101e+01,2.139178e+01,2.138486e+01,2.145408e+01,2.150943e+01,2.148176e+01,2.153709e+01,2.151634e+01,2.140563e+01,2.152326e+01,2.141255e+01,2.150251e+01,2.150251e+01,2.130173e+01,2.137793e+01,2.130865e+01,2.131559e+01,2.146100e+01,2.134330e+01,2.133637e+01,2.135715e+01,2.138486e+01,2.132252e+01,2.131559e+01,2.132252e+01,2.132252e+01,2.132252e+01,2.124627e+01,2.129479e+01,2.132944e+01,2.136408e+01,2.141948e+01,2.130173e+01,2.138486e+01,2.123933e+01,2.138486e+01,2.122546e+01,2.141255e+01,2.131559e+01,2.126013e+01,2.127400e+01,2.128093e+01,2.137101e+01,2.125320e+01,2.132944e+01,2.130865e+01,2.129479e+01,2.130173e+01,2.135715e+01,2.150943e+01,2.140563e+01,2.138486e+01,2.135023e+01,2.150943e+01,2.134330e+01,2.137793e+01,2.136408e+01,2.124627e+01,2.111443e+01,2.112831e+01,2.090592e+01,2.085024e+01,2.071789e+01,2.068303e+01,2.073182e+01,2.072486e+01,2.044567e+01,2.048061e+01,2.059932e+01,2.060629e+01,2.051554e+01,2.050855e+01,2.058536e+01,2.058536e+01,2.052950e+01,2.059234e+01,2.054347e+01,2.056442e+01,2.057838e+01,2.057838e+01,2.079453e+01,2.066908e+01,2.073182e+01,2.072486e+01,2.064118e+01,2.066211e+01,2.052950e+01,2.066211e+01,2.055045e+01,2.066908e+01,2.065513e+01,2.066211e+01,2.067605e+01,2.062723e+01,2.061327e+01,2.062723e+01,2.062025e+01,2.062025e+01,2.065513e+01,2.065513e+01,2.060629e+01,2.057838e+01,2.043169e+01,2.055045e+01,2.063420e+01,2.079453e+01,2.082239e+01,2.080150e+01,2.089200e+01,2.098937e+01,2.106581e+01,2.111443e+01,2.104497e+01,2.107276e+01,2.107971e+01,2.099632e+01,2.087112e+01,2.087112e+01,2.086416e+01,2.080150e+01,2.091287e+01,2.091983e+01,2.089200e+01,2.072486e+01,2.071789e+01,2.072486e+01,2.076667e+01,2.066211e+01,2.062025e+01,2.078060e+01,2.071789e+01,2.071091e+01,2.069000e+01,2.055045e+01,2.075970e+01,2.065513e+01,2.059932e+01,2.079453e+01,2.059932e+01,2.078060e+01,2.065513e+01,2.056442e+01,2.066908e+01,2.068303e+01,2.068303e+01,2.068303e+01,2.066908e+01,2.062025e+01,2.067605e+01,2.067605e+01,2.063420e+01,2.061327e+01,2.073182e+01,2.053649e+01,2.057140e+01,2.067605e+01,2.060629e+01,2.062025e+01,2.050855e+01,2.057140e+01,2.052950e+01,2.061327e+01,2.047362e+01,2.045964e+01,2.045964e+01,2.052950e+01,2.064118e+01,2.057838e+01,2.057140e+01,2.064118e+01,2.073879e+01,2.054347e+01,2.050855e+01,2.056442e+01,2.036875e+01,2.050855e+01,2.054347e+01,2.055743e+01
2.118384e+01,2.114220e+01,2.111443e+01,2.117690e+01,2.112137e+01,2.110054e+01,2.103802e+01,2.110054e+01,2.108665e+01,2.110748e+01,2.108665e+01,2.118384e+01,2.116302e+01,2.112137e+01,2.138486e+01,2.114914e+01,2.113526e+01,2.104497e+01,2.113526e+01,2.114220e+01,2.111443e+01,2.102413e+01,2.119771e+01,2.101718e+01,2.119078e+01,2.117690e+01,2.116302e+01,2.105887e+01,2.112831e+01,2.112831e+01,2.110748e+01,2.106581e+01,2.113526e+01,2.120465e+01,2.096156e+01,2.125320e+01,2.122546e+01,2.112137e+01,2.109360e+01,2.114914e+01,2.116996e+01,2.112831e+01,2.112831e+01,2.113526e+01,2.117690e+01,2.107276e+01,2.105887e+01,2.107276e+01,2.111443e+01,2.102413e+01,2.104497e+01,2.090592e+01,2.114220e+01,2.108665e+01,2.109360e+01,2.105192e+01,2.121159e+01,2.112831e+01,2.114220e+01,2.105887e+01,2.108665e+01,2.101718e+01,2.105192e+01,2.103107e+01,2.126707e+01,2.128093e+01,2.135023e+01,2.122546e+01,2.117690e+01,2.121159e+01,2.114220e+01,2.121159e+01,2.114220e+01,2.108665e+01,2.126707e+01,2.112137e+01,2.104497e+01,2.125320e+01,2.123240e+01,2.111443e+01,2.105887e+01,2.128093e+01,2.101023e+01,2.103107e+01,2.108665e+01,2.114220e+01,2.118384e+01,2.122546e+01,2.104497e+01,2.094765e+01,2.091983e+01,2.105192e+01,2.107276e+01,2.094070e+01,2.107276e+01,2.107276e+01,2.101023e+01,2.101023e+01,2.106581e+01,2.099632e+01,2.094070e+01,2.103802e+01,2.118384e+01,2.107276e+01,2.113526e+01,2.110748e+01,2.110054e+01,2.103802e+01,2.113526e+01,2.116302e+01,2.103107e+01,2.117690e+01,2.113526e+01,2.104497e+01,2.106581e+01,2.114220e+01,2.121159e+01,2.101718e+01,2.111443e+01,2.106581e+01,2.119078e+01,2.117690e+01,2.114914e+01,2.107971e+01,2.122546e+01,2.111443e+01,2.113526e+01,2.123933e+01,2.116996e+01,2.123933e+01,2.113526e+01,2.113526e+01,2.119771e+01,2.117690e+01,2.123240e+01,2.123933e+01,2.119771e+01,2.125320e+01,2.118384e+01,2.120465e+01,2.117690e+01,2.125320e+01,2.111443e+01,2.116302e+01,2.115608e+01,2.116996e+01,2.121159e+01,2.123933e+01,2.118384e+01,2.119078e+01,2.119771e+01,2.118384e+01,2.118384e+01,2.116302e+01,2.116302e+01,2.119771e+01,2.111443e+01,2.112831e+01,2.112831e+01,2.116996e+01,2.120465e+01,2.109360e+01,2.114914e+01,2.103802e+01,2.107276e+01,2.108665e+01,2.125320e+01,2.121852e+01,2.105887e+01,2.102413e+01,2.122546e+01,2.124627e+01,2.105192e+01,2.089896e+01,2.091287e+01,2.109360e+01,2.115608e+01,2.111443e+01,2.114914e+01,2.106581e+01,2.107971e+01,2.110054e+01,2.116996e+01,2.111443e+01,2.107276e+01,2.092679e+01,2.119078e+01,2.085024e+01,2.087112e+01,2.105887e+01,2.098937e+01,2.099632e+01,2.105192e+01,2.101718e+01,2.096852e+01,2.102413e+01,2.099632e+01,2.108665e+01,2.110748e+01,2.087808e+01,2.107971e+01,2.108665e+01,2.105192e+01,2.104497e+01,2.103802e+01,2.104497e+01,2.096156e+01,2.108665e+01,2.109360e+01,2.114914e+01,2.113526e+01,2.102413e+01,2.093374e+01,2.111443e+01,2.098242e+01,2.100327e+01,2.108665e+01,2.099632e+01,2.103802e+01,2.099632e+01,2.077363e+01,2.099632e+01,2.087808e+01,2.103107e+01,2.097547e+01,2.094070e+01,2.096852e+01,2.093374e+01,2.096852e+01,2.110748e+01,2.103107e+01,2.083632e+01,2.100327e+01,2.086416e+01,2.098937e+01,2.107971e+01,2.108665e+01,2.095461e+01,2.091287e+01,2.101718e+01,2.101718e+01,2.104497e+01,2.083632e+01,2.091983e+01,2.089896e+01,2.091287e+01,2.094070e+01,2.097547e+01,2.084328e+01,2.092679e+01,2.108665e+01,2.090592e+01,2.096156e+01,2.092679e+01,2.089200e+01,2.107276e+01,2.094070e+01,2.101718e+01,2.094070e+01,2.101023e+01,2.103107e+01,2.103107e+01,2.112137e+01,2.114220e+01,2.115608e+01,2.095461e+01,2.120465e+01,2.096852e+01,2.105192e+01,2.095461e+01,2.094765e+01,2.107276e+01,2.103107e+01,2.107276e+01,2.099632e+01,2.086416e+01,2.096852e+01,2.093374e+01,2.087808e+01,2.097547e+01,2.110054e+01,2.095461e+01,2.096156e+01,2.094765e+01,2.094765e+01,2.094070e+01,2.089896e+01,2.089896e+01,2.088504e+01,2.101718e+01,2.098937e+01,2.098937e+01,2.104497e+01,2.088504e+01,2.085024e+01,2.086416e+01,2.099632e+01,2.094070e+01,2.082239e+01,2.091983e+01,2.083632e+01,2.096156e+01,2.094070e+01,2.094070e+01,2.048061e+01,2.052950e+01,2.048759e+01,2.058536e+01,2.054347e+01,2.045964e+01,2.044567e+01,2.046663e+01,2.057140e+01,2.043169e+01,2.045266e+01,2.046663e+01,2.064118e+01,2.065513e+01,2.051554e+01,2.057838e+01,2.062025e+01,2.059234e+01,2.063420e+01,2.075970e+01,2.099632e+01,2.116302e+01,2.098937e+01,2.096852e+01,2.087112e+01,2.092679e+01,2.089200e+01,2.086416e+01,2.087808e+01,2.103802e+01,2.100327e+01,2.103107e+01,2.084328e+01,2.104497e+01,2.112831e+01,2.125320e+01,2.112831e+01,2.111443e+01,2.112831e+01,2.110054e+01,2.116996e+01,2.105192e+01,2.110748e+01,2.113526e+01,2.102413e+01,2.097547e+01,2.102413e+01,2.119771e+01,2.112831e+01,2.112831e+01,2.110054e+01,2.112831e+01,2.105192e+01,2.103107e+01,2.103107e+01,2.114220e+01,2.109360e+01,2.099632e+01,2.103802e+01,2.103802e+01,2.114220e+01,2.088504e+01,2.112831e+01,2.095461e+01,2.094070e+01,2.094070e+01,2.093374e+01,2.091983e+01,2.091983e+01,2.086416e+01,2.069000e+01,2.082239e+01,2.062025e+01,2.057140e+01,2.055045e+01,2.064816e+01,2.061327e+01,2.053649e+01,2.060629e+01,2.059932e+01,2.064816e+01,2.079453e+01,2.097547e+01,2.103802e+01,2.098242e+01,2.080846e+01,2.096852e+01,2.080846e+01,2.079453e+01,2.073182e+01,2.071789e+01,2.063420e+01,2.066908e+01,2.067605e+01,2.067605e+01,2.066908e+01,2.082935e+01,2.070394e+01,2.098937e+01,2.095461e+01,2.100327e+01,2.102413e+01,2.080846e+01,2.084328e+01,2.088504e+01,2.120465e+01,2.130865e+01,2.112137e+01,2.110054e+01,2.135715e+01,2.124627e+01,2.136408e+01,2.134330e+01,2.119771e+01,2.131559e+01,2.132944e+01,2.130865e+01,2.121852e+01,2.125320e+01,2.130173e+01,2.132252e+01,2.126013e+01,2.123240e+01,2.126013e+01,2.142640e+01,2.130173e+01,2.121159e+01,2.130865e+01,2.128093e+01,2.140563e+01,2.127400e+01,2.132252e+01,2.132944e+01,2.134330e+01,2.148176e+01,2.137101e+01,2.149559e+01,2.130865e+01,2.141255e+01,2.139871e+01,2.138486e+01,2.128786e+01,2.131559e+01,2.140563e+01,2.131559e+01,2.130865e+01,2.136408e+01,2.139871e+01,2.145408e+01,2.148868e+01,2.143332e+01,2.139871e+01,2.149559e+01,2.144716e+01,2.148868e+01,2.143332e+01,2.151634e+01,2.154400e+01,2.153709e+01,2.148176e+01,2.148868e+01,2.150943e+01,2.153709e+01,2.155783e+01,2.154400e+01,2.157166e+01,2.169600e+01,2.159239e+01,2.146792e+01,2.150943e+01,2.150943e+01,2.153017e+01,2.135715e+01,2.131559e+01,2.135715e+01,2.131559e+01,2.131559e+01,2.131559e+01,2.145408e+01,2.142640e+01,2.140563e+01,2.136408e+01,2.135023e+01,2.132944e+01,2.131559e+01,2.126707e+01,2.123240e+01,2.142640e+01,2.129479e+01,2.136408e+01,2.130173e+01,2.134330e+01,2.132252e+01,2.135715e+01,2.128786e+01,2.127400e+01,2.125320e+01,2.135023e+01,2.128093e+01,2.132944e+01,2.132252e+01,2.130173e+01,2.139178e+01,2.128786e+01,2.131559e+01,2.135023e+01,2.150943e+01,2.145408e+01,2.150251e+01,2.156474e+01,2.140563e+01,2.135715e+01,2.158548e+01,2.140563e+01,2.131559e+01,2.119078e+01,2.101023e+01,2.125320e+01,2.105887e+01,2.104497e+01,2.082239e+01,2.066211e+01,2.073182e+01,2.066211e+01,2.063420e+01,2.056442e+01,2.064816e+01,2.063420e+01,2.061327e+01,2.058536e+01,2.058536e+01,2.066908e+01,2.054347e+01,2.068303e+01,2.058536e+01,2.055045e+01,2.057838e+01,2.066211e+01,2.066908e+01,2.050855e+01,2.055045e+01,2.052252e+01,2.062723e+01,2.052950e+01,2.057838e+01,2.078060e+01,2.059932e+01,2.062723e+01,2.075970e+01,2.062723e+01,2.064118e+01,2.064118e+01,2.057838e+01,2.072486e+01,2.059234e+01,2.064118e+01,2.078757e+01,2.055743e+01,2.078757e+01,2.055743e+01,2.056442e+01,2.056442e+01,2.062723e+01,2.061327e+01,2.075273e+01,2.096852e+01,2.080846e+01,2.101023e+01,2.100327e+01,2.105192e+01,2.100327e+01,2.101718e+01,2.107971e+01,2.098937e+01,2.083632e+01,2.097547e+01,2.098242e+01,2.088504e+01,2.091983e+01,2.075273e+01,2.075970e+01,2.073879e+01,2.098937e+01,2.071091e+01,2.073879e+01,2.056442e+01,2.091983e+01,2.085024e+01,2.072486e+01,2.069697e+01,2.068303e+01,2.073182e+01,2.075970e+01,2.080150e+01,2.085024e+01,2.070394e+01,2.072486e+01,2.061327e+01,2.066211e+01,2.066908e+01,2.066211e+01,2.057838e+01,2.084328e+01,2.063420e+01,2.069000e+01,2.063420e+01,2.047362e+01,2.043868e+01,2.049458e+01,2.045964e+01,2.050157e+01,2.069000e+01,2.059234e+01,2.053649e+01,2.052950e+01,2.060629e+01,2.062723e+01,2.046663e+01,2.049458e+01,2.048061e+01,2.049458e+01,2.048061e+01,2.052252e+01,2.060629e+01,2.059234e+01,2.052252e+01,2.054347e+01,2.053649e+01,2.052950e+01,2.058536e+01,2.054347e+01,2.055743e+01,2.060629e+01,2.053649e+01,2.050157e+01,2.055743e+01
2.110054e+01,2.109360e+01,2.108665e+01,2.098937e+01,2.107276e+01,2.110748e+01,2.098242e+01,2.118384e+01,2.114914e+01,2.109360e+01,2.111443e+01,2.118384e+01,2.108665e+01,2.116302e+01,2.107276e+01,2.103107e+01,2.107971e+01,2.101718e+01,2.116996e+01,2.106581e+01,2.099632e+01,2.100327e+01,2.101023e+01,2.116996e+01,2.115608e+01,2.117690e+01,2.110054e+01,2.111443e+01,2.113526e+01,2.105887e+01,2.112831e+01,2.110748e+01,2.112137e+01,2.119078e+01,2.114914e+01,2.111443e+01,2.121852e+01,2.126707e+01,2.095461e+01,2.103802e+01,2.103107e+01,2.112137e+01,2.107276e+01,2.107276e+01,2.099632e+01,2.101023e+01,2.105887e+01,2.115608e+01,2.107276e+01,2.116996e+01,2.116302e+01,2.109360e+01,2.118384e+01,2.114220e+01,2.109360e+01,2.113526e+01,2.110054e+01,2.115608e+01,2.089200e+01,2.105192e+01,2.107276e+01,2.108665e+01,2.102413e+01,2.104497e+01,2.098242e+01,2.130173e+01,2.114914e+01,2.091983e+01,2.123240e+01,2.116996e+01,2.119771e+01,2.114220e+01,2.120465e+01,2.112831e+01,2.106581e+01,2.105192e+01,2.110054e+01,2.114914e+01,2.123933e+01,2.106581e+01,2.108665e+01,2.124627e+01,2.094070e+01,2.102413e+01,2.108665e+01,2.097547e+01,2.103802e+01,2.103107e+01,2.101023e+01,2.098242e+01,2.093374e+01,2.094765e+01,2.090592e+01,2.091983e+01,2.100327e+01,2.089896e+01,2.107276e+01,2.105887e+01,2.102413e+01,2.093374e+01,2.101718e+01,2.103802e+01,2.109360e+01,2.114220e+01,2.113526e+01,2.127400e+01,2.101718e+01,2.116302e+01,2.111443e+01,2.110748e+01,2.107971e+01,2.107971e+01,2.114220e+01,2.106581e+01,2.104497e+01,2.126707e+01,2.107971e+01,2.120465e+01,2.112137e+01,2.123240e+01,2.109360e+01,2.117690e+01,2.112831e+01,2.110054e+01,2.126707e+01,2.116996e+01,2.109360e+01,2.117690e+01,2.124627e+01,2.115608e+01,2.112137e+01,2.119078e+01,2.119078e+01,2.111443e+01,2.122546e+01,2.123933e+01,2.123933e+01,2.119078e+01,2.126707e+01,2.113526e+01,2.115608e+01,2.107276e+01,2.109360e+01,2.108665e+01,2.107276e+01,2.116302e+01,2.119078e+01,2.121159e+01,2.116302e+01,2.114220e+01,2.114914e+01,2.105192e+01,2.115608e+01,2.110748e+01,2.118384e+01,2.124627e+01,2.111443e+01,2.115608e+01,2.123933e+01,2.114220e+01,2.116302e+01,2.102413e+01,2.110054e+01,2.105887e+01,2.102413e+01,2.107971e+01,2.099632e+01,2.110748e+01,2.091287e+01,2.098242e+01,2.101023e+01,2.098242e+01,2.104497e+01,2.110748e+01,2.109360e+01,2.091983e+01,2.113526e+01,2.102413e+01,2.104497e+01,2.096852e+01,2.109360e+01,2.102413e+01,2.101718e+01,2.103802e+01,2.098937e+01,2.101718e+01,2.094765e+01,2.097547e+01,2.101023e+01,2.082935e+01,2.089200e+01,2.096852e+01,2.097547e+01,2.077363e+01,2.080150e+01,2.096156e+01,2.099632e+01,2.095461e+01,2.111443e+01,2.094765e+01,2.107971e+01,2.093374e+01,2.106581e+01,2.098937e+01,2.099632e+01,2.091983e+01,2.079453e+01,2.081543e+01,2.091287e+01,2.104497e+01,2.079453e+01,2.070394e+01,2.086416e+01,2.069000e+01,2.068303e+01,2.085720e+01,2.060629e+01,2.068303e+01,2.054347e+01,2.078060e+01,2.079453e+01,2.077363e+01,2.052950e+01,2.070394e+01,2.071789e+01,2.081543e+01,2.066908e+01,2.088504e+01,2.059234e+01,2.057140e+01,2.085720e+01,2.071091e+01,2.075273e+01,2.061327e+01,2.059932e+01,2.064816e+01,2.058536e+01,2.062723e+01,2.055045e+01,2.063420e+01,2.071091e+01,2.067605e+01,2.078757e+01,2.075970e+01,2.055743e+01,2.079453e+01,2.069697e+01,2.073182e+01,2.091287e+01,2.096852e+01,2.095461e+01,2.093374e+01,2.086416e+01,2.084328e+01,2.093374e+01,2.098242e+01,2.094765e+01,2.094765e+01,2.107276e+01,2.106581e+01,2.105887e+01,2.114220e+01,2.114220e+01,2.110748e+01,2.114914e+01,2.117690e+01,2.107276e+01,2.109360e+01,2.094765e+01,2.104497e+01,2.123933e+01,2.113526e+01,2.098937e+01,2.106581e+01,2.103802e+01,2.102413e+01,2.075273e+01,2.095461e+01,2.075970e+01,2.091287e+01,2.094765e+01,2.081543e+01,2.095461e+01,2.094765e+01,2.094070e+01,2.096156e+01,2.098242e+01,2.088504e+01,2.087808e+01,2.100327e+01,2.087808e+01,2.088504e+01,2.087112e+01,2.089896e+01,2.084328e+01,2.089896e+01,2.081543e+01,2.083632e+01,2.075273e+01,2.075970e+01,2.085720e+01,2.090592e+01,2.089896e+01,2.097547e+01,2.041770e+01,2.039673e+01,2.048759e+01,2.050855e+01,2.051554e+01,2.048759e+01,2.049458e+01,2.045964e+01,2.050157e+01,2.058536e+01,2.052252e+01,2.066908e+01,2.044567e+01,2.067605e+01,2.052252e+01,2.054347e+01,2.055743e+01,2.064816e+01,2.062025e+01,2.085720e+01,2.085720e+01,2.085720e+01,2.079453e+01,2.060629e+01,2.066211e+01,2.061327e+01,2.076667e+01,2.085720e+01,2.059932e+01,2.085720e+01,2.067605e+01,2.090592e+01,2.084328e+01,2.082239e+01,2.111443e+01,2.110054e+01,2.110054e+01,2.094765e+01,2.091287e+01,2.100327e+01,2.099632e+01,2.084328e+01,2.094070e+01,2.095461e+01,2.103107e+01,2.107276e+01,2.105192e+01,2.107276e+01,2.118384e+01,2.116996e+01,2.107276e+01,2.104497e+01,2.106581e+01,2.109360e+01,2.112137e+01,2.105192e+01,2.110054e+01,2.112831e+01,2.097547e+01,2.105887e+01,2.099632e+01,2.096156e+01,2.088504e+01,2.087808e+01,2.093374e+01,2.101718e+01,2.091983e+01,2.091287e+01,2.086416e+01,2.080846e+01,2.093374e+01,2.073879e+01,2.075970e+01,2.055045e+01,2.062025e+01,2.057140e+01,2.057140e+01,2.066211e+01,2.067605e+01,2.060629e+01,2.060629e+01,2.064816e+01,2.074576e+01,2.093374e+01,2.098242e+01,2.084328e+01,2.083632e+01,2.078757e+01,2.075970e+01,2.065513e+01,2.067605e+01,2.064118e+01,2.069000e+01,2.067605e+01,2.058536e+01,2.069000e+01,2.064118e+01,2.075970e+01,2.077363e+01,2.100327e+01,2.105887e+01,2.109360e+01,2.098242e+01,2.094765e+01,2.093374e+01,2.102413e+01,2.128093e+01,2.124627e+01,2.123240e+01,2.136408e+01,2.137793e+01,2.133637e+01,2.135023e+01,2.127400e+01,2.122546e+01,2.133637e+01,2.127400e+01,2.132944e+01,2.140563e+01,2.121159e+01,2.124627e+01,2.125320e+01,2.124627e+01,2.121159e+01,2.123240e+01,2.121852e+01,2.125320e+01,2.135023e+01,2.129479e+01,2.127400e+01,2.132944e+01,2.137793e+01,2.123933e+01,2.144024e+01,2.127400e+01,2.121159e+01,2.129479e+01,2.132252e+01,2.130173e+01,2.127400e+01,2.123933e+01,2.127400e+01,2.124627e+01,2.115608e+01,2.123240e+01,2.136408e+01,2.137101e+01,2.137793e+01,2.135023e+01,2.139871e+01,2.139178e+01,2.150943e+01,2.146792e+01,2.148868e+01,2.151634e+01,2.149559e+01,2.157857e+01,2.154400e+01,2.148176e+01,2.152326e+01,2.149559e+01,2.151634e+01,2.155783e+01,2.153709e+01,2.153709e+01,2.154400e+01,2.143332e+01,2.153017e+01,2.147484e+01,2.159239e+01,2.157166e+01,2.131559e+01,2.136408e+01,2.129479e+01,2.136408e+01,2.125320e+01,2.130865e+01,2.132944e+01,2.132252e+01,2.147484e+01,2.128093e+01,2.141255e+01,2.130173e+01,2.135715e+01,2.132944e+01,2.128786e+01,2.121159e+01,2.130173e+01,2.135715e+01,2.134330e+01,2.137101e+01,2.137793e+01,2.132944e+01,2.132944e+01,2.139871e+01,2.141948e+01,2.144024e+01,2.127400e+01,2.135715e+01,2.132252e+01,2.124627e+01,2.132252e+01,2.142640e+01,2.131559e+01,2.147484e+01,2.154400e+01,2.132944e+01,2.143332e+01,2.151634e+01,2.148176e+01,2.150251e+01,2.148868e+01,2.136408e+01,2.135715e+01,2.122546e+01,2.105887e+01,2.086416e+01,2.094765e+01,2.106581e+01,2.121852e+01,2.084328e+01,2.074576e+01,2.073182e+01,2.072486e+01,2.060629e+01,2.065513e+01,2.066211e+01,2.059234e+01,2.059932e+01,2.067605e+01,2.051554e+01,2.066908e+01,2.053649e+01,2.055743e+01,2.079453e+01,2.055743e+01,2.055045e+01,2.069000e+01,2.069000e+01,2.059932e+01,2.064816e+01,2.062723e+01,2.059234e+01,2.064816e+01,2.064118e+01,2.060629e+01,2.057140e+01,2.062025e+01,2.058536e+01,2.058536e+01,2.071091e+01,2.074576e+01,2.059234e+01,2.063420e+01,2.055045e+01,2.064816e+01,2.080846e+01,2.055743e+01,2.058536e+01,2.073182e+01,2.056442e+01,2.059234e+01,2.072486e+01,2.074576e+01,2.063420e+01,2.077363e+01,2.086416e+01,2.085720e+01,2.113526e+01,2.099632e+01,2.104497e+01,2.104497e+01,2.096852e+01,2.085024e+01,2.101023e+01,2.091287e+01,2.082239e+01,2.087808e+01,2.085024e+01,2.074576e+01,2.091287e+01,2.073879e+01,2.096852e+01,2.066211e+01,2.060629e+01,2.080150e+01,2.064816e+01,2.091287e+01,2.073879e+01,2.066908e+01,2.069697e+01,2.067605e+01,2.073182e+01,2.069697e+01,2.077363e+01,2.068303e+01,2.065513e+01,2.068303e+01,2.079453e+01,2.075273e+01,2.065513e+01,2.057838e+01,2.056442e+01,2.072486e+01,2.086416e+01,2.071091e+01,2.043868e+01,2.068303e+01,2.043169e+01,2.049458e+01,2.062025e+01,2.053649e+01,2.068303e+01,2.053649e+01,2.068303e+01,2.059234e+01,2.055743e+01,2.041770e+01,2.048759e+01,2.045964e+01,2.063420e+01,2.051554e+01,2.059234e+01,2.053649e+01,2.056442e+01,2.073879e+01,2.052252e+01,2.082239e+01,2.057838e+01,2.058536e+01,2.057140e+01,2.048061e+01,2.055045e+01,2.043868e+01,2.056442e+01,2.039673e+01
2.106581e+01,2.119078e+01,2.107971e+01,2.107971e+01,2.130865e+01,2.105887e+01,2.107276e+01,2.107276e+01,2.105887e+01,2.105887e+01,2.112137e+01,2.107276e+01,2.106581e+01,2.114914e+01,2.089896e+01,2.107971e+01,2.109360e+01,2.112137e+01,2.113526e+01,2.111443e+01,2.108665e+01,2.104497e+01,2.114220e+01,2.113526e+01,2.113526e+01,2.119771e+01,2.107276e+01,2.118384e+01,2.110054e+01,2.105887e+01,2.122546e+01,2.112831e+01,2.114220e+01,2.109360e+01,2.097547e+01,2.110054e+01,2.111443e+01,2.099632e+01,2.110748e+01,2.114914e+01,2.104497e+01,2.106581e+01,2.110054e+01,2.096156e+01,2.107971e+01,2.103107e+01,2.105887e+01,2.114914e+01,2.105887e+01,2.116996e+01,2.115608e+01,2.110748e+01,2.106581e+01,2.110748e+01,2.107971e+01,2.118384e+01,2.117690e+01,2.122546e+01,2.109360e+01,2.099632e+01,2.097547e+01,2.122546e+01,2.100327e+01,2.106581e+01,2.108665e+01,2.125320e+01,2.118384e+01,2.114914e+01,2.112137e+01,2.110748e+01,2.109360e+01,2.099632e+01,2.100327e+01,2.109360e+01,2.107971e+01,2.116302e+01,2.112831e+01,2.099632e+01,2.105192e+01,2.101023e+01,2.091983e+01,2.092679e+01,2.113526e+01,2.098242e+01,2.105192e+01,2.110054e+01,2.100327e+01,2.098937e+01,2.105887e+01,2.101718e+01,2.105192e+01,2.096156e+01,2.101023e+01,2.089896e+01,2.096852e+01,2.115608e+01,2.098937e+01,2.097547e+01,2.104497e+01,2.107971e+01,2.107971e+01,2.088504e+01,2.110748e+01,2.085024e+01,2.116996e+01,2.126707e+01,2.107276e+01,2.101718e+01,2.111443e+01,2.112137e+01,2.110054e+01,2.110054e+01,2.108665e+01,2.108665e+01,2.110054e+01,2.107971e+01,2.108665e+01,2.107971e+01,2.112137e+01,2.112831e+01,2.115608e+01,2.108665e+01,2.108665e+01,2.110054e+01,2.110748e+01,2.114220e+01,2.107971e+01,2.115608e+01,2.125320e+01,2.119771e+01,2.119771e+01,2.117690e+01,2.130173e+01,2.126707e+01,2.121852e+01,2.100327e+01,2.114220e+01,2.124627e+01,2.127400e+01,2.124627e+01,2.110748e+01,2.116302e+01,2.119078e+01,2.122546e+01,2.114914e+01,2.102413e+01,2.118384e+01,2.115608e+01,2.114914e+01,2.105887e+01,2.108665e+01,2.103802e+01,2.105192e+01,2.113526e+01,2.116996e+01,2.108665e+01,2.114914e+01,2.114220e+01,2.113526e+01,2.103802e+01,2.121159e+01,2.102413e+01,2.102413e+01,2.113526e+01,2.100327e+01,2.105192e+01,2.107276e+01,2.098937e+01,2.101023e+01,2.094765e+01,2.094765e+01,2.094765e+01,2.100327e+01,2.083632e+01,2.078757e+01,2.074576e+01,2.074576e+01,2.069000e+01,2.071789e+01,2.067605e+01,2.071091e+01,2.073182e+01,2.075273e+01,2.073182e+01,2.074576e+01,2.056442e+01,2.067605e+01,2.062025e+01,2.052252e+01,2.050855e+01,2.060629e+01,2.043868e+01,2.062723e+01,2.057140e+01,2.058536e+01,2.057140e+01,2.057140e+01,2.058536e+01,2.091983e+01,2.064816e+01,2.069000e+01,2.061327e+01,2.050157e+01,2.052950e+01,2.052950e+01,2.052950e+01,2.068303e+01,2.075273e+01,2.072486e+01,2.069000e+01,2.067605e+01,2.067605e+01,2.069000e+01,2.066211e+01,2.064816e+01,2.063420e+01,2.059234e+01,2.058536e+01,2.060629e+01,2.067605e+01,2.064118e+01,2.052252e+01,2.054347e+01,2.051554e+01,2.054347e+01,2.055743e+01,2.061327e+01,2.057140e+01,2.055045e+01,2.056442e+01,2.057140e+01,2.058536e+01,2.052950e+01,2.059932e+01,2.061327e+01,2.057140e+01,2.065513e+01,2.063420e+01,2.049458e+01,2.058536e+01,2.054347e+01,2.056442e+01,2.049458e+01,2.071091e+01,2.054347e+01,2.075970e+01,2.056442e+01,2.059932e+01,2.090592e+01,2.091287e+01,2.093374e+01,2.087808e+01,2.093374e+01,2.091287e+01,2.088504e+01,2.101023e+01,2.092679e+01,2.094765e+01,2.089200e+01,2.091983e+01,2.098242e+01,2.091287e+01,2.109360e+01,2.116302e+01,2.096156e+01,2.095461e+01,2.119771e+01,2.101718e+01,2.096156e+01,2.091287e+01,2.090592e+01,2.096156e+01,2.091983e+01,2.100327e+01,2.100327e+01,2.086416e+01,2.101718e+01,2.105887e+01,2.094070e+01,2.087112e+01,2.088504e+01,2.087808e+01,2.087808e+01,2.084328e+01,2.090592e+01,2.073879e+01,2.096852e+01,2.094070e+01,2.086416e+01,2.087112e+01,2.080150e+01,2.090592e+01,2.079453e+01,2.086416e+01,2.079453e+01,2.080150e+01,2.056442e+01,2.052950e+01,2.067605e+01,2.040372e+01,2.040372e+01,2.051554e+01,2.048759e+01,2.037575e+01,2.035476e+01,2.034077e+01,2.050855e+01,2.054347e+01,2.044567e+01,2.041071e+01,2.046663e+01,2.052950e+01,2.047362e+01,2.053649e+01,2.052252e+01,2.051554e+01,2.064118e+01,2.062723e+01,2.063420e+01,2.059932e+01,2.057140e+01,2.064118e+01,2.062025e+01,2.070394e+01,2.098242e+01,2.096156e+01,2.054347e+01,2.069000e+01,2.059932e+01,2.056442e+01,2.077363e+01,2.049458e+01,2.063420e+01,2.073879e+01,2.069000e+01,2.064816e+01,2.061327e+01,2.064816e+01,2.067605e+01,2.083632e+01,2.076667e+01,2.075273e+01,2.089200e+01,2.084328e+01,2.085024e+01,2.098242e+01,2.085024e+01,2.082935e+01,2.103802e+01,2.096852e+01,2.101023e+01,2.100327e+01,2.116302e+01,2.103802e+01,2.103802e+01,2.102413e+01,2.105192e+01,2.114220e+01,2.097547e+01,2.115608e+01,2.097547e+01,2.096852e+01,2.094765e+01,2.091287e+01,2.094765e+01,2.089200e+01,2.091983e+01,2.095461e+01,2.085720e+01,2.084328e+01,2.091287e+01,2.079453e+01,2.090592e+01,2.081543e+01,2.075273e+01,2.075970e+01,2.077363e+01,2.056442e+01,2.054347e+01,2.053649e+01,2.056442e+01,2.052950e+01,2.054347e+01,2.072486e+01,2.063420e+01,2.071789e+01,2.074576e+01,2.086416e+01,2.059932e+01,2.071789e+01,2.065513e+01,2.078060e+01,2.048061e+01,2.055045e+01,2.068303e+01,2.062723e+01,2.064118e+01,2.062723e+01,2.064816e+01,2.070394e+01,2.070394e+01,2.075970e+01,2.070394e+01,2.080846e+01,2.104497e+01,2.087808e+01,2.107276e+01,2.101023e+01,2.111443e+01,2.101023e+01,2.112831e+01,2.127400e+01,2.116996e+01,2.134330e+01,2.137101e+01,2.141255e+01,2.135715e+01,2.119078e+01,2.130865e+01,2.118384e+01,2.115608e+01,2.121852e+01,2.123933e+01,2.123933e+01,2.126707e+01,2.121159e+01,2.126707e+01,2.123933e+01,2.117690e+01,2.122546e+01,2.135023e+01,2.121852e+01,2.118384e+01,2.116302e+01,2.132944e+01,2.122546e+01,2.135715e+01,2.123933e+01,2.123240e+01,2.132252e+01,2.112831e+01,2.126013e+01,2.133637e+01,2.137101e+01,2.123933e+01,2.122546e+01,2.134330e+01,2.131559e+01,2.134330e+01,2.121852e+01,2.138486e+01,2.138486e+01,2.137793e+01,2.141255e+01,2.138486e+01,2.137793e+01,2.140563e+01,2.153709e+01,2.144716e+01,2.145408e+01,2.155092e+01,2.132944e+01,2.152326e+01,2.153709e+01,2.140563e+01,2.144024e+01,2.159930e+01,2.151634e+01,2.159930e+01,2.146792e+01,2.141948e+01,2.136408e+01,2.138486e+01,2.142640e+01,2.158548e+01,2.132252e+01,2.125320e+01,2.118384e+01,2.141948e+01,2.137793e+01,2.110054e+01,2.128786e+01,2.137101e+01,2.133637e+01,2.139871e+01,2.141948e+01,2.137101e+01,2.130173e+01,2.127400e+01,2.123933e+01,2.132944e+01,2.132252e+01,2.128786e+01,2.146100e+01,2.136408e+01,2.135023e+01,2.118384e+01,2.131559e+01,2.139871e+01,2.130173e+01,2.137793e+01,2.139871e+01,2.137793e+01,2.135023e+01,2.143332e+01,2.134330e+01,2.132944e+01,2.132252e+01,2.132252e+01,2.139871e+01,2.133637e+01,2.139178e+01,2.150943e+01,2.150251e+01,2.135715e+01,2.132252e+01,2.152326e+01,2.138486e+01,2.121159e+01,2.105192e+01,2.088504e+01,2.075273e+01,2.094070e+01,2.107971e+01,2.106581e+01,2.084328e+01,2.064118e+01,2.062025e+01,2.057140e+01,2.047362e+01,2.064118e+01,2.054347e+01,2.064816e+01,2.062025e+01,2.064118e+01,2.066211e+01,2.052252e+01,2.054347e+01,2.061327e+01,2.053649e+01,2.075273e+01,2.064816e+01,2.059932e+01,2.057838e+01,2.068303e+01,2.062723e+01,2.060629e+01,2.062723e+01,2.068303e+01,2.060629e+01,2.062025e+01,2.057838e+01,2.059234e+01,2.075970e+01,2.058536e+01,2.059234e+01,2.059234e+01,2.069697e+01,2.057838e+01,2.060629e+01,2.057838e+01,2.049458e+01,2.063420e+01,2.071789e+01,2.050855e+01,2.055045e+01,2.080150e+01,2.059932e+01,2.053649e+01,2.056442e+01,2.046663e+01,2.080150e+01,2.080846e+01,2.066908e+01,2.102413e+01,2.083632e+01,2.103802e+01,2.084328e+01,2.071789e+01,2.082239e+01,2.089200e+01,2.071789e+01,2.070394e+01,2.074576e+01,2.071789e+01,2.075970e+01,2.074576e+01,2.068303e+01,2.076667e+01,2.078757e+01,2.066211e+01,2.062025e+01,2.061327e+01,2.069000e+01,2.065513e+01,2.065513e+01,2.069000e+01,2.064118e+01,2.066908e+01,2.066211e+01,2.061327e+01,2.064816e+01,2.056442e+01,2.054347e+01,2.063420e+01,2.063420e+01,2.059234e+01,2.065513e+01,2.056442e+01,2.064816e+01,2.062025e+01,2.066211e+01,2.062025e+01,2.066211e+01,2.041770e+01,2.053649e+01,2.074576e+01,2.065513e+01,2.045266e+01,2.062025e+01,2.050855e+01,2.063420e+01,2.050855e+01,2.059932e+01,2.046663e+01,2.060629e+01,2.054347e+01,2.045964e+01,2.069697e+01,2.043868e+01,2.055743e+01,2.052252e+01,2.050157e+01,2.056442e+01,2.056442e+01,2.049458e+01,2.058536e+01,2.057838e+01,2.071091e+01,2.038274e+01
2.112137e+01,2.121852e+01,2.106581e+01,2.126013e+01,2.106581e+01,2.122546e+01,2.108665e+01,2.116302e+01,2.105887e+01,2.113526e+01,2.119078e+01,2.107971e+01,2.115608e+01,2.116996e+01,2.115608e+01,2.107276e+01,2.116302e+01,2.109360e+01,2.109360e+01,2.104497e+01,2.094070e+01,2.112831e+01,2.109360e+01,2.106581e+01,2.105887e+01,2.096156e+01,2.116996e+01,2.119771e+01,2.097547e+01,2.112137e+01,2.101023e+01,2.119078e+01,2.105192e+01,2.104497e+01,2.104497e+01,2.098937e+01,2.104497e+01,2.107276e+01,2.103802e+01,2.096156e+01,2.105887e+01,2.094070e+01,2.112137e+01,2.105192e+01,2.101718e+01,2.110054e+01,2.112831e+01,2.116996e+01,2.114914e+01,2.114220e+01,2.110748e+01,2.120465e+01,2.116302e+01,2.115608e+01,2.117690e+01,2.110054e+01,2.106581e+01,2.119078e+01,2.100327e+01,2.115608e+01,2.121852e+01,2.123240e+01,2.123240e+01,2.113526e+01,2.110748e+01,2.123933e+01,2.116996e+01,2.120465e+01,2.113526e+01,2.093374e+01,2.095461e+01,2.109360e+01,2.103107e+01,2.107971e+01,2.098242e+01,2.102413e+01,2.110748e+01,2.098242e+01,2.107971e+01,2.089200e+01,2.098242e+01,2.109360e+01,2.094765e+01,2.103107e+01,2.112137e+01,2.110054e+01,2.098937e+01,2.107971e+01,2.105192e+01,2.098242e+01,2.096156e+01,2.096852e+01,2.093374e+01,2.105887e+01,2.102413e+01,2.101718e+01,2.103802e+01,2.106581e+01,2.105887e+01,2.116302e+01,2.091287e+01,2.107971e+01,2.103802e+01,2.110748e+01,2.112831e+01,2.112137e+01,2.098242e+01,2.106581e+01,2.108665e+01,2.114220e+01,2.109360e+01,2.110054e+01,2.121852e+01,2.110054e+01,2.107971e+01,2.111443e+01,2.109360e+01,2.093374e+01,2.107276e+01,2.122546e+01,2.119078e+01,2.110054e+01,2.126013e+01,2.110054e+01,2.127400e+01,2.113526e+01,2.127400e+01,2.122546e+01,2.116996e+01,2.112831e+01,2.114220e+01,2.115608e+01,2.131559e+01,2.083632e+01,2.119771e+01,2.108665e+01,2.112137e+01,2.103107e+01,2.103107e+01,2.097547e+01,2.114220e+01,2.098242e+01,2.112831e+01,2.099632e+01,2.106581e+01,2.117690e+01,2.105192e+01,2.115608e+01,2.128093e+01,2.104497e+01,2.112831e+01,2.105192e+01,2.111443e+01,2.105887e+01,2.110054e+01,2.116302e+01,2.114914e+01,2.101023e+01,2.121159e+01,2.103107e+01,2.102413e+01,2.097547e+01,2.107971e+01,2.110748e+01,2.103802e+01,2.100327e+01,2.098937e+01,2.100327e+01,2.100327e+01,2.096156e+01,2.087112e+01,2.085720e+01,2.069697e+01,2.081543e+01,2.080150e+01,2.070394e+01,2.065513e+01,2.062723e+01,2.065513e+01,2.062025e+01,2.048061e+01,2.052252e+01,2.066908e+01,2.056442e+01,2.072486e+01,2.050157e+01,2.055045e+01,2.066908e+01,2.064118e+01,2.050855e+01,2.062723e+01,2.055743e+01,2.048061e+01,2.065513e+01,2.056442e+01,2.057140e+01,2.058536e+01,2.059234e+01,2.059234e+01,2.056442e+01,2.056442e+01,2.055045e+01,2.066211e+01,2.052950e+01,2.052252e+01,2.061327e+01,2.055045e+01,2.052252e+01,2.057140e+01,2.061327e+01,2.059234e+01,2.064118e+01,2.066908e+01,2.057140e+01,2.060629e+01,2.060629e+01,2.059932e+01,2.063420e+01,2.062723e+01,2.055045e+01,2.066211e+01,2.062025e+01,2.066211e+01,2.035476e+01,2.054347e+01,2.041770e+01,2.052252e+01,2.058536e+01,2.059932e+01,2.058536e+01,2.047362e+01,2.059234e+01,2.057140e+01,2.048759e+01,2.063420e+01,2.052950e+01,2.055743e+01,2.063420e+01,2.062723e+01,2.058536e+01,2.068303e+01,2.050855e+01,2.053649e+01,2.062723e+01,2.055045e+01,2.047362e+01,2.057838e+01,2.086416e+01,2.057838e+01,2.092679e+01,2.088504e+01,2.086416e+01,2.093374e+01,2.089200e+01,2.082935e+01,2.084328e+01,2.093374e+01,2.092679e+01,2.091983e+01,2.096852e+01,2.117690e+01,2.110054e+01,2.108665e+01,2.116996e+01,2.114914e+01,2.111443e+01,2.085024e+01,2.098242e+01,2.100327e+01,2.103802e+01,2.093374e+01,2.095461e+01,2.105887e+01,2.088504e+01,2.096852e+01,2.103107e+01,2.100327e+01,2.091287e+01,2.104497e+01,2.105192e+01,2.086416e+01,2.087808e+01,2.084328e+01,2.094070e+01,2.089896e+01,2.087808e+01,2.089896e+01,2.098937e+01,2.091983e+01,2.085024e+01,2.081543e+01,2.082935e+01,2.075273e+01,2.075970e+01,2.051554e+01,2.052950e+01,2.030578e+01,2.017271e+01,2.012364e+01,2.034077e+01,2.038274e+01,2.015869e+01,2.031278e+01,2.022876e+01,2.020074e+01,2.008857e+01,1.986386e+01,2.028478e+01,2.028478e+01,2.022876e+01,2.048759e+01,2.044567e+01,2.043868e+01,2.040372e+01,2.045964e+01,2.057140e+01,2.068303e+01,2.081543e+01,2.062723e+01,2.065513e+01,2.057140e+01,2.064118e+01,2.084328e+01,2.091287e+01,2.088504e+01,2.096852e+01,2.071789e+01,2.079453e+01,2.067605e+01,2.064118e+01,2.071789e+01,2.048759e+01,2.058536e+01,2.073182e+01,2.064118e+01,2.062723e+01,2.066908e+01,2.068303e+01,2.059932e+01,2.079453e+01,2.069697e+01,2.080150e+01,2.070394e+01,2.078757e+01,2.081543e+01,2.085024e+01,2.084328e+01,2.091287e+01,2.081543e+01,2.107971e+01,2.106581e+01,2.107276e+01,2.103802e+01,2.109360e+01,2.105192e+01,2.102413e+01,2.111443e+01,2.111443e+01,2.107971e+01,2.103107e+01,2.108665e+01,2.107971e+01,2.095461e+01,2.091983e+01,2.095461e+01,2.089200e+01,2.091287e+01,2.091983e+01,2.094070e+01,2.081543e+01,2.093374e+01,2.078060e+01,2.088504e+01,2.105192e+01,2.078060e+01,2.081543e+01,2.057140e+01,2.056442e+01,2.057140e+01,2.057140e+01,2.065513e+01,2.059234e+01,2.075273e+01,2.059234e+01,2.064816e+01,2.061327e+01,2.062723e+01,2.060629e+01,2.062723e+01,2.078757e+01,2.071789e+01,2.063420e+01,2.057140e+01,2.068303e+01,2.063420e+01,2.064118e+01,2.066908e+01,2.063420e+01,2.063420e+01,2.064118e+01,2.072486e+01,2.066211e+01,2.071789e+01,2.087808e+01,2.064118e+01,2.085024e+01,2.105192e+01,2.112831e+01,2.111443e+01,2.114220e+01,2.130865e+01,2.124627e+01,2.134330e+01,2.110054e+01,2.119771e+01,2.119771e+01,2.137101e+01,2.135023e+01,2.123240e+01,2.117690e+01,2.136408e+01,2.115608e+01,2.128786e+01,2.128093e+01,2.124627e+01,2.126013e+01,2.126707e+01,2.116996e+01,2.112831e+01,2.121159e+01,2.126013e+01,2.134330e+01,2.126707e+01,2.132944e+01,2.126013e+01,2.126013e+01,2.126707e+01,2.136408e+01,2.121852e+01,2.131559e+01,2.128786e+01,2.126707e+01,2.130865e+01,2.129479e+01,2.133637e+01,2.119078e+01,2.126013e+01,2.128786e+01,2.133637e+01,2.115608e+01,2.133637e+01,2.112831e+01,2.123240e+01,2.123240e+01,2.135715e+01,2.123240e+01,2.129479e+01,2.134330e+01,2.145408e+01,2.143332e+01,2.156474e+01,2.150251e+01,2.144024e+01,2.141255e+01,2.144024e+01,2.153017e+01,2.137793e+01,2.137101e+01,2.164075e+01,2.135715e+01,2.152326e+01,2.140563e+01,2.141255e+01,2.132944e+01,2.129479e+01,2.130173e+01,2.122546e+01,2.131559e+01,2.123933e+01,2.121159e+01,2.121159e+01,2.123933e+01,2.127400e+01,2.159239e+01,2.132944e+01,2.141948e+01,2.144024e+01,2.119078e+01,2.129479e+01,2.128786e+01,2.144716e+01,2.131559e+01,2.133637e+01,2.133637e+01,2.132944e+01,2.133637e+01,2.135715e+01,2.128786e+01,2.123933e+01,2.119771e+01,2.137101e+01,2.130173e+01,2.137793e+01,2.135715e+01,2.137101e+01,2.134330e+01,2.141948e+01,2.129479e+01,2.129479e+01,2.131559e+01,2.142640e+01,2.166147e+01,2.138486e+01,2.153017e+01,2.114914e+01,2.145408e+01,2.128093e+01,2.126013e+01,2.126707e+01,2.105887e+01,2.079453e+01,2.087808e+01,2.071091e+01,2.102413e+01,2.120465e+01,2.105192e+01,2.085720e+01,2.062025e+01,2.062025e+01,2.061327e+01,2.062723e+01,2.059234e+01,2.064816e+01,2.043868e+01,2.071091e+01,2.076667e+01,2.077363e+01,2.061327e+01,2.056442e+01,2.055743e+01,2.073182e+01,2.073879e+01,2.063420e+01,2.063420e+01,2.065513e+01,2.067605e+01,2.066211e+01,2.063420e+01,2.070394e+01,2.069000e+01,2.057140e+01,2.069000e+01,2.058536e+01,2.075273e+01,2.058536e+01,2.061327e+01,2.066211e+01,2.050855e+01,2.071091e+01,2.060629e+01,2.065513e+01,2.070394e+01,2.066908e+01,2.062723e+01,2.064816e+01,2.059932e+01,2.059234e+01,2.064118e+01,2.065513e+01,2.037575e+01,2.045266e+01,2.077363e+01,2.066211e+01,2.065513e+01,2.086416e+01,2.083632e+01,2.077363e+01,2.082935e+01,2.078757e+01,2.081543e+01,2.068303e+01,2.069000e+01,2.074576e+01,2.075970e+01,2.053649e+01,2.065513e+01,2.070394e+01,2.062025e+01,2.064118e+01,2.062025e+01,2.059234e+01,2.056442e+01,2.074576e+01,2.067605e+01,2.065513e+01,2.071091e+01,2.070394e+01,2.071789e+01,2.062723e+01,2.061327e+01,2.067605e+01,2.059234e+01,2.069697e+01,2.057140e+01,2.056442e+01,2.058536e+01,2.062025e+01,2.055045e+01,2.068303e+01,2.087112e+01,2.070394e+01,2.058536e+01,2.064118e+01,2.063420e+01,2.065513e+01,2.061327e+01,2.064118e+01,2.067605e+01,2.058536e+01,2.064118e+01,2.062723e+01,2.064816e+01,2.057838e+01,2.050855e+01,2.059234e+01,2.052950e+01,2.075970e+01,2.061327e+01,2.056442e+01,2.057838e+01,2.062723e+01,2.069000e+01,2.059234e+01,2.053649e+01,2.064118e+01,2.054347e+01,2.056442e+01,2.043169e+01,2.059234e+01,2.052252e+01
2.115608e+01,2.103802e+01,2.105192e+01,2.107276e+01,2.106581e+01,2.103107e+01,2.114220e+01,2.105192e+01,2.108665e+01,2.106581e+01,2.105887e+01,2.107971e+01,2.104497e+01,2.090592e+01,2.101023e+01,2.117690e+01,2.106581e+01,2.116302e+01,2.108665e+01,2.103107e+01,2.107971e+01,2.106581e+01,2.101023e+01,2.107276e+01,2.100327e+01,2.107276e+01,2.118384e+01,2.105192e+01,2.099632e+01,2.102413e+01,2.114220e+01,2.101023e+01,2.108665e+01,2.116302e+01,2.103802e+01,2.099632e+01,2.112137e+01,2.099632e+01,2.101023e+01,2.101023e+01,2.094070e+01,2.091983e+01,2.110054e+01,2.103802e+01,2.113526e+01,2.105192e+01,2.109360e+01,2.110748e+01,2.114220e+01,2.113526e+01,2.115608e+01,2.123240e+01,2.119771e+01,2.113526e+01,2.115608e+01,2.116996e+01,2.105887e+01,2.101023e+01,2.103802e+01,2.117690e+01,2.123240e+01,2.123933e+01,2.112137e+01,2.106581e+01,2.119078e+01,2.124627e+01,2.110748e+01,2.110054e+01,2.105192e+01,2.111443e+01,2.112831e+01,2.133637e+01,2.106581e+01,2.101023e+01,2.105192e+01,2.096156e+01,2.099632e+01,2.110748e+01,2.084328e+01,2.106581e+01,2.088504e+01,2.116302e+01,2.115608e+01,2.120465e+01,2.101023e+01,2.103802e+01,2.098242e+01,2.107276e+01,2.109360e+01,2.106581e+01,2.097547e+01,2.095461e+01,2.105887e+01,2.102413e+01,2.105887e+01,2.103802e+01,2.108665e+01,2.109360e+01,2.087112e+01,2.094070e+01,2.112137e+01,2.121852e+01,2.117690e+01,2.098242e+01,2.101718e+01,2.102413e+01,2.098242e+01,2.103107e+01,2.108665e+01,2.107971e+01,2.117690e+01,2.109360e+01,2.109360e+01,2.109360e+01,2.105887e+01,2.112137e+01,2.110054e+01,2.111443e+01,2.114914e+01,2.106581e+01,2.111443e+01,2.112137e+01,2.103802e+01,2.106581e+01,2.101023e+01,2.119078e+01,2.111443e+01,2.128093e+01,2.128786e+01,2.131559e+01,2.105192e+01,2.119078e+01,2.119078e+01,2.129479e+01,2.117690e+01,2.113526e+01,2.126013e+01,2.117690e+01,2.117690e+01,2.114914e+01,2.112831e+01,2.108665e+01,2.114914e+01,2.104497e+01,2.127400e+01,2.110748e+01,2.105887e+01,2.114220e+01,2.108665e+01,2.107971e+01,2.103107e+01,2.103107e+01,2.091287e+01,2.116996e+01,2.109360e+01,2.090592e+01,2.093374e+01,2.093374e+01,2.091983e+01,2.093374e+01,2.098937e+01,2.098937e+01,2.105887e+01,2.077363e+01,2.101023e+01,2.083632e+01,2.071789e+01,2.063420e+01,2.078060e+01,2.066908e+01,2.066211e+01,2.064118e+01,2.071789e+01,2.055743e+01,2.052950e+01,2.062723e+01,2.059932e+01,2.066211e+01,2.045964e+01,2.061327e+01,2.062025e+01,2.061327e+01,2.057838e+01,2.060629e+01,2.058536e+01,2.052252e+01,2.050855e+01,2.054347e+01,2.050157e+01,2.051554e+01,2.051554e+01,2.054347e+01,2.048759e+01,2.055045e+01,2.055045e+01,2.054347e+01,2.063420e+01,2.062723e+01,2.058536e+01,2.059932e+01,2.058536e+01,2.052252e+01,2.050855e+01,2.068303e+01,2.053649e+01,2.059932e+01,2.050855e+01,2.052252e+01,2.063420e+01,2.055743e+01,2.067605e+01,2.048759e+01,2.067605e+01,2.054347e+01,2.075273e+01,2.059234e+01,2.060629e+01,2.056442e+01,2.072486e+01,2.059932e+01,2.048061e+01,2.057140e+01,2.065513e+01,2.056442e+01,2.057838e+01,2.050157e+01,2.057140e+01,2.050855e+01,2.057838e+01,2.056442e+01,2.050855e+01,2.044567e+01,2.059234e+01,2.044567e+01,2.060629e+01,2.057140e+01,2.066908e+01,2.057838e+01,2.066908e+01,2.066211e+01,2.054347e+01,2.058536e+01,2.057838e+01,2.053649e+01,2.056442e+01,2.053649e+01,2.063420e+01,2.066908e+01,2.059932e+01,2.068303e+01,2.075273e+01,2.068303e+01,2.087112e+01,2.085720e+01,2.087112e+01,2.092679e+01,2.087808e+01,2.093374e+01,2.094070e+01,2.095461e+01,2.091287e+01,2.091983e+01,2.089200e+01,2.085024e+01,2.085720e+01,2.089896e+01,2.102413e+01,2.085024e+01,2.103802e+01,2.087808e+01,2.097547e+01,2.087112e+01,2.104497e+01,2.082239e+01,2.103107e+01,2.082935e+01,2.078757e+01,2.100327e+01,2.076667e+01,2.085720e+01,2.069000e+01,2.066908e+01,2.091983e+01,2.092679e+01,2.085720e+01,2.094765e+01,2.085720e+01,2.086416e+01,2.062025e+01,2.086416e+01,2.061327e+01,2.067605e+01,2.047362e+01,2.020774e+01,2.015168e+01,2.005350e+01,1.977947e+01,1.977947e+01,1.973725e+01,1.963865e+01,1.967388e+01,1.976540e+01,2.002542e+01,1.982871e+01,1.983574e+01,1.986386e+01,1.987792e+01,1.987090e+01,1.992711e+01,1.987090e+01,2.026378e+01,2.037575e+01,2.050855e+01,2.049458e+01,2.047362e+01,2.067605e+01,2.076667e+01,2.069000e+01,2.069697e+01,2.064118e+01,2.062723e+01,2.069000e+01,2.062723e+01,2.068303e+01,2.087112e+01,2.091287e+01,2.082239e+01,2.071091e+01,2.069697e+01,2.071789e+01,2.059932e+01,2.055743e+01,2.061327e+01,2.055045e+01,2.061327e+01,2.059932e+01,2.075970e+01,2.067605e+01,2.057838e+01,2.057140e+01,2.057838e+01,2.073879e+01,2.082935e+01,2.083632e+01,2.083632e+01,2.081543e+01,2.092679e+01,2.081543e+01,2.089200e+01,2.094765e+01,2.096156e+01,2.104497e+01,2.119078e+01,2.106581e+01,2.114220e+01,2.105192e+01,2.098937e+01,2.107971e+01,2.098937e+01,2.098937e+01,2.113526e+01,2.098242e+01,2.086416e+01,2.103107e+01,2.087112e+01,2.094070e+01,2.101718e+01,2.086416e+01,2.087112e+01,2.075970e+01,2.085720e+01,2.090592e+01,2.085024e+01,2.087808e+01,2.087808e+01,2.074576e+01,2.059932e+01,2.065513e+01,2.069000e+01,2.062025e+01,2.057838e+01,2.068303e+01,2.064816e+01,2.069000e+01,2.072486e+01,2.069000e+01,2.062723e+01,2.062723e+01,2.062025e+01,2.061327e+01,2.059932e+01,2.066211e+01,2.059932e+01,2.066211e+01,2.069000e+01,2.062723e+01,2.069000e+01,2.056442e+01,2.055743e+01,2.073182e+01,2.076667e+01,2.069697e+01,2.067605e+01,2.074576e+01,2.059234e+01,2.059932e+01,2.063420e+01,2.085720e+01,2.082935e+01,2.073879e+01,2.079453e+01,2.112137e+01,2.135023e+01,2.141255e+01,2.135715e+01,2.135023e+01,2.140563e+01,2.135715e+01,2.139178e+01,2.133637e+01,2.137793e+01,2.119771e+01,2.117690e+01,2.130865e+01,2.125320e+01,2.125320e+01,2.123240e+01,2.128786e+01,2.121159e+01,2.124627e+01,2.121159e+01,2.126707e+01,2.129479e+01,2.132252e+01,2.118384e+01,2.126707e+01,2.130173e+01,2.128093e+01,2.116996e+01,2.130173e+01,2.126013e+01,2.128786e+01,2.132944e+01,2.132944e+01,2.135023e+01,2.119078e+01,2.135023e+01,2.121159e+01,2.111443e+01,2.130173e+01,2.134330e+01,2.111443e+01,2.130865e+01,2.131559e+01,2.129479e+01,2.126013e+01,2.133637e+01,2.135023e+01,2.129479e+01,2.132944e+01,2.131559e+01,2.138486e+01,2.129479e+01,2.137793e+01,2.137101e+01,2.138486e+01,2.132252e+01,2.132944e+01,2.132944e+01,2.136408e+01,2.133637e+01,2.133637e+01,2.138486e+01,2.126707e+01,2.122546e+01,2.130173e+01,2.120465e+01,2.126013e+01,2.116996e+01,2.109360e+01,2.121159e+01,2.119771e+01,2.121852e+01,2.144716e+01,2.131559e+01,2.131559e+01,2.129479e+01,2.132944e+01,2.138486e+01,2.126013e+01,2.126707e+01,2.123240e+01,2.133637e+01,2.128786e+01,2.132252e+01,2.142640e+01,2.120465e+01,2.118384e+01,2.126013e+01,2.133637e+01,2.125320e+01,2.126707e+01,2.131559e+01,2.126707e+01,2.129479e+01,2.141948e+01,2.137101e+01,2.130173e+01,2.131559e+01,2.130865e+01,2.130865e+01,2.134330e+01,2.137793e+01,2.120465e+01,2.122546e+01,2.117690e+01,2.128093e+01,2.127400e+01,2.128093e+01,2.105887e+01,2.081543e+01,2.082935e+01,2.106581e+01,2.085024e+01,2.105887e+01,2.106581e+01,2.078757e+01,2.072486e+01,2.071789e+01,2.060629e+01,2.065513e+01,2.044567e+01,2.069697e+01,2.061327e+01,2.078060e+01,2.065513e+01,2.075970e+01,2.058536e+01,2.062025e+01,2.065513e+01,2.071091e+01,2.062723e+01,2.062025e+01,2.057140e+01,2.064118e+01,2.068303e+01,2.067605e+01,2.050157e+01,2.067605e+01,2.066908e+01,2.069697e+01,2.063420e+01,2.057838e+01,2.068303e+01,2.061327e+01,2.062025e+01,2.063420e+01,2.064118e+01,2.048759e+01,2.065513e+01,2.064118e+01,2.055743e+01,2.064816e+01,2.060629e+01,2.067605e+01,2.072486e+01,2.069697e+01,2.064816e+01,2.062025e+01,2.062723e+01,2.087112e+01,2.062723e+01,2.062025e+01,2.055045e+01,2.070394e+01,2.077363e+01,2.075273e+01,2.076667e+01,2.075273e+01,2.066908e+01,2.063420e+01,2.067605e+01,2.060629e+01,2.054347e+01,2.061327e+01,2.058536e+01,2.070394e+01,2.062723e+01,2.065513e+01,2.059932e+01,2.059932e+01,2.050855e+01,2.035476e+01,2.051554e+01,2.070394e+01,2.071789e+01,2.062025e+01,2.062025e+01,2.063420e+01,2.062025e+01,2.048061e+01,2.063420e+01,2.073182e+01,2.070394e+01,2.059234e+01,2.059234e+01,2.058536e+01,2.059234e+01,2.063420e+01,2.068303e+01,2.048759e+01,2.048759e+01,2.066211e+01,2.048759e+01,2.057140e+01,2.052252e+01,2.054347e+01,2.059234e+01,2.066211e+01,2.059932e+01,2.064816e+01,2.069000e+01,2.058536e+01,2.051554e+01,2.053649e+01,2.061327e+01,2.048759e+01,2.062025e+01,2.050855e+01,2.071091e+01,2.065513e+01,2.072486e+01,2.057140e+01,2.064118e+01,2.043169e+01,2.062723e+01,2.062025e+01,2.056442e+01,2.067605e+01,2.052252e+01
2.098242e+01,2.096156e+01,2.102413e+01,2.103107e+01,2.104497e+01,2.107276e+01,2.114220e+01,2.113526e+01,2.110054e+01,2.110748e+01,2.094765e+01,2.116996e+01,2.105887e+01,2.104497e+01,2.103802e+01,2.096156e+01,2.091983e+01,2.107971e+01,2.108665e+01,2.111443e+01,2.110748e+01,2.100327e+01,2.104497e+01,2.107276e+01,2.102413e+01,2.114220e+01,2.105887e+01,2.104497e+01,2.103107e+01,2.107971e+01,2.093374e+01,2.089200e+01,2.098242e+01,2.109360e+01,2.103802e+01,2.112137e+01,2.101718e+01,2.105192e+01,2.101718e+01,2.101023e+01,2.090592e+01,2.101718e+01,2.098242e+01,2.097547e+01,2.107276e+01,2.105192e+01,2.109360e+01,2.114220e+01,2.101718e+01,2.114914e+01,2.111443e+01,2.114220e+01,2.114914e+01,2.113526e+01,2.096156e+01,2.096852e+01,2.114220e+01,2.105192e+01,2.110054e+01,2.121852e+01,2.101718e+01,2.107276e+01,2.101023e+01,2.121852e+01,2.103107e+01,2.103107e+01,2.123933e+01,2.116302e+01,2.109360e+01,2.107276e+01,2.106581e+01,2.104497e+01,2.103107e+01,2.106581e+01,2.122546e+01,2.094765e+01,2.082935e+01,2.101023e+01,2.108665e+01,2.106581e+01,2.112831e+01,2.101023e+01,2.103802e+01,2.109360e+01,2.107276e+01,2.102413e+01,2.096852e+01,2.100327e+01,2.095461e+01,2.100327e+01,2.107276e+01,2.101718e+01,2.096852e+01,2.103107e+01,2.103802e+01,2.113526e+01,2.107276e+01,2.114220e+01,2.107276e+01,2.100327e+01,2.110748e+01,2.109360e+01,2.104497e+01,2.110748e+01,2.101718e+01,2.105887e+01,2.101718e+01,2.106581e+01,2.092679e+01,2.103107e+01,2.109360e+01,2.107971e+01,2.113526e+01,2.110054e+01,2.110054e+01,2.111443e+01,2.104497e+01,2.115608e+01,2.116302e+01,2.110748e+01,2.107971e+01,2.106581e+01,2.107276e+01,2.108665e+01,2.105887e+01,2.107276e+01,2.123933e+01,2.131559e+01,2.116302e+01,2.119771e+01,2.115608e+01,2.119078e+01,2.115608e+01,2.121852e+01,2.110054e+01,2.105192e+01,2.118384e+01,2.114914e+01,2.108665e+01,2.114220e+01,2.099632e+01,2.103107e+01,2.112831e+01,2.104497e+01,2.103802e+01,2.096852e+01,2.107971e+01,2.119078e+01,2.126013e+01,2.117690e+01,2.094765e+01,2.099632e+01,2.096156e+01,2.114220e+01,2.099632e+01,2.093374e+01,2.062723e+01,2.074576e+01,2.071789e+01,2.072486e+01,2.075970e+01,2.062025e+01,2.069697e+01,2.071789e+01,2.066211e+01,2.076667e+01,2.072486e+01,2.064816e+01,2.063420e+01,2.055045e+01,2.062025e+01,2.063420e+01,2.057838e+01,2.058536e+01,2.057838e+01,2.061327e+01,2.062025e+01,2.074576e+01,2.058536e+01,2.069000e+01,2.062723e+01,2.061327e+01,2.062723e+01,2.055045e+01,2.063420e+01,2.061327e+01,2.038974e+01,2.062025e+01,2.062723e+01,2.057838e+01,2.052950e+01,2.051554e+01,2.059234e+01,2.057140e+01,2.048759e+01,2.045964e+01,2.060629e+01,2.061327e+01,2.055743e+01,2.055045e+01,2.055743e+01,2.058536e+01,2.062723e+01,2.053649e+01,2.055045e+01,2.052950e+01,2.053649e+01,2.054347e+01,2.051554e+01,2.062723e+01,2.055743e+01,2.042470e+01,2.073182e+01,2.058536e+01,2.075970e+01,2.056442e+01,2.057838e+01,2.059932e+01,2.055743e+01,2.058536e+01,2.057838e+01,2.055045e+01,2.052950e+01,2.068303e+01,2.055045e+01,2.059234e+01,2.052252e+01,2.055045e+01,2.061327e+01,2.061327e+01,2.059932e+01,2.059932e+01,2.057838e+01,2.059932e+01,2.059234e+01,2.053649e+01,2.060629e+01,2.059234e+01,2.050855e+01,2.056442e+01,2.052950e+01,2.054347e+01,2.058536e+01,2.057838e+01,2.058536e+01,2.055743e+01,2.053649e+01,2.059234e+01,2.058536e+01,2.059234e+01,2.062723e+01,2.062723e+01,2.063420e+01,2.073182e+01,2.061327e+01,2.088504e+01,2.073879e+01,2.082935e+01,2.088504e+01,2.087112e+01,2.105887e+01,2.099632e+01,2.096852e+01,2.089896e+01,2.094070e+01,2.101023e+01,2.100327e+01,2.102413e+01,2.079453e+01,2.089896e+01,2.078757e+01,2.082935e+01,2.085024e+01,2.075273e+01,2.086416e+01,2.078757e+01,2.076667e+01,2.066908e+01,2.068303e+01,2.067605e+01,2.074576e+01,2.075970e+01,2.069697e+01,2.073879e+01,2.081543e+01,2.065513e+01,2.078060e+01,2.062723e+01,2.085720e+01,2.087112e+01,2.062025e+01,2.038974e+01,2.015869e+01,1.977243e+01,1.991306e+01,1.970909e+01,1.963161e+01,1.949764e+01,1.938468e+01,1.948352e+01,1.948352e+01,1.963161e+01,1.975132e+01,1.982871e+01,1.973725e+01,1.951880e+01,1.962456e+01,1.952586e+01,1.968092e+01,1.973021e+01,1.981464e+01,1.989901e+01,2.025677e+01,2.055743e+01,2.047362e+01,2.078060e+01,2.091983e+01,2.073879e+01,2.086416e+01,2.081543e+01,2.093374e+01,2.092679e+01,2.092679e+01,2.095461e+01,2.091983e+01,2.088504e+01,2.098937e+01,2.076667e+01,2.070394e+01,2.055045e+01,2.065513e+01,2.061327e+01,2.071091e+01,2.062723e+01,2.061327e+01,2.062025e+01,2.066908e+01,2.059932e+01,2.054347e+01,2.059932e+01,2.057838e+01,2.066211e+01,2.079453e+01,2.070394e+01,2.075273e+01,2.080150e+01,2.084328e+01,2.082935e+01,2.097547e+01,2.092679e+01,2.093374e+01,2.114220e+01,2.087112e+01,2.097547e+01,2.101023e+01,2.112831e+01,2.101023e+01,2.098242e+01,2.097547e+01,2.102413e+01,2.096852e+01,2.091983e+01,2.078757e+01,2.088504e+01,2.092679e+01,2.085720e+01,2.080846e+01,2.073879e+01,2.080150e+01,2.082239e+01,2.089200e+01,2.088504e+01,2.089896e+01,2.074576e+01,2.078757e+01,2.066211e+01,2.072486e+01,2.073182e+01,2.064118e+01,2.058536e+01,2.066908e+01,2.067605e+01,2.069000e+01,2.071091e+01,2.067605e+01,2.069697e+01,2.058536e+01,2.063420e+01,2.071789e+01,2.066211e+01,2.059932e+01,2.070394e+01,2.069000e+01,2.069000e+01,2.067605e+01,2.063420e+01,2.072486e+01,2.073182e+01,2.073879e+01,2.071789e+01,2.073879e+01,2.075970e+01,2.069697e+01,2.069697e+01,2.079453e+01,2.062723e+01,2.050157e+01,2.073879e+01,2.065513e+01,2.048061e+01,2.072486e+01,2.098937e+01,2.115608e+01,2.133637e+01,2.137793e+01,2.142640e+01,2.157857e+01,2.145408e+01,2.144716e+01,2.148868e+01,2.148176e+01,2.124627e+01,2.126707e+01,2.126707e+01,2.132944e+01,2.139178e+01,2.142640e+01,2.124627e+01,2.132944e+01,2.126707e+01,2.121852e+01,2.130173e+01,2.135715e+01,2.128786e+01,2.126013e+01,2.130865e+01,2.130173e+01,2.116996e+01,2.127400e+01,2.131559e+01,2.130173e+01,2.128093e+01,2.132252e+01,2.123933e+01,2.132944e+01,2.119078e+01,2.128786e+01,2.126013e+01,2.136408e+01,2.128786e+01,2.121159e+01,2.130865e+01,2.130865e+01,2.130865e+01,2.132944e+01,2.130865e+01,2.135715e+01,2.137101e+01,2.143332e+01,2.121852e+01,2.131559e+01,2.133637e+01,2.127400e+01,2.135715e+01,2.130865e+01,2.117690e+01,2.115608e+01,2.123240e+01,2.130865e+01,2.131559e+01,2.139871e+01,2.135715e+01,2.132944e+01,2.130173e+01,2.122546e+01,2.121852e+01,2.125320e+01,2.132252e+01,2.132944e+01,2.119771e+01,2.116996e+01,2.116302e+01,2.122546e+01,2.116996e+01,2.126013e+01,2.124627e+01,2.135023e+01,2.129479e+01,2.128786e+01,2.126707e+01,2.116996e+01,2.124627e+01,2.132944e+01,2.129479e+01,2.130173e+01,2.128093e+01,2.122546e+01,2.129479e+01,2.128786e+01,2.130173e+01,2.127400e+01,2.129479e+01,2.123240e+01,2.132944e+01,2.135715e+01,2.124627e+01,2.143332e+01,2.134330e+01,2.139871e+01,2.132252e+01,2.139178e+01,2.135023e+01,2.132252e+01,2.131559e+01,2.134330e+01,2.138486e+01,2.130173e+01,2.133637e+01,2.135023e+01,2.090592e+01,2.089896e+01,2.082239e+01,2.103107e+01,2.081543e+01,2.087808e+01,2.096156e+01,2.079453e+01,2.064816e+01,2.077363e+01,2.056442e+01,2.059234e+01,2.061327e+01,2.079453e+01,2.043868e+01,2.063420e+01,2.052252e+01,2.057140e+01,2.062025e+01,2.060629e+01,2.058536e+01,2.063420e+01,2.064118e+01,2.063420e+01,2.064118e+01,2.069000e+01,2.064816e+01,2.068303e+01,2.066908e+01,2.063420e+01,2.080846e+01,2.064816e+01,2.078060e+01,2.064118e+01,2.074576e+01,2.075273e+01,2.060629e+01,2.071091e+01,2.064816e+01,2.055743e+01,2.067605e+01,2.057838e+01,2.068303e+01,2.065513e+01,2.054347e+01,2.058536e+01,2.067605e+01,2.067605e+01,2.059932e+01,2.050855e+01,2.059932e+01,2.062723e+01,2.062025e+01,2.063420e+01,2.066211e+01,2.057140e+01,2.065513e+01,2.075273e+01,2.056442e+01,2.068303e+01,2.061327e+01,2.055045e+01,2.060629e+01,2.055743e+01,2.051554e+01,2.066211e+01,2.062025e+01,2.066211e+01,2.080846e+01,2.047362e+01,2.058536e+01,2.066908e+01,2.052950e+01,2.062723e+01,2.069000e+01,2.052950e+01,2.058536e+01,2.069000e+01,2.057140e+01,2.075970e+01,2.059932e+01,2.069697e+01,2.058536e+01,2.060629e+01,2.045964e+01,2.050157e+01,2.059932e+01,2.064816e+01,2.065513e+01,2.058536e+01,2.064816e+01,2.066908e+01,2.065513e+01,2.054347e+01,2.062723e+01,2.056442e+01,2.041071e+01,2.059932e+01,2.066211e+01,2.066908e+01,2.061327e+01,2.049458e+01,2.053649e+01,2.048759e+01,2.069000e+01,2.062723e+01,2.052252e+01,2.052252e+01,2.058536e+01,2.059234e+01,2.062025e+01,2.055045e+01,2.056442e+01,2.066211e+01,2.061327e+01,2.065513e+01,2.054347e+01,2.043868e+01,2.061327e+01,2.055743e+01,2.059234e+01
2.124627e+01,2.098937e+01,2.094765e+01,2.098242e+01,2.071789e+01,2.087112e+01,2.100327e+01,2.080846e+01,2.101023e+01,2.086416e+01,2.107971e+01,2.094765e+01,2.107276e+01,2.085024e+01,2.105192e+01,2.100327e+01,2.101023e+01,2.085024e+01,2.081543e+01,2.084328e+01,2.094765e+01,2.091983e+01,2.098242e+01,2.086416e+01,2.074576e+01,2.091983e+01,2.091983e+01,2.087808e+01,2.087112e+01,2.090592e+01,2.081543e+01,2.093374e+01,2.111443e+01,2.074576e+01,2.097547e+01,2.098937e+01,2.091983e+01,2.096852e+01,2.078060e+01,2.078060e+01,2.091287e+01,2.089896e+01,2.097547e+01,2.094765e+01,2.091287e+01,2.094070e+01,2.099632e+01,2.096852e+01,2.094765e+01,2.101023e+01,2.119771e+01,2.105192e+01,2.120465e+01,2.110748e+01,2.114220e+01,2.112831e+01,2.114914e+01,2.114914e+01,2.113526e+01,2.121159e+01,2.104497e+01,2.117690e+01,2.104497e+01,2.114220e+01,2.102413e+01,2.110748e+01,2.114914e+01,2.111443e+01,2.116996e+01,2.101718e+01,2.101718e+01,2.107276e+01,2.106581e+01,2.096852e+01,2.105192e+01,2.097547e+01,2.107276e+01,2.109360e+01,2.098937e+01,2.096852e+01,2.099632e+01,2.107971e+01,2.101023e+01,2.101023e+01,2.102413e+01,2.110054e+01,2.100327e+01,2.095461e+01,2.098937e+01,2.096852e+01,2.098937e+01,2.096852e+01,2.107276e+01,2.104497e+01,2.110054e+01,2.101718e+01,2.091287e+01,2.098937e+01,2.105192e+01,2.114914e+01,2.091983e+01,2.094070e+01,2.101718e+01,2.101718e+01,2.103107e+01,2.091287e+01,2.096156e+01,2.101718e+01,2.113526e+01,2.111443e+01,2.096156e+01,2.108665e+01,2.110054e+01,2.104497e+01,2.096156e+01,2.103107e+01,2.110748e+01,2.109360e+01,2.108665e+01,2.114220e+01,2.103802e+01,2.113526e+01,2.110054e+01,2.126707e+01,2.112831e+01,2.107971e+01,2.118384e+01,2.113526e+01,2.105192e+01,2.120465e+01,2.113526e+01,2.110054e+01,2.112831e+01,2.119078e+01,2.113526e+01,2.104497e+01,2.105192e+01,2.111443e+01,2.112831e+01,2.133637e+01,2.097547e+01,2.116302e+01,2.101023e+01,2.095461e+01,2.117690e+01,2.108665e+01,2.102413e+01,2.130173e+01,2.094765e+01,2.101718e+01,2.096852e+01,2.097547e+01,2.102413e+01,2.084328e+01,2.103802e+01,2.094070e+01,2.064816e+01,2.066211e+01,2.061327e+01,2.070394e+01,2.063420e+01,2.073182e+01,2.068303e+01,2.064118e+01,2.071091e+01,2.069000e+01,2.073182e+01,2.062723e+01,2.069000e+01,2.050855e+01,2.053649e+01,2.057140e+01,2.075273e+01,2.059234e+01,2.059234e+01,2.062025e+01,2.053649e+01,2.050855e+01,2.043868e+01,2.062025e+01,2.059234e+01,2.061327e+01,2.060629e+01,2.060629e+01,2.059932e+01,2.046663e+01,2.045266e+01,2.044567e+01,2.063420e+01,2.059932e+01,2.061327e+01,2.052950e+01,2.052950e+01,2.056442e+01,2.057140e+01,2.042470e+01,2.062025e+01,2.054347e+01,2.052950e+01,2.045964e+01,2.046663e+01,2.060629e+01,2.055045e+01,2.059932e+01,2.062025e+01,2.062025e+01,2.062025e+01,2.054347e+01,2.055045e+01,2.052950e+01,2.061327e+01,2.050855e+01,2.050855e+01,2.059234e+01,2.058536e+01,2.057140e+01,2.058536e+01,2.059932e+01,2.059234e+01,2.059932e+01,2.064118e+01,2.064118e+01,2.038274e+01,2.061327e+01,2.068303e+01,2.066908e+01,2.063420e+01,2.056442e+01,2.060629e+01,2.060629e+01,2.060629e+01,2.040372e+01,2.061327e+01,2.069697e+01,2.050157e+01,2.066211e+01,2.059932e+01,2.064816e+01,2.064816e+01,2.058536e+01,2.065513e+01,2.049458e+01,2.059932e+01,2.057140e+01,2.055045e+01,2.057838e+01,2.055045e+01,2.058536e+01,2.059932e+01,2.057838e+01,2.062025e+01,2.059932e+01,2.062025e+01,2.063420e+01,2.061327e+01,2.075970e+01,2.064816e+01,2.070394e+01,2.081543e+01,2.086416e+01,2.110054e+01,2.101023e+01,2.077363e+01,2.071091e+01,2.086416e+01,2.085720e+01,2.077363e+01,2.084328e+01,2.084328e+01,2.072486e+01,2.078060e+01,2.050157e+01,2.055743e+01,2.065513e+01,2.080150e+01,2.065513e+01,2.061327e+01,2.068303e+01,2.055743e+01,2.064816e+01,2.062025e+01,2.055743e+01,2.055045e+01,2.058536e+01,2.061327e+01,2.059234e+01,2.060629e+01,2.066908e+01,2.061327e+01,2.061327e+01,2.061327e+01,2.015869e+01,1.984980e+01,1.977947e+01,1.950469e+01,1.956112e+01,1.944823e+01,1.950469e+01,1.935642e+01,1.944823e+01,1.929988e+01,1.932109e+01,1.944118e+01,1.934229e+01,1.935642e+01,1.929281e+01,1.931402e+01,1.948352e+01,1.949764e+01,1.983574e+01,1.981464e+01,1.979354e+01,1.982871e+01,2.012364e+01,2.003946e+01,2.062723e+01,2.050157e+01,2.075273e+01,2.070394e+01,2.071789e+01,2.055743e+01,2.080150e+01,2.087808e+01,2.071091e+01,2.073182e+01,2.088504e+01,2.093374e+01,2.076667e+01,2.102413e+01,2.060629e+01,2.073879e+01,2.071789e+01,2.053649e+01,2.074576e+01,2.064816e+01,2.059234e+01,2.065513e+01,2.069697e+01,2.057140e+01,2.072486e+01,2.057838e+01,2.068303e+01,2.075273e+01,2.073182e+01,2.080846e+01,2.086416e+01,2.082935e+01,2.089896e+01,2.089896e+01,2.102413e+01,2.089200e+01,2.094070e+01,2.092679e+01,2.098242e+01,2.112831e+01,2.101718e+01,2.085024e+01,2.094070e+01,2.095461e+01,2.096156e+01,2.091287e+01,2.089896e+01,2.089200e+01,2.077363e+01,2.093374e+01,2.100327e+01,2.082935e+01,2.080150e+01,2.066908e+01,2.085720e+01,2.085024e+01,2.063420e+01,2.066211e+01,2.078060e+01,2.074576e+01,2.062025e+01,2.076667e+01,2.052252e+01,2.067605e+01,2.066908e+01,2.060629e+01,2.067605e+01,2.072486e+01,2.071091e+01,2.067605e+01,2.062723e+01,2.055743e+01,2.064816e+01,2.060629e+01,2.062025e+01,2.063420e+01,2.063420e+01,2.055045e+01,2.070394e+01,2.067605e+01,2.073182e+01,2.066908e+01,2.067605e+01,2.062723e+01,2.073879e+01,2.073182e+01,2.083632e+01,2.060629e+01,2.052252e+01,2.065513e+01,2.061327e+01,2.059234e+01,2.074576e+01,2.050855e+01,2.064118e+01,2.089200e+01,2.098937e+01,2.114914e+01,2.125320e+01,2.133637e+01,2.141948e+01,2.148176e+01,2.139178e+01,2.147484e+01,2.147484e+01,2.146792e+01,2.158548e+01,2.157166e+01,2.137793e+01,2.128786e+01,2.128786e+01,2.130173e+01,2.136408e+01,2.125320e+01,2.119078e+01,2.120465e+01,2.125320e+01,2.126707e+01,2.129479e+01,2.128786e+01,2.125320e+01,2.130173e+01,2.118384e+01,2.129479e+01,2.130173e+01,2.121159e+01,2.131559e+01,2.152326e+01,2.128786e+01,2.114914e+01,2.124627e+01,2.124627e+01,2.122546e+01,2.121159e+01,2.116302e+01,2.133637e+01,2.130865e+01,2.129479e+01,2.128093e+01,2.129479e+01,2.128093e+01,2.126013e+01,2.126013e+01,2.128093e+01,2.116302e+01,2.130173e+01,2.128093e+01,2.137101e+01,2.133637e+01,2.130865e+01,2.121852e+01,2.134330e+01,2.121852e+01,2.128093e+01,2.099632e+01,2.128786e+01,2.124627e+01,2.134330e+01,2.161312e+01,2.123933e+01,2.124627e+01,2.119771e+01,2.127400e+01,2.126707e+01,2.122546e+01,2.115608e+01,2.117690e+01,2.125320e+01,2.126013e+01,2.125320e+01,2.127400e+01,2.127400e+01,2.120465e+01,2.121159e+01,2.123240e+01,2.127400e+01,2.130865e+01,2.127400e+01,2.116996e+01,2.129479e+01,2.096156e+01,2.121159e+01,2.132944e+01,2.130865e+01,2.130173e+01,2.107971e+01,2.131559e+01,2.135023e+01,2.138486e+01,2.136408e+01,2.124627e+01,2.131559e+01,2.128093e+01,2.136408e+01,2.134330e+01,2.135715e+01,2.121159e+01,2.131559e+01,2.130865e+01,2.119078e+01,2.126013e+01,2.125320e+01,2.112831e+01,2.116996e+01,2.104497e+01,2.091287e+01,2.079453e+01,2.085720e+01,2.089200e+01,2.104497e+01,2.102413e+01,2.072486e+01,2.078060e+01,2.057838e+01,2.074576e+01,2.061327e+01,2.046663e+01,2.059932e+01,2.057838e+01,2.080150e+01,2.045964e+01,2.062025e+01,2.062723e+01,2.063420e+01,2.063420e+01,2.063420e+01,2.080150e+01,2.079453e+01,2.062025e+01,2.060629e+01,2.069697e+01,2.062723e+01,2.067605e+01,2.066211e+01,2.048061e+01,2.066211e+01,2.043868e+01,2.060629e+01,2.052950e+01,2.061327e+01,2.056442e+01,2.056442e+01,2.064118e+01,2.071091e+01,2.062723e+01,2.064118e+01,2.068303e+01,2.067605e+01,2.070394e+01,2.059932e+01,2.066211e+01,2.059932e+01,2.059932e+01,2.059932e+01,2.049458e+01,2.062025e+01,2.062025e+01,2.055743e+01,2.062025e+01,2.062025e+01,2.069697e+01,2.055743e+01,2.061327e+01,2.051554e+01,2.055743e+01,2.047362e+01,2.072486e+01,2.064816e+01,2.061327e+01,2.056442e+01,2.066908e+01,2.062723e+01,2.056442e+01,2.054347e+01,2.055743e+01,2.051554e+01,2.062723e+01,2.048759e+01,2.051554e+01,2.051554e+01,2.052252e+01,2.055045e+01,2.060629e+01,2.055743e+01,2.057140e+01,2.054347e+01,2.050157e+01,2.063420e+01,2.083632e+01,2.084328e+01,2.082239e+01,2.062723e+01,2.064816e+01,2.075273e+01,2.052252e+01,2.042470e+01,2.063420e+01,2.064816e+01,2.051554e+01,2.057838e+01,2.053649e+01,2.054347e+01,2.059234e+01,2.051554e+01,2.059932e+01,2.046663e+01,2.064118e+01,2.049458e+01,2.050855e+01,2.062723e+01,2.061327e+01,2.065513e+01,2.040372e+01,2.073182e+01,2.039673e+01,2.061327e+01,2.074576e+01,2.065513e+01,2.057140e+01,2.055045e+01,2.059234e+01,2.052252e+01,2.055743e+01,2.057838e+01,2.042470e+01
2.091983e+01,2.073879e+01,2.093374e+01,2.071091e+01,2.094070e+01,2.075273e+01,2.073182e+01,2.083632e+01,2.086416e+01,2.087112e+01,2.078757e+01,2.075970e+01,2.080846e+01,2.088504e+01,2.085720e+01,2.098242e+01,2.089200e+01,2.084328e+01,2.081543e+01,2.077363e+01,2.076667e+01,2.076667e+01,2.073182e+01,2.082935e+01,2.075273e+01,2.073182e+01,2.070394e+01,2.049458e+01,2.050157e+01,2.060629e+01,2.073182e+01,2.072486e+01,2.073182e+01,2.066211e+01,2.057140e+01,2.057838e+01,2.059932e+01,2.071789e+01,2.070394e+01,2.075273e+01,2.071091e+01,2.074576e+01,2.048061e+01,2.059932e+01,2.058536e+01,2.062025e+01,2.062723e+01,2.085720e+01,2.097547e+01,2.090592e+01,2.092679e+01,2.092679e+01,2.095461e+01,2.107971e+01,2.103802e+01,2.112137e+01,2.110054e+01,2.116996e+01,2.110748e+01,2.150943e+01,2.114220e+01,2.103802e+01,2.107971e+01,2.111443e+01,2.110748e+01,2.110748e+01,2.105192e+01,2.111443e+01,2.107276e+01,2.087112e+01,2.087808e+01,2.107971e+01,2.103107e+01,2.087112e+01,2.091287e+01,2.096852e+01,2.091983e+01,2.103107e+01,2.105192e+01,2.099632e+01,2.100327e+01,2.100327e+01,2.107971e+01,2.112831e+01,2.099632e+01,2.098242e+01,2.089896e+01,2.083632e+01,2.103107e+01,2.099632e+01,2.093374e+01,2.096852e+01,2.080846e+01,2.110748e+01,2.094070e+01,2.086416e+01,2.091287e+01,2.105887e+01,2.096156e+01,2.109360e+01,2.098242e+01,2.101023e+01,2.105192e+01,2.103107e+01,2.095461e+01,2.086416e+01,2.086416e+01,2.107971e+01,2.098937e+01,2.110054e+01,2.101023e+01,2.093374e+01,2.101023e+01,2.094765e+01,2.105192e+01,2.101023e+01,2.107971e+01,2.106581e+01,2.112137e+01,2.114914e+01,2.103802e+01,2.105192e+01,2.104497e+01,2.101718e+01,2.111443e+01,2.104497e+01,2.113526e+01,2.109360e+01,2.112137e+01,2.123240e+01,2.114914e+01,2.099632e+01,2.098937e+01,2.098937e+01,2.113526e+01,2.097547e+01,2.112831e+01,2.110054e+01,2.109360e+01,2.107276e+01,2.110748e+01,2.098242e+01,2.096156e+01,2.107971e+01,2.096156e+01,2.101718e+01,2.103107e+01,2.112831e+01,2.098242e+01,2.089200e+01,2.092679e+01,2.087112e+01,2.102413e+01,2.094070e+01,2.083632e+01,2.064816e+01,2.058536e+01,2.057140e+01,2.056442e+01,2.055743e+01,2.056442e+01,2.066211e+01,2.064118e+01,2.046663e+01,2.069697e+01,2.071091e+01,2.058536e+01,2.053649e+01,2.058536e+01,2.069000e+01,2.050855e+01,2.055045e+01,2.060629e+01,2.057838e+01,2.060629e+01,2.062723e+01,2.058536e+01,2.069000e+01,2.055743e+01,2.065513e+01,2.064118e+01,2.057838e+01,2.060629e+01,2.060629e+01,2.059234e+01,2.054347e+01,2.056442e+01,2.050855e+01,2.059234e+01,2.050157e+01,2.057140e+01,2.054347e+01,2.057838e+01,2.054347e+01,2.062723e+01,2.044567e+01,2.050157e+01,2.054347e+01,2.057140e+01,2.050855e+01,2.064118e+01,2.044567e+01,2.064816e+01,2.050157e+01,2.062025e+01,2.048759e+01,2.056442e+01,2.057838e+01,2.062723e+01,2.059234e+01,2.071789e+01,2.059234e+01,2.061327e+01,2.062723e+01,2.062025e+01,2.059932e+01,2.057140e+01,2.073182e+01,2.071789e+01,2.052252e+01,2.058536e+01,2.062025e+01,2.051554e+01,2.055743e+01,2.062025e+01,2.061327e+01,2.062025e+01,2.062723e+01,2.059932e+01,2.057140e+01,2.061327e+01,2.057838e+01,2.069697e+01,2.057140e+01,2.066908e+01,2.056442e+01,2.055743e+01,2.057140e+01,2.061327e+01,2.059932e+01,2.057838e+01,2.061327e+01,2.055045e+01,2.059932e+01,2.052252e+01,2.059932e+01,2.054347e+01,2.059234e+01,2.055743e+01,2.060629e+01,2.059932e+01,2.067605e+01,2.060629e+01,2.067605e+01,2.059932e+01,2.066211e+01,2.059234e+01,2.087808e+01,2.071789e+01,2.110054e+01,2.089200e+01,2.089200e+01,2.094070e+01,2.082935e+01,2.078060e+01,2.094765e+01,2.082935e+01,2.067605e+01,2.064118e+01,2.075970e+01,2.062025e+01,2.057140e+01,2.052252e+01,2.063420e+01,2.059932e+01,2.048061e+01,2.055743e+01,2.052950e+01,2.052252e+01,2.066908e+01,2.066211e+01,2.055743e+01,2.062025e+01,2.062025e+01,2.055045e+01,2.062723e+01,2.054347e+01,2.049458e+01,2.060629e+01,2.061327e+01,2.039673e+01,1.984277e+01,1.982168e+01,1.965274e+01,1.941999e+01,1.945529e+01,1.939174e+01,1.941999e+01,1.913006e+01,1.938468e+01,1.928574e+01,1.915130e+01,1.927867e+01,1.936349e+01,1.945529e+01,1.927160e+01,1.939881e+01,1.935642e+01,1.936349e+01,1.939174e+01,1.940587e+01,1.956112e+01,1.964570e+01,1.979354e+01,1.977243e+01,2.003244e+01,2.038974e+01,2.045266e+01,2.055045e+01,2.054347e+01,2.056442e+01,2.055743e+01,2.080150e+01,2.069697e+01,2.071789e+01,2.091983e+01,2.080150e+01,2.075273e+01,2.097547e+01,2.078757e+01,2.094070e+01,2.077363e+01,2.061327e+01,2.054347e+01,2.066908e+01,2.068303e+01,2.071789e+01,2.066908e+01,2.066908e+01,2.058536e+01,2.059234e+01,2.087112e+01,2.059234e+01,2.078060e+01,2.071789e+01,2.077363e+01,2.079453e+01,2.075970e+01,2.089200e+01,2.087808e+01,2.076667e+01,2.085720e+01,2.075970e+01,2.077363e+01,2.089896e+01,2.087808e+01,2.066908e+01,2.084328e+01,2.094070e+01,2.091983e+01,2.080846e+01,2.062723e+01,2.080150e+01,2.074576e+01,2.060629e+01,2.070394e+01,2.063420e+01,2.064816e+01,2.061327e+01,2.065513e+01,2.066211e+01,2.059234e+01,2.066908e+01,2.075273e+01,2.069697e+01,2.054347e+01,2.069000e+01,2.067605e+01,2.064118e+01,2.062723e+01,2.066211e+01,2.064816e+01,2.052252e+01,2.064816e+01,2.071789e+01,2.058536e+01,2.061327e+01,2.064816e+01,2.061327e+01,2.052950e+01,2.063420e+01,2.064118e+01,2.064118e+01,2.075970e+01,2.066908e+01,2.061327e+01,2.068303e+01,2.064816e+01,2.072486e+01,2.076667e+01,2.079453e+01,2.078060e+01,2.071789e+01,2.063420e+01,2.059932e+01,2.063420e+01,2.064816e+01,2.063420e+01,2.069697e+01,2.069697e+01,2.088504e+01,2.107276e+01,2.112137e+01,2.135023e+01,2.145408e+01,2.137793e+01,2.146100e+01,2.146100e+01,2.139178e+01,2.144024e+01,2.173741e+01,2.146100e+01,2.151634e+01,2.139178e+01,2.126013e+01,2.126707e+01,2.129479e+01,2.128786e+01,2.130173e+01,2.129479e+01,2.129479e+01,2.132944e+01,2.130173e+01,2.130865e+01,2.129479e+01,2.130173e+01,2.130865e+01,2.125320e+01,2.131559e+01,2.117690e+01,2.121159e+01,2.132252e+01,2.118384e+01,2.118384e+01,2.119771e+01,2.121852e+01,2.126013e+01,2.126013e+01,2.114220e+01,2.126707e+01,2.126013e+01,2.120465e+01,2.127400e+01,2.126707e+01,2.125320e+01,2.127400e+01,2.130173e+01,2.111443e+01,2.103107e+01,2.123933e+01,2.123240e+01,2.128786e+01,2.130865e+01,2.133637e+01,2.130173e+01,2.126707e+01,2.131559e+01,2.113526e+01,2.125320e+01,2.122546e+01,2.138486e+01,2.125320e+01,2.129479e+01,2.125320e+01,2.129479e+01,2.123240e+01,2.120465e+01,2.119078e+01,2.130865e+01,2.135023e+01,2.130173e+01,2.127400e+01,2.103802e+01,2.125320e+01,2.131559e+01,2.123933e+01,2.113526e+01,2.130173e+01,2.148176e+01,2.123240e+01,2.125320e+01,2.127400e+01,2.130865e+01,2.118384e+01,2.120465e+01,2.119771e+01,2.134330e+01,2.115608e+01,2.121159e+01,2.135023e+01,2.131559e+01,2.123240e+01,2.121852e+01,2.133637e+01,2.121159e+01,2.128093e+01,2.136408e+01,2.136408e+01,2.132944e+01,2.137793e+01,2.127400e+01,2.127400e+01,2.126013e+01,2.130173e+01,2.126707e+01,2.127400e+01,2.128786e+01,2.117690e+01,2.132944e+01,2.134330e+01,2.094765e+01,2.088504e+01,2.089200e+01,2.087112e+01,2.103802e+01,2.082239e+01,2.060629e+01,2.055743e+01,2.056442e+01,2.074576e+01,2.060629e+01,2.058536e+01,2.062723e+01,2.045964e+01,2.075273e+01,2.063420e+01,2.063420e+01,2.051554e+01,2.055743e+01,2.075970e+01,2.059932e+01,2.071091e+01,2.074576e+01,2.054347e+01,2.055743e+01,2.066908e+01,2.055045e+01,2.072486e+01,2.053649e+01,2.060629e+01,2.060629e+01,2.063420e+01,2.066211e+01,2.069000e+01,2.072486e+01,2.075273e+01,2.064816e+01,2.048061e+01,2.058536e+01,2.059932e+01,2.055045e+01,2.055743e+01,2.062723e+01,2.062025e+01,2.068303e+01,2.055045e+01,2.068303e+01,2.052950e+01,2.064816e+01,2.052252e+01,2.050855e+01,2.056442e+01,2.059234e+01,2.064816e+01,2.058536e+01,2.055743e+01,2.069000e+01,2.061327e+01,2.052252e+01,2.055045e+01,2.060629e+01,2.051554e+01,2.053649e+01,2.053649e+01,2.066211e+01,2.053649e+01,2.057140e+01,2.062723e+01,2.039673e+01,2.045964e+01,2.064816e+01,2.066211e+01,2.051554e+01,2.055743e+01,2.041770e+01,2.061327e+01,2.065513e+01,2.043169e+01,2.055743e+01,2.052252e+01,2.048759e+01,2.069697e+01,2.062025e+01,2.062025e+01,2.052252e+01,2.061327e+01,2.060629e+01,2.067605e+01,2.069000e+01,2.057838e+01,2.057140e+01,2.050855e+01,2.059234e+01,2.055045e+01,2.057838e+01,2.050855e+01,2.050855e+01,2.058536e+01,2.045964e+01,2.036875e+01,2.048759e+01,2.065513e+01,2.064816e+01,2.047362e+01,2.058536e+01,2.059932e+01,2.057140e+01,2.064118e+01,2.052252e+01,2.045266e+01,2.055743e+01,2.055045e+01,2.052252e+01,2.064816e+01,2.037575e+01,2.051554e+01,2.061327e+01,2.063420e+01,2.057838e+01,2.057838e+01
2.070394e+01,2.055045e+01,2.052252e+01,2.050157e+01,2.062723e+01,2.062723e+01,2.054347e+01,2.073879e+01,2.055045e+01,2.049458e+01,2.043169e+01,2.050157e+01,2.060629e+01,2.052252e+01,2.057838e+01,2.078757e+01,2.057140e+01,2.054347e+01,2.046663e+01,2.055743e+01,2.044567e+01,2.038974e+01,2.043868e+01,2.047362e+01,2.044567e+01,2.066908e+01,2.053649e+01,2.053649e+01,2.052252e+01,2.055045e+01,2.055743e+01,2.051554e+01,2.053649e+01,2.041770e+01,2.047362e+01,2.057140e+01,2.053649e+01,2.049458e+01,2.047362e+01,2.041770e+01,2.047362e+01,2.070394e+01,2.070394e+01,2.055743e+01,2.050157e+01,2.063420e+01,2.052252e+01,2.085024e+01,2.082239e+01,2.091983e+01,2.099632e+01,2.091287e+01,2.093374e+01,2.103802e+01,2.116302e+01,2.108665e+01,2.113526e+01,2.101023e+01,2.110748e+01,2.115608e+01,2.103802e+01,2.107276e+01,2.108665e+01,2.110054e+01,2.105192e+01,2.107276e+01,2.103107e+01,2.110748e+01,2.101718e+01,2.094070e+01,2.098242e+01,2.074576e+01,2.101718e+01,2.091287e+01,2.068303e+01,2.092679e+01,2.089200e+01,2.091287e+01,2.093374e+01,2.096156e+01,2.102413e+01,2.101718e+01,2.100327e+01,2.098242e+01,2.097547e+01,2.096156e+01,2.089200e+01,2.089200e+01,2.085024e+01,2.080150e+01,2.079453e+01,2.059932e+01,2.088504e+01,2.072486e+01,2.111443e+01,2.087112e+01,2.095461e+01,2.100327e+01,2.107971e+01,2.105192e+01,2.100327e+01,2.111443e+01,2.092679e+01,2.091287e+01,2.103107e+01,2.096852e+01,2.105192e+01,2.107276e+01,2.102413e+01,2.101718e+01,2.097547e+01,2.103802e+01,2.094070e+01,2.097547e+01,2.092679e+01,2.109360e+01,2.108665e+01,2.100327e+01,2.108665e+01,2.104497e+01,2.102413e+01,2.103802e+01,2.114914e+01,2.114220e+01,2.112137e+01,2.106581e+01,2.117690e+01,2.116302e+01,2.125320e+01,2.113526e+01,2.116996e+01,2.112831e+01,2.105192e+01,2.103802e+01,2.103802e+01,2.094070e+01,2.106581e+01,2.111443e+01,2.102413e+01,2.112137e+01,2.110748e+01,2.097547e+01,2.101718e+01,2.102413e+01,2.098937e+01,2.109360e+01,2.104497e+01,2.120465e+01,2.093374e+01,2.097547e+01,2.085024e+01,2.086416e+01,2.089200e+01,2.073879e+01,2.082935e+01,2.069697e+01,2.058536e+01,2.066908e+01,2.056442e+01,2.073182e+01,2.060629e+01,2.070394e+01,2.066908e+01,2.052950e+01,2.054347e+01,2.071789e+01,2.069000e+01,2.058536e+01,2.064118e+01,2.058536e+01,2.048061e+01,2.057140e+01,2.063420e+01,2.059234e+01,2.061327e+01,2.071789e+01,2.049458e+01,2.064816e+01,2.062723e+01,2.055045e+01,2.064118e+01,2.048759e+01,2.053649e+01,2.064816e+01,2.062025e+01,2.048759e+01,2.062025e+01,2.058536e+01,2.062723e+01,2.067605e+01,2.064118e+01,2.055045e+01,2.062025e+01,2.058536e+01,2.060629e+01,2.052252e+01,2.052252e+01,2.053649e+01,2.034777e+01,2.051554e+01,2.055045e+01,2.063420e+01,2.071789e+01,2.060629e+01,2.056442e+01,2.059234e+01,2.054347e+01,2.053649e+01,2.057838e+01,2.062025e+01,2.055743e+01,2.066211e+01,2.059234e+01,2.062723e+01,2.057838e+01,2.058536e+01,2.066211e+01,2.056442e+01,2.058536e+01,2.060629e+01,2.062025e+01,2.061327e+01,2.067605e+01,2.062723e+01,2.054347e+01,2.055743e+01,2.059234e+01,2.061327e+01,2.062723e+01,2.062025e+01,2.063420e+01,2.064816e+01,2.064816e+01,2.062025e+01,2.061327e+01,2.055045e+01,2.066211e+01,2.064816e+01,2.034077e+01,2.068303e+01,2.064118e+01,2.071789e+01,2.064816e+01,2.059932e+01,2.054347e+01,2.062025e+01,2.051554e+01,2.056442e+01,2.059932e+01,2.071091e+01,2.061327e+01,2.062723e+01,2.069000e+01,2.055743e+01,2.064816e+01,2.073879e+01,2.061327e+01,2.068303e+01,2.073182e+01,2.074576e+01,2.098937e+01,2.091983e+01,2.080150e+01,2.071789e+01,2.081543e+01,2.057140e+01,2.055045e+01,2.064816e+01,2.071789e+01,2.043169e+01,2.054347e+01,2.055743e+01,2.057140e+01,2.055743e+01,2.055743e+01,2.052252e+01,2.065513e+01,2.063420e+01,2.053649e+01,2.064118e+01,2.058536e+01,2.064816e+01,2.052252e+01,2.052950e+01,2.052950e+01,2.052252e+01,2.069697e+01,2.060629e+01,2.059932e+01,2.040372e+01,2.000437e+01,1.980761e+01,1.975132e+01,1.951880e+01,1.934229e+01,1.952586e+01,1.924331e+01,1.931402e+01,1.915130e+01,1.909464e+01,1.912298e+01,1.927160e+01,1.907339e+01,1.925038e+01,1.916546e+01,1.935642e+01,1.929281e+01,1.921501e+01,1.941293e+01,1.939174e+01,1.939881e+01,1.937762e+01,1.962456e+01,1.965274e+01,1.965274e+01,1.974428e+01,1.996224e+01,2.029878e+01,2.029878e+01,2.035476e+01,2.058536e+01,2.056442e+01,2.057140e+01,2.078757e+01,2.066211e+01,2.088504e+01,2.085720e+01,2.092679e+01,2.085720e+01,2.077363e+01,2.098242e+01,2.096852e+01,2.089896e+01,2.079453e+01,2.078757e+01,2.071091e+01,2.062025e+01,2.064816e+01,2.069697e+01,2.062723e+01,2.066908e+01,2.059234e+01,2.058536e+01,2.059932e+01,2.076667e+01,2.066908e+01,2.087112e+01,2.073879e+01,2.081543e+01,2.079453e+01,2.087112e+01,2.081543e+01,2.064118e+01,2.073879e+01,2.076667e+01,2.085024e+01,2.082239e+01,2.078060e+01,2.089200e+01,2.063420e+01,2.072486e+01,2.061327e+01,2.072486e+01,2.066908e+01,2.073182e+01,2.064118e+01,2.058536e+01,2.059234e+01,2.066211e+01,2.062025e+01,2.065513e+01,2.062025e+01,2.066908e+01,2.074576e+01,2.050855e+01,2.060629e+01,2.066908e+01,2.066211e+01,2.052950e+01,2.065513e+01,2.043169e+01,2.066211e+01,2.050157e+01,2.063420e+01,2.070394e+01,2.062025e+01,2.061327e+01,2.067605e+01,2.065513e+01,2.066211e+01,2.056442e+01,2.061327e+01,2.066211e+01,2.066211e+01,2.063420e+01,2.070394e+01,2.073182e+01,2.062723e+01,2.062025e+01,2.062025e+01,2.077363e+01,2.071789e+01,2.072486e+01,2.059932e+01,2.059234e+01,2.066211e+01,2.062025e+01,2.061327e+01,2.087808e+01,2.064816e+01,2.078060e+01,2.103107e+01,2.112831e+01,2.112137e+01,2.123240e+01,2.131559e+01,2.142640e+01,2.144024e+01,2.140563e+01,2.140563e+01,2.141255e+01,2.144716e+01,2.147484e+01,2.146792e+01,2.146100e+01,2.132252e+01,2.129479e+01,2.130865e+01,2.137101e+01,2.132944e+01,2.132944e+01,2.135715e+01,2.132252e+01,2.132252e+01,2.122546e+01,2.127400e+01,2.119771e+01,2.118384e+01,2.116302e+01,2.128786e+01,2.121159e+01,2.126707e+01,2.130865e+01,2.132252e+01,2.128093e+01,2.114914e+01,2.123240e+01,2.122546e+01,2.126013e+01,2.122546e+01,2.130173e+01,2.130865e+01,2.125320e+01,2.124627e+01,2.126013e+01,2.131559e+01,2.132944e+01,2.125320e+01,2.123240e+01,2.112137e+01,2.121159e+01,2.125320e+01,2.128786e+01,2.134330e+01,2.130865e+01,2.121159e+01,2.130865e+01,2.119771e+01,2.128093e+01,2.111443e+01,2.100327e+01,2.126013e+01,2.123240e+01,2.115608e+01,2.116302e+01,2.119771e+01,2.128093e+01,2.120465e+01,2.130173e+01,2.125320e+01,2.129479e+01,2.117690e+01,2.121159e+01,2.125320e+01,2.125320e+01,2.130173e+01,2.116302e+01,2.123240e+01,2.125320e+01,2.126013e+01,2.114220e+01,2.130173e+01,2.129479e+01,2.121852e+01,2.131559e+01,2.124627e+01,2.117690e+01,2.123240e+01,2.118384e+01,2.116302e+01,2.119771e+01,2.131559e+01,2.135715e+01,2.129479e+01,2.133637e+01,2.136408e+01,2.131559e+01,2.134330e+01,2.135715e+01,2.136408e+01,2.132252e+01,2.132944e+01,2.137793e+01,2.126013e+01,2.132944e+01,2.123240e+01,2.151634e+01,2.133637e+01,2.131559e+01,2.118384e+01,2.098242e+01,2.094765e+01,2.100327e+01,2.098242e+01,2.094070e+01,2.071091e+01,2.075273e+01,2.071789e+01,2.055743e+01,2.075970e+01,2.075970e+01,2.057838e+01,2.064118e+01,2.062025e+01,2.058536e+01,2.054347e+01,2.062025e+01,2.062723e+01,2.062025e+01,2.064118e+01,2.071091e+01,2.062025e+01,2.059932e+01,2.064816e+01,2.056442e+01,2.071789e+01,2.055743e+01,2.068303e+01,2.060629e+01,2.062025e+01,2.062723e+01,2.047362e+01,2.061327e+01,2.061327e+01,2.051554e+01,2.061327e+01,2.052252e+01,2.061327e+01,2.053649e+01,2.061327e+01,2.055743e+01,2.061327e+01,2.072486e+01,2.055743e+01,2.066908e+01,2.066908e+01,2.064118e+01,2.057838e+01,2.050157e+01,2.052252e+01,2.064816e+01,2.087808e+01,2.055045e+01,2.055045e+01,2.064118e+01,2.073182e+01,2.061327e+01,2.073879e+01,2.069697e+01,2.057140e+01,2.047362e+01,2.056442e+01,2.055743e+01,2.059932e+01,2.054347e+01,2.059932e+01,2.059932e+01,2.070394e+01,2.057140e+01,2.055045e+01,2.064118e+01,2.064118e+01,2.060629e+01,2.052950e+01,2.072486e+01,2.053649e+01,2.055045e+01,2.054347e+01,2.051554e+01,2.061327e+01,2.062723e+01,2.063420e+01,2.063420e+01,2.064118e+01,2.047362e+01,2.048759e+01,2.058536e+01,2.052950e+01,2.072486e+01,2.067605e+01,2.053649e+01,2.064118e+01,2.056442e+01,2.050157e+01,2.056442e+01,2.055045e+01,2.052252e+01,2.059234e+01,2.057838e+01,2.059234e+01,2.065513e+01,2.052252e+01,2.050855e+01,2.047362e+01,2.069000e+01,2.059234e+01,2.059932e+01,2.059234e+01,2.038974e+01,2.060629e+01,2.057838e+01,2.051554e+01,2.064816e+01,2.066211e+01,2.052950e+01,2.066908e+01,2.057838e+01,2.061327e+01,2.055743e+01,2.058536e+01
2.046663e+01,2.042470e+01,2.045266e+01,2.053649e+01,2.074576e+01,2.039673e+01,2.051554e+01,2.043868e+01,2.044567e+01,2.045964e+01,2.064118e+01,2.044567e+01,2.034777e+01,2.047362e+01,2.023577e+01,2.057838e+01,2.050157e+01,2.045964e+01,2.047362e+01,2.028478e+01,2.039673e+01,2.041071e+01,2.038974e+01,2.045266e+01,2.046663e+01,2.053649e+01,2.049458e+01,2.058536e+01,2.050157e+01,2.055743e+01,2.041071e+01,2.069697e+01,2.050855e+01,2.042470e+01,2.057838e+01,2.050855e+01,2.052950e+01,2.053649e+01,2.048759e+01,2.045266e+01,2.045266e+01,2.068303e+01,2.046663e+01,2.065513e+01,2.060629e+01,2.062723e+01,2.063420e+01,2.089896e+01,2.094070e+01,2.086416e+01,2.093374e+01,2.102413e+01,2.096852e+01,2.089896e+01,2.101023e+01,2.105887e+01,2.104497e+01,2.114914e+01,2.098242e+01,2.114914e+01,2.115608e+01,2.111443e+01,2.106581e+01,2.105887e+01,2.110748e+01,2.093374e+01,2.097547e+01,2.091983e+01,2.096852e+01,2.065513e+01,2.059234e+01,2.064118e+01,2.067605e+01,2.064816e+01,2.072486e+01,2.091287e+01,2.088504e+01,2.094765e+01,2.091287e+01,2.102413e+01,2.103107e+01,2.102413e+01,2.099632e+01,2.101023e+01,2.098242e+01,2.085720e+01,2.092679e+01,2.085720e+01,2.079453e+01,2.078060e+01,2.066211e+01,2.067605e+01,2.069000e+01,2.065513e+01,2.089200e+01,2.089896e+01,2.101023e+01,2.091287e+01,2.098242e+01,2.097547e+01,2.095461e+01,2.093374e+01,2.093374e+01,2.094070e+01,2.096852e+01,2.106581e+01,2.093374e+01,2.102413e+01,2.101023e+01,2.097547e+01,2.098937e+01,2.100327e+01,2.101023e+01,2.086416e+01,2.091983e+01,2.103802e+01,2.094070e+01,2.106581e+01,2.085720e+01,2.112831e+01,2.102413e+01,2.080846e+01,2.106581e+01,2.103802e+01,2.110054e+01,2.109360e+01,2.115608e+01,2.103107e+01,2.116996e+01,2.110748e+01,2.108665e+01,2.099632e+01,2.115608e+01,2.110054e+01,2.100327e+01,2.096156e+01,2.097547e+01,2.101718e+01,2.085024e+01,2.096156e+01,2.091287e+01,2.105192e+01,2.087808e+01,2.098937e+01,2.114914e+01,2.106581e+01,2.098242e+01,2.089896e+01,2.103802e+01,2.089896e+01,2.082935e+01,2.078757e+01,2.094765e+01,2.077363e+01,2.055045e+01,2.089200e+01,2.071091e+01,2.064118e+01,2.058536e+01,2.064118e+01,2.041770e+01,2.055045e+01,2.054347e+01,2.068303e+01,2.058536e+01,2.070394e+01,2.053649e+01,2.068303e+01,2.063420e+01,2.066211e+01,2.050855e+01,2.069000e+01,2.055743e+01,2.052950e+01,2.061327e+01,2.064118e+01,2.062723e+01,2.061327e+01,2.064118e+01,2.068303e+01,2.057838e+01,2.059932e+01,2.060629e+01,2.058536e+01,2.059932e+01,2.050157e+01,2.062723e+01,2.066211e+01,2.055045e+01,2.053649e+01,2.052950e+01,2.054347e+01,2.054347e+01,2.061327e+01,2.052252e+01,2.059932e+01,2.050157e+01,2.052252e+01,2.063420e+01,2.059234e+01,2.044567e+01,2.056442e+01,2.059932e+01,2.060629e+01,2.048061e+01,2.041770e+01,2.046663e+01,2.051554e+01,2.055045e+01,2.059234e+01,2.062723e+01,2.067605e+01,2.064118e+01,2.063420e+01,2.062723e+01,2.062025e+01,2.064816e+01,2.069000e+01,2.067605e+01,2.065513e+01,2.057838e+01,2.059932e+01,2.058536e+01,2.076667e+01,2.067605e+01,2.058536e+01,2.054347e+01,2.058536e+01,2.054347e+01,2.067605e+01,2.059234e+01,2.064118e+01,2.064118e+01,2.061327e+01,2.060629e+01,2.067605e+01,2.050855e+01,2.060629e+01,2.059932e+01,2.061327e+01,2.062025e+01,2.036875e+01,2.041071e+01,2.073879e+01,2.057140e+01,2.061327e+01,2.071091e+01,2.057140e+01,2.060629e+01,2.062723e+01,2.066908e+01,2.062723e+01,2.063420e+01,2.066908e+01,2.064816e+01,2.065513e+01,2.062025e+01,2.075970e+01,2.064118e+01,2.100327e+01,2.098242e+01,2.098937e+01,2.092679e+01,2.077363e+01,2.057838e+01,2.063420e+01,2.057140e+01,2.055743e+01,2.062723e+01,2.062025e+01,2.059234e+01,2.057838e+01,2.053649e+01,2.055045e+01,2.053649e+01,2.061327e+01,2.053649e+01,2.055045e+01,2.059234e+01,2.064816e+01,2.062025e+01,2.062025e+01,2.059932e+01,2.051554e+01,2.062723e+01,2.052252e+01,2.050157e+01,2.051554e+01,2.038274e+01,2.031978e+01,1.989198e+01,1.977947e+01,1.948352e+01,1.946235e+01,1.934936e+01,1.925745e+01,1.930695e+01,1.922208e+01,1.913006e+01,1.905922e+01,1.902378e+01,1.908047e+01,1.903795e+01,1.929281e+01,1.927160e+01,1.903795e+01,1.939881e+01,1.923623e+01,1.929281e+01,1.923623e+01,1.938468e+01,1.936349e+01,1.947647e+01,1.938468e+01,1.972317e+01,1.962456e+01,1.980058e+01,1.999735e+01,2.024277e+01,2.050855e+01,2.035476e+01,2.057140e+01,2.052252e+01,2.071789e+01,2.074576e+01,2.080846e+01,2.092679e+01,2.087112e+01,2.094070e+01,2.096156e+01,2.079453e+01,2.097547e+01,2.082935e+01,2.093374e+01,2.084328e+01,2.082239e+01,2.057140e+01,2.069697e+01,2.054347e+01,2.056442e+01,2.057140e+01,2.052950e+01,2.079453e+01,2.058536e+01,2.065513e+01,2.052252e+01,2.071091e+01,2.075970e+01,2.078757e+01,2.080150e+01,2.068303e+01,2.066908e+01,2.067605e+01,2.067605e+01,2.078757e+01,2.067605e+01,2.082935e+01,2.069000e+01,2.069000e+01,2.073182e+01,2.065513e+01,2.066211e+01,2.065513e+01,2.058536e+01,2.063420e+01,2.069697e+01,2.060629e+01,2.071789e+01,2.056442e+01,2.062025e+01,2.057140e+01,2.064118e+01,2.071789e+01,2.069697e+01,2.066908e+01,2.066908e+01,2.070394e+01,2.066211e+01,2.059234e+01,2.071789e+01,2.071091e+01,2.066908e+01,2.074576e+01,2.069697e+01,2.070394e+01,2.062025e+01,2.068303e+01,2.050855e+01,2.052950e+01,2.067605e+01,2.062723e+01,2.074576e+01,2.065513e+01,2.059932e+01,2.064816e+01,2.066908e+01,2.066908e+01,2.060629e+01,2.065513e+01,2.062723e+01,2.068303e+01,2.083632e+01,2.069697e+01,2.065513e+01,2.053649e+01,2.062723e+01,2.075273e+01,2.077363e+01,2.066211e+01,2.069000e+01,2.076667e+01,2.101718e+01,2.110748e+01,2.127400e+01,2.118384e+01,2.133637e+01,2.128786e+01,2.135023e+01,2.138486e+01,2.147484e+01,2.141948e+01,2.141255e+01,2.144024e+01,2.151634e+01,2.170290e+01,2.155783e+01,2.138486e+01,2.146792e+01,2.137101e+01,2.137793e+01,2.145408e+01,2.146100e+01,2.130865e+01,2.132944e+01,2.133637e+01,2.128093e+01,2.123240e+01,2.123933e+01,2.115608e+01,2.135715e+01,2.129479e+01,2.135023e+01,2.123240e+01,2.126013e+01,2.133637e+01,2.128786e+01,2.132944e+01,2.130865e+01,2.121852e+01,2.128786e+01,2.112831e+01,2.123240e+01,2.128786e+01,2.124627e+01,2.124627e+01,2.119771e+01,2.114914e+01,2.132252e+01,2.125320e+01,2.116302e+01,2.126707e+01,2.113526e+01,2.130865e+01,2.132944e+01,2.128093e+01,2.130173e+01,2.132944e+01,2.122546e+01,2.140563e+01,2.127400e+01,2.126013e+01,2.126013e+01,2.117690e+01,2.129479e+01,2.118384e+01,2.122546e+01,2.115608e+01,2.128093e+01,2.128786e+01,2.125320e+01,2.123240e+01,2.121852e+01,2.123240e+01,2.126013e+01,2.113526e+01,2.112831e+01,2.126013e+01,2.127400e+01,2.124627e+01,2.150251e+01,2.127400e+01,2.132252e+01,2.127400e+01,2.123933e+01,2.125320e+01,2.129479e+01,2.133637e+01,2.102413e+01,2.107971e+01,2.131559e+01,2.121852e+01,2.116996e+01,2.116302e+01,2.129479e+01,2.138486e+01,2.126707e+01,2.132944e+01,2.135715e+01,2.129479e+01,2.123933e+01,2.130173e+01,2.130173e+01,2.137793e+01,2.125320e+01,2.133637e+01,2.123240e+01,2.136408e+01,2.126013e+01,2.118384e+01,2.118384e+01,2.103107e+01,2.121852e+01,2.103107e+01,2.077363e+01,2.082935e+01,2.066908e+01,2.072486e+01,2.069000e+01,2.054347e+01,2.071789e+01,2.052950e+01,2.050855e+01,2.062025e+01,2.067605e+01,2.060629e+01,2.061327e+01,2.059932e+01,2.075273e+01,2.060629e+01,2.059234e+01,2.064816e+01,2.060629e+01,2.061327e+01,2.065513e+01,2.052950e+01,2.074576e+01,2.072486e+01,2.054347e+01,2.066908e+01,2.060629e+01,2.059234e+01,2.066908e+01,2.054347e+01,2.059234e+01,2.063420e+01,2.074576e+01,2.071789e+01,2.059234e+01,2.063420e+01,2.060629e+01,2.057140e+01,2.064118e+01,2.055743e+01,2.070394e+01,2.064816e+01,2.055743e+01,2.071091e+01,2.050855e+01,2.066211e+01,2.055743e+01,2.059932e+01,2.052950e+01,2.070394e+01,2.064816e+01,2.071789e+01,2.047362e+01,2.070394e+01,2.064118e+01,2.062025e+01,2.057838e+01,2.046663e+01,2.056442e+01,2.055045e+01,2.061327e+01,2.063420e+01,2.057140e+01,2.054347e+01,2.062025e+01,2.060629e+01,2.060629e+01,2.055045e+01,2.052950e+01,2.054347e+01,2.061327e+01,2.047362e+01,2.053649e+01,2.052252e+01,2.060629e+01,2.057838e+01,2.060629e+01,2.066211e+01,2.042470e+01,2.043868e+01,2.057838e+01,2.065513e+01,2.061327e+01,2.073879e+01,2.054347e+01,2.050157e+01,2.077363e+01,2.059932e+01,2.064118e+01,2.052252e+01,2.060629e+01,2.061327e+01,2.064816e+01,2.057838e+01,2.056442e+01,2.041770e+01,2.062723e+01,2.045964e+01,2.045964e+01,2.061327e+01,2.047362e+01,2.055045e+01,2.054347e+01,2.062723e+01,2.059932e+01,2.055045e+01,2.062025e+01,2.062723e+01,2.057140e+01,2.061327e+01,2.059234e+01,2.057838e+01,2.055045e+01,2.056442e+01,2.048759e+01,2.060629e+01,2.056442e+01
2.045266e+01,2.025677e+01,2.066211e+01,2.042470e+01,2.034077e+01,2.031978e+01,2.038974e+01,2.047362e+01,2.063420e+01,2.044567e+01,2.026378e+01,2.038274e+01,2.040372e+01,2.042470e+01,2.030578e+01,2.050157e+01,2.038274e+01,2.034077e+01,2.030578e+01,2.027078e+01,2.023577e+01,2.033377e+01,2.044567e+01,2.045266e+01,2.046663e+01,2.045964e+01,2.034777e+01,2.054347e+01,2.043868e+01,2.031978e+01,2.040372e+01,2.057838e+01,2.054347e+01,2.045266e+01,2.049458e+01,2.057140e+01,2.051554e+01,2.054347e+01,2.052252e+01,2.053649e+01,2.056442e+01,2.062723e+01,2.044567e+01,2.057140e+01,2.045964e+01,2.059932e+01,2.062723e+01,2.049458e+01,2.079453e+01,2.087112e+01,2.094765e+01,2.096156e+01,2.105192e+01,2.093374e+01,2.099632e+01,2.108665e+01,2.103107e+01,2.109360e+01,2.107276e+01,2.111443e+01,2.108665e+01,2.086416e+01,2.105192e+01,2.086416e+01,2.103107e+01,2.100327e+01,2.099632e+01,2.089896e+01,2.066211e+01,2.046663e+01,2.053649e+01,2.063420e+01,2.065513e+01,2.056442e+01,2.069000e+01,2.073182e+01,2.091287e+01,2.080846e+01,2.089200e+01,2.097547e+01,2.101023e+01,2.094765e+01,2.103802e+01,2.102413e+01,2.101718e+01,2.082239e+01,2.092679e+01,2.078757e+01,2.069697e+01,2.047362e+01,2.064118e+01,2.071789e+01,2.067605e+01,2.072486e+01,2.069000e+01,2.091983e+01,2.091287e+01,2.092679e+01,2.089896e+01,2.096156e+01,2.094070e+01,2.097547e+01,2.098242e+01,2.083632e+01,2.093374e+01,2.094765e+01,2.098937e+01,2.105192e+01,2.094070e+01,2.093374e+01,2.101718e+01,2.101023e+01,2.095461e+01,2.103802e+01,2.107276e+01,2.107276e+01,2.096852e+01,2.107276e+01,2.094765e+01,2.105887e+01,2.104497e+01,2.107971e+01,2.092679e+01,2.111443e+01,2.096156e+01,2.089896e+01,2.105192e+01,2.087808e+01,2.086416e+01,2.117690e+01,2.105887e+01,2.104497e+01,2.097547e+01,2.098937e+01,2.104497e+01,2.099632e+01,2.080846e+01,2.097547e+01,2.082935e+01,2.091287e+01,2.097547e+01,2.078757e+01,2.097547e+01,2.099632e+01,2.088504e+01,2.098937e+01,2.102413e+01,2.098937e+01,2.089200e+01,2.080846e+01,2.087112e+01,2.075970e+01,2.059932e+01,2.054347e+01,2.056442e+01,2.050855e+01,2.057838e+01,2.053649e+01,2.049458e+01,2.071091e+01,2.054347e+01,2.050157e+01,2.064118e+01,2.048759e+01,2.066908e+01,2.071789e+01,2.058536e+01,2.055045e+01,2.058536e+01,2.069000e+01,2.056442e+01,2.055743e+01,2.054347e+01,2.059234e+01,2.050157e+01,2.062723e+01,2.064118e+01,2.068303e+01,2.070394e+01,2.064816e+01,2.064118e+01,2.055743e+01,2.059932e+01,2.062025e+01,2.059932e+01,2.055743e+01,2.066908e+01,2.066211e+01,2.052950e+01,2.055743e+01,2.060629e+01,2.057140e+01,2.054347e+01,2.054347e+01,2.057838e+01,2.045266e+01,2.055743e+01,2.060629e+01,2.061327e+01,2.061327e+01,2.073879e+01,2.066211e+01,2.045266e+01,2.072486e+01,2.063420e+01,2.055743e+01,2.057140e+01,2.073879e+01,2.055045e+01,2.059234e+01,2.055743e+01,2.059932e+01,2.069000e+01,2.063420e+01,2.054347e+01,2.055045e+01,2.066908e+01,2.053649e+01,2.061327e+01,2.057838e+01,2.070394e+01,2.061327e+01,2.057838e+01,2.060629e+01,2.064118e+01,2.065513e+01,2.057140e+01,2.062025e+01,2.062025e+01,2.059234e+01,2.075970e+01,2.064118e+01,2.057140e+01,2.062723e+01,2.055743e+01,2.055743e+01,2.065513e+01,2.064816e+01,2.064816e+01,2.059932e+01,2.058536e+01,2.068303e+01,2.065513e+01,2.059932e+01,2.056442e+01,2.054347e+01,2.055743e+01,2.071091e+01,2.060629e+01,2.065513e+01,2.070394e+01,2.062723e+01,2.063420e+01,2.059234e+01,2.064816e+01,2.064118e+01,2.053649e+01,2.061327e+01,2.088504e+01,2.084328e+01,2.078060e+01,2.096156e+01,2.098242e+01,2.069000e+01,2.053649e+01,2.053649e+01,2.059932e+01,2.064118e+01,2.052252e+01,2.066908e+01,2.059932e+01,2.064118e+01,2.055743e+01,2.042470e+01,2.054347e+01,2.052252e+01,2.050157e+01,2.048061e+01,2.048759e+01,2.060629e+01,2.047362e+01,2.039673e+01,2.062723e+01,2.051554e+01,2.049458e+01,2.053649e+01,2.043169e+01,2.047362e+01,2.033377e+01,2.003244e+01,1.977947e+01,1.951880e+01,1.946941e+01,1.927867e+01,1.924331e+01,1.919378e+01,1.920085e+01,1.900251e+01,1.910173e+01,1.895286e+01,1.883218e+01,1.888189e+01,1.897414e+01,1.893867e+01,1.900960e+01,1.919378e+01,1.911590e+01,1.921501e+01,1.917962e+01,1.927867e+01,1.926452e+01,1.925745e+01,1.936349e+01,1.935642e+01,1.944823e+01,1.963161e+01,1.968796e+01,1.986386e+01,2.017972e+01,2.030578e+01,2.036176e+01,2.055045e+01,2.056442e+01,2.054347e+01,2.046663e+01,2.071091e+01,2.089200e+01,2.077363e+01,2.069697e+01,2.081543e+01,2.092679e+01,2.090592e+01,2.096852e+01,2.091983e+01,2.082935e+01,2.073879e+01,2.069000e+01,2.062723e+01,2.061327e+01,2.057140e+01,2.052950e+01,2.076667e+01,2.062723e+01,2.075273e+01,2.063420e+01,2.065513e+01,2.066211e+01,2.069697e+01,2.064816e+01,2.062723e+01,2.054347e+01,2.068303e+01,2.064118e+01,2.064118e+01,2.068303e+01,2.055045e+01,2.073182e+01,2.064816e+01,2.059932e+01,2.078757e+01,2.066908e+01,2.076667e+01,2.073879e+01,2.057140e+01,2.063420e+01,2.069697e+01,2.070394e+01,2.067605e+01,2.067605e+01,2.059234e+01,2.060629e+01,2.059932e+01,2.071091e+01,2.066908e+01,2.066211e+01,2.067605e+01,2.062723e+01,2.055743e+01,2.063420e+01,2.060629e+01,2.062723e+01,2.059932e+01,2.058536e+01,2.057838e+01,2.063420e+01,2.059234e+01,2.066211e+01,2.066211e+01,2.047362e+01,2.064118e+01,2.064118e+01,2.067605e+01,2.065513e+01,2.055743e+01,2.067605e+01,2.066211e+01,2.080150e+01,2.064118e+01,2.066908e+01,2.063420e+01,2.075970e+01,2.063420e+01,2.062025e+01,2.082935e+01,2.055045e+01,2.051554e+01,2.056442e+01,2.066908e+01,2.070394e+01,2.056442e+01,2.063420e+01,2.080846e+01,2.101023e+01,2.123933e+01,2.123933e+01,2.137101e+01,2.133637e+01,2.135715e+01,2.133637e+01,2.134330e+01,2.137793e+01,2.135715e+01,2.149559e+01,2.159930e+01,2.168219e+01,2.157857e+01,2.168909e+01,2.159239e+01,2.160621e+01,2.157166e+01,2.150943e+01,2.142640e+01,2.137101e+01,2.130865e+01,2.134330e+01,2.132252e+01,2.133637e+01,2.139871e+01,2.116996e+01,2.118384e+01,2.135715e+01,2.135023e+01,2.130173e+01,2.135023e+01,2.124627e+01,2.126707e+01,2.131559e+01,2.096852e+01,2.125320e+01,2.128093e+01,2.126013e+01,2.111443e+01,2.135023e+01,2.126707e+01,2.129479e+01,2.110748e+01,2.130865e+01,2.137793e+01,2.112831e+01,2.117690e+01,2.116996e+01,2.117690e+01,2.116996e+01,2.112831e+01,2.130865e+01,2.122546e+01,2.089200e+01,2.127400e+01,2.125320e+01,2.123933e+01,2.123933e+01,2.119771e+01,2.119771e+01,2.123240e+01,2.121159e+01,2.119771e+01,2.113526e+01,2.126013e+01,2.126707e+01,2.113526e+01,2.108665e+01,2.119771e+01,2.116302e+01,2.121852e+01,2.123240e+01,2.112831e+01,2.123240e+01,2.124627e+01,2.127400e+01,2.123240e+01,2.123240e+01,2.122546e+01,2.124627e+01,2.123933e+01,2.120465e+01,2.120465e+01,2.119078e+01,2.118384e+01,2.126707e+01,2.108665e+01,2.121159e+01,2.117690e+01,2.121852e+01,2.118384e+01,2.121159e+01,2.115608e+01,2.131559e+01,2.118384e+01,2.110748e+01,2.118384e+01,2.137793e+01,2.122546e+01,2.123933e+01,2.134330e+01,2.123933e+01,2.119078e+01,2.124627e+01,2.119771e+01,2.122546e+01,2.125320e+01,2.106581e+01,2.087808e+01,2.103802e+01,2.072486e+01,2.073182e+01,2.063420e+01,2.073182e+01,2.059932e+01,2.056442e+01,2.055743e+01,2.052252e+01,2.064816e+01,2.050157e+01,2.053649e+01,2.062723e+01,2.057838e+01,2.054347e+01,2.069697e+01,2.057838e+01,2.066908e+01,2.059234e+01,2.064118e+01,2.055045e+01,2.059932e+01,2.051554e+01,2.051554e+01,2.077363e+01,2.057838e+01,2.066211e+01,2.066908e+01,2.048061e+01,2.054347e+01,2.055045e+01,2.064816e+01,2.064118e+01,2.064816e+01,2.071091e+01,2.063420e+01,2.058536e+01,2.063420e+01,2.055743e+01,2.060629e+01,2.063420e+01,2.066211e+01,2.062025e+01,2.063420e+01,2.052950e+01,2.064816e+01,2.055743e+01,2.051554e+01,2.054347e+01,2.062025e+01,2.063420e+01,2.061327e+01,2.068303e+01,2.067605e+01,2.052950e+01,2.066211e+01,2.065513e+01,2.057140e+01,2.056442e+01,2.061327e+01,2.054347e+01,2.062025e+01,2.054347e+01,2.069697e+01,2.066211e+01,2.062723e+01,2.059234e+01,2.059234e+01,2.064118e+01,2.056442e+01,2.056442e+01,2.055045e+01,2.057140e+01,2.055743e+01,2.069000e+01,2.052950e+01,2.057140e+01,2.059234e+01,2.064816e+01,2.044567e+01,2.055743e+01,2.056442e+01,2.069000e+01,2.057140e+01,2.066211e+01,2.055743e+01,2.052950e+01,2.053649e+01,2.052950e+01,2.053649e+01,2.061327e+01,2.067605e+01,2.056442e+01,2.064816e+01,2.050855e+01,2.067605e+01,2.058536e+01,2.049458e+01,2.065513e+01,2.060629e+01,2.064118e+01,2.055743e+01,2.052950e+01,2.056442e+01,2.055045e+01,2.063420e+01,2.055743e+01,2.055045e+01,2.058536e+01,2.062723e+01,2.061327e+01,2.062723e+01,2.059234e+01,2.055045e+01,2.056442e+01,2.055045e+01,2.056442e+01,2.059234e+01
2.045964e+01,2.045266e+01,2.046663e+01,2.012364e+01,2.038274e+01,2.036875e+01,2.052950e+01,2.038274e+01,2.020774e+01,2.044567e+01,2.042470e+01,2.042470e+01,2.041770e+01,2.042470e+01,2.020074e+01,2.029178e+01,2.027078e+01,2.031278e+01,2.027078e+01,2.028478e+01,2.040372e+01,2.038274e+01,2.040372e+01,2.041071e+01,2.043169e+01,2.048759e+01,2.044567e+01,2.050855e+01,2.050157e+01,2.051554e+01,2.045266e+01,2.050855e+01,2.070394e+01,2.045964e+01,2.053649e+01,2.043868e+01,2.049458e+01,2.055743e+01,2.054347e+01,2.035476e+01,2.076667e+01,2.041770e+01,2.059234e+01,2.055743e+01,2.057838e+01,2.041071e+01,2.063420e+01,2.064118e+01,2.064118e+01,2.087808e+01,2.095461e+01,2.088504e+01,2.098242e+01,2.103107e+01,2.090592e+01,2.105887e+01,2.103802e+01,2.101023e+01,2.094070e+01,2.110748e+01,2.108665e+01,2.103107e+01,2.107971e+01,2.082935e+01,2.105192e+01,2.104497e+01,2.071789e+01,2.089896e+01,2.060629e+01,2.062723e+01,2.062025e+01,2.051554e+01,2.066908e+01,2.057838e+01,2.071091e+01,2.063420e+01,2.068303e+01,2.083632e+01,2.081543e+01,2.081543e+01,2.105887e+01,2.102413e+01,2.101718e+01,2.087112e+01,2.080150e+01,2.093374e+01,2.071789e+01,2.066908e+01,2.053649e+01,2.041071e+01,2.069697e+01,2.055743e+01,2.069697e+01,2.071789e+01,2.073879e+01,2.067605e+01,2.095461e+01,2.094765e+01,2.091983e+01,2.090592e+01,2.096852e+01,2.094765e+01,2.101023e+01,2.101718e+01,2.105192e+01,2.097547e+01,2.098937e+01,2.096852e+01,2.089200e+01,2.103107e+01,2.101023e+01,2.091983e+01,2.101023e+01,2.107276e+01,2.107971e+01,2.104497e+01,2.103802e+01,2.111443e+01,2.099632e+01,2.114914e+01,2.114914e+01,2.106581e+01,2.107971e+01,2.107971e+01,2.113526e+01,2.114220e+01,2.113526e+01,2.105887e+01,2.107276e+01,2.105887e+01,2.097547e+01,2.103107e+01,2.101023e+01,2.092679e+01,2.103107e+01,2.098242e+01,2.089200e+01,2.092679e+01,2.099632e+01,2.108665e+01,2.073879e+01,2.091287e+01,2.081543e+01,2.093374e+01,2.085720e+01,2.098937e+01,2.086416e+01,2.095461e+01,2.081543e+01,2.078757e+01,2.082239e+01,2.083632e+01,2.064816e+01,2.060629e+01,2.052950e+01,2.050855e+01,2.056442e+01,2.066908e+01,2.068303e+01,2.061327e+01,2.069697e+01,2.062025e+01,2.066211e+01,2.060629e+01,2.062723e+01,2.054347e+01,2.058536e+01,2.048759e+01,2.049458e+01,2.054347e+01,2.056442e+01,2.057838e+01,2.066908e+01,2.060629e+01,2.069000e+01,2.059932e+01,2.070394e+01,2.063420e+01,2.052252e+01,2.062723e+01,2.063420e+01,2.069000e+01,2.066908e+01,2.061327e+01,2.063420e+01,2.062723e+01,2.065513e+01,2.049458e+01,2.048061e+01,2.055743e+01,2.056442e+01,2.068303e+01,2.047362e+01,2.059932e+01,2.049458e+01,2.045266e+01,2.047362e+01,2.048061e+01,2.064816e+01,2.062723e+01,2.052252e+01,2.064118e+01,2.062723e+01,2.067605e+01,2.073182e+01,2.052252e+01,2.066908e+01,2.055743e+01,2.052950e+01,2.057140e+01,2.064118e+01,2.064816e+01,2.069000e+01,2.068303e+01,2.066908e+01,2.055743e+01,2.067605e+01,2.066908e+01,2.059234e+01,2.067605e+01,2.068303e+01,2.062025e+01,2.064816e+01,2.058536e+01,2.058536e+01,2.053649e+01,2.062723e+01,2.054347e+01,2.068303e+01,2.063420e+01,2.068303e+01,2.050855e+01,2.067605e+01,2.060629e+01,2.057140e+01,2.062025e+01,2.063420e+01,2.064816e+01,2.064118e+01,2.066211e+01,2.044567e+01,2.064816e+01,2.066211e+01,2.064816e+01,2.064816e+01,2.069000e+01,2.058536e+01,2.067605e+01,2.064816e+01,2.065513e+01,2.064816e+01,2.064816e+01,2.066908e+01,2.059234e+01,2.044567e+01,2.066211e+01,2.074576e+01,2.093374e+01,2.080150e+01,2.098937e+01,2.101023e+01,2.078060e+01,2.080846e+01,2.058536e+01,2.059234e+01,2.051554e+01,2.058536e+01,2.052950e+01,2.058536e+01,2.049458e+01,2.050157e+01,2.062723e+01,2.052252e+01,2.057838e+01,2.057140e+01,2.057140e+01,2.050855e+01,2.052950e+01,2.058536e+01,2.057140e+01,2.055045e+01,2.055045e+01,2.044567e+01,2.053649e+01,2.040372e+01,2.053649e+01,2.034777e+01,2.034777e+01,2.018673e+01,1.984277e+01,1.932109e+01,1.954701e+01,1.930695e+01,1.928574e+01,1.920793e+01,1.925745e+01,1.915838e+01,1.913006e+01,1.907339e+01,1.899541e+01,1.891028e+01,1.912298e+01,1.895286e+01,1.915838e+01,1.891738e+01,1.890318e+01,1.916546e+01,1.919378e+01,1.917962e+01,1.908047e+01,1.926452e+01,1.933522e+01,1.924331e+01,1.927160e+01,1.924331e+01,1.935642e+01,1.942705e+01,1.963161e+01,1.992711e+01,2.022876e+01,2.038274e+01,2.041770e+01,2.054347e+01,2.051554e+01,2.059932e+01,2.075970e+01,2.097547e+01,2.087112e+01,2.091287e+01,2.097547e+01,2.090592e+01,2.087808e+01,2.096156e+01,2.098937e+01,2.091983e+01,2.101023e+01,2.086416e+01,2.069000e+01,2.073879e+01,2.075273e+01,2.075970e+01,2.077363e+01,2.064118e+01,2.066908e+01,2.058536e+01,2.058536e+01,2.069697e+01,2.066211e+01,2.078060e+01,2.071091e+01,2.075273e+01,2.068303e+01,2.069000e+01,2.054347e+01,2.062025e+01,2.071789e+01,2.068303e+01,2.069000e+01,2.065513e+01,2.065513e+01,2.068303e+01,2.069697e+01,2.074576e+01,2.066211e+01,2.062025e+01,2.058536e+01,2.071091e+01,2.071789e+01,2.062723e+01,2.073182e+01,2.066908e+01,2.069697e+01,2.063420e+01,2.070394e+01,2.069697e+01,2.061327e+01,2.067605e+01,2.059234e+01,2.053649e+01,2.074576e+01,2.071789e+01,2.058536e+01,2.071091e+01,2.069000e+01,2.062025e+01,2.067605e+01,2.069697e+01,2.052252e+01,2.050157e+01,2.050855e+01,2.066908e+01,2.065513e+01,2.063420e+01,2.054347e+01,2.069697e+01,2.063420e+01,2.064816e+01,2.071091e+01,2.070394e+01,2.071789e+01,2.064118e+01,2.064816e+01,2.069697e+01,2.076667e+01,2.071789e+01,2.056442e+01,2.073182e+01,2.066908e+01,2.075970e+01,2.059932e+01,2.064816e+01,2.105192e+01,2.086416e+01,2.118384e+01,2.132944e+01,2.140563e+01,2.141948e+01,2.137101e+01,2.135023e+01,2.128786e+01,2.129479e+01,2.137793e+01,2.139178e+01,2.162694e+01,2.142640e+01,2.157166e+01,2.155092e+01,2.163385e+01,2.161312e+01,2.164766e+01,2.169600e+01,2.159930e+01,2.155783e+01,2.158548e+01,2.146100e+01,2.135715e+01,2.142640e+01,2.138486e+01,2.144716e+01,2.119771e+01,2.137101e+01,2.136408e+01,2.136408e+01,2.131559e+01,2.135023e+01,2.122546e+01,2.128093e+01,2.125320e+01,2.126013e+01,2.126707e+01,2.130865e+01,2.125320e+01,2.133637e+01,2.135023e+01,2.140563e+01,2.128093e+01,2.116302e+01,2.136408e+01,2.129479e+01,2.113526e+01,2.132944e+01,2.130865e+01,2.132944e+01,2.127400e+01,2.122546e+01,2.130173e+01,2.128093e+01,2.126013e+01,2.116302e+01,2.129479e+01,2.126707e+01,2.119078e+01,2.120465e+01,2.116302e+01,2.107971e+01,2.125320e+01,2.115608e+01,2.122546e+01,2.115608e+01,2.111443e+01,2.128093e+01,2.116302e+01,2.125320e+01,2.121852e+01,2.124627e+01,2.128093e+01,2.122546e+01,2.137101e+01,2.137793e+01,2.120465e+01,2.121852e+01,2.120465e+01,2.120465e+01,2.121852e+01,2.121852e+01,2.123933e+01,2.109360e+01,2.114914e+01,2.130865e+01,2.121159e+01,2.126013e+01,2.121159e+01,2.123933e+01,2.123240e+01,2.114914e+01,2.117690e+01,2.116996e+01,2.116996e+01,2.126013e+01,2.123240e+01,2.121159e+01,2.123933e+01,2.124627e+01,2.128093e+01,2.122546e+01,2.134330e+01,2.120465e+01,2.144716e+01,2.128093e+01,2.127400e+01,2.128093e+01,2.117690e+01,2.077363e+01,2.081543e+01,2.089896e+01,2.070394e+01,2.071091e+01,2.064118e+01,2.076667e+01,2.071091e+01,2.055045e+01,2.051554e+01,2.058536e+01,2.055045e+01,2.057140e+01,2.076667e+01,2.063420e+01,2.062723e+01,2.063420e+01,2.049458e+01,2.062025e+01,2.059932e+01,2.071091e+01,2.057838e+01,2.052252e+01,2.071091e+01,2.073879e+01,2.078757e+01,2.055045e+01,2.068303e+01,2.049458e+01,2.052252e+01,2.053649e+01,2.050855e+01,2.068303e+01,2.050157e+01,2.056442e+01,2.050855e+01,2.059932e+01,2.064118e+01,2.056442e+01,2.081543e+01,2.053649e+01,2.071091e+01,2.060629e+01,2.059234e+01,2.065513e+01,2.062025e+01,2.072486e+01,2.069000e+01,2.070394e+01,2.066211e+01,2.067605e+01,2.067605e+01,2.059932e+01,2.061327e+01,2.062025e+01,2.063420e+01,2.060629e+01,2.073879e+01,2.047362e+01,2.052950e+01,2.057838e+01,2.063420e+01,2.060629e+01,2.064118e+01,2.066908e+01,2.066211e+01,2.056442e+01,2.045964e+01,2.065513e+01,2.054347e+01,2.060629e+01,2.063420e+01,2.062723e+01,2.062025e+01,2.064816e+01,2.055743e+01,2.062025e+01,2.065513e+01,2.064118e+01,2.053649e+01,2.048759e+01,2.061327e+01,2.047362e+01,2.065513e+01,2.069000e+01,2.067605e+01,2.055743e+01,2.050855e+01,2.055743e+01,2.061327e+01,2.066908e+01,2.052950e+01,2.047362e+01,2.040372e+01,2.058536e+01,2.055045e+01,2.062723e+01,2.066908e+01,2.063420e+01,2.047362e+01,2.055743e+01,2.057838e+01,2.058536e+01,2.056442e+01,2.054347e+01,2.055045e+01,2.054347e+01,2.066211e+01,2.061327e+01,2.062025e+01,2.036875e+01,2.057838e+01,2.056442e+01,2.052950e+01,2.053649e+01,2.073182e+01,2.061327e+01,2.062723e+01
2.047362e+01,2.045964e+01,2.045964e+01,2.045266e+01,2.041071e+01,2.027778e+01,2.040372e+01,2.041770e+01,2.036176e+01,2.036176e+01,2.038974e+01,2.043868e+01,2.035476e+01,2.048759e+01,2.039673e+01,2.022876e+01,2.031978e+01,2.027078e+01,2.034777e+01,2.027078e+01,2.043169e+01,2.034777e+01,2.039673e+01,2.045964e+01,2.029878e+01,2.038974e+01,2.028478e+01,2.051554e+01,2.026378e+01,2.031278e+01,2.033377e+01,2.041770e+01,2.045266e+01,2.041071e+01,2.034777e+01,2.051554e+01,2.045964e+01,2.059234e+01,2.050855e+01,2.055045e+01,2.048061e+01,2.041071e+01,2.069000e+01,2.058536e+01,2.048759e+01,2.050157e+01,2.055743e+01,2.060629e+01,2.066211e+01,2.076667e+01,2.100327e+01,2.094765e+01,2.095461e+01,2.103107e+01,2.106581e+01,2.099632e+01,2.108665e+01,2.102413e+01,2.103107e+01,2.112137e+01,2.107276e+01,2.084328e+01,2.085024e+01,2.082239e+01,2.089200e+01,2.069697e+01,2.066211e+01,2.061327e+01,2.051554e+01,2.062025e+01,2.057140e+01,2.047362e+01,2.066211e+01,2.058536e+01,2.058536e+01,2.069000e+01,2.057838e+01,2.075273e+01,2.085024e+01,2.081543e+01,2.087112e+01,2.082935e+01,2.091983e+01,2.075273e+01,2.075273e+01,2.063420e+01,2.075273e+01,2.066908e+01,2.073879e+01,2.046663e+01,2.069697e+01,2.064118e+01,2.067605e+01,2.063420e+01,2.069697e+01,2.066908e+01,2.089200e+01,2.093374e+01,2.085720e+01,2.077363e+01,2.088504e+01,2.091983e+01,2.098937e+01,2.094765e+01,2.103107e+01,2.104497e+01,2.101023e+01,2.088504e+01,2.098242e+01,2.096852e+01,2.104497e+01,2.098937e+01,2.108665e+01,2.096156e+01,2.107971e+01,2.105192e+01,2.095461e+01,2.099632e+01,2.107276e+01,2.097547e+01,2.107971e+01,2.090592e+01,2.087112e+01,2.108665e+01,2.107971e+01,2.108665e+01,2.109360e+01,2.110748e+01,2.112137e+01,2.104497e+01,2.107276e+01,2.098242e+01,2.101023e+01,2.089896e+01,2.092679e+01,2.089200e+01,2.098242e+01,2.076667e+01,2.064118e+01,2.069000e+01,2.068303e+01,2.087112e+01,2.082935e+01,2.048759e+01,2.078757e+01,2.076667e+01,2.084328e+01,2.084328e+01,2.078757e+01,2.075970e+01,2.078060e+01,2.051554e+01,2.074576e+01,2.066908e+01,2.066908e+01,2.056442e+01,2.061327e+01,2.064816e+01,2.071091e+01,2.059932e+01,2.060629e+01,2.058536e+01,2.061327e+01,2.055743e+01,2.067605e+01,2.056442e+01,2.054347e+01,2.056442e+01,2.056442e+01,2.053649e+01,2.059932e+01,2.056442e+01,2.052950e+01,2.041071e+01,2.061327e+01,2.071091e+01,2.066908e+01,2.064118e+01,2.065513e+01,2.071091e+01,2.064816e+01,2.048759e+01,2.063420e+01,2.068303e+01,2.059234e+01,2.055743e+01,2.062723e+01,2.055045e+01,2.060629e+01,2.062025e+01,2.066211e+01,2.054347e+01,2.055045e+01,2.060629e+01,2.059932e+01,2.049458e+01,2.064816e+01,2.064118e+01,2.062723e+01,2.059234e+01,2.061327e+01,2.052950e+01,2.058536e+01,2.054347e+01,2.057838e+01,2.049458e+01,2.075970e+01,2.056442e+01,2.066211e+01,2.057838e+01,2.065513e+01,2.061327e+01,2.060629e+01,2.066211e+01,2.064118e+01,2.064816e+01,2.062025e+01,2.067605e+01,2.061327e+01,2.073182e+01,2.060629e+01,2.062025e+01,2.030578e+01,2.065513e+01,2.063420e+01,2.083632e+01,2.059234e+01,2.078060e+01,2.057838e+01,2.056442e+01,2.053649e+01,2.073879e+01,2.057140e+01,2.064118e+01,2.063420e+01,2.066908e+01,2.064118e+01,2.065513e+01,2.067605e+01,2.054347e+01,2.059932e+01,2.060629e+01,2.067605e+01,2.061327e+01,2.057838e+01,2.059932e+01,2.048061e+01,2.063420e+01,2.048759e+01,2.063420e+01,2.059932e+01,2.065513e+01,2.063420e+01,2.063420e+01,2.055045e+01,2.062723e+01,2.069000e+01,2.082239e+01,2.083632e+01,2.096852e+01,2.095461e+01,2.103802e+01,2.092679e+01,2.061327e+01,2.059932e+01,2.060629e+01,2.059234e+01,2.050855e+01,2.051554e+01,2.052252e+01,2.062025e+01,2.043169e+01,2.062723e+01,2.052950e+01,2.052950e+01,2.057838e+01,2.050855e+01,2.048759e+01,2.059234e+01,2.055743e+01,2.057838e+01,2.067605e+01,2.062025e+01,2.059932e+01,2.043169e+01,2.053649e+01,2.035476e+01,2.022876e+01,1.989198e+01,1.955407e+01,1.954701e+01,1.954701e+01,1.935642e+01,1.924331e+01,1.913714e+01,1.929988e+01,1.900960e+01,1.894576e+01,1.895286e+01,1.888189e+01,1.888189e+01,1.881797e+01,1.882508e+01,1.891028e+01,1.895995e+01,1.894576e+01,1.902378e+01,1.891028e+01,1.909464e+01,1.916546e+01,1.928574e+01,1.925038e+01,1.908756e+01,1.915130e+01,1.910173e+01,1.939174e+01,1.938468e+01,1.941999e+01,1.953996e+01,1.991306e+01,2.015869e+01,2.046663e+01,2.038974e+01,2.053649e+01,2.055045e+01,2.061327e+01,2.088504e+01,2.073879e+01,2.092679e+01,2.090592e+01,2.091983e+01,2.091983e+01,2.077363e+01,2.085720e+01,2.083632e+01,2.085720e+01,2.081543e+01,2.067605e+01,2.069697e+01,2.071789e+01,2.064118e+01,2.067605e+01,2.080846e+01,2.066211e+01,2.060629e+01,2.059932e+01,2.071789e+01,2.057140e+01,2.056442e+01,2.064816e+01,2.053649e+01,2.055743e+01,2.060629e+01,2.072486e+01,2.066211e+01,2.057838e+01,2.073182e+01,2.074576e+01,2.059234e+01,2.061327e+01,2.060629e+01,2.066908e+01,2.071091e+01,2.069000e+01,2.070394e+01,2.059932e+01,2.058536e+01,2.070394e+01,2.069000e+01,2.058536e+01,2.066908e+01,2.057838e+01,2.059932e+01,2.058536e+01,2.065513e+01,2.058536e+01,2.064816e+01,2.059234e+01,2.059234e+01,2.063420e+01,2.071789e+01,2.055045e+01,2.066211e+01,2.052950e+01,2.066908e+01,2.063420e+01,2.078060e+01,2.056442e+01,2.074576e+01,2.062025e+01,2.064118e+01,2.064816e+01,2.062025e+01,2.072486e+01,2.066211e+01,2.050855e+01,2.073879e+01,2.057838e+01,2.065513e+01,2.071091e+01,2.068303e+01,2.066908e+01,2.069697e+01,2.059932e+01,2.071789e+01,2.060629e+01,2.073182e+01,2.064816e+01,2.066211e+01,2.075970e+01,2.067605e+01,2.062723e+01,2.087112e+01,2.112831e+01,2.139178e+01,2.137101e+01,2.150251e+01,2.134330e+01,2.138486e+01,2.132944e+01,2.128786e+01,2.133637e+01,2.131559e+01,2.135023e+01,2.156474e+01,2.159930e+01,2.162003e+01,2.162003e+01,2.153017e+01,2.168909e+01,2.158548e+01,2.158548e+01,2.148176e+01,2.150943e+01,2.137793e+01,2.146792e+01,2.146100e+01,2.136408e+01,2.137101e+01,2.142640e+01,2.138486e+01,2.142640e+01,2.128093e+01,2.130865e+01,2.123240e+01,2.125320e+01,2.125320e+01,2.123240e+01,2.123933e+01,2.130865e+01,2.131559e+01,2.121159e+01,2.135715e+01,2.123240e+01,2.124627e+01,2.119771e+01,2.133637e+01,2.121159e+01,2.119771e+01,2.123933e+01,2.133637e+01,2.116302e+01,2.114220e+01,2.131559e+01,2.128786e+01,2.121852e+01,2.132944e+01,2.114220e+01,2.118384e+01,2.115608e+01,2.121852e+01,2.129479e+01,2.123240e+01,2.112831e+01,2.121159e+01,2.122546e+01,2.129479e+01,2.111443e+01,2.120465e+01,2.117690e+01,2.119078e+01,2.114220e+01,2.116996e+01,2.118384e+01,2.130865e+01,2.136408e+01,2.114914e+01,2.112831e+01,2.128093e+01,2.138486e+01,2.125320e+01,2.119078e+01,2.123240e+01,2.123933e+01,2.122546e+01,2.123240e+01,2.124627e+01,2.123240e+01,2.121159e+01,2.131559e+01,2.120465e+01,2.128093e+01,2.116302e+01,2.122546e+01,2.121159e+01,2.126013e+01,2.115608e+01,2.117690e+01,2.114220e+01,2.125320e+01,2.123933e+01,2.119078e+01,2.121852e+01,2.123240e+01,2.119771e+01,2.115608e+01,2.133637e+01,2.139871e+01,2.154400e+01,2.125320e+01,2.125320e+01,2.119771e+01,2.098242e+01,2.089200e+01,2.082935e+01,2.072486e+01,2.067605e+01,2.070394e+01,2.071091e+01,2.057838e+01,2.062723e+01,2.053649e+01,2.057838e+01,2.073182e+01,2.062723e+01,2.075970e+01,2.062025e+01,2.052252e+01,2.062723e+01,2.062723e+01,2.076667e+01,2.061327e+01,2.057140e+01,2.063420e+01,2.064816e+01,2.061327e+01,2.078060e+01,2.068303e+01,2.051554e+01,2.050157e+01,2.060629e+01,2.054347e+01,2.063420e+01,2.060629e+01,2.062025e+01,2.062025e+01,2.068303e+01,2.052252e+01,2.059932e+01,2.069000e+01,2.060629e+01,2.073879e+01,2.073879e+01,2.059234e+01,2.067605e+01,2.069697e+01,2.061327e+01,2.052950e+01,2.057838e+01,2.067605e+01,2.056442e+01,2.068303e+01,2.064118e+01,2.078757e+01,2.053649e+01,2.064816e+01,2.065513e+01,2.058536e+01,2.061327e+01,2.059932e+01,2.059932e+01,2.066908e+01,2.056442e+01,2.062025e+01,2.063420e+01,2.062723e+01,2.058536e+01,2.065513e+01,2.055743e+01,2.050157e+01,2.071789e+01,2.051554e+01,2.069697e+01,2.026378e+01,2.059234e+01,2.048061e+01,2.059234e+01,2.064816e+01,2.051554e+01,2.060629e+01,2.050855e+01,2.052950e+01,2.053649e+01,2.060629e+01,2.053649e+01,2.063420e+01,2.055743e+01,2.063420e+01,2.055045e+01,2.066908e+01,2.063420e+01,2.064118e+01,2.051554e+01,2.048061e+01,2.066908e+01,2.069000e+01,2.068303e+01,2.054347e+01,2.058536e+01,2.053649e+01,2.057140e+01,2.059234e+01,2.060629e+01,2.055743e+01,2.055743e+01,2.053649e+01,2.058536e+01,2.063420e+01,2.060629e+01,2.057140e+01,2.059932e+01,2.062025e+01,2.057140e+01,2.049458e+01,2.059932e+01,2.057838e+01,2.053649e+01,2.061327e+01,2.059932e+01,2.058536e+01
2.043868e+01,2.047362e+01,2.043169e+01,2.041071e+01,2.037575e+01,2.025677e+01,2.038274e+01,2.041770e+01,2.040372e+01,2.041770e+01,2.034777e+01,2.034777e+01,2.048759e+01,2.031278e+01,2.021475e+01,2.022176e+01,2.023577e+01,2.031278e+01,2.028478e+01,2.023577e+01,2.025677e+01,2.044567e+01,2.042470e+01,2.042470e+01,2.028478e+01,2.037575e+01,2.034077e+01,2.042470e+01,2.047362e+01,2.045964e+01,2.029178e+01,2.036875e+01,2.035476e+01,2.041770e+01,2.048759e+01,2.034077e+01,2.049458e+01,2.031978e+01,2.029878e+01,2.024277e+01,2.041770e+01,2.036176e+01,2.052950e+01,2.038974e+01,2.040372e+01,2.043169e+01,2.048061e+01,2.053649e+01,2.061327e+01,2.073879e+01,2.089200e+01,2.085720e+01,2.088504e+01,2.110054e+01,2.103107e+01,2.101023e+01,2.108665e+01,2.110748e+01,2.104497e+01,2.089200e+01,2.101718e+01,2.096852e+01,2.086416e+01,2.091287e+01,2.084328e+01,2.062025e+01,2.052252e+01,2.049458e+01,2.050855e+01,2.058536e+01,2.052252e+01,2.055045e+01,2.055743e+01,2.051554e+01,2.071789e+01,2.058536e+01,2.037575e+01,2.063420e+01,2.100327e+01,2.078757e+01,2.085024e+01,2.094070e+01,2.066908e+01,2.064816e+01,2.075273e+01,2.053649e+01,2.065513e+01,2.062025e+01,2.049458e+01,2.057140e+01,2.064816e+01,2.063420e+01,2.058536e+01,2.075273e+01,2.047362e+01,2.067605e+01,2.083632e+01,2.090592e+01,2.085720e+01,2.087112e+01,2.088504e+01,2.097547e+01,2.091983e+01,2.098242e+01,2.096852e+01,2.094070e+01,2.094765e+01,2.108665e+01,2.082935e+01,2.101718e+01,2.107971e+01,2.107276e+01,2.101023e+01,2.094765e+01,2.101023e+01,2.103802e+01,2.098242e+01,2.100327e+01,2.092679e+01,2.088504e+01,2.107276e+01,2.103107e+01,2.103802e+01,2.102413e+01,2.109360e+01,2.103802e+01,2.111443e+01,2.090592e+01,2.097547e+01,2.102413e+01,2.094070e+01,2.097547e+01,2.096852e+01,2.099632e+01,2.082239e+01,2.087808e+01,2.078757e+01,2.081543e+01,2.057140e+01,2.060629e+01,2.064816e+01,2.064816e+01,2.057838e+01,2.071789e+01,2.061327e+01,2.062025e+01,2.064118e+01,2.057838e+01,2.084328e+01,2.069000e+01,2.055045e+01,2.057140e+01,2.069000e+01,2.041071e+01,2.057140e+01,2.069000e+01,2.055743e+01,2.069000e+01,2.066211e+01,2.061327e+01,2.065513e+01,2.066908e+01,2.064118e+01,2.055743e+01,2.060629e+01,2.060629e+01,2.050157e+01,2.054347e+01,2.050855e+01,2.059932e+01,2.048061e+01,2.066211e+01,2.069000e+01,2.050157e+01,2.059932e+01,2.060629e+01,2.062723e+01,2.063420e+01,2.059234e+01,2.068303e+01,2.048759e+01,2.043868e+01,2.062025e+01,2.062723e+01,2.057838e+01,2.058536e+01,2.065513e+01,2.062723e+01,2.060629e+01,2.060629e+01,2.061327e+01,2.052950e+01,2.057140e+01,2.042470e+01,2.066908e+01,2.052252e+01,2.059932e+01,2.050157e+01,2.063420e+01,2.069000e+01,2.065513e+01,2.058536e+01,2.055045e+01,2.059932e+01,2.055045e+01,2.058536e+01,2.060629e+01,2.059932e+01,2.061327e+01,2.062025e+01,2.059234e+01,2.069000e+01,2.058536e+01,2.066211e+01,2.077363e+01,2.057140e+01,2.065513e+01,2.059234e+01,2.061327e+01,2.066908e+01,2.065513e+01,2.062025e+01,2.068303e+01,2.057838e+01,2.057838e+01,2.062723e+01,2.067605e+01,2.059932e+01,2.069000e+01,2.056442e+01,2.061327e+01,2.066908e+01,2.066211e+01,2.054347e+01,2.050855e+01,2.062723e+01,2.055743e+01,2.064816e+01,2.066908e+01,2.067605e+01,2.071789e+01,2.070394e+01,2.062025e+01,2.062723e+01,2.065513e+01,2.060629e+01,2.067605e+01,2.065513e+01,2.062723e+01,2.064118e+01,2.067605e+01,2.065513e+01,2.062723e+01,2.059234e+01,2.071091e+01,2.061327e+01,2.062025e+01,2.088504e+01,2.098937e+01,2.098937e+01,2.097547e+01,2.090592e+01,2.086416e+01,2.062723e+01,2.060629e+01,2.060629e+01,2.060629e+01,2.054347e+01,2.051554e+01,2.059932e+01,2.052950e+01,2.048061e+01,2.050157e+01,2.060629e+01,2.052252e+01,2.043169e+01,2.046663e+01,2.047362e+01,2.050855e+01,2.041071e+01,2.061327e+01,2.062723e+01,2.048759e+01,2.043868e+01,2.037575e+01,2.053649e+01,2.035476e+01,2.020774e+01,1.990604e+01,1.970205e+01,1.956112e+01,1.949764e+01,1.930695e+01,1.915130e+01,1.913006e+01,1.909464e+01,1.895995e+01,1.894576e+01,1.891738e+01,1.893157e+01,1.891738e+01,1.879666e+01,1.891738e+01,1.879666e+01,1.901669e+01,1.881797e+01,1.910173e+01,1.891738e+01,1.917254e+01,1.909464e+01,1.907339e+01,1.910173e+01,1.898123e+01,1.895995e+01,1.897414e+01,1.917254e+01,1.911590e+01,1.918670e+01,1.941999e+01,1.969500e+01,1.993414e+01,2.041071e+01,2.038974e+01,2.051554e+01,2.057140e+01,2.056442e+01,2.078757e+01,2.096156e+01,2.103802e+01,2.091287e+01,2.093374e+01,2.089200e+01,2.101718e+01,2.096156e+01,2.089200e+01,2.090592e+01,2.094765e+01,2.075273e+01,2.062723e+01,2.040372e+01,2.060629e+01,2.065513e+01,2.073879e+01,2.064118e+01,2.046663e+01,2.066211e+01,2.064118e+01,2.060629e+01,2.061327e+01,2.069000e+01,2.064816e+01,2.058536e+01,2.077363e+01,2.058536e+01,2.072486e+01,2.062723e+01,2.073879e+01,2.075970e+01,2.074576e+01,2.052950e+01,2.072486e+01,2.062025e+01,2.069697e+01,2.059932e+01,2.062723e+01,2.069000e+01,2.050855e+01,2.057838e+01,2.062723e+01,2.063420e+01,2.067605e+01,2.062025e+01,2.074576e+01,2.080846e+01,2.061327e+01,2.060629e+01,2.059234e+01,2.062723e+01,2.061327e+01,2.063420e+01,2.073879e+01,2.075273e+01,2.070394e+01,2.060629e+01,2.066211e+01,2.064816e+01,2.062025e+01,2.074576e+01,2.072486e+01,2.066908e+01,2.066211e+01,2.069697e+01,2.062025e+01,2.064816e+01,2.072486e+01,2.075273e+01,2.070394e+01,2.067605e+01,2.070394e+01,2.059932e+01,2.057838e+01,2.064816e+01,2.054347e+01,2.069697e+01,2.070394e+01,2.079453e+01,2.072486e+01,2.073879e+01,2.062025e+01,2.066908e+01,2.074576e+01,2.062025e+01,2.071091e+01,2.085024e+01,2.120465e+01,2.132252e+01,2.144024e+01,2.141255e+01,2.130865e+01,2.133637e+01,2.137101e+01,2.135715e+01,2.131559e+01,2.132944e+01,2.139178e+01,2.133637e+01,2.141948e+01,2.142640e+01,2.159239e+01,2.158548e+01,2.153017e+01,2.159930e+01,2.162003e+01,2.162694e+01,2.176501e+01,2.173051e+01,2.171671e+01,2.144024e+01,2.167528e+01,2.149559e+01,2.135715e+01,2.121852e+01,2.133637e+01,2.149559e+01,2.131559e+01,2.124627e+01,2.123933e+01,2.124627e+01,2.130173e+01,2.129479e+01,2.122546e+01,2.125320e+01,2.125320e+01,2.130865e+01,2.132944e+01,2.126013e+01,2.133637e+01,2.129479e+01,2.119771e+01,2.120465e+01,2.126013e+01,2.134330e+01,2.130173e+01,2.112137e+01,2.129479e+01,2.121852e+01,2.111443e+01,2.135023e+01,2.122546e+01,2.120465e+01,2.110054e+01,2.124627e+01,2.110054e+01,2.102413e+01,2.121159e+01,2.119771e+01,2.114220e+01,2.107971e+01,2.121159e+01,2.126013e+01,2.124627e+01,2.108665e+01,2.130173e+01,2.126707e+01,2.133637e+01,2.114914e+01,2.126707e+01,2.134330e+01,2.135023e+01,2.118384e+01,2.121159e+01,2.123933e+01,2.135715e+01,2.122546e+01,2.123933e+01,2.129479e+01,2.107971e+01,2.107971e+01,2.118384e+01,2.119078e+01,2.121159e+01,2.119078e+01,2.114914e+01,2.110748e+01,2.118384e+01,2.112831e+01,2.113526e+01,2.114914e+01,2.118384e+01,2.114914e+01,2.108665e+01,2.124627e+01,2.125320e+01,2.116996e+01,2.121852e+01,2.116996e+01,2.114220e+01,2.110748e+01,2.123933e+01,2.128093e+01,2.127400e+01,2.127400e+01,2.105192e+01,2.126013e+01,2.097547e+01,2.101023e+01,2.070394e+01,2.069000e+01,2.065513e+01,2.062723e+01,2.076667e+01,2.053649e+01,2.060629e+01,2.064118e+01,2.045964e+01,2.056442e+01,2.069697e+01,2.070394e+01,2.062025e+01,2.061327e+01,2.061327e+01,2.057838e+01,2.059234e+01,2.059932e+01,2.057838e+01,2.068303e+01,2.066908e+01,2.062025e+01,2.048759e+01,2.052252e+01,2.061327e+01,2.045964e+01,2.059234e+01,2.055743e+01,2.066908e+01,2.067605e+01,2.050855e+01,2.069000e+01,2.065513e+01,2.061327e+01,2.076667e+01,2.064118e+01,2.051554e+01,2.052252e+01,2.055045e+01,2.070394e+01,2.059234e+01,2.054347e+01,2.057838e+01,2.061327e+01,2.055045e+01,2.050855e+01,2.068303e+01,2.050855e+01,2.082239e+01,2.069000e+01,2.048759e+01,2.066908e+01,2.060629e+01,2.052950e+01,2.062723e+01,2.065513e+01,2.056442e+01,2.051554e+01,2.060629e+01,2.053649e+01,2.064816e+01,2.052252e+01,2.062723e+01,2.050855e+01,2.039673e+01,2.061327e+01,2.050855e+01,2.062025e+01,2.079453e+01,2.048759e+01,2.061327e+01,2.060629e+01,2.061327e+01,2.058536e+01,2.048759e+01,2.054347e+01,2.050157e+01,2.049458e+01,2.069000e+01,2.066211e+01,2.048759e+01,2.053649e+01,2.069000e+01,2.057838e+01,2.056442e+01,2.065513e+01,2.059932e+01,2.040372e+01,2.038974e+01,2.059932e+01,2.036176e+01,2.043868e+01,2.048061e+01,2.048759e+01,2.047362e+01,2.058536e+01,2.067605e+01,2.059932e+01,2.058536e+01,2.054347e+01,2.058536e+01,2.057838e+01,2.058536e+01,2.062723e+01,2.064118e+01,2.059234e+01,2.057838e+01,2.057140e+01,2.059234e+01,2.057838e+01,2.059932e+01,2.059234e+01,2.036875e+01,2.055743e+01
2.048061e+01,2.045964e+01,2.041770e+01,2.048759e+01,2.041770e+01,2.040372e+01,2.050157e+01,2.040372e+01,2.032678e+01,2.038274e+01,2.038274e+01,2.042470e+01,2.032678e+01,2.031278e+01,2.024277e+01,2.053649e+01,2.020074e+01,2.019373e+01,2.018673e+01,2.028478e+01,2.024977e+01,2.012364e+01,2.047362e+01,2.031278e+01,2.028478e+01,2.025677e+01,2.036875e+01,2.043169e+01,2.029878e+01,2.050157e+01,2.043868e+01,2.040372e+01,2.033377e+01,2.050157e+01,2.041071e+01,2.039673e+01,2.043868e+01,2.046663e+01,2.045266e+01,2.029878e+01,2.045964e+01,2.040372e+01,2.056442e+01,2.045266e+01,2.048759e+01,2.042470e+01,2.043868e+01,2.069000e+01,2.057140e+01,2.065513e+01,2.080150e+01,2.088504e+01,2.088504e+01,2.082239e+01,2.094765e+01,2.112137e+01,2.108665e+01,2.110748e+01,2.102413e+01,2.098937e+01,2.086416e+01,2.110054e+01,2.087808e+01,2.081543e+01,2.057140e+01,2.059932e+01,2.061327e+01,2.050855e+01,2.051554e+01,2.052950e+01,2.058536e+01,2.053649e+01,2.055045e+01,2.055045e+01,2.054347e+01,2.052950e+01,2.059234e+01,2.058536e+01,2.062723e+01,2.078757e+01,2.079453e+01,2.078060e+01,2.078060e+01,2.070394e+01,2.059932e+01,2.073879e+01,2.060629e+01,2.066908e+01,2.062025e+01,2.062025e+01,2.062025e+01,2.065513e+01,2.065513e+01,2.065513e+01,2.071789e+01,2.088504e+01,2.067605e+01,2.099632e+01,2.096156e+01,2.098937e+01,2.096156e+01,2.090592e+01,2.089896e+01,2.085024e+01,2.091287e+01,2.076667e+01,2.094765e+01,2.095461e+01,2.095461e+01,2.092679e+01,2.105887e+01,2.097547e+01,2.101023e+01,2.100327e+01,2.101023e+01,2.087112e+01,2.096156e+01,2.097547e+01,2.101023e+01,2.095461e+01,2.107971e+01,2.086416e+01,2.110748e+01,2.096852e+01,2.105887e+01,2.107276e+01,2.108665e+01,2.112137e+01,2.110054e+01,2.107276e+01,2.089896e+01,2.110748e+01,2.096156e+01,2.074576e+01,2.068303e+01,2.058536e+01,2.057140e+01,2.056442e+01,2.057140e+01,2.062025e+01,2.052950e+01,2.066211e+01,2.055045e+01,2.051554e+01,2.069000e+01,2.066908e+01,2.052950e+01,2.057140e+01,2.062025e+01,2.064118e+01,2.052252e+01,2.055045e+01,2.064816e+01,2.045266e+01,2.064816e+01,2.066211e+01,2.055045e+01,2.054347e+01,2.055743e+01,2.066211e+01,2.048061e+01,2.062723e+01,2.057140e+01,2.052252e+01,2.064816e+01,2.057140e+01,2.058536e+01,2.061327e+01,2.061327e+01,2.077363e+01,2.052252e+01,2.063420e+01,2.065513e+01,2.070394e+01,2.060629e+01,2.060629e+01,2.063420e+01,2.073182e+01,2.070394e+01,2.066908e+01,2.065513e+01,2.064118e+01,2.060629e+01,2.066211e+01,2.060629e+01,2.059234e+01,2.062025e+01,2.061327e+01,2.064118e+01,2.058536e+01,2.073182e+01,2.062723e+01,2.055743e+01,2.066908e+01,2.060629e+01,2.062723e+01,2.047362e+01,2.062723e+01,2.059932e+01,2.064118e+01,2.065513e+01,2.073879e+01,2.068303e+01,2.057140e+01,2.055045e+01,2.055743e+01,2.076667e+01,2.062025e+01,2.060629e+01,2.073879e+01,2.071091e+01,2.065513e+01,2.064816e+01,2.059234e+01,2.068303e+01,2.068303e+01,2.067605e+01,2.064816e+01,2.058536e+01,2.062723e+01,2.067605e+01,2.066211e+01,2.057838e+01,2.069697e+01,2.064118e+01,2.055743e+01,2.068303e+01,2.055743e+01,2.065513e+01,2.069000e+01,2.072486e+01,2.069697e+01,2.064816e+01,2.057838e+01,2.054347e+01,2.059932e+01,2.057838e+01,2.068303e+01,2.068303e+01,2.070394e+01,2.054347e+01,2.066211e+01,2.053649e+01,2.054347e+01,2.066211e+01,2.056442e+01,2.052252e+01,2.055743e+01,2.064118e+01,2.066211e+01,2.059932e+01,2.067605e+01,2.073879e+01,2.067605e+01,2.075970e+01,2.080150e+01,2.084328e+01,2.090592e+01,2.086416e+01,2.096852e+01,2.096852e+01,2.087808e+01,2.098937e+01,2.062025e+01,2.059932e+01,2.057140e+01,2.061327e+01,2.049458e+01,2.059234e+01,2.051554e+01,2.056442e+01,2.054347e+01,2.049458e+01,2.062025e+01,2.058536e+01,2.041071e+01,2.050157e+01,2.057838e+01,2.051554e+01,2.052252e+01,2.065513e+01,2.055743e+01,2.060629e+01,2.055743e+01,2.055045e+01,2.055743e+01,2.050157e+01,2.021475e+01,1.994819e+01,1.956817e+01,1.955407e+01,1.931402e+01,1.936349e+01,1.919378e+01,1.915838e+01,1.891738e+01,1.899541e+01,1.887479e+01,1.886769e+01,1.889609e+01,1.888189e+01,1.882508e+01,1.881087e+01,1.878245e+01,1.876823e+01,1.869002e+01,1.895995e+01,1.894576e+01,1.903795e+01,1.905213e+01,1.905922e+01,1.903087e+01,1.923623e+01,1.898832e+01,1.900960e+01,1.915130e+01,1.921501e+01,1.928574e+01,1.934936e+01,1.963865e+01,1.961751e+01,2.012364e+01,2.040372e+01,2.043169e+01,2.043868e+01,2.055045e+01,2.067605e+01,2.087808e+01,2.091983e+01,2.087808e+01,2.087808e+01,2.085720e+01,2.087808e+01,2.096852e+01,2.087112e+01,2.100327e+01,2.087808e+01,2.078060e+01,2.060629e+01,2.073879e+01,2.067605e+01,2.064118e+01,2.069000e+01,2.067605e+01,2.064816e+01,2.071789e+01,2.060629e+01,2.060629e+01,2.066211e+01,2.061327e+01,2.066211e+01,2.073182e+01,2.059234e+01,2.075970e+01,2.077363e+01,2.060629e+01,2.072486e+01,2.069697e+01,2.062723e+01,2.059932e+01,2.061327e+01,2.066211e+01,2.065513e+01,2.074576e+01,2.059234e+01,2.069000e+01,2.071091e+01,2.073879e+01,2.066211e+01,2.065513e+01,2.069000e+01,2.070394e+01,2.064816e+01,2.080150e+01,2.077363e+01,2.073182e+01,2.068303e+01,2.065513e+01,2.069000e+01,2.057140e+01,2.063420e+01,2.072486e+01,2.059234e+01,2.062723e+01,2.062025e+01,2.060629e+01,2.071091e+01,2.067605e+01,2.070394e+01,2.069697e+01,2.073879e+01,2.070394e+01,2.060629e+01,2.073182e+01,2.069000e+01,2.062025e+01,2.064816e+01,2.066211e+01,2.056442e+01,2.071789e+01,2.071789e+01,2.071091e+01,2.071789e+01,2.069697e+01,2.064816e+01,2.069000e+01,2.073182e+01,2.049458e+01,2.066908e+01,2.074576e+01,2.060629e+01,2.084328e+01,2.075970e+01,2.082239e+01,2.124627e+01,2.149559e+01,2.147484e+01,2.144716e+01,2.135023e+01,2.138486e+01,2.130173e+01,2.131559e+01,2.133637e+01,2.130173e+01,2.144716e+01,2.135023e+01,2.126707e+01,2.135715e+01,2.153709e+01,2.155783e+01,2.150943e+01,2.159930e+01,2.157857e+01,2.159239e+01,2.148868e+01,2.174431e+01,2.175121e+01,2.143332e+01,2.173051e+01,2.147484e+01,2.149559e+01,2.146100e+01,2.158548e+01,2.139871e+01,2.155092e+01,2.132944e+01,2.128093e+01,2.132252e+01,2.134330e+01,2.141255e+01,2.155783e+01,2.153017e+01,2.123933e+01,2.137101e+01,2.141255e+01,2.137793e+01,2.126013e+01,2.124627e+01,2.125320e+01,2.126013e+01,2.131559e+01,2.112831e+01,2.108665e+01,2.112137e+01,2.114220e+01,2.116302e+01,2.121852e+01,2.118384e+01,2.113526e+01,2.115608e+01,2.134330e+01,2.128093e+01,2.122546e+01,2.146100e+01,2.119078e+01,2.119078e+01,2.110054e+01,2.117690e+01,2.128093e+01,2.135023e+01,2.130865e+01,2.114914e+01,2.130173e+01,2.126013e+01,2.126707e+01,2.139178e+01,2.126013e+01,2.127400e+01,2.116996e+01,2.116302e+01,2.137793e+01,2.123933e+01,2.122546e+01,2.122546e+01,2.124627e+01,2.123933e+01,2.121852e+01,2.107276e+01,2.121852e+01,2.119078e+01,2.120465e+01,2.105887e+01,2.120465e+01,2.116996e+01,2.125320e+01,2.123933e+01,2.128093e+01,2.114914e+01,2.116996e+01,2.117690e+01,2.119078e+01,2.106581e+01,2.122546e+01,2.127400e+01,2.125320e+01,2.116302e+01,2.113526e+01,2.102413e+01,2.125320e+01,2.125320e+01,2.123933e+01,2.091983e+01,2.093374e+01,2.098242e+01,2.126013e+01,2.126707e+01,2.097547e+01,2.075273e+01,2.083632e+01,2.060629e+01,2.062723e+01,2.061327e+01,2.058536e+01,2.077363e+01,2.044567e+01,2.064118e+01,2.058536e+01,2.066908e+01,2.062025e+01,2.050157e+01,2.059932e+01,2.057838e+01,2.057140e+01,2.073879e+01,2.064118e+01,2.058536e+01,2.055045e+01,2.059234e+01,2.053649e+01,2.066908e+01,2.051554e+01,2.048759e+01,2.067605e+01,2.056442e+01,2.069697e+01,2.062025e+01,2.071091e+01,2.057140e+01,2.062723e+01,2.055743e+01,2.082239e+01,2.059234e+01,2.070394e+01,2.058536e+01,2.070394e+01,2.064816e+01,2.066908e+01,2.060629e+01,2.056442e+01,2.070394e+01,2.059234e+01,2.061327e+01,2.055743e+01,2.052950e+01,2.068303e+01,2.047362e+01,2.062025e+01,2.049458e+01,2.062723e+01,2.061327e+01,2.050157e+01,2.054347e+01,2.063420e+01,2.056442e+01,2.059234e+01,2.062723e+01,2.071789e+01,2.060629e+01,2.060629e+01,2.053649e+01,2.059932e+01,2.049458e+01,2.065513e+01,2.057140e+01,2.062025e+01,2.058536e+01,2.059932e+01,2.062723e+01,2.049458e+01,2.034777e+01,2.055743e+01,2.057838e+01,2.061327e+01,2.052950e+01,2.057140e+01,2.055743e+01,2.072486e+01,2.069697e+01,2.059234e+01,2.077363e+01,2.062723e+01,2.059234e+01,2.059234e+01,2.042470e+01,2.071789e+01,2.067605e+01,2.057838e+01,2.024277e+01,2.050855e+01,2.062025e+01,2.054347e+01,2.064816e+01,2.066908e+01,2.061327e+01,2.067605e+01,2.062723e+01,2.060629e+01,2.065513e+01,2.056442e+01,2.060629e+01,2.064118e+01,2.060629e+01,2.060629e+01,2.057838e+01,2.056442e+01,2.055743e+01,2.071091e+01,2.074576e+01,2.075273e+01,2.066211e+01
2.048061e+01,2.042470e+01,2.040372e+01,2.037575e+01,2.037575e+01,2.033377e+01,2.042470e+01,2.049458e+01,2.038274e+01,2.037575e+01,2.030578e+01,2.065513e+01,2.037575e+01,2.024277e+01,2.029878e+01,2.032678e+01,2.033377e+01,2.031278e+01,2.021475e+01,2.026378e+01,2.031278e+01,2.034777e+01,2.040372e+01,2.038274e+01,2.034777e+01,2.038974e+01,2.027078e+01,2.028478e+01,2.029178e+01,2.039673e+01,2.024977e+01,2.049458e+01,2.034077e+01,2.034777e+01,2.025677e+01,2.044567e+01,2.048061e+01,2.043169e+01,2.030578e+01,2.040372e+01,2.052950e+01,2.039673e+01,2.055743e+01,2.038274e+01,2.038974e+01,2.039673e+01,2.045964e+01,2.062025e+01,2.057838e+01,2.056442e+01,2.081543e+01,2.081543e+01,2.099632e+01,2.104497e+01,2.083632e+01,2.101718e+01,2.081543e+01,2.096852e+01,2.103802e+01,2.103802e+01,2.096156e+01,2.087112e+01,2.079453e+01,2.070394e+01,2.067605e+01,2.059932e+01,2.054347e+01,2.043169e+01,2.059234e+01,2.056442e+01,2.055045e+01,2.053649e+01,2.057140e+01,2.056442e+01,2.056442e+01,2.062025e+01,2.062025e+01,2.060629e+01,2.059234e+01,2.059234e+01,2.061327e+01,2.049458e+01,2.060629e+01,2.063420e+01,2.062723e+01,2.042470e+01,2.051554e+01,2.057140e+01,2.062723e+01,2.057140e+01,2.067605e+01,2.045266e+01,2.065513e+01,2.066211e+01,2.079453e+01,2.071789e+01,2.073182e+01,2.078060e+01,2.101023e+01,2.106581e+01,2.103107e+01,2.124627e+01,2.106581e+01,2.100327e+01,2.096852e+01,2.093374e+01,2.098937e+01,2.092679e+01,2.099632e+01,2.087808e+01,2.092679e+01,2.094765e+01,2.087808e+01,2.111443e+01,2.099632e+01,2.099632e+01,2.096852e+01,2.098937e+01,2.098937e+01,2.094765e+01,2.096852e+01,2.093374e+01,2.110054e+01,2.110054e+01,2.110054e+01,2.094765e+01,2.097547e+01,2.108665e+01,2.089200e+01,2.112831e+01,2.085720e+01,2.083632e+01,2.083632e+01,2.068303e+01,2.069000e+01,2.062025e+01,2.072486e+01,2.062025e+01,2.080150e+01,2.058536e+01,2.062025e+01,2.054347e+01,2.052950e+01,2.056442e+01,2.069000e+01,2.069697e+01,2.064816e+01,2.064118e+01,2.070394e+01,2.064118e+01,2.067605e+01,2.062723e+01,2.083632e+01,2.062723e+01,2.064118e+01,2.073182e+01,2.066908e+01,2.066908e+01,2.061327e+01,2.069000e+01,2.066211e+01,2.062025e+01,2.066211e+01,2.052252e+01,2.057140e+01,2.054347e+01,2.066211e+01,2.058536e+01,2.057140e+01,2.066211e+01,2.064118e+01,2.071091e+01,2.066908e+01,2.065513e+01,2.062723e+01,2.062723e+01,2.057140e+01,2.053649e+01,2.065513e+01,2.051554e+01,2.066211e+01,2.057838e+01,2.061327e+01,2.072486e+01,2.065513e+01,2.061327e+01,2.060629e+01,2.060629e+01,2.067605e+01,2.064816e+01,2.057838e+01,2.055743e+01,2.065513e+01,2.048061e+01,2.055743e+01,2.048061e+01,2.062723e+01,2.063420e+01,2.059932e+01,2.064118e+01,2.061327e+01,2.070394e+01,2.047362e+01,2.053649e+01,2.065513e+01,2.060629e+01,2.066908e+01,2.061327e+01,2.069697e+01,2.060629e+01,2.061327e+01,2.071789e+01,2.069000e+01,2.071789e+01,2.057140e+01,2.071091e+01,2.070394e+01,2.064816e+01,2.069697e+01,2.064118e+01,2.065513e+01,2.064816e+01,2.073182e+01,2.073182e+01,2.072486e+01,2.058536e+01,2.058536e+01,2.055743e+01,2.071789e+01,2.059932e+01,2.068303e+01,2.068303e+01,2.055743e+01,2.055743e+01,2.060629e+01,2.055045e+01,2.063420e+01,2.063420e+01,2.071091e+01,2.069697e+01,2.062025e+01,2.059234e+01,2.064816e+01,2.055045e+01,2.067605e+01,2.068303e+01,2.057140e+01,2.063420e+01,2.066908e+01,2.059932e+01,2.061327e+01,2.064118e+01,2.060629e+01,2.053649e+01,2.061327e+01,2.069000e+01,2.080150e+01,2.094765e+01,2.098937e+01,2.097547e+01,2.093374e+01,2.094765e+01,2.080150e+01,2.091287e+01,2.059932e+01,2.055743e+01,2.059234e+01,2.059932e+01,2.051554e+01,2.051554e+01,2.055743e+01,2.057140e+01,2.052252e+01,2.050855e+01,2.055045e+01,2.053649e+01,2.047362e+01,2.050855e+01,2.053649e+01,2.050855e+01,2.053649e+01,2.041071e+01,2.047362e+01,2.061327e+01,2.052950e+01,2.050855e+01,2.059932e+01,2.037575e+01,1.989198e+01,1.977243e+01,1.952586e+01,1.924331e+01,1.914422e+01,1.907339e+01,1.915838e+01,1.892448e+01,1.894576e+01,1.894576e+01,1.886059e+01,1.896704e+01,1.880376e+01,1.890318e+01,1.867579e+01,1.870424e+01,1.886769e+01,1.880376e+01,1.898123e+01,1.888899e+01,1.904504e+01,1.909464e+01,1.900960e+01,1.904504e+01,1.902378e+01,1.901669e+01,1.909464e+01,1.902378e+01,1.917962e+01,1.927160e+01,1.925038e+01,1.944823e+01,1.959637e+01,1.963161e+01,2.013766e+01,2.019373e+01,2.033377e+01,2.050157e+01,2.055045e+01,2.082935e+01,2.084328e+01,2.086416e+01,2.082239e+01,2.087112e+01,2.090592e+01,2.099632e+01,2.078060e+01,2.087112e+01,2.084328e+01,2.080846e+01,2.079453e+01,2.062025e+01,2.071091e+01,2.072486e+01,2.072486e+01,2.064816e+01,2.067605e+01,2.068303e+01,2.066908e+01,2.067605e+01,2.077363e+01,2.068303e+01,2.059932e+01,2.060629e+01,2.058536e+01,2.073879e+01,2.056442e+01,2.072486e+01,2.073879e+01,2.066908e+01,2.062723e+01,2.064118e+01,2.062723e+01,2.062723e+01,2.064816e+01,2.065513e+01,2.073879e+01,2.070394e+01,2.073879e+01,2.073879e+01,2.067605e+01,2.064118e+01,2.063420e+01,2.072486e+01,2.073879e+01,2.061327e+01,2.062723e+01,2.063420e+01,2.080150e+01,2.075273e+01,2.062723e+01,2.064118e+01,2.071789e+01,2.071091e+01,2.078060e+01,2.062723e+01,2.074576e+01,2.062723e+01,2.076667e+01,2.067605e+01,2.069697e+01,2.071789e+01,2.062723e+01,2.060629e+01,2.071091e+01,2.060629e+01,2.074576e+01,2.060629e+01,2.069697e+01,2.069000e+01,2.062025e+01,2.063420e+01,2.073879e+01,2.074576e+01,2.068303e+01,2.070394e+01,2.067605e+01,2.087808e+01,2.080846e+01,2.062723e+01,2.063420e+01,2.059234e+01,2.065513e+01,2.080846e+01,2.060629e+01,2.083632e+01,2.120465e+01,2.142640e+01,2.147484e+01,2.147484e+01,2.135023e+01,2.144716e+01,2.142640e+01,2.130865e+01,2.137101e+01,2.127400e+01,2.128093e+01,2.146100e+01,2.132252e+01,2.140563e+01,2.131559e+01,2.143332e+01,2.153709e+01,2.131559e+01,2.137101e+01,2.162003e+01,2.159930e+01,2.149559e+01,2.170290e+01,2.158548e+01,2.164075e+01,2.166147e+01,2.161312e+01,2.160621e+01,2.145408e+01,2.166838e+01,2.141948e+01,2.143332e+01,2.142640e+01,2.143332e+01,2.139871e+01,2.135023e+01,2.147484e+01,2.137793e+01,2.154400e+01,2.132944e+01,2.135023e+01,2.137793e+01,2.128786e+01,2.133637e+01,2.123240e+01,2.131559e+01,2.126013e+01,2.132944e+01,2.133637e+01,2.137793e+01,2.119771e+01,2.114914e+01,2.132252e+01,2.114220e+01,2.124627e+01,2.121852e+01,2.119771e+01,2.116996e+01,2.120465e+01,2.111443e+01,2.142640e+01,2.110054e+01,2.127400e+01,2.119771e+01,2.122546e+01,2.123933e+01,2.123933e+01,2.128093e+01,2.141255e+01,2.141255e+01,2.145408e+01,2.141948e+01,2.120465e+01,2.119771e+01,2.126013e+01,2.125320e+01,2.123933e+01,2.121159e+01,2.121852e+01,2.123240e+01,2.122546e+01,2.121852e+01,2.121852e+01,2.121159e+01,2.128786e+01,2.121852e+01,2.123240e+01,2.122546e+01,2.114220e+01,2.135715e+01,2.112831e+01,2.114220e+01,2.124627e+01,2.112137e+01,2.110748e+01,2.109360e+01,2.122546e+01,2.105192e+01,2.118384e+01,2.121159e+01,2.104497e+01,2.126013e+01,2.122546e+01,2.120465e+01,2.126013e+01,2.111443e+01,2.107971e+01,2.107971e+01,2.085720e+01,2.092679e+01,2.097547e+01,2.119771e+01,2.108665e+01,2.121159e+01,2.078060e+01,2.069697e+01,2.069697e+01,2.058536e+01,2.059932e+01,2.054347e+01,2.075970e+01,2.066908e+01,2.057140e+01,2.060629e+01,2.061327e+01,2.069697e+01,2.062025e+01,2.060629e+01,2.071789e+01,2.073182e+01,2.057838e+01,2.073182e+01,2.072486e+01,2.071091e+01,2.049458e+01,2.068303e+01,2.051554e+01,2.059932e+01,2.058536e+01,2.073182e+01,2.059234e+01,2.058536e+01,2.063420e+01,2.062025e+01,2.069697e+01,2.060629e+01,2.064816e+01,2.062025e+01,2.075273e+01,2.063420e+01,2.062723e+01,2.060629e+01,2.051554e+01,2.069000e+01,2.058536e+01,2.044567e+01,2.048759e+01,2.068303e+01,2.069697e+01,2.057140e+01,2.066908e+01,2.075970e+01,2.076667e+01,2.067605e+01,2.071091e+01,2.053649e+01,2.057838e+01,2.054347e+01,2.059932e+01,2.057838e+01,2.056442e+01,2.050855e+01,2.058536e+01,2.052252e+01,2.052252e+01,2.060629e+01,2.061327e+01,2.064118e+01,2.064118e+01,2.071789e+01,2.056442e+01,2.076667e+01,2.067605e+01,2.064816e+01,2.066211e+01,2.065513e+01,2.059932e+01,2.077363e+01,2.053649e+01,2.075273e+01,2.057140e+01,2.067605e+01,2.069697e+01,2.077363e+01,2.054347e+01,2.066211e+01,2.056442e+01,2.059932e+01,2.067605e+01,2.062025e+01,2.057838e+01,2.064816e+01,2.053649e+01,2.068303e+01,2.042470e+01,2.067605e+01,2.050855e+01,2.055045e+01,2.055045e+01,2.055045e+01,2.062723e+01,2.062723e+01,2.058536e+01,2.070394e+01,2.056442e+01,2.059932e+01,2.062723e+01,2.057838e+01,2.057838e+01,2.057838e+01,2.059932e+01,2.060629e+01,2.055743e+01,2.056442e+01,2.073182e+01,2.056442e+01
2.048759e+01,2.059234e+01,2.052950e+01,2.034777e+01,2.046663e+01,2.033377e+01,2.043169e+01,2.044567e+01,2.041770e+01,2.056442e+01,2.036176e+01,2.032678e+01,2.043169e+01,2.036875e+01,2.036176e+01,2.037575e+01,2.059932e+01,2.040372e+01,2.023577e+01,2.023577e+01,2.027778e+01,2.023577e+01,2.033377e+01,2.038274e+01,2.020774e+01,2.036176e+01,2.039673e+01,2.031278e+01,2.030578e+01,2.030578e+01,2.048061e+01,2.030578e+01,2.029178e+01,2.015168e+01,2.029178e+01,2.045266e+01,2.040372e+01,2.031978e+01,2.034777e+01,2.022876e+01,2.029878e+01,2.041071e+01,2.039673e+01,2.044567e+01,2.045266e+01,2.059932e+01,2.064816e+01,2.043868e+01,2.035476e+01,2.050157e+01,2.082239e+01,2.080846e+01,2.084328e+01,2.098937e+01,2.099632e+01,2.105192e+01,2.107971e+01,2.113526e+01,2.112137e+01,2.094070e+01,2.076667e+01,2.088504e+01,2.080846e+01,2.058536e+01,2.059234e+01,2.055045e+01,2.038274e+01,2.060629e+01,2.057838e+01,2.068303e+01,2.045964e+01,2.027778e+01,2.047362e+01,2.057140e+01,2.063420e+01,2.059932e+01,2.054347e+01,2.055045e+01,2.057838e+01,2.058536e+01,2.052950e+01,2.057140e+01,2.057140e+01,2.068303e+01,2.060629e+01,2.073879e+01,2.049458e+01,2.059234e+01,2.073182e+01,2.064118e+01,2.052252e+01,2.063420e+01,2.069697e+01,2.068303e+01,2.070394e+01,2.075970e+01,2.071091e+01,2.072486e+01,2.089896e+01,2.090592e+01,2.094070e+01,2.110748e+01,2.107971e+01,2.100327e+01,2.098937e+01,2.093374e+01,2.087808e+01,2.095461e+01,2.097547e+01,2.100327e+01,2.104497e+01,2.104497e+01,2.096852e+01,2.091983e+01,2.094070e+01,2.100327e+01,2.102413e+01,2.106581e+01,2.106581e+01,2.091983e+01,2.096156e+01,2.103802e+01,2.110054e+01,2.107276e+01,2.104497e+01,2.102413e+01,2.093374e+01,2.101718e+01,2.101023e+01,2.101023e+01,2.082239e+01,2.081543e+01,2.065513e+01,2.063420e+01,2.066908e+01,2.057838e+01,2.075970e+01,2.058536e+01,2.058536e+01,2.055045e+01,2.085024e+01,2.057838e+01,2.057140e+01,2.057838e+01,2.059932e+01,2.059234e+01,2.060629e+01,2.052950e+01,2.066908e+01,2.064816e+01,2.062723e+01,2.064118e+01,2.062723e+01,2.047362e+01,2.044567e+01,2.066908e+01,2.049458e+01,2.069000e+01,2.061327e+01,2.067605e+01,2.063420e+01,2.057140e+01,2.065513e+01,2.062723e+01,2.062723e+01,2.055045e+01,2.059932e+01,2.055045e+01,2.058536e+01,2.070394e+01,2.070394e+01,2.065513e+01,2.066211e+01,2.066211e+01,2.066908e+01,2.057838e+01,2.055045e+01,2.067605e+01,2.074576e+01,2.063420e+01,2.070394e+01,2.072486e+01,2.063420e+01,2.062723e+01,2.072486e+01,2.063420e+01,2.078757e+01,2.064816e+01,2.058536e+01,2.059932e+01,2.061327e+01,2.059932e+01,2.059932e+01,2.063420e+01,2.081543e+01,2.065513e+01,2.063420e+01,2.065513e+01,2.062025e+01,2.063420e+01,2.058536e+01,2.062723e+01,2.069000e+01,2.064118e+01,2.053649e+01,2.059234e+01,2.057140e+01,2.057140e+01,2.066211e+01,2.060629e+01,2.067605e+01,2.065513e+01,2.064816e+01,2.064816e+01,2.070394e+01,2.057140e+01,2.060629e+01,2.061327e+01,2.072486e+01,2.064816e+01,2.080846e+01,2.067605e+01,2.064118e+01,2.053649e+01,2.069000e+01,2.055743e+01,2.052950e+01,2.073182e+01,2.058536e+01,2.057838e+01,2.067605e+01,2.061327e+01,2.059234e+01,2.049458e+01,2.087808e+01,2.057838e+01,2.061327e+01,2.067605e+01,2.060629e+01,2.066211e+01,2.066908e+01,2.055045e+01,2.063420e+01,2.060629e+01,2.066211e+01,2.066211e+01,2.052252e+01,2.059932e+01,2.066211e+01,2.059932e+01,2.061327e+01,2.069000e+01,2.075970e+01,2.063420e+01,2.066211e+01,2.066211e+01,2.079453e+01,2.101023e+01,2.087808e+01,2.098937e+01,2.096156e+01,2.100327e+01,2.082935e+01,2.078060e+01,2.065513e+01,2.057140e+01,2.051554e+01,2.050157e+01,2.052252e+01,2.057838e+01,2.054347e+01,2.056442e+01,2.055045e+01,2.057838e+01,2.056442e+01,2.047362e+01,2.049458e+01,2.050157e+01,2.050157e+01,2.048061e+01,2.041071e+01,2.048061e+01,2.049458e+01,2.052252e+01,2.051554e+01,2.044567e+01,2.045266e+01,2.046663e+01,1.996224e+01,1.961751e+01,1.965274e+01,1.920085e+01,1.909464e+01,1.900960e+01,1.907339e+01,1.893157e+01,1.890318e+01,1.896704e+01,1.886769e+01,1.891738e+01,1.890318e+01,1.881087e+01,1.891028e+01,1.877534e+01,1.885349e+01,1.887479e+01,1.883218e+01,1.895286e+01,1.890318e+01,1.899541e+01,1.895995e+01,1.919378e+01,1.898123e+01,1.904504e+01,1.910881e+01,1.925038e+01,1.923623e+01,1.925745e+01,1.928574e+01,1.940587e+01,1.931402e+01,1.963865e+01,1.969500e+01,1.975836e+01,2.013766e+01,2.040372e+01,2.072486e+01,2.083632e+01,2.082239e+01,2.077363e+01,2.080846e+01,2.094070e+01,2.073879e+01,2.091287e+01,2.083632e+01,2.085024e+01,2.087808e+01,2.080150e+01,2.066211e+01,2.062025e+01,2.059932e+01,2.064118e+01,2.059234e+01,2.066211e+01,2.066211e+01,2.068303e+01,2.066908e+01,2.052252e+01,2.066908e+01,2.064118e+01,2.064816e+01,2.059932e+01,2.062723e+01,2.069000e+01,2.064816e+01,2.058536e+01,2.062723e+01,2.063420e+01,2.069000e+01,2.072486e+01,2.065513e+01,2.066908e+01,2.072486e+01,2.071091e+01,2.068303e+01,2.059234e+01,2.071091e+01,2.061327e+01,2.071789e+01,2.057140e+01,2.070394e+01,2.079453e+01,2.061327e+01,2.063420e+01,2.075273e+01,2.082935e+01,2.063420e+01,2.069000e+01,2.067605e+01,2.073879e+01,2.055743e+01,2.059932e+01,2.062723e+01,2.078757e+01,2.062025e+01,2.074576e+01,2.053649e+01,2.066211e+01,2.073879e+01,2.062025e+01,2.059234e+01,2.070394e+01,2.064118e+01,2.084328e+01,2.061327e+01,2.063420e+01,2.066211e+01,2.070394e+01,2.067605e+01,2.071789e+01,2.068303e+01,2.068303e+01,2.069697e+01,2.069697e+01,2.077363e+01,2.064816e+01,2.059234e+01,2.064118e+01,2.059234e+01,2.059932e+01,2.058536e+01,2.057140e+01,2.067605e+01,2.075970e+01,2.109360e+01,2.127400e+01,2.146100e+01,2.148868e+01,2.146100e+01,2.147484e+01,2.148176e+01,2.130865e+01,2.130865e+01,2.147484e+01,2.136408e+01,2.142640e+01,2.126707e+01,2.126707e+01,2.095461e+01,2.133637e+01,2.126707e+01,2.122546e+01,2.125320e+01,2.131559e+01,2.136408e+01,2.147484e+01,2.160621e+01,2.155783e+01,2.164766e+01,2.162694e+01,2.166838e+01,2.157166e+01,2.160621e+01,2.150943e+01,2.150251e+01,2.147484e+01,2.164766e+01,2.138486e+01,2.145408e+01,2.141255e+01,2.151634e+01,2.154400e+01,2.137793e+01,2.132944e+01,2.131559e+01,2.130173e+01,2.137101e+01,2.138486e+01,2.149559e+01,2.126013e+01,2.122546e+01,2.127400e+01,2.128786e+01,2.135023e+01,2.118384e+01,2.112831e+01,2.118384e+01,2.113526e+01,2.121852e+01,2.120465e+01,2.116996e+01,2.114914e+01,2.127400e+01,2.122546e+01,2.123240e+01,2.122546e+01,2.126707e+01,2.122546e+01,2.123933e+01,2.123933e+01,2.132944e+01,2.127400e+01,2.128093e+01,2.148868e+01,2.148868e+01,2.129479e+01,2.135023e+01,2.121159e+01,2.125320e+01,2.126013e+01,2.119771e+01,2.116996e+01,2.121852e+01,2.120465e+01,2.121159e+01,2.123240e+01,2.128093e+01,2.127400e+01,2.128786e+01,2.130865e+01,2.111443e+01,2.106581e+01,2.112137e+01,2.128093e+01,2.128093e+01,2.125320e+01,2.129479e+01,2.123933e+01,2.127400e+01,2.116996e+01,2.116996e+01,2.129479e+01,2.117690e+01,2.121159e+01,2.121159e+01,2.123240e+01,2.123933e+01,2.116302e+01,2.108665e+01,2.113526e+01,2.126707e+01,2.125320e+01,2.087112e+01,2.076667e+01,2.094070e+01,2.077363e+01,2.100327e+01,2.106581e+01,2.098242e+01,2.091983e+01,2.062025e+01,2.080150e+01,2.057140e+01,2.063420e+01,2.056442e+01,2.062025e+01,2.065513e+01,2.075273e+01,2.069000e+01,2.078060e+01,2.052950e+01,2.061327e+01,2.053649e+01,2.066908e+01,2.064816e+01,2.062723e+01,2.055743e+01,2.066908e+01,2.062723e+01,2.069000e+01,2.056442e+01,2.053649e+01,2.058536e+01,2.059234e+01,2.059234e+01,2.062025e+01,2.063420e+01,2.060629e+01,2.068303e+01,2.064816e+01,2.066908e+01,2.065513e+01,2.056442e+01,2.067605e+01,2.059932e+01,2.045964e+01,2.062723e+01,2.052950e+01,2.069697e+01,2.052252e+01,2.052252e+01,2.068303e+01,2.069000e+01,2.063420e+01,2.066211e+01,2.064118e+01,2.066211e+01,2.058536e+01,2.065513e+01,2.058536e+01,2.068303e+01,2.058536e+01,2.057838e+01,2.051554e+01,2.043169e+01,2.064118e+01,2.064118e+01,2.073182e+01,2.051554e+01,2.062025e+01,2.062723e+01,2.055743e+01,2.053649e+01,2.060629e+01,2.066908e+01,2.059234e+01,2.062723e+01,2.059234e+01,2.067605e+01,2.066211e+01,2.054347e+01,2.048061e+01,2.062723e+01,2.064118e+01,2.057140e+01,2.073182e+01,2.063420e+01,2.068303e+01,2.053649e+01,2.062723e+01,2.055045e+01,2.061327e+01,2.057838e+01,2.055743e+01,2.057838e+01,2.055045e+01,2.071789e+01,2.064118e+01,2.065513e+01,2.061327e+01,2.069000e+01,2.073182e+01,2.068303e+01,2.058536e+01,2.061327e+01,2.066211e+01,2.058536e+01,2.052950e+01,2.058536e+01,2.060629e+01,2.059234e+01,2.071091e+01,2.057838e+01,2.062723e+01,2.040372e+01,2.076667e+01,2.067605e+01,2.074576e+01,2.062025e+01,2.051554e+01
2.062723e+01,2.032678e+01,2.050855e+01,2.033377e+01,2.051554e+01,2.036875e+01,2.038274e+01,2.038274e+01,2.044567e+01,2.043169e+01,2.034077e+01,2.030578e+01,2.037575e+01,2.027778e+01,2.038974e+01,2.027778e+01,2.036875e+01,2.035476e+01,2.027778e+01,2.024277e+01,2.017271e+01,2.021475e+01,2.020074e+01,2.026378e+01,2.038274e+01,2.029878e+01,2.025677e+01,2.027078e+01,2.025677e+01,2.027778e+01,2.022176e+01,2.020074e+01,2.022176e+01,2.020074e+01,2.020074e+01,2.031278e+01,2.027778e+01,2.031278e+01,2.034077e+01,2.037575e+01,2.019373e+01,2.044567e+01,2.048759e+01,2.046663e+01,2.041770e+01,2.053649e+01,2.059932e+01,2.043868e+01,2.032678e+01,2.059234e+01,2.078060e+01,2.080150e+01,2.098242e+01,2.101023e+01,2.103107e+01,2.104497e+01,2.114220e+01,2.114220e+01,2.104497e+01,2.106581e+01,2.086416e+01,2.085720e+01,2.065513e+01,2.073182e+01,2.041071e+01,2.058536e+01,2.038274e+01,2.056442e+01,2.050855e+01,2.058536e+01,2.044567e+01,2.035476e+01,2.050855e+01,2.038274e+01,2.057838e+01,2.053649e+01,2.060629e+01,2.057838e+01,2.057838e+01,2.059234e+01,2.058536e+01,2.052252e+01,2.057140e+01,2.059932e+01,2.039673e+01,2.055743e+01,2.057838e+01,2.059234e+01,2.061327e+01,2.043868e+01,2.066211e+01,2.062723e+01,2.069697e+01,2.072486e+01,2.066908e+01,2.071789e+01,2.070394e+01,2.075970e+01,2.071789e+01,2.089896e+01,2.086416e+01,2.094765e+01,2.090592e+01,2.089896e+01,2.093374e+01,2.093374e+01,2.093374e+01,2.088504e+01,2.090592e+01,2.098242e+01,2.101718e+01,2.087112e+01,2.090592e+01,2.099632e+01,2.103107e+01,2.089200e+01,2.106581e+01,2.085720e+01,2.098242e+01,2.106581e+01,2.092679e+01,2.092679e+01,2.097547e+01,2.096852e+01,2.095461e+01,2.092679e+01,2.094765e+01,2.091983e+01,2.091983e+01,2.083632e+01,2.071091e+01,2.060629e+01,2.057838e+01,2.068303e+01,2.065513e+01,2.064816e+01,2.063420e+01,2.057838e+01,2.054347e+01,2.075273e+01,2.058536e+01,2.053649e+01,2.057838e+01,2.051554e+01,2.058536e+01,2.069000e+01,2.059234e+01,2.048759e+01,2.062723e+01,2.064118e+01,2.063420e+01,2.051554e+01,2.063420e+01,2.061327e+01,2.091287e+01,2.064816e+01,2.061327e+01,2.062025e+01,2.056442e+01,2.057140e+01,2.057140e+01,2.057140e+01,2.057140e+01,2.056442e+01,2.059932e+01,2.064118e+01,2.061327e+01,2.069697e+01,2.057140e+01,2.056442e+01,2.062723e+01,2.045964e+01,2.063420e+01,2.064816e+01,2.069697e+01,2.057140e+01,2.062723e+01,2.066211e+01,2.055045e+01,2.064816e+01,2.068303e+01,2.076667e+01,2.087112e+01,2.057838e+01,2.057838e+01,2.066908e+01,2.066211e+01,2.068303e+01,2.060629e+01,2.059932e+01,2.065513e+01,2.054347e+01,2.044567e+01,2.061327e+01,2.054347e+01,2.053649e+01,2.055743e+01,2.045964e+01,2.059234e+01,2.055743e+01,2.045964e+01,2.058536e+01,2.067605e+01,2.058536e+01,2.069697e+01,2.057140e+01,2.057838e+01,2.059234e+01,2.066908e+01,2.057140e+01,2.060629e+01,2.066211e+01,2.066908e+01,2.066908e+01,2.072486e+01,2.047362e+01,2.056442e+01,2.062025e+01,2.060629e+01,2.062025e+01,2.051554e+01,2.070394e+01,2.059234e+01,2.059932e+01,2.070394e+01,2.058536e+01,2.055743e+01,2.054347e+01,2.063420e+01,2.075273e+01,2.057140e+01,2.067605e+01,2.057838e+01,2.062723e+01,2.064118e+01,2.058536e+01,2.069697e+01,2.064118e+01,2.058536e+01,2.064816e+01,2.061327e+01,2.065513e+01,2.058536e+01,2.056442e+01,2.055045e+01,2.062025e+01,2.061327e+01,2.059234e+01,2.052252e+01,2.059932e+01,2.059932e+01,2.049458e+01,2.075970e+01,2.070394e+01,2.066211e+01,2.059932e+01,2.061327e+01,2.103802e+01,2.085024e+01,2.093374e+01,2.101718e+01,2.075273e+01,2.080846e+01,2.073182e+01,2.060629e+01,2.074576e+01,2.055045e+01,2.045964e+01,2.054347e+01,2.047362e+01,2.056442e+01,2.049458e+01,2.058536e+01,2.057838e+01,2.049458e+01,2.044567e+01,2.050855e+01,2.043868e+01,2.052950e+01,2.055743e+01,2.045266e+01,2.048061e+01,2.045964e+01,2.037575e+01,2.052252e+01,2.053649e+01,2.058536e+01,2.029178e+01,2.008156e+01,1.968092e+01,1.946941e+01,1.913714e+01,1.905922e+01,1.902378e+01,1.894576e+01,1.887479e+01,1.893157e+01,1.891028e+01,1.896704e+01,1.888189e+01,1.890318e+01,1.873980e+01,1.890318e+01,1.883218e+01,1.887479e+01,1.892448e+01,1.883218e+01,1.893157e+01,1.881797e+01,1.900251e+01,1.885349e+01,1.876112e+01,1.901669e+01,1.895995e+01,1.907339e+01,1.919378e+01,1.926452e+01,1.917962e+01,1.940587e+01,1.937762e+01,1.937055e+01,1.939174e+01,1.956112e+01,1.959637e+01,1.991306e+01,2.017271e+01,2.048061e+01,2.049458e+01,2.075970e+01,2.073879e+01,2.078060e+01,2.085720e+01,2.087808e+01,2.086416e+01,2.070394e+01,2.086416e+01,2.081543e+01,2.075273e+01,2.085024e+01,2.054347e+01,2.055743e+01,2.063420e+01,2.057838e+01,2.065513e+01,2.066908e+01,2.067605e+01,2.066908e+01,2.066908e+01,2.057140e+01,2.059234e+01,2.070394e+01,2.073182e+01,2.055045e+01,2.064118e+01,2.069697e+01,2.067605e+01,2.063420e+01,2.073182e+01,2.064118e+01,2.065513e+01,2.067605e+01,2.065513e+01,2.064118e+01,2.063420e+01,2.063420e+01,2.064118e+01,2.063420e+01,2.056442e+01,2.061327e+01,2.072486e+01,2.071091e+01,2.055045e+01,2.061327e+01,2.080150e+01,2.064118e+01,2.062723e+01,2.064816e+01,2.064816e+01,2.064816e+01,2.051554e+01,2.064118e+01,2.052252e+01,2.067605e+01,2.059932e+01,2.080846e+01,2.046663e+01,2.068303e+01,2.067605e+01,2.065513e+01,2.073879e+01,2.072486e+01,2.070394e+01,2.071789e+01,2.071789e+01,2.066211e+01,2.062723e+01,2.056442e+01,2.053649e+01,2.055743e+01,2.067605e+01,2.068303e+01,2.063420e+01,2.067605e+01,2.061327e+01,2.069000e+01,2.059234e+01,2.066211e+01,2.070394e+01,2.067605e+01,2.062025e+01,2.062723e+01,2.070394e+01,2.061327e+01,2.059932e+01,2.102413e+01,2.121159e+01,2.144716e+01,2.138486e+01,2.128786e+01,2.141255e+01,2.134330e+01,2.145408e+01,2.141255e+01,2.141948e+01,2.124627e+01,2.136408e+01,2.134330e+01,2.146792e+01,2.140563e+01,2.134330e+01,2.130865e+01,2.130865e+01,2.120465e+01,2.139871e+01,2.136408e+01,2.144716e+01,2.126013e+01,2.152326e+01,2.144716e+01,2.150251e+01,2.164766e+01,2.160621e+01,2.157857e+01,2.175811e+01,2.167528e+01,2.168219e+01,2.163385e+01,2.145408e+01,2.141948e+01,2.145408e+01,2.145408e+01,2.135715e+01,2.135715e+01,2.128786e+01,2.152326e+01,2.135023e+01,2.126707e+01,2.139871e+01,2.120465e+01,2.122546e+01,2.119078e+01,2.121852e+01,2.114220e+01,2.113526e+01,2.116996e+01,2.118384e+01,2.118384e+01,2.119771e+01,2.116302e+01,2.117690e+01,2.119771e+01,2.109360e+01,2.126707e+01,2.127400e+01,2.121852e+01,2.129479e+01,2.118384e+01,2.112831e+01,2.116996e+01,2.120465e+01,2.112137e+01,2.112831e+01,2.125320e+01,2.133637e+01,2.114220e+01,2.118384e+01,2.130173e+01,2.112137e+01,2.124627e+01,2.123933e+01,2.118384e+01,2.114220e+01,2.120465e+01,2.110054e+01,2.116996e+01,2.109360e+01,2.116996e+01,2.114914e+01,2.121159e+01,2.112831e+01,2.121852e+01,2.119771e+01,2.116302e+01,2.110748e+01,2.134330e+01,2.134330e+01,2.130173e+01,2.132252e+01,2.130173e+01,2.131559e+01,2.115608e+01,2.125320e+01,2.109360e+01,2.125320e+01,2.127400e+01,2.123933e+01,2.121852e+01,2.111443e+01,2.107971e+01,2.112137e+01,2.105887e+01,2.106581e+01,2.084328e+01,2.076667e+01,2.075273e+01,2.074576e+01,2.075970e+01,2.089896e+01,2.110748e+01,2.088504e+01,2.074576e+01,2.071789e+01,2.082935e+01,2.066908e+01,2.065513e+01,2.058536e+01,2.064118e+01,2.059234e+01,2.066908e+01,2.059932e+01,2.069000e+01,2.062723e+01,2.071789e+01,2.073879e+01,2.048759e+01,2.054347e+01,2.056442e+01,2.057838e+01,2.057838e+01,2.063420e+01,2.052252e+01,2.069697e+01,2.058536e+01,2.064118e+01,2.045964e+01,2.070394e+01,2.062025e+01,2.058536e+01,2.059932e+01,2.061327e+01,2.063420e+01,2.059932e+01,2.064118e+01,2.056442e+01,2.066211e+01,2.050157e+01,2.048061e+01,2.079453e+01,2.070394e+01,2.069000e+01,2.072486e+01,2.070394e+01,2.065513e+01,2.066908e+01,2.067605e+01,2.065513e+01,2.072486e+01,2.049458e+01,2.067605e+01,2.060629e+01,2.054347e+01,2.063420e+01,2.053649e+01,2.057140e+01,2.044567e+01,2.066211e+01,2.041770e+01,2.055045e+01,2.072486e+01,2.056442e+01,2.055045e+01,2.073879e+01,2.065513e+01,2.055045e+01,2.066211e+01,2.071091e+01,2.075273e+01,2.059932e+01,2.060629e+01,2.058536e+01,2.063420e+01,2.041770e+01,2.055045e+01,2.061327e+01,2.045266e+01,2.069000e+01,2.048759e+01,2.060629e+01,2.070394e+01,2.057140e+01,2.051554e+01,2.059932e+01,2.056442e+01,2.036875e+01,2.060629e+01,2.062723e+01,2.047362e+01,2.061327e+01,2.061327e+01,2.052252e+01,2.055045e+01,2.050157e+01,2.054347e+01,2.078757e+01,2.055045e+01,2.051554e+01,2.045964e+01,2.056442e+01,2.047362e+01,2.055743e+01,2.063420e+01,2.064118e+01,2.057838e+01,2.069000e+01,2.084328e+01,2.072486e+01,2.056442e+01,2.066211e+01,2.062723e+01,2.048061e+01
2.057140e+01,2.054347e+01,2.042470e+01,2.055045e+01,2.056442e+01,2.047362e+01,2.058536e+01,2.043868e+01,2.034077e+01,2.059234e+01,2.043868e+01,2.030578e+01,2.038974e+01,2.036875e+01,2.031278e+01,2.035476e+01,2.033377e+01,2.026378e+01,2.026378e+01,2.025677e+01,2.022876e+01,2.026378e+01,2.023577e+01,2.021475e+01,2.019373e+01,2.020074e+01,2.040372e+01,2.034077e+01,2.026378e+01,2.038974e+01,2.023577e+01,2.016570e+01,2.023577e+01,2.029878e+01,2.024277e+01,2.022876e+01,2.033377e+01,2.030578e+01,2.035476e+01,2.024277e+01,2.029178e+01,2.036875e+01,2.036875e+01,2.022876e+01,2.030578e+01,2.035476e+01,2.036875e+01,2.039673e+01,2.040372e+01,2.044567e+01,2.066908e+01,2.078757e+01,2.100327e+01,2.091983e+01,2.086416e+01,2.110748e+01,2.110748e+01,2.105192e+01,2.113526e+01,2.116996e+01,2.089200e+01,2.076667e+01,2.070394e+01,2.049458e+01,2.052950e+01,2.050157e+01,2.049458e+01,2.045266e+01,2.048759e+01,2.053649e+01,2.045964e+01,2.048759e+01,2.056442e+01,2.046663e+01,2.043868e+01,2.056442e+01,2.061327e+01,2.055743e+01,2.057838e+01,2.057838e+01,2.059234e+01,2.058536e+01,2.054347e+01,2.057140e+01,2.071091e+01,2.047362e+01,2.065513e+01,2.065513e+01,2.069697e+01,2.068303e+01,2.057838e+01,2.069000e+01,2.059234e+01,2.065513e+01,2.070394e+01,2.067605e+01,2.072486e+01,2.074576e+01,2.078060e+01,2.077363e+01,2.087112e+01,2.121852e+01,2.094070e+01,2.088504e+01,2.094765e+01,2.092679e+01,2.096852e+01,2.078060e+01,2.082239e+01,2.100327e+01,2.087808e+01,2.101023e+01,2.104497e+01,2.103802e+01,2.095461e+01,2.092679e+01,2.087112e+01,2.103107e+01,2.093374e+01,2.091983e+01,2.096852e+01,2.109360e+01,2.095461e+01,2.089896e+01,2.085720e+01,2.105192e+01,2.133637e+01,2.103802e+01,2.095461e+01,2.091287e+01,2.069000e+01,2.051554e+01,2.065513e+01,2.062723e+01,2.079453e+01,2.063420e+01,2.068303e+01,2.058536e+01,2.059932e+01,2.062025e+01,2.067605e+01,2.067605e+01,2.055743e+01,2.061327e+01,2.072486e+01,2.063420e+01,2.064816e+01,2.050855e+01,2.048061e+01,2.064816e+01,2.065513e+01,2.060629e+01,2.058536e+01,2.071789e+01,2.050855e+01,2.066211e+01,2.059234e+01,2.065513e+01,2.074576e+01,2.069697e+01,2.074576e+01,2.071789e+01,2.055743e+01,2.073879e+01,2.056442e+01,2.065513e+01,2.053649e+01,2.056442e+01,2.064816e+01,2.071091e+01,2.069697e+01,2.064118e+01,2.065513e+01,2.064118e+01,2.069697e+01,2.072486e+01,2.056442e+01,2.069697e+01,2.070394e+01,2.078060e+01,2.056442e+01,2.052252e+01,2.067605e+01,2.073182e+01,2.064118e+01,2.057140e+01,2.058536e+01,2.070394e+01,2.069000e+01,2.057140e+01,2.058536e+01,2.059234e+01,2.055045e+01,2.060629e+01,2.059932e+01,2.058536e+01,2.063420e+01,2.063420e+01,2.063420e+01,2.061327e+01,2.067605e+01,2.053649e+01,2.059234e+01,2.068303e+01,2.055743e+01,2.066211e+01,2.068303e+01,2.059932e+01,2.059234e+01,2.062025e+01,2.056442e+01,2.051554e+01,2.063420e+01,2.066908e+01,2.072486e+01,2.075273e+01,2.060629e+01,2.060629e+01,2.062025e+01,2.061327e+01,2.067605e+01,2.076667e+01,2.055743e+01,2.076667e+01,2.078757e+01,2.071789e+01,2.061327e+01,2.072486e+01,2.053649e+01,2.059234e+01,2.071789e+01,2.065513e+01,2.059234e+01,2.057838e+01,2.041770e+01,2.072486e+01,2.061327e+01,2.064118e+01,2.062723e+01,2.064816e+01,2.066908e+01,2.066211e+01,2.068303e+01,2.062025e+01,2.061327e+01,2.065513e+01,2.050157e+01,2.059932e+01,2.048759e+01,2.051554e+01,2.069697e+01,2.069697e+01,2.064816e+01,2.077363e+01,2.065513e+01,2.083632e+01,2.091287e+01,2.094070e+01,2.089896e+01,2.087112e+01,2.094070e+01,2.094070e+01,2.076667e+01,2.069000e+01,2.057838e+01,2.059932e+01,2.061327e+01,2.053649e+01,2.055743e+01,2.065513e+01,2.045964e+01,2.069697e+01,2.055743e+01,2.043868e+01,2.057140e+01,2.047362e+01,2.048759e+01,2.050855e+01,2.047362e+01,2.044567e+01,2.047362e+01,2.046663e+01,2.041071e+01,2.049458e+01,2.042470e+01,2.038974e+01,2.038274e+01,2.022876e+01,1.996926e+01,1.945529e+01,1.942705e+01,1.905922e+01,1.917962e+01,1.904504e+01,1.904504e+01,1.901669e+01,1.883218e+01,1.889609e+01,1.879666e+01,1.882508e+01,1.893157e+01,1.908756e+01,1.900960e+01,1.895286e+01,1.892448e+01,1.898123e+01,1.893867e+01,1.883218e+01,1.873980e+01,1.873269e+01,1.883218e+01,1.899541e+01,1.891738e+01,1.908756e+01,1.910173e+01,1.922208e+01,1.925745e+01,1.925745e+01,1.920085e+01,1.925745e+01,1.940587e+01,1.940587e+01,1.940587e+01,1.956112e+01,1.975132e+01,2.018673e+01,2.049458e+01,2.051554e+01,2.075273e+01,2.074576e+01,2.076667e+01,2.089200e+01,2.078757e+01,2.078757e+01,2.085720e+01,2.085720e+01,2.082239e+01,2.078060e+01,2.071789e+01,2.063420e+01,2.066211e+01,2.073879e+01,2.070394e+01,2.069697e+01,2.066211e+01,2.062025e+01,2.067605e+01,2.058536e+01,2.059932e+01,2.062723e+01,2.056442e+01,2.078060e+01,2.051554e+01,2.071789e+01,2.067605e+01,2.066908e+01,2.063420e+01,2.064118e+01,2.064118e+01,2.073879e+01,2.076667e+01,2.074576e+01,2.070394e+01,2.072486e+01,2.078757e+01,2.071789e+01,2.065513e+01,2.065513e+01,2.062025e+01,2.055045e+01,2.067605e+01,2.079453e+01,2.064816e+01,2.051554e+01,2.062723e+01,2.080150e+01,2.066908e+01,2.064816e+01,2.065513e+01,2.055045e+01,2.064118e+01,2.063420e+01,2.067605e+01,2.070394e+01,2.078757e+01,2.056442e+01,2.072486e+01,2.061327e+01,2.071091e+01,2.056442e+01,2.073182e+01,2.069697e+01,2.068303e+01,2.070394e+01,2.067605e+01,2.062723e+01,2.066908e+01,2.064816e+01,2.061327e+01,2.059234e+01,2.062025e+01,2.061327e+01,2.071091e+01,2.066211e+01,2.068303e+01,2.067605e+01,2.061327e+01,2.066908e+01,2.065513e+01,2.062723e+01,2.063420e+01,2.072486e+01,2.072486e+01,2.074576e+01,2.079453e+01,2.098242e+01,2.128093e+01,2.139178e+01,2.132252e+01,2.131559e+01,2.149559e+01,2.144716e+01,2.141948e+01,2.141255e+01,2.140563e+01,2.142640e+01,2.153709e+01,2.148868e+01,2.136408e+01,2.135023e+01,2.139178e+01,2.130173e+01,2.112137e+01,2.135023e+01,2.131559e+01,2.155092e+01,2.134330e+01,2.119771e+01,2.141948e+01,2.140563e+01,2.145408e+01,2.144716e+01,2.146792e+01,2.150251e+01,2.155092e+01,2.166147e+01,2.173051e+01,2.146100e+01,2.158548e+01,2.145408e+01,2.138486e+01,2.135023e+01,2.133637e+01,2.149559e+01,2.130173e+01,2.141948e+01,2.141255e+01,2.126013e+01,2.133637e+01,2.135023e+01,2.134330e+01,2.121159e+01,2.129479e+01,2.137101e+01,2.123240e+01,2.135715e+01,2.128093e+01,2.116996e+01,2.117690e+01,2.128093e+01,2.130173e+01,2.116996e+01,2.126707e+01,2.115608e+01,2.123933e+01,2.122546e+01,2.126707e+01,2.115608e+01,2.128786e+01,2.126707e+01,2.125320e+01,2.125320e+01,2.113526e+01,2.132252e+01,2.128786e+01,2.113526e+01,2.123933e+01,2.130865e+01,2.116996e+01,2.121852e+01,2.128786e+01,2.126707e+01,2.120465e+01,2.114914e+01,2.109360e+01,2.120465e+01,2.106581e+01,2.118384e+01,2.121159e+01,2.114220e+01,2.114220e+01,2.119078e+01,2.125320e+01,2.137793e+01,2.136408e+01,2.112831e+01,2.123933e+01,2.132944e+01,2.126707e+01,2.127400e+01,2.126707e+01,2.122546e+01,2.126013e+01,2.119078e+01,2.112831e+01,2.112831e+01,2.122546e+01,2.120465e+01,2.124627e+01,2.121852e+01,2.108665e+01,2.108665e+01,2.092679e+01,2.069697e+01,2.082239e+01,2.075273e+01,2.074576e+01,2.098937e+01,2.105887e+01,2.099632e+01,2.073879e+01,2.061327e+01,2.065513e+01,2.058536e+01,2.057838e+01,2.081543e+01,2.059932e+01,2.066211e+01,2.067605e+01,2.068303e+01,2.065513e+01,2.070394e+01,2.050157e+01,2.066211e+01,2.055743e+01,2.066908e+01,2.052252e+01,2.057140e+01,2.054347e+01,2.064118e+01,2.057838e+01,2.066211e+01,2.060629e+01,2.059932e+01,2.063420e+01,2.054347e+01,2.065513e+01,2.062723e+01,2.050855e+01,2.054347e+01,2.057140e+01,2.070394e+01,2.062025e+01,2.052950e+01,2.064118e+01,2.055743e+01,2.062723e+01,2.069697e+01,2.070394e+01,2.049458e+01,2.053649e+01,2.064118e+01,2.066908e+01,2.066908e+01,2.066211e+01,2.064816e+01,2.075970e+01,2.075273e+01,2.060629e+01,2.068303e+01,2.075273e+01,2.059234e+01,2.058536e+01,2.059234e+01,2.060629e+01,2.065513e+01,2.058536e+01,2.066908e+01,2.057838e+01,2.071789e+01,2.063420e+01,2.071789e+01,2.041770e+01,2.069000e+01,2.057838e+01,2.075970e+01,2.064118e+01,2.075273e+01,2.057140e+01,2.059932e+01,2.055743e+01,2.054347e+01,2.062723e+01,2.065513e+01,2.061327e+01,2.066908e+01,2.051554e+01,2.064118e+01,2.077363e+01,2.058536e+01,2.055045e+01,2.055045e+01,2.066908e+01,2.057838e+01,2.055045e+01,2.053649e+01,2.050157e+01,2.061327e+01,2.061327e+01,2.052950e+01,2.060629e+01,2.068303e+01,2.053649e+01,2.059234e+01,2.066908e+01,2.064816e+01,2.062723e+01,2.058536e+01,2.051554e+01,2.059234e+01,2.059932e+01,2.080150e+01,2.085024e+01,2.063420e+01,2.068303e+01,2.052950e+01,2.050157e+01,2.069697e+01,2.070394e+01,2.051554e+01
2.049458e+01,2.055045e+01,2.042470e+01,2.057838e+01,2.051554e+01,2.034777e+01,2.043169e+01,2.041071e+01,2.027078e+01,2.045266e+01,2.041770e+01,2.023577e+01,2.037575e+01,2.035476e+01,2.041071e+01,2.034777e+01,2.031978e+01,2.026378e+01,2.028478e+01,2.033377e+01,2.030578e+01,2.027778e+01,2.018673e+01,2.017972e+01,2.024277e+01,2.033377e+01,2.017271e+01,2.023577e+01,2.030578e+01,2.025677e+01,2.017972e+01,2.020774e+01,2.025677e+01,2.027778e+01,2.031278e+01,2.027778e+01,2.018673e+01,2.020774e+01,2.024977e+01,2.017972e+01,2.031278e+01,2.028478e+01,2.024977e+01,2.028478e+01,2.023577e+01,2.036875e+01,2.037575e+01,2.043169e+01,2.042470e+01,2.064816e+01,2.048061e+01,2.073182e+01,2.092679e+01,2.074576e+01,2.103802e+01,2.093374e+01,2.085720e+01,2.100327e+01,2.089896e+01,2.090592e+01,2.085720e+01,2.085720e+01,2.034077e+01,2.046663e+01,2.043868e+01,2.050855e+01,2.035476e+01,2.043169e+01,2.045964e+01,2.046663e+01,2.045266e+01,2.043868e+01,2.058536e+01,2.038274e+01,2.044567e+01,2.045266e+01,2.048759e+01,2.053649e+01,2.051554e+01,2.052950e+01,2.057140e+01,2.055045e+01,2.060629e+01,2.050157e+01,2.048759e+01,2.062723e+01,2.069000e+01,2.070394e+01,2.060629e+01,2.052252e+01,2.057140e+01,2.055743e+01,2.046663e+01,2.064816e+01,2.059234e+01,2.069697e+01,2.074576e+01,2.071091e+01,2.074576e+01,2.086416e+01,2.091983e+01,2.098937e+01,2.089896e+01,2.099632e+01,2.086416e+01,2.091287e+01,2.096156e+01,2.091983e+01,2.091983e+01,2.099632e+01,2.089200e+01,2.100327e+01,2.087808e+01,2.083632e+01,2.089200e+01,2.087808e+01,2.087808e+01,2.090592e+01,2.091287e+01,2.082935e+01,2.094070e+01,2.075970e+01,2.092679e+01,2.073182e+01,2.085024e+01,2.103107e+01,2.105192e+01,2.093374e+01,2.084328e+01,2.067605e+01,2.074576e+01,2.064816e+01,2.063420e+01,2.057140e+01,2.068303e+01,2.065513e+01,2.052252e+01,2.059932e+01,2.057140e+01,2.061327e+01,2.055045e+01,2.052950e+01,2.062723e+01,2.050157e+01,2.060629e+01,2.062025e+01,2.042470e+01,2.061327e+01,2.059932e+01,2.062025e+01,2.050855e+01,2.051554e+01,2.067605e+01,2.052950e+01,2.068303e+01,2.062025e+01,2.050855e+01,2.043868e+01,2.054347e+01,2.063420e+01,2.055045e+01,2.064816e+01,2.067605e+01,2.051554e+01,2.062025e+01,2.057838e+01,2.057838e+01,2.062025e+01,2.055045e+01,2.071091e+01,2.071091e+01,2.066211e+01,2.070394e+01,2.064118e+01,2.065513e+01,2.070394e+01,2.066908e+01,2.062025e+01,2.068303e+01,2.056442e+01,2.051554e+01,2.073182e+01,2.064816e+01,2.056442e+01,2.050855e+01,2.066908e+01,2.070394e+01,2.055743e+01,2.052252e+01,2.059932e+01,2.070394e+01,2.059932e+01,2.057140e+01,2.057140e+01,2.054347e+01,2.059234e+01,2.064118e+01,2.050855e+01,2.049458e+01,2.061327e+01,2.071789e+01,2.066211e+01,2.042470e+01,2.045964e+01,2.058536e+01,2.065513e+01,2.055045e+01,2.056442e+01,2.056442e+01,2.061327e+01,2.061327e+01,2.060629e+01,2.064118e+01,2.066211e+01,2.069000e+01,2.065513e+01,2.066211e+01,2.062025e+01,2.057838e+01,2.082935e+01,2.080150e+01,2.074576e+01,2.059932e+01,2.073182e+01,2.057838e+01,2.064118e+01,2.057140e+01,2.057838e+01,2.067605e+01,2.062723e+01,2.059932e+01,2.062723e+01,2.071789e+01,2.065513e+01,2.058536e+01,2.068303e+01,2.068303e+01,2.062723e+01,2.064118e+01,2.061327e+01,2.057140e+01,2.049458e+01,2.062723e+01,2.062025e+01,2.051554e+01,2.063420e+01,2.048759e+01,2.059234e+01,2.058536e+01,2.057838e+01,2.053649e+01,2.061327e+01,2.056442e+01,2.061327e+01,2.066908e+01,2.064816e+01,2.087112e+01,2.094765e+01,2.091983e+01,2.088504e+01,2.082239e+01,2.085720e+01,2.066908e+01,2.062723e+01,2.049458e+01,2.051554e+01,2.050855e+01,2.050855e+01,2.062723e+01,2.050157e+01,2.048759e+01,2.051554e+01,2.051554e+01,2.043169e+01,2.051554e+01,2.052252e+01,2.034777e+01,2.045266e+01,2.052950e+01,2.050157e+01,2.043868e+01,2.043868e+01,2.036875e+01,2.041071e+01,2.033377e+01,2.029878e+01,2.040372e+01,2.022176e+01,1.996926e+01,1.950469e+01,1.941999e+01,1.913714e+01,1.917962e+01,1.891738e+01,1.895995e+01,1.889609e+01,1.885349e+01,1.895286e+01,1.882508e+01,1.884638e+01,1.891028e+01,1.904504e+01,1.893157e+01,1.902378e+01,1.894576e+01,1.893157e+01,1.889609e+01,1.900251e+01,1.886769e+01,1.871135e+01,1.873269e+01,1.896704e+01,1.905213e+01,1.893867e+01,1.908756e+01,1.907339e+01,1.927160e+01,1.927867e+01,1.932815e+01,1.929988e+01,1.934936e+01,1.937762e+01,1.957522e+01,1.956112e+01,1.961751e+01,1.994117e+01,2.031278e+01,2.052252e+01,2.065513e+01,2.062723e+01,2.070394e+01,2.091287e+01,2.094765e+01,2.066908e+01,2.082239e+01,2.079453e+01,2.075273e+01,2.074576e+01,2.089896e+01,2.076667e+01,2.061327e+01,2.064118e+01,2.074576e+01,2.075273e+01,2.069697e+01,2.059932e+01,2.066908e+01,2.065513e+01,2.052252e+01,2.069697e+01,2.050855e+01,2.073879e+01,2.071789e+01,2.055743e+01,2.068303e+01,2.064816e+01,2.063420e+01,2.062723e+01,2.062723e+01,2.071789e+01,2.070394e+01,2.055743e+01,2.067605e+01,2.075273e+01,2.063420e+01,2.069000e+01,2.067605e+01,2.058536e+01,2.055045e+01,2.062025e+01,2.065513e+01,2.073879e+01,2.056442e+01,2.057838e+01,2.054347e+01,2.074576e+01,2.065513e+01,2.046663e+01,2.069697e+01,2.065513e+01,2.065513e+01,2.060629e+01,2.068303e+01,2.073182e+01,2.062025e+01,2.073879e+01,2.071091e+01,2.062723e+01,2.058536e+01,2.066211e+01,2.068303e+01,2.068303e+01,2.073182e+01,2.066211e+01,2.067605e+01,2.064118e+01,2.071091e+01,2.064118e+01,2.065513e+01,2.060629e+01,2.071789e+01,2.069697e+01,2.059932e+01,2.060629e+01,2.055045e+01,2.062025e+01,2.066211e+01,2.064816e+01,2.069697e+01,2.060629e+01,2.064118e+01,2.070394e+01,2.059234e+01,2.074576e+01,2.075273e+01,2.109360e+01,2.121852e+01,2.136408e+01,2.130865e+01,2.137793e+01,2.128786e+01,2.132944e+01,2.145408e+01,2.126707e+01,2.146100e+01,2.140563e+01,2.150943e+01,2.143332e+01,2.135023e+01,2.135023e+01,2.132944e+01,2.105192e+01,2.126707e+01,2.124627e+01,2.135023e+01,2.119771e+01,2.123933e+01,2.139178e+01,2.119078e+01,2.135715e+01,2.121852e+01,2.121159e+01,2.142640e+01,2.148868e+01,2.146792e+01,2.153709e+01,2.152326e+01,2.162694e+01,2.167528e+01,2.143332e+01,2.135023e+01,2.148868e+01,2.148176e+01,2.135715e+01,2.130173e+01,2.130865e+01,2.130865e+01,2.144716e+01,2.131559e+01,2.121852e+01,2.132252e+01,2.135715e+01,2.122546e+01,2.124627e+01,2.123240e+01,2.128786e+01,2.118384e+01,2.124627e+01,2.126013e+01,2.110748e+01,2.132252e+01,2.107971e+01,2.107971e+01,2.126013e+01,2.119771e+01,2.125320e+01,2.112831e+01,2.105192e+01,2.127400e+01,2.128786e+01,2.121852e+01,2.113526e+01,2.125320e+01,2.110748e+01,2.117690e+01,2.113526e+01,2.114914e+01,2.107971e+01,2.123933e+01,2.109360e+01,2.125320e+01,2.119078e+01,2.120465e+01,2.110748e+01,2.115608e+01,2.117690e+01,2.110054e+01,2.111443e+01,2.116302e+01,2.119771e+01,2.103107e+01,2.126013e+01,2.117690e+01,2.112137e+01,2.111443e+01,2.116302e+01,2.139178e+01,2.142640e+01,2.134330e+01,2.130865e+01,2.117690e+01,2.119771e+01,2.124627e+01,2.120465e+01,2.130173e+01,2.118384e+01,2.129479e+01,2.121852e+01,2.105887e+01,2.115608e+01,2.110054e+01,2.108665e+01,2.109360e+01,2.088504e+01,2.069697e+01,2.070394e+01,2.083632e+01,2.088504e+01,2.103107e+01,2.091983e+01,2.080150e+01,2.075273e+01,2.080150e+01,2.066908e+01,2.063420e+01,2.059234e+01,2.057140e+01,2.059234e+01,2.078757e+01,2.057140e+01,2.068303e+01,2.064816e+01,2.071091e+01,2.057838e+01,2.049458e+01,2.057838e+01,2.064816e+01,2.064118e+01,2.053649e+01,2.056442e+01,2.051554e+01,2.059234e+01,2.066908e+01,2.062025e+01,2.059234e+01,2.071789e+01,2.052950e+01,2.045964e+01,2.050157e+01,2.057140e+01,2.059234e+01,2.066908e+01,2.057140e+01,2.061327e+01,2.054347e+01,2.059234e+01,2.051554e+01,2.057140e+01,2.072486e+01,2.066211e+01,2.059932e+01,2.062025e+01,2.060629e+01,2.071789e+01,2.057838e+01,2.068303e+01,2.065513e+01,2.060629e+01,2.070394e+01,2.070394e+01,2.063420e+01,2.069000e+01,2.062025e+01,2.066908e+01,2.061327e+01,2.059234e+01,2.057838e+01,2.056442e+01,2.071789e+01,2.052252e+01,2.074576e+01,2.059234e+01,2.048759e+01,2.060629e+01,2.065513e+01,2.069000e+01,2.061327e+01,2.062025e+01,2.059234e+01,2.055743e+01,2.049458e+01,2.072486e+01,2.048759e+01,2.048759e+01,2.048759e+01,2.058536e+01,2.051554e+01,2.050855e+01,2.059234e+01,2.061327e+01,2.052252e+01,2.059932e+01,2.062723e+01,2.045964e+01,2.059932e+01,2.052950e+01,2.050855e+01,2.052950e+01,2.063420e+01,2.076667e+01,2.062723e+01,2.066908e+01,2.069697e+01,2.063420e+01,2.062025e+01,2.064816e+01,2.058536e+01,2.057140e+01,2.057838e+01,2.057838e+01,2.078060e+01,2.071091e+01,2.060629e+01,2.053649e+01,2.049458e+01,2.067605e+01,2.065513e+01,2.065513e+01,2.069000e+01,2.057838e+01
2.056442e+01,2.059234e+01,2.048061e+01,2.046663e+01,2.024277e+01,2.040372e+01,2.040372e+01,2.043169e+01,2.035476e+01,2.052950e+01,2.038274e+01,2.020774e+01,2.031278e+01,2.032678e+01,2.028478e+01,2.029178e+01,2.039673e+01,2.036176e+01,2.025677e+01,2.028478e+01,2.017972e+01,2.036875e+01,2.029878e+01,2.017271e+01,2.021475e+01,2.020774e+01,2.015168e+01,2.030578e+01,2.041770e+01,2.024277e+01,2.020774e+01,2.020774e+01,2.026378e+01,2.022876e+01,2.020074e+01,2.031278e+01,2.018673e+01,2.027078e+01,2.019373e+01,2.027078e+01,2.022176e+01,2.031278e+01,2.034077e+01,2.020774e+01,2.046663e+01,2.038274e+01,2.038974e+01,2.040372e+01,2.042470e+01,2.031978e+01,2.045964e+01,2.071091e+01,2.094070e+01,2.085720e+01,2.094070e+01,2.102413e+01,2.085720e+01,2.091983e+01,2.094070e+01,2.095461e+01,2.058536e+01,2.074576e+01,2.059932e+01,2.037575e+01,2.034077e+01,2.046663e+01,2.055045e+01,2.038974e+01,2.034777e+01,2.026378e+01,2.027778e+01,2.041071e+01,2.045266e+01,2.041071e+01,2.050855e+01,2.051554e+01,2.054347e+01,2.052252e+01,2.050157e+01,2.055743e+01,2.056442e+01,2.050855e+01,2.055743e+01,2.044567e+01,2.049458e+01,2.063420e+01,2.046663e+01,2.048061e+01,2.041071e+01,2.059932e+01,2.040372e+01,2.047362e+01,2.059234e+01,2.069697e+01,2.064816e+01,2.059234e+01,2.071091e+01,2.075970e+01,2.073879e+01,2.078757e+01,2.079453e+01,2.092679e+01,2.091287e+01,2.094070e+01,2.087808e+01,2.075273e+01,2.095461e+01,2.094765e+01,2.081543e+01,2.088504e+01,2.082239e+01,2.096156e+01,2.085024e+01,2.089200e+01,2.091287e+01,2.091287e+01,2.085720e+01,2.116302e+01,2.093374e+01,2.086416e+01,2.097547e+01,2.078060e+01,2.076667e+01,2.089200e+01,2.076667e+01,2.105887e+01,2.106581e+01,2.089200e+01,2.080846e+01,2.072486e+01,2.079453e+01,2.052252e+01,2.070394e+01,2.054347e+01,2.066211e+01,2.066211e+01,2.052950e+01,2.074576e+01,2.064118e+01,2.070394e+01,2.038974e+01,2.050855e+01,2.059234e+01,2.064118e+01,2.063420e+01,2.064118e+01,2.071789e+01,2.066211e+01,2.059234e+01,2.043868e+01,2.050855e+01,2.055743e+01,2.069000e+01,2.056442e+01,2.059932e+01,2.051554e+01,2.063420e+01,2.057140e+01,2.059932e+01,2.069697e+01,2.056442e+01,2.063420e+01,2.052950e+01,2.071091e+01,2.059234e+01,2.055045e+01,2.053649e+01,2.067605e+01,2.064816e+01,2.069697e+01,2.068303e+01,2.061327e+01,2.061327e+01,2.063420e+01,2.066908e+01,2.067605e+01,2.059234e+01,2.066211e+01,2.052950e+01,2.053649e+01,2.074576e+01,2.062723e+01,2.065513e+01,2.052950e+01,2.070394e+01,2.066908e+01,2.058536e+01,2.053649e+01,2.055045e+01,2.052252e+01,2.059932e+01,2.052252e+01,2.062025e+01,2.056442e+01,2.061327e+01,2.065513e+01,2.066211e+01,2.066211e+01,2.048061e+01,2.062025e+01,2.065513e+01,2.052950e+01,2.055743e+01,2.063420e+01,2.066908e+01,2.069000e+01,2.061327e+01,2.060629e+01,2.056442e+01,2.062025e+01,2.064816e+01,2.063420e+01,2.064816e+01,2.062723e+01,2.073182e+01,2.061327e+01,2.074576e+01,2.062723e+01,2.064816e+01,2.055743e+01,2.059932e+01,2.065513e+01,2.058536e+01,2.059234e+01,2.063420e+01,2.050157e+01,2.059234e+01,2.069000e+01,2.067605e+01,2.057140e+01,2.036875e+01,2.052252e+01,2.057140e+01,2.078757e+01,2.061327e+01,2.062723e+01,2.072486e+01,2.055045e+01,2.065513e+01,2.067605e+01,2.064118e+01,2.050157e+01,2.065513e+01,2.051554e+01,2.055045e+01,2.050157e+01,2.057140e+01,2.062025e+01,2.053649e+01,2.064118e+01,2.052950e+01,2.065513e+01,2.068303e+01,2.055743e+01,2.059234e+01,2.089200e+01,2.094765e+01,2.088504e+01,2.096852e+01,2.098242e+01,2.094070e+01,2.091983e+01,2.078060e+01,2.056442e+01,2.055743e+01,2.045266e+01,2.062025e+01,2.055743e+01,2.046663e+01,2.059932e+01,2.058536e+01,2.059234e+01,2.054347e+01,2.051554e+01,2.045964e+01,2.055743e+01,2.048061e+01,2.055045e+01,2.039673e+01,2.012364e+01,2.043169e+01,2.044567e+01,2.044567e+01,2.033377e+01,2.029878e+01,2.027778e+01,2.003244e+01,2.002542e+01,1.941999e+01,1.941999e+01,1.929281e+01,1.912298e+01,1.901669e+01,1.911590e+01,1.893867e+01,1.892448e+01,1.888899e+01,1.891738e+01,1.885349e+01,1.894576e+01,1.878955e+01,1.898832e+01,1.891738e+01,1.893867e+01,1.892448e+01,1.891738e+01,1.889609e+01,1.893157e+01,1.884638e+01,1.872558e+01,1.886059e+01,1.896704e+01,1.895995e+01,1.904504e+01,1.914422e+01,1.915130e+01,1.908756e+01,1.920085e+01,1.925038e+01,1.934229e+01,1.917962e+01,1.917254e+01,1.918670e+01,1.935642e+01,1.957522e+01,1.997628e+01,2.033377e+01,2.047362e+01,2.037575e+01,2.045266e+01,2.063420e+01,2.075273e+01,2.061327e+01,2.069000e+01,2.071789e+01,2.085720e+01,2.085024e+01,2.087112e+01,2.069000e+01,2.077363e+01,2.063420e+01,2.063420e+01,2.064118e+01,2.055743e+01,2.073182e+01,2.065513e+01,2.060629e+01,2.057140e+01,2.066908e+01,2.073182e+01,2.057838e+01,2.054347e+01,2.071091e+01,2.058536e+01,2.060629e+01,2.062723e+01,2.062723e+01,2.062723e+01,2.064118e+01,2.075970e+01,2.066908e+01,2.071789e+01,2.061327e+01,2.063420e+01,2.076667e+01,2.057838e+01,2.061327e+01,2.064118e+01,2.058536e+01,2.062723e+01,2.057140e+01,2.071789e+01,2.052950e+01,2.061327e+01,2.061327e+01,2.068303e+01,2.055045e+01,2.082935e+01,2.055045e+01,2.062723e+01,2.069697e+01,2.070394e+01,2.050157e+01,2.046663e+01,2.057140e+01,2.072486e+01,2.069697e+01,2.066211e+01,2.069697e+01,2.066908e+01,2.069697e+01,2.058536e+01,2.069697e+01,2.071091e+01,2.069697e+01,2.075273e+01,2.058536e+01,2.063420e+01,2.078060e+01,2.064816e+01,2.068303e+01,2.073182e+01,2.059932e+01,2.059234e+01,2.062723e+01,2.060629e+01,2.064816e+01,2.068303e+01,2.066211e+01,2.067605e+01,2.064118e+01,2.065513e+01,2.057838e+01,2.066908e+01,2.063420e+01,2.085720e+01,2.100327e+01,2.116996e+01,2.129479e+01,2.131559e+01,2.128786e+01,2.136408e+01,2.134330e+01,2.145408e+01,2.143332e+01,2.157857e+01,2.146792e+01,2.148868e+01,2.131559e+01,2.138486e+01,2.132252e+01,2.125320e+01,2.128093e+01,2.125320e+01,2.132252e+01,2.128786e+01,2.132944e+01,2.119771e+01,2.135715e+01,2.123240e+01,2.123933e+01,2.123240e+01,2.139178e+01,2.119771e+01,2.125320e+01,2.144716e+01,2.133637e+01,2.145408e+01,2.144024e+01,2.137793e+01,2.135715e+01,2.134330e+01,2.141948e+01,2.139871e+01,2.144716e+01,2.143332e+01,2.147484e+01,2.145408e+01,2.146792e+01,2.134330e+01,2.133637e+01,2.141255e+01,2.135715e+01,2.134330e+01,2.128786e+01,2.129479e+01,2.124627e+01,2.130865e+01,2.142640e+01,2.114220e+01,2.126013e+01,2.121852e+01,2.129479e+01,2.127400e+01,2.117690e+01,2.107971e+01,2.127400e+01,2.115608e+01,2.128786e+01,2.111443e+01,2.112137e+01,2.122546e+01,2.119078e+01,2.110748e+01,2.114220e+01,2.116996e+01,2.116302e+01,2.119771e+01,2.120465e+01,2.112831e+01,2.126013e+01,2.122546e+01,2.114914e+01,2.113526e+01,2.113526e+01,2.119771e+01,2.109360e+01,2.120465e+01,2.108665e+01,2.105887e+01,2.101023e+01,2.116302e+01,2.119078e+01,2.108665e+01,2.120465e+01,2.115608e+01,2.122546e+01,2.124627e+01,2.119078e+01,2.120465e+01,2.137793e+01,2.125320e+01,2.117690e+01,2.117690e+01,2.122546e+01,2.119771e+01,2.103107e+01,2.124627e+01,2.113526e+01,2.108665e+01,2.119078e+01,2.127400e+01,2.110054e+01,2.107276e+01,2.082935e+01,2.073879e+01,2.081543e+01,2.082935e+01,2.103107e+01,2.090592e+01,2.062723e+01,2.073182e+01,2.059932e+01,2.057140e+01,2.055743e+01,2.059932e+01,2.060629e+01,2.060629e+01,2.062025e+01,2.064118e+01,2.053649e+01,2.070394e+01,2.050157e+01,2.063420e+01,2.065513e+01,2.057140e+01,2.056442e+01,2.060629e+01,2.059932e+01,2.059234e+01,2.053649e+01,2.058536e+01,2.062723e+01,2.055743e+01,2.056442e+01,2.055743e+01,2.048061e+01,2.048061e+01,2.058536e+01,2.059234e+01,2.069000e+01,2.069000e+01,2.062025e+01,2.052252e+01,2.069697e+01,2.066908e+01,2.083632e+01,2.070394e+01,2.060629e+01,2.062025e+01,2.066908e+01,2.065513e+01,2.073182e+01,2.072486e+01,2.064118e+01,2.075273e+01,2.066908e+01,2.071091e+01,2.057838e+01,2.071789e+01,2.096156e+01,2.062723e+01,2.071789e+01,2.057838e+01,2.069000e+01,2.066211e+01,2.069000e+01,2.050855e+01,2.055743e+01,2.052252e+01,2.052950e+01,2.046663e+01,2.070394e+01,2.061327e+01,2.046663e+01,2.056442e+01,2.062025e+01,2.071091e+01,2.064118e+01,2.061327e+01,2.071789e+01,2.045266e+01,2.057140e+01,2.066908e+01,2.069000e+01,2.055743e+01,2.057838e+01,2.069697e+01,2.059932e+01,2.059932e+01,2.061327e+01,2.067605e+01,2.062723e+01,2.065513e+01,2.057838e+01,2.059234e+01,2.057140e+01,2.084328e+01,2.057838e+01,2.060629e+01,2.059234e+01,2.063420e+01,2.065513e+01,2.064118e+01,2.063420e+01,2.059234e+01,2.059234e+01,2.069000e+01,2.061327e+01,2.043868e+01,2.064118e+01,2.063420e+01,2.060629e+01,2.051554e+01,2.057838e+01,2.060629e+01,2.062025e+01,2.066908e+01,2.062025e+01,2.062723e+01
2.066908e+01,2.045964e+01,2.058536e+01,2.060629e+01,2.044567e+01,2.039673e+01,2.042470e+01,2.043868e+01,2.050157e+01,2.038974e+01,2.036875e+01,2.036176e+01,2.046663e+01,2.021475e+01,2.036875e+01,2.044567e+01,2.030578e+01,2.041071e+01,2.024977e+01,2.023577e+01,2.036176e+01,2.018673e+01,2.029178e+01,2.022876e+01,2.021475e+01,2.035476e+01,2.019373e+01,2.029178e+01,2.020074e+01,2.018673e+01,2.022876e+01,2.026378e+01,2.023577e+01,2.023577e+01,2.020074e+01,2.021475e+01,2.016570e+01,2.020074e+01,2.022876e+01,2.026378e+01,2.025677e+01,2.018673e+01,2.034077e+01,2.031978e+01,2.027778e+01,2.029178e+01,2.029178e+01,2.027078e+01,2.043868e+01,2.040372e+01,2.045266e+01,2.074576e+01,2.080846e+01,2.096852e+01,2.091983e+01,2.094070e+01,2.082935e+01,2.096852e+01,2.094765e+01,2.101718e+01,2.061327e+01,2.057838e+01,2.047362e+01,2.044567e+01,2.033377e+01,2.036176e+01,2.038274e+01,2.034777e+01,2.040372e+01,2.031278e+01,2.045266e+01,2.050855e+01,2.050855e+01,2.041770e+01,2.049458e+01,2.054347e+01,2.050855e+01,2.053649e+01,2.054347e+01,2.055045e+01,2.055743e+01,2.042470e+01,2.058536e+01,2.059234e+01,2.043868e+01,2.063420e+01,2.064118e+01,2.064118e+01,2.064118e+01,2.050157e+01,2.056442e+01,2.034777e+01,2.069000e+01,2.066211e+01,2.066908e+01,2.071789e+01,2.067605e+01,2.072486e+01,2.057140e+01,2.078757e+01,2.076667e+01,2.082935e+01,2.101023e+01,2.099632e+01,2.078757e+01,2.080150e+01,2.071789e+01,2.087112e+01,2.086416e+01,2.091983e+01,2.084328e+01,2.087112e+01,2.096156e+01,2.094765e+01,2.089200e+01,2.083632e+01,2.088504e+01,2.086416e+01,2.073879e+01,2.081543e+01,2.075970e+01,2.060629e+01,2.080150e+01,2.083632e+01,2.088504e+01,2.099632e+01,2.107971e+01,2.105192e+01,2.074576e+01,2.059234e+01,2.069697e+01,2.066908e+01,2.057838e+01,2.065513e+01,2.069000e+01,2.063420e+01,2.066908e+01,2.055045e+01,2.063420e+01,2.066908e+01,2.065513e+01,2.060629e+01,2.062723e+01,2.067605e+01,2.062025e+01,2.059932e+01,2.048061e+01,2.062025e+01,2.064118e+01,2.066211e+01,2.054347e+01,2.072486e+01,2.053649e+01,2.053649e+01,2.057838e+01,2.061327e+01,2.055045e+01,2.062025e+01,2.062025e+01,2.057140e+01,2.059932e+01,2.066211e+01,2.057140e+01,2.051554e+01,2.069000e+01,2.060629e+01,2.059234e+01,2.054347e+01,2.055045e+01,2.069697e+01,2.063420e+01,2.061327e+01,2.059932e+01,2.063420e+01,2.063420e+01,2.068303e+01,2.057838e+01,2.069697e+01,2.073182e+01,2.055045e+01,2.065513e+01,2.062025e+01,2.062723e+01,2.058536e+01,2.053649e+01,2.045964e+01,2.070394e+01,2.059234e+01,2.066211e+01,2.066211e+01,2.062723e+01,2.061327e+01,2.058536e+01,2.057140e+01,2.056442e+01,2.054347e+01,2.062723e+01,2.066908e+01,2.051554e+01,2.073879e+01,2.075970e+01,2.057838e+01,2.071091e+01,2.049458e+01,2.069000e+01,2.044567e+01,2.062723e+01,2.050855e+01,2.060629e+01,2.064816e+01,2.059234e+01,2.064118e+01,2.063420e+01,2.069697e+01,2.064816e+01,2.063420e+01,2.059932e+01,2.070394e+01,2.062723e+01,2.055045e+01,2.069697e+01,2.080150e+01,2.057140e+01,2.060629e+01,2.068303e+01,2.062723e+01,2.057838e+01,2.061327e+01,2.037575e+01,2.066211e+01,2.067605e+01,2.058536e+01,2.064118e+01,2.055743e+01,2.072486e+01,2.062025e+01,2.050855e+01,2.065513e+01,2.067605e+01,2.067605e+01,2.057140e+01,2.049458e+01,2.050855e+01,2.084328e+01,2.073182e+01,2.057140e+01,2.058536e+01,2.056442e+01,2.055743e+01,2.062723e+01,2.069000e+01,2.061327e+01,2.069697e+01,2.060629e+01,2.063420e+01,2.075970e+01,2.077363e+01,2.096156e+01,2.090592e+01,2.098937e+01,2.089200e+01,2.094070e+01,2.079453e+01,2.059234e+01,2.052950e+01,2.063420e+01,2.050157e+01,2.057140e+01,2.053649e+01,2.043169e+01,2.053649e+01,2.049458e+01,2.037575e+01,2.048759e+01,2.057140e+01,2.050855e+01,2.049458e+01,2.043169e+01,2.048061e+01,2.045266e+01,2.030578e+01,2.034077e+01,2.036875e+01,2.001841e+01,2.001841e+01,1.965274e+01,1.959637e+01,1.939881e+01,1.932109e+01,1.913006e+01,1.913714e+01,1.908756e+01,1.919378e+01,1.903087e+01,1.899541e+01,1.900960e+01,1.902378e+01,1.914422e+01,1.898123e+01,1.895286e+01,1.896704e+01,1.895995e+01,1.900251e+01,1.896704e+01,1.909464e+01,1.919378e+01,1.898123e+01,1.889609e+01,1.893867e+01,1.874691e+01,1.871847e+01,1.886059e+01,1.901669e+01,1.910173e+01,1.911590e+01,1.915838e+01,1.895995e+01,1.925745e+01,1.921501e+01,1.917962e+01,1.917254e+01,1.920793e+01,1.919378e+01,1.928574e+01,1.932815e+01,1.940587e+01,1.999033e+01,2.027778e+01,2.038974e+01,2.053649e+01,2.075970e+01,2.073182e+01,2.067605e+01,2.077363e+01,2.078060e+01,2.071789e+01,2.080846e+01,2.084328e+01,2.071789e+01,2.080150e+01,2.066211e+01,2.066211e+01,2.063420e+01,2.075273e+01,2.071789e+01,2.067605e+01,2.066211e+01,2.055045e+01,2.061327e+01,2.065513e+01,2.052252e+01,2.057838e+01,2.075970e+01,2.070394e+01,2.071789e+01,2.065513e+01,2.056442e+01,2.063420e+01,2.066908e+01,2.066908e+01,2.062025e+01,2.064118e+01,2.076667e+01,2.058536e+01,2.069000e+01,2.074576e+01,2.064118e+01,2.075970e+01,2.064816e+01,2.056442e+01,2.063420e+01,2.062025e+01,2.055045e+01,2.070394e+01,2.062025e+01,2.060629e+01,2.059932e+01,2.061327e+01,2.069697e+01,2.067605e+01,2.071789e+01,2.049458e+01,2.048759e+01,2.069000e+01,2.073879e+01,2.058536e+01,2.070394e+01,2.059234e+01,2.066908e+01,2.070394e+01,2.056442e+01,2.064816e+01,2.071789e+01,2.075273e+01,2.066908e+01,2.069697e+01,2.065513e+01,2.060629e+01,2.071789e+01,2.073879e+01,2.066908e+01,2.068303e+01,2.076667e+01,2.080846e+01,2.079453e+01,2.064118e+01,2.063420e+01,2.062025e+01,2.055743e+01,2.063420e+01,2.067605e+01,2.060629e+01,2.066908e+01,2.062025e+01,2.065513e+01,2.087112e+01,2.119771e+01,2.109360e+01,2.127400e+01,2.121852e+01,2.126013e+01,2.123240e+01,2.125320e+01,2.140563e+01,2.146100e+01,2.141948e+01,2.134330e+01,2.114220e+01,2.137793e+01,2.141255e+01,2.123240e+01,2.116996e+01,2.120465e+01,2.124627e+01,2.135023e+01,2.123933e+01,2.133637e+01,2.119771e+01,2.130173e+01,2.121852e+01,2.124627e+01,2.123240e+01,2.130173e+01,2.135715e+01,2.137101e+01,2.126013e+01,2.131559e+01,2.135715e+01,2.119078e+01,2.149559e+01,2.137793e+01,2.144024e+01,2.141948e+01,2.145408e+01,2.141948e+01,2.148176e+01,2.141255e+01,2.137793e+01,2.154400e+01,2.147484e+01,2.133637e+01,2.127400e+01,2.130865e+01,2.127400e+01,2.130173e+01,2.129479e+01,2.115608e+01,2.128786e+01,2.114220e+01,2.128093e+01,2.133637e+01,2.114220e+01,2.109360e+01,2.126707e+01,2.112137e+01,2.128093e+01,2.107276e+01,2.127400e+01,2.123933e+01,2.106581e+01,2.109360e+01,2.119771e+01,2.118384e+01,2.118384e+01,2.114220e+01,2.119771e+01,2.118384e+01,2.116996e+01,2.119771e+01,2.120465e+01,2.112831e+01,2.113526e+01,2.107276e+01,2.107276e+01,2.116302e+01,2.107971e+01,2.104497e+01,2.107276e+01,2.106581e+01,2.112137e+01,2.114914e+01,2.116302e+01,2.104497e+01,2.126013e+01,2.118384e+01,2.114914e+01,2.124627e+01,2.118384e+01,2.118384e+01,2.130173e+01,2.123240e+01,2.122546e+01,2.121852e+01,2.121852e+01,2.114914e+01,2.121852e+01,2.126013e+01,2.105887e+01,2.111443e+01,2.101718e+01,2.120465e+01,2.111443e+01,2.108665e+01,2.096852e+01,2.091287e+01,2.072486e+01,2.076667e+01,2.078060e+01,2.104497e+01,2.087808e+01,2.075273e+01,2.075970e+01,2.060629e+01,2.057838e+01,2.082935e+01,2.060629e+01,2.056442e+01,2.059932e+01,2.063420e+01,2.058536e+01,2.062723e+01,2.072486e+01,2.048759e+01,2.046663e+01,2.053649e+01,2.069000e+01,2.049458e+01,2.060629e+01,2.069000e+01,2.066908e+01,2.054347e+01,2.050855e+01,2.064118e+01,2.055045e+01,2.064816e+01,2.063420e+01,2.053649e+01,2.053649e+01,2.064118e+01,2.073182e+01,2.063420e+01,2.066211e+01,2.062723e+01,2.059932e+01,2.059932e+01,2.067605e+01,2.056442e+01,2.080846e+01,2.069000e+01,2.064816e+01,2.061327e+01,2.061327e+01,2.070394e+01,2.058536e+01,2.066908e+01,2.069000e+01,2.070394e+01,2.060629e+01,2.059234e+01,2.066908e+01,2.062025e+01,2.071091e+01,2.063420e+01,2.073182e+01,2.070394e+01,2.069697e+01,2.058536e+01,2.057140e+01,2.062723e+01,2.058536e+01,2.062025e+01,2.053649e+01,2.051554e+01,2.065513e+01,2.064816e+01,2.046663e+01,2.058536e+01,2.070394e+01,2.063420e+01,2.070394e+01,2.063420e+01,2.066908e+01,2.057140e+01,2.062025e+01,2.059234e+01,2.054347e+01,2.068303e+01,2.073879e+01,2.059932e+01,2.062723e+01,2.057140e+01,2.066908e+01,2.059932e+01,2.068303e+01,2.063420e+01,2.050157e+01,2.064816e+01,2.052950e+01,2.057838e+01,2.058536e+01,2.059932e+01,2.063420e+01,2.064118e+01,2.065513e+01,2.048061e+01,2.052950e+01,2.060629e+01,2.060629e+01,2.051554e+01,2.045964e+01,2.063420e+01,2.059234e+01,2.080150e+01,2.063420e+01,2.064118e+01,2.058536e+01,2.092679e+01,2.068303e+01,2.057140e+01,2.066211e+01
2.066211e+01,2.054347e+01,2.061327e+01,2.047362e+01,2.039673e+01,2.057838e+01,2.043169e+01,2.034777e+01,2.038974e+01,2.034077e+01,2.048061e+01,2.045266e+01,2.049458e+01,2.044567e+01,2.036176e+01,2.042470e+01,2.046663e+01,2.031278e+01,2.030578e+01,2.039673e+01,2.031978e+01,2.027778e+01,2.021475e+01,2.005350e+01,2.020774e+01,2.023577e+01,2.020774e+01,2.024977e+01,2.014467e+01,2.008156e+01,2.017972e+01,2.022176e+01,2.020774e+01,2.025677e+01,2.018673e+01,2.020074e+01,2.020074e+01,2.017972e+01,2.017271e+01,2.023577e+01,2.016570e+01,2.024277e+01,2.022876e+01,2.032678e+01,2.030578e+01,2.024277e+01,2.031978e+01,2.036176e+01,2.034077e+01,2.041770e+01,2.050157e+01,2.062025e+01,2.064816e+01,2.085024e+01,2.091983e+01,2.078060e+01,2.066908e+01,2.070394e+01,2.106581e+01,2.096852e+01,2.052252e+01,2.057140e+01,2.033377e+01,2.036176e+01,2.040372e+01,2.034777e+01,2.043868e+01,2.039673e+01,2.057140e+01,2.038974e+01,2.032678e+01,2.042470e+01,2.020074e+01,2.051554e+01,2.044567e+01,2.040372e+01,2.051554e+01,2.050157e+01,2.052252e+01,2.044567e+01,2.048759e+01,2.052252e+01,2.050157e+01,2.059234e+01,2.048061e+01,2.066908e+01,2.045964e+01,2.066211e+01,2.057140e+01,2.060629e+01,2.050855e+01,2.063420e+01,2.065513e+01,2.062723e+01,2.064118e+01,2.059932e+01,2.071091e+01,2.071789e+01,2.071091e+01,2.071091e+01,2.079453e+01,2.092679e+01,2.102413e+01,2.099632e+01,2.092679e+01,2.087112e+01,2.088504e+01,2.089896e+01,2.078757e+01,2.067605e+01,2.077363e+01,2.081543e+01,2.094070e+01,2.085024e+01,2.089896e+01,2.075970e+01,2.085024e+01,2.078757e+01,2.091983e+01,2.096852e+01,2.071091e+01,2.071789e+01,2.077363e+01,2.082239e+01,2.082935e+01,2.095461e+01,2.107276e+01,2.080846e+01,2.071091e+01,2.057140e+01,2.059234e+01,2.058536e+01,2.045266e+01,2.064816e+01,2.069000e+01,2.054347e+01,2.082935e+01,2.057140e+01,2.064816e+01,2.071789e+01,2.060629e+01,2.063420e+01,2.061327e+01,2.064118e+01,2.064816e+01,2.070394e+01,2.057140e+01,2.060629e+01,2.059234e+01,2.050855e+01,2.067605e+01,2.057140e+01,2.051554e+01,2.069000e+01,2.051554e+01,2.059932e+01,2.058536e+01,2.064816e+01,2.068303e+01,2.064816e+01,2.063420e+01,2.055743e+01,2.056442e+01,2.062025e+01,2.052252e+01,2.058536e+01,2.058536e+01,2.048061e+01,2.050157e+01,2.062723e+01,2.052950e+01,2.050855e+01,2.058536e+01,2.062723e+01,2.063420e+01,2.066211e+01,2.059932e+01,2.065513e+01,2.066908e+01,2.068303e+01,2.065513e+01,2.070394e+01,2.069697e+01,2.059234e+01,2.065513e+01,2.062025e+01,2.048759e+01,2.061327e+01,2.066211e+01,2.057838e+01,2.066908e+01,2.053649e+01,2.058536e+01,2.055045e+01,2.060629e+01,2.059932e+01,2.057838e+01,2.069697e+01,2.063420e+01,2.063420e+01,2.064816e+01,2.064816e+01,2.064816e+01,2.047362e+01,2.062723e+01,2.051554e+01,2.060629e+01,2.052950e+01,2.062723e+01,2.069000e+01,2.062723e+01,2.063420e+01,2.063420e+01,2.064816e+01,2.064816e+01,2.064816e+01,2.060629e+01,2.069000e+01,2.061327e+01,2.055045e+01,2.058536e+01,2.055743e+01,2.055045e+01,2.066211e+01,2.048061e+01,2.062723e+01,2.068303e+01,2.043868e+01,2.068303e+01,2.067605e+01,2.057838e+01,2.063420e+01,2.070394e+01,2.059932e+01,2.059234e+01,2.064118e+01,2.059234e+01,2.050157e+01,2.055045e+01,2.049458e+01,2.064118e+01,2.066908e+01,2.055045e+01,2.068303e+01,2.059932e+01,2.053649e+01,2.056442e+01,2.056442e+01,2.064118e+01,2.065513e+01,2.060629e+01,2.050157e+01,2.066211e+01,2.060629e+01,2.064816e+01,2.080846e+01,2.088504e+01,2.098937e+01,2.087808e+01,2.100327e+01,2.095461e+01,2.078060e+01,2.084328e+01,2.058536e+01,2.054347e+01,2.052950e+01,2.050855e+01,2.057838e+01,2.048061e+01,2.050855e+01,2.047362e+01,2.056442e+01,2.051554e+01,2.055045e+01,2.050157e+01,2.050855e+01,2.049458e+01,2.047362e+01,2.045266e+01,2.047362e+01,2.061327e+01,2.039673e+01,2.031278e+01,2.008857e+01,1.967388e+01,1.953996e+01,1.927160e+01,1.913006e+01,1.912298e+01,1.917254e+01,1.909464e+01,1.912298e+01,1.904504e+01,1.903087e+01,1.900251e+01,1.903795e+01,1.910881e+01,1.913714e+01,1.912298e+01,1.910173e+01,1.895995e+01,1.896704e+01,1.897414e+01,1.901669e+01,1.901669e+01,1.900251e+01,1.900960e+01,1.902378e+01,1.872558e+01,1.888189e+01,1.895995e+01,1.901669e+01,1.908047e+01,1.914422e+01,1.899541e+01,1.907339e+01,1.919378e+01,1.917962e+01,1.919378e+01,1.917962e+01,1.919378e+01,1.918670e+01,1.921501e+01,1.937762e+01,1.934936e+01,1.953291e+01,1.970909e+01,1.989901e+01,2.032678e+01,2.051554e+01,2.050855e+01,2.069697e+01,2.072486e+01,2.068303e+01,2.061327e+01,2.070394e+01,2.077363e+01,2.084328e+01,2.076667e+01,2.064118e+01,2.069000e+01,2.064816e+01,2.062723e+01,2.070394e+01,2.062025e+01,2.062723e+01,2.061327e+01,2.061327e+01,2.054347e+01,2.064816e+01,2.043868e+01,2.056442e+01,2.060629e+01,2.064118e+01,2.055743e+01,2.060629e+01,2.068303e+01,2.064118e+01,2.060629e+01,2.066211e+01,2.057838e+01,2.055743e+01,2.064816e+01,2.069697e+01,2.069697e+01,2.067605e+01,2.073182e+01,2.059932e+01,2.062723e+01,2.059932e+01,2.065513e+01,2.067605e+01,2.069000e+01,2.066908e+01,2.061327e+01,2.068303e+01,2.064816e+01,2.065513e+01,2.069000e+01,2.068303e+01,2.063420e+01,2.065513e+01,2.058536e+01,2.063420e+01,2.066211e+01,2.064816e+01,2.065513e+01,2.060629e+01,2.073182e+01,2.066211e+01,2.062025e+01,2.062723e+01,2.049458e+01,2.055045e+01,2.068303e+01,2.069697e+01,2.062723e+01,2.061327e+01,2.063420e+01,2.071091e+01,2.071091e+01,2.078757e+01,2.078060e+01,2.064816e+01,2.054347e+01,2.058536e+01,2.071789e+01,2.064816e+01,2.067605e+01,2.070394e+01,2.069000e+01,2.064118e+01,2.064816e+01,2.079453e+01,2.053649e+01,2.085720e+01,2.118384e+01,2.124627e+01,2.124627e+01,2.121852e+01,2.124627e+01,2.122546e+01,2.128093e+01,2.141948e+01,2.119771e+01,2.132252e+01,2.132252e+01,2.123240e+01,2.131559e+01,2.123240e+01,2.128093e+01,2.125320e+01,2.109360e+01,2.131559e+01,2.125320e+01,2.129479e+01,2.133637e+01,2.114914e+01,2.118384e+01,2.123933e+01,2.124627e+01,2.127400e+01,2.134330e+01,2.145408e+01,2.125320e+01,2.117690e+01,2.128093e+01,2.119771e+01,2.128786e+01,2.127400e+01,2.118384e+01,2.139178e+01,2.132252e+01,2.151634e+01,2.144716e+01,2.144024e+01,2.179950e+01,2.141948e+01,2.137793e+01,2.136408e+01,2.133637e+01,2.135023e+01,2.147484e+01,2.141255e+01,2.137101e+01,2.126013e+01,2.132252e+01,2.110748e+01,2.108665e+01,2.134330e+01,2.113526e+01,2.111443e+01,2.123240e+01,2.109360e+01,2.110054e+01,2.111443e+01,2.114914e+01,2.118384e+01,2.121159e+01,2.113526e+01,2.110748e+01,2.111443e+01,2.128093e+01,2.116996e+01,2.098937e+01,2.115608e+01,2.112137e+01,2.105192e+01,2.110054e+01,2.107971e+01,2.123933e+01,2.118384e+01,2.114220e+01,2.121159e+01,2.120465e+01,2.111443e+01,2.108665e+01,2.135023e+01,2.111443e+01,2.121159e+01,2.110054e+01,2.112831e+01,2.109360e+01,2.118384e+01,2.118384e+01,2.119771e+01,2.114914e+01,2.121159e+01,2.123240e+01,2.117690e+01,2.120465e+01,2.114914e+01,2.117690e+01,2.123240e+01,2.119771e+01,2.118384e+01,2.124627e+01,2.141255e+01,2.107971e+01,2.113526e+01,2.124627e+01,2.117690e+01,2.114220e+01,2.117690e+01,2.108665e+01,2.091983e+01,2.080846e+01,2.083632e+01,2.110748e+01,2.098242e+01,2.086416e+01,2.087808e+01,2.080846e+01,2.059932e+01,2.057838e+01,2.059234e+01,2.063420e+01,2.060629e+01,2.077363e+01,2.059234e+01,2.057140e+01,2.068303e+01,2.060629e+01,2.057140e+01,2.068303e+01,2.069000e+01,2.071789e+01,2.057838e+01,2.065513e+01,2.054347e+01,2.050855e+01,2.073879e+01,2.060629e+01,2.049458e+01,2.064816e+01,2.052950e+01,2.051554e+01,2.048759e+01,2.056442e+01,2.050855e+01,2.045964e+01,2.058536e+01,2.062025e+01,2.066211e+01,2.080846e+01,2.067605e+01,2.053649e+01,2.067605e+01,2.062025e+01,2.055743e+01,2.065513e+01,2.064816e+01,2.070394e+01,2.060629e+01,2.066211e+01,2.076667e+01,2.067605e+01,2.070394e+01,2.061327e+01,2.062723e+01,2.064816e+01,2.057838e+01,2.064118e+01,2.067605e+01,2.075273e+01,2.059932e+01,2.070394e+01,2.057838e+01,2.067605e+01,2.068303e+01,2.063420e+01,2.058536e+01,2.055743e+01,2.053649e+01,2.069000e+01,2.055743e+01,2.059234e+01,2.071091e+01,2.064118e+01,2.064118e+01,2.044567e+01,2.048061e+01,2.064816e+01,2.062723e+01,2.068303e+01,2.059932e+01,2.069697e+01,2.064816e+01,2.062723e+01,2.065513e+01,2.059234e+01,2.066908e+01,2.064118e+01,2.064816e+01,2.059932e+01,2.065513e+01,2.059932e+01,2.060629e+01,2.052252e+01,2.066908e+01,2.062025e+01,2.064816e+01,2.064118e+01,2.055045e+01,2.077363e+01,2.062723e+01,2.073182e+01,2.055045e+01,2.084328e+01,2.047362e+01,2.061327e+01,2.066211e+01,2.045964e+01,2.048759e+01,2.064118e+01,2.058536e+01,2.058536e+01,2.057140e+01,2.065513e+01,2.049458e+01
2.071091e+01,2.059234e+01,2.062025e+01,2.060629e+01,2.059234e+01,2.057838e+01,2.031978e+01,2.031278e+01,2.045266e+01,2.033377e+01,2.048759e+01,2.027778e+01,2.031978e+01,2.034077e+01,2.038974e+01,2.032678e+01,2.042470e+01,2.030578e+01,2.039673e+01,2.034077e+01,2.031278e+01,2.039673e+01,2.021475e+01,2.042470e+01,2.023577e+01,2.022176e+01,2.025677e+01,2.026378e+01,2.029878e+01,2.019373e+01,2.018673e+01,2.021475e+01,2.016570e+01,2.016570e+01,2.016570e+01,2.018673e+01,2.021475e+01,2.020774e+01,2.033377e+01,2.010961e+01,2.020774e+01,2.031278e+01,2.026378e+01,2.025677e+01,2.023577e+01,2.031278e+01,2.031978e+01,2.052252e+01,2.027778e+01,2.031978e+01,2.057140e+01,2.063420e+01,2.088504e+01,2.112137e+01,2.093374e+01,2.071091e+01,2.060629e+01,2.096852e+01,2.099632e+01,2.065513e+01,2.063420e+01,2.065513e+01,2.038974e+01,2.041071e+01,2.025677e+01,2.043169e+01,2.064118e+01,2.045266e+01,2.048759e+01,2.051554e+01,2.036875e+01,2.036875e+01,2.041071e+01,2.054347e+01,2.055045e+01,2.063420e+01,2.054347e+01,2.054347e+01,2.052252e+01,2.048759e+01,2.056442e+01,2.048061e+01,2.050157e+01,2.059932e+01,2.054347e+01,2.059234e+01,2.046663e+01,2.064816e+01,2.066211e+01,2.046663e+01,2.061327e+01,2.067605e+01,2.053649e+01,2.062025e+01,2.061327e+01,2.057838e+01,2.067605e+01,2.067605e+01,2.072486e+01,2.068303e+01,2.069000e+01,2.097547e+01,2.087112e+01,2.084328e+01,2.087808e+01,2.091983e+01,2.073879e+01,2.069000e+01,2.089200e+01,2.069000e+01,2.070394e+01,2.082935e+01,2.074576e+01,2.075273e+01,2.081543e+01,2.084328e+01,2.085024e+01,2.081543e+01,2.069697e+01,2.079453e+01,2.080150e+01,2.072486e+01,2.090592e+01,2.098242e+01,2.102413e+01,2.105887e+01,2.104497e+01,2.075970e+01,2.063420e+01,2.078060e+01,2.071789e+01,2.051554e+01,2.059234e+01,2.063420e+01,2.061327e+01,2.061327e+01,2.057140e+01,2.061327e+01,2.066211e+01,2.052252e+01,2.063420e+01,2.062025e+01,2.075970e+01,2.054347e+01,2.060629e+01,2.069000e+01,2.061327e+01,2.064118e+01,2.056442e+01,2.057838e+01,2.060629e+01,2.052950e+01,2.057838e+01,2.055743e+01,2.059932e+01,2.062723e+01,2.064118e+01,2.055045e+01,2.064118e+01,2.058536e+01,2.058536e+01,2.055743e+01,2.058536e+01,2.059234e+01,2.068303e+01,2.058536e+01,2.061327e+01,2.066908e+01,2.052950e+01,2.065513e+01,2.049458e+01,2.054347e+01,2.063420e+01,2.059234e+01,2.069000e+01,2.063420e+01,2.066211e+01,2.068303e+01,2.068303e+01,2.067605e+01,2.070394e+01,2.069000e+01,2.053649e+01,2.082935e+01,2.045266e+01,2.067605e+01,2.062723e+01,2.068303e+01,2.059234e+01,2.060629e+01,2.059932e+01,2.065513e+01,2.056442e+01,2.061327e+01,2.084328e+01,2.068303e+01,2.053649e+01,2.069000e+01,2.068303e+01,2.071091e+01,2.062723e+01,2.053649e+01,2.073182e+01,2.061327e+01,2.057838e+01,2.048759e+01,2.059932e+01,2.062025e+01,2.062723e+01,2.064118e+01,2.061327e+01,2.065513e+01,2.066908e+01,2.065513e+01,2.064118e+01,2.068303e+01,2.059932e+01,2.066908e+01,2.067605e+01,2.066211e+01,2.058536e+01,2.063420e+01,2.056442e+01,2.066211e+01,2.059234e+01,2.060629e+01,2.060629e+01,2.066908e+01,2.062723e+01,2.068303e+01,2.051554e+01,2.054347e+01,2.071091e+01,2.053649e+01,2.059234e+01,2.059932e+01,2.059932e+01,2.057838e+01,2.071091e+01,2.059234e+01,2.062025e+01,2.066908e+01,2.062025e+01,2.064118e+01,2.053649e+01,2.055743e+01,2.066908e+01,2.060629e+01,2.058536e+01,2.059234e+01,2.057140e+01,2.053649e+01,2.065513e+01,2.064118e+01,2.064816e+01,2.069000e+01,2.096156e+01,2.098242e+01,2.103107e+01,2.091983e+01,2.096156e+01,2.081543e+01,2.077363e+01,2.078060e+01,2.059234e+01,2.052252e+01,2.049458e+01,2.054347e+01,2.048759e+01,2.055045e+01,2.036875e+01,2.052252e+01,2.062723e+01,2.050855e+01,2.052252e+01,2.048759e+01,2.045266e+01,2.031978e+01,2.033377e+01,2.034777e+01,2.044567e+01,2.026378e+01,2.007454e+01,1.986386e+01,1.944118e+01,1.945529e+01,1.927160e+01,1.922916e+01,1.911590e+01,1.907339e+01,1.909464e+01,1.908047e+01,1.910881e+01,1.911590e+01,1.907339e+01,1.915838e+01,1.920085e+01,1.912298e+01,1.911590e+01,1.901669e+01,1.912298e+01,1.901669e+01,1.908756e+01,1.894576e+01,1.901669e+01,1.900960e+01,1.902378e+01,1.902378e+01,1.900251e+01,1.896704e+01,1.892448e+01,1.900960e+01,1.906630e+01,1.905213e+01,1.912298e+01,1.908756e+01,1.917962e+01,1.915130e+01,1.919378e+01,1.915838e+01,1.917962e+01,1.917962e+01,1.926452e+01,1.925038e+01,1.937055e+01,1.937055e+01,1.956817e+01,1.994117e+01,1.999735e+01,2.032678e+01,2.037575e+01,2.048061e+01,2.068303e+01,2.065513e+01,2.076667e+01,2.075273e+01,2.084328e+01,2.079453e+01,2.080846e+01,2.078757e+01,2.064816e+01,2.064816e+01,2.058536e+01,2.062025e+01,2.069000e+01,2.060629e+01,2.050157e+01,2.065513e+01,2.066908e+01,2.066211e+01,2.068303e+01,2.069697e+01,2.064816e+01,2.068303e+01,2.071091e+01,2.057838e+01,2.071091e+01,2.052950e+01,2.055045e+01,2.065513e+01,2.067605e+01,2.062025e+01,2.059234e+01,2.069697e+01,2.071091e+01,2.057140e+01,2.069000e+01,2.066908e+01,2.063420e+01,2.062723e+01,2.060629e+01,2.051554e+01,2.069000e+01,2.064816e+01,2.062025e+01,2.056442e+01,2.069000e+01,2.065513e+01,2.070394e+01,2.071091e+01,2.061327e+01,2.064816e+01,2.056442e+01,2.061327e+01,2.057838e+01,2.069000e+01,2.059932e+01,2.060629e+01,2.062025e+01,2.064118e+01,2.064816e+01,2.065513e+01,2.063420e+01,2.066908e+01,2.068303e+01,2.052252e+01,2.061327e+01,2.057838e+01,2.061327e+01,2.066908e+01,2.070394e+01,2.067605e+01,2.067605e+01,2.064816e+01,2.066211e+01,2.063420e+01,2.065513e+01,2.059932e+01,2.068303e+01,2.064816e+01,2.069697e+01,2.064118e+01,2.063420e+01,2.066908e+01,2.066908e+01,2.084328e+01,2.106581e+01,2.108665e+01,2.107276e+01,2.130865e+01,2.123933e+01,2.113526e+01,2.125320e+01,2.123240e+01,2.128093e+01,2.128786e+01,2.130865e+01,2.132944e+01,2.129479e+01,2.128786e+01,2.132944e+01,2.124627e+01,2.127400e+01,2.123240e+01,2.123933e+01,2.122546e+01,2.131559e+01,2.114220e+01,2.122546e+01,2.122546e+01,2.123933e+01,2.131559e+01,2.128786e+01,2.130865e+01,2.125320e+01,2.119078e+01,2.126013e+01,2.128786e+01,2.127400e+01,2.138486e+01,2.140563e+01,2.121852e+01,2.141255e+01,2.143332e+01,2.144716e+01,2.155783e+01,2.162694e+01,2.135715e+01,2.155092e+01,2.141255e+01,2.145408e+01,2.128786e+01,2.129479e+01,2.133637e+01,2.132252e+01,2.124627e+01,2.128093e+01,2.121159e+01,2.107971e+01,2.132252e+01,2.128786e+01,2.134330e+01,2.116302e+01,2.112137e+01,2.106581e+01,2.126707e+01,2.128786e+01,2.105192e+01,2.114914e+01,2.107971e+01,2.111443e+01,2.113526e+01,2.125320e+01,2.114914e+01,2.110748e+01,2.106581e+01,2.113526e+01,2.113526e+01,2.112831e+01,2.114220e+01,2.099632e+01,2.121852e+01,2.103802e+01,2.114914e+01,2.121159e+01,2.109360e+01,2.105887e+01,2.107971e+01,2.107971e+01,2.110748e+01,2.110054e+01,2.110054e+01,2.118384e+01,2.114914e+01,2.113526e+01,2.098242e+01,2.120465e+01,2.111443e+01,2.121159e+01,2.113526e+01,2.117690e+01,2.119078e+01,2.115608e+01,2.119771e+01,2.116996e+01,2.114220e+01,2.117690e+01,2.108665e+01,2.123240e+01,2.126707e+01,2.126013e+01,2.108665e+01,2.115608e+01,2.112137e+01,2.105192e+01,2.099632e+01,2.091287e+01,2.090592e+01,2.113526e+01,2.109360e+01,2.078060e+01,2.080150e+01,2.057838e+01,2.058536e+01,2.057140e+01,2.057140e+01,2.062723e+01,2.064118e+01,2.048759e+01,2.071789e+01,2.048061e+01,2.049458e+01,2.062025e+01,2.064118e+01,2.066211e+01,2.066211e+01,2.054347e+01,2.052252e+01,2.064118e+01,2.070394e+01,2.054347e+01,2.052950e+01,2.063420e+01,2.061327e+01,2.049458e+01,2.059932e+01,2.066211e+01,2.069000e+01,2.061327e+01,2.061327e+01,2.065513e+01,2.060629e+01,2.055743e+01,2.062723e+01,2.052252e+01,2.063420e+01,2.082239e+01,2.073182e+01,2.052950e+01,2.059932e+01,2.063420e+01,2.071789e+01,2.062723e+01,2.070394e+01,2.059932e+01,2.062723e+01,2.072486e+01,2.050157e+01,2.057838e+01,2.055045e+01,2.052252e+01,2.062723e+01,2.059234e+01,2.043169e+01,2.064816e+01,2.063420e+01,2.069000e+01,2.064816e+01,2.055743e+01,2.059932e+01,2.062723e+01,2.070394e+01,2.052252e+01,2.064816e+01,2.054347e+01,2.059234e+01,2.063420e+01,2.062723e+01,2.066211e+01,2.064118e+01,2.045964e+01,2.064816e+01,2.064118e+01,2.068303e+01,2.070394e+01,2.069697e+01,2.065513e+01,2.066211e+01,2.066211e+01,2.066908e+01,2.055743e+01,2.064118e+01,2.052252e+01,2.064118e+01,2.053649e+01,2.063420e+01,2.063420e+01,2.052950e+01,2.052950e+01,2.050157e+01,2.055045e+01,2.050855e+01,2.068303e+01,2.078757e+01,2.066908e+01,2.073182e+01,2.050157e+01,2.059932e+01,2.067605e+01,2.070394e+01,2.061327e+01,2.068303e+01,2.051554e+01,2.062025e+01,2.069697e+01,2.065513e+01,2.072486e+01,2.063420e+01,2.063420e+01,2.052950e+01
2.064816e+01,2.069697e+01,2.052252e+01,2.039673e+01,2.048759e+01,2.061327e+01,2.060629e+01,2.039673e+01,2.045266e+01,2.060629e+01,2.030578e+01,2.046663e+01,2.045266e+01,2.053649e+01,2.044567e+01,2.054347e+01,2.052252e+01,2.033377e+01,2.029178e+01,2.042470e+01,2.027078e+01,2.027078e+01,2.045266e+01,2.046663e+01,2.029878e+01,2.031278e+01,2.027078e+01,2.018673e+01,2.024977e+01,2.008857e+01,2.017271e+01,2.015869e+01,2.034777e+01,2.028478e+01,2.017972e+01,2.022876e+01,2.010961e+01,2.021475e+01,2.020074e+01,2.017972e+01,2.015168e+01,2.033377e+01,2.031278e+01,2.034777e+01,2.034077e+01,2.043169e+01,2.029878e+01,2.031278e+01,2.056442e+01,2.045964e+01,2.045266e+01,2.060629e+01,2.091287e+01,2.091983e+01,2.071091e+01,2.048061e+01,2.060629e+01,2.101718e+01,2.098242e+01,2.063420e+01,2.061327e+01,2.029878e+01,2.039673e+01,2.041770e+01,2.026378e+01,2.043868e+01,2.066908e+01,2.038274e+01,2.031278e+01,2.038974e+01,2.047362e+01,2.039673e+01,2.043868e+01,2.032678e+01,2.048061e+01,2.048061e+01,2.054347e+01,2.047362e+01,2.052252e+01,2.047362e+01,2.052950e+01,2.055045e+01,2.050855e+01,2.049458e+01,2.065513e+01,2.052252e+01,2.058536e+01,2.066211e+01,2.047362e+01,2.058536e+01,2.056442e+01,2.057838e+01,2.057838e+01,2.063420e+01,2.062723e+01,2.065513e+01,2.051554e+01,2.054347e+01,2.075970e+01,2.087112e+01,2.073879e+01,2.082239e+01,2.085024e+01,2.073879e+01,2.091287e+01,2.087808e+01,2.069000e+01,2.067605e+01,2.073182e+01,2.067605e+01,2.063420e+01,2.075970e+01,2.072486e+01,2.069697e+01,2.068303e+01,2.065513e+01,2.073879e+01,2.072486e+01,2.073879e+01,2.061327e+01,2.062723e+01,2.064118e+01,2.078757e+01,2.084328e+01,2.084328e+01,2.122546e+01,2.101718e+01,2.080150e+01,2.074576e+01,2.063420e+01,2.073879e+01,2.060629e+01,2.063420e+01,2.057140e+01,2.053649e+01,2.066211e+01,2.064118e+01,2.061327e+01,2.059234e+01,2.068303e+01,2.055045e+01,2.063420e+01,2.078060e+01,2.055045e+01,2.085720e+01,2.059932e+01,2.059234e+01,2.057140e+01,2.049458e+01,2.046663e+01,2.069697e+01,2.052950e+01,2.069000e+01,2.065513e+01,2.064816e+01,2.058536e+01,2.061327e+01,2.055045e+01,2.068303e+01,2.064816e+01,2.056442e+01,2.070394e+01,2.057140e+01,2.055743e+01,2.064816e+01,2.064816e+01,2.064816e+01,2.062723e+01,2.055045e+01,2.065513e+01,2.070394e+01,2.059234e+01,2.063420e+01,2.062025e+01,2.066211e+01,2.063420e+01,2.059932e+01,2.064816e+01,2.084328e+01,2.068303e+01,2.069000e+01,2.064118e+01,2.064118e+01,2.055045e+01,2.064816e+01,2.070394e+01,2.066211e+01,2.066211e+01,2.045266e+01,2.062723e+01,2.064816e+01,2.061327e+01,2.069000e+01,2.057140e+01,2.063420e+01,2.059932e+01,2.067605e+01,2.061327e+01,2.059234e+01,2.066908e+01,2.073182e+01,2.066908e+01,2.055743e+01,2.060629e+01,2.062025e+01,2.066211e+01,2.063420e+01,2.069000e+01,2.062025e+01,2.065513e+01,2.058536e+01,2.071789e+01,2.066211e+01,2.066211e+01,2.068303e+01,2.067605e+01,2.048061e+01,2.076667e+01,2.064118e+01,2.062723e+01,2.069697e+01,2.063420e+01,2.059234e+01,2.063420e+01,2.062723e+01,2.036176e+01,2.062723e+01,2.056442e+01,2.071789e+01,2.072486e+01,2.070394e+01,2.064816e+01,2.057140e+01,2.056442e+01,2.061327e+01,2.062723e+01,2.057838e+01,2.066908e+01,2.069697e+01,2.067605e+01,2.066908e+01,2.062025e+01,2.064118e+01,2.057140e+01,2.064816e+01,2.064118e+01,2.064118e+01,2.066908e+01,2.061327e+01,2.059932e+01,2.055045e+01,2.085024e+01,2.062723e+01,2.062723e+01,2.068303e+01,2.084328e+01,2.101718e+01,2.094765e+01,2.085024e+01,2.090592e+01,2.103107e+01,2.076667e+01,2.079453e+01,2.071789e+01,2.052252e+01,2.055743e+01,2.071789e+01,2.048759e+01,2.053649e+01,2.048061e+01,2.051554e+01,2.057838e+01,2.059932e+01,2.051554e+01,2.048759e+01,2.050157e+01,2.051554e+01,2.048759e+01,2.050157e+01,2.050157e+01,2.059932e+01,2.008857e+01,2.013766e+01,1.974428e+01,1.964570e+01,1.925745e+01,1.912298e+01,1.903087e+01,1.891738e+01,1.905922e+01,1.908047e+01,1.908047e+01,1.920793e+01,1.906630e+01,1.917962e+01,1.915130e+01,1.912298e+01,1.917254e+01,1.914422e+01,1.907339e+01,1.917254e+01,1.898832e+01,1.902378e+01,1.918670e+01,1.905922e+01,1.907339e+01,1.903795e+01,1.893157e+01,1.899541e+01,1.900251e+01,1.895286e+01,1.908756e+01,1.911590e+01,1.904504e+01,1.901669e+01,1.905922e+01,1.917254e+01,1.922208e+01,1.916546e+01,1.909464e+01,1.926452e+01,1.920793e+01,1.927160e+01,1.924331e+01,1.925038e+01,1.936349e+01,1.961751e+01,1.939174e+01,1.985683e+01,2.027078e+01,2.036176e+01,2.057140e+01,2.065513e+01,2.067605e+01,2.079453e+01,2.084328e+01,2.079453e+01,2.074576e+01,2.072486e+01,2.069000e+01,2.079453e+01,2.075970e+01,2.079453e+01,2.062723e+01,2.048759e+01,2.062723e+01,2.061327e+01,2.068303e+01,2.062025e+01,2.060629e+01,2.065513e+01,2.069000e+01,2.069697e+01,2.063420e+01,2.075970e+01,2.069000e+01,2.073182e+01,2.069697e+01,2.073182e+01,2.065513e+01,2.072486e+01,2.058536e+01,2.038974e+01,2.071789e+01,2.065513e+01,2.073879e+01,2.072486e+01,2.072486e+01,2.056442e+01,2.057838e+01,2.069000e+01,2.064816e+01,2.070394e+01,2.060629e+01,2.059932e+01,2.057140e+01,2.062723e+01,2.071789e+01,2.074576e+01,2.069697e+01,2.062723e+01,2.065513e+01,2.059932e+01,2.060629e+01,2.055743e+01,2.064816e+01,2.055743e+01,2.060629e+01,2.063420e+01,2.072486e+01,2.056442e+01,2.059932e+01,2.061327e+01,2.062723e+01,2.067605e+01,2.066211e+01,2.069000e+01,2.061327e+01,2.070394e+01,2.074576e+01,2.065513e+01,2.067605e+01,2.066211e+01,2.064816e+01,2.078060e+01,2.055743e+01,2.058536e+01,2.073182e+01,2.068303e+01,2.069000e+01,2.065513e+01,2.066908e+01,2.071091e+01,2.062723e+01,2.077363e+01,2.048759e+01,2.078757e+01,2.110748e+01,2.123933e+01,2.125320e+01,2.144024e+01,2.132252e+01,2.127400e+01,2.126707e+01,2.119078e+01,2.121852e+01,2.119078e+01,2.124627e+01,2.123240e+01,2.109360e+01,2.116996e+01,2.123933e+01,2.132252e+01,2.129479e+01,2.128093e+01,2.114220e+01,2.130173e+01,2.120465e+01,2.123933e+01,2.135023e+01,2.135715e+01,2.132944e+01,2.122546e+01,2.122546e+01,2.119771e+01,2.128093e+01,2.127400e+01,2.127400e+01,2.126707e+01,2.123933e+01,2.136408e+01,2.144024e+01,2.119771e+01,2.152326e+01,2.156474e+01,2.145408e+01,2.164075e+01,2.162694e+01,2.162003e+01,2.160621e+01,2.130173e+01,2.135023e+01,2.130865e+01,2.125320e+01,2.132252e+01,2.132944e+01,2.132252e+01,2.130865e+01,2.141948e+01,2.128786e+01,2.108665e+01,2.115608e+01,2.116996e+01,2.127400e+01,2.130173e+01,2.115608e+01,2.103802e+01,2.128093e+01,2.112831e+01,2.114914e+01,2.119771e+01,2.113526e+01,2.116302e+01,2.115608e+01,2.114220e+01,2.123240e+01,2.121852e+01,2.123240e+01,2.116302e+01,2.121852e+01,2.109360e+01,2.116996e+01,2.110748e+01,2.114220e+01,2.119771e+01,2.103802e+01,2.110054e+01,2.112137e+01,2.105887e+01,2.112831e+01,2.110054e+01,2.105192e+01,2.116302e+01,2.110054e+01,2.119771e+01,2.119078e+01,2.120465e+01,2.113526e+01,2.096852e+01,2.121159e+01,2.114914e+01,2.116996e+01,2.113526e+01,2.118384e+01,2.125320e+01,2.125320e+01,2.110054e+01,2.110054e+01,2.130173e+01,2.125320e+01,2.111443e+01,2.123240e+01,2.112831e+01,2.125320e+01,2.116302e+01,2.115608e+01,2.080150e+01,2.087112e+01,2.112831e+01,2.107971e+01,2.091983e+01,2.087112e+01,2.082239e+01,2.058536e+01,2.083632e+01,2.062025e+01,2.061327e+01,2.059932e+01,2.071789e+01,2.060629e+01,2.067605e+01,2.061327e+01,2.069000e+01,2.063420e+01,2.064816e+01,2.064118e+01,2.064816e+01,2.064118e+01,2.070394e+01,2.054347e+01,2.066211e+01,2.069697e+01,2.064816e+01,2.052252e+01,2.083632e+01,2.073879e+01,2.053649e+01,2.060629e+01,2.062723e+01,2.064816e+01,2.062723e+01,2.057140e+01,2.059932e+01,2.076667e+01,2.059234e+01,2.061327e+01,2.057838e+01,2.063420e+01,2.071789e+01,2.059234e+01,2.049458e+01,2.062723e+01,2.073182e+01,2.071091e+01,2.064118e+01,2.063420e+01,2.071789e+01,2.061327e+01,2.064118e+01,2.063420e+01,2.079453e+01,2.063420e+01,2.064816e+01,2.062723e+01,2.059932e+01,2.068303e+01,2.071091e+01,2.061327e+01,2.059932e+01,2.066211e+01,2.061327e+01,2.066211e+01,2.064816e+01,2.052950e+01,2.070394e+01,2.051554e+01,2.063420e+01,2.062723e+01,2.062025e+01,2.037575e+01,2.063420e+01,2.064816e+01,2.062025e+01,2.067605e+01,2.067605e+01,2.059932e+01,2.071091e+01,2.065513e+01,2.059932e+01,2.069697e+01,2.055045e+01,2.069697e+01,2.053649e+01,2.072486e+01,2.065513e+01,2.064118e+01,2.048759e+01,2.049458e+01,2.055045e+01,2.072486e+01,2.064118e+01,2.069697e+01,2.066908e+01,2.064816e+01,2.058536e+01,2.059932e+01,2.054347e+01,2.060629e+01,2.062723e+01,2.064816e+01,2.066211e+01,2.066908e+01,2.061327e+01,2.062723e+01,2.071091e+01,2.064118e+01,2.062723e+01,2.057838e+01,2.069697e+01,2.057140e+01
2.060629e+01,2.066211e+01,2.057140e+01,2.062723e+01,2.059932e+01,2.059932e+01,2.050157e+01,2.052950e+01,2.050855e+01,2.050855e+01,2.051554e+01,2.048759e+01,2.041770e+01,2.057140e+01,2.040372e+01,2.046663e+01,2.032678e+01,2.034777e+01,2.032678e+01,2.035476e+01,2.027078e+01,2.028478e+01,2.015168e+01,2.022876e+01,2.027778e+01,2.025677e+01,2.027078e+01,2.035476e+01,2.023577e+01,2.030578e+01,2.017271e+01,2.012364e+01,2.018673e+01,2.015869e+01,2.018673e+01,2.010260e+01,2.014467e+01,2.008857e+01,2.021475e+01,2.015168e+01,2.021475e+01,2.033377e+01,2.018673e+01,2.030578e+01,2.028478e+01,2.034077e+01,2.030578e+01,2.029178e+01,2.031978e+01,2.033377e+01,2.042470e+01,2.057140e+01,2.089896e+01,2.081543e+01,2.048061e+01,2.048061e+01,2.064816e+01,2.107971e+01,2.087112e+01,2.064816e+01,2.031278e+01,2.036176e+01,2.039673e+01,2.038974e+01,2.035476e+01,2.043868e+01,2.050157e+01,2.045964e+01,2.039673e+01,2.039673e+01,2.036875e+01,2.045266e+01,2.040372e+01,2.044567e+01,2.046663e+01,2.049458e+01,2.051554e+01,2.045266e+01,2.052950e+01,2.056442e+01,2.043868e+01,2.052950e+01,2.060629e+01,2.062723e+01,2.064816e+01,2.064816e+01,2.065513e+01,2.065513e+01,2.050855e+01,2.048759e+01,2.066908e+01,2.062723e+01,2.066211e+01,2.062025e+01,2.066908e+01,2.064816e+01,2.075970e+01,2.078060e+01,2.078757e+01,2.069697e+01,2.073182e+01,2.066908e+01,2.069697e+01,2.069000e+01,2.080150e+01,2.069000e+01,2.064816e+01,2.068303e+01,2.066908e+01,2.075273e+01,2.077363e+01,2.092679e+01,2.066211e+01,2.077363e+01,2.078060e+01,2.082239e+01,2.066908e+01,2.071091e+01,2.062025e+01,2.065513e+01,2.065513e+01,2.063420e+01,2.081543e+01,2.082239e+01,2.103802e+01,2.119078e+01,2.090592e+01,2.075970e+01,2.078060e+01,2.066211e+01,2.059932e+01,2.062025e+01,2.062025e+01,2.071091e+01,2.064118e+01,2.064118e+01,2.057140e+01,2.062025e+01,2.059234e+01,2.050157e+01,2.060629e+01,2.075970e+01,2.057140e+01,2.054347e+01,2.066211e+01,2.072486e+01,2.058536e+01,2.057838e+01,2.077363e+01,2.059234e+01,2.059234e+01,2.058536e+01,2.062025e+01,2.071091e+01,2.059234e+01,2.071091e+01,2.073182e+01,2.079453e+01,2.056442e+01,2.058536e+01,2.065513e+01,2.079453e+01,2.061327e+01,2.062723e+01,2.064816e+01,2.071789e+01,2.064118e+01,2.063420e+01,2.068303e+01,2.066908e+01,2.066908e+01,2.059932e+01,2.063420e+01,2.063420e+01,2.065513e+01,2.064816e+01,2.064118e+01,2.067605e+01,2.075970e+01,2.058536e+01,2.069000e+01,2.063420e+01,2.066211e+01,2.066908e+01,2.064816e+01,2.062025e+01,2.059234e+01,2.061327e+01,2.064816e+01,2.064816e+01,2.069697e+01,2.052950e+01,2.067605e+01,2.070394e+01,2.052950e+01,2.052950e+01,2.042470e+01,2.054347e+01,2.075273e+01,2.055743e+01,2.074576e+01,2.059932e+01,2.073182e+01,2.061327e+01,2.071789e+01,2.073879e+01,2.059932e+01,2.059932e+01,2.060629e+01,2.064118e+01,2.064816e+01,2.059234e+01,2.064816e+01,2.065513e+01,2.062723e+01,2.075970e+01,2.060629e+01,2.059932e+01,2.056442e+01,2.055743e+01,2.060629e+01,2.064816e+01,2.061327e+01,2.060629e+01,2.059234e+01,2.055743e+01,2.056442e+01,2.051554e+01,2.060629e+01,2.066908e+01,2.062723e+01,2.064118e+01,2.061327e+01,2.059234e+01,2.068303e+01,2.056442e+01,2.064118e+01,2.064816e+01,2.065513e+01,2.061327e+01,2.069000e+01,2.060629e+01,2.072486e+01,2.054347e+01,2.053649e+01,2.066211e+01,2.057838e+01,2.062025e+01,2.062723e+01,2.058536e+01,2.058536e+01,2.060629e+01,2.050157e+01,2.062025e+01,2.073182e+01,2.076667e+01,2.098937e+01,2.091287e+01,2.097547e+01,2.103802e+01,2.090592e+01,2.089896e+01,2.078757e+01,2.059234e+01,2.059234e+01,2.058536e+01,2.056442e+01,2.037575e+01,2.052950e+01,2.055743e+01,2.052252e+01,2.048061e+01,2.046663e+01,2.055045e+01,2.045964e+01,2.044567e+01,2.045964e+01,2.042470e+01,2.042470e+01,2.032678e+01,2.034777e+01,2.027778e+01,1.976540e+01,1.950469e+01,1.953291e+01,1.941999e+01,1.899541e+01,1.893157e+01,1.899541e+01,1.891738e+01,1.904504e+01,1.904504e+01,1.903795e+01,1.910173e+01,1.908756e+01,1.908047e+01,1.911590e+01,1.908047e+01,1.907339e+01,1.916546e+01,1.908756e+01,1.911590e+01,1.895995e+01,1.893157e+01,1.910173e+01,1.910173e+01,1.904504e+01,1.899541e+01,1.894576e+01,1.905213e+01,1.898123e+01,1.915130e+01,1.909464e+01,1.903087e+01,1.902378e+01,1.902378e+01,1.912298e+01,1.914422e+01,1.905213e+01,1.897414e+01,1.905213e+01,1.929988e+01,1.925745e+01,1.917254e+01,1.925038e+01,1.936349e+01,1.952586e+01,1.957522e+01,1.985683e+01,2.028478e+01,2.029178e+01,2.057838e+01,2.052950e+01,2.069000e+01,2.073879e+01,2.058536e+01,2.076667e+01,2.082239e+01,2.080150e+01,2.084328e+01,2.066211e+01,2.077363e+01,2.062025e+01,2.066211e+01,2.071091e+01,2.063420e+01,2.053649e+01,2.073879e+01,2.071091e+01,2.073879e+01,2.064118e+01,2.061327e+01,2.067605e+01,2.062723e+01,2.069000e+01,2.061327e+01,2.064816e+01,2.066211e+01,2.077363e+01,2.062723e+01,2.059234e+01,2.058536e+01,2.068303e+01,2.069000e+01,2.055743e+01,2.070394e+01,2.071091e+01,2.063420e+01,2.059932e+01,2.064118e+01,2.061327e+01,2.064118e+01,2.062723e+01,2.064816e+01,2.066908e+01,2.066211e+01,2.065513e+01,2.069697e+01,2.066908e+01,2.069000e+01,2.065513e+01,2.066908e+01,2.062723e+01,2.059234e+01,2.052950e+01,2.064118e+01,2.068303e+01,2.080846e+01,2.066908e+01,2.067605e+01,2.063420e+01,2.048061e+01,2.069697e+01,2.062025e+01,2.065513e+01,2.052950e+01,2.062723e+01,2.059234e+01,2.078060e+01,2.067605e+01,2.069697e+01,2.070394e+01,2.070394e+01,2.069000e+01,2.066908e+01,2.074576e+01,2.059932e+01,2.069000e+01,2.070394e+01,2.062723e+01,2.071091e+01,2.062025e+01,2.067605e+01,2.071091e+01,2.083632e+01,2.078060e+01,2.075970e+01,2.121159e+01,2.123240e+01,2.116996e+01,2.122546e+01,2.124627e+01,2.123933e+01,2.128093e+01,2.128786e+01,2.129479e+01,2.123240e+01,2.122546e+01,2.118384e+01,2.129479e+01,2.120465e+01,2.122546e+01,2.129479e+01,2.128786e+01,2.119771e+01,2.130173e+01,2.112831e+01,2.128093e+01,2.130173e+01,2.123933e+01,2.116996e+01,2.126707e+01,2.127400e+01,2.130173e+01,2.132944e+01,2.127400e+01,2.123240e+01,2.123933e+01,2.126013e+01,2.129479e+01,2.144716e+01,2.131559e+01,2.136408e+01,2.145408e+01,2.141255e+01,2.143332e+01,2.156474e+01,2.159239e+01,2.166147e+01,2.152326e+01,2.143332e+01,2.137793e+01,2.133637e+01,2.149559e+01,2.134330e+01,2.138486e+01,2.128786e+01,2.132252e+01,2.131559e+01,2.126013e+01,2.115608e+01,2.128093e+01,2.123240e+01,2.124627e+01,2.118384e+01,2.124627e+01,2.128093e+01,2.116996e+01,2.126707e+01,2.118384e+01,2.114914e+01,2.114220e+01,2.115608e+01,2.119078e+01,2.109360e+01,2.119078e+01,2.116302e+01,2.123933e+01,2.112137e+01,2.123933e+01,2.122546e+01,2.118384e+01,2.131559e+01,2.112137e+01,2.116996e+01,2.119078e+01,2.113526e+01,2.112137e+01,2.132944e+01,2.126013e+01,2.105887e+01,2.112831e+01,2.100327e+01,2.111443e+01,2.107276e+01,2.102413e+01,2.118384e+01,2.119771e+01,2.098937e+01,2.119771e+01,2.115608e+01,2.116996e+01,2.123933e+01,2.121159e+01,2.119771e+01,2.115608e+01,2.124627e+01,2.112137e+01,2.128093e+01,2.123933e+01,2.114220e+01,2.126707e+01,2.126013e+01,2.107971e+01,2.110748e+01,2.098937e+01,2.105192e+01,2.085720e+01,2.098937e+01,2.103802e+01,2.096156e+01,2.077363e+01,2.058536e+01,2.058536e+01,2.060629e+01,2.062723e+01,2.076667e+01,2.062723e+01,2.062723e+01,2.064118e+01,2.070394e+01,2.071789e+01,2.069000e+01,2.070394e+01,2.067605e+01,2.065513e+01,2.064816e+01,2.085024e+01,2.066211e+01,2.058536e+01,2.059234e+01,2.057838e+01,2.055743e+01,2.059932e+01,2.059932e+01,2.052252e+01,2.051554e+01,2.057140e+01,2.056442e+01,2.073182e+01,2.074576e+01,2.059932e+01,2.062025e+01,2.059932e+01,2.063420e+01,2.059234e+01,2.064118e+01,2.066211e+01,2.080846e+01,2.060629e+01,2.075970e+01,2.071091e+01,2.071091e+01,2.071789e+01,2.056442e+01,2.066908e+01,2.066211e+01,2.062025e+01,2.068303e+01,2.080846e+01,2.062025e+01,2.065513e+01,2.061327e+01,2.065513e+01,2.075273e+01,2.064118e+01,2.066211e+01,2.057838e+01,2.068303e+01,2.061327e+01,2.060629e+01,2.057838e+01,2.059932e+01,2.054347e+01,2.055045e+01,2.094765e+01,2.057838e+01,2.062025e+01,2.036176e+01,2.057838e+01,2.067605e+01,2.061327e+01,2.066908e+01,2.052950e+01,2.068303e+01,2.051554e+01,2.059234e+01,2.065513e+01,2.055743e+01,2.057838e+01,2.056442e+01,2.065513e+01,2.071789e+01,2.054347e+01,2.045964e+01,2.059234e+01,2.066908e+01,2.066908e+01,2.059234e+01,2.061327e+01,2.064816e+01,2.056442e+01,2.048759e+01,2.062025e+01,2.062025e+01,2.061327e+01,2.059932e+01,2.073182e+01,2.058536e+01,2.073182e+01,2.057838e+01,2.064118e+01,2.055743e+01,2.054347e+01,2.061327e+01,2.071789e+01,2.060629e+01,2.058536e+01,2.059932e+01,2.064118e+01
2.080150e+01,2.056442e+01,2.061327e+01,2.057838e+01,2.035476e+01,2.060629e+01,2.057838e+01,2.052252e+01,2.062025e+01,2.052252e+01,2.056442e+01,2.061327e+01,2.050855e+01,2.052252e+01,2.041071e+01,2.058536e+01,2.040372e+01,2.048061e+01,2.051554e+01,2.052252e+01,2.045266e+01,2.027778e+01,2.025677e+01,2.031278e+01,2.034777e+01,2.027078e+01,2.031978e+01,2.032678e+01,2.037575e+01,2.023577e+01,2.038274e+01,2.022876e+01,2.019373e+01,2.035476e+01,2.021475e+01,2.020074e+01,2.020774e+01,2.020074e+01,2.022876e+01,2.017271e+01,2.022176e+01,2.034777e+01,2.030578e+01,2.025677e+01,2.038974e+01,2.049458e+01,2.029178e+01,2.031978e+01,2.020074e+01,2.034777e+01,2.080846e+01,2.082239e+01,2.094765e+01,2.079453e+01,2.046663e+01,2.046663e+01,2.080150e+01,2.094070e+01,2.064816e+01,2.043169e+01,2.035476e+01,2.031978e+01,2.041770e+01,2.034077e+01,2.038974e+01,2.027078e+01,2.059932e+01,2.038274e+01,2.043169e+01,2.037575e+01,2.051554e+01,2.041770e+01,2.036176e+01,2.050157e+01,2.046663e+01,2.049458e+01,2.052252e+01,2.054347e+01,2.054347e+01,2.055743e+01,2.041770e+01,2.057838e+01,2.059932e+01,2.046663e+01,2.063420e+01,2.062025e+01,2.062723e+01,2.050855e+01,2.064816e+01,2.062723e+01,2.071091e+01,2.055045e+01,2.058536e+01,2.062723e+01,2.059234e+01,2.083632e+01,2.050157e+01,2.075273e+01,2.052252e+01,2.074576e+01,2.075970e+01,2.075273e+01,2.073182e+01,2.069000e+01,2.068303e+01,2.069000e+01,2.069000e+01,2.063420e+01,2.064816e+01,2.072486e+01,2.075273e+01,2.068303e+01,2.069000e+01,2.071091e+01,2.076667e+01,2.064816e+01,2.078060e+01,2.079453e+01,2.079453e+01,2.065513e+01,2.064816e+01,2.062025e+01,2.073879e+01,2.078060e+01,2.117690e+01,2.116996e+01,2.085720e+01,2.080846e+01,2.068303e+01,2.069000e+01,2.082239e+01,2.071091e+01,2.061327e+01,2.066211e+01,2.064816e+01,2.057838e+01,2.054347e+01,2.070394e+01,2.064118e+01,2.075273e+01,2.062723e+01,2.062723e+01,2.064118e+01,2.052252e+01,2.065513e+01,2.060629e+01,2.060629e+01,2.059932e+01,2.069000e+01,2.062723e+01,2.054347e+01,2.058536e+01,2.059234e+01,2.062723e+01,2.061327e+01,2.062723e+01,2.059234e+01,2.064118e+01,2.058536e+01,2.062025e+01,2.059932e+01,2.058536e+01,2.057140e+01,2.059234e+01,2.065513e+01,2.069697e+01,2.059932e+01,2.062723e+01,2.063420e+01,2.054347e+01,2.054347e+01,2.069000e+01,2.066211e+01,2.062025e+01,2.061327e+01,2.061327e+01,2.057140e+01,2.059932e+01,2.057140e+01,2.062723e+01,2.069697e+01,2.066211e+01,2.063420e+01,2.054347e+01,2.057838e+01,2.049458e+01,2.050157e+01,2.064816e+01,2.059234e+01,2.055743e+01,2.055743e+01,2.064816e+01,2.055045e+01,2.060629e+01,2.055045e+01,2.059932e+01,2.041071e+01,2.071789e+01,2.056442e+01,2.053649e+01,2.071091e+01,2.057140e+01,2.071789e+01,2.057140e+01,2.056442e+01,2.055045e+01,2.057140e+01,2.070394e+01,2.059234e+01,2.060629e+01,2.064118e+01,2.071091e+01,2.057838e+01,2.065513e+01,2.066908e+01,2.063420e+01,2.064118e+01,2.069000e+01,2.066211e+01,2.062025e+01,2.068303e+01,2.071789e+01,2.058536e+01,2.062025e+01,2.058536e+01,2.059932e+01,2.071789e+01,2.071789e+01,2.070394e+01,2.069697e+01,2.067605e+01,2.055045e+01,2.066908e+01,2.059234e+01,2.063420e+01,2.068303e+01,2.055743e+01,2.063420e+01,2.066211e+01,2.064118e+01,2.066211e+01,2.058536e+01,2.059932e+01,2.057140e+01,2.053649e+01,2.059932e+01,2.055045e+01,2.064816e+01,2.056442e+01,2.074576e+01,2.056442e+01,2.056442e+01,2.061327e+01,2.071789e+01,2.081543e+01,2.087808e+01,2.090592e+01,2.090592e+01,2.091983e+01,2.091287e+01,2.090592e+01,2.108665e+01,2.069000e+01,2.066211e+01,2.055743e+01,2.059932e+01,2.059932e+01,2.052950e+01,2.049458e+01,2.054347e+01,2.050855e+01,2.051554e+01,2.049458e+01,2.047362e+01,2.054347e+01,2.045266e+01,2.044567e+01,2.043169e+01,2.040372e+01,2.036875e+01,2.034777e+01,2.012364e+01,1.973021e+01,1.951175e+01,1.939881e+01,1.925745e+01,1.906630e+01,1.898832e+01,1.898123e+01,1.902378e+01,1.899541e+01,1.900251e+01,1.894576e+01,1.895995e+01,1.909464e+01,1.913714e+01,1.903795e+01,1.908756e+01,1.899541e+01,1.911590e+01,1.902378e+01,1.907339e+01,1.910173e+01,1.911590e+01,1.900960e+01,1.905213e+01,1.908047e+01,1.898832e+01,1.913714e+01,1.901669e+01,1.903795e+01,1.919378e+01,1.915130e+01,1.915130e+01,1.917254e+01,1.910173e+01,1.911590e+01,1.910173e+01,1.913714e+01,1.911590e+01,1.912298e+01,1.917962e+01,1.915838e+01,1.927867e+01,1.939174e+01,1.934936e+01,1.939174e+01,1.967388e+01,1.978650e+01,2.003244e+01,2.028478e+01,2.057838e+01,2.050855e+01,2.057838e+01,2.080846e+01,2.078060e+01,2.070394e+01,2.078757e+01,2.088504e+01,2.075970e+01,2.065513e+01,2.071091e+01,2.061327e+01,2.055743e+01,2.068303e+01,2.069000e+01,2.069000e+01,2.065513e+01,2.059932e+01,2.074576e+01,2.067605e+01,2.077363e+01,2.064118e+01,2.064816e+01,2.075970e+01,2.056442e+01,2.067605e+01,2.064118e+01,2.075970e+01,2.062025e+01,2.075273e+01,2.062723e+01,2.075273e+01,2.069697e+01,2.075273e+01,2.066908e+01,2.071789e+01,2.067605e+01,2.065513e+01,2.071091e+01,2.072486e+01,2.072486e+01,2.066908e+01,2.066211e+01,2.064816e+01,2.071091e+01,2.058536e+01,2.072486e+01,2.073879e+01,2.061327e+01,2.059234e+01,2.061327e+01,2.065513e+01,2.063420e+01,2.042470e+01,2.059234e+01,2.063420e+01,2.077363e+01,2.066211e+01,2.063420e+01,2.050157e+01,2.070394e+01,2.071789e+01,2.066211e+01,2.065513e+01,2.051554e+01,2.056442e+01,2.060629e+01,2.071091e+01,2.057838e+01,2.073182e+01,2.059234e+01,2.071789e+01,2.073182e+01,2.062025e+01,2.064816e+01,2.071091e+01,2.065513e+01,2.066908e+01,2.056442e+01,2.059932e+01,2.066211e+01,2.071789e+01,2.052950e+01,2.070394e+01,2.064816e+01,2.073182e+01,2.104497e+01,2.107971e+01,2.126707e+01,2.124627e+01,2.122546e+01,2.118384e+01,2.112137e+01,2.122546e+01,2.132944e+01,2.129479e+01,2.118384e+01,2.115608e+01,2.122546e+01,2.118384e+01,2.126013e+01,2.121852e+01,2.114220e+01,2.128786e+01,2.116302e+01,2.114914e+01,2.130173e+01,2.121852e+01,2.134330e+01,2.134330e+01,2.126707e+01,2.130865e+01,2.131559e+01,2.123933e+01,2.130865e+01,2.137101e+01,2.123933e+01,2.133637e+01,2.135715e+01,2.137101e+01,2.132252e+01,2.144024e+01,2.141948e+01,2.144716e+01,2.148176e+01,2.162694e+01,2.168909e+01,2.145408e+01,2.141255e+01,2.145408e+01,2.135023e+01,2.127400e+01,2.130865e+01,2.129479e+01,2.131559e+01,2.124627e+01,2.115608e+01,2.128786e+01,2.123933e+01,2.122546e+01,2.108665e+01,2.111443e+01,2.126707e+01,2.114220e+01,2.115608e+01,2.122546e+01,2.128786e+01,2.119078e+01,2.117690e+01,2.117690e+01,2.116302e+01,2.116302e+01,2.116302e+01,2.118384e+01,2.118384e+01,2.116302e+01,2.118384e+01,2.121852e+01,2.123240e+01,2.119771e+01,2.117690e+01,2.114914e+01,2.116302e+01,2.105192e+01,2.119078e+01,2.119078e+01,2.116996e+01,2.105192e+01,2.102413e+01,2.104497e+01,2.112831e+01,2.101023e+01,2.105192e+01,2.124627e+01,2.122546e+01,2.112137e+01,2.117690e+01,2.115608e+01,2.119771e+01,2.114220e+01,2.121159e+01,2.121159e+01,2.102413e+01,2.112137e+01,2.115608e+01,2.128093e+01,2.114220e+01,2.109360e+01,2.114914e+01,2.105192e+01,2.126013e+01,2.127400e+01,2.109360e+01,2.114914e+01,2.108665e+01,2.103802e+01,2.099632e+01,2.091983e+01,2.110748e+01,2.110748e+01,2.096852e+01,2.087112e+01,2.057838e+01,2.078060e+01,2.077363e+01,2.043868e+01,2.063420e+01,2.061327e+01,2.064118e+01,2.052950e+01,2.050157e+01,2.055743e+01,2.055743e+01,2.064816e+01,2.063420e+01,2.067605e+01,2.060629e+01,2.055743e+01,2.058536e+01,2.071789e+01,2.057140e+01,2.062025e+01,2.051554e+01,2.049458e+01,2.061327e+01,2.061327e+01,2.056442e+01,2.074576e+01,2.059234e+01,2.060629e+01,2.059932e+01,2.063420e+01,2.066211e+01,2.060629e+01,2.054347e+01,2.061327e+01,2.070394e+01,2.068303e+01,2.065513e+01,2.062723e+01,2.077363e+01,2.089200e+01,2.072486e+01,2.066211e+01,2.066211e+01,2.073182e+01,2.063420e+01,2.061327e+01,2.076667e+01,2.065513e+01,2.065513e+01,2.062723e+01,2.076667e+01,2.070394e+01,2.061327e+01,2.062723e+01,2.062723e+01,2.087808e+01,2.048061e+01,2.066908e+01,2.043868e+01,2.064118e+01,2.053649e+01,2.050855e+01,2.059932e+01,2.067605e+01,2.057140e+01,2.059932e+01,2.036176e+01,2.060629e+01,2.050157e+01,2.062723e+01,2.069697e+01,2.049458e+01,2.065513e+01,2.055045e+01,2.073182e+01,2.058536e+01,2.066211e+01,2.069697e+01,2.064118e+01,2.062025e+01,2.064118e+01,2.056442e+01,2.035476e+01,2.050157e+01,2.060629e+01,2.055045e+01,2.059932e+01,2.067605e+01,2.064118e+01,2.066211e+01,2.062723e+01,2.066211e+01,2.057838e+01,2.052252e+01,2.066211e+01,2.075970e+01,2.064118e+01,2.055045e+01,2.053649e+01,2.062025e+01,2.060629e+01,2.059234e+01,2.062025e+01,2.066211e+01,2.055743e+01,2.054347e+01,2.053649e+01
2.055743e+01,2.056442e+01,2.056442e+01,2.057838e+01,2.064118e+01,2.052950e+01,2.056442e+01,2.053649e+01,2.033377e+01,2.059932e+01,2.064118e+01,2.048759e+01,2.067605e+01,2.042470e+01,2.053649e+01,2.057838e+01,2.046663e+01,2.036176e+01,2.030578e+01,2.043868e+01,2.026378e+01,2.045266e+01,2.029878e+01,2.029178e+01,2.028478e+01,2.028478e+01,2.025677e+01,2.036176e+01,2.030578e+01,2.041770e+01,2.022176e+01,2.015168e+01,2.037575e+01,2.035476e+01,2.021475e+01,2.019373e+01,2.022876e+01,2.023577e+01,2.024977e+01,2.020074e+01,2.016570e+01,2.034077e+01,2.022876e+01,2.029178e+01,2.045266e+01,2.043868e+01,2.030578e+01,2.046663e+01,2.036176e+01,2.041770e+01,2.041770e+01,2.080846e+01,2.106581e+01,2.046663e+01,2.039673e+01,2.059932e+01,2.089896e+01,2.088504e+01,2.062723e+01,2.015168e+01,2.031278e+01,2.049458e+01,2.029178e+01,2.024977e+01,2.034077e+01,2.038974e+01,2.036176e+01,2.050855e+01,2.052252e+01,2.040372e+01,2.028478e+01,2.038974e+01,2.036875e+01,2.047362e+01,2.048061e+01,2.047362e+01,2.052950e+01,2.048061e+01,2.038974e+01,2.050855e+01,2.059234e+01,2.057838e+01,2.057838e+01,2.057140e+01,2.047362e+01,2.053649e+01,2.059932e+01,2.058536e+01,2.062723e+01,2.068303e+01,2.057838e+01,2.071091e+01,2.069000e+01,2.058536e+01,2.057140e+01,2.066908e+01,2.050157e+01,2.075273e+01,2.064118e+01,2.075273e+01,2.076667e+01,2.073879e+01,2.069697e+01,2.075970e+01,2.064816e+01,2.064816e+01,2.067605e+01,2.071091e+01,2.055045e+01,2.069000e+01,2.069000e+01,2.069000e+01,2.063420e+01,2.070394e+01,2.073182e+01,2.071789e+01,2.069000e+01,2.078060e+01,2.066908e+01,2.076667e+01,2.076667e+01,2.078060e+01,2.066211e+01,2.089200e+01,2.113526e+01,2.115608e+01,2.106581e+01,2.085024e+01,2.079453e+01,2.062025e+01,2.069697e+01,2.073182e+01,2.060629e+01,2.075273e+01,2.062025e+01,2.079453e+01,2.069697e+01,2.049458e+01,2.062723e+01,2.061327e+01,2.073879e+01,2.065513e+01,2.074576e+01,2.063420e+01,2.053649e+01,2.057140e+01,2.062723e+01,2.060629e+01,2.057140e+01,2.064816e+01,2.050157e+01,2.069000e+01,2.053649e+01,2.057140e+01,2.060629e+01,2.070394e+01,2.057838e+01,2.059234e+01,2.061327e+01,2.063420e+01,2.059932e+01,2.062723e+01,2.063420e+01,2.064118e+01,2.067605e+01,2.054347e+01,2.057140e+01,2.051554e+01,2.058536e+01,2.066211e+01,2.057838e+01,2.060629e+01,2.068303e+01,2.075273e+01,2.063420e+01,2.066211e+01,2.057838e+01,2.057838e+01,2.073879e+01,2.065513e+01,2.071789e+01,2.060629e+01,2.066211e+01,2.057838e+01,2.052950e+01,2.067605e+01,2.066211e+01,2.058536e+01,2.058536e+01,2.057140e+01,2.066908e+01,2.055743e+01,2.055743e+01,2.051554e+01,2.048759e+01,2.065513e+01,2.060629e+01,2.067605e+01,2.073879e+01,2.060629e+01,2.069697e+01,2.064118e+01,2.065513e+01,2.060629e+01,2.058536e+01,2.064816e+01,2.061327e+01,2.053649e+01,2.057140e+01,2.055045e+01,2.066211e+01,2.066908e+01,2.062723e+01,2.064816e+01,2.064118e+01,2.050855e+01,2.050855e+01,2.062025e+01,2.066908e+01,2.069000e+01,2.063420e+01,2.068303e+01,2.061327e+01,2.064816e+01,2.058536e+01,2.057140e+01,2.064816e+01,2.053649e+01,2.050157e+01,2.069697e+01,2.053649e+01,2.057838e+01,2.065513e+01,2.055743e+01,2.050157e+01,2.064118e+01,2.066908e+01,2.069697e+01,2.062025e+01,2.056442e+01,2.062025e+01,2.062025e+01,2.065513e+01,2.059932e+01,2.052950e+01,2.054347e+01,2.058536e+01,2.057838e+01,2.058536e+01,2.060629e+01,2.052950e+01,2.056442e+01,2.059234e+01,2.062723e+01,2.088504e+01,2.098242e+01,2.094765e+01,2.093374e+01,2.090592e+01,2.089896e+01,2.094070e+01,2.090592e+01,2.070394e+01,2.071789e+01,2.035476e+01,2.057140e+01,2.054347e+01,2.054347e+01,2.048759e+01,2.043868e+01,2.050855e+01,2.043868e+01,2.050855e+01,2.051554e+01,2.050157e+01,2.052252e+01,2.034077e+01,2.043868e+01,2.041770e+01,2.051554e+01,2.024277e+01,2.010961e+01,1.962456e+01,1.965274e+01,1.940587e+01,1.910881e+01,1.915130e+01,1.913714e+01,1.918670e+01,1.904504e+01,1.903795e+01,1.903087e+01,1.897414e+01,1.908047e+01,1.905213e+01,1.900251e+01,1.900960e+01,1.905922e+01,1.896704e+01,1.902378e+01,1.902378e+01,1.900251e+01,1.893867e+01,1.900960e+01,1.903795e+01,1.913006e+01,1.904504e+01,1.914422e+01,1.905213e+01,1.905922e+01,1.922208e+01,1.917962e+01,1.917254e+01,1.918670e+01,1.910173e+01,1.911590e+01,1.905213e+01,1.905922e+01,1.915130e+01,1.917254e+01,1.910173e+01,1.911590e+01,1.913714e+01,1.914422e+01,1.941999e+01,1.935642e+01,1.957522e+01,1.959637e+01,1.975132e+01,2.020074e+01,2.059234e+01,2.036875e+01,2.053649e+01,2.071091e+01,2.078757e+01,2.075273e+01,2.078060e+01,2.087808e+01,2.073182e+01,2.087808e+01,2.080150e+01,2.065513e+01,2.070394e+01,2.067605e+01,2.071091e+01,2.063420e+01,2.070394e+01,2.054347e+01,2.058536e+01,2.063420e+01,2.066211e+01,2.069697e+01,2.075273e+01,2.078757e+01,2.060629e+01,2.066211e+01,2.069697e+01,2.081543e+01,2.068303e+01,2.062025e+01,2.071789e+01,2.058536e+01,2.080846e+01,2.080846e+01,2.053649e+01,2.070394e+01,2.066908e+01,2.073879e+01,2.053649e+01,2.066908e+01,2.066211e+01,2.068303e+01,2.079453e+01,2.067605e+01,2.067605e+01,2.066908e+01,2.070394e+01,2.058536e+01,2.068303e+01,2.066908e+01,2.058536e+01,2.065513e+01,2.064816e+01,2.064816e+01,2.063420e+01,2.065513e+01,2.064816e+01,2.069697e+01,2.072486e+01,2.072486e+01,2.066211e+01,2.071789e+01,2.067605e+01,2.069000e+01,2.067605e+01,2.061327e+01,2.066908e+01,2.059932e+01,2.059234e+01,2.062723e+01,2.066211e+01,2.060629e+01,2.059234e+01,2.069697e+01,2.069000e+01,2.058536e+01,2.053649e+01,2.064118e+01,2.066211e+01,2.067605e+01,2.055045e+01,2.065513e+01,2.060629e+01,2.062723e+01,2.073182e+01,2.071091e+01,2.069697e+01,2.085720e+01,2.114220e+01,2.127400e+01,2.111443e+01,2.122546e+01,2.114914e+01,2.120465e+01,2.116302e+01,2.118384e+01,2.126013e+01,2.117690e+01,2.115608e+01,2.132252e+01,2.122546e+01,2.130173e+01,2.120465e+01,2.116302e+01,2.128786e+01,2.128786e+01,2.128786e+01,2.121159e+01,2.135023e+01,2.119078e+01,2.129479e+01,2.118384e+01,2.128786e+01,2.128093e+01,2.137101e+01,2.121159e+01,2.146100e+01,2.122546e+01,2.137793e+01,2.118384e+01,2.138486e+01,2.141948e+01,2.136408e+01,2.139178e+01,2.141255e+01,2.155783e+01,2.161312e+01,2.153709e+01,2.147484e+01,2.146100e+01,2.157166e+01,2.132252e+01,2.132944e+01,2.123240e+01,2.123933e+01,2.132944e+01,2.136408e+01,2.126013e+01,2.128093e+01,2.135023e+01,2.111443e+01,2.118384e+01,2.122546e+01,2.121852e+01,2.120465e+01,2.141948e+01,2.127400e+01,2.112137e+01,2.111443e+01,2.126707e+01,2.118384e+01,2.121159e+01,2.119771e+01,2.118384e+01,2.121852e+01,2.122546e+01,2.124627e+01,2.112137e+01,2.116996e+01,2.121852e+01,2.112137e+01,2.114914e+01,2.112831e+01,2.117690e+01,2.112137e+01,2.105192e+01,2.090592e+01,2.117690e+01,2.116996e+01,2.112137e+01,2.107971e+01,2.106581e+01,2.116996e+01,2.107971e+01,2.106581e+01,2.112137e+01,2.110748e+01,2.119078e+01,2.119078e+01,2.110054e+01,2.121852e+01,2.114220e+01,2.118384e+01,2.123933e+01,2.116302e+01,2.116302e+01,2.120465e+01,2.120465e+01,2.125320e+01,2.110054e+01,2.114914e+01,2.110748e+01,2.119771e+01,2.119771e+01,2.127400e+01,2.116996e+01,2.114220e+01,2.100327e+01,2.103107e+01,2.111443e+01,2.102413e+01,2.088504e+01,2.076667e+01,2.071789e+01,2.066908e+01,2.060629e+01,2.062025e+01,2.070394e+01,2.059234e+01,2.066211e+01,2.078757e+01,2.073182e+01,2.071091e+01,2.060629e+01,2.063420e+01,2.062025e+01,2.070394e+01,2.066908e+01,2.077363e+01,2.061327e+01,2.059932e+01,2.057838e+01,2.064118e+01,2.063420e+01,2.057140e+01,2.057140e+01,2.058536e+01,2.064118e+01,2.071789e+01,2.062025e+01,2.063420e+01,2.062025e+01,2.075273e+01,2.070394e+01,2.069000e+01,2.061327e+01,2.068303e+01,2.064118e+01,2.064816e+01,2.066211e+01,2.075273e+01,2.062723e+01,2.074576e+01,2.066908e+01,2.064118e+01,2.061327e+01,2.066908e+01,2.066908e+01,2.072486e+01,2.059234e+01,2.071789e+01,2.052252e+01,2.071789e+01,2.067605e+01,2.080846e+01,2.082935e+01,2.059234e+01,2.074576e+01,2.069000e+01,2.057140e+01,2.061327e+01,2.055743e+01,2.079453e+01,2.075273e+01,2.074576e+01,2.065513e+01,2.069697e+01,2.051554e+01,2.066211e+01,2.074576e+01,2.062723e+01,2.060629e+01,2.051554e+01,2.063420e+01,2.069000e+01,2.066908e+01,2.050157e+01,2.054347e+01,2.058536e+01,2.061327e+01,2.077363e+01,2.065513e+01,2.062723e+01,2.073182e+01,2.071789e+01,2.059932e+01,2.056442e+01,2.052950e+01,2.047362e+01,2.051554e+01,2.070394e+01,2.064816e+01,2.067605e+01,2.065513e+01,2.068303e+01,2.064816e+01,2.055045e+01,2.064118e+01,2.064118e+01,2.075970e+01,2.053649e+01,2.060629e+01,2.057140e+01,2.062025e+01,2.066908e+01,2.071789e+01,2.058536e+01,2.080150e+01,2.058536e+01,2.050157e+01
2.070394e+01,2.065513e+01,2.073879e+01,2.064816e+01,2.063420e+01,2.062723e+01,2.070394e+01,2.059932e+01,2.066211e+01,2.057140e+01,2.057838e+01,2.061327e+01,2.070394e+01,2.055743e+01,2.053649e+01,2.053649e+01,2.057838e+01,2.050157e+01,2.027778e+01,2.055045e+01,2.032678e+01,2.027778e+01,2.027778e+01,2.038274e+01,2.045266e+01,2.044567e+01,2.028478e+01,2.029878e+01,2.033377e+01,2.030578e+01,2.034077e+01,2.033377e+01,2.029178e+01,2.026378e+01,2.036875e+01,2.022176e+01,2.030578e+01,2.024277e+01,2.051554e+01,2.026378e+01,2.029178e+01,2.029178e+01,2.026378e+01,2.028478e+01,2.031278e+01,2.024977e+01,2.034077e+01,2.056442e+01,2.048061e+01,2.041071e+01,2.048061e+01,2.110054e+01,2.099632e+01,2.053649e+01,2.041071e+01,2.078757e+01,2.095461e+01,2.085024e+01,2.043868e+01,2.041071e+01,2.036875e+01,2.036176e+01,2.035476e+01,2.056442e+01,2.031278e+01,2.036176e+01,2.036176e+01,2.035476e+01,2.040372e+01,2.034777e+01,2.039673e+01,2.023577e+01,2.036875e+01,2.043169e+01,2.048061e+01,2.049458e+01,2.059234e+01,2.051554e+01,2.050157e+01,2.061327e+01,2.050855e+01,2.054347e+01,2.052950e+01,2.059234e+01,2.066211e+01,2.066211e+01,2.047362e+01,2.050855e+01,2.056442e+01,2.060629e+01,2.070394e+01,2.068303e+01,2.070394e+01,2.055743e+01,2.058536e+01,2.059932e+01,2.058536e+01,2.075273e+01,2.062723e+01,2.074576e+01,2.079453e+01,2.069000e+01,2.073182e+01,2.073879e+01,2.073182e+01,2.069000e+01,2.063420e+01,2.069000e+01,2.069697e+01,2.071789e+01,2.068303e+01,2.073182e+01,2.069697e+01,2.070394e+01,2.064118e+01,2.078060e+01,2.077363e+01,2.072486e+01,2.074576e+01,2.075970e+01,2.078060e+01,2.078060e+01,2.077363e+01,2.092679e+01,2.107971e+01,2.105887e+01,2.096852e+01,2.094070e+01,2.076667e+01,2.066211e+01,2.065513e+01,2.077363e+01,2.070394e+01,2.076667e+01,2.078757e+01,2.062723e+01,2.073879e+01,2.071091e+01,2.068303e+01,2.066908e+01,2.064816e+01,2.064118e+01,2.063420e+01,2.068303e+01,2.071091e+01,2.074576e+01,2.076667e+01,2.055045e+01,2.062723e+01,2.056442e+01,2.052252e+01,2.057140e+01,2.076667e+01,2.045266e+01,2.066211e+01,2.064118e+01,2.059234e+01,2.064118e+01,2.071091e+01,2.066211e+01,2.053649e+01,2.051554e+01,2.064118e+01,2.063420e+01,2.069697e+01,2.071091e+01,2.065513e+01,2.062025e+01,2.060629e+01,2.048759e+01,2.059932e+01,2.059932e+01,2.074576e+01,2.062723e+01,2.062025e+01,2.059932e+01,2.055045e+01,2.057140e+01,2.067605e+01,2.068303e+01,2.071789e+01,2.051554e+01,2.063420e+01,2.056442e+01,2.048759e+01,2.064118e+01,2.064816e+01,2.059932e+01,2.059234e+01,2.055045e+01,2.057140e+01,2.066211e+01,2.052950e+01,2.056442e+01,2.066908e+01,2.066211e+01,2.057838e+01,2.046663e+01,2.064816e+01,2.062025e+01,2.059932e+01,2.070394e+01,2.059234e+01,2.061327e+01,2.061327e+01,2.063420e+01,2.071091e+01,2.064118e+01,2.059234e+01,2.062025e+01,2.062723e+01,2.059234e+01,2.062025e+01,2.063420e+01,2.064118e+01,2.066211e+01,2.064816e+01,2.064816e+01,2.064816e+01,2.052252e+01,2.066211e+01,2.067605e+01,2.068303e+01,2.074576e+01,2.061327e+01,2.063420e+01,2.057140e+01,2.066908e+01,2.068303e+01,2.071789e+01,2.075970e+01,2.063420e+01,2.052950e+01,2.062025e+01,2.064118e+01,2.056442e+01,2.066211e+01,2.062723e+01,2.069000e+01,2.053649e+01,2.067605e+01,2.050855e+01,2.064118e+01,2.062723e+01,2.059932e+01,2.055045e+01,2.060629e+01,2.052252e+01,2.059234e+01,2.069000e+01,2.056442e+01,2.057838e+01,2.062025e+01,2.076667e+01,2.080150e+01,2.087808e+01,2.089200e+01,2.101718e+01,2.094765e+01,2.091983e+01,2.082239e+01,2.088504e+01,2.086416e+01,2.055045e+01,2.063420e+01,2.046663e+01,2.053649e+01,2.053649e+01,2.050855e+01,2.054347e+01,2.050855e+01,2.052252e+01,2.053649e+01,2.052252e+01,2.040372e+01,2.043868e+01,2.038974e+01,2.052950e+01,2.051554e+01,2.036176e+01,2.034077e+01,2.032678e+01,1.995521e+01,1.955407e+01,1.927867e+01,1.921501e+01,1.909464e+01,1.906630e+01,1.894576e+01,1.903087e+01,1.907339e+01,1.910881e+01,1.905213e+01,1.910881e+01,1.900251e+01,1.898123e+01,1.895286e+01,1.901669e+01,1.903795e+01,1.910881e+01,1.901669e+01,1.908047e+01,1.896704e+01,1.898123e+01,1.900960e+01,1.911590e+01,1.905922e+01,1.909464e+01,1.905213e+01,1.920085e+01,1.914422e+01,1.918670e+01,1.920793e+01,1.918670e+01,1.915130e+01,1.922916e+01,1.923623e+01,1.918670e+01,1.916546e+01,1.915838e+01,1.909464e+01,1.915130e+01,1.916546e+01,1.927867e+01,1.940587e+01,1.948352e+01,1.951880e+01,1.951175e+01,1.981464e+01,2.035476e+01,2.050855e+01,2.060629e+01,2.050855e+01,2.079453e+01,2.071789e+01,2.080846e+01,2.076667e+01,2.081543e+01,2.093374e+01,2.087808e+01,2.066908e+01,2.056442e+01,2.066211e+01,2.059932e+01,2.063420e+01,2.043169e+01,2.055743e+01,2.073182e+01,2.056442e+01,2.063420e+01,2.059932e+01,2.068303e+01,2.062723e+01,2.061327e+01,2.059932e+01,2.068303e+01,2.076667e+01,2.063420e+01,2.064816e+01,2.066211e+01,2.063420e+01,2.064816e+01,2.070394e+01,2.062025e+01,2.071091e+01,2.065513e+01,2.070394e+01,2.072486e+01,2.062025e+01,2.069697e+01,2.067605e+01,2.070394e+01,2.077363e+01,2.062723e+01,2.068303e+01,2.066211e+01,2.055743e+01,2.059234e+01,2.071091e+01,2.065513e+01,2.066908e+01,2.072486e+01,2.084328e+01,2.074576e+01,2.067605e+01,2.057838e+01,2.078060e+01,2.060629e+01,2.085720e+01,2.070394e+01,2.059234e+01,2.070394e+01,2.068303e+01,2.069697e+01,2.063420e+01,2.061327e+01,2.064118e+01,2.064118e+01,2.062025e+01,2.059234e+01,2.089896e+01,2.078757e+01,2.063420e+01,2.078060e+01,2.067605e+01,2.059234e+01,2.074576e+01,2.063420e+01,2.069697e+01,2.066908e+01,2.053649e+01,2.064118e+01,2.057140e+01,2.067605e+01,2.069000e+01,2.068303e+01,2.068303e+01,2.098242e+01,2.124627e+01,2.107276e+01,2.128786e+01,2.135023e+01,2.122546e+01,2.132944e+01,2.119078e+01,2.129479e+01,2.116302e+01,2.119771e+01,2.122546e+01,2.128786e+01,2.119771e+01,2.116996e+01,2.126013e+01,2.129479e+01,2.128786e+01,2.107276e+01,2.128093e+01,2.130865e+01,2.117690e+01,2.122546e+01,2.131559e+01,2.128786e+01,2.116302e+01,2.119078e+01,2.122546e+01,2.121159e+01,2.121159e+01,2.121159e+01,2.128786e+01,2.121852e+01,2.139871e+01,2.130865e+01,2.137101e+01,2.143332e+01,2.143332e+01,2.158548e+01,2.161312e+01,2.164766e+01,2.153017e+01,2.170980e+01,2.144716e+01,2.135023e+01,2.132944e+01,2.132252e+01,2.106581e+01,2.135715e+01,2.120465e+01,2.128786e+01,2.128786e+01,2.152326e+01,2.112137e+01,2.128093e+01,2.133637e+01,2.113526e+01,2.126707e+01,2.117690e+01,2.128786e+01,2.110054e+01,2.122546e+01,2.123240e+01,2.116302e+01,2.125320e+01,2.121159e+01,2.120465e+01,2.126707e+01,2.113526e+01,2.117690e+01,2.110748e+01,2.118384e+01,2.121852e+01,2.119078e+01,2.115608e+01,2.120465e+01,2.119078e+01,2.124627e+01,2.124627e+01,2.116996e+01,2.119078e+01,2.117690e+01,2.114220e+01,2.115608e+01,2.110054e+01,2.096156e+01,2.103107e+01,2.119771e+01,2.101718e+01,2.109360e+01,2.119078e+01,2.117690e+01,2.114914e+01,2.109360e+01,2.123933e+01,2.123933e+01,2.119078e+01,2.124627e+01,2.115608e+01,2.119771e+01,2.118384e+01,2.117690e+01,2.119078e+01,2.116996e+01,2.114220e+01,2.129479e+01,2.120465e+01,2.122546e+01,2.104497e+01,2.117690e+01,2.114220e+01,2.114914e+01,2.116302e+01,2.111443e+01,2.109360e+01,2.075273e+01,2.076667e+01,2.077363e+01,2.073879e+01,2.077363e+01,2.078060e+01,2.071789e+01,2.066211e+01,2.064816e+01,2.071789e+01,2.060629e+01,2.065513e+01,2.064816e+01,2.058536e+01,2.065513e+01,2.061327e+01,2.080150e+01,2.075273e+01,2.070394e+01,2.059932e+01,2.058536e+01,2.062723e+01,2.066211e+01,2.061327e+01,2.075970e+01,2.078757e+01,2.059234e+01,2.060629e+01,2.059932e+01,2.059932e+01,2.059932e+01,2.075273e+01,2.066908e+01,2.067605e+01,2.064816e+01,2.066211e+01,2.068303e+01,2.060629e+01,2.071789e+01,2.059932e+01,2.060629e+01,2.063420e+01,2.062723e+01,2.064816e+01,2.066908e+01,2.072486e+01,2.079453e+01,2.066908e+01,2.056442e+01,2.067605e+01,2.052950e+01,2.069697e+01,2.063420e+01,2.064816e+01,2.068303e+01,2.076667e+01,2.067605e+01,2.067605e+01,2.055045e+01,2.054347e+01,2.055045e+01,2.073182e+01,2.065513e+01,2.084328e+01,2.065513e+01,2.050855e+01,2.071091e+01,2.052950e+01,2.063420e+01,2.053649e+01,2.066908e+01,2.050157e+01,2.059234e+01,2.066908e+01,2.073182e+01,2.068303e+01,2.061327e+01,2.050855e+01,2.049458e+01,2.050855e+01,2.072486e+01,2.060629e+01,2.059234e+01,2.061327e+01,2.066211e+01,2.066908e+01,2.070394e+01,2.064118e+01,2.062025e+01,2.068303e+01,2.067605e+01,2.067605e+01,2.054347e+01,2.068303e+01,2.065513e+01,2.066908e+01,2.043868e+01,2.046663e+01,2.060629e+01,2.050157e+01,2.062723e+01,2.070394e+01,2.078060e+01,2.063420e+01,2.065513e+01,2.064118e+01,2.064816e+01,2.064816e+01
2.071789e+01,2.073182e+01,2.071091e+01,2.074576e+01,2.070394e+01,2.069000e+01,2.066908e+01,2.071091e+01,2.052950e+01,2.062025e+01,2.049458e+01,2.027078e+01,2.052950e+01,2.052950e+01,2.056442e+01,2.057838e+01,2.054347e+01,2.053649e+01,2.043169e+01,2.040372e+01,2.029178e+01,2.034777e+01,2.023577e+01,2.036176e+01,2.042470e+01,2.036176e+01,2.039673e+01,2.035476e+01,2.031278e+01,2.042470e+01,2.030578e+01,2.039673e+01,2.038274e+01,2.020774e+01,2.022176e+01,2.026378e+01,2.026378e+01,2.030578e+01,2.025677e+01,2.028478e+01,2.027078e+01,2.045964e+01,2.024277e+01,2.024277e+01,2.036875e+01,2.053649e+01,2.039673e+01,2.038274e+01,2.042470e+01,2.068303e+01,2.080150e+01,2.113526e+01,2.101023e+01,2.050855e+01,2.041071e+01,2.080846e+01,2.091983e+01,2.047362e+01,2.042470e+01,2.043169e+01,2.043868e+01,2.027778e+01,2.034077e+01,2.036875e+01,2.027078e+01,2.046663e+01,2.045266e+01,2.037575e+01,2.037575e+01,2.042470e+01,2.065513e+01,2.036176e+01,2.048061e+01,2.054347e+01,2.036875e+01,2.044567e+01,2.032678e+01,2.059932e+01,2.054347e+01,2.052950e+01,2.051554e+01,2.052950e+01,2.056442e+01,2.064118e+01,2.059234e+01,2.060629e+01,2.067605e+01,2.064816e+01,2.078757e+01,2.080150e+01,2.066908e+01,2.069000e+01,2.062723e+01,2.059932e+01,2.080150e+01,2.078060e+01,2.064816e+01,2.075970e+01,2.075970e+01,2.066908e+01,2.067605e+01,2.071091e+01,2.071091e+01,2.077363e+01,2.073182e+01,2.070394e+01,2.084328e+01,2.070394e+01,2.056442e+01,2.062025e+01,2.076667e+01,2.080150e+01,2.071091e+01,2.079453e+01,2.078757e+01,2.073879e+01,2.075970e+01,2.071091e+01,2.078060e+01,2.068303e+01,2.078060e+01,2.078757e+01,2.082239e+01,2.114914e+01,2.109360e+01,2.111443e+01,2.116302e+01,2.103802e+01,2.071091e+01,2.072486e+01,2.073879e+01,2.081543e+01,2.073879e+01,2.064816e+01,2.073879e+01,2.058536e+01,2.066908e+01,2.076667e+01,2.064816e+01,2.066211e+01,2.063420e+01,2.068303e+01,2.065513e+01,2.066908e+01,2.067605e+01,2.063420e+01,2.090592e+01,2.062025e+01,2.061327e+01,2.067605e+01,2.054347e+01,2.051554e+01,2.055743e+01,2.067605e+01,2.063420e+01,2.071091e+01,2.055743e+01,2.052252e+01,2.062723e+01,2.062025e+01,2.076667e+01,2.069697e+01,2.062723e+01,2.056442e+01,2.061327e+01,2.049458e+01,2.072486e+01,2.060629e+01,2.062025e+01,2.056442e+01,2.057140e+01,2.058536e+01,2.060629e+01,2.059932e+01,2.064118e+01,2.073879e+01,2.060629e+01,2.057140e+01,2.063420e+01,2.064118e+01,2.062723e+01,2.061327e+01,2.059932e+01,2.072486e+01,2.078060e+01,2.062025e+01,2.071789e+01,2.064118e+01,2.066908e+01,2.057838e+01,2.059932e+01,2.071789e+01,2.056442e+01,2.064118e+01,2.063420e+01,2.064118e+01,2.048759e+01,2.064816e+01,2.064118e+01,2.064816e+01,2.065513e+01,2.061327e+01,2.059234e+01,2.067605e+01,2.073182e+01,2.057838e+01,2.066908e+01,2.060629e+01,2.060629e+01,2.062025e+01,2.069000e+01,2.059234e+01,2.062723e+01,2.062025e+01,2.052950e+01,2.061327e+01,2.050157e+01,2.065513e+01,2.066211e+01,2.049458e+01,2.067605e+01,2.068303e+01,2.049458e+01,2.059932e+01,2.054347e+01,2.066211e+01,2.064118e+01,2.066908e+01,2.055045e+01,2.075970e+01,2.073879e+01,2.062723e+01,2.059234e+01,2.064816e+01,2.066211e+01,2.054347e+01,2.066908e+01,2.066211e+01,2.067605e+01,2.068303e+01,2.066211e+01,2.058536e+01,2.060629e+01,2.060629e+01,2.055743e+01,2.055045e+01,2.057140e+01,2.054347e+01,2.064118e+01,2.069000e+01,2.059234e+01,2.055743e+01,2.056442e+01,2.057838e+01,2.066908e+01,2.085024e+01,2.088504e+01,2.091287e+01,2.090592e+01,2.089200e+01,2.078757e+01,2.069000e+01,2.065513e+01,2.056442e+01,2.050157e+01,2.056442e+01,2.059234e+01,2.059932e+01,2.054347e+01,2.050157e+01,2.052950e+01,2.052252e+01,2.057140e+01,2.052252e+01,2.055743e+01,2.048759e+01,2.048061e+01,2.045964e+01,2.041071e+01,2.045964e+01,2.037575e+01,2.034077e+01,1.998330e+01,1.963865e+01,1.950469e+01,1.920793e+01,1.909464e+01,1.904504e+01,1.910173e+01,1.910881e+01,1.893867e+01,1.895286e+01,1.899541e+01,1.884638e+01,1.886769e+01,1.900960e+01,1.890318e+01,1.899541e+01,1.897414e+01,1.898832e+01,1.903087e+01,1.900251e+01,1.917962e+01,1.902378e+01,1.908047e+01,1.902378e+01,1.904504e+01,1.910173e+01,1.924331e+01,1.916546e+01,1.927160e+01,1.930695e+01,1.927867e+01,1.917254e+01,1.914422e+01,1.920085e+01,1.925038e+01,1.915130e+01,1.925038e+01,1.915130e+01,1.915838e+01,1.917254e+01,1.922916e+01,1.917254e+01,1.934936e+01,1.941293e+01,1.939174e+01,1.962456e+01,1.993414e+01,2.027078e+01,2.045964e+01,2.047362e+01,2.050157e+01,2.062723e+01,2.073879e+01,2.083632e+01,2.083632e+01,2.093374e+01,2.086416e+01,2.085024e+01,2.070394e+01,2.062025e+01,2.058536e+01,2.060629e+01,2.059932e+01,2.058536e+01,2.068303e+01,2.062025e+01,2.066211e+01,2.071789e+01,2.068303e+01,2.074576e+01,2.072486e+01,2.062723e+01,2.062025e+01,2.071789e+01,2.067605e+01,2.070394e+01,2.064816e+01,2.062025e+01,2.070394e+01,2.073182e+01,2.076667e+01,2.066211e+01,2.066908e+01,2.070394e+01,2.065513e+01,2.075970e+01,2.075970e+01,2.073879e+01,2.072486e+01,2.073879e+01,2.073879e+01,2.071091e+01,2.067605e+01,2.073879e+01,2.070394e+01,2.071091e+01,2.065513e+01,2.078757e+01,2.075273e+01,2.049458e+01,2.062723e+01,2.078060e+01,2.062025e+01,2.050855e+01,2.071091e+01,2.059234e+01,2.067605e+01,2.068303e+01,2.070394e+01,2.067605e+01,2.048759e+01,2.074576e+01,2.067605e+01,2.058536e+01,2.066908e+01,2.066211e+01,2.056442e+01,2.059932e+01,2.060629e+01,2.062723e+01,2.063420e+01,2.061327e+01,2.062723e+01,2.061327e+01,2.066908e+01,2.070394e+01,2.064118e+01,2.059932e+01,2.067605e+01,2.069697e+01,2.066908e+01,2.054347e+01,2.066908e+01,2.089896e+01,2.059932e+01,2.096852e+01,2.114220e+01,2.126013e+01,2.125320e+01,2.136408e+01,2.126013e+01,2.121852e+01,2.132944e+01,2.127400e+01,2.112137e+01,2.127400e+01,2.112831e+01,2.122546e+01,2.119078e+01,2.128786e+01,2.126013e+01,2.123933e+01,2.128093e+01,2.123240e+01,2.135715e+01,2.135023e+01,2.132252e+01,2.132252e+01,2.131559e+01,2.119771e+01,2.126707e+01,2.119078e+01,2.128093e+01,2.125320e+01,2.124627e+01,2.116302e+01,2.123933e+01,2.142640e+01,2.144716e+01,2.133637e+01,2.141948e+01,2.146100e+01,2.142640e+01,2.159930e+01,2.154400e+01,2.156474e+01,2.153709e+01,2.159239e+01,2.130173e+01,2.131559e+01,2.134330e+01,2.123240e+01,2.132252e+01,2.138486e+01,2.134330e+01,2.118384e+01,2.120465e+01,2.143332e+01,2.129479e+01,2.151634e+01,2.120465e+01,2.128786e+01,2.132252e+01,2.135715e+01,2.119771e+01,2.119771e+01,2.127400e+01,2.122546e+01,2.121159e+01,2.130865e+01,2.122546e+01,2.121159e+01,2.111443e+01,2.114220e+01,2.112137e+01,2.112831e+01,2.110748e+01,2.114914e+01,2.114220e+01,2.116302e+01,2.113526e+01,2.119771e+01,2.117690e+01,2.112137e+01,2.114914e+01,2.106581e+01,2.116996e+01,2.093374e+01,2.107276e+01,2.116996e+01,2.101718e+01,2.095461e+01,2.121159e+01,2.099632e+01,2.104497e+01,2.125320e+01,2.109360e+01,2.120465e+01,2.121159e+01,2.110054e+01,2.120465e+01,2.096156e+01,2.119771e+01,2.121159e+01,2.112137e+01,2.110054e+01,2.113526e+01,2.112137e+01,2.110054e+01,2.107276e+01,2.114914e+01,2.122546e+01,2.118384e+01,2.111443e+01,2.124627e+01,2.110748e+01,2.123240e+01,2.129479e+01,2.119078e+01,2.082935e+01,2.082239e+01,2.072486e+01,2.076667e+01,2.066211e+01,2.075273e+01,2.063420e+01,2.074576e+01,2.073879e+01,2.069697e+01,2.068303e+01,2.059932e+01,2.063420e+01,2.065513e+01,2.066211e+01,2.064118e+01,2.064118e+01,2.059932e+01,2.079453e+01,2.071789e+01,2.063420e+01,2.059932e+01,2.067605e+01,2.062025e+01,2.063420e+01,2.064118e+01,2.071091e+01,2.055743e+01,2.062723e+01,2.059932e+01,2.082239e+01,2.055743e+01,2.069697e+01,2.063420e+01,2.069697e+01,2.055743e+01,2.067605e+01,2.070394e+01,2.060629e+01,2.069000e+01,2.072486e+01,2.059234e+01,2.058536e+01,2.064118e+01,2.066211e+01,2.066211e+01,2.079453e+01,2.062025e+01,2.082935e+01,2.058536e+01,2.050855e+01,2.054347e+01,2.061327e+01,2.062723e+01,2.058536e+01,2.062723e+01,2.052950e+01,2.074576e+01,2.059234e+01,2.051554e+01,2.069000e+01,2.050157e+01,2.062723e+01,2.066908e+01,2.055045e+01,2.062025e+01,2.064118e+01,2.061327e+01,2.051554e+01,2.051554e+01,2.051554e+01,2.055045e+01,2.060629e+01,2.057140e+01,2.067605e+01,2.061327e+01,2.064816e+01,2.081543e+01,2.048061e+01,2.048061e+01,2.050157e+01,2.059932e+01,2.061327e+01,2.074576e+01,2.062723e+01,2.057838e+01,2.062723e+01,2.067605e+01,2.064816e+01,2.046663e+01,2.057838e+01,2.069697e+01,2.066211e+01,2.075970e+01,2.053649e+01,2.067605e+01,2.062723e+01,2.067605e+01,2.066211e+01,2.068303e+01,2.064816e+01,2.063420e+01,2.057140e+01,2.062025e+01,2.059234e+01,2.059234e+01,2.053649e+01,2.066211e+01,2.082239e+01
2.073879e+01,2.071789e+01,2.075970e+01,2.065513e+01,2.064118e+01,2.065513e+01,2.060629e+01,2.061327e+01,2.049458e+01,2.074576e+01,2.070394e+01,2.078757e+01,2.064118e+01,2.060629e+01,2.063420e+01,2.059234e+01,2.061327e+01,2.048061e+01,2.062025e+01,2.050855e+01,2.052252e+01,2.038274e+01,2.041770e+01,2.042470e+01,2.054347e+01,2.040372e+01,2.039673e+01,2.036176e+01,2.045266e+01,2.043868e+01,2.041071e+01,2.037575e+01,2.041770e+01,2.040372e+01,2.024977e+01,2.031278e+01,2.020774e+01,2.034077e+01,2.026378e+01,2.029178e+01,2.029178e+01,2.034777e+01,2.033377e+01,2.041071e+01,2.048061e+01,2.031978e+01,2.039673e+01,2.054347e+01,2.053649e+01,2.053649e+01,2.081543e+01,2.109360e+01,2.089200e+01,2.038974e+01,2.048061e+01,2.096852e+01,2.076667e+01,2.078757e+01,2.040372e+01,2.043868e+01,2.043868e+01,2.041071e+01,2.041770e+01,2.038974e+01,2.036875e+01,2.047362e+01,2.055743e+01,2.054347e+01,2.057838e+01,2.062723e+01,2.039673e+01,2.041071e+01,2.039673e+01,2.044567e+01,2.054347e+01,2.052950e+01,2.052252e+01,2.056442e+01,2.055743e+01,2.046663e+01,2.067605e+01,2.060629e+01,2.055743e+01,2.060629e+01,2.059234e+01,2.069000e+01,2.064816e+01,2.069000e+01,2.077363e+01,2.057838e+01,2.080846e+01,2.070394e+01,2.070394e+01,2.069000e+01,2.073182e+01,2.075273e+01,2.077363e+01,2.072486e+01,2.064816e+01,2.074576e+01,2.074576e+01,2.073182e+01,2.071789e+01,2.071091e+01,2.071091e+01,2.078757e+01,2.069000e+01,2.067605e+01,2.068303e+01,2.069000e+01,2.074576e+01,2.075970e+01,2.077363e+01,2.075970e+01,2.068303e+01,2.075970e+01,2.069000e+01,2.078060e+01,2.075273e+01,2.075970e+01,2.075970e+01,2.072486e+01,2.096852e+01,2.103107e+01,2.102413e+01,2.103107e+01,2.104497e+01,2.081543e+01,2.070394e+01,2.067605e+01,2.071789e+01,2.068303e+01,2.062025e+01,2.076667e+01,2.070394e+01,2.071091e+01,2.075970e+01,2.059932e+01,2.063420e+01,2.065513e+01,2.081543e+01,2.067605e+01,2.071091e+01,2.065513e+01,2.069697e+01,2.077363e+01,2.078757e+01,2.062723e+01,2.066211e+01,2.071789e+01,2.064118e+01,2.065513e+01,2.064816e+01,2.062025e+01,2.064816e+01,2.066211e+01,2.063420e+01,2.062723e+01,2.059234e+01,2.066211e+01,2.053649e+01,2.051554e+01,2.052252e+01,2.049458e+01,2.061327e+01,2.050157e+01,2.057140e+01,2.062025e+01,2.060629e+01,2.060629e+01,2.057838e+01,2.056442e+01,2.067605e+01,2.054347e+01,2.053649e+01,2.055743e+01,2.062723e+01,2.071789e+01,2.064118e+01,2.064816e+01,2.062723e+01,2.061327e+01,2.066211e+01,2.060629e+01,2.063420e+01,2.069000e+01,2.064816e+01,2.057838e+01,2.057838e+01,2.057140e+01,2.062025e+01,2.061327e+01,2.055743e+01,2.073182e+01,2.061327e+01,2.060629e+01,2.053649e+01,2.062723e+01,2.060629e+01,2.060629e+01,2.055743e+01,2.066211e+01,2.063420e+01,2.059932e+01,2.066211e+01,2.063420e+01,2.058536e+01,2.057838e+01,2.061327e+01,2.059234e+01,2.055045e+01,2.064118e+01,2.064118e+01,2.060629e+01,2.062025e+01,2.064816e+01,2.065513e+01,2.067605e+01,2.073182e+01,2.066211e+01,2.066908e+01,2.062025e+01,2.056442e+01,2.068303e+01,2.066908e+01,2.058536e+01,2.069697e+01,2.070394e+01,2.069697e+01,2.066908e+01,2.056442e+01,2.062723e+01,2.062723e+01,2.053649e+01,2.044567e+01,2.066908e+01,2.067605e+01,2.057140e+01,2.053649e+01,2.069697e+01,2.062025e+01,2.059932e+01,2.055045e+01,2.060629e+01,2.057838e+01,2.059932e+01,2.053649e+01,2.068303e+01,2.059932e+01,2.057140e+01,2.057140e+01,2.046663e+01,2.057838e+01,2.062723e+01,2.066211e+01,2.094070e+01,2.084328e+01,2.087808e+01,2.087808e+01,2.085720e+01,2.066211e+01,2.071789e+01,2.064118e+01,2.052252e+01,2.060629e+01,2.053649e+01,2.055743e+01,2.059932e+01,2.041770e+01,2.051554e+01,2.036176e+01,2.048759e+01,2.037575e+01,2.052252e+01,2.048061e+01,2.053649e+01,2.047362e+01,2.040372e+01,2.048061e+01,2.038274e+01,2.044567e+01,2.014467e+01,2.003244e+01,1.964570e+01,1.963865e+01,1.928574e+01,1.914422e+01,1.910881e+01,1.922208e+01,1.900960e+01,1.910881e+01,1.905213e+01,1.886769e+01,1.883218e+01,1.893867e+01,1.898832e+01,1.898123e+01,1.893157e+01,1.898832e+01,1.881797e+01,1.900251e+01,1.909464e+01,1.906630e+01,1.920085e+01,1.911590e+01,1.931402e+01,1.920793e+01,1.932109e+01,1.933522e+01,1.910173e+01,1.926452e+01,1.939881e+01,1.920793e+01,1.929988e+01,1.923623e+01,1.925745e+01,1.928574e+01,1.921501e+01,1.916546e+01,1.918670e+01,1.923623e+01,1.917254e+01,1.913006e+01,1.919378e+01,1.915130e+01,1.936349e+01,1.952586e+01,1.950469e+01,1.987792e+01,2.041770e+01,2.050157e+01,2.056442e+01,2.069697e+01,2.067605e+01,2.078060e+01,2.079453e+01,2.070394e+01,2.075970e+01,2.078757e+01,2.057838e+01,2.055743e+01,2.057140e+01,2.059932e+01,2.061327e+01,2.054347e+01,2.057838e+01,2.076667e+01,2.050157e+01,2.064816e+01,2.072486e+01,2.071789e+01,2.066908e+01,2.071789e+01,2.066211e+01,2.069697e+01,2.063420e+01,2.071789e+01,2.066211e+01,2.059234e+01,2.071091e+01,2.063420e+01,2.069000e+01,2.065513e+01,2.065513e+01,2.069000e+01,2.066908e+01,2.065513e+01,2.071091e+01,2.073879e+01,2.069697e+01,2.064816e+01,2.062723e+01,2.067605e+01,2.068303e+01,2.069697e+01,2.061327e+01,2.067605e+01,2.060629e+01,2.072486e+01,2.066211e+01,2.060629e+01,2.082935e+01,2.064816e+01,2.064118e+01,2.064816e+01,2.070394e+01,2.066211e+01,2.069000e+01,2.069000e+01,2.062723e+01,2.060629e+01,2.066908e+01,2.057140e+01,2.052252e+01,2.058536e+01,2.057838e+01,2.069000e+01,2.057838e+01,2.067605e+01,2.057838e+01,2.061327e+01,2.091983e+01,2.069000e+01,2.063420e+01,2.057838e+01,2.067605e+01,2.064118e+01,2.063420e+01,2.058536e+01,2.053649e+01,2.071091e+01,2.056442e+01,2.073879e+01,2.063420e+01,2.067605e+01,2.065513e+01,2.062723e+01,2.085720e+01,2.110054e+01,2.121159e+01,2.122546e+01,2.133637e+01,2.118384e+01,2.124627e+01,2.123240e+01,2.126707e+01,2.110054e+01,2.116302e+01,2.123240e+01,2.116302e+01,2.113526e+01,2.126707e+01,2.122546e+01,2.144716e+01,2.128786e+01,2.122546e+01,2.128093e+01,2.132252e+01,2.111443e+01,2.132252e+01,2.121852e+01,2.129479e+01,2.128093e+01,2.130173e+01,2.123240e+01,2.124627e+01,2.122546e+01,2.124627e+01,2.126707e+01,2.122546e+01,2.139178e+01,2.120465e+01,2.139178e+01,2.148868e+01,2.159239e+01,2.159239e+01,2.153709e+01,2.162003e+01,2.149559e+01,2.153709e+01,2.133637e+01,2.125320e+01,2.135023e+01,2.136408e+01,2.139871e+01,2.145408e+01,2.138486e+01,2.148176e+01,2.148868e+01,2.149559e+01,2.150251e+01,2.165457e+01,2.151634e+01,2.148176e+01,2.143332e+01,2.140563e+01,2.126707e+01,2.137101e+01,2.127400e+01,2.128093e+01,2.127400e+01,2.123240e+01,2.130173e+01,2.121159e+01,2.125320e+01,2.109360e+01,2.122546e+01,2.110748e+01,2.116996e+01,2.110748e+01,2.116302e+01,2.106581e+01,2.113526e+01,2.112137e+01,2.111443e+01,2.112831e+01,2.116302e+01,2.116302e+01,2.091287e+01,2.110748e+01,2.110748e+01,2.110054e+01,2.120465e+01,2.113526e+01,2.121852e+01,2.120465e+01,2.109360e+01,2.112831e+01,2.116996e+01,2.122546e+01,2.110748e+01,2.123240e+01,2.136408e+01,2.122546e+01,2.113526e+01,2.117690e+01,2.116996e+01,2.098242e+01,2.112831e+01,2.103107e+01,2.113526e+01,2.114220e+01,2.130173e+01,2.111443e+01,2.110054e+01,2.124627e+01,2.138486e+01,2.114914e+01,2.121852e+01,2.126013e+01,2.126013e+01,2.107971e+01,2.100327e+01,2.080846e+01,2.076667e+01,2.078757e+01,2.069000e+01,2.069697e+01,2.077363e+01,2.063420e+01,2.069697e+01,2.074576e+01,2.065513e+01,2.069697e+01,2.077363e+01,2.062723e+01,2.062025e+01,2.060629e+01,2.049458e+01,2.069000e+01,2.069000e+01,2.071789e+01,2.073879e+01,2.087112e+01,2.065513e+01,2.081543e+01,2.068303e+01,2.081543e+01,2.064816e+01,2.055743e+01,2.078060e+01,2.084328e+01,2.075273e+01,2.064816e+01,2.069000e+01,2.069000e+01,2.069697e+01,2.069697e+01,2.071789e+01,2.069697e+01,2.064118e+01,2.073182e+01,2.062723e+01,2.069697e+01,2.073182e+01,2.071091e+01,2.078060e+01,2.075970e+01,2.060629e+01,2.066908e+01,2.074576e+01,2.071789e+01,2.066908e+01,2.056442e+01,2.057140e+01,2.053649e+01,2.069000e+01,2.059932e+01,2.066211e+01,2.052252e+01,2.075273e+01,2.049458e+01,2.064816e+01,2.054347e+01,2.066908e+01,2.067605e+01,2.064118e+01,2.074576e+01,2.059234e+01,2.076667e+01,2.059234e+01,2.050855e+01,2.062723e+01,2.057140e+01,2.058536e+01,2.066908e+01,2.056442e+01,2.064118e+01,2.050855e+01,2.045964e+01,2.073182e+01,2.072486e+01,2.066908e+01,2.066211e+01,2.070394e+01,2.058536e+01,2.059932e+01,2.057838e+01,2.061327e+01,2.052252e+01,2.066908e+01,2.060629e+01,2.064816e+01,2.064816e+01,2.076667e+01,2.066908e+01,2.064816e+01,2.069000e+01,2.066211e+01,2.066211e+01,2.053649e+01,2.059234e+01,2.074576e+01,2.054347e+01,2.071789e+01,2.070394e+01,2.064118e+01,2.064816e+01,2.067605e+01,2.073182e+01
2.071091e+01,2.052950e+01,2.055743e+01,2.072486e+01,2.066908e+01,2.064816e+01,2.068303e+01,2.059932e+01,2.050855e+01,2.058536e+01,2.059932e+01,2.053649e+01,2.059234e+01,2.056442e+01,2.061327e+01,2.056442e+01,2.049458e+01,2.050157e+01,2.049458e+01,2.044567e+01,2.043868e+01,2.043169e+01,2.043868e+01,2.038274e+01,2.041770e+01,2.040372e+01,2.045964e+01,2.038274e+01,2.041770e+01,2.018673e+01,2.039673e+01,2.031278e+01,2.040372e+01,2.037575e+01,2.033377e+01,2.034777e+01,2.027078e+01,2.021475e+01,2.031278e+01,2.034077e+01,2.036176e+01,2.036176e+01,2.025677e+01,2.040372e+01,2.025677e+01,2.034777e+01,2.037575e+01,2.038274e+01,2.033377e+01,2.049458e+01,2.090592e+01,2.095461e+01,2.082239e+01,2.081543e+01,2.079453e+01,2.078060e+01,2.043868e+01,2.041071e+01,2.035476e+01,2.043169e+01,2.045266e+01,2.044567e+01,2.042470e+01,2.046663e+01,2.038974e+01,2.039673e+01,2.038974e+01,2.041071e+01,2.048061e+01,2.036875e+01,2.034777e+01,2.041770e+01,2.039673e+01,2.040372e+01,2.056442e+01,2.056442e+01,2.060629e+01,2.059234e+01,2.067605e+01,2.059234e+01,2.055743e+01,2.066908e+01,2.057140e+01,2.070394e+01,2.062723e+01,2.069000e+01,2.068303e+01,2.071091e+01,2.069000e+01,2.071091e+01,2.082935e+01,2.063420e+01,2.070394e+01,2.062025e+01,2.073182e+01,2.082239e+01,2.073182e+01,2.069697e+01,2.072486e+01,2.064816e+01,2.072486e+01,2.084328e+01,2.068303e+01,2.067605e+01,2.069000e+01,2.066211e+01,2.074576e+01,2.066908e+01,2.074576e+01,2.063420e+01,2.067605e+01,2.073879e+01,2.067605e+01,2.071789e+01,2.064118e+01,2.060629e+01,2.064816e+01,2.064816e+01,2.069000e+01,2.070394e+01,2.069000e+01,2.074576e+01,2.075970e+01,2.078757e+01,2.082239e+01,2.098937e+01,2.081543e+01,2.075970e+01,2.078060e+01,2.075970e+01,2.077363e+01,2.070394e+01,2.069697e+01,2.070394e+01,2.072486e+01,2.051554e+01,2.078060e+01,2.066908e+01,2.078757e+01,2.071789e+01,2.065513e+01,2.069000e+01,2.065513e+01,2.071091e+01,2.078060e+01,2.067605e+01,2.059932e+01,2.052252e+01,2.074576e+01,2.071789e+01,2.068303e+01,2.062723e+01,2.068303e+01,2.069000e+01,2.066211e+01,2.045266e+01,2.057140e+01,2.061327e+01,2.057838e+01,2.066211e+01,2.052950e+01,2.062025e+01,2.061327e+01,2.064118e+01,2.065513e+01,2.059234e+01,2.064816e+01,2.066908e+01,2.061327e+01,2.066211e+01,2.057140e+01,2.053649e+01,2.058536e+01,2.054347e+01,2.057838e+01,2.056442e+01,2.041071e+01,2.058536e+01,2.064816e+01,2.062723e+01,2.064118e+01,2.067605e+01,2.059234e+01,2.062025e+01,2.061327e+01,2.071091e+01,2.063420e+01,2.062025e+01,2.052252e+01,2.053649e+01,2.055045e+01,2.051554e+01,2.064118e+01,2.058536e+01,2.059234e+01,2.073879e+01,2.064118e+01,2.059932e+01,2.068303e+01,2.064816e+01,2.062723e+01,2.059932e+01,2.059234e+01,2.058536e+01,2.062723e+01,2.062025e+01,2.057140e+01,2.059932e+01,2.059932e+01,2.061327e+01,2.062723e+01,2.057838e+01,2.057838e+01,2.061327e+01,2.067605e+01,2.059234e+01,2.059932e+01,2.053649e+01,2.052950e+01,2.051554e+01,2.059932e+01,2.066211e+01,2.064118e+01,2.059932e+01,2.056442e+01,2.067605e+01,2.065513e+01,2.061327e+01,2.064118e+01,2.073879e+01,2.065513e+01,2.060629e+01,2.055045e+01,2.057838e+01,2.059932e+01,2.048759e+01,2.048061e+01,2.056442e+01,2.064118e+01,2.057140e+01,2.057838e+01,2.059932e+01,2.059932e+01,2.051554e+01,2.055045e+01,2.055743e+01,2.044567e+01,2.055045e+01,2.057140e+01,2.069697e+01,2.054347e+01,2.050157e+01,2.055045e+01,2.066908e+01,2.071789e+01,2.078757e+01,2.089200e+01,2.085720e+01,2.087808e+01,2.089200e+01,2.077363e+01,2.066908e+01,2.059234e+01,2.049458e+01,2.043169e+01,2.051554e+01,2.046663e+01,2.045266e+01,2.058536e+01,2.058536e+01,2.053649e+01,2.047362e+01,2.050855e+01,2.048759e+01,2.039673e+01,2.049458e+01,2.042470e+01,2.045964e+01,2.054347e+01,2.037575e+01,2.045266e+01,2.041071e+01,1.997628e+01,1.953996e+01,1.939881e+01,1.918670e+01,1.910881e+01,1.920793e+01,1.929281e+01,1.907339e+01,1.888189e+01,1.889609e+01,1.882508e+01,1.890318e+01,1.888189e+01,1.885349e+01,1.888899e+01,1.886769e+01,1.886059e+01,1.886059e+01,1.899541e+01,1.899541e+01,1.908047e+01,1.923623e+01,1.898123e+01,1.919378e+01,1.923623e+01,1.929281e+01,1.925745e+01,1.929988e+01,1.927867e+01,1.906630e+01,1.926452e+01,1.917962e+01,1.920793e+01,1.910881e+01,1.925745e+01,1.920085e+01,1.922916e+01,1.917962e+01,1.917962e+01,1.915130e+01,1.920793e+01,1.919378e+01,1.913006e+01,1.939881e+01,1.931402e+01,1.967388e+01,1.975836e+01,2.026378e+01,2.048759e+01,2.047362e+01,2.062025e+01,2.047362e+01,2.069697e+01,2.062723e+01,2.071091e+01,2.081543e+01,2.079453e+01,2.080150e+01,2.056442e+01,2.055743e+01,2.050157e+01,2.059234e+01,2.059234e+01,2.065513e+01,2.047362e+01,2.050855e+01,2.042470e+01,2.071789e+01,2.059234e+01,2.064816e+01,2.063420e+01,2.067605e+01,2.065513e+01,2.069697e+01,2.070394e+01,2.073879e+01,2.061327e+01,2.057838e+01,2.069697e+01,2.076667e+01,2.066908e+01,2.068303e+01,2.074576e+01,2.071789e+01,2.067605e+01,2.068303e+01,2.072486e+01,2.066211e+01,2.069697e+01,2.064118e+01,2.068303e+01,2.064118e+01,2.061327e+01,2.073182e+01,2.064816e+01,2.066908e+01,2.059234e+01,2.062025e+01,2.077363e+01,2.035476e+01,2.059234e+01,2.051554e+01,2.057838e+01,2.054347e+01,2.068303e+01,2.054347e+01,2.066211e+01,2.066211e+01,2.070394e+01,2.067605e+01,2.062025e+01,2.067605e+01,2.065513e+01,2.075970e+01,2.066211e+01,2.039673e+01,2.070394e+01,2.062025e+01,2.066211e+01,2.071789e+01,2.071091e+01,2.062025e+01,2.063420e+01,2.066211e+01,2.064118e+01,2.068303e+01,2.069697e+01,2.068303e+01,2.062723e+01,2.066908e+01,2.062025e+01,2.068303e+01,2.064118e+01,2.062723e+01,2.069697e+01,2.084328e+01,2.096852e+01,2.112831e+01,2.122546e+01,2.126013e+01,2.123240e+01,2.121852e+01,2.125320e+01,2.124627e+01,2.118384e+01,2.118384e+01,2.114914e+01,2.116302e+01,2.117690e+01,2.121852e+01,2.119078e+01,2.121159e+01,2.123240e+01,2.124627e+01,2.130865e+01,2.121852e+01,2.135715e+01,2.126013e+01,2.121852e+01,2.132944e+01,2.128786e+01,2.126707e+01,2.128786e+01,2.125320e+01,2.126013e+01,2.125320e+01,2.126707e+01,2.112831e+01,2.127400e+01,2.119771e+01,2.120465e+01,2.139178e+01,2.148176e+01,2.152326e+01,2.158548e+01,2.159239e+01,2.148176e+01,2.133637e+01,2.134330e+01,2.116996e+01,2.132944e+01,2.135715e+01,2.102413e+01,2.140563e+01,2.141948e+01,2.146792e+01,2.146792e+01,2.157166e+01,2.153709e+01,2.153017e+01,2.150943e+01,2.138486e+01,2.130173e+01,2.132252e+01,2.135023e+01,2.136408e+01,2.122546e+01,2.127400e+01,2.130865e+01,2.126013e+01,2.128093e+01,2.129479e+01,2.115608e+01,2.121852e+01,2.108665e+01,2.113526e+01,2.112137e+01,2.121852e+01,2.112137e+01,2.119771e+01,2.113526e+01,2.114220e+01,2.105887e+01,2.110054e+01,2.107971e+01,2.115608e+01,2.107971e+01,2.096156e+01,2.107276e+01,2.105192e+01,2.105192e+01,2.105887e+01,2.110054e+01,2.112831e+01,2.112831e+01,2.105192e+01,2.119771e+01,2.120465e+01,2.110748e+01,2.108665e+01,2.122546e+01,2.117690e+01,2.110748e+01,2.108665e+01,2.115608e+01,2.137101e+01,2.116302e+01,2.111443e+01,2.091287e+01,2.112831e+01,2.113526e+01,2.111443e+01,2.109360e+01,2.110054e+01,2.109360e+01,2.123933e+01,2.121852e+01,2.130173e+01,2.138486e+01,2.111443e+01,2.077363e+01,2.088504e+01,2.057838e+01,2.055743e+01,2.071091e+01,2.073879e+01,2.077363e+01,2.071789e+01,2.064816e+01,2.071789e+01,2.071091e+01,2.069000e+01,2.061327e+01,2.070394e+01,2.060629e+01,2.060629e+01,2.059234e+01,2.050157e+01,2.046663e+01,2.054347e+01,2.073879e+01,2.064118e+01,2.057838e+01,2.065513e+01,2.063420e+01,2.063420e+01,2.044567e+01,2.064118e+01,2.052950e+01,2.066908e+01,2.054347e+01,2.071789e+01,2.066211e+01,2.066908e+01,2.069000e+01,2.057838e+01,2.048061e+01,2.056442e+01,2.050157e+01,2.055743e+01,2.053649e+01,2.073879e+01,2.063420e+01,2.058536e+01,2.059932e+01,2.064118e+01,2.051554e+01,2.066908e+01,2.071789e+01,2.066908e+01,2.055743e+01,2.062025e+01,2.061327e+01,2.053649e+01,2.068303e+01,2.052950e+01,2.052950e+01,2.071091e+01,2.073879e+01,2.056442e+01,2.045964e+01,2.057838e+01,2.057140e+01,2.059932e+01,2.058536e+01,2.062025e+01,2.063420e+01,2.055045e+01,2.059234e+01,2.050855e+01,2.059234e+01,2.054347e+01,2.078060e+01,2.043868e+01,2.066908e+01,2.055743e+01,2.049458e+01,2.044567e+01,2.055045e+01,2.047362e+01,2.071091e+01,2.050855e+01,2.059234e+01,2.058536e+01,2.054347e+01,2.058536e+01,2.051554e+01,2.052950e+01,2.051554e+01,2.063420e+01,2.063420e+01,2.072486e+01,2.050855e+01,2.046663e+01,2.063420e+01,2.050855e+01,2.059932e+01,2.051554e+01,2.043169e+01,2.044567e+01,2.058536e+01,2.047362e+01,2.060629e+01,2.064118e+01,2.052252e+01,2.063420e+01,2.051554e+01,2.052252e+01
2.051554e+01,2.063420e+01,2.068303e+01,2.062723e+01,2.066908e+01,2.059234e+01,2.064118e+01,2.058536e+01,2.055045e+01,2.051554e+01,2.055045e+01,2.066211e+01,2.062723e+01,2.055045e+01,2.052950e+01,2.059932e+01,2.052950e+01,2.053649e+01,2.054347e+01,2.055743e+01,2.055045e+01,2.049458e+01,2.033377e+01,2.045266e+01,2.045266e+01,2.028478e+01,2.038974e+01,2.040372e+01,2.041770e+01,2.041770e+01,2.040372e+01,2.041770e+01,2.025677e+01,2.031978e+01,2.057838e+01,2.039673e+01,2.043169e+01,2.043169e+01,2.023577e+01,2.032678e+01,2.041071e+01,2.030578e+01,2.032678e+01,2.037575e+01,2.060629e+01,2.043169e+01,2.045266e+01,2.036875e+01,2.047362e+01,2.052252e+01,2.089200e+01,2.094070e+01,2.066211e+01,2.078060e+01,2.098937e+01,2.072486e+01,2.043868e+01,2.042470e+01,2.043169e+01,2.041770e+01,2.031278e+01,2.030578e+01,2.034077e+01,2.038974e+01,2.039673e+01,2.041071e+01,2.055743e+01,2.052950e+01,2.044567e+01,2.043169e+01,2.054347e+01,2.059234e+01,2.058536e+01,2.041071e+01,2.066211e+01,2.045964e+01,2.049458e+01,2.068303e+01,2.064816e+01,2.056442e+01,2.069697e+01,2.065513e+01,2.056442e+01,2.071091e+01,2.064118e+01,2.067605e+01,2.069000e+01,2.059932e+01,2.067605e+01,2.081543e+01,2.071091e+01,2.071091e+01,2.072486e+01,2.072486e+01,2.071789e+01,2.071091e+01,2.073182e+01,2.077363e+01,2.072486e+01,2.074576e+01,2.063420e+01,2.074576e+01,2.069000e+01,2.074576e+01,2.064816e+01,2.061327e+01,2.063420e+01,2.073879e+01,2.075273e+01,2.068303e+01,2.064816e+01,2.069697e+01,2.071091e+01,2.057838e+01,2.066908e+01,2.066908e+01,2.063420e+01,2.065513e+01,2.066908e+01,2.083632e+01,2.072486e+01,2.089200e+01,2.099632e+01,2.100327e+01,2.098937e+01,2.104497e+01,2.078060e+01,2.075273e+01,2.079453e+01,2.072486e+01,2.066908e+01,2.064816e+01,2.064118e+01,2.073879e+01,2.064816e+01,2.059932e+01,2.076667e+01,2.064816e+01,2.073879e+01,2.069000e+01,2.069697e+01,2.067605e+01,2.069000e+01,2.066211e+01,2.066908e+01,2.063420e+01,2.060629e+01,2.064816e+01,2.072486e+01,2.064118e+01,2.066908e+01,2.052252e+01,2.067605e+01,2.073182e+01,2.064118e+01,2.043169e+01,2.067605e+01,2.059932e+01,2.069697e+01,2.073182e+01,2.057140e+01,2.069000e+01,2.064816e+01,2.055743e+01,2.049458e+01,2.059234e+01,2.066211e+01,2.067605e+01,2.066908e+01,2.057838e+01,2.060629e+01,2.053649e+01,2.066908e+01,2.062723e+01,2.057140e+01,2.062723e+01,2.059234e+01,2.066908e+01,2.067605e+01,2.060629e+01,2.064118e+01,2.052252e+01,2.053649e+01,2.074576e+01,2.058536e+01,2.071091e+01,2.062723e+01,2.060629e+01,2.058536e+01,2.048061e+01,2.062723e+01,2.057838e+01,2.046663e+01,2.062025e+01,2.056442e+01,2.061327e+01,2.056442e+01,2.058536e+01,2.058536e+01,2.054347e+01,2.059932e+01,2.065513e+01,2.060629e+01,2.070394e+01,2.057140e+01,2.058536e+01,2.069697e+01,2.068303e+01,2.068303e+01,2.059932e+01,2.061327e+01,2.056442e+01,2.061327e+01,2.062723e+01,2.062723e+01,2.063420e+01,2.065513e+01,2.064118e+01,2.063420e+01,2.055743e+01,2.059932e+01,2.058536e+01,2.062025e+01,2.058536e+01,2.058536e+01,2.069697e+01,2.056442e+01,2.063420e+01,2.069000e+01,2.057838e+01,2.052950e+01,2.045964e+01,2.059932e+01,2.054347e+01,2.064816e+01,2.062723e+01,2.054347e+01,2.064816e+01,2.054347e+01,2.055743e+01,2.055045e+01,2.050157e+01,2.051554e+01,2.057838e+01,2.052950e+01,2.051554e+01,2.043868e+01,2.061327e+01,2.055045e+01,2.059234e+01,2.058536e+01,2.059234e+01,2.064118e+01,2.069697e+01,2.073879e+01,2.097547e+01,2.085024e+01,2.093374e+01,2.087808e+01,2.089896e+01,2.061327e+01,2.059234e+01,2.056442e+01,2.057140e+01,2.045266e+01,2.042470e+01,2.050855e+01,2.048061e+01,2.051554e+01,2.053649e+01,2.055743e+01,2.048061e+01,2.053649e+01,2.055045e+01,2.050157e+01,2.049458e+01,2.038274e+01,2.043868e+01,2.045964e+01,2.043868e+01,2.042470e+01,2.036176e+01,2.001139e+01,1.964570e+01,1.941999e+01,1.935642e+01,1.915130e+01,1.920085e+01,1.921501e+01,1.905213e+01,1.900960e+01,1.890318e+01,1.879666e+01,1.881087e+01,1.882508e+01,1.881087e+01,1.886769e+01,1.883928e+01,1.888189e+01,1.897414e+01,1.908047e+01,1.915130e+01,1.915838e+01,1.914422e+01,1.927867e+01,1.922208e+01,1.932815e+01,1.932109e+01,1.929988e+01,1.928574e+01,1.927867e+01,1.930695e+01,1.920085e+01,1.919378e+01,1.921501e+01,1.920793e+01,1.909464e+01,1.935642e+01,1.911590e+01,1.908756e+01,1.920793e+01,1.925038e+01,1.919378e+01,1.917254e+01,1.928574e+01,1.923623e+01,1.942705e+01,1.946235e+01,1.969500e+01,2.024977e+01,2.047362e+01,2.052950e+01,2.049458e+01,2.062723e+01,2.061327e+01,2.064118e+01,2.062025e+01,2.079453e+01,2.080846e+01,2.080150e+01,2.054347e+01,2.051554e+01,2.055045e+01,2.054347e+01,2.050855e+01,2.057140e+01,2.064118e+01,2.048061e+01,2.071789e+01,2.062723e+01,2.056442e+01,2.062025e+01,2.054347e+01,2.068303e+01,2.071789e+01,2.037575e+01,2.072486e+01,2.063420e+01,2.071091e+01,2.048061e+01,2.073182e+01,2.066908e+01,2.074576e+01,2.075273e+01,2.068303e+01,2.069000e+01,2.069000e+01,2.075970e+01,2.050855e+01,2.066211e+01,2.064118e+01,2.064816e+01,2.064816e+01,2.073879e+01,2.075273e+01,2.074576e+01,2.073879e+01,2.064118e+01,2.071789e+01,2.059932e+01,2.059234e+01,2.056442e+01,2.064118e+01,2.065513e+01,2.071091e+01,2.062723e+01,2.067605e+01,2.070394e+01,2.059234e+01,2.063420e+01,2.062723e+01,2.064118e+01,2.078060e+01,2.042470e+01,2.061327e+01,2.057838e+01,2.066908e+01,2.059932e+01,2.047362e+01,2.057838e+01,2.062723e+01,2.065513e+01,2.059932e+01,2.069000e+01,2.062025e+01,2.075970e+01,2.067605e+01,2.064816e+01,2.057838e+01,2.060629e+01,2.066211e+01,2.068303e+01,2.066211e+01,2.069000e+01,2.069000e+01,2.070394e+01,2.077363e+01,2.059234e+01,2.110054e+01,2.126013e+01,2.128786e+01,2.123240e+01,2.123240e+01,2.121159e+01,2.119771e+01,2.126013e+01,2.123933e+01,2.118384e+01,2.119078e+01,2.126013e+01,2.125320e+01,2.120465e+01,2.123933e+01,2.119771e+01,2.119771e+01,2.132252e+01,2.144024e+01,2.121852e+01,2.114220e+01,2.109360e+01,2.134330e+01,2.111443e+01,2.132252e+01,2.124627e+01,2.130865e+01,2.123240e+01,2.125320e+01,2.125320e+01,2.141948e+01,2.126013e+01,2.123933e+01,2.139871e+01,2.128093e+01,2.144716e+01,2.162694e+01,2.165457e+01,2.158548e+01,2.139871e+01,2.135715e+01,2.134330e+01,2.131559e+01,2.126707e+01,2.129479e+01,2.130865e+01,2.137101e+01,2.141255e+01,2.139871e+01,2.154400e+01,2.148868e+01,2.154400e+01,2.150943e+01,2.148868e+01,2.150943e+01,2.139871e+01,2.153017e+01,2.129479e+01,2.139178e+01,2.124627e+01,2.129479e+01,2.132944e+01,2.142640e+01,2.139178e+01,2.127400e+01,2.133637e+01,2.135023e+01,2.123240e+01,2.110748e+01,2.119771e+01,2.108665e+01,2.113526e+01,2.118384e+01,2.116302e+01,2.104497e+01,2.110748e+01,2.112831e+01,2.107971e+01,2.110054e+01,2.111443e+01,2.106581e+01,2.105887e+01,2.106581e+01,2.102413e+01,2.098937e+01,2.112831e+01,2.110054e+01,2.109360e+01,2.111443e+01,2.116996e+01,2.101023e+01,2.115608e+01,2.098937e+01,2.115608e+01,2.102413e+01,2.113526e+01,2.101023e+01,2.107971e+01,2.099632e+01,2.115608e+01,2.110054e+01,2.103802e+01,2.098937e+01,2.112137e+01,2.110054e+01,2.110748e+01,2.107971e+01,2.116302e+01,2.100327e+01,2.101023e+01,2.130865e+01,2.125320e+01,2.144716e+01,2.116302e+01,2.093374e+01,2.070394e+01,2.064118e+01,2.061327e+01,2.061327e+01,2.061327e+01,2.064816e+01,2.068303e+01,2.072486e+01,2.060629e+01,2.061327e+01,2.066211e+01,2.059234e+01,2.061327e+01,2.045266e+01,2.071091e+01,2.059234e+01,2.052252e+01,2.062025e+01,2.047362e+01,2.045964e+01,2.047362e+01,2.063420e+01,2.066211e+01,2.066211e+01,2.062025e+01,2.059234e+01,2.055045e+01,2.059234e+01,2.060629e+01,2.057838e+01,2.054347e+01,2.063420e+01,2.069000e+01,2.064816e+01,2.045964e+01,2.052252e+01,2.048061e+01,2.066908e+01,2.062025e+01,2.068303e+01,2.064816e+01,2.059234e+01,2.071091e+01,2.071789e+01,2.067605e+01,2.081543e+01,2.061327e+01,2.067605e+01,2.060629e+01,2.066908e+01,2.057140e+01,2.056442e+01,2.055743e+01,2.066908e+01,2.063420e+01,2.052950e+01,2.062723e+01,2.063420e+01,2.046663e+01,2.062025e+01,2.066211e+01,2.059932e+01,2.054347e+01,2.062025e+01,2.066908e+01,2.061327e+01,2.050157e+01,2.050855e+01,2.064816e+01,2.057140e+01,2.059234e+01,2.061327e+01,2.057140e+01,2.082239e+01,2.066211e+01,2.057140e+01,2.071091e+01,2.050855e+01,2.057838e+01,2.045266e+01,2.059234e+01,2.056442e+01,2.048061e+01,2.059932e+01,2.059234e+01,2.066908e+01,2.055743e+01,2.047362e+01,2.050855e+01,2.071789e+01,2.050157e+01,2.050855e+01,2.049458e+01,2.047362e+01,2.052950e+01,2.050855e+01,2.066211e+01,2.041770e+01,2.057140e+01,2.059234e+01,2.058536e+01,2.059932e+01,2.061327e+01,2.062025e+01,2.048759e+01,2.049458e+01,2.049458e+01
2.067605e+01,2.066908e+01,2.059234e+01,2.057140e+01,2.069697e+01,2.065513e+01,2.071789e+01,2.055045e+01,2.078757e+01,2.067605e+01,2.055743e+01,2.069697e+01,2.070394e+01,2.062025e+01,2.062723e+01,2.071789e+01,2.062025e+01,2.064118e+01,2.059932e+01,2.054347e+01,2.048061e+01,2.048759e+01,2.063420e+01,2.041770e+01,2.049458e+01,2.063420e+01,2.051554e+01,2.044567e+01,2.044567e+01,2.051554e+01,2.047362e+01,2.038274e+01,2.039673e+01,2.043868e+01,2.037575e+01,2.048061e+01,2.054347e+01,2.041770e+01,2.022176e+01,2.038274e+01,2.042470e+01,2.044567e+01,2.045266e+01,2.032678e+01,2.035476e+01,2.041071e+01,2.047362e+01,2.053649e+01,2.065513e+01,2.064118e+01,2.080150e+01,2.085720e+01,2.088504e+01,2.071091e+01,2.098937e+01,2.066211e+01,2.044567e+01,2.047362e+01,2.036875e+01,2.041071e+01,2.045266e+01,2.057140e+01,2.038974e+01,2.041770e+01,2.056442e+01,2.061327e+01,2.043169e+01,2.048061e+01,2.041770e+01,2.050157e+01,2.055045e+01,2.045266e+01,2.060629e+01,2.055743e+01,2.051554e+01,2.050157e+01,2.055045e+01,2.045266e+01,2.066211e+01,2.066908e+01,2.057838e+01,2.078757e+01,2.071091e+01,2.057838e+01,2.062723e+01,2.045964e+01,2.059932e+01,2.073879e+01,2.071091e+01,2.075970e+01,2.073879e+01,2.075273e+01,2.073879e+01,2.070394e+01,2.069000e+01,2.072486e+01,2.066908e+01,2.075970e+01,2.070394e+01,2.078060e+01,2.078757e+01,2.076667e+01,2.059932e+01,2.061327e+01,2.084328e+01,2.063420e+01,2.074576e+01,2.083632e+01,2.071789e+01,2.064118e+01,2.057838e+01,2.045964e+01,2.074576e+01,2.073182e+01,2.070394e+01,2.069000e+01,2.071091e+01,2.066211e+01,2.080846e+01,2.070394e+01,2.071789e+01,2.103107e+01,2.102413e+01,2.101023e+01,2.113526e+01,2.092679e+01,2.076667e+01,2.081543e+01,2.075970e+01,2.079453e+01,2.088504e+01,2.065513e+01,2.066908e+01,2.065513e+01,2.073879e+01,2.069000e+01,2.075273e+01,2.078757e+01,2.069000e+01,2.069000e+01,2.081543e+01,2.080846e+01,2.071789e+01,2.066211e+01,2.063420e+01,2.064118e+01,2.077363e+01,2.057838e+01,2.063420e+01,2.067605e+01,2.064118e+01,2.067605e+01,2.066211e+01,2.053649e+01,2.065513e+01,2.067605e+01,2.065513e+01,2.071789e+01,2.074576e+01,2.071091e+01,2.057838e+01,2.065513e+01,2.060629e+01,2.065513e+01,2.066211e+01,2.068303e+01,2.064816e+01,2.066908e+01,2.055045e+01,2.055743e+01,2.064118e+01,2.055045e+01,2.059932e+01,2.055743e+01,2.055045e+01,2.066211e+01,2.055743e+01,2.062025e+01,2.055743e+01,2.068303e+01,2.069000e+01,2.052950e+01,2.058536e+01,2.058536e+01,2.055743e+01,2.054347e+01,2.073879e+01,2.068303e+01,2.063420e+01,2.061327e+01,2.064118e+01,2.059234e+01,2.064816e+01,2.062723e+01,2.060629e+01,2.068303e+01,2.078757e+01,2.070394e+01,2.069697e+01,2.066908e+01,2.066211e+01,2.063420e+01,2.060629e+01,2.071091e+01,2.058536e+01,2.047362e+01,2.057140e+01,2.060629e+01,2.052252e+01,2.059932e+01,2.052950e+01,2.064118e+01,2.070394e+01,2.062723e+01,2.069697e+01,2.057140e+01,2.066908e+01,2.056442e+01,2.057838e+01,2.056442e+01,2.059234e+01,2.070394e+01,2.059234e+01,2.055743e+01,2.056442e+01,2.056442e+01,2.054347e+01,2.055743e+01,2.069697e+01,2.061327e+01,2.059234e+01,2.066211e+01,2.069697e+01,2.055743e+01,2.062025e+01,2.055045e+01,2.057140e+01,2.061327e+01,2.056442e+01,2.062723e+01,2.055045e+01,2.050157e+01,2.055743e+01,2.054347e+01,2.050855e+01,2.051554e+01,2.050157e+01,2.074576e+01,2.058536e+01,2.057140e+01,2.061327e+01,2.071789e+01,2.057140e+01,2.060629e+01,2.073182e+01,2.082935e+01,2.098242e+01,2.071789e+01,2.080846e+01,2.093374e+01,2.075273e+01,2.053649e+01,2.057140e+01,2.053649e+01,2.061327e+01,2.044567e+01,2.051554e+01,2.046663e+01,2.055045e+01,2.052950e+01,2.050855e+01,2.038974e+01,2.049458e+01,2.046663e+01,2.050855e+01,2.057838e+01,2.048759e+01,2.025677e+01,2.040372e+01,2.048759e+01,2.043169e+01,2.033377e+01,2.022876e+01,1.961751e+01,1.967388e+01,1.939881e+01,1.920793e+01,1.927160e+01,1.897414e+01,1.901669e+01,1.898123e+01,1.881087e+01,1.882508e+01,1.873269e+01,1.881797e+01,1.888189e+01,1.885349e+01,1.897414e+01,1.879666e+01,1.891738e+01,1.916546e+01,1.911590e+01,1.917962e+01,1.917254e+01,1.921501e+01,1.925745e+01,1.923623e+01,1.936349e+01,1.923623e+01,1.928574e+01,1.927867e+01,1.927867e+01,1.915130e+01,1.916546e+01,1.917962e+01,1.924331e+01,1.921501e+01,1.920793e+01,1.917254e+01,1.923623e+01,1.925745e+01,1.931402e+01,1.914422e+01,1.937762e+01,1.931402e+01,1.932815e+01,1.946235e+01,1.934936e+01,1.961047e+01,2.000437e+01,2.045964e+01,2.048061e+01,2.048759e+01,2.061327e+01,2.053649e+01,2.062723e+01,2.061327e+01,2.078060e+01,2.077363e+01,2.079453e+01,2.053649e+01,2.060629e+01,2.059932e+01,2.059932e+01,2.064816e+01,2.057838e+01,2.059234e+01,2.055045e+01,2.061327e+01,2.060629e+01,2.069697e+01,2.056442e+01,2.065513e+01,2.065513e+01,2.058536e+01,2.073879e+01,2.070394e+01,2.057838e+01,2.074576e+01,2.069697e+01,2.069000e+01,2.066908e+01,2.074576e+01,2.066211e+01,2.078060e+01,2.067605e+01,2.066211e+01,2.075273e+01,2.065513e+01,2.050157e+01,2.067605e+01,2.068303e+01,2.065513e+01,2.067605e+01,2.060629e+01,2.064118e+01,2.061327e+01,2.073879e+01,2.067605e+01,2.066908e+01,2.063420e+01,2.062723e+01,2.057838e+01,2.057140e+01,2.078757e+01,2.073182e+01,2.064118e+01,2.057838e+01,2.071091e+01,2.056442e+01,2.059932e+01,2.064816e+01,2.062025e+01,2.062723e+01,2.062723e+01,2.068303e+01,2.059932e+01,2.066908e+01,2.071091e+01,2.079453e+01,2.073182e+01,2.059234e+01,2.057838e+01,2.064118e+01,2.064816e+01,2.066211e+01,2.067605e+01,2.064118e+01,2.069697e+01,2.066908e+01,2.079453e+01,2.066908e+01,2.063420e+01,2.043868e+01,2.065513e+01,2.048061e+01,2.072486e+01,2.071789e+01,2.113526e+01,2.122546e+01,2.121159e+01,2.121159e+01,2.124627e+01,2.139178e+01,2.127400e+01,2.123933e+01,2.122546e+01,2.119078e+01,2.128093e+01,2.125320e+01,2.122546e+01,2.126707e+01,2.123240e+01,2.124627e+01,2.127400e+01,2.118384e+01,2.123240e+01,2.117690e+01,2.132944e+01,2.121159e+01,2.121852e+01,2.130173e+01,2.129479e+01,2.135023e+01,2.119771e+01,2.126707e+01,2.128786e+01,2.116996e+01,2.122546e+01,2.121852e+01,2.139178e+01,2.128786e+01,2.148868e+01,2.139871e+01,2.153709e+01,2.155092e+01,2.165457e+01,2.137793e+01,2.129479e+01,2.128786e+01,2.135023e+01,2.121852e+01,2.126707e+01,2.132252e+01,2.131559e+01,2.132944e+01,2.138486e+01,2.150943e+01,2.146792e+01,2.153709e+01,2.153709e+01,2.158548e+01,2.137793e+01,2.154400e+01,2.139871e+01,2.144716e+01,2.139871e+01,2.139871e+01,2.136408e+01,2.159239e+01,2.139871e+01,2.131559e+01,2.128093e+01,2.125320e+01,2.123933e+01,2.144024e+01,2.136408e+01,2.123240e+01,2.131559e+01,2.114914e+01,2.126707e+01,2.115608e+01,2.113526e+01,2.110748e+01,2.104497e+01,2.101023e+01,2.112831e+01,2.106581e+01,2.109360e+01,2.121852e+01,2.106581e+01,2.106581e+01,2.120465e+01,2.110054e+01,2.102413e+01,2.114914e+01,2.119771e+01,2.086416e+01,2.119078e+01,2.111443e+01,2.110748e+01,2.123933e+01,2.108665e+01,2.110748e+01,2.111443e+01,2.109360e+01,2.107276e+01,2.104497e+01,2.112831e+01,2.115608e+01,2.112831e+01,2.112137e+01,2.107276e+01,2.099632e+01,2.115608e+01,2.114914e+01,2.125320e+01,2.123933e+01,2.126707e+01,2.130173e+01,2.136408e+01,2.115608e+01,2.089200e+01,2.085024e+01,2.080150e+01,2.073182e+01,2.066211e+01,2.052252e+01,2.068303e+01,2.061327e+01,2.075273e+01,2.059932e+01,2.068303e+01,2.055045e+01,2.059932e+01,2.052252e+01,2.057838e+01,2.082935e+01,2.050855e+01,2.057838e+01,2.062025e+01,2.057140e+01,2.087112e+01,2.057140e+01,2.064118e+01,2.048061e+01,2.068303e+01,2.050855e+01,2.060629e+01,2.063420e+01,2.062723e+01,2.061327e+01,2.059234e+01,2.059234e+01,2.063420e+01,2.061327e+01,2.069000e+01,2.059234e+01,2.065513e+01,2.065513e+01,2.081543e+01,2.061327e+01,2.066211e+01,2.055045e+01,2.063420e+01,2.067605e+01,2.064118e+01,2.079453e+01,2.058536e+01,2.059932e+01,2.068303e+01,2.064118e+01,2.068303e+01,2.069000e+01,2.066211e+01,2.067605e+01,2.062025e+01,2.056442e+01,2.059234e+01,2.069697e+01,2.054347e+01,2.052252e+01,2.055045e+01,2.043169e+01,2.058536e+01,2.058536e+01,2.060629e+01,2.055743e+01,2.054347e+01,2.070394e+01,2.059234e+01,2.070394e+01,2.062723e+01,2.064118e+01,2.050855e+01,2.049458e+01,2.066908e+01,2.078060e+01,2.074576e+01,2.050157e+01,2.052950e+01,2.073182e+01,2.062025e+01,2.059234e+01,2.059234e+01,2.061327e+01,2.064816e+01,2.059234e+01,2.065513e+01,2.062723e+01,2.048759e+01,2.056442e+01,2.054347e+01,2.053649e+01,2.050157e+01,2.052252e+01,2.053649e+01,2.061327e+01,2.055045e+01,2.055045e+01,2.051554e+01,2.061327e+01,2.072486e+01,2.075273e+01,2.044567e+01,2.072486e+01,2.066211e+01,2.045266e+01,2.063420e+01,2.046663e+01
2.061327e+01,2.064118e+01,2.053649e+01,2.057140e+01,2.068303e+01,2.055743e+01,2.052252e+01,2.074576e+01,2.072486e+01,2.064816e+01,2.064118e+01,2.064816e+01,2.065513e+01,2.057140e+01,2.066211e+01,2.074576e+01,2.065513e+01,2.074576e+01,2.055743e+01,2.052252e+01,2.051554e+01,2.044567e+01,2.047362e+01,2.069000e+01,2.065513e+01,2.064816e+01,2.065513e+01,2.045266e+01,2.039673e+01,2.057140e+01,2.043169e+01,2.046663e+01,2.056442e+01,2.052252e+01,2.052950e+01,2.059932e+01,2.043169e+01,2.050855e+01,2.055743e+01,2.034777e+01,2.040372e+01,2.044567e+01,2.063420e+01,2.045266e+01,2.051554e+01,2.048759e+01,2.052252e+01,2.053649e+01,2.051554e+01,2.081543e+01,2.085720e+01,2.094070e+01,2.088504e+01,2.070394e+01,2.084328e+01,2.043868e+01,2.046663e+01,2.056442e+01,2.051554e+01,2.048061e+01,2.042470e+01,2.050855e+01,2.062723e+01,2.065513e+01,2.063420e+01,2.057838e+01,2.066908e+01,2.056442e+01,2.053649e+01,2.069697e+01,2.074576e+01,2.044567e+01,2.064816e+01,2.064118e+01,2.060629e+01,2.059932e+01,2.056442e+01,2.066908e+01,2.067605e+01,2.069697e+01,2.069697e+01,2.059234e+01,2.079453e+01,2.075970e+01,2.062025e+01,2.071091e+01,2.069697e+01,2.075970e+01,2.078060e+01,2.068303e+01,2.072486e+01,2.073879e+01,2.076667e+01,2.076667e+01,2.076667e+01,2.079453e+01,2.073879e+01,2.068303e+01,2.072486e+01,2.075273e+01,2.075273e+01,2.054347e+01,2.075970e+01,2.059932e+01,2.075273e+01,2.069000e+01,2.081543e+01,2.079453e+01,2.068303e+01,2.070394e+01,2.084328e+01,2.075970e+01,2.061327e+01,2.070394e+01,2.061327e+01,2.073879e+01,2.066908e+01,2.064816e+01,2.078757e+01,2.065513e+01,2.080846e+01,2.102413e+01,2.132944e+01,2.119771e+01,2.103107e+01,2.089896e+01,2.085024e+01,2.070394e+01,2.099632e+01,2.078757e+01,2.073182e+01,2.068303e+01,2.085024e+01,2.080846e+01,2.077363e+01,2.080150e+01,2.073182e+01,2.065513e+01,2.078060e+01,2.073879e+01,2.083632e+01,2.071789e+01,2.069697e+01,2.072486e+01,2.073182e+01,2.075273e+01,2.071091e+01,2.072486e+01,2.075273e+01,2.059932e+01,2.068303e+01,2.073182e+01,2.069697e+01,2.069697e+01,2.059234e+01,2.071091e+01,2.069697e+01,2.066211e+01,2.058536e+01,2.071091e+01,2.069000e+01,2.067605e+01,2.066211e+01,2.067605e+01,2.064118e+01,2.048759e+01,2.055045e+01,2.061327e+01,2.047362e+01,2.055045e+01,2.069697e+01,2.065513e+01,2.063420e+01,2.050855e+01,2.052950e+01,2.052950e+01,2.062025e+01,2.062025e+01,2.090592e+01,2.058536e+01,2.062723e+01,2.064816e+01,2.059932e+01,2.061327e+01,2.062025e+01,2.077363e+01,2.067605e+01,2.064118e+01,2.062723e+01,2.069697e+01,2.069697e+01,2.066908e+01,2.062025e+01,2.065513e+01,2.060629e+01,2.062025e+01,2.060629e+01,2.062025e+01,2.069000e+01,2.055743e+01,2.066908e+01,2.056442e+01,2.057838e+01,2.052950e+01,2.058536e+01,2.064816e+01,2.050855e+01,2.060629e+01,2.053649e+01,2.059234e+01,2.067605e+01,2.071789e+01,2.056442e+01,2.066908e+01,2.057838e+01,2.060629e+01,2.057140e+01,2.060629e+01,2.054347e+01,2.057838e+01,2.053649e+01,2.054347e+01,2.057838e+01,2.054347e+01,2.053649e+01,2.060629e+01,2.057140e+01,2.059932e+01,2.055743e+01,2.051554e+01,2.069000e+01,2.057140e+01,2.050157e+01,2.066908e+01,2.057140e+01,2.055743e+01,2.067605e+01,2.059932e+01,2.053649e+01,2.056442e+01,2.050855e+01,2.053649e+01,2.055743e+01,2.055743e+01,2.047362e+01,2.054347e+01,2.047362e+01,2.063420e+01,2.058536e+01,2.058536e+01,2.059234e+01,2.070394e+01,2.072486e+01,2.061327e+01,2.096852e+01,2.089200e+01,2.094070e+01,2.080150e+01,2.080150e+01,2.090592e+01,2.071091e+01,2.052950e+01,2.057140e+01,2.055743e+01,2.044567e+01,2.070394e+01,2.064118e+01,2.046663e+01,2.041071e+01,2.050157e+01,2.051554e+01,2.050157e+01,2.052252e+01,2.053649e+01,2.055045e+01,2.049458e+01,2.050855e+01,2.051554e+01,2.048759e+01,2.045964e+01,2.052950e+01,2.048759e+01,2.025677e+01,1.993414e+01,1.956112e+01,1.931402e+01,1.922916e+01,1.903087e+01,1.900960e+01,1.900251e+01,1.889609e+01,1.878245e+01,1.881087e+01,1.881087e+01,1.878955e+01,1.869713e+01,1.886059e+01,1.885349e+01,1.896704e+01,1.898832e+01,1.899541e+01,1.895995e+01,1.910173e+01,1.924331e+01,1.937762e+01,1.941999e+01,1.945529e+01,1.934229e+01,1.926452e+01,1.925745e+01,1.927160e+01,1.927160e+01,1.911590e+01,1.921501e+01,1.927867e+01,1.920085e+01,1.910881e+01,1.918670e+01,1.925745e+01,1.922208e+01,1.925745e+01,1.937055e+01,1.920085e+01,1.943411e+01,1.929281e+01,1.924331e+01,1.925745e+01,1.937762e+01,1.948352e+01,1.975132e+01,2.026378e+01,2.044567e+01,2.044567e+01,2.054347e+01,2.028478e+01,2.031978e+01,2.032678e+01,2.051554e+01,2.034077e+01,2.039673e+01,2.034777e+01,2.029878e+01,2.048061e+01,2.028478e+01,2.034077e+01,2.056442e+01,2.036176e+01,2.037575e+01,2.039673e+01,2.062025e+01,2.057838e+01,2.057838e+01,2.057838e+01,2.059234e+01,2.069000e+01,2.064816e+01,2.087112e+01,2.041071e+01,2.064816e+01,2.057140e+01,2.061327e+01,2.057838e+01,2.074576e+01,2.065513e+01,2.069000e+01,2.073182e+01,2.069697e+01,2.071789e+01,2.062723e+01,2.073879e+01,2.066211e+01,2.077363e+01,2.067605e+01,2.076667e+01,2.065513e+01,2.060629e+01,2.066211e+01,2.066211e+01,2.071091e+01,2.073879e+01,2.071789e+01,2.073879e+01,2.076667e+01,2.073182e+01,2.061327e+01,2.080846e+01,2.065513e+01,2.062723e+01,2.067605e+01,2.063420e+01,2.062723e+01,2.063420e+01,2.069000e+01,2.064816e+01,2.061327e+01,2.070394e+01,2.065513e+01,2.064816e+01,2.068303e+01,2.071091e+01,2.062025e+01,2.073182e+01,2.072486e+01,2.068303e+01,2.064118e+01,2.059234e+01,2.062025e+01,2.064118e+01,2.069697e+01,2.064118e+01,2.067605e+01,2.064816e+01,2.070394e+01,2.068303e+01,2.067605e+01,2.067605e+01,2.067605e+01,2.068303e+01,2.104497e+01,2.115608e+01,2.121159e+01,2.120465e+01,2.133637e+01,2.124627e+01,2.125320e+01,2.138486e+01,2.124627e+01,2.123933e+01,2.118384e+01,2.116302e+01,2.126013e+01,2.114914e+01,2.119078e+01,2.121852e+01,2.114914e+01,2.123240e+01,2.123240e+01,2.135023e+01,2.122546e+01,2.121852e+01,2.133637e+01,2.137101e+01,2.134330e+01,2.132252e+01,2.132944e+01,2.129479e+01,2.129479e+01,2.127400e+01,2.121852e+01,2.129479e+01,2.132252e+01,2.130865e+01,2.135023e+01,2.138486e+01,2.148176e+01,2.155783e+01,2.137101e+01,2.132252e+01,2.137101e+01,2.130865e+01,2.125320e+01,2.132944e+01,2.131559e+01,2.133637e+01,2.123933e+01,2.138486e+01,2.139871e+01,2.132252e+01,2.141255e+01,2.154400e+01,2.153709e+01,2.144024e+01,2.150943e+01,2.137793e+01,2.132944e+01,2.137793e+01,2.130173e+01,2.139871e+01,2.141255e+01,2.139178e+01,2.137101e+01,2.128786e+01,2.127400e+01,2.130865e+01,2.123933e+01,2.122546e+01,2.128093e+01,2.123240e+01,2.127400e+01,2.121159e+01,2.124627e+01,2.121852e+01,2.110748e+01,2.111443e+01,2.121159e+01,2.109360e+01,2.108665e+01,2.108665e+01,2.116996e+01,2.106581e+01,2.122546e+01,2.112831e+01,2.123240e+01,2.116996e+01,2.110054e+01,2.116302e+01,2.108665e+01,2.104497e+01,2.107971e+01,2.120465e+01,2.105887e+01,2.110054e+01,2.109360e+01,2.113526e+01,2.108665e+01,2.111443e+01,2.109360e+01,2.105887e+01,2.105887e+01,2.110054e+01,2.108665e+01,2.121852e+01,2.106581e+01,2.109360e+01,2.114220e+01,2.119771e+01,2.121159e+01,2.108665e+01,2.119771e+01,2.128786e+01,2.144024e+01,2.132252e+01,2.115608e+01,2.086416e+01,2.054347e+01,2.079453e+01,2.065513e+01,2.064118e+01,2.060629e+01,2.064118e+01,2.063420e+01,2.066211e+01,2.068303e+01,2.069697e+01,2.069697e+01,2.066908e+01,2.059234e+01,2.073879e+01,2.069000e+01,2.050855e+01,2.058536e+01,2.053649e+01,2.050855e+01,2.066211e+01,2.052950e+01,2.064816e+01,2.063420e+01,2.052252e+01,2.056442e+01,2.061327e+01,2.061327e+01,2.060629e+01,2.067605e+01,2.063420e+01,2.057838e+01,2.058536e+01,2.074576e+01,2.059234e+01,2.064118e+01,2.063420e+01,2.064816e+01,2.063420e+01,2.063420e+01,2.072486e+01,2.062723e+01,2.071789e+01,2.074576e+01,2.071091e+01,2.074576e+01,2.061327e+01,2.063420e+01,2.066211e+01,2.069000e+01,2.066908e+01,2.050855e+01,2.050157e+01,2.052252e+01,2.071789e+01,2.071091e+01,2.057838e+01,2.066908e+01,2.065513e+01,2.047362e+01,2.053649e+01,2.058536e+01,2.057838e+01,2.059932e+01,2.065513e+01,2.057140e+01,2.055743e+01,2.053649e+01,2.060629e+01,2.057838e+01,2.060629e+01,2.041770e+01,2.057140e+01,2.052950e+01,2.057838e+01,2.050855e+01,2.072486e+01,2.045266e+01,2.057140e+01,2.043868e+01,2.045964e+01,2.045266e+01,2.055743e+01,2.044567e+01,2.062025e+01,2.049458e+01,2.058536e+01,2.058536e+01,2.057140e+01,2.057140e+01,2.053649e+01,2.057838e+01,2.054347e+01,2.051554e+01,2.054347e+01,2.057140e+01,2.060629e+01,2.059932e+01,2.057140e+01,2.036875e+01,2.059234e+01,2.038974e+01,2.059234e+01,2.022176e+01,2.043169e+01,2.048061e+01,2.042470e+01
2.056442e+01,2.055045e+01,2.067605e+01,2.061327e+01,2.060629e+01,2.072486e+01,2.057140e+01,2.071789e+01,2.052950e+01,2.062723e+01,2.046663e+01,2.055045e+01,2.059932e+01,2.066211e+01,2.046663e+01,2.064118e+01,2.065513e+01,2.069000e+01,2.069697e+01,2.065513e+01,2.055045e+01,2.066211e+01,2.059932e+01,2.059932e+01,2.052252e+01,2.066908e+01,2.066908e+01,2.048061e+01,2.044567e+01,2.047362e+01,2.041071e+01,2.057838e+01,2.058536e+01,2.056442e+01,2.050855e+01,2.056442e+01,2.051554e+01,2.040372e+01,2.039673e+01,2.049458e+01,2.061327e+01,2.045266e+01,2.043169e+01,2.039673e+01,2.060629e+01,2.055045e+01,2.052950e+01,2.051554e+01,2.068303e+01,2.088504e+01,2.094070e+01,2.091983e+01,2.089896e+01,2.082935e+01,2.057140e+01,2.065513e+01,2.055743e+01,2.052950e+01,2.055045e+01,2.052252e+01,2.047362e+01,2.049458e+01,2.064816e+01,2.048061e+01,2.050157e+01,2.066211e+01,2.064118e+01,2.066908e+01,2.056442e+01,2.068303e+01,2.066211e+01,2.065513e+01,2.062723e+01,2.066211e+01,2.076667e+01,2.059234e+01,2.062723e+01,2.065513e+01,2.078060e+01,2.074576e+01,2.055045e+01,2.073879e+01,2.071789e+01,2.073879e+01,2.070394e+01,2.069697e+01,2.069000e+01,2.076667e+01,2.081543e+01,2.071091e+01,2.070394e+01,2.070394e+01,2.073182e+01,2.074576e+01,2.068303e+01,2.069000e+01,2.075273e+01,2.066908e+01,2.081543e+01,2.076667e+01,2.076667e+01,2.078060e+01,2.075273e+01,2.075273e+01,2.066908e+01,2.074576e+01,2.066908e+01,2.069697e+01,2.079453e+01,2.064118e+01,2.079453e+01,2.066211e+01,2.066908e+01,2.058536e+01,2.074576e+01,2.059234e+01,2.055045e+01,2.073879e+01,2.080846e+01,2.080846e+01,2.091287e+01,2.105887e+01,2.112831e+01,2.107971e+01,2.098242e+01,2.081543e+01,2.080150e+01,2.067605e+01,2.068303e+01,2.067605e+01,2.066908e+01,2.069000e+01,2.065513e+01,2.079453e+01,2.077363e+01,2.062723e+01,2.082935e+01,2.078060e+01,2.074576e+01,2.068303e+01,2.086416e+01,2.082239e+01,2.078757e+01,2.075273e+01,2.070394e+01,2.073182e+01,2.076667e+01,2.072486e+01,2.074576e+01,2.067605e+01,2.075273e+01,2.070394e+01,2.071091e+01,2.071091e+01,2.062723e+01,2.063420e+01,2.071789e+01,2.063420e+01,2.061327e+01,2.075273e+01,2.066211e+01,2.071091e+01,2.045266e+01,2.062723e+01,2.069000e+01,2.068303e+01,2.051554e+01,2.057838e+01,2.056442e+01,2.067605e+01,2.051554e+01,2.064118e+01,2.062025e+01,2.060629e+01,2.057838e+01,2.058536e+01,2.064816e+01,2.061327e+01,2.055045e+01,2.052252e+01,2.063420e+01,2.063420e+01,2.062025e+01,2.069697e+01,2.054347e+01,2.063420e+01,2.053649e+01,2.062723e+01,2.060629e+01,2.069000e+01,2.062723e+01,2.064816e+01,2.058536e+01,2.059234e+01,2.061327e+01,2.062723e+01,2.066211e+01,2.064118e+01,2.062723e+01,2.060629e+01,2.055045e+01,2.078757e+01,2.054347e+01,2.061327e+01,2.062723e+01,2.058536e+01,2.059234e+01,2.056442e+01,2.051554e+01,2.055045e+01,2.066211e+01,2.064816e+01,2.068303e+01,2.068303e+01,2.070394e+01,2.068303e+01,2.062025e+01,2.058536e+01,2.055045e+01,2.061327e+01,2.055743e+01,2.061327e+01,2.061327e+01,2.062723e+01,2.060629e+01,2.056442e+01,2.066908e+01,2.064118e+01,2.059234e+01,2.064816e+01,2.055045e+01,2.065513e+01,2.071091e+01,2.065513e+01,2.059932e+01,2.073879e+01,2.059932e+01,2.074576e+01,2.061327e+01,2.058536e+01,2.052950e+01,2.073879e+01,2.048061e+01,2.064816e+01,2.051554e+01,2.069000e+01,2.057838e+01,2.055045e+01,2.062025e+01,2.057838e+01,2.058536e+01,2.080846e+01,2.052950e+01,2.081543e+01,2.080150e+01,2.083632e+01,2.080150e+01,2.090592e+01,2.090592e+01,2.086416e+01,2.069697e+01,2.054347e+01,2.055045e+01,2.059234e+01,2.056442e+01,2.050855e+01,2.052950e+01,2.048061e+01,2.049458e+01,2.050157e+01,2.072486e+01,2.045266e+01,2.052950e+01,2.053649e+01,2.054347e+01,2.050157e+01,2.045266e+01,2.034077e+01,2.050157e+01,2.047362e+01,2.043169e+01,2.046663e+01,2.043169e+01,1.984277e+01,1.959637e+01,1.937762e+01,1.915838e+01,1.902378e+01,1.889609e+01,1.906630e+01,1.887479e+01,1.887479e+01,1.881797e+01,1.883218e+01,1.883218e+01,1.873980e+01,1.883218e+01,1.897414e+01,1.883928e+01,1.896704e+01,1.899541e+01,1.912298e+01,1.913714e+01,1.913714e+01,1.925038e+01,1.934936e+01,1.942705e+01,1.939881e+01,1.935642e+01,1.925038e+01,1.923623e+01,1.917254e+01,1.928574e+01,1.920793e+01,1.911590e+01,1.920793e+01,1.920793e+01,1.923623e+01,1.926452e+01,1.927160e+01,1.922916e+01,1.925038e+01,1.921501e+01,1.953996e+01,1.932109e+01,1.940587e+01,1.946941e+01,1.946235e+01,1.949058e+01,1.954701e+01,1.971613e+01,2.027078e+01,2.022176e+01,1.989198e+01,1.987792e+01,1.982168e+01,1.976540e+01,1.985683e+01,1.981464e+01,1.986386e+01,1.996224e+01,1.985683e+01,1.987090e+01,1.982168e+01,2.002542e+01,2.003244e+01,2.004648e+01,2.033377e+01,2.032678e+01,2.038274e+01,2.055045e+01,2.057140e+01,2.059932e+01,2.062025e+01,2.061327e+01,2.069000e+01,2.068303e+01,2.066908e+01,2.065513e+01,2.049458e+01,2.063420e+01,2.064816e+01,2.072486e+01,2.066908e+01,2.077363e+01,2.066908e+01,2.070394e+01,2.071091e+01,2.068303e+01,2.067605e+01,2.071789e+01,2.066908e+01,2.070394e+01,2.063420e+01,2.071789e+01,2.071789e+01,2.071091e+01,2.059932e+01,2.069697e+01,2.069697e+01,2.064816e+01,2.065513e+01,2.059932e+01,2.068303e+01,2.057140e+01,2.060629e+01,2.057140e+01,2.078060e+01,2.060629e+01,2.066908e+01,2.073879e+01,2.057140e+01,2.062025e+01,2.062723e+01,2.056442e+01,2.064118e+01,2.062723e+01,2.061327e+01,2.059932e+01,2.064816e+01,2.072486e+01,2.084328e+01,2.057838e+01,2.049458e+01,2.059932e+01,2.062723e+01,2.069697e+01,2.062723e+01,2.063420e+01,2.062723e+01,2.048061e+01,2.063420e+01,2.062025e+01,2.066908e+01,2.067605e+01,2.064816e+01,2.061327e+01,2.071091e+01,2.089896e+01,2.119078e+01,2.121159e+01,2.125320e+01,2.127400e+01,2.121852e+01,2.128786e+01,2.127400e+01,2.121159e+01,2.119771e+01,2.125320e+01,2.116996e+01,2.117690e+01,2.124627e+01,2.119078e+01,2.123240e+01,2.118384e+01,2.123240e+01,2.125320e+01,2.129479e+01,2.129479e+01,2.135715e+01,2.129479e+01,2.137793e+01,2.144024e+01,2.141255e+01,2.143332e+01,2.141948e+01,2.123933e+01,2.119771e+01,2.124627e+01,2.117690e+01,2.133637e+01,2.135023e+01,2.150251e+01,2.147484e+01,2.144716e+01,2.139871e+01,2.128786e+01,2.123933e+01,2.135715e+01,2.137793e+01,2.124627e+01,2.123240e+01,2.130865e+01,2.117690e+01,2.106581e+01,2.126707e+01,2.121852e+01,2.146100e+01,2.133637e+01,2.141255e+01,2.136408e+01,2.141948e+01,2.142640e+01,2.138486e+01,2.139178e+01,2.132252e+01,2.130865e+01,2.124627e+01,2.134330e+01,2.128786e+01,2.134330e+01,2.131559e+01,2.141948e+01,2.133637e+01,2.128786e+01,2.127400e+01,2.126707e+01,2.121159e+01,2.123933e+01,2.129479e+01,2.121159e+01,2.130865e+01,2.119771e+01,2.119771e+01,2.123933e+01,2.112137e+01,2.111443e+01,2.105192e+01,2.105887e+01,2.104497e+01,2.119078e+01,2.103107e+01,2.103802e+01,2.110748e+01,2.114914e+01,2.105192e+01,2.094070e+01,2.110748e+01,2.111443e+01,2.109360e+01,2.118384e+01,2.107971e+01,2.107971e+01,2.107971e+01,2.109360e+01,2.115608e+01,2.105192e+01,2.114914e+01,2.115608e+01,2.103107e+01,2.119771e+01,2.103107e+01,2.118384e+01,2.101718e+01,2.112831e+01,2.112137e+01,2.115608e+01,2.127400e+01,2.128786e+01,2.132252e+01,2.131559e+01,2.129479e+01,2.100327e+01,2.084328e+01,2.080846e+01,2.065513e+01,2.065513e+01,2.066211e+01,2.061327e+01,2.062025e+01,2.059932e+01,2.066908e+01,2.072486e+01,2.064118e+01,2.069000e+01,2.067605e+01,2.069000e+01,2.055743e+01,2.069697e+01,2.073182e+01,2.066908e+01,2.057140e+01,2.055045e+01,2.062025e+01,2.045964e+01,2.049458e+01,2.055045e+01,2.055743e+01,2.064816e+01,2.052950e+01,2.059234e+01,2.066211e+01,2.041071e+01,2.057140e+01,2.063420e+01,2.064118e+01,2.063420e+01,2.062723e+01,2.063420e+01,2.067605e+01,2.065513e+01,2.064816e+01,2.063420e+01,2.072486e+01,2.071789e+01,2.059932e+01,2.069000e+01,2.069000e+01,2.075273e+01,2.064118e+01,2.064118e+01,2.063420e+01,2.063420e+01,2.067605e+01,2.071091e+01,2.071789e+01,2.060629e+01,2.049458e+01,2.059932e+01,2.055743e+01,2.057838e+01,2.055743e+01,2.050157e+01,2.052950e+01,2.051554e+01,2.061327e+01,2.062025e+01,2.065513e+01,2.061327e+01,2.041770e+01,2.049458e+01,2.043868e+01,2.071789e+01,2.044567e+01,2.066908e+01,2.059932e+01,2.048759e+01,2.054347e+01,2.046663e+01,2.055743e+01,2.059234e+01,2.045964e+01,2.051554e+01,2.057838e+01,2.050855e+01,2.057838e+01,2.044567e+01,2.060629e+01,2.062025e+01,2.049458e+01,2.055743e+01,2.057140e+01,2.053649e+01,2.054347e+01,2.075273e+01,2.053649e+01,2.044567e+01,2.057838e+01,2.055045e+01,2.057838e+01,2.062723e+01,2.073879e+01,2.055743e+01,2.056442e+01,2.040372e+01,2.059234e+01,2.060629e+01,2.053649e+01,2.046663e+01,2.049458e+01
2.059234e+01,2.069000e+01,2.067605e+01,2.069000e+01,2.080150e+01,2.060629e+01,2.064118e+01,2.059234e+01,2.057838e+01,2.052950e+01,2.066211e+01,2.057838e+01,2.064816e+01,2.078757e+01,2.064118e+01,2.066908e+01,2.062025e+01,2.056442e+01,2.075273e+01,2.064816e+01,2.055743e+01,2.046663e+01,2.066908e+01,2.058536e+01,2.064118e+01,2.066211e+01,2.066211e+01,2.066211e+01,2.072486e+01,2.048759e+01,2.059932e+01,2.041071e+01,2.059932e+01,2.071789e+01,2.056442e+01,2.062025e+01,2.054347e+01,2.057838e+01,2.063420e+01,2.061327e+01,2.062025e+01,2.048061e+01,2.049458e+01,2.050855e+01,2.047362e+01,2.048061e+01,2.076667e+01,2.057838e+01,2.052252e+01,2.070394e+01,2.089200e+01,2.098937e+01,2.069000e+01,2.078757e+01,2.050855e+01,2.040372e+01,2.052252e+01,2.052252e+01,2.054347e+01,2.056442e+01,2.068303e+01,2.064118e+01,2.054347e+01,2.064118e+01,2.062723e+01,2.067605e+01,2.066908e+01,2.065513e+01,2.069000e+01,2.066211e+01,2.063420e+01,2.062723e+01,2.073879e+01,2.057140e+01,2.062025e+01,2.061327e+01,2.060629e+01,2.080150e+01,2.073879e+01,2.074576e+01,2.080846e+01,2.078757e+01,2.073879e+01,2.075273e+01,2.070394e+01,2.089896e+01,2.070394e+01,2.068303e+01,2.066211e+01,2.075273e+01,2.075273e+01,2.077363e+01,2.073879e+01,2.069697e+01,2.073182e+01,2.078060e+01,2.071789e+01,2.079453e+01,2.066908e+01,2.069697e+01,2.079453e+01,2.077363e+01,2.059234e+01,2.071789e+01,2.069000e+01,2.089896e+01,2.073182e+01,2.074576e+01,2.077363e+01,2.063420e+01,2.063420e+01,2.063420e+01,2.073182e+01,2.073182e+01,2.070394e+01,2.060629e+01,2.071789e+01,2.067605e+01,2.079453e+01,2.081543e+01,2.096852e+01,2.108665e+01,2.107971e+01,2.111443e+01,2.084328e+01,2.081543e+01,2.062025e+01,2.069697e+01,2.068303e+01,2.081543e+01,2.073879e+01,2.067605e+01,2.078060e+01,2.075970e+01,2.078757e+01,2.074576e+01,2.087112e+01,2.079453e+01,2.068303e+01,2.075970e+01,2.072486e+01,2.083632e+01,2.064816e+01,2.079453e+01,2.073182e+01,2.075970e+01,2.073879e+01,2.073879e+01,2.072486e+01,2.072486e+01,2.071789e+01,2.066211e+01,2.067605e+01,2.071789e+01,2.073182e+01,2.072486e+01,2.065513e+01,2.070394e+01,2.069697e+01,2.079453e+01,2.071789e+01,2.069697e+01,2.071789e+01,2.049458e+01,2.068303e+01,2.064118e+01,2.063420e+01,2.057838e+01,2.075970e+01,2.075273e+01,2.066908e+01,2.062723e+01,2.066211e+01,2.069697e+01,2.069697e+01,2.063420e+01,2.049458e+01,2.059932e+01,2.055045e+01,2.065513e+01,2.064816e+01,2.058536e+01,2.066211e+01,2.071091e+01,2.059932e+01,2.061327e+01,2.047362e+01,2.065513e+01,2.071091e+01,2.044567e+01,2.059932e+01,2.062723e+01,2.064118e+01,2.054347e+01,2.060629e+01,2.058536e+01,2.066211e+01,2.049458e+01,2.061327e+01,2.069697e+01,2.073182e+01,2.052950e+01,2.061327e+01,2.064118e+01,2.054347e+01,2.060629e+01,2.048061e+01,2.063420e+01,2.062025e+01,2.066211e+01,2.066211e+01,2.061327e+01,2.059932e+01,2.066211e+01,2.060629e+01,2.068303e+01,2.069697e+01,2.059932e+01,2.054347e+01,2.057838e+01,2.052950e+01,2.061327e+01,2.071091e+01,2.053649e+01,2.064816e+01,2.055743e+01,2.055045e+01,2.055743e+01,2.051554e+01,2.058536e+01,2.061327e+01,2.057140e+01,2.057838e+01,2.071091e+01,2.059932e+01,2.068303e+01,2.064118e+01,2.058536e+01,2.048759e+01,2.059932e+01,2.063420e+01,2.051554e+01,2.067605e+01,2.059932e+01,2.060629e+01,2.050855e+01,2.059234e+01,2.062723e+01,2.059932e+01,2.067605e+01,2.068303e+01,2.057140e+01,2.079453e+01,2.082239e+01,2.080846e+01,2.083632e+01,2.100327e+01,2.080150e+01,2.085024e+01,2.070394e+01,2.073182e+01,2.052950e+01,2.052252e+01,2.053649e+01,2.066908e+01,2.058536e+01,2.054347e+01,2.051554e+01,2.049458e+01,2.050157e+01,2.050855e+01,2.050157e+01,2.050157e+01,2.071091e+01,2.053649e+01,2.051554e+01,2.045266e+01,2.051554e+01,2.050855e+01,2.045266e+01,2.048759e+01,2.043868e+01,2.045964e+01,2.001139e+01,1.964570e+01,1.938468e+01,1.903087e+01,1.901669e+01,1.900960e+01,1.893157e+01,1.886769e+01,1.877534e+01,1.885349e+01,1.885349e+01,1.882508e+01,1.867579e+01,1.868290e+01,1.863309e+01,1.891738e+01,1.882508e+01,1.899541e+01,1.901669e+01,1.927867e+01,1.932815e+01,1.934229e+01,1.935642e+01,1.937762e+01,1.946235e+01,1.938468e+01,1.932815e+01,1.924331e+01,1.908756e+01,1.913714e+01,1.921501e+01,1.916546e+01,1.922916e+01,1.941293e+01,1.925038e+01,1.921501e+01,1.927867e+01,1.922208e+01,1.929988e+01,1.936349e+01,1.939881e+01,1.941293e+01,1.951175e+01,1.949058e+01,1.947647e+01,1.955407e+01,1.948352e+01,1.971613e+01,1.986386e+01,1.971613e+01,1.971613e+01,1.977243e+01,1.969500e+01,1.961047e+01,1.973021e+01,1.962456e+01,1.996926e+01,1.984277e+01,1.987090e+01,1.981464e+01,1.982871e+01,1.972317e+01,1.992009e+01,1.997628e+01,1.992711e+01,2.013065e+01,2.017972e+01,2.036875e+01,2.037575e+01,2.036875e+01,2.057838e+01,2.039673e+01,2.042470e+01,2.058536e+01,2.067605e+01,2.064816e+01,2.066211e+01,2.065513e+01,2.069697e+01,2.075273e+01,2.062025e+01,2.062723e+01,2.064118e+01,2.066211e+01,2.069697e+01,2.066908e+01,2.066211e+01,2.055045e+01,2.064118e+01,2.069000e+01,2.070394e+01,2.062025e+01,2.064816e+01,2.064118e+01,2.064118e+01,2.064816e+01,2.064816e+01,2.071091e+01,2.064816e+01,2.058536e+01,2.060629e+01,2.055743e+01,2.069000e+01,2.064816e+01,2.058536e+01,2.062723e+01,2.038274e+01,2.078757e+01,2.064816e+01,2.069000e+01,2.064816e+01,2.045266e+01,2.070394e+01,2.094765e+01,2.056442e+01,2.063420e+01,2.067605e+01,2.075273e+01,2.066211e+01,2.069697e+01,2.064118e+01,2.061327e+01,2.061327e+01,2.064118e+01,2.077363e+01,2.064816e+01,2.060629e+01,2.064118e+01,2.061327e+01,2.065513e+01,2.068303e+01,2.064118e+01,2.066908e+01,2.064118e+01,2.066211e+01,2.092679e+01,2.112831e+01,2.126013e+01,2.131559e+01,2.128786e+01,2.115608e+01,2.110054e+01,2.112137e+01,2.126013e+01,2.130173e+01,2.126707e+01,2.127400e+01,2.113526e+01,2.114220e+01,2.114220e+01,2.113526e+01,2.122546e+01,2.130173e+01,2.130865e+01,2.128093e+01,2.131559e+01,2.134330e+01,2.140563e+01,2.135715e+01,2.136408e+01,2.135023e+01,2.134330e+01,2.123933e+01,2.124627e+01,2.119771e+01,2.121159e+01,2.146100e+01,2.123933e+01,2.140563e+01,2.150251e+01,2.146100e+01,2.146792e+01,2.135715e+01,2.127400e+01,2.126707e+01,2.128093e+01,2.110748e+01,2.118384e+01,2.122546e+01,2.122546e+01,2.133637e+01,2.124627e+01,2.131559e+01,2.132252e+01,2.131559e+01,2.132944e+01,2.135715e+01,2.151634e+01,2.144024e+01,2.139178e+01,2.137101e+01,2.122546e+01,2.130865e+01,2.137101e+01,2.134330e+01,2.130865e+01,2.130173e+01,2.131559e+01,2.135023e+01,2.126013e+01,2.126013e+01,2.137793e+01,2.126013e+01,2.132944e+01,2.124627e+01,2.135715e+01,2.124627e+01,2.123933e+01,2.123240e+01,2.118384e+01,2.118384e+01,2.115608e+01,2.113526e+01,2.105192e+01,2.101023e+01,2.116996e+01,2.113526e+01,2.114220e+01,2.109360e+01,2.101718e+01,2.121852e+01,2.105192e+01,2.103107e+01,2.102413e+01,2.097547e+01,2.092679e+01,2.118384e+01,2.118384e+01,2.106581e+01,2.117690e+01,2.118384e+01,2.111443e+01,2.091287e+01,2.105192e+01,2.105192e+01,2.123933e+01,2.110748e+01,2.106581e+01,2.104497e+01,2.107971e+01,2.107276e+01,2.107971e+01,2.103802e+01,2.107276e+01,2.123933e+01,2.125320e+01,2.116302e+01,2.114914e+01,2.128093e+01,2.109360e+01,2.105192e+01,2.080150e+01,2.057838e+01,2.062723e+01,2.066211e+01,2.065513e+01,2.066908e+01,2.054347e+01,2.069000e+01,2.053649e+01,2.053649e+01,2.061327e+01,2.065513e+01,2.052950e+01,2.058536e+01,2.064816e+01,2.065513e+01,2.055045e+01,2.057140e+01,2.056442e+01,2.050855e+01,2.064118e+01,2.048061e+01,2.053649e+01,2.052950e+01,2.067605e+01,2.059932e+01,2.065513e+01,2.062025e+01,2.061327e+01,2.052252e+01,2.053649e+01,2.058536e+01,2.055743e+01,2.063420e+01,2.062723e+01,2.062723e+01,2.064118e+01,2.065513e+01,2.055045e+01,2.052950e+01,2.055045e+01,2.061327e+01,2.071091e+01,2.071091e+01,2.073182e+01,2.071789e+01,2.061327e+01,2.062723e+01,2.069000e+01,2.062025e+01,2.063420e+01,2.044567e+01,2.060629e+01,2.062025e+01,2.069000e+01,2.057838e+01,2.057140e+01,2.053649e+01,2.052950e+01,2.051554e+01,2.052950e+01,2.048759e+01,2.052950e+01,2.065513e+01,2.050157e+01,2.036176e+01,2.048759e+01,2.071789e+01,2.059234e+01,2.048061e+01,2.045964e+01,2.055743e+01,2.045266e+01,2.052950e+01,2.049458e+01,2.057838e+01,2.059932e+01,2.064118e+01,2.057140e+01,2.045964e+01,2.056442e+01,2.057140e+01,2.056442e+01,2.055743e+01,2.047362e+01,2.055743e+01,2.057838e+01,2.048759e+01,2.048061e+01,2.052950e+01,2.056442e+01,2.041071e+01,2.043868e+01,2.056442e+01,2.059234e+01,2.062723e+01,2.052252e+01,2.072486e+01,2.055045e+01,2.068303e+01,2.058536e+01,2.045266e+01,2.040372e+01,2.054347e+01,2.048061e+01,2.066908e+01
2.056442e+01,2.051554e+01,2.051554e+01,2.061327e+01,2.061327e+01,2.062025e+01,2.059932e+01,2.071091e+01,2.058536e+01,2.046663e+01,2.057140e+01,2.045964e+01,2.066908e+01,2.055743e+01,2.070394e+01,2.080846e+01,2.073879e+01,2.069000e+01,2.071091e+01,2.081543e+01,2.064118e+01,2.054347e+01,2.055045e+01,2.048061e+01,2.066908e+01,2.072486e+01,2.069697e+01,2.071091e+01,2.067605e+01,2.065513e+01,2.051554e+01,2.052950e+01,2.062723e+01,2.061327e+01,2.057838e+01,2.061327e+01,2.055743e+01,2.056442e+01,2.066908e+01,2.067605e+01,2.054347e+01,2.043169e+01,2.055743e+01,2.048759e+01,2.067605e+01,2.059234e+01,2.052950e+01,2.055045e+01,2.064816e+01,2.071091e+01,2.091287e+01,2.093374e+01,2.081543e+01,2.057838e+01,2.057838e+01,2.059234e+01,2.056442e+01,2.051554e+01,2.071091e+01,2.058536e+01,2.064816e+01,2.059234e+01,2.062025e+01,2.062723e+01,2.064816e+01,2.069000e+01,2.064816e+01,2.064118e+01,2.069000e+01,2.066211e+01,2.072486e+01,2.064118e+01,2.063420e+01,2.068303e+01,2.070394e+01,2.063420e+01,2.066908e+01,2.057140e+01,2.074576e+01,2.075970e+01,2.052950e+01,2.073182e+01,2.074576e+01,2.072486e+01,2.066908e+01,2.075273e+01,2.068303e+01,2.069000e+01,2.070394e+01,2.071091e+01,2.052252e+01,2.072486e+01,2.066908e+01,2.069697e+01,2.069697e+01,2.078757e+01,2.078060e+01,2.080150e+01,2.069000e+01,2.064816e+01,2.075273e+01,2.080846e+01,2.064118e+01,2.073879e+01,2.074576e+01,2.069697e+01,2.073182e+01,2.066908e+01,2.075273e+01,2.072486e+01,2.064118e+01,2.069000e+01,2.082239e+01,2.069697e+01,2.069697e+01,2.074576e+01,2.062723e+01,2.080150e+01,2.080846e+01,2.096156e+01,2.099632e+01,2.105887e+01,2.125320e+01,2.110054e+01,2.072486e+01,2.071091e+01,2.067605e+01,2.081543e+01,2.075970e+01,2.062723e+01,2.080846e+01,2.075273e+01,2.075273e+01,2.074576e+01,2.068303e+01,2.073879e+01,2.077363e+01,2.078060e+01,2.073879e+01,2.083632e+01,2.078757e+01,2.080150e+01,2.082239e+01,2.081543e+01,2.085720e+01,2.073879e+01,2.073879e+01,2.072486e+01,2.072486e+01,2.067605e+01,2.062723e+01,2.071091e+01,2.072486e+01,2.069000e+01,2.072486e+01,2.073879e+01,2.071091e+01,2.077363e+01,2.057838e+01,2.075970e+01,2.081543e+01,2.070394e+01,2.080150e+01,2.070394e+01,2.066211e+01,2.067605e+01,2.055743e+01,2.050855e+01,2.055045e+01,2.058536e+01,2.069000e+01,2.058536e+01,2.061327e+01,2.065513e+01,2.062025e+01,2.068303e+01,2.055045e+01,2.066908e+01,2.062723e+01,2.065513e+01,2.068303e+01,2.067605e+01,2.065513e+01,2.057140e+01,2.078757e+01,2.075273e+01,2.059932e+01,2.069697e+01,2.057838e+01,2.062723e+01,2.071789e+01,2.066908e+01,2.057140e+01,2.060629e+01,2.049458e+01,2.067605e+01,2.066908e+01,2.049458e+01,2.067605e+01,2.059932e+01,2.069697e+01,2.063420e+01,2.058536e+01,2.064118e+01,2.062025e+01,2.061327e+01,2.062025e+01,2.059932e+01,2.043169e+01,2.062025e+01,2.060629e+01,2.061327e+01,2.064816e+01,2.064118e+01,2.065513e+01,2.069000e+01,2.060629e+01,2.055743e+01,2.058536e+01,2.069697e+01,2.056442e+01,2.055045e+01,2.052252e+01,2.069000e+01,2.050157e+01,2.056442e+01,2.069000e+01,2.057838e+01,2.055743e+01,2.057140e+01,2.066211e+01,2.073182e+01,2.066908e+01,2.061327e+01,2.063420e+01,2.062025e+01,2.062025e+01,2.071091e+01,2.062025e+01,2.067605e+01,2.063420e+01,2.062025e+01,2.051554e+01,2.057838e+01,2.064816e+01,2.069000e+01,2.064118e+01,2.066908e+01,2.057140e+01,2.057838e+01,2.062723e+01,2.075970e+01,2.079453e+01,2.075273e+01,2.075970e+01,2.091287e+01,2.100327e+01,2.087808e+01,2.082935e+01,2.081543e+01,2.075970e+01,2.052950e+01,2.052252e+01,2.051554e+01,2.052950e+01,2.043868e+01,2.058536e+01,2.052252e+01,2.051554e+01,2.038974e+01,2.050157e+01,2.053649e+01,2.047362e+01,2.053649e+01,2.047362e+01,2.037575e+01,2.041071e+01,2.041770e+01,2.063420e+01,2.057838e+01,2.051554e+01,2.041770e+01,2.036176e+01,2.027078e+01,2.010961e+01,1.963161e+01,1.937762e+01,1.929281e+01,1.914422e+01,1.898832e+01,1.879666e+01,1.885349e+01,1.884638e+01,1.871135e+01,1.883218e+01,1.878955e+01,1.876823e+01,1.888189e+01,1.883928e+01,1.897414e+01,1.884638e+01,1.901669e+01,1.908047e+01,1.908756e+01,1.934936e+01,1.938468e+01,1.934229e+01,1.929988e+01,1.935642e+01,1.932109e+01,1.937762e+01,1.913714e+01,1.920793e+01,1.913006e+01,1.927867e+01,1.911590e+01,1.921501e+01,1.913714e+01,1.921501e+01,1.922208e+01,1.912298e+01,1.921501e+01,1.928574e+01,1.944823e+01,1.958227e+01,1.946235e+01,1.963161e+01,1.946235e+01,1.957522e+01,1.960342e+01,1.972317e+01,1.946235e+01,1.954701e+01,1.941293e+01,1.960342e+01,1.964570e+01,1.963161e+01,1.960342e+01,1.965274e+01,1.963161e+01,1.957522e+01,1.982168e+01,1.989198e+01,1.962456e+01,1.968092e+01,1.987792e+01,1.996224e+01,1.993414e+01,1.996926e+01,1.998330e+01,2.020074e+01,2.017271e+01,2.010260e+01,2.018673e+01,2.025677e+01,2.046663e+01,2.066211e+01,2.065513e+01,2.071789e+01,2.064118e+01,2.064816e+01,2.066908e+01,2.060629e+01,2.057140e+01,2.071091e+01,2.075970e+01,2.057140e+01,2.059234e+01,2.068303e+01,2.066211e+01,2.066908e+01,2.065513e+01,2.055045e+01,2.068303e+01,2.065513e+01,2.062025e+01,2.064816e+01,2.075970e+01,2.063420e+01,2.069000e+01,2.075970e+01,2.072486e+01,2.079453e+01,2.064118e+01,2.061327e+01,2.065513e+01,2.085024e+01,2.059234e+01,2.061327e+01,2.071789e+01,2.073182e+01,2.064118e+01,2.078757e+01,2.061327e+01,2.063420e+01,2.062025e+01,2.071091e+01,2.069000e+01,2.064816e+01,2.062723e+01,2.066908e+01,2.065513e+01,2.071789e+01,2.076667e+01,2.065513e+01,2.061327e+01,2.067605e+01,2.066211e+01,2.064118e+01,2.063420e+01,2.064816e+01,2.064118e+01,2.064816e+01,2.066908e+01,2.064816e+01,2.067605e+01,2.074576e+01,2.066908e+01,2.077363e+01,2.116302e+01,2.126013e+01,2.133637e+01,2.130865e+01,2.130173e+01,2.134330e+01,2.132252e+01,2.114914e+01,2.128093e+01,2.139178e+01,2.116302e+01,2.129479e+01,2.114914e+01,2.116302e+01,2.119078e+01,2.122546e+01,2.129479e+01,2.133637e+01,2.130173e+01,2.137101e+01,2.142640e+01,2.137793e+01,2.132944e+01,2.140563e+01,2.135023e+01,2.132944e+01,2.139871e+01,2.118384e+01,2.122546e+01,2.126013e+01,2.122546e+01,2.124627e+01,2.145408e+01,2.132252e+01,2.150943e+01,2.127400e+01,2.135715e+01,2.126013e+01,2.126707e+01,2.124627e+01,2.125320e+01,2.123933e+01,2.130865e+01,2.114914e+01,2.132944e+01,2.131559e+01,2.135023e+01,2.134330e+01,2.143332e+01,2.141255e+01,2.141255e+01,2.128093e+01,2.135715e+01,2.142640e+01,2.132944e+01,2.135023e+01,2.128093e+01,2.135715e+01,2.138486e+01,2.128786e+01,2.138486e+01,2.125320e+01,2.123933e+01,2.132252e+01,2.135715e+01,2.139871e+01,2.124627e+01,2.123933e+01,2.123933e+01,2.136408e+01,2.135023e+01,2.123933e+01,2.122546e+01,2.132944e+01,2.120465e+01,2.121159e+01,2.121159e+01,2.111443e+01,2.117690e+01,2.105887e+01,2.105887e+01,2.112831e+01,2.120465e+01,2.100327e+01,2.103107e+01,2.108665e+01,2.119078e+01,2.119771e+01,2.105192e+01,2.109360e+01,2.104497e+01,2.116302e+01,2.115608e+01,2.123240e+01,2.109360e+01,2.114914e+01,2.114220e+01,2.108665e+01,2.106581e+01,2.122546e+01,2.104497e+01,2.105192e+01,2.103107e+01,2.116996e+01,2.112137e+01,2.125320e+01,2.119078e+01,2.116996e+01,2.126013e+01,2.116996e+01,2.114220e+01,2.115608e+01,2.110748e+01,2.108665e+01,2.091287e+01,2.083632e+01,2.065513e+01,2.066211e+01,2.056442e+01,2.068303e+01,2.061327e+01,2.064816e+01,2.066211e+01,2.056442e+01,2.058536e+01,2.058536e+01,2.064816e+01,2.053649e+01,2.066908e+01,2.070394e+01,2.055743e+01,2.062723e+01,2.052252e+01,2.055743e+01,2.059932e+01,2.064118e+01,2.059932e+01,2.052950e+01,2.059234e+01,2.058536e+01,2.056442e+01,2.064118e+01,2.064118e+01,2.057140e+01,2.052950e+01,2.080150e+01,2.054347e+01,2.062723e+01,2.060629e+01,2.066908e+01,2.067605e+01,2.060629e+01,2.059932e+01,2.063420e+01,2.073879e+01,2.048759e+01,2.065513e+01,2.066908e+01,2.043169e+01,2.073182e+01,2.065513e+01,2.070394e+01,2.064118e+01,2.059234e+01,2.057838e+01,2.058536e+01,2.062025e+01,2.069000e+01,2.054347e+01,2.053649e+01,2.057140e+01,2.062025e+01,2.066908e+01,2.057140e+01,2.057838e+01,2.060629e+01,2.057140e+01,2.052950e+01,2.052252e+01,2.064816e+01,2.053649e+01,2.038974e+01,2.053649e+01,2.052252e+01,2.046663e+01,2.057140e+01,2.052950e+01,2.064816e+01,2.071091e+01,2.051554e+01,2.066211e+01,2.042470e+01,2.060629e+01,2.047362e+01,2.059234e+01,2.050855e+01,2.065513e+01,2.039673e+01,2.053649e+01,2.052950e+01,2.053649e+01,2.047362e+01,2.073879e+01,2.048061e+01,2.052950e+01,2.057838e+01,2.055045e+01,2.057140e+01,2.056442e+01,2.054347e+01,2.057140e+01,2.065513e+01,2.055743e+01,2.050157e+01,2.057838e+01,2.055743e+01,2.052950e+01,2.036176e+01,2.049458e+01,2.054347e+01,2.049458e+01
2.048061e+01,2.054347e+01,2.056442e+01,2.066908e+01,2.071091e+01,2.071789e+01,2.061327e+01,2.057838e+01,2.039673e+01,2.056442e+01,2.055743e+01,2.053649e+01,2.064118e+01,2.066908e+01,2.069697e+01,2.057838e+01,2.062025e+01,2.065513e+01,2.058536e+01,2.080846e+01,2.065513e+01,2.069697e+01,2.054347e+01,2.055743e+01,2.060629e+01,2.065513e+01,2.074576e+01,2.069697e+01,2.070394e+01,2.075970e+01,2.077363e+01,2.071091e+01,2.073879e+01,2.071091e+01,2.063420e+01,2.065513e+01,2.069000e+01,2.073879e+01,2.046663e+01,2.056442e+01,2.058536e+01,2.055743e+01,2.048061e+01,2.050157e+01,2.078060e+01,2.053649e+01,2.072486e+01,2.057838e+01,2.069000e+01,2.096852e+01,2.118384e+01,2.099632e+01,2.091983e+01,2.065513e+01,2.060629e+01,2.064816e+01,2.069697e+01,2.059234e+01,2.052950e+01,2.071789e+01,2.054347e+01,2.059932e+01,2.064816e+01,2.066211e+01,2.066211e+01,2.068303e+01,2.061327e+01,2.059234e+01,2.069697e+01,2.078060e+01,2.071789e+01,2.055743e+01,2.068303e+01,2.057838e+01,2.063420e+01,2.074576e+01,2.071091e+01,2.064118e+01,2.056442e+01,2.056442e+01,2.078757e+01,2.073182e+01,2.073182e+01,2.077363e+01,2.078060e+01,2.088504e+01,2.074576e+01,2.071091e+01,2.069000e+01,2.075273e+01,2.076667e+01,2.071789e+01,2.046663e+01,2.066211e+01,2.082239e+01,2.068303e+01,2.074576e+01,2.068303e+01,2.066908e+01,2.071789e+01,2.076667e+01,2.062723e+01,2.062723e+01,2.066211e+01,2.060629e+01,2.069697e+01,2.058536e+01,2.072486e+01,2.073182e+01,2.074576e+01,2.070394e+01,2.065513e+01,2.065513e+01,2.080846e+01,2.071789e+01,2.082935e+01,2.062025e+01,2.062723e+01,2.082935e+01,2.074576e+01,2.101718e+01,2.116996e+01,2.102413e+01,2.077363e+01,2.073879e+01,2.073182e+01,2.074576e+01,2.074576e+01,2.078757e+01,2.075273e+01,2.075273e+01,2.069697e+01,2.071091e+01,2.070394e+01,2.066211e+01,2.069697e+01,2.078757e+01,2.073182e+01,2.074576e+01,2.076667e+01,2.076667e+01,2.071789e+01,2.082239e+01,2.082239e+01,2.079453e+01,2.069697e+01,2.071789e+01,2.073182e+01,2.075273e+01,2.068303e+01,2.065513e+01,2.069000e+01,2.071789e+01,2.071091e+01,2.089200e+01,2.064118e+01,2.080846e+01,2.074576e+01,2.074576e+01,2.075273e+01,2.070394e+01,2.056442e+01,2.075273e+01,2.066211e+01,2.069697e+01,2.064816e+01,2.061327e+01,2.065513e+01,2.069697e+01,2.060629e+01,2.068303e+01,2.066908e+01,2.066211e+01,2.060629e+01,2.062723e+01,2.062025e+01,2.066211e+01,2.066211e+01,2.067605e+01,2.069697e+01,2.072486e+01,2.062723e+01,2.073182e+01,2.069000e+01,2.068303e+01,2.059234e+01,2.066908e+01,2.063420e+01,2.062025e+01,2.059234e+01,2.059932e+01,2.057140e+01,2.067605e+01,2.067605e+01,2.049458e+01,2.051554e+01,2.066211e+01,2.061327e+01,2.065513e+01,2.045964e+01,2.074576e+01,2.066211e+01,2.065513e+01,2.059234e+01,2.064118e+01,2.063420e+01,2.062723e+01,2.063420e+01,2.061327e+01,2.061327e+01,2.061327e+01,2.064816e+01,2.062723e+01,2.057140e+01,2.063420e+01,2.063420e+01,2.055045e+01,2.055045e+01,2.064816e+01,2.056442e+01,2.063420e+01,2.063420e+01,2.059234e+01,2.059932e+01,2.057838e+01,2.055743e+01,2.054347e+01,2.071789e+01,2.064816e+01,2.059234e+01,2.071789e+01,2.057838e+01,2.057140e+01,2.069697e+01,2.059932e+01,2.059234e+01,2.065513e+01,2.040372e+01,2.064118e+01,2.060629e+01,2.064118e+01,2.057140e+01,2.056442e+01,2.061327e+01,2.063420e+01,2.055743e+01,2.061327e+01,2.059234e+01,2.068303e+01,2.060629e+01,2.057838e+01,2.066908e+01,2.055743e+01,2.066211e+01,2.082935e+01,2.095461e+01,2.085720e+01,2.095461e+01,2.098937e+01,2.078757e+01,2.060629e+01,2.059932e+01,2.064118e+01,2.058536e+01,2.056442e+01,2.061327e+01,2.052252e+01,2.059234e+01,2.050855e+01,2.050855e+01,2.052252e+01,2.053649e+01,2.048061e+01,2.068303e+01,2.043169e+01,2.053649e+01,2.055743e+01,2.045964e+01,2.041071e+01,2.043868e+01,2.048759e+01,2.043169e+01,2.048759e+01,2.035476e+01,2.029878e+01,2.001841e+01,1.936349e+01,1.915838e+01,1.910881e+01,1.902378e+01,1.881797e+01,1.880376e+01,1.873269e+01,1.885349e+01,1.880376e+01,1.873269e+01,1.893157e+01,1.880376e+01,1.891028e+01,1.882508e+01,1.887479e+01,1.894576e+01,1.903087e+01,1.908756e+01,1.934229e+01,1.912298e+01,1.932109e+01,1.936349e+01,1.934936e+01,1.915130e+01,1.930695e+01,1.914422e+01,1.933522e+01,1.924331e+01,1.912298e+01,1.919378e+01,1.924331e+01,1.918670e+01,1.920793e+01,1.915838e+01,1.919378e+01,1.920793e+01,1.937055e+01,1.937762e+01,1.940587e+01,1.939881e+01,1.941293e+01,1.960342e+01,1.958227e+01,1.965274e+01,1.951880e+01,1.963865e+01,1.943411e+01,1.944118e+01,1.956112e+01,1.951880e+01,1.959637e+01,1.940587e+01,1.948352e+01,1.965979e+01,1.961047e+01,1.958932e+01,1.963161e+01,1.967388e+01,1.987792e+01,1.961751e+01,1.967388e+01,1.976540e+01,1.986386e+01,1.992009e+01,2.000437e+01,2.003946e+01,2.005350e+01,2.016570e+01,2.011663e+01,2.023577e+01,2.020774e+01,2.062025e+01,2.058536e+01,2.074576e+01,2.064816e+01,2.052252e+01,2.063420e+01,2.066908e+01,2.078060e+01,2.062723e+01,2.059234e+01,2.066908e+01,2.067605e+01,2.062723e+01,2.064118e+01,2.069000e+01,2.059234e+01,2.071789e+01,2.070394e+01,2.064118e+01,2.069697e+01,2.075970e+01,2.070394e+01,2.060629e+01,2.078060e+01,2.057140e+01,2.065513e+01,2.068303e+01,2.077363e+01,2.068303e+01,2.057140e+01,2.062025e+01,2.066211e+01,2.059932e+01,2.066908e+01,2.064816e+01,2.062723e+01,2.062025e+01,2.059234e+01,2.062723e+01,2.059932e+01,2.060629e+01,2.074576e+01,2.064816e+01,2.059932e+01,2.064816e+01,2.079453e+01,2.070394e+01,2.056442e+01,2.064816e+01,2.066211e+01,2.060629e+01,2.062723e+01,2.064118e+01,2.061327e+01,2.066211e+01,2.062025e+01,2.069000e+01,2.064816e+01,2.067605e+01,2.062025e+01,2.059932e+01,2.087112e+01,2.118384e+01,2.133637e+01,2.119771e+01,2.132944e+01,2.126707e+01,2.130173e+01,2.128093e+01,2.142640e+01,2.144716e+01,2.128093e+01,2.116302e+01,2.128786e+01,2.121852e+01,2.129479e+01,2.132252e+01,2.126013e+01,2.131559e+01,2.132944e+01,2.133637e+01,2.152326e+01,2.135023e+01,2.139178e+01,2.138486e+01,2.134330e+01,2.139178e+01,2.136408e+01,2.123240e+01,2.130173e+01,2.121852e+01,2.135023e+01,2.128093e+01,2.122546e+01,2.138486e+01,2.128093e+01,2.140563e+01,2.128786e+01,2.126707e+01,2.110054e+01,2.136408e+01,2.128093e+01,2.131559e+01,2.117690e+01,2.119078e+01,2.120465e+01,2.109360e+01,2.121159e+01,2.133637e+01,2.136408e+01,2.138486e+01,2.140563e+01,2.148176e+01,2.144716e+01,2.132944e+01,2.148868e+01,2.147484e+01,2.136408e+01,2.141255e+01,2.128093e+01,2.130865e+01,2.140563e+01,2.126707e+01,2.136408e+01,2.138486e+01,2.122546e+01,2.123240e+01,2.139871e+01,2.124627e+01,2.130173e+01,2.136408e+01,2.133637e+01,2.126707e+01,2.119771e+01,2.128786e+01,2.133637e+01,2.119771e+01,2.128786e+01,2.113526e+01,2.116996e+01,2.120465e+01,2.103802e+01,2.106581e+01,2.120465e+01,2.106581e+01,2.104497e+01,2.106581e+01,2.103802e+01,2.110054e+01,2.102413e+01,2.110054e+01,2.101718e+01,2.098242e+01,2.115608e+01,2.113526e+01,2.116302e+01,2.102413e+01,2.108665e+01,2.102413e+01,2.107276e+01,2.121159e+01,2.114914e+01,2.109360e+01,2.113526e+01,2.101718e+01,2.106581e+01,2.123240e+01,2.103107e+01,2.109360e+01,2.104497e+01,2.120465e+01,2.120465e+01,2.126707e+01,2.109360e+01,2.105192e+01,2.107276e+01,2.098242e+01,2.073182e+01,2.073879e+01,2.073182e+01,2.065513e+01,2.060629e+01,2.064118e+01,2.064816e+01,2.068303e+01,2.067605e+01,2.067605e+01,2.058536e+01,2.055743e+01,2.054347e+01,2.045266e+01,2.063420e+01,2.050157e+01,2.063420e+01,2.064118e+01,2.063420e+01,2.046663e+01,2.043169e+01,2.057140e+01,2.056442e+01,2.064118e+01,2.057838e+01,2.050157e+01,2.062025e+01,2.056442e+01,2.054347e+01,2.062025e+01,2.059932e+01,2.060629e+01,2.056442e+01,2.057140e+01,2.063420e+01,2.059932e+01,2.064118e+01,2.058536e+01,2.061327e+01,2.062025e+01,2.062025e+01,2.074576e+01,2.066908e+01,2.062025e+01,2.062025e+01,2.067605e+01,2.052252e+01,2.060629e+01,2.056442e+01,2.059932e+01,2.058536e+01,2.059932e+01,2.049458e+01,2.067605e+01,2.064118e+01,2.051554e+01,2.043868e+01,2.062025e+01,2.034777e+01,2.050855e+01,2.057140e+01,2.061327e+01,2.059234e+01,2.050157e+01,2.052950e+01,2.045266e+01,2.038274e+01,2.048759e+01,2.046663e+01,2.042470e+01,2.045266e+01,2.043169e+01,2.052950e+01,2.051554e+01,2.041071e+01,2.052252e+01,2.055743e+01,2.055045e+01,2.044567e+01,2.057140e+01,2.063420e+01,2.050157e+01,2.043868e+01,2.048759e+01,2.053649e+01,2.050855e+01,2.050855e+01,2.055045e+01,2.055045e+01,2.054347e+01,2.046663e+01,2.069697e+01,2.054347e+01,2.052950e+01,2.053649e+01,2.049458e+01,2.050855e+01,2.048061e+01,2.056442e+01,2.066908e+01,2.045964e+01,2.045964e+01,2.048759e+01,2.060629e+01,2.045266e+01,2.050157e+01
2.065513e+01,2.045964e+01,2.050855e+01,2.048759e+01,2.048061e+01,2.049458e+01,2.055045e+01,2.051554e+01,2.055743e+01,2.052252e+01,2.057140e+01,2.064118e+01,2.063420e+01,2.057140e+01,2.069697e+01,2.055045e+01,2.057140e+01,2.052252e+01,2.059234e+01,2.051554e+01,2.057838e+01,2.050855e+01,2.071091e+01,2.050157e+01,2.072486e+01,2.081543e+01,2.069697e+01,2.066211e+01,2.064816e+01,2.063420e+01,2.048061e+01,2.057838e+01,2.063420e+01,2.059234e+01,2.070394e+01,2.072486e+01,2.067605e+01,2.040372e+01,2.053649e+01,2.066211e+01,2.061327e+01,2.063420e+01,2.066211e+01,2.073182e+01,2.071789e+01,2.067605e+01,2.066211e+01,2.075273e+01,2.085024e+01,2.098937e+01,2.072486e+01,2.098242e+01,2.075970e+01,2.055743e+01,2.045266e+01,2.059932e+01,2.069697e+01,2.064816e+01,2.045964e+01,2.066211e+01,2.067605e+01,2.059932e+01,2.060629e+01,2.065513e+01,2.065513e+01,2.069000e+01,2.067605e+01,2.065513e+01,2.072486e+01,2.064118e+01,2.064816e+01,2.072486e+01,2.071789e+01,2.076667e+01,2.066908e+01,2.077363e+01,2.059234e+01,2.074576e+01,2.059234e+01,2.076667e+01,2.086416e+01,2.078757e+01,2.062025e+01,2.071091e+01,2.078060e+01,2.073879e+01,2.073182e+01,2.072486e+01,2.073879e+01,2.074576e+01,2.073182e+01,2.071789e+01,2.062025e+01,2.059932e+01,2.058536e+01,2.069000e+01,2.071091e+01,2.069000e+01,2.069697e+01,2.073879e+01,2.065513e+01,2.064118e+01,2.072486e+01,2.069697e+01,2.055743e+01,2.051554e+01,2.094765e+01,2.071789e+01,2.071789e+01,2.078757e+01,2.071789e+01,2.069000e+01,2.063420e+01,2.066211e+01,2.074576e+01,2.064816e+01,2.062723e+01,2.082239e+01,2.077363e+01,2.066908e+01,2.100327e+01,2.121852e+01,2.075273e+01,2.075273e+01,2.075273e+01,2.073879e+01,2.060629e+01,2.061327e+01,2.069000e+01,2.072486e+01,2.073182e+01,2.075970e+01,2.069000e+01,2.079453e+01,2.074576e+01,2.079453e+01,2.080150e+01,2.074576e+01,2.098937e+01,2.077363e+01,2.073879e+01,2.076667e+01,2.078757e+01,2.069000e+01,2.071091e+01,2.075273e+01,2.080846e+01,2.073879e+01,2.072486e+01,2.066908e+01,2.066211e+01,2.068303e+01,2.068303e+01,2.072486e+01,2.071789e+01,2.059932e+01,2.072486e+01,2.072486e+01,2.062723e+01,2.062723e+01,2.078757e+01,2.069697e+01,2.075273e+01,2.064816e+01,2.071091e+01,2.058536e+01,2.062025e+01,2.058536e+01,2.061327e+01,2.067605e+01,2.058536e+01,2.064118e+01,2.059932e+01,2.071789e+01,2.073879e+01,2.064118e+01,2.054347e+01,2.061327e+01,2.054347e+01,2.066908e+01,2.069000e+01,2.069000e+01,2.066908e+01,2.066211e+01,2.061327e+01,2.066211e+01,2.064118e+01,2.057838e+01,2.057140e+01,2.057140e+01,2.069697e+01,2.055743e+01,2.057140e+01,2.051554e+01,2.060629e+01,2.054347e+01,2.062723e+01,2.064816e+01,2.067605e+01,2.060629e+01,2.061327e+01,2.058536e+01,2.063420e+01,2.066211e+01,2.054347e+01,2.060629e+01,2.059932e+01,2.042470e+01,2.057838e+01,2.061327e+01,2.031278e+01,2.057838e+01,2.062723e+01,2.057140e+01,2.050855e+01,2.069000e+01,2.048061e+01,2.059234e+01,2.052252e+01,2.057140e+01,2.060629e+01,2.060629e+01,2.062025e+01,2.054347e+01,2.052252e+01,2.052950e+01,2.052252e+01,2.058536e+01,2.058536e+01,2.060629e+01,2.055045e+01,2.062025e+01,2.062723e+01,2.060629e+01,2.058536e+01,2.052252e+01,2.051554e+01,2.057838e+01,2.058536e+01,2.056442e+01,2.054347e+01,2.055743e+01,2.055045e+01,2.063420e+01,2.061327e+01,2.063420e+01,2.060629e+01,2.066908e+01,2.065513e+01,2.057140e+01,2.057140e+01,2.062723e+01,2.060629e+01,2.074576e+01,2.075273e+01,2.086416e+01,2.087808e+01,2.076667e+01,2.085024e+01,2.062025e+01,2.056442e+01,2.058536e+01,2.052950e+01,2.057838e+01,2.059234e+01,2.057838e+01,2.053649e+01,2.052950e+01,2.050855e+01,2.045266e+01,2.052252e+01,2.047362e+01,2.052252e+01,2.048061e+01,2.046663e+01,2.041071e+01,2.050855e+01,2.036176e+01,2.041071e+01,2.049458e+01,2.034777e+01,2.040372e+01,2.025677e+01,2.031278e+01,2.043868e+01,2.021475e+01,1.965274e+01,1.920793e+01,1.907339e+01,1.903087e+01,1.888189e+01,1.891738e+01,1.887479e+01,1.891738e+01,1.893867e+01,1.878955e+01,1.878245e+01,1.885349e+01,1.868290e+01,1.886059e+01,1.882508e+01,1.888189e+01,1.897414e+01,1.910881e+01,1.908756e+01,1.934936e+01,1.933522e+01,1.934229e+01,1.939174e+01,1.933522e+01,1.911590e+01,1.932815e+01,1.929988e+01,1.929281e+01,1.917962e+01,1.920793e+01,1.917962e+01,1.918670e+01,1.917962e+01,1.919378e+01,1.919378e+01,1.925745e+01,1.916546e+01,1.922208e+01,1.932109e+01,1.946235e+01,1.956112e+01,1.950469e+01,1.949058e+01,1.946235e+01,1.939881e+01,1.939174e+01,1.939881e+01,1.941999e+01,1.937055e+01,1.958227e+01,1.932109e+01,1.938468e+01,1.959637e+01,1.961047e+01,1.956112e+01,1.949764e+01,1.960342e+01,1.964570e+01,1.965979e+01,1.960342e+01,1.966683e+01,1.978650e+01,1.986386e+01,1.980058e+01,1.973725e+01,1.975132e+01,1.981464e+01,1.996224e+01,1.989198e+01,2.017972e+01,2.022876e+01,2.031978e+01,2.051554e+01,2.062025e+01,2.057140e+01,2.059234e+01,2.070394e+01,2.066908e+01,2.071091e+01,2.061327e+01,2.063420e+01,2.072486e+01,2.063420e+01,2.073182e+01,2.078757e+01,2.066211e+01,2.065513e+01,2.062025e+01,2.069697e+01,2.062025e+01,2.064816e+01,2.069000e+01,2.068303e+01,2.075970e+01,2.071091e+01,2.052252e+01,2.075273e+01,2.069697e+01,2.062025e+01,2.072486e+01,2.066908e+01,2.063420e+01,2.062723e+01,2.055743e+01,2.062723e+01,2.066908e+01,2.062025e+01,2.059932e+01,2.058536e+01,2.064816e+01,2.064118e+01,2.064118e+01,2.064816e+01,2.066211e+01,2.070394e+01,2.074576e+01,2.067605e+01,2.072486e+01,2.064816e+01,2.067605e+01,2.075273e+01,2.064118e+01,2.066908e+01,2.050855e+01,2.047362e+01,2.058536e+01,2.069000e+01,2.066211e+01,2.062723e+01,2.062723e+01,2.043868e+01,2.059234e+01,2.077363e+01,2.090592e+01,2.130173e+01,2.133637e+01,2.133637e+01,2.130865e+01,2.128786e+01,2.128786e+01,2.137793e+01,2.141255e+01,2.121159e+01,2.116996e+01,2.130865e+01,2.124627e+01,2.129479e+01,2.132252e+01,2.121852e+01,2.136408e+01,2.138486e+01,2.137101e+01,2.153709e+01,2.139871e+01,2.140563e+01,2.137101e+01,2.135023e+01,2.129479e+01,2.130173e+01,2.127400e+01,2.124627e+01,2.146100e+01,2.122546e+01,2.126013e+01,2.120465e+01,2.121852e+01,2.127400e+01,2.128093e+01,2.132252e+01,2.110748e+01,2.125320e+01,2.111443e+01,2.128093e+01,2.110748e+01,2.119078e+01,2.107971e+01,2.128093e+01,2.132944e+01,2.130865e+01,2.135715e+01,2.139178e+01,2.142640e+01,2.137793e+01,2.138486e+01,2.141255e+01,2.137793e+01,2.139871e+01,2.143332e+01,2.146792e+01,2.139871e+01,2.141948e+01,2.137793e+01,2.136408e+01,2.144024e+01,2.124627e+01,2.123240e+01,2.119771e+01,2.125320e+01,2.123933e+01,2.126707e+01,2.132252e+01,2.128786e+01,2.122546e+01,2.125320e+01,2.123240e+01,2.129479e+01,2.121852e+01,2.123240e+01,2.123933e+01,2.115608e+01,2.121159e+01,2.123933e+01,2.107971e+01,2.109360e+01,2.118384e+01,2.107276e+01,2.103802e+01,2.100327e+01,2.103107e+01,2.103107e+01,2.110748e+01,2.103107e+01,2.108665e+01,2.105192e+01,2.112831e+01,2.097547e+01,2.120465e+01,2.110748e+01,2.103107e+01,2.106581e+01,2.097547e+01,2.101718e+01,2.114914e+01,2.113526e+01,2.105887e+01,2.101023e+01,2.107971e+01,2.102413e+01,2.119078e+01,2.106581e+01,2.107971e+01,2.114914e+01,2.101718e+01,2.117690e+01,2.103107e+01,2.101023e+01,2.104497e+01,2.109360e+01,2.092679e+01,2.088504e+01,2.059932e+01,2.063420e+01,2.036176e+01,2.052950e+01,2.061327e+01,2.051554e+01,2.055045e+01,2.045964e+01,2.054347e+01,2.060629e+01,2.051554e+01,2.051554e+01,2.054347e+01,2.050157e+01,2.039673e+01,2.059234e+01,2.045266e+01,2.059234e+01,2.043868e+01,2.048061e+01,2.043169e+01,2.060629e+01,2.059932e+01,2.064118e+01,2.056442e+01,2.048759e+01,2.045266e+01,2.060629e+01,2.049458e+01,2.057838e+01,2.064118e+01,2.057838e+01,2.065513e+01,2.057140e+01,2.048759e+01,2.052950e+01,2.057140e+01,2.050855e+01,2.060629e+01,2.057838e+01,2.060629e+01,2.049458e+01,2.062723e+01,2.063420e+01,2.057140e+01,2.069697e+01,2.058536e+01,2.054347e+01,2.057838e+01,2.045964e+01,2.068303e+01,2.059234e+01,2.063420e+01,2.065513e+01,2.052252e+01,2.038974e+01,2.043169e+01,2.043868e+01,2.053649e+01,2.044567e+01,2.036875e+01,2.055045e+01,2.054347e+01,2.041770e+01,2.032678e+01,2.034077e+01,2.043868e+01,2.046663e+01,2.043868e+01,2.053649e+01,2.048061e+01,2.042470e+01,2.036176e+01,2.041071e+01,2.042470e+01,2.057838e+01,2.028478e+01,2.053649e+01,2.055743e+01,2.028478e+01,2.059932e+01,2.048061e+01,2.042470e+01,2.048759e+01,2.046663e+01,2.055045e+01,2.045266e+01,2.080150e+01,2.052950e+01,2.043169e+01,2.050157e+01,2.052950e+01,2.052950e+01,2.050157e+01,2.049458e+01,2.043868e+01,2.039673e+01,2.041770e+01,2.045266e+01,2.059932e+01,2.052950e+01,2.052950e+01,2.049458e+01,2.048061e+01
2.048061e+01,2.057838e+01,2.047362e+01,2.050157e+01,2.063420e+01,2.062025e+01,2.054347e+01,2.067605e+01,2.057140e+01,2.052252e+01,2.056442e+01,2.059234e+01,2.058536e+01,2.066908e+01,2.074576e+01,2.071091e+01,2.044567e+01,2.069697e+01,2.050855e+01,2.054347e+01,2.080150e+01,2.071789e+01,2.056442e+01,2.064118e+01,2.079453e+01,2.065513e+01,2.072486e+01,2.070394e+01,2.073182e+01,2.072486e+01,2.071789e+01,2.073182e+01,2.073182e+01,2.064118e+01,2.062723e+01,2.080846e+01,2.070394e+01,2.050157e+01,2.073879e+01,2.069697e+01,2.062025e+01,2.057838e+01,2.066211e+01,2.070394e+01,2.072486e+01,2.072486e+01,2.089200e+01,2.089896e+01,2.104497e+01,2.102413e+01,2.103107e+01,2.100327e+01,2.099632e+01,2.071789e+01,2.060629e+01,2.060629e+01,2.071789e+01,2.074576e+01,2.061327e+01,2.055045e+01,2.070394e+01,2.066211e+01,2.071789e+01,2.066211e+01,2.075970e+01,2.072486e+01,2.075970e+01,2.080150e+01,2.078757e+01,2.067605e+01,2.070394e+01,2.059234e+01,2.077363e+01,2.067605e+01,2.079453e+01,2.075273e+01,2.080150e+01,2.063420e+01,2.078060e+01,2.077363e+01,2.076667e+01,2.076667e+01,2.077363e+01,2.076667e+01,2.069697e+01,2.066908e+01,2.063420e+01,2.057140e+01,2.070394e+01,2.068303e+01,2.076667e+01,2.076667e+01,2.069000e+01,2.069000e+01,2.069000e+01,2.083632e+01,2.083632e+01,2.071789e+01,2.064816e+01,2.067605e+01,2.072486e+01,2.071789e+01,2.069697e+01,2.069000e+01,2.069000e+01,2.053649e+01,2.069697e+01,2.071789e+01,2.071091e+01,2.059234e+01,2.059234e+01,2.062723e+01,2.066908e+01,2.064816e+01,2.064118e+01,2.078757e+01,2.067605e+01,2.093374e+01,2.092679e+01,2.078757e+01,2.121159e+01,2.098242e+01,2.081543e+01,2.075273e+01,2.055045e+01,2.095461e+01,2.065513e+01,2.075970e+01,2.072486e+01,2.089896e+01,2.072486e+01,2.073182e+01,2.069000e+01,2.073879e+01,2.075970e+01,2.069000e+01,2.074576e+01,2.076667e+01,2.079453e+01,2.076667e+01,2.077363e+01,2.077363e+01,2.075970e+01,2.058536e+01,2.074576e+01,2.073182e+01,2.076667e+01,2.081543e+01,2.076667e+01,2.077363e+01,2.064118e+01,2.066908e+01,2.071789e+01,2.075970e+01,2.086416e+01,2.070394e+01,2.078757e+01,2.075273e+01,2.075273e+01,2.078757e+01,2.069000e+01,2.067605e+01,2.082239e+01,2.073879e+01,2.067605e+01,2.066908e+01,2.066211e+01,2.063420e+01,2.065513e+01,2.072486e+01,2.069000e+01,2.065513e+01,2.059234e+01,2.068303e+01,2.062025e+01,2.072486e+01,2.064118e+01,2.074576e+01,2.071091e+01,2.070394e+01,2.059932e+01,2.073879e+01,2.080150e+01,2.058536e+01,2.059932e+01,2.059932e+01,2.070394e+01,2.064118e+01,2.055743e+01,2.063420e+01,2.062025e+01,2.075970e+01,2.055743e+01,2.064118e+01,2.075970e+01,2.073182e+01,2.072486e+01,2.067605e+01,2.063420e+01,2.061327e+01,2.087808e+01,2.065513e+01,2.059234e+01,2.064118e+01,2.068303e+01,2.057140e+01,2.058536e+01,2.062723e+01,2.057140e+01,2.062025e+01,2.054347e+01,2.065513e+01,2.066211e+01,2.064816e+01,2.064118e+01,2.066908e+01,2.067605e+01,2.054347e+01,2.059234e+01,2.062723e+01,2.059234e+01,2.062723e+01,2.053649e+01,2.057140e+01,2.062723e+01,2.059932e+01,2.071091e+01,2.077363e+01,2.061327e+01,2.069000e+01,2.063420e+01,2.057838e+01,2.061327e+01,2.062723e+01,2.050157e+01,2.058536e+01,2.056442e+01,2.071091e+01,2.066211e+01,2.056442e+01,2.063420e+01,2.064816e+01,2.058536e+01,2.063420e+01,2.062723e+01,2.061327e+01,2.061327e+01,2.065513e+01,2.063420e+01,2.076667e+01,2.064816e+01,2.066908e+01,2.057140e+01,2.078757e+01,2.075273e+01,2.090592e+01,2.079453e+01,2.089896e+01,2.088504e+01,2.082935e+01,2.080846e+01,2.055743e+01,2.058536e+01,2.051554e+01,2.064816e+01,2.059234e+01,2.062723e+01,2.050157e+01,2.059234e+01,2.064118e+01,2.055743e+01,2.052252e+01,2.059234e+01,2.054347e+01,2.061327e+01,2.040372e+01,2.034077e+01,2.031278e+01,2.030578e+01,2.019373e+01,2.038974e+01,2.020774e+01,2.023577e+01,2.029178e+01,2.030578e+01,2.031278e+01,1.999735e+01,1.965979e+01,1.913714e+01,1.917254e+01,1.900251e+01,1.886769e+01,1.886059e+01,1.886059e+01,1.877534e+01,1.876823e+01,1.871847e+01,1.886769e+01,1.881797e+01,1.883928e+01,1.883928e+01,1.885349e+01,1.883218e+01,1.903087e+01,1.915130e+01,1.935642e+01,1.925038e+01,1.934229e+01,1.928574e+01,1.935642e+01,1.930695e+01,1.917254e+01,1.928574e+01,1.912298e+01,1.917254e+01,1.920793e+01,1.919378e+01,1.919378e+01,1.917962e+01,1.921501e+01,1.918670e+01,1.921501e+01,1.926452e+01,1.925038e+01,1.937055e+01,1.935642e+01,1.938468e+01,1.937762e+01,1.949764e+01,1.941293e+01,1.942705e+01,1.949058e+01,1.937055e+01,1.942705e+01,1.938468e+01,1.936349e+01,1.954701e+01,1.939174e+01,1.949764e+01,1.961047e+01,1.946235e+01,1.961751e+01,1.950469e+01,1.963865e+01,1.962456e+01,1.960342e+01,1.966683e+01,1.965979e+01,1.971613e+01,1.975132e+01,1.985683e+01,1.987090e+01,1.987792e+01,1.999735e+01,2.001841e+01,2.008857e+01,2.015168e+01,2.031278e+01,2.031978e+01,2.048061e+01,2.064816e+01,2.064816e+01,2.067605e+01,2.071091e+01,2.062025e+01,2.075970e+01,2.076667e+01,2.068303e+01,2.078060e+01,2.080150e+01,2.080150e+01,2.064118e+01,2.072486e+01,2.071789e+01,2.073879e+01,2.076667e+01,2.072486e+01,2.065513e+01,2.057140e+01,2.070394e+01,2.075970e+01,2.059234e+01,2.075970e+01,2.061327e+01,2.059234e+01,2.067605e+01,2.059932e+01,2.063420e+01,2.062723e+01,2.064816e+01,2.068303e+01,2.068303e+01,2.071091e+01,2.071789e+01,2.063420e+01,2.059234e+01,2.066908e+01,2.066908e+01,2.075273e+01,2.063420e+01,2.063420e+01,2.070394e+01,2.077363e+01,2.070394e+01,2.064816e+01,2.069000e+01,2.066908e+01,2.059932e+01,2.064816e+01,2.069000e+01,2.066908e+01,2.066908e+01,2.069000e+01,2.069697e+01,2.069000e+01,2.068303e+01,2.068303e+01,2.066908e+01,2.084328e+01,2.086416e+01,2.129479e+01,2.130865e+01,2.130173e+01,2.130865e+01,2.122546e+01,2.132944e+01,2.139871e+01,2.142640e+01,2.143332e+01,2.140563e+01,2.145408e+01,2.148176e+01,2.147484e+01,2.142640e+01,2.144716e+01,2.137793e+01,2.157166e+01,2.146792e+01,2.148868e+01,2.144716e+01,2.137793e+01,2.142640e+01,2.140563e+01,2.146100e+01,2.142640e+01,2.135715e+01,2.144024e+01,2.130865e+01,2.130173e+01,2.135715e+01,2.135715e+01,2.130865e+01,2.149559e+01,2.128093e+01,2.122546e+01,2.126013e+01,2.134330e+01,2.109360e+01,2.119078e+01,2.130865e+01,2.131559e+01,2.144716e+01,2.130865e+01,2.122546e+01,2.130173e+01,2.135023e+01,2.139871e+01,2.147484e+01,2.157166e+01,2.158548e+01,2.155092e+01,2.126707e+01,2.145408e+01,2.148868e+01,2.136408e+01,2.144024e+01,2.138486e+01,2.139178e+01,2.139178e+01,2.144024e+01,2.135715e+01,2.126013e+01,2.127400e+01,2.143332e+01,2.124627e+01,2.126707e+01,2.128786e+01,2.123240e+01,2.132944e+01,2.130173e+01,2.130173e+01,2.128093e+01,2.121159e+01,2.120465e+01,2.114914e+01,2.121159e+01,2.117690e+01,2.119078e+01,2.130173e+01,2.103802e+01,2.117690e+01,2.108665e+01,2.104497e+01,2.104497e+01,2.104497e+01,2.107276e+01,2.106581e+01,2.112831e+01,2.106581e+01,2.111443e+01,2.110054e+01,2.109360e+01,2.109360e+01,2.106581e+01,2.110054e+01,2.114220e+01,2.098242e+01,2.119078e+01,2.105192e+01,2.103802e+01,2.105192e+01,2.107276e+01,2.105192e+01,2.107971e+01,2.098937e+01,2.115608e+01,2.111443e+01,2.112831e+01,2.116302e+01,2.117690e+01,2.119771e+01,2.103107e+01,2.110748e+01,2.105192e+01,2.089200e+01,2.071091e+01,2.063420e+01,2.067605e+01,2.060629e+01,2.055045e+01,2.071091e+01,2.045964e+01,2.049458e+01,2.060629e+01,2.075970e+01,2.068303e+01,2.046663e+01,2.060629e+01,2.057140e+01,2.063420e+01,2.049458e+01,2.044567e+01,2.058536e+01,2.062025e+01,2.056442e+01,2.053649e+01,2.042470e+01,2.042470e+01,2.055743e+01,2.054347e+01,2.060629e+01,2.059234e+01,2.061327e+01,2.064118e+01,2.063420e+01,2.064118e+01,2.059234e+01,2.057140e+01,2.058536e+01,2.044567e+01,2.050855e+01,2.055743e+01,2.062025e+01,2.062723e+01,2.060629e+01,2.059932e+01,2.060629e+01,2.068303e+01,2.062025e+01,2.061327e+01,2.063420e+01,2.050157e+01,2.062025e+01,2.059932e+01,2.056442e+01,2.059234e+01,2.046663e+01,2.048759e+01,2.067605e+01,2.057140e+01,2.062723e+01,2.032678e+01,2.056442e+01,2.052252e+01,2.053649e+01,2.049458e+01,2.053649e+01,2.034077e+01,2.045964e+01,2.041071e+01,2.048759e+01,2.041071e+01,2.049458e+01,2.057140e+01,2.041071e+01,2.051554e+01,2.039673e+01,2.055743e+01,2.063420e+01,2.064816e+01,2.041770e+01,2.055045e+01,2.030578e+01,2.045964e+01,2.065513e+01,2.054347e+01,2.049458e+01,2.038974e+01,2.045964e+01,2.052252e+01,2.052950e+01,2.048061e+01,2.052950e+01,2.048759e+01,2.042470e+01,2.058536e+01,2.050157e+01,2.050855e+01,2.057838e+01,2.045964e+01,2.050855e+01,2.042470e+01,2.063420e+01,2.051554e+01,2.050157e+01,2.043868e+01,2.045964e+01,2.050157e+01,2.041071e+01,2.050855e+01
2.052950e+01,2.046663e+01,2.043868e+01,2.043169e+01,2.048759e+01,2.064118e+01,2.051554e+01,2.042470e+01,2.051554e+01,2.055045e+01,2.059932e+01,2.052252e+01,2.068303e+01,2.063420e+01,2.062025e+01,2.062723e+01,2.051554e+01,2.062723e+01,2.057140e+01,2.049458e+01,2.046663e+01,2.066211e+01,2.068303e+01,2.058536e+01,2.073182e+01,2.075273e+01,2.071789e+01,2.077363e+01,2.056442e+01,2.067605e+01,2.066908e+01,2.077363e+01,2.075273e+01,2.075970e+01,2.076667e+01,2.087112e+01,2.072486e+01,2.072486e+01,2.066211e+01,2.070394e+01,2.068303e+01,2.083632e+01,2.069000e+01,2.084328e+01,2.069697e+01,2.073182e+01,2.084328e+01,2.106581e+01,2.098242e+01,2.100327e+01,2.099632e+01,2.097547e+01,2.066211e+01,2.064816e+01,2.069697e+01,2.058536e+01,2.062025e+01,2.069000e+01,2.073879e+01,2.071789e+01,2.069697e+01,2.062025e+01,2.070394e+01,2.067605e+01,2.062025e+01,2.074576e+01,2.073879e+01,2.075273e+01,2.071091e+01,2.063420e+01,2.064816e+01,2.059234e+01,2.063420e+01,2.079453e+01,2.066908e+01,2.069697e+01,2.069697e+01,2.073182e+01,2.075273e+01,2.080150e+01,2.072486e+01,2.075970e+01,2.081543e+01,2.087112e+01,2.075970e+01,2.064816e+01,2.075970e+01,2.071091e+01,2.069697e+01,2.067605e+01,2.065513e+01,2.078757e+01,2.065513e+01,2.061327e+01,2.066211e+01,2.073879e+01,2.063420e+01,2.082239e+01,2.070394e+01,2.079453e+01,2.074576e+01,2.071091e+01,2.052252e+01,2.061327e+01,2.063420e+01,2.066211e+01,2.080150e+01,2.063420e+01,2.075970e+01,2.067605e+01,2.071091e+01,2.073879e+01,2.070394e+01,2.060629e+01,2.060629e+01,2.071091e+01,2.073182e+01,2.080846e+01,2.077363e+01,2.093374e+01,2.103107e+01,2.098242e+01,2.075970e+01,2.078060e+01,2.057838e+01,2.064816e+01,2.071789e+01,2.061327e+01,2.078060e+01,2.078060e+01,2.069697e+01,2.070394e+01,2.073879e+01,2.075970e+01,2.082239e+01,2.072486e+01,2.068303e+01,2.068303e+01,2.078060e+01,2.075970e+01,2.071789e+01,2.071789e+01,2.071789e+01,2.076667e+01,2.064816e+01,2.073879e+01,2.070394e+01,2.085024e+01,2.069697e+01,2.084328e+01,2.077363e+01,2.067605e+01,2.078060e+01,2.064118e+01,2.073182e+01,2.072486e+01,2.071091e+01,2.071091e+01,2.081543e+01,2.070394e+01,2.074576e+01,2.066211e+01,2.079453e+01,2.073182e+01,2.060629e+01,2.055045e+01,2.079453e+01,2.057838e+01,2.070394e+01,2.067605e+01,2.075273e+01,2.066211e+01,2.065513e+01,2.067605e+01,2.064118e+01,2.067605e+01,2.062723e+01,2.066211e+01,2.073182e+01,2.058536e+01,2.075273e+01,2.058536e+01,2.070394e+01,2.068303e+01,2.062025e+01,2.062723e+01,2.055743e+01,2.050157e+01,2.068303e+01,2.032678e+01,2.064816e+01,2.055045e+01,2.062025e+01,2.073182e+01,2.069000e+01,2.072486e+01,2.071091e+01,2.071789e+01,2.073182e+01,2.057838e+01,2.063420e+01,2.066211e+01,2.059234e+01,2.073879e+01,2.062025e+01,2.064118e+01,2.059234e+01,2.062025e+01,2.062025e+01,2.062025e+01,2.062025e+01,2.065513e+01,2.065513e+01,2.064118e+01,2.057140e+01,2.065513e+01,2.059234e+01,2.068303e+01,2.057140e+01,2.059234e+01,2.057838e+01,2.055045e+01,2.062025e+01,2.059932e+01,2.064816e+01,2.058536e+01,2.075273e+01,2.059932e+01,2.058536e+01,2.058536e+01,2.057838e+01,2.061327e+01,2.057838e+01,2.063420e+01,2.048759e+01,2.066908e+01,2.063420e+01,2.060629e+01,2.050157e+01,2.065513e+01,2.066211e+01,2.057140e+01,2.063420e+01,2.060629e+01,2.063420e+01,2.062025e+01,2.062025e+01,2.061327e+01,2.062723e+01,2.075970e+01,2.061327e+01,2.069000e+01,2.070394e+01,2.071091e+01,2.082935e+01,2.095461e+01,2.086416e+01,2.077363e+01,2.087112e+01,2.067605e+01,2.076667e+01,2.056442e+01,2.062723e+01,2.052950e+01,2.057838e+01,2.059234e+01,2.054347e+01,2.054347e+01,2.055743e+01,2.057140e+01,2.038274e+01,2.055743e+01,2.043868e+01,2.040372e+01,2.039673e+01,2.027778e+01,2.017271e+01,1.988495e+01,1.988495e+01,1.959637e+01,1.963865e+01,1.971613e+01,1.975132e+01,2.000437e+01,1.999735e+01,2.005350e+01,2.002542e+01,1.965274e+01,1.933522e+01,1.900251e+01,1.890318e+01,1.891738e+01,1.892448e+01,1.888899e+01,1.873980e+01,1.877534e+01,1.881087e+01,1.881797e+01,1.883218e+01,1.883218e+01,1.885349e+01,1.891738e+01,1.892448e+01,1.905213e+01,1.931402e+01,1.934936e+01,1.939881e+01,1.936349e+01,1.939881e+01,1.934229e+01,1.933522e+01,1.927160e+01,1.915838e+01,1.916546e+01,1.919378e+01,1.914422e+01,1.920085e+01,1.914422e+01,1.908756e+01,1.920793e+01,1.926452e+01,1.919378e+01,1.925745e+01,1.934229e+01,1.928574e+01,1.929988e+01,1.939881e+01,1.921501e+01,1.936349e+01,1.935642e+01,1.926452e+01,1.937055e+01,1.921501e+01,1.917254e+01,1.939174e+01,1.937762e+01,1.946941e+01,1.949764e+01,1.943411e+01,1.957522e+01,1.946235e+01,1.948352e+01,1.949764e+01,1.955407e+01,1.950469e+01,1.963865e+01,1.961047e+01,1.970205e+01,1.961751e+01,1.973725e+01,1.967388e+01,1.965979e+01,1.982168e+01,1.977947e+01,1.987792e+01,1.994819e+01,2.003946e+01,2.031278e+01,2.020074e+01,2.027778e+01,2.052252e+01,2.064118e+01,2.065513e+01,2.066908e+01,2.062025e+01,2.070394e+01,2.069697e+01,2.069697e+01,2.072486e+01,2.060629e+01,2.061327e+01,2.063420e+01,2.057140e+01,2.054347e+01,2.072486e+01,2.069697e+01,2.080846e+01,2.066211e+01,2.073879e+01,2.063420e+01,2.075970e+01,2.062025e+01,2.059932e+01,2.055045e+01,2.059932e+01,2.062025e+01,2.058536e+01,2.062723e+01,2.067605e+01,2.068303e+01,2.070394e+01,2.071091e+01,2.072486e+01,2.068303e+01,2.050157e+01,2.066211e+01,2.078060e+01,2.062723e+01,2.062025e+01,2.071091e+01,2.072486e+01,2.072486e+01,2.070394e+01,2.067605e+01,2.058536e+01,2.066908e+01,2.069000e+01,2.068303e+01,2.071091e+01,2.069697e+01,2.065513e+01,2.071789e+01,2.070394e+01,2.067605e+01,2.072486e+01,2.059234e+01,2.062723e+01,2.066211e+01,2.075970e+01,2.098242e+01,2.128093e+01,2.125320e+01,2.136408e+01,2.134330e+01,2.130865e+01,2.153017e+01,2.151634e+01,2.150251e+01,2.139178e+01,2.152326e+01,2.153017e+01,2.153017e+01,2.154400e+01,2.155092e+01,2.146100e+01,2.144716e+01,2.138486e+01,2.139178e+01,2.137101e+01,2.135715e+01,2.133637e+01,2.130173e+01,2.139178e+01,2.136408e+01,2.144024e+01,2.135715e+01,2.128786e+01,2.131559e+01,2.129479e+01,2.137101e+01,2.137101e+01,2.130173e+01,2.139871e+01,2.125320e+01,2.123933e+01,2.124627e+01,2.115608e+01,2.128786e+01,2.127400e+01,2.129479e+01,2.119078e+01,2.129479e+01,2.128786e+01,2.126013e+01,2.139178e+01,2.139871e+01,2.152326e+01,2.147484e+01,2.145408e+01,2.144716e+01,2.137101e+01,2.129479e+01,2.148176e+01,2.142640e+01,2.135023e+01,2.134330e+01,2.136408e+01,2.137101e+01,2.141255e+01,2.141255e+01,2.132944e+01,2.130865e+01,2.126013e+01,2.123240e+01,2.145408e+01,2.133637e+01,2.132944e+01,2.130173e+01,2.109360e+01,2.124627e+01,2.121159e+01,2.126707e+01,2.130173e+01,2.119078e+01,2.111443e+01,2.112831e+01,2.121159e+01,2.118384e+01,2.125320e+01,2.119771e+01,2.116996e+01,2.105192e+01,2.091287e+01,2.106581e+01,2.106581e+01,2.103107e+01,2.078757e+01,2.109360e+01,2.110054e+01,2.117690e+01,2.119078e+01,2.108665e+01,2.109360e+01,2.098937e+01,2.111443e+01,2.103107e+01,2.097547e+01,2.108665e+01,2.100327e+01,2.096852e+01,2.099632e+01,2.116996e+01,2.110748e+01,2.110748e+01,2.107971e+01,2.112831e+01,2.118384e+01,2.111443e+01,2.118384e+01,2.116996e+01,2.116302e+01,2.102413e+01,2.104497e+01,2.110748e+01,2.105192e+01,2.073182e+01,2.069000e+01,2.068303e+01,2.045266e+01,2.053649e+01,2.054347e+01,2.055045e+01,2.054347e+01,2.050855e+01,2.066908e+01,2.043868e+01,2.048759e+01,2.049458e+01,2.048759e+01,2.055743e+01,2.050157e+01,2.052252e+01,2.045266e+01,2.041770e+01,2.043868e+01,2.061327e+01,2.058536e+01,2.056442e+01,2.057140e+01,2.056442e+01,2.055743e+01,2.053649e+01,2.045266e+01,2.059234e+01,2.055743e+01,2.057140e+01,2.062025e+01,2.059234e+01,2.057140e+01,2.052950e+01,2.057838e+01,2.060629e+01,2.048759e+01,2.063420e+01,2.048061e+01,2.064118e+01,2.055743e+01,2.056442e+01,2.057838e+01,2.060629e+01,2.059234e+01,2.055743e+01,2.059234e+01,2.053649e+01,2.057140e+01,2.045964e+01,2.050157e+01,2.042470e+01,2.065513e+01,2.069000e+01,2.033377e+01,2.059234e+01,2.043169e+01,2.048061e+01,2.039673e+01,2.053649e+01,2.051554e+01,2.052950e+01,2.043868e+01,2.040372e+01,2.048759e+01,2.039673e+01,2.048759e+01,2.048759e+01,2.038274e+01,2.050157e+01,2.038274e+01,2.055743e+01,2.034077e+01,2.039673e+01,2.054347e+01,2.041071e+01,2.032678e+01,2.054347e+01,2.059932e+01,2.058536e+01,2.046663e+01,2.052252e+01,2.041071e+01,2.044567e+01,2.050855e+01,2.054347e+01,2.046663e+01,2.047362e+01,2.050157e+01,2.050157e+01,2.048759e+01,2.048759e+01,2.051554e+01,2.054347e+01,2.046663e+01,2.051554e+01,2.052252e+01,2.045266e+01,2.045964e+01,2.036176e+01,2.052252e+01,2.052252e+01,2.048759e+01,2.049458e+01
2.057140e+01,2.052950e+01,2.057838e+01,2.052252e+01,2.069697e+01,2.050855e+01,2.046663e+01,2.053649e+01,2.050855e+01,2.049458e+01,2.057140e+01,2.059932e+01,2.071091e+01,2.071789e+01,2.055045e+01,2.057838e+01,2.051554e+01,2.060629e+01,2.076667e+01,2.052950e+01,2.058536e+01,2.070394e+01,2.062723e+01,2.067605e+01,2.074576e+01,2.083632e+01,2.060629e+01,2.082935e+01,2.063420e+01,2.065513e+01,2.073182e+01,2.077363e+01,2.079453e+01,2.076667e+01,2.073879e+01,2.078060e+01,2.074576e+01,2.073879e+01,2.067605e+01,2.071789e+01,2.064816e+01,2.077363e+01,2.078757e+01,2.082935e+01,2.079453e+01,2.075273e+01,2.105192e+01,2.107276e+01,2.097547e+01,2.090592e+01,2.094070e+01,2.098937e+01,2.070394e+01,2.080846e+01,2.066908e+01,2.077363e+01,2.074576e+01,2.074576e+01,2.066211e+01,2.076667e+01,2.062723e+01,2.066908e+01,2.061327e+01,2.070394e+01,2.062723e+01,2.075970e+01,2.082935e+01,2.071789e+01,2.107276e+01,2.075273e+01,2.057838e+01,2.067605e+01,2.066908e+01,2.064816e+01,2.066211e+01,2.066211e+01,2.075970e+01,2.068303e+01,2.073879e+01,2.065513e+01,2.073879e+01,2.075273e+01,2.069697e+01,2.074576e+01,2.070394e+01,2.072486e+01,2.064816e+01,2.076667e+01,2.067605e+01,2.088504e+01,2.061327e+01,2.062025e+01,2.065513e+01,2.069000e+01,2.064118e+01,2.066211e+01,2.067605e+01,2.074576e+01,2.064118e+01,2.058536e+01,2.064816e+01,2.073879e+01,2.052950e+01,2.059932e+01,2.075273e+01,2.068303e+01,2.066211e+01,2.068303e+01,2.068303e+01,2.080150e+01,2.071789e+01,2.069697e+01,2.069697e+01,2.069697e+01,2.072486e+01,2.059932e+01,2.059932e+01,2.095461e+01,2.079453e+01,2.105887e+01,2.107276e+01,2.095461e+01,2.085720e+01,2.075273e+01,2.071789e+01,2.074576e+01,2.067605e+01,2.069000e+01,2.062025e+01,2.072486e+01,2.071091e+01,2.069000e+01,2.075970e+01,2.074576e+01,2.067605e+01,2.068303e+01,2.077363e+01,2.069000e+01,2.074576e+01,2.079453e+01,2.074576e+01,2.076667e+01,2.073182e+01,2.072486e+01,2.071091e+01,2.079453e+01,2.085720e+01,2.084328e+01,2.078060e+01,2.088504e+01,2.069697e+01,2.068303e+01,2.075970e+01,2.065513e+01,2.063420e+01,2.085024e+01,2.084328e+01,2.069000e+01,2.066908e+01,2.079453e+01,2.082239e+01,2.063420e+01,2.062025e+01,2.076667e+01,2.070394e+01,2.066908e+01,2.071091e+01,2.071789e+01,2.058536e+01,2.073182e+01,2.059234e+01,2.085024e+01,2.071789e+01,2.063420e+01,2.073182e+01,2.059234e+01,2.071091e+01,2.072486e+01,2.072486e+01,2.064816e+01,2.059932e+01,2.068303e+01,2.058536e+01,2.066211e+01,2.062025e+01,2.068303e+01,2.059932e+01,2.070394e+01,2.061327e+01,2.057140e+01,2.068303e+01,2.071789e+01,2.060629e+01,2.077363e+01,2.059234e+01,2.055743e+01,2.070394e+01,2.073879e+01,2.069697e+01,2.059932e+01,2.069000e+01,2.056442e+01,2.070394e+01,2.062723e+01,2.073182e+01,2.059234e+01,2.060629e+01,2.059234e+01,2.062025e+01,2.060629e+01,2.071789e+01,2.063420e+01,2.065513e+01,2.061327e+01,2.059234e+01,2.066908e+01,2.059932e+01,2.071091e+01,2.057838e+01,2.069000e+01,2.057838e+01,2.059234e+01,2.058536e+01,2.075273e+01,2.055743e+01,2.061327e+01,2.060629e+01,2.056442e+01,2.056442e+01,2.062723e+01,2.055743e+01,2.057140e+01,2.062025e+01,2.050157e+01,2.060629e+01,2.066908e+01,2.059932e+01,2.063420e+01,2.067605e+01,2.054347e+01,2.067605e+01,2.066211e+01,2.057140e+01,2.059234e+01,2.059932e+01,2.059234e+01,2.059932e+01,2.062723e+01,2.061327e+01,2.060629e+01,2.063420e+01,2.069000e+01,2.070394e+01,2.093374e+01,2.082239e+01,2.089896e+01,2.092679e+01,2.071789e+01,2.085024e+01,2.072486e+01,2.071789e+01,2.076667e+01,2.059932e+01,2.055045e+01,2.059932e+01,2.057140e+01,2.065513e+01,2.056442e+01,2.057838e+01,2.052252e+01,2.052252e+01,2.054347e+01,2.041770e+01,2.042470e+01,2.038274e+01,2.015168e+01,1.970205e+01,1.958932e+01,1.953996e+01,1.931402e+01,1.936349e+01,1.939881e+01,1.927867e+01,1.961751e+01,1.922208e+01,1.925038e+01,1.909464e+01,1.907339e+01,1.901669e+01,1.901669e+01,1.892448e+01,1.895995e+01,1.877534e+01,1.888189e+01,1.872558e+01,1.874691e+01,1.881797e+01,1.881087e+01,1.886769e+01,1.885349e+01,1.899541e+01,1.894576e+01,1.911590e+01,1.899541e+01,1.929281e+01,1.924331e+01,1.936349e+01,1.932815e+01,1.924331e+01,1.934936e+01,1.918670e+01,1.909464e+01,1.929988e+01,1.913006e+01,1.908047e+01,1.917962e+01,1.924331e+01,1.921501e+01,1.917962e+01,1.922916e+01,1.924331e+01,1.927867e+01,1.932815e+01,1.930695e+01,1.924331e+01,1.939174e+01,1.926452e+01,1.923623e+01,1.932815e+01,1.916546e+01,1.919378e+01,1.927160e+01,1.926452e+01,1.934229e+01,1.927160e+01,1.932109e+01,1.951880e+01,1.944823e+01,1.936349e+01,1.944823e+01,1.947647e+01,1.942705e+01,1.954701e+01,1.959637e+01,1.947647e+01,1.950469e+01,1.965979e+01,1.968092e+01,1.961751e+01,1.982168e+01,1.970909e+01,1.987090e+01,1.980058e+01,1.998330e+01,1.984277e+01,2.005350e+01,1.999033e+01,2.016570e+01,2.019373e+01,2.020074e+01,2.026378e+01,2.064816e+01,2.063420e+01,2.073182e+01,2.076667e+01,2.067605e+01,2.078757e+01,2.069000e+01,2.060629e+01,2.063420e+01,2.061327e+01,2.051554e+01,2.073879e+01,2.072486e+01,2.076667e+01,2.073879e+01,2.066908e+01,2.069000e+01,2.061327e+01,2.076667e+01,2.071789e+01,2.059234e+01,2.058536e+01,2.060629e+01,2.071789e+01,2.068303e+01,2.065513e+01,2.066908e+01,2.068303e+01,2.064118e+01,2.069697e+01,2.064118e+01,2.060629e+01,2.053649e+01,2.073182e+01,2.070394e+01,2.069000e+01,2.073182e+01,2.069697e+01,2.066211e+01,2.066908e+01,2.065513e+01,2.066211e+01,2.068303e+01,2.070394e+01,2.065513e+01,2.070394e+01,2.065513e+01,2.070394e+01,2.068303e+01,2.070394e+01,2.062025e+01,2.055045e+01,2.075273e+01,2.073879e+01,2.066211e+01,2.062723e+01,2.079453e+01,2.082935e+01,2.083632e+01,2.134330e+01,2.132252e+01,2.132944e+01,2.146792e+01,2.155092e+01,2.162694e+01,2.158548e+01,2.164075e+01,2.153017e+01,2.154400e+01,2.153017e+01,2.155092e+01,2.153017e+01,2.161312e+01,2.149559e+01,2.144716e+01,2.142640e+01,2.141255e+01,2.121852e+01,2.137793e+01,2.119771e+01,2.138486e+01,2.139178e+01,2.137101e+01,2.143332e+01,2.137793e+01,2.131559e+01,2.133637e+01,2.135023e+01,2.137793e+01,2.142640e+01,2.145408e+01,2.134330e+01,2.123240e+01,2.123933e+01,2.120465e+01,2.123933e+01,2.120465e+01,2.126013e+01,2.123933e+01,2.119771e+01,2.127400e+01,2.114220e+01,2.135715e+01,2.134330e+01,2.141948e+01,2.136408e+01,2.142640e+01,2.133637e+01,2.145408e+01,2.128786e+01,2.148868e+01,2.148868e+01,2.129479e+01,2.132252e+01,2.130173e+01,2.149559e+01,2.134330e+01,2.128786e+01,2.139871e+01,2.131559e+01,2.135715e+01,2.140563e+01,2.131559e+01,2.131559e+01,2.136408e+01,2.133637e+01,2.124627e+01,2.120465e+01,2.126013e+01,2.126707e+01,2.123240e+01,2.126707e+01,2.116996e+01,2.119771e+01,2.103802e+01,2.120465e+01,2.119771e+01,2.113526e+01,2.112137e+01,2.107971e+01,2.105192e+01,2.109360e+01,2.105192e+01,2.109360e+01,2.103107e+01,2.115608e+01,2.114220e+01,2.105192e+01,2.116302e+01,2.106581e+01,2.109360e+01,2.108665e+01,2.109360e+01,2.105192e+01,2.116302e+01,2.101718e+01,2.116996e+01,2.116996e+01,2.116302e+01,2.114914e+01,2.107276e+01,2.114914e+01,2.107971e+01,2.116996e+01,2.103107e+01,2.114220e+01,2.123240e+01,2.119078e+01,2.111443e+01,2.107276e+01,2.078757e+01,2.094765e+01,2.137101e+01,2.107276e+01,2.096156e+01,2.052950e+01,2.062723e+01,2.054347e+01,2.043169e+01,2.066908e+01,2.046663e+01,2.052252e+01,2.055045e+01,2.052950e+01,2.048759e+01,2.071091e+01,2.069000e+01,2.048759e+01,2.051554e+01,2.050157e+01,2.051554e+01,2.048061e+01,2.048759e+01,2.052252e+01,2.051554e+01,2.052950e+01,2.053649e+01,2.052950e+01,2.054347e+01,2.052252e+01,2.049458e+01,2.057140e+01,2.059932e+01,2.063420e+01,2.059234e+01,2.052950e+01,2.053649e+01,2.057838e+01,2.049458e+01,2.061327e+01,2.045266e+01,2.059234e+01,2.068303e+01,2.063420e+01,2.057140e+01,2.062025e+01,2.059932e+01,2.061327e+01,2.060629e+01,2.044567e+01,2.038974e+01,2.039673e+01,2.058536e+01,2.052252e+01,2.050157e+01,2.055045e+01,2.046663e+01,2.065513e+01,2.048061e+01,2.051554e+01,2.058536e+01,2.040372e+01,2.060629e+01,2.055743e+01,2.055743e+01,2.045964e+01,2.039673e+01,2.053649e+01,2.043169e+01,2.048759e+01,2.040372e+01,2.046663e+01,2.043868e+01,2.044567e+01,2.044567e+01,2.047362e+01,2.037575e+01,2.033377e+01,2.041770e+01,2.038274e+01,2.057140e+01,2.051554e+01,2.034777e+01,2.048759e+01,2.053649e+01,2.045266e+01,2.045266e+01,2.036875e+01,2.040372e+01,2.044567e+01,2.048759e+01,2.055743e+01,2.048759e+01,2.051554e+01,2.053649e+01,2.046663e+01,2.048759e+01,2.049458e+01,2.051554e+01,2.048759e+01,2.044567e+01,2.039673e+01,2.044567e+01,2.049458e+01,2.045266e+01,2.058536e+01,2.052252e+01,2.050855e+01,2.054347e+01
2.057140e+01,2.050157e+01,2.031278e+01,2.048759e+01,2.042470e+01,2.061327e+01,2.050157e+01,2.046663e+01,2.048061e+01,2.055045e+01,2.047362e+01,2.053649e+01,2.048061e+01,2.059932e+01,2.060629e+01,2.071789e+01,2.060629e+01,2.050157e+01,2.064118e+01,2.050157e+01,2.048061e+01,2.055045e+01,2.059932e+01,2.064118e+01,2.057838e+01,2.070394e+01,2.081543e+01,2.064118e+01,2.080150e+01,2.079453e+01,2.062025e+01,2.068303e+01,2.080150e+01,2.076667e+01,2.069000e+01,2.075970e+01,2.073879e+01,2.073879e+01,2.074576e+01,2.073879e+01,2.075273e+01,2.076667e+01,2.081543e+01,2.084328e+01,2.073879e+01,2.073182e+01,2.087808e+01,2.088504e+01,2.091983e+01,2.096156e+01,2.103107e+01,2.101023e+01,2.069000e+01,2.058536e+01,2.083632e+01,2.067605e+01,2.081543e+01,2.057838e+01,2.078757e+01,2.068303e+01,2.062723e+01,2.071091e+01,2.069000e+01,2.071091e+01,2.080150e+01,2.071789e+01,2.070394e+01,2.074576e+01,2.079453e+01,2.069000e+01,2.071091e+01,2.073879e+01,2.078757e+01,2.069000e+01,2.071091e+01,2.078060e+01,2.066211e+01,2.072486e+01,2.069697e+01,2.066908e+01,2.064816e+01,2.071091e+01,2.069697e+01,2.073182e+01,2.064118e+01,2.065513e+01,2.071789e+01,2.074576e+01,2.066908e+01,2.063420e+01,2.069000e+01,2.071091e+01,2.083632e+01,2.050157e+01,2.065513e+01,2.067605e+01,2.071789e+01,2.070394e+01,2.068303e+01,2.064816e+01,2.085024e+01,2.057140e+01,2.065513e+01,2.068303e+01,2.062025e+01,2.059932e+01,2.060629e+01,2.071091e+01,2.056442e+01,2.071789e+01,2.085024e+01,2.087808e+01,2.059234e+01,2.067605e+01,2.066908e+01,2.066211e+01,2.091287e+01,2.075273e+01,2.078757e+01,2.101023e+01,2.110748e+01,2.102413e+01,2.073879e+01,2.069697e+01,2.068303e+01,2.059234e+01,2.072486e+01,2.075970e+01,2.066908e+01,2.071789e+01,2.068303e+01,2.077363e+01,2.085720e+01,2.081543e+01,2.067605e+01,2.067605e+01,2.068303e+01,2.073182e+01,2.071789e+01,2.069000e+01,2.073182e+01,2.083632e+01,2.078060e+01,2.073879e+01,2.069000e+01,2.069697e+01,2.073182e+01,2.074576e+01,2.089896e+01,2.067605e+01,2.073182e+01,2.080150e+01,2.065513e+01,2.079453e+01,2.085024e+01,2.064118e+01,2.078060e+01,2.080846e+01,2.075273e+01,2.065513e+01,2.075273e+01,2.077363e+01,2.078757e+01,2.077363e+01,2.064118e+01,2.070394e+01,2.073182e+01,2.065513e+01,2.086416e+01,2.068303e+01,2.066908e+01,2.069000e+01,2.067605e+01,2.093374e+01,2.074576e+01,2.071091e+01,2.058536e+01,2.046663e+01,2.059932e+01,2.069000e+01,2.073879e+01,2.069000e+01,2.069697e+01,2.068303e+01,2.062723e+01,2.061327e+01,2.066908e+01,2.066908e+01,2.066211e+01,2.078060e+01,2.080150e+01,2.066211e+01,2.070394e+01,2.050157e+01,2.076667e+01,2.076667e+01,2.068303e+01,2.075970e+01,2.060629e+01,2.075273e+01,2.069000e+01,2.068303e+01,2.071091e+01,2.060629e+01,2.070394e+01,2.065513e+01,2.063420e+01,2.059932e+01,2.062025e+01,2.058536e+01,2.064118e+01,2.065513e+01,2.061327e+01,2.060629e+01,2.068303e+01,2.064816e+01,2.061327e+01,2.061327e+01,2.060629e+01,2.064816e+01,2.065513e+01,2.064816e+01,2.066908e+01,2.065513e+01,2.044567e+01,2.064118e+01,2.059932e+01,2.059234e+01,2.064816e+01,2.064118e+01,2.055743e+01,2.061327e+01,2.059932e+01,2.065513e+01,2.067605e+01,2.063420e+01,2.062723e+01,2.069000e+01,2.069697e+01,2.068303e+01,2.071789e+01,2.073182e+01,2.066908e+01,2.069000e+01,2.067605e+01,2.060629e+01,2.062025e+01,2.070394e+01,2.073182e+01,2.074576e+01,2.061327e+01,2.067605e+01,2.064816e+01,2.076667e+01,2.087112e+01,2.091287e+01,2.080150e+01,2.087112e+01,2.076667e+01,2.079453e+01,2.071789e+01,2.064118e+01,2.060629e+01,2.052252e+01,2.063420e+01,2.057140e+01,2.064816e+01,2.059932e+01,2.042470e+01,2.041770e+01,2.052252e+01,2.053649e+01,2.054347e+01,2.042470e+01,2.001139e+01,1.963161e+01,1.933522e+01,1.941293e+01,1.943411e+01,1.925038e+01,1.917962e+01,1.922916e+01,1.924331e+01,1.917254e+01,1.905922e+01,1.904504e+01,1.894576e+01,1.908047e+01,1.890318e+01,1.884638e+01,1.888899e+01,1.891738e+01,1.896704e+01,1.888899e+01,1.896704e+01,1.886769e+01,1.890318e+01,1.876823e+01,1.892448e+01,1.902378e+01,1.905213e+01,1.909464e+01,1.900960e+01,1.910173e+01,1.917962e+01,1.918670e+01,1.931402e+01,1.924331e+01,1.937055e+01,1.933522e+01,1.917962e+01,1.922916e+01,1.919378e+01,1.923623e+01,1.907339e+01,1.922916e+01,1.903795e+01,1.916546e+01,1.922208e+01,1.919378e+01,1.921501e+01,1.925745e+01,1.928574e+01,1.927160e+01,1.931402e+01,1.932109e+01,1.928574e+01,1.933522e+01,1.934229e+01,1.925038e+01,1.925745e+01,1.928574e+01,1.934229e+01,1.925038e+01,1.922916e+01,1.952586e+01,1.943411e+01,1.939881e+01,1.939881e+01,1.942705e+01,1.944118e+01,1.943411e+01,1.946235e+01,1.946235e+01,1.958932e+01,1.958932e+01,1.940587e+01,1.966683e+01,1.960342e+01,1.965979e+01,1.963161e+01,1.965274e+01,1.970909e+01,1.971613e+01,1.980058e+01,2.005350e+01,1.986386e+01,2.013766e+01,2.029178e+01,2.023577e+01,2.041071e+01,2.064816e+01,2.059234e+01,2.069000e+01,2.056442e+01,2.064816e+01,2.060629e+01,2.078757e+01,2.074576e+01,2.062025e+01,2.074576e+01,2.078060e+01,2.076667e+01,2.064118e+01,2.061327e+01,2.071091e+01,2.065513e+01,2.063420e+01,2.056442e+01,2.075970e+01,2.060629e+01,2.057140e+01,2.072486e+01,2.059234e+01,2.054347e+01,2.060629e+01,2.067605e+01,2.070394e+01,2.069000e+01,2.066908e+01,2.070394e+01,2.067605e+01,2.055045e+01,2.060629e+01,2.072486e+01,2.071789e+01,2.067605e+01,2.067605e+01,2.067605e+01,2.070394e+01,2.082239e+01,2.070394e+01,2.078757e+01,2.071091e+01,2.059234e+01,2.063420e+01,2.068303e+01,2.071091e+01,2.069000e+01,2.071789e+01,2.071091e+01,2.070394e+01,2.064118e+01,2.069000e+01,2.065513e+01,2.077363e+01,2.063420e+01,2.076667e+01,2.075970e+01,2.089200e+01,2.114220e+01,2.134330e+01,2.132944e+01,2.159930e+01,2.153017e+01,2.149559e+01,2.159930e+01,2.157857e+01,2.153709e+01,2.150251e+01,2.151634e+01,2.155783e+01,2.150943e+01,2.150251e+01,2.142640e+01,2.137101e+01,2.135715e+01,2.137101e+01,2.132252e+01,2.134330e+01,2.137101e+01,2.137793e+01,2.132944e+01,2.138486e+01,2.137101e+01,2.148868e+01,2.139871e+01,2.132252e+01,2.132252e+01,2.138486e+01,2.148176e+01,2.136408e+01,2.119771e+01,2.137793e+01,2.122546e+01,2.121852e+01,2.121852e+01,2.128093e+01,2.129479e+01,2.126013e+01,2.133637e+01,2.130173e+01,2.130865e+01,2.140563e+01,2.128093e+01,2.157857e+01,2.137101e+01,2.137101e+01,2.132944e+01,2.128786e+01,2.128093e+01,2.129479e+01,2.130865e+01,2.144716e+01,2.131559e+01,2.133637e+01,2.130865e+01,2.135715e+01,2.130173e+01,2.135715e+01,2.135023e+01,2.126707e+01,2.138486e+01,2.132944e+01,2.137793e+01,2.135715e+01,2.139178e+01,2.135715e+01,2.123240e+01,2.115608e+01,2.121159e+01,2.108665e+01,2.109360e+01,2.103802e+01,2.123933e+01,2.112137e+01,2.123240e+01,2.114220e+01,2.107971e+01,2.114220e+01,2.103107e+01,2.091983e+01,2.109360e+01,2.107971e+01,2.114220e+01,2.107971e+01,2.103802e+01,2.101023e+01,2.109360e+01,2.107276e+01,2.106581e+01,2.110054e+01,2.108665e+01,2.110054e+01,2.112137e+01,2.103107e+01,2.108665e+01,2.108665e+01,2.119078e+01,2.114220e+01,2.111443e+01,2.108665e+01,2.109360e+01,2.107276e+01,2.119078e+01,2.112831e+01,2.110054e+01,2.116996e+01,2.121159e+01,2.117690e+01,2.119771e+01,2.105887e+01,2.076667e+01,2.106581e+01,2.106581e+01,2.072486e+01,2.054347e+01,2.069697e+01,2.059932e+01,2.057140e+01,2.052950e+01,2.061327e+01,2.049458e+01,2.052950e+01,2.052252e+01,2.065513e+01,2.045266e+01,2.053649e+01,2.048759e+01,2.048759e+01,2.049458e+01,2.064118e+01,2.051554e+01,2.043169e+01,2.045964e+01,2.045266e+01,2.053649e+01,2.038974e+01,2.048759e+01,2.054347e+01,2.059234e+01,2.058536e+01,2.059932e+01,2.045266e+01,2.059932e+01,2.049458e+01,2.047362e+01,2.047362e+01,2.059234e+01,2.050157e+01,2.046663e+01,2.052252e+01,2.049458e+01,2.056442e+01,2.057838e+01,2.059932e+01,2.076667e+01,2.056442e+01,2.050855e+01,2.060629e+01,2.050157e+01,2.050157e+01,2.054347e+01,2.045266e+01,2.054347e+01,2.044567e+01,2.022176e+01,2.033377e+01,2.064816e+01,2.035476e+01,2.045266e+01,2.058536e+01,2.049458e+01,2.055743e+01,2.043868e+01,2.052252e+01,2.052950e+01,2.023577e+01,2.042470e+01,2.051554e+01,2.045964e+01,2.042470e+01,2.056442e+01,2.045964e+01,2.043868e+01,2.045964e+01,2.048759e+01,2.050157e+01,2.041071e+01,2.056442e+01,2.043868e+01,2.038974e+01,2.053649e+01,2.060629e+01,2.038974e+01,2.053649e+01,2.045964e+01,2.046663e+01,2.047362e+01,2.052252e+01,2.041770e+01,2.038274e+01,2.055045e+01,2.055045e+01,2.052252e+01,2.041770e+01,2.055045e+01,2.052252e+01,2.047362e+01,2.053649e+01,2.046663e+01,2.028478e+01,2.050157e+01,2.044567e+01,2.045266e+01,2.048061e+01,2.060629e+01,2.058536e+01,2.049458e+01,2.051554e+01
2.062723e+01,2.028478e+01,2.044567e+01,2.055743e+01,2.055743e+01,2.048061e+01,2.052252e+01,2.043169e+01,2.041770e+01,2.043169e+01,2.043169e+01,2.059234e+01,2.060629e+01,2.050157e+01,2.051554e+01,2.071789e+01,2.071091e+01,2.056442e+01,2.059932e+01,2.060629e+01,2.055743e+01,2.063420e+01,2.061327e+01,2.055743e+01,2.073182e+01,2.057140e+01,2.057140e+01,2.076667e+01,2.065513e+01,2.075273e+01,2.080150e+01,2.074576e+01,2.071789e+01,2.075273e+01,2.068303e+01,2.073182e+01,2.076667e+01,2.072486e+01,2.074576e+01,2.073879e+01,2.080846e+01,2.080150e+01,2.083632e+01,2.080846e+01,2.090592e+01,2.094070e+01,2.096156e+01,2.100327e+01,2.088504e+01,2.081543e+01,2.098242e+01,2.069000e+01,2.064816e+01,2.069000e+01,2.070394e+01,2.071789e+01,2.067605e+01,2.072486e+01,2.075273e+01,2.069697e+01,2.057140e+01,2.055743e+01,2.069697e+01,2.057838e+01,2.066908e+01,2.071789e+01,2.069000e+01,2.067605e+01,2.062025e+01,2.073182e+01,2.071789e+01,2.058536e+01,2.065513e+01,2.066908e+01,2.063420e+01,2.063420e+01,2.060629e+01,2.070394e+01,2.069000e+01,2.069697e+01,2.043868e+01,2.061327e+01,2.064816e+01,2.069697e+01,2.071789e+01,2.062025e+01,2.065513e+01,2.061327e+01,2.066211e+01,2.068303e+01,2.062723e+01,2.059932e+01,2.067605e+01,2.066211e+01,2.059932e+01,2.071789e+01,2.067605e+01,2.071789e+01,2.067605e+01,2.062025e+01,2.075273e+01,2.066211e+01,2.066211e+01,2.066908e+01,2.059234e+01,2.060629e+01,2.068303e+01,2.053649e+01,2.054347e+01,2.059932e+01,2.075273e+01,2.064816e+01,2.066908e+01,2.066211e+01,2.071789e+01,2.064118e+01,2.061327e+01,2.089200e+01,2.086416e+01,2.102413e+01,2.101718e+01,2.074576e+01,2.073182e+01,2.070394e+01,2.053649e+01,2.062025e+01,2.070394e+01,2.069697e+01,2.064816e+01,2.063420e+01,2.065513e+01,2.068303e+01,2.057140e+01,2.075970e+01,2.079453e+01,2.064118e+01,2.069000e+01,2.072486e+01,2.074576e+01,2.068303e+01,2.077363e+01,2.054347e+01,2.077363e+01,2.073182e+01,2.048759e+01,2.066211e+01,2.067605e+01,2.074576e+01,2.076667e+01,2.064118e+01,2.075273e+01,2.071091e+01,2.069697e+01,2.071789e+01,2.063420e+01,2.075970e+01,2.075970e+01,2.082239e+01,2.064816e+01,2.065513e+01,2.070394e+01,2.069697e+01,2.067605e+01,2.069000e+01,2.075273e+01,2.075970e+01,2.064816e+01,2.075273e+01,2.087112e+01,2.064816e+01,2.075970e+01,2.074576e+01,2.075970e+01,2.076667e+01,2.070394e+01,2.072486e+01,2.071789e+01,2.078757e+01,2.075273e+01,2.052950e+01,2.076667e+01,2.069000e+01,2.068303e+01,2.067605e+01,2.069000e+01,2.064816e+01,2.075970e+01,2.071789e+01,2.066211e+01,2.068303e+01,2.075273e+01,2.073879e+01,2.051554e+01,2.060629e+01,2.065513e+01,2.074576e+01,2.075273e+01,2.059932e+01,2.057838e+01,2.060629e+01,2.069000e+01,2.070394e+01,2.070394e+01,2.068303e+01,2.072486e+01,2.060629e+01,2.062723e+01,2.059234e+01,2.058536e+01,2.062723e+01,2.063420e+01,2.062025e+01,2.062723e+01,2.089200e+01,2.060629e+01,2.062723e+01,2.068303e+01,2.073182e+01,2.064816e+01,2.061327e+01,2.060629e+01,2.066211e+01,2.055743e+01,2.059234e+01,2.059234e+01,2.065513e+01,2.063420e+01,2.060629e+01,2.056442e+01,2.062025e+01,2.052950e+01,2.052950e+01,2.062025e+01,2.062723e+01,2.057140e+01,2.062025e+01,2.064118e+01,2.066211e+01,2.066211e+01,2.064816e+01,2.061327e+01,2.051554e+01,2.052252e+01,2.064816e+01,2.058536e+01,2.068303e+01,2.060629e+01,2.061327e+01,2.060629e+01,2.060629e+01,2.062723e+01,2.064118e+01,2.080846e+01,2.073182e+01,2.085024e+01,2.080150e+01,2.080150e+01,2.083632e+01,2.091287e+01,2.075273e+01,2.073182e+01,2.067605e+01,2.062723e+01,2.068303e+01,2.062025e+01,2.065513e+01,2.055743e+01,2.064816e+01,2.052950e+01,2.048061e+01,2.052950e+01,2.042470e+01,2.015168e+01,1.982168e+01,1.962456e+01,1.958227e+01,1.928574e+01,1.928574e+01,1.918670e+01,1.922916e+01,1.917962e+01,1.915130e+01,1.915838e+01,1.915130e+01,1.908756e+01,1.911590e+01,1.887479e+01,1.905213e+01,1.907339e+01,1.900960e+01,1.896704e+01,1.891028e+01,1.890318e+01,1.888189e+01,1.888899e+01,1.886059e+01,1.898832e+01,1.894576e+01,1.896704e+01,1.903795e+01,1.900251e+01,1.895286e+01,1.923623e+01,1.915130e+01,1.914422e+01,1.921501e+01,1.932109e+01,1.937762e+01,1.918670e+01,1.915838e+01,1.935642e+01,1.922916e+01,1.924331e+01,1.920085e+01,1.915838e+01,1.922916e+01,1.919378e+01,1.920793e+01,1.917254e+01,1.921501e+01,1.927160e+01,1.922208e+01,1.927160e+01,1.935642e+01,1.922208e+01,1.934229e+01,1.936349e+01,1.932109e+01,1.932109e+01,1.916546e+01,1.921501e+01,1.924331e+01,1.923623e+01,1.923623e+01,1.917254e+01,1.929281e+01,1.938468e+01,1.937055e+01,1.930695e+01,1.934229e+01,1.921501e+01,1.935642e+01,1.945529e+01,1.934936e+01,1.945529e+01,1.944823e+01,1.942705e+01,1.958227e+01,1.958932e+01,1.960342e+01,1.961047e+01,1.977947e+01,1.975836e+01,1.964570e+01,1.988495e+01,2.005350e+01,2.005350e+01,1.988495e+01,2.016570e+01,2.019373e+01,2.043868e+01,2.051554e+01,2.066908e+01,2.068303e+01,2.063420e+01,2.084328e+01,2.066211e+01,2.073182e+01,2.079453e+01,2.058536e+01,2.064816e+01,2.062723e+01,2.063420e+01,2.070394e+01,2.070394e+01,2.064816e+01,2.069000e+01,2.074576e+01,2.065513e+01,2.061327e+01,2.062025e+01,2.063420e+01,2.083632e+01,2.060629e+01,2.070394e+01,2.068303e+01,2.072486e+01,2.069000e+01,2.051554e+01,2.044567e+01,2.045266e+01,2.064118e+01,2.073182e+01,2.071091e+01,2.066908e+01,2.069000e+01,2.067605e+01,2.070394e+01,2.069000e+01,2.065513e+01,2.058536e+01,2.078757e+01,2.068303e+01,2.062025e+01,2.066211e+01,2.066908e+01,2.070394e+01,2.069697e+01,2.069697e+01,2.062025e+01,2.053649e+01,2.071091e+01,2.075273e+01,2.062723e+01,2.064118e+01,2.064118e+01,2.062025e+01,2.086416e+01,2.078060e+01,2.078757e+01,2.102413e+01,2.134330e+01,2.133637e+01,2.121852e+01,2.149559e+01,2.155092e+01,2.152326e+01,2.159930e+01,2.155783e+01,2.153709e+01,2.154400e+01,2.154400e+01,2.154400e+01,2.162694e+01,2.147484e+01,2.137101e+01,2.141255e+01,2.141948e+01,2.146792e+01,2.146100e+01,2.130865e+01,2.135023e+01,2.128786e+01,2.130865e+01,2.135715e+01,2.137101e+01,2.130173e+01,2.132944e+01,2.137793e+01,2.131559e+01,2.141948e+01,2.141255e+01,2.135715e+01,2.120465e+01,2.116302e+01,2.119078e+01,2.123933e+01,2.125320e+01,2.122546e+01,2.127400e+01,2.131559e+01,2.132944e+01,2.145408e+01,2.134330e+01,2.130865e+01,2.134330e+01,2.132944e+01,2.136408e+01,2.129479e+01,2.129479e+01,2.144716e+01,2.130173e+01,2.130173e+01,2.132252e+01,2.132944e+01,2.138486e+01,2.132944e+01,2.136408e+01,2.138486e+01,2.138486e+01,2.134330e+01,2.131559e+01,2.137793e+01,2.130865e+01,2.133637e+01,2.134330e+01,2.130865e+01,2.137793e+01,2.114220e+01,2.119078e+01,2.116302e+01,2.114914e+01,2.118384e+01,2.114220e+01,2.116302e+01,2.121159e+01,2.119771e+01,2.107276e+01,2.107276e+01,2.112137e+01,2.104497e+01,2.106581e+01,2.108665e+01,2.114220e+01,2.117690e+01,2.101718e+01,2.118384e+01,2.109360e+01,2.108665e+01,2.118384e+01,2.110748e+01,2.107276e+01,2.108665e+01,2.112831e+01,2.106581e+01,2.105887e+01,2.107276e+01,2.105192e+01,2.107276e+01,2.115608e+01,2.121159e+01,2.108665e+01,2.105887e+01,2.107276e+01,2.115608e+01,2.120465e+01,2.101718e+01,2.108665e+01,2.114220e+01,2.117690e+01,2.114220e+01,2.103802e+01,2.076667e+01,2.102413e+01,2.118384e+01,2.070394e+01,2.069000e+01,2.052950e+01,2.056442e+01,2.063420e+01,2.055045e+01,2.050855e+01,2.048759e+01,2.044567e+01,2.064118e+01,2.052950e+01,2.060629e+01,2.059234e+01,2.054347e+01,2.045964e+01,2.047362e+01,2.050855e+01,2.053649e+01,2.049458e+01,2.038274e+01,2.050157e+01,2.050157e+01,2.038974e+01,2.060629e+01,2.039673e+01,2.047362e+01,2.064118e+01,2.051554e+01,2.057838e+01,2.046663e+01,2.050157e+01,2.045266e+01,2.041770e+01,2.050855e+01,2.047362e+01,2.056442e+01,2.053649e+01,2.059234e+01,2.059234e+01,2.049458e+01,2.053649e+01,2.062723e+01,2.058536e+01,2.057140e+01,2.050855e+01,2.044567e+01,2.049458e+01,2.046663e+01,2.055743e+01,2.047362e+01,2.046663e+01,2.040372e+01,2.050855e+01,2.045964e+01,2.052252e+01,2.038974e+01,2.050855e+01,2.044567e+01,2.050157e+01,2.046663e+01,2.041770e+01,2.047362e+01,2.043868e+01,2.046663e+01,2.045266e+01,2.045266e+01,2.044567e+01,2.045266e+01,2.040372e+01,2.059234e+01,2.046663e+01,2.064118e+01,2.036176e+01,2.044567e+01,2.051554e+01,2.043169e+01,2.057838e+01,2.055045e+01,2.039673e+01,2.040372e+01,2.040372e+01,2.024977e+01,2.029178e+01,2.044567e+01,2.043169e+01,2.042470e+01,2.049458e+01,2.047362e+01,2.039673e+01,2.042470e+01,2.038274e+01,2.039673e+01,2.038274e+01,2.047362e+01,2.020074e+01,2.038274e+01,2.050157e+01,2.039673e+01,2.037575e+01,2.050157e+01,2.045964e+01,2.037575e+01,2.038274e+01,2.050157e+01,2.051554e+01
2.052252e+01,2.038974e+01,2.043868e+01,2.044567e+01,2.041071e+01,2.047362e+01,2.044567e+01,2.045964e+01,2.048759e+01,2.044567e+01,2.055045e+01,2.038974e+01,2.055743e+01,2.052950e+01,2.046663e+01,2.053649e+01,2.058536e+01,2.054347e+01,2.061327e+01,2.062025e+01,2.046663e+01,2.066908e+01,2.052252e+01,2.054347e+01,2.054347e+01,2.054347e+01,2.075273e+01,2.079453e+01,2.069000e+01,2.075273e+01,2.059932e+01,2.071091e+01,2.073182e+01,2.064816e+01,2.076667e+01,2.077363e+01,2.069000e+01,2.073879e+01,2.071091e+01,2.071091e+01,2.077363e+01,2.076667e+01,2.071789e+01,2.080150e+01,2.080846e+01,2.084328e+01,2.096852e+01,2.096156e+01,2.096156e+01,2.105887e+01,2.105192e+01,2.094070e+01,2.072486e+01,2.070394e+01,2.058536e+01,2.057140e+01,2.073182e+01,2.058536e+01,2.059932e+01,2.065513e+01,2.057838e+01,2.067605e+01,2.059234e+01,2.059932e+01,2.062025e+01,2.064816e+01,2.066908e+01,2.072486e+01,2.069000e+01,2.071789e+01,2.057140e+01,2.069000e+01,2.067605e+01,2.064816e+01,2.066211e+01,2.066908e+01,2.066908e+01,2.066211e+01,2.059932e+01,2.060629e+01,2.055743e+01,2.065513e+01,2.070394e+01,2.061327e+01,2.069000e+01,2.069000e+01,2.068303e+01,2.065513e+01,2.061327e+01,2.060629e+01,2.064816e+01,2.066908e+01,2.069000e+01,2.066211e+01,2.066211e+01,2.072486e+01,2.057140e+01,2.078757e+01,2.062025e+01,2.059932e+01,2.067605e+01,2.050855e+01,2.052950e+01,2.082239e+01,2.050855e+01,2.048759e+01,2.050855e+01,2.069000e+01,2.065513e+01,2.065513e+01,2.062025e+01,2.064816e+01,2.064118e+01,2.065513e+01,2.062025e+01,2.080846e+01,2.067605e+01,2.076667e+01,2.096156e+01,2.128786e+01,2.112137e+01,2.099632e+01,2.071789e+01,2.073182e+01,2.063420e+01,2.065513e+01,2.071789e+01,2.060629e+01,2.063420e+01,2.055743e+01,2.087112e+01,2.071789e+01,2.064816e+01,2.066211e+01,2.066908e+01,2.061327e+01,2.073182e+01,2.069000e+01,2.073182e+01,2.071789e+01,2.068303e+01,2.071789e+01,2.075970e+01,2.069000e+01,2.069697e+01,2.070394e+01,2.069697e+01,2.070394e+01,2.068303e+01,2.073879e+01,2.066211e+01,2.080846e+01,2.078060e+01,2.080846e+01,2.074576e+01,2.082239e+01,2.080150e+01,2.069697e+01,2.078060e+01,2.078757e+01,2.069000e+01,2.075273e+01,2.062723e+01,2.073182e+01,2.078060e+01,2.071789e+01,2.071091e+01,2.073182e+01,2.073182e+01,2.084328e+01,2.063420e+01,2.059234e+01,2.075273e+01,2.069697e+01,2.074576e+01,2.068303e+01,2.071091e+01,2.061327e+01,2.075970e+01,2.061327e+01,2.069000e+01,2.052252e+01,2.077363e+01,2.068303e+01,2.068303e+01,2.075970e+01,2.071789e+01,2.066908e+01,2.067605e+01,2.076667e+01,2.071789e+01,2.068303e+01,2.072486e+01,2.065513e+01,2.057140e+01,2.052950e+01,2.068303e+01,2.059234e+01,2.072486e+01,2.072486e+01,2.071091e+01,2.071789e+01,2.073879e+01,2.069697e+01,2.075273e+01,2.065513e+01,2.064816e+01,2.059932e+01,2.063420e+01,2.062723e+01,2.063420e+01,2.061327e+01,2.060629e+01,2.064816e+01,2.061327e+01,2.066211e+01,2.068303e+01,2.066211e+01,2.069697e+01,2.066211e+01,2.061327e+01,2.063420e+01,2.064118e+01,2.062723e+01,2.060629e+01,2.059932e+01,2.056442e+01,2.075970e+01,2.065513e+01,2.057140e+01,2.062723e+01,2.062025e+01,2.051554e+01,2.067605e+01,2.061327e+01,2.062025e+01,2.065513e+01,2.070394e+01,2.069000e+01,2.068303e+01,2.069000e+01,2.068303e+01,2.057838e+01,2.067605e+01,2.069697e+01,2.057838e+01,2.057140e+01,2.071789e+01,2.069697e+01,2.075970e+01,2.080150e+01,2.073879e+01,2.081543e+01,2.083632e+01,2.092679e+01,2.085024e+01,2.085024e+01,2.080846e+01,2.078060e+01,2.074576e+01,2.080846e+01,2.069000e+01,2.071789e+01,2.066908e+01,2.064118e+01,2.057838e+01,2.059932e+01,2.048061e+01,2.043169e+01,2.041071e+01,2.046663e+01,2.020074e+01,1.993414e+01,1.966683e+01,1.961751e+01,1.934229e+01,1.927160e+01,1.938468e+01,1.915130e+01,1.927867e+01,1.923623e+01,1.915130e+01,1.923623e+01,1.910173e+01,1.878245e+01,1.913006e+01,1.909464e+01,1.903087e+01,1.905922e+01,1.905922e+01,1.906630e+01,1.889609e+01,1.903795e+01,1.891738e+01,1.890318e+01,1.900251e+01,1.895286e+01,1.902378e+01,1.901669e+01,1.909464e+01,1.910881e+01,1.913006e+01,1.907339e+01,1.905213e+01,1.918670e+01,1.918670e+01,1.939174e+01,1.940587e+01,1.929281e+01,1.934936e+01,1.927867e+01,1.917254e+01,1.924331e+01,1.921501e+01,1.918670e+01,1.916546e+01,1.920793e+01,1.930695e+01,1.927867e+01,1.922208e+01,1.920793e+01,1.917254e+01,1.924331e+01,1.932815e+01,1.925745e+01,1.932815e+01,1.929281e+01,1.905922e+01,1.923623e+01,1.918670e+01,1.920793e+01,1.923623e+01,1.919378e+01,1.907339e+01,1.923623e+01,1.922916e+01,1.930695e+01,1.915838e+01,1.934229e+01,1.941999e+01,1.930695e+01,1.928574e+01,1.943411e+01,1.939881e+01,1.929988e+01,1.932109e+01,1.956817e+01,1.960342e+01,1.963865e+01,1.976540e+01,1.968092e+01,1.976540e+01,1.976540e+01,1.981464e+01,1.989901e+01,1.996926e+01,1.989901e+01,2.007454e+01,2.013766e+01,2.030578e+01,2.029178e+01,2.045266e+01,2.066211e+01,2.064816e+01,2.069000e+01,2.070394e+01,2.080846e+01,2.066211e+01,2.066211e+01,2.062723e+01,2.063420e+01,2.070394e+01,2.065513e+01,2.061327e+01,2.066211e+01,2.075273e+01,2.067605e+01,2.064118e+01,2.060629e+01,2.061327e+01,2.065513e+01,2.056442e+01,2.071091e+01,2.073879e+01,2.073182e+01,2.070394e+01,2.069000e+01,2.064816e+01,2.067605e+01,2.066211e+01,2.065513e+01,2.063420e+01,2.074576e+01,2.067605e+01,2.067605e+01,2.065513e+01,2.072486e+01,2.068303e+01,2.074576e+01,2.062723e+01,2.066211e+01,2.065513e+01,2.066908e+01,2.073879e+01,2.064118e+01,2.063420e+01,2.066908e+01,2.067605e+01,2.065513e+01,2.062025e+01,2.069000e+01,2.072486e+01,2.063420e+01,2.061327e+01,2.062723e+01,2.059234e+01,2.061327e+01,2.067605e+01,2.069697e+01,2.076667e+01,2.119771e+01,2.123240e+01,2.136408e+01,2.119771e+01,2.131559e+01,2.145408e+01,2.150251e+01,2.150251e+01,2.154400e+01,2.159930e+01,2.158548e+01,2.162694e+01,2.148176e+01,2.141948e+01,2.142640e+01,2.139871e+01,2.143332e+01,2.141255e+01,2.120465e+01,2.133637e+01,2.124627e+01,2.130173e+01,2.137101e+01,2.124627e+01,2.122546e+01,2.145408e+01,2.144024e+01,2.145408e+01,2.146792e+01,2.144716e+01,2.146792e+01,2.133637e+01,2.145408e+01,2.114914e+01,2.125320e+01,2.120465e+01,2.122546e+01,2.110748e+01,2.130865e+01,2.130865e+01,2.130173e+01,2.146792e+01,2.132252e+01,2.156474e+01,2.135715e+01,2.134330e+01,2.130865e+01,2.124627e+01,2.131559e+01,2.130173e+01,2.129479e+01,2.130865e+01,2.132252e+01,2.132944e+01,2.144716e+01,2.135023e+01,2.130173e+01,2.139178e+01,2.139178e+01,2.132252e+01,2.126707e+01,2.118384e+01,2.143332e+01,2.130173e+01,2.134330e+01,2.135715e+01,2.137101e+01,2.131559e+01,2.130173e+01,2.123240e+01,2.121159e+01,2.123240e+01,2.116996e+01,2.119078e+01,2.103802e+01,2.121852e+01,2.109360e+01,2.116996e+01,2.113526e+01,2.116996e+01,2.107971e+01,2.115608e+01,2.109360e+01,2.113526e+01,2.115608e+01,2.114914e+01,2.096156e+01,2.116302e+01,2.110054e+01,2.116996e+01,2.109360e+01,2.119771e+01,2.103802e+01,2.105192e+01,2.103107e+01,2.109360e+01,2.107971e+01,2.107971e+01,2.114220e+01,2.102413e+01,2.101023e+01,2.102413e+01,2.101718e+01,2.114220e+01,2.109360e+01,2.123240e+01,2.114220e+01,2.123933e+01,2.102413e+01,2.101718e+01,2.114914e+01,2.101718e+01,2.075970e+01,2.109360e+01,2.126013e+01,2.114220e+01,2.070394e+01,2.062723e+01,2.045964e+01,2.050157e+01,2.053649e+01,2.043868e+01,2.049458e+01,2.056442e+01,2.058536e+01,2.044567e+01,2.043868e+01,2.045964e+01,2.053649e+01,2.048759e+01,2.053649e+01,2.041770e+01,2.043169e+01,2.045266e+01,2.043169e+01,2.064118e+01,2.039673e+01,2.042470e+01,2.050855e+01,2.044567e+01,2.040372e+01,2.052252e+01,2.049458e+01,2.059932e+01,2.043868e+01,2.056442e+01,2.060629e+01,2.055045e+01,2.042470e+01,2.045266e+01,2.052252e+01,2.049458e+01,2.052252e+01,2.052950e+01,2.050855e+01,2.058536e+01,2.058536e+01,2.042470e+01,2.057838e+01,2.054347e+01,2.038274e+01,2.038274e+01,2.027778e+01,2.048759e+01,2.056442e+01,2.049458e+01,2.041770e+01,2.045964e+01,2.042470e+01,2.048759e+01,2.043169e+01,2.056442e+01,2.043169e+01,2.044567e+01,2.049458e+01,2.046663e+01,2.052252e+01,2.040372e+01,2.045964e+01,2.041071e+01,2.043868e+01,2.043868e+01,2.045964e+01,2.046663e+01,2.054347e+01,2.043169e+01,2.055045e+01,2.038274e+01,2.036875e+01,2.045266e+01,2.038274e+01,2.042470e+01,2.043169e+01,2.045266e+01,2.050855e+01,2.045266e+01,2.050855e+01,2.027778e+01,2.037575e+01,2.050855e+01,2.023577e+01,2.039673e+01,2.034077e+01,2.057838e+01,2.038274e+01,2.049458e+01,2.048061e+01,2.043169e+01,2.046663e+01,2.047362e+01,2.057140e+01,2.044567e+01,2.038974e+01,2.020074e+01,2.038274e+01,2.036875e+01,2.037575e+01,2.045266e+01,2.044567e+01,2.056442e+01
2.068303e+01,2.035476e+01,2.042470e+01,2.057140e+01,2.037575e+01,2.045266e+01,2.041071e+01,2.053649e+01,2.061327e+01,2.041071e+01,2.049458e+01,2.057838e+01,2.060629e+01,2.037575e+01,2.061327e+01,2.052950e+01,2.057838e+01,2.071091e+01,2.062723e+01,2.061327e+01,2.057838e+01,2.057140e+01,2.052950e+01,2.066908e+01,2.055743e+01,2.052950e+01,2.061327e+01,2.067605e+01,2.070394e+01,2.076667e+01,2.048061e+01,2.066908e+01,2.065513e+01,2.082935e+01,2.058536e+01,2.073879e+01,2.080150e+01,2.075273e+01,2.071789e+01,2.071091e+01,2.072486e+01,2.077363e+01,2.069697e+01,2.067605e+01,2.093374e+01,2.105192e+01,2.107971e+01,2.096156e+01,2.082935e+01,2.107971e+01,2.113526e+01,2.073879e+01,2.063420e+01,2.065513e+01,2.056442e+01,2.060629e+01,2.068303e+01,2.074576e+01,2.073182e+01,2.071091e+01,2.067605e+01,2.060629e+01,2.070394e+01,2.064118e+01,2.062723e+01,2.071789e+01,2.069000e+01,2.069000e+01,2.071091e+01,2.074576e+01,2.066908e+01,2.073879e+01,2.059234e+01,2.071091e+01,2.063420e+01,2.066908e+01,2.069000e+01,2.066908e+01,2.068303e+01,2.073182e+01,2.063420e+01,2.052950e+01,2.073182e+01,2.064118e+01,2.068303e+01,2.061327e+01,2.058536e+01,2.078060e+01,2.059234e+01,2.065513e+01,2.059932e+01,2.072486e+01,2.058536e+01,2.069000e+01,2.070394e+01,2.058536e+01,2.061327e+01,2.071091e+01,2.054347e+01,2.073182e+01,2.069000e+01,2.056442e+01,2.062723e+01,2.051554e+01,2.055045e+01,2.062723e+01,2.059234e+01,2.065513e+01,2.053649e+01,2.059932e+01,2.065513e+01,2.066211e+01,2.072486e+01,2.062025e+01,2.064118e+01,2.071091e+01,2.068303e+01,2.066211e+01,2.092679e+01,2.134330e+01,2.103802e+01,2.087112e+01,2.062723e+01,2.057838e+01,2.070394e+01,2.050157e+01,2.052950e+01,2.070394e+01,2.055045e+01,2.073182e+01,2.054347e+01,2.069697e+01,2.059234e+01,2.064118e+01,2.072486e+01,2.062025e+01,2.059234e+01,2.073879e+01,2.074576e+01,2.077363e+01,2.063420e+01,2.071091e+01,2.067605e+01,2.064816e+01,2.073182e+01,2.069000e+01,2.103107e+01,2.073879e+01,2.073182e+01,2.080846e+01,2.077363e+01,2.084328e+01,2.080846e+01,2.070394e+01,2.071789e+01,2.079453e+01,2.080150e+01,2.068303e+01,2.069697e+01,2.072486e+01,2.080150e+01,2.068303e+01,2.070394e+01,2.073182e+01,2.071789e+01,2.071091e+01,2.069000e+01,2.080150e+01,2.070394e+01,2.070394e+01,2.080846e+01,2.067605e+01,2.062723e+01,2.075970e+01,2.062723e+01,2.069000e+01,2.078757e+01,2.068303e+01,2.070394e+01,2.066211e+01,2.071091e+01,2.065513e+01,2.052252e+01,2.060629e+01,2.075273e+01,2.064118e+01,2.071789e+01,2.072486e+01,2.081543e+01,2.075273e+01,2.072486e+01,2.071091e+01,2.067605e+01,2.071789e+01,2.056442e+01,2.070394e+01,2.068303e+01,2.055743e+01,2.069000e+01,2.072486e+01,2.073879e+01,2.071789e+01,2.071789e+01,2.075970e+01,2.075970e+01,2.069697e+01,2.069697e+01,2.065513e+01,2.062723e+01,2.064118e+01,2.066908e+01,2.063420e+01,2.068303e+01,2.068303e+01,2.064118e+01,2.066211e+01,2.070394e+01,2.069000e+01,2.069000e+01,2.065513e+01,2.063420e+01,2.080150e+01,2.061327e+01,2.062025e+01,2.055743e+01,2.078757e+01,2.078757e+01,2.057838e+01,2.054347e+01,2.060629e+01,2.061327e+01,2.057140e+01,2.065513e+01,2.052950e+01,2.062723e+01,2.069000e+01,2.055743e+01,2.059932e+01,2.068303e+01,2.067605e+01,2.066908e+01,2.066211e+01,2.055045e+01,2.067605e+01,2.070394e+01,2.069697e+01,2.066908e+01,2.063420e+01,2.067605e+01,2.079453e+01,2.073879e+01,2.062025e+01,2.068303e+01,2.085024e+01,2.087112e+01,2.087808e+01,2.082935e+01,2.078757e+01,2.079453e+01,2.081543e+01,2.079453e+01,2.057140e+01,2.066908e+01,2.053649e+01,2.055743e+01,2.062025e+01,2.059234e+01,2.048061e+01,2.055743e+01,2.044567e+01,1.998330e+01,1.953291e+01,1.969500e+01,1.958227e+01,1.958932e+01,1.943411e+01,1.934936e+01,1.934936e+01,1.934229e+01,1.915838e+01,1.917254e+01,1.915130e+01,1.913714e+01,1.915130e+01,1.898123e+01,1.905213e+01,1.905213e+01,1.900960e+01,1.911590e+01,1.908756e+01,1.902378e+01,1.902378e+01,1.911590e+01,1.901669e+01,1.897414e+01,1.900251e+01,1.905213e+01,1.899541e+01,1.910173e+01,1.909464e+01,1.908047e+01,1.905922e+01,1.922916e+01,1.928574e+01,1.918670e+01,1.941999e+01,1.943411e+01,1.943411e+01,1.939881e+01,1.936349e+01,1.932815e+01,1.930695e+01,1.918670e+01,1.924331e+01,1.919378e+01,1.920085e+01,1.925745e+01,1.917962e+01,1.927867e+01,1.927867e+01,1.922208e+01,1.927867e+01,1.929281e+01,1.939174e+01,1.929281e+01,1.925038e+01,1.927867e+01,1.927867e+01,1.928574e+01,1.935642e+01,1.916546e+01,1.910173e+01,1.916546e+01,1.919378e+01,1.912298e+01,1.914422e+01,1.919378e+01,1.920793e+01,1.941999e+01,1.909464e+01,1.908756e+01,1.941999e+01,1.939174e+01,1.941293e+01,1.938468e+01,1.944823e+01,1.934229e+01,1.948352e+01,1.956112e+01,1.955407e+01,1.967388e+01,1.974428e+01,1.973021e+01,1.978650e+01,1.982871e+01,1.989901e+01,2.008857e+01,2.009559e+01,2.014467e+01,2.022876e+01,2.059932e+01,2.054347e+01,2.066908e+01,2.066908e+01,2.068303e+01,2.072486e+01,2.067605e+01,2.069000e+01,2.067605e+01,2.068303e+01,2.062025e+01,2.065513e+01,2.067605e+01,2.066908e+01,2.062025e+01,2.062723e+01,2.059234e+01,2.068303e+01,2.066211e+01,2.059932e+01,2.059234e+01,2.055045e+01,2.056442e+01,2.069000e+01,2.073879e+01,2.072486e+01,2.073879e+01,2.067605e+01,2.069000e+01,2.064118e+01,2.066908e+01,2.066908e+01,2.070394e+01,2.065513e+01,2.067605e+01,2.066908e+01,2.069000e+01,2.064816e+01,2.073182e+01,2.063420e+01,2.069697e+01,2.071091e+01,2.074576e+01,2.073182e+01,2.064816e+01,2.062723e+01,2.061327e+01,2.062723e+01,2.066211e+01,2.065513e+01,2.064118e+01,2.058536e+01,2.068303e+01,2.057838e+01,2.065513e+01,2.058536e+01,2.078060e+01,2.066908e+01,2.074576e+01,2.075273e+01,2.098242e+01,2.129479e+01,2.141255e+01,2.132944e+01,2.123240e+01,2.146100e+01,2.122546e+01,2.150251e+01,2.155092e+01,2.147484e+01,2.157166e+01,2.160621e+01,2.134330e+01,2.168909e+01,2.140563e+01,2.148868e+01,2.139178e+01,2.121159e+01,2.139178e+01,2.134330e+01,2.137101e+01,2.132252e+01,2.128786e+01,2.124627e+01,2.127400e+01,2.143332e+01,2.135715e+01,2.144716e+01,2.137793e+01,2.145408e+01,2.146792e+01,2.130865e+01,2.114220e+01,2.116996e+01,2.123933e+01,2.137101e+01,2.142640e+01,2.126013e+01,2.130865e+01,2.137793e+01,2.140563e+01,2.134330e+01,2.151634e+01,2.138486e+01,2.142640e+01,2.135023e+01,2.135023e+01,2.129479e+01,2.133637e+01,2.149559e+01,2.133637e+01,2.123933e+01,2.131559e+01,2.140563e+01,2.141948e+01,2.157166e+01,2.132252e+01,2.140563e+01,2.139871e+01,2.135715e+01,2.123933e+01,2.136408e+01,2.133637e+01,2.140563e+01,2.136408e+01,2.132944e+01,2.136408e+01,2.137793e+01,2.123240e+01,2.126707e+01,2.121852e+01,2.127400e+01,2.100327e+01,2.135715e+01,2.116302e+01,2.116996e+01,2.111443e+01,2.108665e+01,2.110054e+01,2.117690e+01,2.108665e+01,2.103802e+01,2.110054e+01,2.112831e+01,2.111443e+01,2.111443e+01,2.106581e+01,2.110748e+01,2.105192e+01,2.117690e+01,2.112831e+01,2.100327e+01,2.120465e+01,2.114914e+01,2.105192e+01,2.101718e+01,2.107971e+01,2.109360e+01,2.109360e+01,2.105887e+01,2.102413e+01,2.101023e+01,2.106581e+01,2.104497e+01,2.107276e+01,2.110748e+01,2.125320e+01,2.113526e+01,2.114220e+01,2.119078e+01,2.110054e+01,2.098242e+01,2.088504e+01,2.089200e+01,2.134330e+01,2.118384e+01,2.073879e+01,2.068303e+01,2.051554e+01,2.044567e+01,2.052950e+01,2.050855e+01,2.053649e+01,2.045266e+01,2.050157e+01,2.046663e+01,2.041770e+01,2.042470e+01,2.044567e+01,2.057838e+01,2.045266e+01,2.049458e+01,2.050855e+01,2.048061e+01,2.043868e+01,2.040372e+01,2.060629e+01,2.034077e+01,2.045964e+01,2.045266e+01,2.032678e+01,2.046663e+01,2.052252e+01,2.056442e+01,2.047362e+01,2.050157e+01,2.048759e+01,2.041071e+01,2.051554e+01,2.050855e+01,2.041770e+01,2.060629e+01,2.050157e+01,2.055045e+01,2.050157e+01,2.027078e+01,2.051554e+01,2.056442e+01,2.041770e+01,2.054347e+01,2.046663e+01,2.050855e+01,2.058536e+01,2.046663e+01,2.047362e+01,2.046663e+01,2.030578e+01,2.029878e+01,2.071789e+01,2.045266e+01,2.052252e+01,2.045964e+01,2.031278e+01,2.045964e+01,2.036875e+01,2.047362e+01,2.041770e+01,2.049458e+01,2.042470e+01,2.038974e+01,2.041071e+01,2.048759e+01,2.049458e+01,2.040372e+01,2.043868e+01,2.042470e+01,2.046663e+01,2.050855e+01,2.045964e+01,2.043868e+01,2.036176e+01,2.033377e+01,2.050157e+01,2.038274e+01,2.048061e+01,2.045964e+01,2.042470e+01,2.034077e+01,2.038974e+01,2.036176e+01,2.041071e+01,2.039673e+01,2.074576e+01,2.047362e+01,2.047362e+01,2.036176e+01,2.045964e+01,2.045266e+01,2.045964e+01,2.053649e+01,2.052252e+01,2.043868e+01,2.034077e+01,2.014467e+01,2.043868e+01,2.038274e+01,2.044567e+01,2.040372e+01,2.043169e+01,2.042470e+01
2.036875e+01,2.040372e+01,2.026378e+01,2.036176e+01,2.040372e+01,2.043169e+01,2.044567e+01,2.060629e+01,2.062025e+01,2.047362e+01,2.047362e+01,2.058536e+01,2.057140e+01,2.055045e+01,2.050157e+01,2.052950e+01,2.052252e+01,2.054347e+01,2.059234e+01,2.073879e+01,2.040372e+01,2.052950e+01,2.052252e+01,2.047362e+01,2.055743e+01,2.058536e+01,2.068303e+01,2.075970e+01,2.070394e+01,2.069000e+01,2.060629e+01,2.068303e+01,2.051554e+01,2.065513e+01,2.062723e+01,2.074576e+01,2.066211e+01,2.070394e+01,2.071789e+01,2.066211e+01,2.069697e+01,2.071789e+01,2.075273e+01,2.077363e+01,2.087808e+01,2.098242e+01,2.098242e+01,2.083632e+01,2.087808e+01,2.128093e+01,2.105192e+01,2.074576e+01,2.074576e+01,2.059932e+01,2.069697e+01,2.070394e+01,2.066211e+01,2.063420e+01,2.066908e+01,2.070394e+01,2.056442e+01,2.067605e+01,2.073879e+01,2.068303e+01,2.067605e+01,2.062723e+01,2.068303e+01,2.062723e+01,2.072486e+01,2.064118e+01,2.064118e+01,2.069697e+01,2.068303e+01,2.061327e+01,2.073182e+01,2.068303e+01,2.064816e+01,2.062025e+01,2.067605e+01,2.063420e+01,2.065513e+01,2.061327e+01,2.074576e+01,2.067605e+01,2.057838e+01,2.055743e+01,2.063420e+01,2.059932e+01,2.064816e+01,2.059234e+01,2.055743e+01,2.060629e+01,2.062025e+01,2.055045e+01,2.058536e+01,2.057838e+01,2.074576e+01,2.059234e+01,2.052950e+01,2.056442e+01,2.055743e+01,2.061327e+01,2.058536e+01,2.038974e+01,2.063420e+01,2.060629e+01,2.057140e+01,2.052950e+01,2.054347e+01,2.072486e+01,2.073879e+01,2.064118e+01,2.064816e+01,2.077363e+01,2.062723e+01,2.087808e+01,2.067605e+01,2.095461e+01,2.099632e+01,2.129479e+01,2.101718e+01,2.069000e+01,2.072486e+01,2.066211e+01,2.066211e+01,2.069000e+01,2.068303e+01,2.061327e+01,2.062025e+01,2.063420e+01,2.057838e+01,2.071091e+01,2.078060e+01,2.058536e+01,2.071091e+01,2.063420e+01,2.069697e+01,2.059932e+01,2.067605e+01,2.066211e+01,2.069000e+01,2.073182e+01,2.069000e+01,2.076667e+01,2.070394e+01,2.070394e+01,2.073182e+01,2.062723e+01,2.069697e+01,2.071091e+01,2.085024e+01,2.071789e+01,2.069697e+01,2.079453e+01,2.081543e+01,2.075970e+01,2.079453e+01,2.073182e+01,2.066211e+01,2.081543e+01,2.066908e+01,2.067605e+01,2.066908e+01,2.072486e+01,2.071789e+01,2.075273e+01,2.064118e+01,2.073182e+01,2.073182e+01,2.072486e+01,2.073879e+01,2.085720e+01,2.068303e+01,2.067605e+01,2.064118e+01,2.071091e+01,2.075273e+01,2.082935e+01,2.067605e+01,2.068303e+01,2.071789e+01,2.077363e+01,2.066908e+01,2.076667e+01,2.069000e+01,2.078060e+01,2.071789e+01,2.066908e+01,2.066908e+01,2.070394e+01,2.065513e+01,2.075273e+01,2.076667e+01,2.074576e+01,2.064816e+01,2.062025e+01,2.057140e+01,2.069697e+01,2.060629e+01,2.063420e+01,2.074576e+01,2.065513e+01,2.080846e+01,2.064118e+01,2.067605e+01,2.064816e+01,2.065513e+01,2.076667e+01,2.064816e+01,2.078757e+01,2.073879e+01,2.073182e+01,2.074576e+01,2.066908e+01,2.065513e+01,2.064816e+01,2.071091e+01,2.070394e+01,2.068303e+01,2.068303e+01,2.064816e+01,2.073182e+01,2.064118e+01,2.075273e+01,2.059234e+01,2.069697e+01,2.060629e+01,2.060629e+01,2.064816e+01,2.054347e+01,2.052950e+01,2.056442e+01,2.071091e+01,2.066908e+01,2.066908e+01,2.060629e+01,2.085024e+01,2.066908e+01,2.069697e+01,2.067605e+01,2.068303e+01,2.059234e+01,2.059932e+01,2.073182e+01,2.057140e+01,2.060629e+01,2.064118e+01,2.059234e+01,2.073879e+01,2.076667e+01,2.082935e+01,2.063420e+01,2.080150e+01,2.088504e+01,2.083632e+01,2.091287e+01,2.091983e+01,2.076667e+01,2.073879e+01,2.075970e+01,2.073182e+01,2.073182e+01,2.070394e+01,2.067605e+01,2.068303e+01,2.053649e+01,2.047362e+01,2.045266e+01,2.048061e+01,1.999033e+01,1.996224e+01,1.965979e+01,1.956817e+01,1.940587e+01,1.965979e+01,1.956817e+01,1.937055e+01,1.924331e+01,1.917254e+01,1.908047e+01,1.915838e+01,1.905213e+01,1.909464e+01,1.917254e+01,1.913714e+01,1.911590e+01,1.904504e+01,1.913714e+01,1.905213e+01,1.910173e+01,1.910881e+01,1.905922e+01,1.903795e+01,1.895286e+01,1.916546e+01,1.914422e+01,1.909464e+01,1.915130e+01,1.899541e+01,1.911590e+01,1.903087e+01,1.913714e+01,1.921501e+01,1.936349e+01,1.941293e+01,1.941999e+01,1.948352e+01,1.941999e+01,1.944118e+01,1.937762e+01,1.932109e+01,1.927160e+01,1.931402e+01,1.920085e+01,1.928574e+01,1.920085e+01,1.919378e+01,1.920085e+01,1.918670e+01,1.910173e+01,1.924331e+01,1.920085e+01,1.922208e+01,1.932815e+01,1.936349e+01,1.930695e+01,1.927867e+01,1.913714e+01,1.910881e+01,1.915130e+01,1.908756e+01,1.910173e+01,1.910881e+01,1.901669e+01,1.910881e+01,1.916546e+01,1.915838e+01,1.906630e+01,1.910173e+01,1.925038e+01,1.912298e+01,1.917254e+01,1.916546e+01,1.931402e+01,1.934229e+01,1.946235e+01,1.953291e+01,1.970909e+01,1.960342e+01,1.952586e+01,1.961047e+01,1.979354e+01,2.001841e+01,1.974428e+01,1.997628e+01,2.008156e+01,2.012364e+01,2.000437e+01,2.020074e+01,2.042470e+01,2.062723e+01,2.068303e+01,2.075273e+01,2.074576e+01,2.071789e+01,2.061327e+01,2.069000e+01,2.065513e+01,2.067605e+01,2.064118e+01,2.066908e+01,2.066211e+01,2.070394e+01,2.059932e+01,2.064816e+01,2.064118e+01,2.062025e+01,2.064816e+01,2.068303e+01,2.066908e+01,2.068303e+01,2.059234e+01,2.089896e+01,2.078060e+01,2.067605e+01,2.064118e+01,2.076667e+01,2.062025e+01,2.069000e+01,2.061327e+01,2.069697e+01,2.063420e+01,2.074576e+01,2.066211e+01,2.065513e+01,2.071091e+01,2.065513e+01,2.071091e+01,2.066211e+01,2.076667e+01,2.060629e+01,2.072486e+01,2.066908e+01,2.070394e+01,2.060629e+01,2.075970e+01,2.063420e+01,2.062723e+01,2.063420e+01,2.060629e+01,2.075970e+01,2.058536e+01,2.076667e+01,2.059234e+01,2.059932e+01,2.059932e+01,2.060629e+01,2.061327e+01,2.067605e+01,2.080150e+01,2.084328e+01,2.114914e+01,2.125320e+01,2.119078e+01,2.120465e+01,2.135715e+01,2.123933e+01,2.117690e+01,2.162003e+01,2.141255e+01,2.166147e+01,2.144024e+01,2.135715e+01,2.140563e+01,2.145408e+01,2.145408e+01,2.145408e+01,2.140563e+01,2.133637e+01,2.143332e+01,2.147484e+01,2.135023e+01,2.125320e+01,2.136408e+01,2.125320e+01,2.135023e+01,2.133637e+01,2.143332e+01,2.148176e+01,2.148868e+01,2.145408e+01,2.134330e+01,2.117690e+01,2.117690e+01,2.119078e+01,2.122546e+01,2.130173e+01,2.148868e+01,2.145408e+01,2.147484e+01,2.130865e+01,2.153017e+01,2.146100e+01,2.143332e+01,2.130865e+01,2.142640e+01,2.135715e+01,2.131559e+01,2.144024e+01,2.135023e+01,2.139871e+01,2.139871e+01,2.131559e+01,2.139871e+01,2.141255e+01,2.135023e+01,2.129479e+01,2.135715e+01,2.131559e+01,2.139871e+01,2.133637e+01,2.137101e+01,2.143332e+01,2.132944e+01,2.130865e+01,2.117690e+01,2.143332e+01,2.141948e+01,2.127400e+01,2.125320e+01,2.130865e+01,2.141255e+01,2.119078e+01,2.119771e+01,2.119771e+01,2.112831e+01,2.114914e+01,2.119078e+01,2.116302e+01,2.109360e+01,2.104497e+01,2.114914e+01,2.104497e+01,2.091287e+01,2.089896e+01,2.119078e+01,2.121852e+01,2.109360e+01,2.116302e+01,2.110748e+01,2.105192e+01,2.117690e+01,2.103802e+01,2.120465e+01,2.116996e+01,2.107276e+01,2.104497e+01,2.104497e+01,2.106581e+01,2.113526e+01,2.101023e+01,2.105887e+01,2.098242e+01,2.105192e+01,2.099632e+01,2.100327e+01,2.099632e+01,2.101023e+01,2.104497e+01,2.112831e+01,2.115608e+01,2.114220e+01,2.079453e+01,2.092679e+01,2.128786e+01,2.132252e+01,2.075970e+01,2.043868e+01,2.052950e+01,2.051554e+01,2.045964e+01,2.052950e+01,2.047362e+01,2.038974e+01,2.041770e+01,2.048061e+01,2.043868e+01,2.043169e+01,2.047362e+01,2.041770e+01,2.044567e+01,2.046663e+01,2.047362e+01,2.029878e+01,2.055045e+01,2.057838e+01,2.049458e+01,2.048759e+01,2.045266e+01,2.041071e+01,2.045964e+01,2.049458e+01,2.031978e+01,2.057140e+01,2.045266e+01,2.046663e+01,2.050855e+01,2.053649e+01,2.049458e+01,2.048061e+01,2.046663e+01,2.045964e+01,2.043868e+01,2.042470e+01,2.050855e+01,2.046663e+01,2.055743e+01,2.046663e+01,2.055045e+01,2.056442e+01,2.046663e+01,2.050157e+01,2.046663e+01,2.043169e+01,2.058536e+01,2.036875e+01,2.047362e+01,2.034777e+01,2.039673e+01,2.038974e+01,2.032678e+01,2.031978e+01,2.031278e+01,2.041071e+01,2.038274e+01,2.027078e+01,2.039673e+01,2.042470e+01,2.047362e+01,2.038274e+01,2.047362e+01,2.045266e+01,2.045266e+01,2.038974e+01,2.041770e+01,2.022876e+01,2.043868e+01,2.042470e+01,2.045964e+01,2.037575e+01,2.038974e+01,2.039673e+01,2.051554e+01,2.047362e+01,2.039673e+01,2.034777e+01,2.042470e+01,2.029178e+01,2.038974e+01,2.038974e+01,2.039673e+01,2.038274e+01,2.042470e+01,2.029178e+01,2.050157e+01,2.036176e+01,2.052252e+01,2.053649e+01,2.032678e+01,2.040372e+01,2.052950e+01,2.052252e+01,2.039673e+01,2.037575e+01,2.046663e+01,2.037575e+01,2.043868e+01,2.019373e+01,2.039673e+01,2.039673e+01
2.035476e+01,2.032678e+01,2.045964e+01,2.043169e+01,2.038274e+01,2.039673e+01,2.042470e+01,2.043868e+01,2.049458e+01,2.041770e+01,2.036875e+01,2.029878e+01,2.036176e+01,2.041071e+01,2.055045e+01,2.052252e+01,2.050157e+01,2.059932e+01,2.048759e+01,2.057838e+01,2.053649e+01,2.062723e+01,2.055743e+01,2.055743e+01,2.062025e+01,2.059932e+01,2.043868e+01,2.070394e+01,2.074576e+01,2.058536e+01,2.055743e+01,2.057140e+01,2.049458e+01,2.057838e+01,2.059932e+01,2.075273e+01,2.072486e+01,2.064118e+01,2.070394e+01,2.069697e+01,2.068303e+01,2.081543e+01,2.078060e+01,2.078060e+01,2.059234e+01,2.100327e+01,2.094765e+01,2.084328e+01,2.075970e+01,2.098242e+01,2.075273e+01,2.073182e+01,2.064816e+01,2.075273e+01,2.048061e+01,2.071789e+01,2.069697e+01,2.067605e+01,2.071789e+01,2.064816e+01,2.066211e+01,2.068303e+01,2.068303e+01,2.069697e+01,2.070394e+01,2.061327e+01,2.050157e+01,2.064118e+01,2.060629e+01,2.068303e+01,2.059234e+01,2.059234e+01,2.059932e+01,2.066211e+01,2.071091e+01,2.069000e+01,2.059932e+01,2.057140e+01,2.067605e+01,2.075970e+01,2.073182e+01,2.066211e+01,2.063420e+01,2.059234e+01,2.055045e+01,2.055743e+01,2.062723e+01,2.062723e+01,2.057838e+01,2.062723e+01,2.054347e+01,2.060629e+01,2.060629e+01,2.055045e+01,2.050157e+01,2.047362e+01,2.054347e+01,2.059932e+01,2.059932e+01,2.050855e+01,2.048759e+01,2.057140e+01,2.049458e+01,2.061327e+01,2.044567e+01,2.048759e+01,2.050157e+01,2.062025e+01,2.059932e+01,2.064118e+01,2.062025e+01,2.059932e+01,2.070394e+01,2.060629e+01,2.057140e+01,2.058536e+01,2.061327e+01,2.098242e+01,2.116302e+01,2.094070e+01,2.129479e+01,2.087112e+01,2.062025e+01,2.057838e+01,2.068303e+01,2.062723e+01,2.062025e+01,2.052950e+01,2.067605e+01,2.056442e+01,2.055045e+01,2.057140e+01,2.069697e+01,2.071091e+01,2.068303e+01,2.061327e+01,2.067605e+01,2.070394e+01,2.064118e+01,2.063420e+01,2.074576e+01,2.062723e+01,2.074576e+01,2.074576e+01,2.075273e+01,2.068303e+01,2.068303e+01,2.073182e+01,2.071789e+01,2.062723e+01,2.071789e+01,2.071091e+01,2.062025e+01,2.073182e+01,2.077363e+01,2.078060e+01,2.076667e+01,2.079453e+01,2.073879e+01,2.075273e+01,2.070394e+01,2.069697e+01,2.085720e+01,2.071789e+01,2.069000e+01,2.071789e+01,2.072486e+01,2.072486e+01,2.074576e+01,2.069697e+01,2.078060e+01,2.075970e+01,2.072486e+01,2.076667e+01,2.077363e+01,2.073182e+01,2.067605e+01,2.059932e+01,2.070394e+01,2.071789e+01,2.073879e+01,2.086416e+01,2.078060e+01,2.074576e+01,2.078757e+01,2.069697e+01,2.076667e+01,2.074576e+01,2.071789e+01,2.072486e+01,2.078060e+01,2.071091e+01,2.071789e+01,2.066908e+01,2.057140e+01,2.070394e+01,2.067605e+01,2.060629e+01,2.071091e+01,2.071789e+01,2.061327e+01,2.071789e+01,2.075970e+01,2.075273e+01,2.068303e+01,2.061327e+01,2.071789e+01,2.075970e+01,2.069697e+01,2.066908e+01,2.060629e+01,2.072486e+01,2.077363e+01,2.058536e+01,2.068303e+01,2.067605e+01,2.061327e+01,2.063420e+01,2.064816e+01,2.066211e+01,2.068303e+01,2.064118e+01,2.073182e+01,2.077363e+01,2.062723e+01,2.069697e+01,2.071091e+01,2.060629e+01,2.071091e+01,2.055743e+01,2.069697e+01,2.069000e+01,2.069000e+01,2.063420e+01,2.058536e+01,2.059932e+01,2.068303e+01,2.069000e+01,2.066908e+01,2.075273e+01,2.075273e+01,2.078060e+01,2.069697e+01,2.074576e+01,2.067605e+01,2.071789e+01,2.063420e+01,2.061327e+01,2.060629e+01,2.064816e+01,2.073182e+01,2.067605e+01,2.080846e+01,2.086416e+01,2.088504e+01,2.084328e+01,2.087112e+01,2.075273e+01,2.077363e+01,2.078060e+01,2.076667e+01,2.076667e+01,2.070394e+01,2.047362e+01,2.041071e+01,2.047362e+01,2.044567e+01,2.043868e+01,1.996224e+01,1.986386e+01,1.973021e+01,1.956112e+01,1.945529e+01,1.936349e+01,1.939174e+01,1.917962e+01,1.931402e+01,1.935642e+01,1.915130e+01,1.919378e+01,1.906630e+01,1.915130e+01,1.905922e+01,1.905922e+01,1.900960e+01,1.904504e+01,1.920793e+01,1.913714e+01,1.910881e+01,1.906630e+01,1.907339e+01,1.907339e+01,1.898832e+01,1.914422e+01,1.915838e+01,1.906630e+01,1.917254e+01,1.907339e+01,1.912298e+01,1.913006e+01,1.923623e+01,1.919378e+01,1.917962e+01,1.932109e+01,1.924331e+01,1.953996e+01,1.937762e+01,1.953996e+01,1.937055e+01,1.938468e+01,1.925038e+01,1.948352e+01,1.924331e+01,1.931402e+01,1.929988e+01,1.927867e+01,1.922208e+01,1.936349e+01,1.938468e+01,1.927160e+01,1.920793e+01,1.929281e+01,1.925038e+01,1.932109e+01,1.929988e+01,1.924331e+01,1.923623e+01,1.918670e+01,1.922208e+01,1.907339e+01,1.911590e+01,1.910881e+01,1.903795e+01,1.910173e+01,1.908047e+01,1.900960e+01,1.913714e+01,1.927160e+01,1.905922e+01,1.923623e+01,1.915130e+01,1.925038e+01,1.939174e+01,1.930695e+01,1.927160e+01,1.944823e+01,1.953996e+01,1.958227e+01,1.958932e+01,1.959637e+01,1.962456e+01,1.982871e+01,1.983574e+01,1.984277e+01,2.008857e+01,2.003946e+01,2.011663e+01,2.027778e+01,2.069000e+01,2.063420e+01,2.074576e+01,2.064816e+01,2.052950e+01,2.058536e+01,2.072486e+01,2.073182e+01,2.054347e+01,2.073879e+01,2.052950e+01,2.053649e+01,2.069000e+01,2.069000e+01,2.068303e+01,2.068303e+01,2.066211e+01,2.071091e+01,2.075273e+01,2.064816e+01,2.066211e+01,2.068303e+01,2.064118e+01,2.059932e+01,2.068303e+01,2.052252e+01,2.050855e+01,2.062723e+01,2.059932e+01,2.062723e+01,2.057838e+01,2.066908e+01,2.064118e+01,2.061327e+01,2.064816e+01,2.064118e+01,2.070394e+01,2.066211e+01,2.066908e+01,2.074576e+01,2.077363e+01,2.064118e+01,2.076667e+01,2.063420e+01,2.063420e+01,2.063420e+01,2.075970e+01,2.062723e+01,2.061327e+01,2.062723e+01,2.064816e+01,2.073879e+01,2.068303e+01,2.062025e+01,2.067605e+01,2.062723e+01,2.065513e+01,2.065513e+01,2.069697e+01,2.072486e+01,2.077363e+01,2.075273e+01,2.096156e+01,2.118384e+01,2.128786e+01,2.125320e+01,2.127400e+01,2.119078e+01,2.127400e+01,2.137793e+01,2.146100e+01,2.131559e+01,2.137101e+01,2.140563e+01,2.142640e+01,2.143332e+01,2.138486e+01,2.137793e+01,2.140563e+01,2.126013e+01,2.139178e+01,2.144024e+01,2.144024e+01,2.131559e+01,2.132944e+01,2.136408e+01,2.130865e+01,2.137101e+01,2.135023e+01,2.136408e+01,2.140563e+01,2.140563e+01,2.146792e+01,2.132252e+01,2.134330e+01,2.138486e+01,2.140563e+01,2.142640e+01,2.155783e+01,2.159930e+01,2.166838e+01,2.155783e+01,2.146792e+01,2.149559e+01,2.146100e+01,2.148868e+01,2.126013e+01,2.146792e+01,2.135715e+01,2.128786e+01,2.136408e+01,2.137101e+01,2.131559e+01,2.137793e+01,2.132252e+01,2.141255e+01,2.141948e+01,2.141948e+01,2.140563e+01,2.142640e+01,2.128093e+01,2.132252e+01,2.142640e+01,2.135023e+01,2.137101e+01,2.137101e+01,2.143332e+01,2.126707e+01,2.130865e+01,2.139178e+01,2.132944e+01,2.136408e+01,2.132944e+01,2.140563e+01,2.121852e+01,2.131559e+01,2.126707e+01,2.107971e+01,2.109360e+01,2.114914e+01,2.112137e+01,2.104497e+01,2.104497e+01,2.102413e+01,2.116996e+01,2.117690e+01,2.110748e+01,2.110054e+01,2.114914e+01,2.109360e+01,2.098242e+01,2.104497e+01,2.105887e+01,2.104497e+01,2.105887e+01,2.106581e+01,2.108665e+01,2.104497e+01,2.108665e+01,2.109360e+01,2.105192e+01,2.103802e+01,2.114220e+01,2.102413e+01,2.102413e+01,2.110748e+01,2.109360e+01,2.113526e+01,2.110748e+01,2.111443e+01,2.122546e+01,2.112831e+01,2.099632e+01,2.114914e+01,2.078757e+01,2.075970e+01,2.126013e+01,2.132252e+01,2.090592e+01,2.069000e+01,2.066908e+01,2.057838e+01,2.058536e+01,2.045266e+01,2.056442e+01,2.057838e+01,2.055743e+01,2.039673e+01,2.045964e+01,2.035476e+01,2.046663e+01,2.039673e+01,2.045266e+01,2.048061e+01,2.038274e+01,2.045964e+01,2.048759e+01,2.036875e+01,2.055743e+01,2.050157e+01,2.043868e+01,2.058536e+01,2.044567e+01,2.040372e+01,2.044567e+01,2.048061e+01,2.054347e+01,2.050855e+01,2.052950e+01,2.052950e+01,2.050855e+01,2.051554e+01,2.047362e+01,2.036176e+01,2.050855e+01,2.050157e+01,2.041071e+01,2.045964e+01,2.043868e+01,2.040372e+01,2.041071e+01,2.050855e+01,2.043868e+01,2.044567e+01,2.043868e+01,2.040372e+01,2.051554e+01,2.048061e+01,2.051554e+01,2.041071e+01,2.041071e+01,2.015168e+01,2.033377e+01,2.029878e+01,2.059234e+01,2.039673e+01,2.024277e+01,2.041071e+01,2.059234e+01,2.050157e+01,2.044567e+01,2.045964e+01,2.037575e+01,2.050157e+01,2.037575e+01,2.040372e+01,2.055743e+01,2.038274e+01,2.041071e+01,2.056442e+01,2.037575e+01,2.036176e+01,2.034777e+01,2.044567e+01,2.034077e+01,2.038974e+01,2.033377e+01,2.043169e+01,2.045964e+01,2.047362e+01,2.037575e+01,2.038974e+01,2.039673e+01,2.038974e+01,2.044567e+01,2.051554e+01,2.043868e+01,2.050855e+01,2.034777e+01,2.045266e+01,2.035476e+01,2.042470e+01,2.027078e+01,2.045964e+01,2.038274e+01,2.028478e+01,2.049458e+01,2.046663e+01,2.045266e+01,2.036176e+01,2.043868e+01,2.037575e+01
2.048759e+01,2.046663e+01,2.045266e+01,2.042470e+01,2.033377e+01,2.044567e+01,2.039673e+01,2.031978e+01,2.048061e+01,2.028478e+01,2.031978e+01,2.043868e+01,2.068303e+01,2.060629e+01,2.047362e+01,2.048759e+01,2.055743e+01,2.051554e+01,2.050157e+01,2.051554e+01,2.044567e+01,2.062723e+01,2.054347e+01,2.057838e+01,2.052950e+01,2.061327e+01,2.052950e+01,2.057140e+01,2.055743e+01,2.064816e+01,2.038274e+01,2.066211e+01,2.059932e+01,2.059234e+01,2.062723e+01,2.071789e+01,2.070394e+01,2.062723e+01,2.064816e+01,2.066908e+01,2.064118e+01,2.072486e+01,2.075970e+01,2.075970e+01,2.075970e+01,2.098937e+01,2.098937e+01,2.089896e+01,2.083632e+01,2.092679e+01,2.090592e+01,2.064118e+01,2.061327e+01,2.067605e+01,2.062025e+01,2.059932e+01,2.054347e+01,2.074576e+01,2.063420e+01,2.057140e+01,2.052950e+01,2.066211e+01,2.059932e+01,2.070394e+01,2.072486e+01,2.074576e+01,2.071789e+01,2.052252e+01,2.058536e+01,2.066908e+01,2.048759e+01,2.061327e+01,2.063420e+01,2.058536e+01,2.050855e+01,2.064816e+01,2.061327e+01,2.058536e+01,2.068303e+01,2.063420e+01,2.056442e+01,2.066908e+01,2.072486e+01,2.059234e+01,2.058536e+01,2.060629e+01,2.057140e+01,2.059234e+01,2.059234e+01,2.059932e+01,2.055045e+01,2.072486e+01,2.066908e+01,2.071789e+01,2.066908e+01,2.055045e+01,2.053649e+01,2.061327e+01,2.052950e+01,2.064816e+01,2.062025e+01,2.052950e+01,2.057140e+01,2.052252e+01,2.058536e+01,2.051554e+01,2.058536e+01,2.060629e+01,2.060629e+01,2.052950e+01,2.055743e+01,2.064118e+01,2.061327e+01,2.061327e+01,2.062025e+01,2.060629e+01,2.059932e+01,2.085024e+01,2.121852e+01,2.102413e+01,2.101718e+01,2.086416e+01,2.062723e+01,2.061327e+01,2.066211e+01,2.055743e+01,2.056442e+01,2.058536e+01,2.059234e+01,2.079453e+01,2.064816e+01,2.069697e+01,2.070394e+01,2.064816e+01,2.065513e+01,2.066211e+01,2.066211e+01,2.068303e+01,2.068303e+01,2.072486e+01,2.064816e+01,2.064118e+01,2.066908e+01,2.070394e+01,2.059234e+01,2.066211e+01,2.075970e+01,2.073879e+01,2.073879e+01,2.076667e+01,2.078060e+01,2.066908e+01,2.068303e+01,2.068303e+01,2.069000e+01,2.069000e+01,2.078060e+01,2.073879e+01,2.072486e+01,2.076667e+01,2.083632e+01,2.066211e+01,2.071091e+01,2.072486e+01,2.073879e+01,2.073879e+01,2.071091e+01,2.069697e+01,2.069697e+01,2.083632e+01,2.070394e+01,2.072486e+01,2.073182e+01,2.064816e+01,2.071789e+01,2.067605e+01,2.072486e+01,2.071789e+01,2.070394e+01,2.073182e+01,2.075970e+01,2.078060e+01,2.066211e+01,2.078060e+01,2.071091e+01,2.075273e+01,2.069697e+01,2.071789e+01,2.069000e+01,2.069000e+01,2.071091e+01,2.067605e+01,2.064118e+01,2.067605e+01,2.072486e+01,2.059932e+01,2.071789e+01,2.073182e+01,2.070394e+01,2.077363e+01,2.056442e+01,2.071091e+01,2.063420e+01,2.073879e+01,2.066211e+01,2.062723e+01,2.066211e+01,2.069697e+01,2.071091e+01,2.064118e+01,2.071789e+01,2.080846e+01,2.067605e+01,2.069000e+01,2.070394e+01,2.066908e+01,2.064816e+01,2.071091e+01,2.067605e+01,2.066211e+01,2.077363e+01,2.075970e+01,2.066908e+01,2.067605e+01,2.066211e+01,2.068303e+01,2.066908e+01,2.061327e+01,2.065513e+01,2.075273e+01,2.064118e+01,2.074576e+01,2.078757e+01,2.066908e+01,2.071091e+01,2.072486e+01,2.069000e+01,2.071789e+01,2.075273e+01,2.073182e+01,2.074576e+01,2.057838e+01,2.066211e+01,2.080846e+01,2.062025e+01,2.060629e+01,2.064118e+01,2.066908e+01,2.076667e+01,2.062025e+01,2.074576e+01,2.073182e+01,2.087112e+01,2.084328e+01,2.088504e+01,2.086416e+01,2.069697e+01,2.068303e+01,2.075273e+01,2.068303e+01,2.055743e+01,2.069697e+01,2.066211e+01,2.055045e+01,2.050855e+01,2.046663e+01,2.036875e+01,2.001841e+01,1.977947e+01,1.975836e+01,1.979354e+01,1.958227e+01,1.938468e+01,1.937055e+01,1.925038e+01,1.934229e+01,1.926452e+01,1.922208e+01,1.915838e+01,1.919378e+01,1.909464e+01,1.903087e+01,1.903087e+01,1.901669e+01,1.901669e+01,1.905213e+01,1.911590e+01,1.898832e+01,1.905213e+01,1.891028e+01,1.884638e+01,1.914422e+01,1.915130e+01,1.913714e+01,1.903087e+01,1.918670e+01,1.914422e+01,1.904504e+01,1.906630e+01,1.908047e+01,1.913006e+01,1.913714e+01,1.936349e+01,1.937055e+01,1.920085e+01,1.956112e+01,1.946941e+01,1.946235e+01,1.953291e+01,1.952586e+01,1.949058e+01,1.944823e+01,1.932815e+01,1.929988e+01,1.931402e+01,1.928574e+01,1.932109e+01,1.922208e+01,1.927867e+01,1.925038e+01,1.916546e+01,1.925038e+01,1.917962e+01,1.907339e+01,1.906630e+01,1.923623e+01,1.915130e+01,1.911590e+01,1.905922e+01,1.909464e+01,1.909464e+01,1.908756e+01,1.925745e+01,1.914422e+01,1.914422e+01,1.900960e+01,1.901669e+01,1.913714e+01,1.900960e+01,1.910881e+01,1.908756e+01,1.925745e+01,1.951175e+01,1.929988e+01,1.944823e+01,1.936349e+01,1.950469e+01,1.958932e+01,1.958227e+01,1.961751e+01,1.978650e+01,1.983574e+01,1.983574e+01,1.982871e+01,1.995521e+01,2.010961e+01,2.015168e+01,2.044567e+01,2.062025e+01,2.064816e+01,2.050855e+01,2.062723e+01,2.075273e+01,2.066211e+01,2.065513e+01,2.056442e+01,2.061327e+01,2.054347e+01,2.069000e+01,2.067605e+01,2.068303e+01,2.067605e+01,2.081543e+01,2.067605e+01,2.063420e+01,2.073182e+01,2.066908e+01,2.066211e+01,2.066211e+01,2.081543e+01,2.072486e+01,2.068303e+01,2.071091e+01,2.069000e+01,2.066211e+01,2.068303e+01,2.070394e+01,2.062723e+01,2.059932e+01,2.070394e+01,2.064816e+01,2.051554e+01,2.057838e+01,2.069697e+01,2.062025e+01,2.073182e+01,2.062723e+01,2.073879e+01,2.063420e+01,2.060629e+01,2.051554e+01,2.064118e+01,2.066211e+01,2.062723e+01,2.056442e+01,2.062723e+01,2.059932e+01,2.072486e+01,2.059234e+01,2.069697e+01,2.058536e+01,2.064118e+01,2.071091e+01,2.065513e+01,2.066908e+01,2.063420e+01,2.062025e+01,2.064816e+01,2.064118e+01,2.073182e+01,2.098937e+01,2.138486e+01,2.135715e+01,2.140563e+01,2.144716e+01,2.141255e+01,2.141255e+01,2.117690e+01,2.130173e+01,2.129479e+01,2.139178e+01,2.139871e+01,2.141948e+01,2.127400e+01,2.138486e+01,2.128093e+01,2.140563e+01,2.137101e+01,2.135023e+01,2.136408e+01,2.145408e+01,2.144716e+01,2.131559e+01,2.129479e+01,2.128093e+01,2.139178e+01,2.135023e+01,2.149559e+01,2.129479e+01,2.139178e+01,2.144024e+01,2.126013e+01,2.140563e+01,2.119771e+01,2.128093e+01,2.140563e+01,2.156474e+01,2.141948e+01,2.154400e+01,2.153017e+01,2.144024e+01,2.152326e+01,2.153017e+01,2.142640e+01,2.142640e+01,2.136408e+01,2.144024e+01,2.140563e+01,2.135023e+01,2.131559e+01,2.143332e+01,2.136408e+01,2.139871e+01,2.130173e+01,2.141255e+01,2.129479e+01,2.141255e+01,2.132944e+01,2.142640e+01,2.142640e+01,2.130173e+01,2.128786e+01,2.137101e+01,2.132944e+01,2.112831e+01,2.128786e+01,2.128093e+01,2.135715e+01,2.135715e+01,2.141255e+01,2.134330e+01,2.126013e+01,2.130173e+01,2.116302e+01,2.119078e+01,2.128093e+01,2.102413e+01,2.120465e+01,2.113526e+01,2.110748e+01,2.107971e+01,2.106581e+01,2.106581e+01,2.112137e+01,2.103802e+01,2.114914e+01,2.092679e+01,2.110748e+01,2.103802e+01,2.100327e+01,2.111443e+01,2.107971e+01,2.106581e+01,2.110054e+01,2.101718e+01,2.105192e+01,2.101718e+01,2.114220e+01,2.116996e+01,2.109360e+01,2.097547e+01,2.111443e+01,2.099632e+01,2.099632e+01,2.110054e+01,2.091287e+01,2.110054e+01,2.116996e+01,2.108665e+01,2.103802e+01,2.121852e+01,2.120465e+01,2.091983e+01,2.077363e+01,2.127400e+01,2.130173e+01,2.089200e+01,2.064118e+01,2.065513e+01,2.066211e+01,2.051554e+01,2.040372e+01,2.047362e+01,2.053649e+01,2.048759e+01,2.048759e+01,2.040372e+01,2.046663e+01,2.044567e+01,2.038274e+01,2.041770e+01,2.034077e+01,2.043868e+01,2.055743e+01,2.045266e+01,2.039673e+01,2.045266e+01,2.040372e+01,2.050855e+01,2.034777e+01,2.047362e+01,2.036875e+01,2.045964e+01,2.024277e+01,2.046663e+01,2.023577e+01,2.048759e+01,2.034777e+01,2.049458e+01,2.037575e+01,2.046663e+01,2.048061e+01,2.051554e+01,2.039673e+01,2.041770e+01,2.041071e+01,2.053649e+01,2.041770e+01,2.044567e+01,2.062025e+01,2.040372e+01,2.045964e+01,2.038974e+01,2.045964e+01,2.046663e+01,2.041770e+01,2.059932e+01,2.046663e+01,2.033377e+01,2.042470e+01,2.036875e+01,2.041770e+01,2.028478e+01,2.035476e+01,2.036176e+01,2.031978e+01,2.046663e+01,2.034077e+01,2.034077e+01,2.047362e+01,2.039673e+01,2.048061e+01,2.041071e+01,2.034777e+01,2.038974e+01,2.037575e+01,2.041071e+01,2.034077e+01,2.039673e+01,2.042470e+01,2.038274e+01,2.034077e+01,2.037575e+01,2.045964e+01,2.046663e+01,2.027078e+01,2.030578e+01,2.044567e+01,2.036875e+01,2.041770e+01,2.038974e+01,2.038974e+01,2.037575e+01,2.040372e+01,2.034077e+01,2.050855e+01,2.049458e+01,2.041071e+01,2.048061e+01,2.036875e+01,2.046663e+01,2.027778e+01,2.034077e+01,2.028478e+01,2.045964e+01,2.050855e+01,2.041071e+01,2.041071e+01,2.050157e+01,2.043169e+01
2.041770e+01,2.036875e+01,2.041071e+01,2.043169e+01,2.041770e+01,2.048061e+01,2.043868e+01,2.042470e+01,2.044567e+01,2.042470e+01,2.036875e+01,2.046663e+01,2.041770e+01,2.066211e+01,2.046663e+01,2.046663e+01,2.057140e+01,2.055743e+01,2.057140e+01,2.053649e+01,2.057140e+01,2.051554e+01,2.058536e+01,2.057140e+01,2.057140e+01,2.053649e+01,2.055045e+01,2.069697e+01,2.052252e+01,2.059932e+01,2.057838e+01,2.064118e+01,2.057140e+01,2.063420e+01,2.052950e+01,2.057140e+01,2.064816e+01,2.059932e+01,2.071091e+01,2.065513e+01,2.064816e+01,2.073182e+01,2.059932e+01,2.071789e+01,2.087112e+01,2.102413e+01,2.087808e+01,2.080846e+01,2.078060e+01,2.088504e+01,2.057838e+01,2.068303e+01,2.069697e+01,2.066211e+01,2.053649e+01,2.070394e+01,2.073879e+01,2.062025e+01,2.063420e+01,2.079453e+01,2.058536e+01,2.077363e+01,2.064118e+01,2.071789e+01,2.062723e+01,2.065513e+01,2.057140e+01,2.056442e+01,2.056442e+01,2.056442e+01,2.062723e+01,2.055743e+01,2.062723e+01,2.071091e+01,2.057140e+01,2.054347e+01,2.059932e+01,2.058536e+01,2.070394e+01,2.077363e+01,2.076667e+01,2.058536e+01,2.055045e+01,2.052950e+01,2.054347e+01,2.053649e+01,2.064816e+01,2.059234e+01,2.050855e+01,2.049458e+01,2.052252e+01,2.050855e+01,2.053649e+01,2.051554e+01,2.048759e+01,2.048061e+01,2.048061e+01,2.049458e+01,2.062025e+01,2.052252e+01,2.057838e+01,2.047362e+01,2.055743e+01,2.051554e+01,2.052950e+01,2.053649e+01,2.059932e+01,2.048061e+01,2.064816e+01,2.061327e+01,2.067605e+01,2.063420e+01,2.048061e+01,2.061327e+01,2.062025e+01,2.069000e+01,2.065513e+01,2.101023e+01,2.109360e+01,2.102413e+01,2.103802e+01,2.087808e+01,2.057140e+01,2.059932e+01,2.065513e+01,2.059234e+01,2.066211e+01,2.064816e+01,2.060629e+01,2.064816e+01,2.070394e+01,2.071091e+01,2.062723e+01,2.050855e+01,2.062723e+01,2.064118e+01,2.066211e+01,2.064118e+01,2.063420e+01,2.071091e+01,2.066211e+01,2.062025e+01,2.076667e+01,2.070394e+01,2.071789e+01,2.060629e+01,2.068303e+01,2.057838e+01,2.077363e+01,2.072486e+01,2.074576e+01,2.062723e+01,2.056442e+01,2.078757e+01,2.081543e+01,2.072486e+01,2.075273e+01,2.076667e+01,2.079453e+01,2.073182e+01,2.084328e+01,2.069697e+01,2.064816e+01,2.073879e+01,2.072486e+01,2.081543e+01,2.078757e+01,2.077363e+01,2.082239e+01,2.057140e+01,2.075273e+01,2.076667e+01,2.080150e+01,2.080846e+01,2.078757e+01,2.082935e+01,2.073182e+01,2.069000e+01,2.069000e+01,2.073182e+01,2.071789e+01,2.073182e+01,2.078757e+01,2.073182e+01,2.069000e+01,2.069697e+01,2.069697e+01,2.075970e+01,2.069697e+01,2.066211e+01,2.073182e+01,2.062025e+01,2.069697e+01,2.069000e+01,2.070394e+01,2.062723e+01,2.071789e+01,2.073182e+01,2.072486e+01,2.072486e+01,2.074576e+01,2.062025e+01,2.064816e+01,2.055743e+01,2.062025e+01,2.072486e+01,2.064118e+01,2.075273e+01,2.066908e+01,2.058536e+01,2.064118e+01,2.067605e+01,2.053649e+01,2.071091e+01,2.075273e+01,2.068303e+01,2.069697e+01,2.073879e+01,2.066211e+01,2.078757e+01,2.067605e+01,2.073879e+01,2.073182e+01,2.075970e+01,2.064816e+01,2.066908e+01,2.069000e+01,2.059932e+01,2.061327e+01,2.066211e+01,2.074576e+01,2.076667e+01,2.057838e+01,2.076667e+01,2.069000e+01,2.072486e+01,2.064816e+01,2.069000e+01,2.068303e+01,2.073879e+01,2.076667e+01,2.075970e+01,2.066211e+01,2.085024e+01,2.073879e+01,2.066211e+01,2.078060e+01,2.065513e+01,2.064118e+01,2.075970e+01,2.059234e+01,2.074576e+01,2.082239e+01,2.083632e+01,2.081543e+01,2.078757e+01,2.077363e+01,2.074576e+01,2.072486e+01,2.056442e+01,2.059932e+01,2.045266e+01,2.045964e+01,2.065513e+01,2.040372e+01,2.044567e+01,2.022176e+01,1.986386e+01,1.977243e+01,1.973021e+01,1.958932e+01,1.959637e+01,1.956112e+01,1.944823e+01,1.925745e+01,1.934936e+01,1.925745e+01,1.914422e+01,1.913714e+01,1.910881e+01,1.905922e+01,1.905922e+01,1.908047e+01,1.902378e+01,1.899541e+01,1.899541e+01,1.900251e+01,1.888189e+01,1.911590e+01,1.903795e+01,1.903087e+01,1.917962e+01,1.908047e+01,1.914422e+01,1.915838e+01,1.915130e+01,1.910173e+01,1.917254e+01,1.916546e+01,1.925745e+01,1.920793e+01,1.919378e+01,1.924331e+01,1.929281e+01,1.934229e+01,1.956817e+01,1.957522e+01,1.949764e+01,1.958227e+01,1.951175e+01,1.949764e+01,1.931402e+01,1.934936e+01,1.922208e+01,1.928574e+01,1.931402e+01,1.920085e+01,1.919378e+01,1.922916e+01,1.940587e+01,1.927867e+01,1.904504e+01,1.920085e+01,1.917962e+01,1.913006e+01,1.913714e+01,1.910173e+01,1.909464e+01,1.908756e+01,1.910881e+01,1.908047e+01,1.904504e+01,1.908047e+01,1.903087e+01,1.901669e+01,1.900251e+01,1.889609e+01,1.914422e+01,1.898123e+01,1.901669e+01,1.918670e+01,1.933522e+01,1.944823e+01,1.941999e+01,1.951880e+01,1.949764e+01,1.958932e+01,1.953996e+01,1.963161e+01,1.961751e+01,1.980058e+01,1.996926e+01,1.992009e+01,1.992009e+01,2.009559e+01,2.024277e+01,2.052950e+01,2.046663e+01,2.059234e+01,2.061327e+01,2.071789e+01,2.071091e+01,2.064118e+01,2.071789e+01,2.073182e+01,2.056442e+01,2.062025e+01,2.056442e+01,2.064118e+01,2.064816e+01,2.066908e+01,2.062723e+01,2.057140e+01,2.063420e+01,2.081543e+01,2.064816e+01,2.066908e+01,2.066908e+01,2.066908e+01,2.065513e+01,2.062723e+01,2.062025e+01,2.065513e+01,2.072486e+01,2.069697e+01,2.059234e+01,2.075970e+01,2.064118e+01,2.073879e+01,2.064118e+01,2.073879e+01,2.071091e+01,2.057140e+01,2.066211e+01,2.058536e+01,2.059234e+01,2.063420e+01,2.077363e+01,2.070394e+01,2.068303e+01,2.052950e+01,2.068303e+01,2.060629e+01,2.066211e+01,2.061327e+01,2.078060e+01,2.059234e+01,2.084328e+01,2.062025e+01,2.062025e+01,2.062025e+01,2.062025e+01,2.072486e+01,2.063420e+01,2.064816e+01,2.064118e+01,2.066908e+01,2.066211e+01,2.075970e+01,2.078060e+01,2.101023e+01,2.141255e+01,2.153709e+01,2.150251e+01,2.169600e+01,2.130173e+01,2.142640e+01,2.137101e+01,2.131559e+01,2.130173e+01,2.137793e+01,2.138486e+01,2.124627e+01,2.131559e+01,2.131559e+01,2.141948e+01,2.145408e+01,2.125320e+01,2.142640e+01,2.114914e+01,2.131559e+01,2.130173e+01,2.130173e+01,2.139178e+01,2.132944e+01,2.150943e+01,2.150251e+01,2.144716e+01,2.137101e+01,2.128093e+01,2.132252e+01,2.137793e+01,2.142640e+01,2.159239e+01,2.148868e+01,2.168219e+01,2.154400e+01,2.155092e+01,2.153017e+01,2.152326e+01,2.150251e+01,2.150251e+01,2.148868e+01,2.150251e+01,2.139871e+01,2.133637e+01,2.123240e+01,2.130865e+01,2.130173e+01,2.137793e+01,2.101023e+01,2.128093e+01,2.135023e+01,2.132944e+01,2.130173e+01,2.132252e+01,2.126707e+01,2.127400e+01,2.135715e+01,2.135715e+01,2.127400e+01,2.126707e+01,2.147484e+01,2.128093e+01,2.133637e+01,2.126707e+01,2.139871e+01,2.134330e+01,2.137101e+01,2.139178e+01,2.119078e+01,2.127400e+01,2.120465e+01,2.117690e+01,2.122546e+01,2.121852e+01,2.106581e+01,2.125320e+01,2.123240e+01,2.119078e+01,2.122546e+01,2.107971e+01,2.112831e+01,2.109360e+01,2.111443e+01,2.116996e+01,2.112137e+01,2.108665e+01,2.107971e+01,2.105192e+01,2.110748e+01,2.107971e+01,2.107971e+01,2.112137e+01,2.108665e+01,2.119078e+01,2.117690e+01,2.098937e+01,2.120465e+01,2.116302e+01,2.105887e+01,2.116996e+01,2.112137e+01,2.107276e+01,2.112137e+01,2.098937e+01,2.109360e+01,2.116302e+01,2.102413e+01,2.123240e+01,2.108665e+01,2.126013e+01,2.097547e+01,2.087112e+01,2.093374e+01,2.130173e+01,2.096156e+01,2.075970e+01,2.048061e+01,2.058536e+01,2.057838e+01,2.052252e+01,2.039673e+01,2.049458e+01,2.053649e+01,2.055743e+01,2.048759e+01,2.042470e+01,2.048061e+01,2.069697e+01,2.035476e+01,2.041770e+01,2.042470e+01,2.037575e+01,2.035476e+01,2.041071e+01,2.038274e+01,2.038974e+01,2.046663e+01,2.036875e+01,2.048759e+01,2.032678e+01,2.055045e+01,2.046663e+01,2.035476e+01,2.038974e+01,2.052252e+01,2.037575e+01,2.047362e+01,2.037575e+01,2.038974e+01,2.050157e+01,2.048759e+01,2.052950e+01,2.037575e+01,2.043169e+01,2.075970e+01,2.050855e+01,2.037575e+01,2.046663e+01,2.038974e+01,2.032678e+01,2.032678e+01,2.031278e+01,2.043868e+01,2.054347e+01,2.031978e+01,2.036875e+01,2.043169e+01,2.041770e+01,2.038274e+01,2.031978e+01,2.038974e+01,2.023577e+01,2.041770e+01,2.041770e+01,2.038974e+01,2.048061e+01,2.035476e+01,2.052252e+01,2.043169e+01,2.035476e+01,2.041770e+01,2.034077e+01,2.040372e+01,2.038974e+01,2.037575e+01,2.034077e+01,2.038974e+01,2.038274e+01,2.043169e+01,2.031278e+01,2.048061e+01,2.047362e+01,2.029178e+01,2.052252e+01,2.038274e+01,2.037575e+01,2.038274e+01,2.038274e+01,2.058536e+01,2.057838e+01,2.032678e+01,2.052252e+01,2.030578e+01,2.045964e+01,2.033377e+01,2.050157e+01,2.042470e+01,2.042470e+01,2.045964e+01,2.044567e+01,2.032678e+01,2.036176e+01,2.038274e+01,2.048759e+01,2.038274e+01,2.038974e+01,2.038274e+01,2.041071e+01
2.047362e+01,2.044567e+01,2.043868e+01,2.048759e+01,2.046663e+01,2.043169e+01,2.042470e+01,2.048759e+01,2.038274e+01,2.035476e+01,2.052252e+01,2.044567e+01,2.055743e+01,2.052950e+01,2.046663e+01,2.049458e+01,2.046663e+01,2.043868e+01,2.043868e+01,2.053649e+01,2.047362e+01,2.056442e+01,2.059234e+01,2.059932e+01,2.040372e+01,2.052950e+01,2.053649e+01,2.072486e+01,2.059932e+01,2.046663e+01,2.062025e+01,2.047362e+01,2.057838e+01,2.051554e+01,2.064118e+01,2.059932e+01,2.041770e+01,2.059932e+01,2.067605e+01,2.064816e+01,2.068303e+01,2.073879e+01,2.067605e+01,2.069697e+01,2.096852e+01,2.087112e+01,2.096852e+01,2.098242e+01,2.081543e+01,2.095461e+01,2.059234e+01,2.066908e+01,2.059234e+01,2.064816e+01,2.065513e+01,2.067605e+01,2.057838e+01,2.078060e+01,2.059234e+01,2.080150e+01,2.056442e+01,2.053649e+01,2.064118e+01,2.071789e+01,2.064816e+01,2.068303e+01,2.061327e+01,2.053649e+01,2.057838e+01,2.045266e+01,2.062025e+01,2.051554e+01,2.064118e+01,2.058536e+01,2.052252e+01,2.057140e+01,2.065513e+01,2.067605e+01,2.069000e+01,2.058536e+01,2.048759e+01,2.059234e+01,2.055743e+01,2.060629e+01,2.060629e+01,2.050855e+01,2.055045e+01,2.055743e+01,2.059932e+01,2.060629e+01,2.053649e+01,2.050855e+01,2.048759e+01,2.056442e+01,2.048759e+01,2.052252e+01,2.059932e+01,2.051554e+01,2.052950e+01,2.050855e+01,2.047362e+01,2.056442e+01,2.055743e+01,2.050855e+01,2.045964e+01,2.059234e+01,2.051554e+01,2.045266e+01,2.062723e+01,2.059932e+01,2.042470e+01,2.059932e+01,2.067605e+01,2.063420e+01,2.068303e+01,2.077363e+01,2.071789e+01,2.110748e+01,2.117690e+01,2.100327e+01,2.091287e+01,2.067605e+01,2.066211e+01,2.066211e+01,2.064816e+01,2.065513e+01,2.062723e+01,2.063420e+01,2.045964e+01,2.061327e+01,2.048759e+01,2.081543e+01,2.057838e+01,2.054347e+01,2.063420e+01,2.062025e+01,2.063420e+01,2.069697e+01,2.061327e+01,2.059932e+01,2.073879e+01,2.042470e+01,2.069000e+01,2.066908e+01,2.079453e+01,2.073879e+01,2.075273e+01,2.063420e+01,2.058536e+01,2.073182e+01,2.070394e+01,2.062723e+01,2.067605e+01,2.070394e+01,2.061327e+01,2.067605e+01,2.075970e+01,2.073182e+01,2.071091e+01,2.069697e+01,2.066908e+01,2.086416e+01,2.081543e+01,2.065513e+01,2.075273e+01,2.076667e+01,2.067605e+01,2.069697e+01,2.073879e+01,2.068303e+01,2.077363e+01,2.076667e+01,2.071091e+01,2.074576e+01,2.069000e+01,2.078757e+01,2.071789e+01,2.061327e+01,2.083632e+01,2.066211e+01,2.069000e+01,2.068303e+01,2.075970e+01,2.069000e+01,2.067605e+01,2.074576e+01,2.075273e+01,2.074576e+01,2.066908e+01,2.067605e+01,2.071789e+01,2.069000e+01,2.064118e+01,2.066908e+01,2.075273e+01,2.063420e+01,2.074576e+01,2.069000e+01,2.068303e+01,2.075970e+01,2.084328e+01,2.066908e+01,2.079453e+01,2.070394e+01,2.075273e+01,2.067605e+01,2.070394e+01,2.065513e+01,2.067605e+01,2.070394e+01,2.057838e+01,2.069697e+01,2.066908e+01,2.070394e+01,2.072486e+01,2.061327e+01,2.073182e+01,2.064816e+01,2.063420e+01,2.078757e+01,2.075970e+01,2.078060e+01,2.069697e+01,2.067605e+01,2.076667e+01,2.064816e+01,2.068303e+01,2.063420e+01,2.064118e+01,2.059234e+01,2.064118e+01,2.078060e+01,2.080150e+01,2.073182e+01,2.069697e+01,2.072486e+01,2.068303e+01,2.069697e+01,2.057838e+01,2.066211e+01,2.075273e+01,2.078060e+01,2.059234e+01,2.059234e+01,2.060629e+01,2.069697e+01,2.067605e+01,2.059234e+01,2.060629e+01,2.077363e+01,2.080150e+01,2.080150e+01,2.076667e+01,2.077363e+01,2.068303e+01,2.071091e+01,2.073879e+01,2.078757e+01,2.059234e+01,2.045964e+01,2.050157e+01,2.060629e+01,2.058536e+01,2.059234e+01,2.036875e+01,2.041770e+01,2.000437e+01,1.992711e+01,1.982168e+01,1.980761e+01,1.957522e+01,1.946235e+01,1.938468e+01,1.944823e+01,1.929988e+01,1.925038e+01,1.931402e+01,1.916546e+01,1.915130e+01,1.908756e+01,1.892448e+01,1.902378e+01,1.905213e+01,1.907339e+01,1.898832e+01,1.898832e+01,1.891028e+01,1.892448e+01,1.901669e+01,1.903087e+01,1.917962e+01,1.908047e+01,1.907339e+01,1.906630e+01,1.904504e+01,1.906630e+01,1.915838e+01,1.927867e+01,1.914422e+01,1.900251e+01,1.921501e+01,1.925038e+01,1.927160e+01,1.935642e+01,1.926452e+01,1.930695e+01,1.948352e+01,1.941999e+01,1.960342e+01,1.937762e+01,1.949058e+01,1.949764e+01,1.936349e+01,1.933522e+01,1.931402e+01,1.927867e+01,1.924331e+01,1.925745e+01,1.922916e+01,1.924331e+01,1.925745e+01,1.913006e+01,1.903795e+01,1.909464e+01,1.905213e+01,1.910173e+01,1.912298e+01,1.908047e+01,1.899541e+01,1.900251e+01,1.904504e+01,1.909464e+01,1.890318e+01,1.902378e+01,1.902378e+01,1.908047e+01,1.900251e+01,1.905213e+01,1.913006e+01,1.929988e+01,1.933522e+01,1.927160e+01,1.934936e+01,1.951175e+01,1.954701e+01,1.958227e+01,1.963161e+01,1.959637e+01,1.978650e+01,1.970909e+01,2.008156e+01,1.989901e+01,1.993414e+01,1.997628e+01,2.042470e+01,2.050157e+01,2.052252e+01,2.057140e+01,2.058536e+01,2.049458e+01,2.050855e+01,2.058536e+01,2.054347e+01,2.052950e+01,2.077363e+01,2.066211e+01,2.057838e+01,2.061327e+01,2.066908e+01,2.055045e+01,2.066908e+01,2.069697e+01,2.071789e+01,2.067605e+01,2.065513e+01,2.063420e+01,2.059932e+01,2.064816e+01,2.049458e+01,2.066211e+01,2.062025e+01,2.066908e+01,2.070394e+01,2.066211e+01,2.055743e+01,2.054347e+01,2.069000e+01,2.064816e+01,2.064118e+01,2.065513e+01,2.066908e+01,2.068303e+01,2.068303e+01,2.070394e+01,2.068303e+01,2.059932e+01,2.073879e+01,2.063420e+01,2.070394e+01,2.071789e+01,2.071091e+01,2.070394e+01,2.071789e+01,2.055743e+01,2.064816e+01,2.044567e+01,2.056442e+01,2.067605e+01,2.059932e+01,2.059234e+01,2.062723e+01,2.062025e+01,2.061327e+01,2.065513e+01,2.062723e+01,2.071091e+01,2.064816e+01,2.072486e+01,2.073879e+01,2.066211e+01,2.078060e+01,2.135715e+01,2.141948e+01,2.153709e+01,2.142640e+01,2.157857e+01,2.145408e+01,2.132944e+01,2.119078e+01,2.131559e+01,2.126013e+01,2.137793e+01,2.132252e+01,2.132944e+01,2.132252e+01,2.126013e+01,2.125320e+01,2.125320e+01,2.137101e+01,2.127400e+01,2.125320e+01,2.130173e+01,2.128786e+01,2.113526e+01,2.132252e+01,2.146792e+01,2.136408e+01,2.144024e+01,2.142640e+01,2.140563e+01,2.144024e+01,2.144716e+01,2.151634e+01,2.148868e+01,2.154400e+01,2.159930e+01,2.155092e+01,2.153017e+01,2.152326e+01,2.159930e+01,2.138486e+01,2.135715e+01,2.131559e+01,2.132252e+01,2.149559e+01,2.134330e+01,2.122546e+01,2.139178e+01,2.132252e+01,2.139871e+01,2.130865e+01,2.137793e+01,2.140563e+01,2.132252e+01,2.125320e+01,2.126707e+01,2.125320e+01,2.126013e+01,2.137101e+01,2.138486e+01,2.126013e+01,2.132252e+01,2.138486e+01,2.123933e+01,2.128093e+01,2.128093e+01,2.123240e+01,2.125320e+01,2.125320e+01,2.135715e+01,2.134330e+01,2.132944e+01,2.129479e+01,2.126013e+01,2.127400e+01,2.126013e+01,2.107971e+01,2.119771e+01,2.103802e+01,2.110054e+01,2.121852e+01,2.113526e+01,2.107276e+01,2.110748e+01,2.114220e+01,2.113526e+01,2.107276e+01,2.112137e+01,2.106581e+01,2.105192e+01,2.105887e+01,2.104497e+01,2.112137e+01,2.113526e+01,2.116996e+01,2.107971e+01,2.114220e+01,2.091983e+01,2.108665e+01,2.108665e+01,2.106581e+01,2.109360e+01,2.102413e+01,2.104497e+01,2.107971e+01,2.108665e+01,2.110054e+01,2.127400e+01,2.118384e+01,2.113526e+01,2.122546e+01,2.123240e+01,2.089896e+01,2.085024e+01,2.094765e+01,2.121159e+01,2.116302e+01,2.070394e+01,2.051554e+01,2.054347e+01,2.052950e+01,2.045964e+01,2.053649e+01,2.050855e+01,2.045964e+01,2.043868e+01,2.043868e+01,2.046663e+01,2.046663e+01,2.041770e+01,2.052950e+01,2.038274e+01,2.048061e+01,2.043868e+01,2.045964e+01,2.039673e+01,2.036875e+01,2.040372e+01,2.043868e+01,2.038274e+01,2.041770e+01,2.045266e+01,2.055743e+01,2.045964e+01,2.049458e+01,2.050157e+01,2.049458e+01,2.038974e+01,2.045266e+01,2.038274e+01,2.038974e+01,2.039673e+01,2.040372e+01,2.043868e+01,2.052950e+01,2.038274e+01,2.040372e+01,2.034777e+01,2.045266e+01,2.052950e+01,2.038974e+01,2.040372e+01,2.006753e+01,2.031978e+01,2.044567e+01,2.043868e+01,2.044567e+01,2.043169e+01,2.045964e+01,2.031978e+01,2.039673e+01,2.026378e+01,2.027078e+01,2.038274e+01,2.043169e+01,2.029178e+01,2.048759e+01,2.044567e+01,2.045266e+01,2.044567e+01,2.041770e+01,2.039673e+01,2.035476e+01,2.038274e+01,2.034077e+01,2.035476e+01,2.037575e+01,2.037575e+01,2.041770e+01,2.036875e+01,2.038274e+01,2.039673e+01,2.043169e+01,2.029878e+01,2.029178e+01,2.039673e+01,2.029878e+01,2.038274e+01,2.041071e+01,2.040372e+01,2.038974e+01,2.039673e+01,2.043169e+01,2.051554e+01,2.035476e+01,2.041770e+01,2.049458e+01,2.049458e+01,2.040372e+01,2.035476e+01,2.031278e+01,2.042470e+01,2.031978e+01,2.050855e+01,2.031978e+01,2.034777e+01,2.041071e+01,2.036875e+01,2.038274e+01,2.010961e+01
2.038974e+01,2.041770e+01,2.048061e+01,2.039673e+01,2.041071e+01,2.035476e+01,2.036176e+01,2.043169e+01,2.042470e+01,2.045266e+01,2.039673e+01,2.055045e+01,2.055045e+01,2.051554e+01,2.049458e+01,2.042470e+01,2.047362e+01,2.045964e+01,2.043169e+01,2.046663e+01,2.048061e+01,2.042470e+01,2.052252e+01,2.054347e+01,2.043868e+01,2.059234e+01,2.057140e+01,2.055743e+01,2.066908e+01,2.060629e+01,2.047362e+01,2.057838e+01,2.057838e+01,2.044567e+01,2.068303e+01,2.059932e+01,2.060629e+01,2.045266e+01,2.047362e+01,2.067605e+01,2.068303e+01,2.066908e+01,2.051554e+01,2.064816e+01,2.090592e+01,2.102413e+01,2.089200e+01,2.097547e+01,2.086416e+01,2.075970e+01,2.069000e+01,2.062723e+01,2.071091e+01,2.077363e+01,2.063420e+01,2.064118e+01,2.062025e+01,2.064816e+01,2.047362e+01,2.052950e+01,2.059234e+01,2.055743e+01,2.050855e+01,2.064816e+01,2.045964e+01,2.073879e+01,2.054347e+01,2.053649e+01,2.038974e+01,2.061327e+01,2.061327e+01,2.066908e+01,2.064816e+01,2.064118e+01,2.063420e+01,2.052950e+01,2.056442e+01,2.052950e+01,2.062723e+01,2.052950e+01,2.057140e+01,2.051554e+01,2.059932e+01,2.057140e+01,2.055045e+01,2.056442e+01,2.048759e+01,2.049458e+01,2.059234e+01,2.049458e+01,2.066908e+01,2.043169e+01,2.063420e+01,2.052252e+01,2.052950e+01,2.057140e+01,2.057140e+01,2.054347e+01,2.047362e+01,2.048061e+01,2.055045e+01,2.049458e+01,2.059234e+01,2.050855e+01,2.052252e+01,2.055045e+01,2.050157e+01,2.038974e+01,2.066908e+01,2.064816e+01,2.055045e+01,2.067605e+01,2.057140e+01,2.056442e+01,2.069697e+01,2.074576e+01,2.070394e+01,2.119078e+01,2.101718e+01,2.105192e+01,2.107971e+01,2.064816e+01,2.055045e+01,2.052950e+01,2.058536e+01,2.060629e+01,2.062025e+01,2.050855e+01,2.062025e+01,2.059932e+01,2.066211e+01,2.059932e+01,2.069000e+01,2.045964e+01,2.062025e+01,2.055045e+01,2.060629e+01,2.071091e+01,2.070394e+01,2.058536e+01,2.059932e+01,2.065513e+01,2.071091e+01,2.071789e+01,2.071091e+01,2.062723e+01,2.075970e+01,2.069697e+01,2.062723e+01,2.073879e+01,2.062025e+01,2.070394e+01,2.064118e+01,2.071789e+01,2.073182e+01,2.071789e+01,2.066908e+01,2.076667e+01,2.069000e+01,2.063420e+01,2.071789e+01,2.071091e+01,2.073879e+01,2.075273e+01,2.071789e+01,2.067605e+01,2.079453e+01,2.079453e+01,2.076667e+01,2.080846e+01,2.073879e+01,2.077363e+01,2.082935e+01,2.069697e+01,2.071789e+01,2.068303e+01,2.069697e+01,2.075970e+01,2.075970e+01,2.077363e+01,2.067605e+01,2.067605e+01,2.082239e+01,2.073879e+01,2.077363e+01,2.074576e+01,2.075970e+01,2.066908e+01,2.071789e+01,2.067605e+01,2.068303e+01,2.071091e+01,2.089200e+01,2.068303e+01,2.089896e+01,2.053649e+01,2.069697e+01,2.062025e+01,2.068303e+01,2.069000e+01,2.060629e+01,2.064816e+01,2.060629e+01,2.073879e+01,2.066908e+01,2.065513e+01,2.074576e+01,2.066211e+01,2.069697e+01,2.069000e+01,2.067605e+01,2.080846e+01,2.075273e+01,2.070394e+01,2.071789e+01,2.071789e+01,2.080150e+01,2.073879e+01,2.076667e+01,2.070394e+01,2.071091e+01,2.074576e+01,2.072486e+01,2.078060e+01,2.048759e+01,2.067605e+01,2.069697e+01,2.074576e+01,2.064816e+01,2.088504e+01,2.067605e+01,2.060629e+01,2.059234e+01,2.070394e+01,2.069000e+01,2.070394e+01,2.071091e+01,2.072486e+01,2.073879e+01,2.066211e+01,2.070394e+01,2.062723e+01,2.059234e+01,2.071091e+01,2.085720e+01,2.055045e+01,2.066211e+01,2.073182e+01,2.065513e+01,2.061327e+01,2.078060e+01,2.085024e+01,2.085024e+01,2.094765e+01,2.067605e+01,2.069000e+01,2.079453e+01,2.079453e+01,2.052950e+01,2.052950e+01,2.049458e+01,2.062025e+01,2.058536e+01,2.046663e+01,2.054347e+01,2.018673e+01,1.993414e+01,1.986386e+01,1.974428e+01,1.962456e+01,1.956817e+01,1.953996e+01,1.953996e+01,1.951880e+01,1.927867e+01,1.935642e+01,1.923623e+01,1.911590e+01,1.910173e+01,1.908047e+01,1.908756e+01,1.891738e+01,1.903087e+01,1.903087e+01,1.909464e+01,1.910173e+01,1.905213e+01,1.904504e+01,1.893867e+01,1.903087e+01,1.898832e+01,1.919378e+01,1.914422e+01,1.911590e+01,1.906630e+01,1.906630e+01,1.908047e+01,1.910881e+01,1.921501e+01,1.925745e+01,1.922208e+01,1.927867e+01,1.927867e+01,1.929988e+01,1.929988e+01,1.958932e+01,1.956112e+01,1.961047e+01,1.947647e+01,1.936349e+01,1.939174e+01,1.941999e+01,1.936349e+01,1.948352e+01,1.925745e+01,1.939174e+01,1.932109e+01,1.940587e+01,1.923623e+01,1.927867e+01,1.922916e+01,1.909464e+01,1.904504e+01,1.909464e+01,1.897414e+01,1.905922e+01,1.908756e+01,1.903795e+01,1.899541e+01,1.897414e+01,1.903795e+01,1.881797e+01,1.903795e+01,1.902378e+01,1.905213e+01,1.896704e+01,1.898832e+01,1.910881e+01,1.913006e+01,1.923623e+01,1.942705e+01,1.947647e+01,1.951175e+01,1.962456e+01,1.955407e+01,1.953996e+01,1.964570e+01,1.970205e+01,1.980761e+01,1.984980e+01,1.982168e+01,1.996224e+01,2.019373e+01,2.042470e+01,2.052252e+01,2.054347e+01,2.046663e+01,2.050855e+01,2.064118e+01,2.058536e+01,2.049458e+01,2.063420e+01,2.054347e+01,2.054347e+01,2.055045e+01,2.066908e+01,2.057838e+01,2.052252e+01,2.058536e+01,2.068303e+01,2.062025e+01,2.055045e+01,2.064816e+01,2.054347e+01,2.052950e+01,2.049458e+01,2.065513e+01,2.060629e+01,2.064118e+01,2.065513e+01,2.069697e+01,2.055045e+01,2.076667e+01,2.071789e+01,2.057838e+01,2.057140e+01,2.065513e+01,2.069697e+01,2.064816e+01,2.064816e+01,2.064816e+01,2.052252e+01,2.065513e+01,2.070394e+01,2.057838e+01,2.077363e+01,2.057838e+01,2.062025e+01,2.067605e+01,2.061327e+01,2.070394e+01,2.067605e+01,2.073182e+01,2.072486e+01,2.059932e+01,2.042470e+01,2.064816e+01,2.055743e+01,2.065513e+01,2.053649e+01,2.061327e+01,2.062025e+01,2.046663e+01,2.069000e+01,2.055045e+01,2.068303e+01,2.068303e+01,2.061327e+01,2.061327e+01,2.070394e+01,2.070394e+01,2.116996e+01,2.142640e+01,2.141255e+01,2.144024e+01,2.163385e+01,2.146792e+01,2.157166e+01,2.148868e+01,2.139871e+01,2.141948e+01,2.126013e+01,2.122546e+01,2.130173e+01,2.130173e+01,2.128786e+01,2.126707e+01,2.125320e+01,2.123240e+01,2.122546e+01,2.116996e+01,2.118384e+01,2.130173e+01,2.130865e+01,2.128786e+01,2.125320e+01,2.130865e+01,2.139871e+01,2.141948e+01,2.144024e+01,2.136408e+01,2.150251e+01,2.146100e+01,2.149559e+01,2.153709e+01,2.159930e+01,2.148176e+01,2.159930e+01,2.148176e+01,2.147484e+01,2.132944e+01,2.148868e+01,2.151634e+01,2.143332e+01,2.146100e+01,2.130865e+01,2.135023e+01,2.122546e+01,2.136408e+01,2.130865e+01,2.127400e+01,2.137101e+01,2.133637e+01,2.136408e+01,2.131559e+01,2.124627e+01,2.125320e+01,2.125320e+01,2.128786e+01,2.124627e+01,2.134330e+01,2.129479e+01,2.129479e+01,2.124627e+01,2.123240e+01,2.127400e+01,2.138486e+01,2.126707e+01,2.130173e+01,2.132944e+01,2.131559e+01,2.139178e+01,2.139871e+01,2.121852e+01,2.130173e+01,2.126707e+01,2.126707e+01,2.122546e+01,2.120465e+01,2.115608e+01,2.110748e+01,2.106581e+01,2.110054e+01,2.106581e+01,2.103802e+01,2.114914e+01,2.096852e+01,2.116996e+01,2.105887e+01,2.111443e+01,2.118384e+01,2.105192e+01,2.108665e+01,2.112831e+01,2.114914e+01,2.087808e+01,2.109360e+01,2.106581e+01,2.108665e+01,2.104497e+01,2.121852e+01,2.101023e+01,2.110748e+01,2.105192e+01,2.108665e+01,2.106581e+01,2.112137e+01,2.120465e+01,2.104497e+01,2.121852e+01,2.121852e+01,2.105192e+01,2.116302e+01,2.091287e+01,2.085024e+01,2.115608e+01,2.113526e+01,2.074576e+01,2.066908e+01,2.069000e+01,2.050855e+01,2.050157e+01,2.043169e+01,2.044567e+01,2.049458e+01,2.046663e+01,2.049458e+01,2.039673e+01,2.036176e+01,2.036176e+01,2.035476e+01,2.039673e+01,2.034077e+01,2.038274e+01,2.055045e+01,2.036176e+01,2.036176e+01,2.041071e+01,2.037575e+01,2.041071e+01,2.038974e+01,2.053649e+01,2.050855e+01,2.029878e+01,2.051554e+01,2.049458e+01,2.043868e+01,2.043868e+01,2.036176e+01,2.049458e+01,2.041770e+01,2.043169e+01,2.042470e+01,2.045266e+01,2.050157e+01,2.059932e+01,2.053649e+01,2.045964e+01,2.033377e+01,2.052252e+01,2.041770e+01,2.043169e+01,2.052252e+01,2.048759e+01,2.065513e+01,2.043169e+01,2.043868e+01,2.036176e+01,2.046663e+01,2.040372e+01,2.039673e+01,2.038274e+01,2.031978e+01,2.037575e+01,2.034077e+01,2.043169e+01,2.036875e+01,2.045266e+01,2.050157e+01,2.041071e+01,2.041071e+01,2.043169e+01,2.029178e+01,2.039673e+01,2.028478e+01,2.036176e+01,2.035476e+01,2.038274e+01,2.029178e+01,2.040372e+01,2.040372e+01,2.029178e+01,2.034077e+01,2.041071e+01,2.032678e+01,2.041071e+01,2.034077e+01,2.037575e+01,2.038974e+01,2.034777e+01,2.050855e+01,2.032678e+01,2.058536e+01,2.035476e+01,2.033377e+01,2.040372e+01,2.040372e+01,2.039673e+01,2.043868e+01,2.033377e+01,2.034777e+01,2.036176e+01,2.038274e+01,2.031278e+01,2.041770e+01,2.033377e+01,2.038274e+01,2.030578e+01,2.027778e+01,2.041770e+01
2.044567e+01,2.045266e+01,2.040372e+01,2.048061e+01,2.044567e+01,2.041071e+01,2.048061e+01,2.049458e+01,2.041071e+01,2.045266e+01,2.055045e+01,2.051554e+01,2.036875e+01,2.038274e+01,2.051554e+01,2.040372e+01,2.046663e+01,2.048759e+01,2.041071e+01,2.055045e+01,2.051554e+01,2.048061e+01,2.045266e+01,2.053649e+01,2.049458e+01,2.057140e+01,2.056442e+01,2.059932e+01,2.042470e+01,2.041770e+01,2.064816e+01,2.060629e+01,2.056442e+01,2.053649e+01,2.043868e+01,2.062025e+01,2.069697e+01,2.062723e+01,2.068303e+01,2.052950e+01,2.073182e+01,2.064118e+01,2.062723e+01,2.069697e+01,2.080150e+01,2.110748e+01,2.099632e+01,2.098242e+01,2.058536e+01,2.060629e+01,2.067605e+01,2.061327e+01,2.057140e+01,2.061327e+01,2.069000e+01,2.064816e+01,2.062025e+01,2.065513e+01,2.059234e+01,2.056442e+01,2.055045e+01,2.057140e+01,2.065513e+01,2.065513e+01,2.064118e+01,2.062025e+01,2.049458e+01,2.045964e+01,2.066211e+01,2.062025e+01,2.057838e+01,2.055045e+01,2.064118e+01,2.061327e+01,2.066908e+01,2.064118e+01,2.055045e+01,2.053649e+01,2.052252e+01,2.055045e+01,2.055045e+01,2.044567e+01,2.050855e+01,2.061327e+01,2.062723e+01,2.058536e+01,2.050157e+01,2.048061e+01,2.073182e+01,2.062723e+01,2.043868e+01,2.055743e+01,2.049458e+01,2.055045e+01,2.057140e+01,2.054347e+01,2.057140e+01,2.053649e+01,2.050157e+01,2.055743e+01,2.055045e+01,2.061327e+01,2.054347e+01,2.051554e+01,2.052950e+01,2.055045e+01,2.050855e+01,2.051554e+01,2.061327e+01,2.064816e+01,2.061327e+01,2.055045e+01,2.055045e+01,2.072486e+01,2.057140e+01,2.074576e+01,2.069697e+01,2.120465e+01,2.130865e+01,2.117690e+01,2.115608e+01,2.071091e+01,2.045266e+01,2.052252e+01,2.056442e+01,2.052950e+01,2.050855e+01,2.049458e+01,2.059234e+01,2.060629e+01,2.041770e+01,2.057838e+01,2.071091e+01,2.056442e+01,2.050855e+01,2.045964e+01,2.066908e+01,2.057140e+01,2.073182e+01,2.071091e+01,2.062025e+01,2.064816e+01,2.059932e+01,2.068303e+01,2.066211e+01,2.062025e+01,2.072486e+01,2.076667e+01,2.071789e+01,2.065513e+01,2.062723e+01,2.070394e+01,2.064118e+01,2.072486e+01,2.067605e+01,2.090592e+01,2.073879e+01,2.071789e+01,2.070394e+01,2.082935e+01,2.069697e+01,2.070394e+01,2.073182e+01,2.066211e+01,2.078060e+01,2.078757e+01,2.077363e+01,2.079453e+01,2.072486e+01,2.068303e+01,2.086416e+01,2.071789e+01,2.080150e+01,2.084328e+01,2.068303e+01,2.064816e+01,2.073182e+01,2.089200e+01,2.076667e+01,2.071789e+01,2.092679e+01,2.074576e+01,2.084328e+01,2.070394e+01,2.075970e+01,2.080846e+01,2.085720e+01,2.069697e+01,2.065513e+01,2.070394e+01,2.073879e+01,2.071091e+01,2.069000e+01,2.072486e+01,2.073879e+01,2.088504e+01,2.091287e+01,2.080846e+01,2.068303e+01,2.075970e+01,2.069697e+01,2.071789e+01,2.068303e+01,2.069697e+01,2.078757e+01,2.072486e+01,2.075273e+01,2.073182e+01,2.073182e+01,2.067605e+01,2.067605e+01,2.073182e+01,2.075273e+01,2.073879e+01,2.072486e+01,2.074576e+01,2.075273e+01,2.072486e+01,2.073879e+01,2.067605e+01,2.064816e+01,2.072486e+01,2.074576e+01,2.063420e+01,2.073879e+01,2.073182e+01,2.068303e+01,2.064816e+01,2.066211e+01,2.071789e+01,2.065513e+01,2.075273e+01,2.063420e+01,2.079453e+01,2.069000e+01,2.071091e+01,2.071789e+01,2.072486e+01,2.072486e+01,2.055045e+01,2.071091e+01,2.072486e+01,2.074576e+01,2.067605e+01,2.066908e+01,2.061327e+01,2.062723e+01,2.059234e+01,2.076667e+01,2.069697e+01,2.066211e+01,2.082935e+01,2.093374e+01,2.061327e+01,2.061327e+01,2.080150e+01,2.078757e+01,2.071789e+01,2.053649e+01,2.045964e+01,2.054347e+01,2.055743e+01,2.052950e+01,2.059234e+01,2.014467e+01,2.010961e+01,2.003946e+01,1.975836e+01,1.970909e+01,1.971613e+01,1.956112e+01,1.947647e+01,1.954701e+01,1.942705e+01,1.941293e+01,1.929281e+01,1.917962e+01,1.910173e+01,1.911590e+01,1.919378e+01,1.910173e+01,1.907339e+01,1.898832e+01,1.905922e+01,1.907339e+01,1.898832e+01,1.911590e+01,1.895995e+01,1.906630e+01,1.910881e+01,1.901669e+01,1.903795e+01,1.897414e+01,1.898832e+01,1.900251e+01,1.910881e+01,1.908047e+01,1.899541e+01,1.911590e+01,1.913006e+01,1.920085e+01,1.923623e+01,1.927160e+01,1.932109e+01,1.930695e+01,1.958227e+01,1.949764e+01,1.958932e+01,1.944118e+01,1.944823e+01,1.927867e+01,1.932815e+01,1.935642e+01,1.937762e+01,1.925038e+01,1.938468e+01,1.932815e+01,1.930695e+01,1.927867e+01,1.923623e+01,1.922208e+01,1.912298e+01,1.912298e+01,1.910173e+01,1.908047e+01,1.900960e+01,1.902378e+01,1.901669e+01,1.895286e+01,1.898123e+01,1.896704e+01,1.903087e+01,1.893157e+01,1.904504e+01,1.898832e+01,1.897414e+01,1.908756e+01,1.921501e+01,1.918670e+01,1.927867e+01,1.944118e+01,1.943411e+01,1.953291e+01,1.959637e+01,1.965979e+01,1.986386e+01,1.990604e+01,1.999735e+01,1.994117e+01,2.019373e+01,2.025677e+01,2.056442e+01,2.042470e+01,2.055743e+01,2.052252e+01,2.050855e+01,2.048759e+01,2.048759e+01,2.065513e+01,2.045266e+01,2.044567e+01,2.058536e+01,2.041770e+01,2.045266e+01,2.052950e+01,2.068303e+01,2.052950e+01,2.060629e+01,2.054347e+01,2.055045e+01,2.064118e+01,2.065513e+01,2.068303e+01,2.055743e+01,2.066211e+01,2.066211e+01,2.065513e+01,2.066211e+01,2.066908e+01,2.066908e+01,2.050157e+01,2.066908e+01,2.064816e+01,2.067605e+01,2.056442e+01,2.066908e+01,2.061327e+01,2.064118e+01,2.067605e+01,2.055045e+01,2.071091e+01,2.043169e+01,2.067605e+01,2.070394e+01,2.058536e+01,2.067605e+01,2.062723e+01,2.071789e+01,2.070394e+01,2.075273e+01,2.073182e+01,2.070394e+01,2.075273e+01,2.057140e+01,2.057838e+01,2.059234e+01,2.062025e+01,2.078060e+01,2.056442e+01,2.061327e+01,2.061327e+01,2.062025e+01,2.065513e+01,2.062025e+01,2.068303e+01,2.081543e+01,2.054347e+01,2.075970e+01,2.076667e+01,2.078060e+01,2.094070e+01,2.121852e+01,2.141255e+01,2.141255e+01,2.141255e+01,2.147484e+01,2.146792e+01,2.166147e+01,2.166838e+01,2.165457e+01,2.155092e+01,2.133637e+01,2.133637e+01,2.132944e+01,2.136408e+01,2.132944e+01,2.148176e+01,2.138486e+01,2.128093e+01,2.117690e+01,2.121159e+01,2.130173e+01,2.128786e+01,2.132252e+01,2.128786e+01,2.130173e+01,2.126707e+01,2.139871e+01,2.155092e+01,2.153709e+01,2.142640e+01,2.146100e+01,2.171671e+01,2.146792e+01,2.154400e+01,2.163385e+01,2.159930e+01,2.163385e+01,2.160621e+01,2.157166e+01,2.150943e+01,2.141948e+01,2.146792e+01,2.147484e+01,2.145408e+01,2.134330e+01,2.135023e+01,2.137101e+01,2.128093e+01,2.133637e+01,2.135715e+01,2.127400e+01,2.140563e+01,2.130865e+01,2.123933e+01,2.136408e+01,2.132944e+01,2.123240e+01,2.127400e+01,2.135023e+01,2.137793e+01,2.129479e+01,2.133637e+01,2.121852e+01,2.126707e+01,2.132944e+01,2.119771e+01,2.146100e+01,2.145408e+01,2.136408e+01,2.126707e+01,2.139178e+01,2.131559e+01,2.140563e+01,2.128093e+01,2.136408e+01,2.138486e+01,2.122546e+01,2.116996e+01,2.121159e+01,2.112831e+01,2.134330e+01,2.120465e+01,2.115608e+01,2.108665e+01,2.106581e+01,2.114914e+01,2.114914e+01,2.124627e+01,2.122546e+01,2.104497e+01,2.109360e+01,2.117690e+01,2.110748e+01,2.115608e+01,2.105192e+01,2.110054e+01,2.117690e+01,2.117690e+01,2.116302e+01,2.114220e+01,2.101023e+01,2.109360e+01,2.103802e+01,2.106581e+01,2.107276e+01,2.116996e+01,2.115608e+01,2.105192e+01,2.126013e+01,2.126013e+01,2.120465e+01,2.115608e+01,2.098937e+01,2.086416e+01,2.102413e+01,2.112137e+01,2.072486e+01,2.071789e+01,2.067605e+01,2.041770e+01,2.052252e+01,2.039673e+01,2.043868e+01,2.045964e+01,2.048061e+01,2.050855e+01,2.042470e+01,2.046663e+01,2.044567e+01,2.055743e+01,2.033377e+01,2.038974e+01,2.050855e+01,2.057140e+01,2.055045e+01,2.052252e+01,2.039673e+01,2.038274e+01,2.061327e+01,2.038974e+01,2.041770e+01,2.055743e+01,2.043868e+01,2.051554e+01,2.045964e+01,2.050157e+01,2.038974e+01,2.037575e+01,2.043169e+01,2.036176e+01,2.048759e+01,2.043169e+01,2.042470e+01,2.041071e+01,2.055045e+01,2.042470e+01,2.037575e+01,2.045266e+01,2.043868e+01,2.036176e+01,2.038274e+01,2.049458e+01,2.055743e+01,2.044567e+01,2.043169e+01,2.043169e+01,2.048061e+01,2.047362e+01,2.033377e+01,2.049458e+01,2.034777e+01,2.039673e+01,2.048061e+01,2.042470e+01,2.034077e+01,2.036176e+01,2.045964e+01,2.035476e+01,2.044567e+01,2.048061e+01,2.038974e+01,2.039673e+01,2.032678e+01,2.038274e+01,2.038274e+01,2.038974e+01,2.030578e+01,2.037575e+01,2.028478e+01,2.052950e+01,2.038974e+01,2.033377e+01,2.043169e+01,2.040372e+01,2.033377e+01,2.031978e+01,2.032678e+01,2.054347e+01,2.057838e+01,2.036875e+01,2.039673e+01,2.039673e+01,2.032678e+01,2.037575e+01,2.038974e+01,2.048759e+01,2.038274e+01,2.031978e+01,2.036176e+01,2.036176e+01,2.045964e+01,2.037575e+01,2.045964e+01,2.036875e+01,2.031978e+01,2.036875e+01,2.048759e+01,2.049458e+01,2.045266e+01
2.047362e+01,2.045266e+01,2.044567e+01,2.046663e+01,2.047362e+01,2.049458e+01,2.041770e+01,2.041770e+01,2.040372e+01,2.041770e+01,2.040372e+01,2.057140e+01,2.050855e+01,2.055743e+01,2.040372e+01,2.052252e+01,2.039673e+01,2.056442e+01,2.047362e+01,2.048061e+01,2.043868e+01,2.045964e+01,2.046663e+01,2.036875e+01,2.036176e+01,2.058536e+01,2.037575e+01,2.046663e+01,2.034077e+01,2.055743e+01,2.057140e+01,2.050855e+01,2.058536e+01,2.051554e+01,2.054347e+01,2.062723e+01,2.055045e+01,2.068303e+01,2.069000e+01,2.067605e+01,2.046663e+01,2.074576e+01,2.062025e+01,2.061327e+01,2.060629e+01,2.093374e+01,2.100327e+01,2.084328e+01,2.069697e+01,2.069697e+01,2.057140e+01,2.061327e+01,2.059932e+01,2.061327e+01,2.059932e+01,2.061327e+01,2.064816e+01,2.067605e+01,2.060629e+01,2.062025e+01,2.062025e+01,2.062723e+01,2.064118e+01,2.061327e+01,2.063420e+01,2.062723e+01,2.062723e+01,2.051554e+01,2.040372e+01,2.062723e+01,2.068303e+01,2.050157e+01,2.057838e+01,2.062723e+01,2.056442e+01,2.057838e+01,2.058536e+01,2.060629e+01,2.062025e+01,2.059234e+01,2.057838e+01,2.054347e+01,2.054347e+01,2.050157e+01,2.057838e+01,2.055045e+01,2.073879e+01,2.064118e+01,2.071789e+01,2.050855e+01,2.065513e+01,2.057140e+01,2.055743e+01,2.052252e+01,2.055743e+01,2.056442e+01,2.050157e+01,2.052252e+01,2.049458e+01,2.052252e+01,2.057838e+01,2.060629e+01,2.052950e+01,2.051554e+01,2.056442e+01,2.055743e+01,2.050855e+01,2.045964e+01,2.059932e+01,2.062025e+01,2.060629e+01,2.069697e+01,2.077363e+01,2.074576e+01,2.069000e+01,2.071789e+01,2.075273e+01,2.109360e+01,2.127400e+01,2.112137e+01,2.109360e+01,2.073182e+01,2.060629e+01,2.055743e+01,2.050855e+01,2.045266e+01,2.047362e+01,2.059932e+01,2.044567e+01,2.059234e+01,2.057838e+01,2.059234e+01,2.043169e+01,2.064816e+01,2.048759e+01,2.061327e+01,2.062025e+01,2.069697e+01,2.071091e+01,2.058536e+01,2.062723e+01,2.063420e+01,2.070394e+01,2.066211e+01,2.066211e+01,2.079453e+01,2.060629e+01,2.055743e+01,2.066211e+01,2.069697e+01,2.066211e+01,2.062025e+01,2.072486e+01,2.062723e+01,2.090592e+01,2.067605e+01,2.064118e+01,2.066211e+01,2.076667e+01,2.072486e+01,2.067605e+01,2.071789e+01,2.080846e+01,2.071091e+01,2.075970e+01,2.072486e+01,2.075970e+01,2.080846e+01,2.069697e+01,2.076667e+01,2.079453e+01,2.085024e+01,2.082935e+01,2.074576e+01,2.078757e+01,2.069000e+01,2.071091e+01,2.079453e+01,2.074576e+01,2.066908e+01,2.072486e+01,2.078060e+01,2.067605e+01,2.085024e+01,2.074576e+01,2.078757e+01,2.077363e+01,2.079453e+01,2.068303e+01,2.067605e+01,2.071091e+01,2.071091e+01,2.070394e+01,2.070394e+01,2.064118e+01,2.089896e+01,2.086416e+01,2.067605e+01,2.075273e+01,2.092679e+01,2.070394e+01,2.068303e+01,2.082935e+01,2.068303e+01,2.075273e+01,2.075273e+01,2.076667e+01,2.069000e+01,2.069000e+01,2.067605e+01,2.071091e+01,2.084328e+01,2.076667e+01,2.066908e+01,2.068303e+01,2.073182e+01,2.074576e+01,2.073182e+01,2.061327e+01,2.072486e+01,2.066211e+01,2.068303e+01,2.074576e+01,2.078060e+01,2.058536e+01,2.064118e+01,2.068303e+01,2.065513e+01,2.071091e+01,2.069697e+01,2.060629e+01,2.080150e+01,2.072486e+01,2.068303e+01,2.070394e+01,2.071091e+01,2.069697e+01,2.071091e+01,2.069697e+01,2.073182e+01,2.050855e+01,2.067605e+01,2.068303e+01,2.064118e+01,2.063420e+01,2.063420e+01,2.064816e+01,2.059234e+01,2.082239e+01,2.075970e+01,2.080846e+01,2.073879e+01,2.065513e+01,2.079453e+01,2.081543e+01,2.066211e+01,2.064118e+01,2.065513e+01,2.056442e+01,2.058536e+01,2.059932e+01,2.050855e+01,2.047362e+01,2.050157e+01,2.015869e+01,2.005350e+01,1.987792e+01,1.981464e+01,1.976540e+01,1.978650e+01,1.975836e+01,1.946941e+01,1.941999e+01,1.946235e+01,1.932815e+01,1.929988e+01,1.927867e+01,1.923623e+01,1.922916e+01,1.913714e+01,1.894576e+01,1.900960e+01,1.898832e+01,1.901669e+01,1.904504e+01,1.908047e+01,1.895995e+01,1.898123e+01,1.899541e+01,1.907339e+01,1.897414e+01,1.904504e+01,1.903087e+01,1.910881e+01,1.908047e+01,1.909464e+01,1.890318e+01,1.910881e+01,1.913006e+01,1.924331e+01,1.917962e+01,1.929988e+01,1.932815e+01,1.931402e+01,1.939881e+01,1.935642e+01,1.949058e+01,1.957522e+01,1.951175e+01,1.940587e+01,1.940587e+01,1.935642e+01,1.936349e+01,1.930695e+01,1.924331e+01,1.925038e+01,1.924331e+01,1.912298e+01,1.931402e+01,1.920085e+01,1.908047e+01,1.908756e+01,1.887479e+01,1.903795e+01,1.892448e+01,1.895286e+01,1.903795e+01,1.885349e+01,1.891028e+01,1.891738e+01,1.902378e+01,1.889609e+01,1.900960e+01,1.895286e+01,1.902378e+01,1.906630e+01,1.910173e+01,1.908756e+01,1.920793e+01,1.951175e+01,1.949764e+01,1.951880e+01,1.969500e+01,1.958227e+01,1.977243e+01,1.981464e+01,1.998330e+01,2.037575e+01,2.038274e+01,2.039673e+01,2.038974e+01,2.058536e+01,2.054347e+01,2.055045e+01,2.050855e+01,2.073182e+01,2.057140e+01,2.059234e+01,2.056442e+01,2.060629e+01,2.052950e+01,2.053649e+01,2.044567e+01,2.060629e+01,2.053649e+01,2.062723e+01,2.052950e+01,2.028478e+01,2.038974e+01,2.056442e+01,2.048061e+01,2.061327e+01,2.057838e+01,2.066908e+01,2.043169e+01,2.055045e+01,2.041770e+01,2.066211e+01,2.066908e+01,2.065513e+01,2.056442e+01,2.065513e+01,2.053649e+01,2.054347e+01,2.071091e+01,2.068303e+01,2.066908e+01,2.064118e+01,2.062025e+01,2.062723e+01,2.060629e+01,2.062723e+01,2.069697e+01,2.055743e+01,2.055045e+01,2.062025e+01,2.064816e+01,2.066908e+01,2.064816e+01,2.071789e+01,2.069697e+01,2.059234e+01,2.066211e+01,2.065513e+01,2.066908e+01,2.062025e+01,2.060629e+01,2.052252e+01,2.050157e+01,2.064118e+01,2.061327e+01,2.059932e+01,2.075273e+01,2.067605e+01,2.062025e+01,2.065513e+01,2.064816e+01,2.057838e+01,2.066908e+01,2.061327e+01,2.066908e+01,2.119078e+01,2.130173e+01,2.143332e+01,2.148176e+01,2.149559e+01,2.147484e+01,2.158548e+01,2.158548e+01,2.168219e+01,2.148868e+01,2.148868e+01,2.150943e+01,2.129479e+01,2.137101e+01,2.138486e+01,2.135023e+01,2.133637e+01,2.132944e+01,2.133637e+01,2.125320e+01,2.126013e+01,2.131559e+01,2.136408e+01,2.131559e+01,2.119771e+01,2.124627e+01,2.127400e+01,2.138486e+01,2.141255e+01,2.153709e+01,2.144024e+01,2.138486e+01,2.162003e+01,2.158548e+01,2.160621e+01,2.152326e+01,2.149559e+01,2.161312e+01,2.147484e+01,2.156474e+01,2.144024e+01,2.144716e+01,2.126707e+01,2.135715e+01,2.137101e+01,2.132944e+01,2.121852e+01,2.131559e+01,2.139178e+01,2.137793e+01,2.127400e+01,2.131559e+01,2.127400e+01,2.124627e+01,2.128093e+01,2.133637e+01,2.135715e+01,2.137793e+01,2.140563e+01,2.141948e+01,2.137793e+01,2.132252e+01,2.123933e+01,2.134330e+01,2.118384e+01,2.119771e+01,2.141948e+01,2.132944e+01,2.134330e+01,2.137101e+01,2.141948e+01,2.137793e+01,2.141255e+01,2.139871e+01,2.130865e+01,2.132252e+01,2.129479e+01,2.116302e+01,2.114220e+01,2.107276e+01,2.101023e+01,2.103107e+01,2.118384e+01,2.100327e+01,2.115608e+01,2.101023e+01,2.119078e+01,2.110054e+01,2.107276e+01,2.110748e+01,2.121852e+01,2.107971e+01,2.109360e+01,2.112831e+01,2.114220e+01,2.116996e+01,2.110748e+01,2.111443e+01,2.114220e+01,2.116996e+01,2.118384e+01,2.106581e+01,2.104497e+01,2.101718e+01,2.120465e+01,2.101718e+01,2.119771e+01,2.122546e+01,2.119771e+01,2.110748e+01,2.114914e+01,2.114914e+01,2.119771e+01,2.081543e+01,2.097547e+01,2.109360e+01,2.099632e+01,2.068303e+01,2.049458e+01,2.067605e+01,2.060629e+01,2.049458e+01,2.044567e+01,2.041770e+01,2.041071e+01,2.046663e+01,2.045266e+01,2.048061e+01,2.040372e+01,2.042470e+01,2.051554e+01,2.053649e+01,2.048061e+01,2.036875e+01,2.040372e+01,2.051554e+01,2.045964e+01,2.043868e+01,2.042470e+01,2.036875e+01,2.038974e+01,2.039673e+01,2.039673e+01,2.051554e+01,2.035476e+01,2.049458e+01,2.048061e+01,2.050855e+01,2.052252e+01,2.043868e+01,2.042470e+01,2.048061e+01,2.041770e+01,2.055045e+01,2.043169e+01,2.040372e+01,2.039673e+01,2.043868e+01,2.047362e+01,2.029178e+01,2.043868e+01,2.038274e+01,2.038274e+01,2.038974e+01,2.043169e+01,2.047362e+01,2.048061e+01,2.047362e+01,2.034777e+01,2.045964e+01,2.034077e+01,2.041071e+01,2.043169e+01,2.034777e+01,2.031978e+01,2.039673e+01,2.047362e+01,2.036176e+01,2.045266e+01,2.034077e+01,2.040372e+01,2.029878e+01,2.044567e+01,2.024277e+01,2.029878e+01,2.043169e+01,2.045266e+01,2.034077e+01,2.054347e+01,2.042470e+01,2.039673e+01,2.042470e+01,2.054347e+01,2.038974e+01,2.043169e+01,2.034777e+01,2.039673e+01,2.055743e+01,2.036176e+01,2.029878e+01,2.040372e+01,2.034777e+01,2.041071e+01,2.045266e+01,2.038274e+01,2.059234e+01,2.045964e+01,2.041770e+01,2.048759e+01,2.038974e+01,2.032678e+01,2.043169e+01,2.036176e+01,2.037575e+01,2.038274e+01,2.045964e+01,2.047362e+01,2.022876e+01,2.049458e+01
2.044567e+01,2.045266e+01,2.050157e+01,2.036875e+01,2.036875e+01,2.050157e+01,2.042470e+01,2.038974e+01,2.036875e+01,2.043868e+01,2.041071e+01,2.036875e+01,2.050157e+01,2.050157e+01,2.042470e+01,2.045964e+01,2.056442e+01,2.045266e+01,2.048061e+01,2.045964e+01,2.050157e+01,2.045964e+01,2.050855e+01,2.057140e+01,2.045266e+01,2.043169e+01,2.068303e+01,2.061327e+01,2.036176e+01,2.051554e+01,2.048759e+01,2.052950e+01,2.047362e+01,2.050855e+01,2.053649e+01,2.069697e+01,2.060629e+01,2.062723e+01,2.066908e+01,2.064118e+01,2.062723e+01,2.075273e+01,2.078757e+01,2.070394e+01,2.082239e+01,2.100327e+01,2.101718e+01,2.086416e+01,2.053649e+01,2.072486e+01,2.058536e+01,2.063420e+01,2.066908e+01,2.058536e+01,2.063420e+01,2.071091e+01,2.061327e+01,2.067605e+01,2.067605e+01,2.048061e+01,2.058536e+01,2.055045e+01,2.064118e+01,2.052252e+01,2.061327e+01,2.048759e+01,2.067605e+01,2.057140e+01,2.063420e+01,2.064816e+01,2.064816e+01,2.056442e+01,2.068303e+01,2.050157e+01,2.049458e+01,2.048061e+01,2.052950e+01,2.062025e+01,2.058536e+01,2.055743e+01,2.059234e+01,2.069000e+01,2.077363e+01,2.065513e+01,2.066908e+01,2.062025e+01,2.052252e+01,2.066908e+01,2.069000e+01,2.070394e+01,2.073879e+01,2.071091e+01,2.093374e+01,2.059932e+01,2.058536e+01,2.050157e+01,2.048759e+01,2.066211e+01,2.052252e+01,2.064816e+01,2.051554e+01,2.058536e+01,2.053649e+01,2.073879e+01,2.058536e+01,2.051554e+01,2.056442e+01,2.065513e+01,2.057140e+01,2.067605e+01,2.064816e+01,2.066211e+01,2.062025e+01,2.075273e+01,2.071789e+01,2.073879e+01,2.079453e+01,2.134330e+01,2.116996e+01,2.107971e+01,2.104497e+01,2.071091e+01,2.062025e+01,2.052950e+01,2.052950e+01,2.051554e+01,2.049458e+01,2.059932e+01,2.062025e+01,2.055743e+01,2.061327e+01,2.056442e+01,2.050157e+01,2.059932e+01,2.060629e+01,2.059234e+01,2.045964e+01,2.052252e+01,2.060629e+01,2.065513e+01,2.049458e+01,2.066211e+01,2.078060e+01,2.055045e+01,2.066211e+01,2.063420e+01,2.064118e+01,2.059932e+01,2.061327e+01,2.059932e+01,2.062723e+01,2.061327e+01,2.066211e+01,2.073879e+01,2.062723e+01,2.065513e+01,2.074576e+01,2.061327e+01,2.063420e+01,2.073879e+01,2.074576e+01,2.069000e+01,2.073182e+01,2.080150e+01,2.078060e+01,2.073182e+01,2.077363e+01,2.069000e+01,2.071789e+01,2.074576e+01,2.075970e+01,2.070394e+01,2.073182e+01,2.076667e+01,2.080846e+01,2.074576e+01,2.061327e+01,2.066211e+01,2.073182e+01,2.080846e+01,2.076667e+01,2.070394e+01,2.070394e+01,2.061327e+01,2.090592e+01,2.065513e+01,2.074576e+01,2.077363e+01,2.080150e+01,2.069000e+01,2.071091e+01,2.069697e+01,2.067605e+01,2.075273e+01,2.065513e+01,2.065513e+01,2.072486e+01,2.081543e+01,2.080846e+01,2.074576e+01,2.069697e+01,2.072486e+01,2.073879e+01,2.063420e+01,2.069000e+01,2.078060e+01,2.072486e+01,2.075970e+01,2.069697e+01,2.067605e+01,2.067605e+01,2.076667e+01,2.066908e+01,2.075273e+01,2.075273e+01,2.077363e+01,2.075273e+01,2.076667e+01,2.071789e+01,2.070394e+01,2.070394e+01,2.078757e+01,2.068303e+01,2.074576e+01,2.069697e+01,2.069697e+01,2.064816e+01,2.069000e+01,2.055743e+01,2.082239e+01,2.078060e+01,2.063420e+01,2.057838e+01,2.058536e+01,2.069697e+01,2.066211e+01,2.071789e+01,2.072486e+01,2.073182e+01,2.067605e+01,2.073182e+01,2.069697e+01,2.054347e+01,2.070394e+01,2.066211e+01,2.056442e+01,2.062723e+01,2.063420e+01,2.057140e+01,2.064816e+01,2.069697e+01,2.067605e+01,2.085024e+01,2.090592e+01,2.076667e+01,2.069697e+01,2.069697e+01,2.052252e+01,2.064118e+01,2.058536e+01,2.060629e+01,2.064118e+01,2.049458e+01,2.038974e+01,2.010260e+01,2.007454e+01,1.987090e+01,1.972317e+01,1.972317e+01,1.973021e+01,1.968092e+01,1.944823e+01,1.944823e+01,1.933522e+01,1.929988e+01,1.929988e+01,1.910173e+01,1.915838e+01,1.912298e+01,1.915130e+01,1.913714e+01,1.908047e+01,1.903087e+01,1.900960e+01,1.909464e+01,1.897414e+01,1.903087e+01,1.906630e+01,1.905213e+01,1.908756e+01,1.898832e+01,1.903795e+01,1.898832e+01,1.911590e+01,1.908756e+01,1.908047e+01,1.891738e+01,1.908756e+01,1.905922e+01,1.905922e+01,1.913714e+01,1.924331e+01,1.919378e+01,1.929281e+01,1.943411e+01,1.938468e+01,1.948352e+01,1.939174e+01,1.951175e+01,1.930695e+01,1.937055e+01,1.943411e+01,1.925745e+01,1.932815e+01,1.927160e+01,1.937055e+01,1.939174e+01,1.937762e+01,1.908047e+01,1.903087e+01,1.903087e+01,1.884638e+01,1.882508e+01,1.884638e+01,1.886769e+01,1.882508e+01,1.894576e+01,1.885349e+01,1.895286e+01,1.902378e+01,1.886769e+01,1.898832e+01,1.902378e+01,1.913714e+01,1.916546e+01,1.911590e+01,1.917962e+01,1.921501e+01,1.953996e+01,1.951880e+01,1.965979e+01,1.971613e+01,1.975132e+01,1.992009e+01,2.003946e+01,2.032678e+01,2.041071e+01,2.041770e+01,2.036875e+01,2.051554e+01,2.053649e+01,2.055743e+01,2.050157e+01,2.041770e+01,2.049458e+01,2.054347e+01,2.050855e+01,2.054347e+01,2.046663e+01,2.048759e+01,2.045266e+01,2.041770e+01,2.045964e+01,2.057838e+01,2.067605e+01,2.043169e+01,2.050157e+01,2.048061e+01,2.049458e+01,2.050855e+01,2.051554e+01,2.048759e+01,2.045964e+01,2.057838e+01,2.061327e+01,2.058536e+01,2.063420e+01,2.055045e+01,2.058536e+01,2.059234e+01,2.065513e+01,2.068303e+01,2.066211e+01,2.071789e+01,2.059234e+01,2.058536e+01,2.072486e+01,2.055045e+01,2.050157e+01,2.064118e+01,2.057140e+01,2.057838e+01,2.069000e+01,2.069000e+01,2.064118e+01,2.066908e+01,2.083632e+01,2.064816e+01,2.066211e+01,2.067605e+01,2.069697e+01,2.069697e+01,2.055743e+01,2.060629e+01,2.055045e+01,2.057838e+01,2.069000e+01,2.054347e+01,2.053649e+01,2.050157e+01,2.064118e+01,2.055045e+01,2.052950e+01,2.065513e+01,2.050855e+01,2.063420e+01,2.054347e+01,2.055045e+01,2.062723e+01,2.059234e+01,2.069000e+01,2.102413e+01,2.119078e+01,2.146792e+01,2.143332e+01,2.125320e+01,2.141255e+01,2.159930e+01,2.150251e+01,2.168219e+01,2.157857e+01,2.154400e+01,2.163385e+01,2.150943e+01,2.148176e+01,2.133637e+01,2.142640e+01,2.123240e+01,2.135715e+01,2.130865e+01,2.131559e+01,2.116302e+01,2.131559e+01,2.101718e+01,2.130865e+01,2.120465e+01,2.130865e+01,2.118384e+01,2.121852e+01,2.134330e+01,2.142640e+01,2.132944e+01,2.141255e+01,2.145408e+01,2.162003e+01,2.159930e+01,2.155092e+01,2.155092e+01,2.142640e+01,2.153709e+01,2.152326e+01,2.141948e+01,2.135023e+01,2.145408e+01,2.139871e+01,2.143332e+01,2.131559e+01,2.137101e+01,2.128786e+01,2.137793e+01,2.139871e+01,2.130173e+01,2.130865e+01,2.127400e+01,2.128786e+01,2.137793e+01,2.135023e+01,2.135715e+01,2.134330e+01,2.140563e+01,2.142640e+01,2.133637e+01,2.126707e+01,2.137101e+01,2.137793e+01,2.130865e+01,2.133637e+01,2.132252e+01,2.133637e+01,2.135023e+01,2.139178e+01,2.131559e+01,2.138486e+01,2.137793e+01,2.127400e+01,2.146792e+01,2.123933e+01,2.128093e+01,2.126707e+01,2.115608e+01,2.112831e+01,2.100327e+01,2.118384e+01,2.114914e+01,2.103802e+01,2.118384e+01,2.117690e+01,2.116996e+01,2.105192e+01,2.123240e+01,2.104497e+01,2.108665e+01,2.116302e+01,2.102413e+01,2.107276e+01,2.116996e+01,2.114914e+01,2.110748e+01,2.108665e+01,2.114914e+01,2.104497e+01,2.116302e+01,2.110054e+01,2.104497e+01,2.120465e+01,2.106581e+01,2.114220e+01,2.114914e+01,2.119771e+01,2.122546e+01,2.123933e+01,2.119771e+01,2.114914e+01,2.115608e+01,2.120465e+01,2.118384e+01,2.112137e+01,2.104497e+01,2.066211e+01,2.069697e+01,2.069697e+01,2.051554e+01,2.047362e+01,2.049458e+01,2.049458e+01,2.051554e+01,2.032678e+01,2.049458e+01,2.041071e+01,2.052252e+01,2.043868e+01,2.046663e+01,2.045964e+01,2.044567e+01,2.034077e+01,2.045964e+01,2.041071e+01,2.036176e+01,2.034077e+01,2.036176e+01,2.040372e+01,2.036176e+01,2.053649e+01,2.038274e+01,2.050855e+01,2.044567e+01,2.046663e+01,2.047362e+01,2.037575e+01,2.049458e+01,2.043169e+01,2.045266e+01,2.037575e+01,2.042470e+01,2.042470e+01,2.040372e+01,2.028478e+01,2.039673e+01,2.045266e+01,2.030578e+01,2.048061e+01,2.044567e+01,2.036176e+01,2.036875e+01,2.037575e+01,2.033377e+01,2.047362e+01,2.051554e+01,2.043868e+01,2.020074e+01,2.043868e+01,2.031278e+01,2.022876e+01,2.038974e+01,2.050855e+01,2.034077e+01,2.042470e+01,2.048759e+01,2.042470e+01,2.042470e+01,2.035476e+01,2.044567e+01,2.017972e+01,2.041770e+01,2.041071e+01,2.026378e+01,2.044567e+01,2.041071e+01,2.046663e+01,2.050157e+01,2.041770e+01,2.043169e+01,2.035476e+01,2.044567e+01,2.036875e+01,2.042470e+01,2.032678e+01,2.033377e+01,2.056442e+01,2.038974e+01,2.052252e+01,2.048061e+01,2.045964e+01,2.051554e+01,2.047362e+01,2.047362e+01,2.040372e+01,2.053649e+01,2.037575e+01,2.043169e+01,2.037575e+01,2.036875e+01,2.034777e+01,2.048061e+01,2.041770e+01,2.027778e+01,2.036875e+01,2.037575e+01,2.021475e+01,2.019373e+01
2.049458e+01,2.044567e+01,2.043868e+01,2.049458e+01,2.040372e+01,2.039673e+01,2.062723e+01,2.038974e+01,2.050855e+01,2.041770e+01,2.056442e+01,2.047362e+01,2.041770e+01,2.045266e+01,2.062025e+01,2.043169e+01,2.042470e+01,2.038974e+01,2.038274e+01,2.043169e+01,2.048061e+01,2.043868e+01,2.027078e+01,2.048759e+01,2.031978e+01,2.031278e+01,2.044567e+01,2.050157e+01,2.057838e+01,2.055045e+01,2.058536e+01,2.053649e+01,2.053649e+01,2.052252e+01,2.055045e+01,2.055743e+01,2.050855e+01,2.062025e+01,2.058536e+01,2.046663e+01,2.059234e+01,2.059932e+01,2.059234e+01,2.062723e+01,2.098937e+01,2.084328e+01,2.080150e+01,2.057838e+01,2.074576e+01,2.053649e+01,2.056442e+01,2.064816e+01,2.064118e+01,2.059932e+01,2.041071e+01,2.069697e+01,2.052252e+01,2.048759e+01,2.066211e+01,2.067605e+01,2.050855e+01,2.046663e+01,2.059932e+01,2.062723e+01,2.050157e+01,2.059234e+01,2.066211e+01,2.066908e+01,2.065513e+01,2.059234e+01,2.052252e+01,2.064118e+01,2.051554e+01,2.044567e+01,2.048061e+01,2.060629e+01,2.064816e+01,2.061327e+01,2.060629e+01,2.061327e+01,2.061327e+01,2.058536e+01,2.060629e+01,2.070394e+01,2.095461e+01,2.077363e+01,2.082239e+01,2.071091e+01,2.080150e+01,2.075970e+01,2.094070e+01,2.121159e+01,2.101718e+01,2.098937e+01,2.083632e+01,2.061327e+01,2.073879e+01,2.066908e+01,2.064118e+01,2.058536e+01,2.059932e+01,2.057838e+01,2.065513e+01,2.062723e+01,2.059932e+01,2.055045e+01,2.062025e+01,2.090592e+01,2.073182e+01,2.073182e+01,2.067605e+01,2.070394e+01,2.088504e+01,2.078757e+01,2.074576e+01,2.078060e+01,2.105887e+01,2.135715e+01,2.121852e+01,2.090592e+01,2.098937e+01,2.106581e+01,2.056442e+01,2.062025e+01,2.051554e+01,2.055743e+01,2.048061e+01,2.049458e+01,2.055743e+01,2.059234e+01,2.048759e+01,2.059234e+01,2.059234e+01,2.062723e+01,2.055743e+01,2.056442e+01,2.064118e+01,2.066211e+01,2.059932e+01,2.067605e+01,2.063420e+01,2.048061e+01,2.067605e+01,2.057140e+01,2.059932e+01,2.060629e+01,2.053649e+01,2.074576e+01,2.063420e+01,2.065513e+01,2.076667e+01,2.073182e+01,2.064118e+01,2.059234e+01,2.067605e+01,2.061327e+01,2.062723e+01,2.068303e+01,2.074576e+01,2.074576e+01,2.073182e+01,2.077363e+01,2.078060e+01,2.074576e+01,2.072486e+01,2.078757e+01,2.075970e+01,2.073182e+01,2.075273e+01,2.071091e+01,2.062025e+01,2.073879e+01,2.082239e+01,2.074576e+01,2.059234e+01,2.075970e+01,2.076667e+01,2.050855e+01,2.069697e+01,2.073879e+01,2.072486e+01,2.082935e+01,2.071789e+01,2.068303e+01,2.069000e+01,2.093374e+01,2.082239e+01,2.079453e+01,2.083632e+01,2.078757e+01,2.070394e+01,2.064118e+01,2.070394e+01,2.073182e+01,2.085024e+01,2.067605e+01,2.073182e+01,2.082239e+01,2.083632e+01,2.074576e+01,2.075273e+01,2.075273e+01,2.073879e+01,2.073182e+01,2.073879e+01,2.073879e+01,2.073879e+01,2.073879e+01,2.076667e+01,2.076667e+01,2.074576e+01,2.089200e+01,2.073182e+01,2.073879e+01,2.078060e+01,2.066908e+01,2.074576e+01,2.068303e+01,2.066908e+01,2.085024e+01,2.054347e+01,2.077363e+01,2.069697e+01,2.074576e+01,2.079453e+01,2.072486e+01,2.064816e+01,2.090592e+01,2.062723e+01,2.062723e+01,2.065513e+01,2.068303e+01,2.072486e+01,2.064816e+01,2.056442e+01,2.066211e+01,2.055045e+01,2.071789e+01,2.072486e+01,2.072486e+01,2.068303e+01,2.056442e+01,2.064816e+01,2.052950e+01,2.071091e+01,2.059234e+01,2.060629e+01,2.073879e+01,2.069697e+01,2.062723e+01,2.069697e+01,2.064816e+01,2.073879e+01,2.088504e+01,2.078060e+01,2.073182e+01,2.063420e+01,2.050855e+01,2.048061e+01,2.050157e+01,2.085720e+01,2.040372e+01,2.051554e+01,2.017271e+01,2.015168e+01,2.012364e+01,1.994819e+01,1.975132e+01,1.974428e+01,1.978650e+01,1.975132e+01,1.970205e+01,1.939881e+01,1.936349e+01,1.927160e+01,1.919378e+01,1.920085e+01,1.918670e+01,1.917962e+01,1.900251e+01,1.914422e+01,1.914422e+01,1.900960e+01,1.899541e+01,1.909464e+01,1.911590e+01,1.909464e+01,1.895286e+01,1.910173e+01,1.910173e+01,1.911590e+01,1.897414e+01,1.904504e+01,1.899541e+01,1.907339e+01,1.915838e+01,1.912298e+01,1.901669e+01,1.917962e+01,1.932109e+01,1.923623e+01,1.921501e+01,1.932109e+01,1.925038e+01,1.936349e+01,1.939174e+01,1.951880e+01,1.946941e+01,1.947647e+01,1.941999e+01,1.939881e+01,1.944823e+01,1.936349e+01,1.936349e+01,1.934936e+01,1.919378e+01,1.932109e+01,1.915130e+01,1.917254e+01,1.906630e+01,1.899541e+01,1.888899e+01,1.883218e+01,1.900251e+01,1.884638e+01,1.886059e+01,1.892448e+01,1.890318e+01,1.891738e+01,1.902378e+01,1.902378e+01,1.900960e+01,1.910881e+01,1.914422e+01,1.913006e+01,1.912298e+01,1.920085e+01,1.947647e+01,1.957522e+01,1.984980e+01,1.987090e+01,2.020074e+01,2.048061e+01,2.059932e+01,2.043868e+01,2.034777e+01,2.034777e+01,2.042470e+01,2.040372e+01,2.052252e+01,2.041770e+01,2.052252e+01,2.050855e+01,2.051554e+01,2.044567e+01,2.047362e+01,2.070394e+01,2.056442e+01,2.039673e+01,2.050855e+01,2.043868e+01,2.043169e+01,2.039673e+01,2.038974e+01,2.052950e+01,2.055743e+01,2.050157e+01,2.054347e+01,2.059932e+01,2.052950e+01,2.050855e+01,2.059932e+01,2.062723e+01,2.057838e+01,2.057838e+01,2.054347e+01,2.055743e+01,2.050855e+01,2.052950e+01,2.052252e+01,2.048061e+01,2.065513e+01,2.065513e+01,2.048061e+01,2.070394e+01,2.066908e+01,2.059234e+01,2.059932e+01,2.057140e+01,2.055743e+01,2.056442e+01,2.072486e+01,2.062723e+01,2.054347e+01,2.058536e+01,2.066908e+01,2.060629e+01,2.064816e+01,2.060629e+01,2.068303e+01,2.071091e+01,2.068303e+01,2.066211e+01,2.063420e+01,2.060629e+01,2.059932e+01,2.059932e+01,2.053649e+01,2.058536e+01,2.059234e+01,2.061327e+01,2.059932e+01,2.052950e+01,2.052950e+01,2.057838e+01,2.056442e+01,2.063420e+01,2.073879e+01,2.055743e+01,2.064118e+01,2.057140e+01,2.092679e+01,2.144024e+01,2.148868e+01,2.143332e+01,2.139871e+01,2.143332e+01,2.147484e+01,2.166147e+01,2.153017e+01,2.157857e+01,2.165457e+01,2.150251e+01,2.151634e+01,2.150943e+01,2.146792e+01,2.140563e+01,2.136408e+01,2.129479e+01,2.126707e+01,2.133637e+01,2.135023e+01,2.135023e+01,2.128786e+01,2.124627e+01,2.128786e+01,2.132252e+01,2.130865e+01,2.122546e+01,2.119771e+01,2.129479e+01,2.137793e+01,2.136408e+01,2.128093e+01,2.130865e+01,2.130173e+01,2.141948e+01,2.147484e+01,2.153709e+01,2.156474e+01,2.132944e+01,2.134330e+01,2.150251e+01,2.132944e+01,2.121852e+01,2.140563e+01,2.138486e+01,2.130865e+01,2.128786e+01,2.137101e+01,2.139178e+01,2.139178e+01,2.135023e+01,2.129479e+01,2.135023e+01,2.137793e+01,2.128093e+01,2.126707e+01,2.127400e+01,2.146100e+01,2.143332e+01,2.144024e+01,2.137101e+01,2.138486e+01,2.140563e+01,2.135715e+01,2.139871e+01,2.139178e+01,2.137101e+01,2.145408e+01,2.134330e+01,2.137793e+01,2.151634e+01,2.137101e+01,2.133637e+01,2.138486e+01,2.137793e+01,2.128786e+01,2.105887e+01,2.121159e+01,2.114914e+01,2.118384e+01,2.116302e+01,2.105192e+01,2.110054e+01,2.098242e+01,2.121852e+01,2.115608e+01,2.119078e+01,2.121159e+01,2.107276e+01,2.121159e+01,2.118384e+01,2.103107e+01,2.115608e+01,2.108665e+01,2.112137e+01,2.107971e+01,2.112831e+01,2.112137e+01,2.123933e+01,2.116302e+01,2.105192e+01,2.107971e+01,2.116996e+01,2.116302e+01,2.128093e+01,2.121159e+01,2.116996e+01,2.111443e+01,2.123240e+01,2.122546e+01,2.119771e+01,2.123240e+01,2.122546e+01,2.118384e+01,2.121159e+01,2.094765e+01,2.078757e+01,2.059234e+01,2.068303e+01,2.059932e+01,2.041770e+01,2.050855e+01,2.053649e+01,2.045964e+01,2.054347e+01,2.032678e+01,2.048061e+01,2.038974e+01,2.048061e+01,2.050157e+01,2.052252e+01,2.043169e+01,2.049458e+01,2.039673e+01,2.043868e+01,2.052950e+01,2.039673e+01,2.053649e+01,2.050157e+01,2.043169e+01,2.039673e+01,2.039673e+01,2.041770e+01,2.050157e+01,2.048061e+01,2.041071e+01,2.048061e+01,2.044567e+01,2.044567e+01,2.035476e+01,2.036875e+01,2.043868e+01,2.023577e+01,2.050157e+01,2.050855e+01,2.040372e+01,2.024277e+01,2.045266e+01,2.036176e+01,2.042470e+01,2.043169e+01,2.037575e+01,2.047362e+01,2.043868e+01,2.055045e+01,2.034777e+01,2.048759e+01,2.037575e+01,2.038274e+01,2.043169e+01,2.048061e+01,2.038974e+01,2.045266e+01,2.050855e+01,2.047362e+01,2.043169e+01,2.045266e+01,2.036176e+01,2.034777e+01,2.033377e+01,2.046663e+01,2.036176e+01,2.038274e+01,2.048061e+01,2.040372e+01,2.030578e+01,2.037575e+01,2.043169e+01,2.025677e+01,2.040372e+01,2.038274e+01,2.035476e+01,2.041770e+01,2.041071e+01,2.034077e+01,2.036875e+01,2.041071e+01,2.052950e+01,2.027778e+01,2.055045e+01,2.045964e+01,2.037575e+01,2.039673e+01,2.043868e+01,2.041770e+01,2.040372e+01,2.039673e+01,2.044567e+01,2.036176e+01,2.037575e+01,2.064118e+01,2.038974e+01,2.052252e+01,2.035476e+01,2.025677e+01,2.028478e+01,2.039673e+01,2.017972e+01
2.043868e+01,2.043868e+01,2.045266e+01,2.057140e+01,2.041770e+01,2.030578e+01,2.045266e+01,2.050855e+01,2.038974e+01,2.055045e+01,2.047362e+01,2.045964e+01,2.048061e+01,2.051554e+01,2.044567e+01,2.040372e+01,2.041071e+01,2.042470e+01,2.038974e+01,2.049458e+01,2.045964e+01,2.051554e+01,2.051554e+01,2.049458e+01,2.049458e+01,2.046663e+01,2.045964e+01,2.053649e+01,2.055045e+01,2.045266e+01,2.044567e+01,2.055045e+01,2.060629e+01,2.052252e+01,2.051554e+01,2.050855e+01,2.048759e+01,2.056442e+01,2.072486e+01,2.059932e+01,2.063420e+01,2.064816e+01,2.079453e+01,2.084328e+01,2.098242e+01,2.086416e+01,2.078757e+01,2.067605e+01,2.058536e+01,2.059932e+01,2.045964e+01,2.059234e+01,2.061327e+01,2.061327e+01,2.068303e+01,2.067605e+01,2.055045e+01,2.069000e+01,2.056442e+01,2.052950e+01,2.050855e+01,2.066211e+01,2.061327e+01,2.052252e+01,2.034777e+01,2.070394e+01,2.068303e+01,2.051554e+01,2.068303e+01,2.054347e+01,2.071789e+01,2.072486e+01,2.073182e+01,2.050855e+01,2.061327e+01,2.063420e+01,2.064816e+01,2.059234e+01,2.058536e+01,2.063420e+01,2.061327e+01,2.074576e+01,2.080150e+01,2.075273e+01,2.101023e+01,2.154400e+01,2.141255e+01,2.123240e+01,2.106581e+01,2.121852e+01,2.185466e+01,2.137101e+01,2.133637e+01,2.103107e+01,2.109360e+01,2.072486e+01,2.066211e+01,2.062025e+01,2.056442e+01,2.069697e+01,2.071091e+01,2.075273e+01,2.077363e+01,2.088504e+01,2.099632e+01,2.084328e+01,2.083632e+01,2.089896e+01,2.088504e+01,2.080150e+01,2.099632e+01,2.112831e+01,2.111443e+01,2.117690e+01,2.112831e+01,2.080846e+01,2.114220e+01,2.222620e+01,2.186844e+01,2.119078e+01,2.119078e+01,2.119078e+01,2.099632e+01,2.064816e+01,2.057140e+01,2.057140e+01,2.052252e+01,2.053649e+01,2.057140e+01,2.050855e+01,2.050855e+01,2.055045e+01,2.063420e+01,2.049458e+01,2.057140e+01,2.065513e+01,2.065513e+01,2.053649e+01,2.053649e+01,2.065513e+01,2.063420e+01,2.055743e+01,2.063420e+01,2.062025e+01,2.064118e+01,2.069000e+01,2.057838e+01,2.071091e+01,2.068303e+01,2.060629e+01,2.060629e+01,2.071789e+01,2.071789e+01,2.061327e+01,2.073879e+01,2.066211e+01,2.059932e+01,2.064118e+01,2.064118e+01,2.073879e+01,2.073182e+01,2.073182e+01,2.085720e+01,2.075273e+01,2.068303e+01,2.062025e+01,2.075970e+01,2.078757e+01,2.076667e+01,2.080846e+01,2.075273e+01,2.076667e+01,2.074576e+01,2.072486e+01,2.067605e+01,2.080150e+01,2.066211e+01,2.075970e+01,2.071091e+01,2.069697e+01,2.077363e+01,2.069000e+01,2.066211e+01,2.082935e+01,2.067605e+01,2.070394e+01,2.067605e+01,2.068303e+01,2.074576e+01,2.076667e+01,2.081543e+01,2.078060e+01,2.070394e+01,2.077363e+01,2.080150e+01,2.059932e+01,2.079453e+01,2.075970e+01,2.066211e+01,2.071789e+01,2.075970e+01,2.066908e+01,2.072486e+01,2.073879e+01,2.066211e+01,2.071789e+01,2.073879e+01,2.078060e+01,2.076667e+01,2.069000e+01,2.057838e+01,2.078060e+01,2.069000e+01,2.069697e+01,2.071091e+01,2.070394e+01,2.076667e+01,2.067605e+01,2.076667e+01,2.062723e+01,2.084328e+01,2.078060e+01,2.066211e+01,2.068303e+01,2.069000e+01,2.073182e+01,2.071091e+01,2.069697e+01,2.075273e+01,2.070394e+01,2.066908e+01,2.071091e+01,2.069697e+01,2.054347e+01,2.056442e+01,2.066211e+01,2.056442e+01,2.073879e+01,2.068303e+01,2.061327e+01,2.066211e+01,2.073182e+01,2.071091e+01,2.065513e+01,2.058536e+01,2.068303e+01,2.064118e+01,2.086416e+01,2.061327e+01,2.060629e+01,2.068303e+01,2.076667e+01,2.073879e+01,2.076667e+01,2.065513e+01,2.068303e+01,2.064816e+01,2.048061e+01,2.045266e+01,2.048061e+01,2.043169e+01,2.054347e+01,2.035476e+01,2.049458e+01,2.006051e+01,2.013766e+01,2.007454e+01,1.985683e+01,1.984277e+01,1.966683e+01,1.967388e+01,1.968796e+01,1.953291e+01,1.922916e+01,1.942705e+01,1.919378e+01,1.903795e+01,1.917962e+01,1.918670e+01,1.922916e+01,1.916546e+01,1.915838e+01,1.924331e+01,1.910881e+01,1.908047e+01,1.911590e+01,1.914422e+01,1.905213e+01,1.913006e+01,1.895995e+01,1.897414e+01,1.893157e+01,1.892448e+01,1.904504e+01,1.916546e+01,1.908756e+01,1.916546e+01,1.918670e+01,1.914422e+01,1.921501e+01,1.922916e+01,1.923623e+01,1.929988e+01,1.929988e+01,1.936349e+01,1.951880e+01,1.947647e+01,1.951880e+01,1.944823e+01,1.942705e+01,1.939174e+01,1.929281e+01,1.934936e+01,1.937762e+01,1.937762e+01,1.922208e+01,1.906630e+01,1.904504e+01,1.902378e+01,1.902378e+01,1.903795e+01,1.901669e+01,1.883218e+01,1.880376e+01,1.883928e+01,1.881797e+01,1.899541e+01,1.870424e+01,1.900251e+01,1.898123e+01,1.904504e+01,1.917962e+01,1.893157e+01,1.917254e+01,1.917962e+01,1.915838e+01,1.937762e+01,1.955407e+01,2.020074e+01,2.022176e+01,2.039673e+01,2.050157e+01,2.040372e+01,2.055743e+01,2.045266e+01,2.040372e+01,2.041071e+01,2.054347e+01,2.054347e+01,2.034777e+01,2.036176e+01,2.048061e+01,2.046663e+01,2.046663e+01,2.054347e+01,2.043169e+01,2.054347e+01,2.047362e+01,2.055743e+01,2.048759e+01,2.043169e+01,2.049458e+01,2.036875e+01,2.055045e+01,2.054347e+01,2.043868e+01,2.052252e+01,2.055045e+01,2.056442e+01,2.036176e+01,2.055045e+01,2.048759e+01,2.055045e+01,2.048759e+01,2.050855e+01,2.055743e+01,2.062723e+01,2.060629e+01,2.058536e+01,2.056442e+01,2.043868e+01,2.045964e+01,2.048759e+01,2.062025e+01,2.048759e+01,2.064816e+01,2.059234e+01,2.061327e+01,2.059234e+01,2.053649e+01,2.064816e+01,2.057140e+01,2.048759e+01,2.063420e+01,2.065513e+01,2.066908e+01,2.066211e+01,2.058536e+01,2.059234e+01,2.068303e+01,2.062723e+01,2.052252e+01,2.054347e+01,2.061327e+01,2.060629e+01,2.059234e+01,2.054347e+01,2.060629e+01,2.052252e+01,2.051554e+01,2.052950e+01,2.059932e+01,2.063420e+01,2.063420e+01,2.065513e+01,2.059234e+01,2.052252e+01,2.052252e+01,2.054347e+01,2.057140e+01,2.057838e+01,2.088504e+01,2.135715e+01,2.137793e+01,2.143332e+01,2.137793e+01,2.148868e+01,2.138486e+01,2.150943e+01,2.152326e+01,2.154400e+01,2.148868e+01,2.148176e+01,2.142640e+01,2.143332e+01,2.148868e+01,2.151634e+01,2.153709e+01,2.143332e+01,2.132252e+01,2.139178e+01,2.136408e+01,2.135715e+01,2.135715e+01,2.123240e+01,2.135715e+01,2.127400e+01,2.124627e+01,2.123933e+01,2.137793e+01,2.126707e+01,2.125320e+01,2.128093e+01,2.123240e+01,2.128093e+01,2.128093e+01,2.132252e+01,2.132252e+01,2.131559e+01,2.133637e+01,2.137101e+01,2.132252e+01,2.129479e+01,2.134330e+01,2.130173e+01,2.135023e+01,2.135023e+01,2.126707e+01,2.137101e+01,2.135023e+01,2.141948e+01,2.137793e+01,2.116302e+01,2.137101e+01,2.132252e+01,2.137793e+01,2.128786e+01,2.125320e+01,2.128786e+01,2.139178e+01,2.115608e+01,2.142640e+01,2.116302e+01,2.124627e+01,2.130173e+01,2.137793e+01,2.132944e+01,2.130865e+01,2.125320e+01,2.137101e+01,2.147484e+01,2.132252e+01,2.151634e+01,2.128786e+01,2.140563e+01,2.135715e+01,2.141948e+01,2.137101e+01,2.119771e+01,2.128093e+01,2.114914e+01,2.105887e+01,2.102413e+01,2.116302e+01,2.122546e+01,2.109360e+01,2.121159e+01,2.123933e+01,2.132944e+01,2.114914e+01,2.123240e+01,2.134330e+01,2.111443e+01,2.119771e+01,2.105887e+01,2.112831e+01,2.121159e+01,2.116302e+01,2.111443e+01,2.109360e+01,2.105192e+01,2.124627e+01,2.101718e+01,2.098937e+01,2.117690e+01,2.113526e+01,2.126013e+01,2.119771e+01,2.119771e+01,2.110748e+01,2.121852e+01,2.120465e+01,2.122546e+01,2.119078e+01,2.121159e+01,2.114914e+01,2.141948e+01,2.111443e+01,2.075273e+01,2.076667e+01,2.052252e+01,2.049458e+01,2.046663e+01,2.052950e+01,2.053649e+01,2.057838e+01,2.046663e+01,2.055045e+01,2.044567e+01,2.041071e+01,2.050157e+01,2.045266e+01,2.047362e+01,2.034777e+01,2.049458e+01,2.044567e+01,2.042470e+01,2.047362e+01,2.048061e+01,2.044567e+01,2.039673e+01,2.042470e+01,2.038274e+01,2.039673e+01,2.059932e+01,2.038274e+01,2.038274e+01,2.042470e+01,2.045266e+01,2.049458e+01,2.054347e+01,2.052950e+01,2.040372e+01,2.039673e+01,2.036176e+01,2.041770e+01,2.041071e+01,2.052252e+01,2.029178e+01,2.050855e+01,2.043169e+01,2.047362e+01,2.045266e+01,2.048061e+01,2.052252e+01,2.054347e+01,2.050855e+01,2.032678e+01,2.035476e+01,2.035476e+01,2.039673e+01,2.045266e+01,2.045964e+01,2.046663e+01,2.048759e+01,2.048061e+01,2.038974e+01,2.036176e+01,2.044567e+01,2.036875e+01,2.026378e+01,2.037575e+01,2.024277e+01,2.036176e+01,2.038974e+01,2.038274e+01,2.041770e+01,2.036176e+01,2.046663e+01,2.041770e+01,2.041071e+01,2.042470e+01,2.043169e+01,2.038974e+01,2.061327e+01,2.052252e+01,2.035476e+01,2.033377e+01,2.036176e+01,2.051554e+01,2.052950e+01,2.045964e+01,2.025677e+01,2.043868e+01,2.052252e+01,2.043868e+01,2.041770e+01,2.041770e+01,2.043169e+01,2.036875e+01,2.042470e+01,2.045964e+01,2.036875e+01,2.060629e+01,2.049458e+01,2.041071e+01,2.048061e+01,2.046663e+01,2.028478e+01,2.041770e+01
2.048061e+01,2.044567e+01,2.050855e+01,2.038274e+01,2.051554e+01,2.036176e+01,2.038974e+01,2.042470e+01,2.033377e+01,2.043868e+01,2.051554e+01,2.052950e+01,2.050157e+01,2.040372e+01,2.041770e+01,2.046663e+01,2.044567e+01,2.043868e+01,2.050157e+01,2.062025e+01,2.052252e+01,2.045964e+01,2.053649e+01,2.046663e+01,2.038274e+01,2.051554e+01,2.042470e+01,2.051554e+01,2.055743e+01,2.056442e+01,2.036176e+01,2.050855e+01,2.051554e+01,2.060629e+01,2.050157e+01,2.059234e+01,2.057140e+01,2.062025e+01,2.046663e+01,2.052252e+01,2.068303e+01,2.070394e+01,2.089200e+01,2.097547e+01,2.103107e+01,2.083632e+01,2.080150e+01,2.065513e+01,2.064118e+01,2.058536e+01,2.070394e+01,2.061327e+01,2.069697e+01,2.071789e+01,2.063420e+01,2.055743e+01,2.055045e+01,2.058536e+01,2.045964e+01,2.066211e+01,2.055045e+01,2.067605e+01,2.069000e+01,2.063420e+01,2.056442e+01,2.058536e+01,2.058536e+01,2.049458e+01,2.055045e+01,2.066211e+01,2.055743e+01,2.064118e+01,2.049458e+01,2.064118e+01,2.064118e+01,2.053649e+01,2.059932e+01,2.054347e+01,2.064816e+01,2.062723e+01,2.076667e+01,2.075970e+01,2.080846e+01,2.111443e+01,2.177191e+01,2.219185e+01,2.253479e+01,2.171671e+01,2.114914e+01,2.119078e+01,2.157166e+01,2.186844e+01,2.145408e+01,2.133637e+01,2.138486e+01,2.101718e+01,2.085024e+01,2.065513e+01,2.080150e+01,2.069000e+01,2.082935e+01,2.082239e+01,2.110748e+01,2.115608e+01,2.112137e+01,2.110054e+01,2.109360e+01,2.123240e+01,2.119771e+01,2.103107e+01,2.101023e+01,2.119078e+01,2.144716e+01,2.108665e+01,2.108665e+01,2.106581e+01,2.134330e+01,2.223307e+01,2.151634e+01,2.187534e+01,2.163385e+01,2.121852e+01,2.089200e+01,2.060629e+01,2.050157e+01,2.067605e+01,2.055045e+01,2.061327e+01,2.066908e+01,2.048759e+01,2.057140e+01,2.056442e+01,2.054347e+01,2.064816e+01,2.050855e+01,2.056442e+01,2.064118e+01,2.057838e+01,2.063420e+01,2.063420e+01,2.052252e+01,2.052950e+01,2.062723e+01,2.064118e+01,2.057140e+01,2.056442e+01,2.047362e+01,2.061327e+01,2.065513e+01,2.059234e+01,2.059234e+01,2.059234e+01,2.058536e+01,2.072486e+01,2.072486e+01,2.072486e+01,2.071789e+01,2.055045e+01,2.064816e+01,2.078757e+01,2.057140e+01,2.067605e+01,2.073879e+01,2.071789e+01,2.071091e+01,2.075273e+01,2.075273e+01,2.064118e+01,2.077363e+01,2.075273e+01,2.072486e+01,2.073182e+01,2.071789e+01,2.075970e+01,2.075273e+01,2.069000e+01,2.080150e+01,2.075970e+01,2.067605e+01,2.064816e+01,2.083632e+01,2.078757e+01,2.080150e+01,2.080150e+01,2.076667e+01,2.068303e+01,2.069697e+01,2.075273e+01,2.085720e+01,2.077363e+01,2.074576e+01,2.066211e+01,2.073182e+01,2.074576e+01,2.080150e+01,2.058536e+01,2.065513e+01,2.076667e+01,2.071091e+01,2.070394e+01,2.067605e+01,2.067605e+01,2.071091e+01,2.071091e+01,2.073182e+01,2.071091e+01,2.064816e+01,2.066908e+01,2.070394e+01,2.073879e+01,2.067605e+01,2.075273e+01,2.073182e+01,2.078757e+01,2.065513e+01,2.073182e+01,2.064118e+01,2.073182e+01,2.073879e+01,2.081543e+01,2.075970e+01,2.067605e+01,2.067605e+01,2.069000e+01,2.069000e+01,2.072486e+01,2.068303e+01,2.073182e+01,2.078757e+01,2.073182e+01,2.070394e+01,2.056442e+01,2.068303e+01,2.068303e+01,2.062723e+01,2.057838e+01,2.063420e+01,2.073879e+01,2.055045e+01,2.059234e+01,2.068303e+01,2.068303e+01,2.055743e+01,2.064816e+01,2.064816e+01,2.063420e+01,2.061327e+01,2.062025e+01,2.052252e+01,2.071789e+01,2.066211e+01,2.071789e+01,2.066908e+01,2.062723e+01,2.093374e+01,2.064118e+01,2.059234e+01,2.046663e+01,2.041071e+01,2.050157e+01,2.053649e+01,2.055045e+01,2.052252e+01,2.036176e+01,2.032678e+01,2.031278e+01,2.012364e+01,2.007454e+01,1.987090e+01,1.976540e+01,1.977243e+01,1.972317e+01,1.934936e+01,1.944823e+01,1.935642e+01,1.920085e+01,1.917962e+01,1.910173e+01,1.917962e+01,1.900960e+01,1.910881e+01,1.915838e+01,1.913006e+01,1.915838e+01,1.915130e+01,1.919378e+01,1.921501e+01,1.921501e+01,1.898123e+01,1.903087e+01,1.895286e+01,1.909464e+01,1.898123e+01,1.917962e+01,1.903795e+01,1.916546e+01,1.915130e+01,1.923623e+01,1.923623e+01,1.930695e+01,1.927867e+01,1.930695e+01,1.933522e+01,1.939881e+01,1.938468e+01,1.953996e+01,1.945529e+01,1.945529e+01,1.950469e+01,1.937055e+01,1.935642e+01,1.950469e+01,1.950469e+01,1.932815e+01,1.939881e+01,1.920793e+01,1.919378e+01,1.903087e+01,1.903087e+01,1.888189e+01,1.869713e+01,1.873269e+01,1.880376e+01,1.886059e+01,1.881087e+01,1.883928e+01,1.900960e+01,1.894576e+01,1.903087e+01,1.893157e+01,1.917962e+01,1.907339e+01,1.917254e+01,1.931402e+01,1.929281e+01,1.934936e+01,1.949764e+01,1.962456e+01,2.024277e+01,2.024977e+01,2.043169e+01,2.051554e+01,2.069697e+01,2.052950e+01,2.059234e+01,2.042470e+01,2.042470e+01,2.034077e+01,2.041071e+01,2.038974e+01,2.039673e+01,2.050157e+01,2.045964e+01,2.048061e+01,2.041071e+01,2.053649e+01,2.048759e+01,2.044567e+01,2.048061e+01,2.041770e+01,2.041770e+01,2.056442e+01,2.064118e+01,2.036875e+01,2.052950e+01,2.049458e+01,2.059234e+01,2.045964e+01,2.056442e+01,2.055743e+01,2.051554e+01,2.048061e+01,2.048759e+01,2.052252e+01,2.049458e+01,2.055743e+01,2.055743e+01,2.056442e+01,2.053649e+01,2.042470e+01,2.059932e+01,2.047362e+01,2.063420e+01,2.050157e+01,2.055045e+01,2.047362e+01,2.059932e+01,2.050157e+01,2.059234e+01,2.057140e+01,2.053649e+01,2.043169e+01,2.063420e+01,2.059234e+01,2.065513e+01,2.045964e+01,2.038974e+01,2.042470e+01,2.045266e+01,2.051554e+01,2.049458e+01,2.052252e+01,2.063420e+01,2.058536e+01,2.066908e+01,2.046663e+01,2.059932e+01,2.048061e+01,2.053649e+01,2.059234e+01,2.055743e+01,2.061327e+01,2.058536e+01,2.063420e+01,2.062723e+01,2.053649e+01,2.057140e+01,2.055045e+01,2.057140e+01,2.056442e+01,2.057140e+01,2.081543e+01,2.122546e+01,2.141948e+01,2.132252e+01,2.147484e+01,2.148176e+01,2.150251e+01,2.151634e+01,2.153709e+01,2.151634e+01,2.155783e+01,2.155783e+01,2.147484e+01,2.136408e+01,2.148176e+01,2.154400e+01,2.135023e+01,2.132252e+01,2.137793e+01,2.133637e+01,2.135715e+01,2.129479e+01,2.132252e+01,2.132944e+01,2.130173e+01,2.123933e+01,2.121159e+01,2.123240e+01,2.133637e+01,2.130865e+01,2.126707e+01,2.141948e+01,2.125320e+01,2.130865e+01,2.127400e+01,2.136408e+01,2.129479e+01,2.129479e+01,2.130865e+01,2.128786e+01,2.133637e+01,2.138486e+01,2.115608e+01,2.110748e+01,2.128786e+01,2.135023e+01,2.137793e+01,2.126013e+01,2.129479e+01,2.131559e+01,2.125320e+01,2.137101e+01,2.135023e+01,2.125320e+01,2.135715e+01,2.121852e+01,2.114220e+01,2.135023e+01,2.121159e+01,2.118384e+01,2.118384e+01,2.120465e+01,2.117690e+01,2.114220e+01,2.130865e+01,2.133637e+01,2.126707e+01,2.138486e+01,2.130173e+01,2.145408e+01,2.151634e+01,2.128786e+01,2.137101e+01,2.153709e+01,2.150251e+01,2.137793e+01,2.132252e+01,2.114914e+01,2.119078e+01,2.120465e+01,2.120465e+01,2.118384e+01,2.110748e+01,2.126707e+01,2.121159e+01,2.123240e+01,2.116996e+01,2.126013e+01,2.119771e+01,2.135023e+01,2.126013e+01,2.101718e+01,2.119771e+01,2.119771e+01,2.113526e+01,2.130173e+01,2.126013e+01,2.112831e+01,2.107971e+01,2.110748e+01,2.108665e+01,2.107971e+01,2.106581e+01,2.118384e+01,2.123933e+01,2.121852e+01,2.119078e+01,2.110054e+01,2.114220e+01,2.123240e+01,2.122546e+01,2.125320e+01,2.118384e+01,2.126013e+01,2.119771e+01,2.120465e+01,2.111443e+01,2.082239e+01,2.060629e+01,2.059932e+01,2.045964e+01,2.046663e+01,2.045266e+01,2.049458e+01,2.079453e+01,2.050855e+01,2.047362e+01,2.043169e+01,2.035476e+01,2.036176e+01,2.038974e+01,2.050855e+01,2.039673e+01,2.052252e+01,2.029178e+01,2.050855e+01,2.035476e+01,2.047362e+01,2.058536e+01,2.043169e+01,2.038274e+01,2.047362e+01,2.048759e+01,2.045964e+01,2.039673e+01,2.039673e+01,2.038974e+01,2.041071e+01,2.042470e+01,2.034777e+01,2.045266e+01,2.040372e+01,2.050157e+01,2.037575e+01,2.043868e+01,2.035476e+01,2.054347e+01,2.043868e+01,2.047362e+01,2.036176e+01,2.043169e+01,2.046663e+01,2.036176e+01,2.036875e+01,2.050157e+01,2.039673e+01,2.038974e+01,2.038974e+01,2.039673e+01,2.040372e+01,2.040372e+01,2.045964e+01,2.036176e+01,2.045964e+01,2.033377e+01,2.049458e+01,2.043169e+01,2.035476e+01,2.036176e+01,2.033377e+01,2.036875e+01,2.032678e+01,2.024977e+01,2.036176e+01,2.048061e+01,2.053649e+01,2.049458e+01,2.038974e+01,2.037575e+01,2.043868e+01,2.041071e+01,2.046663e+01,2.062025e+01,2.039673e+01,2.051554e+01,2.050855e+01,2.047362e+01,2.036176e+01,2.049458e+01,2.030578e+01,2.041071e+01,2.024977e+01,2.037575e+01,2.043868e+01,2.040372e+01,2.052950e+01,2.024977e+01,2.042470e+01,2.043868e+01,2.044567e+01,2.038974e+01,2.046663e+01,2.037575e+01,2.048061e+01,2.041071e+01,2.028478e+01,2.043868e+01,2.045964e+01,2.043169e+01
2.041770e+01,2.040372e+01,2.055045e+01,2.046663e+01,2.051554e+01,2.048061e+01,2.031978e+01,2.064118e+01,2.046663e+01,2.045964e+01,2.048759e+01,2.039673e+01,2.055743e+01,2.032678e+01,2.046663e+01,2.046663e+01,2.049458e+01,2.046663e+01,2.039673e+01,2.040372e+01,2.042470e+01,2.046663e+01,2.045266e+01,2.047362e+01,2.045266e+01,2.048759e+01,2.041071e+01,2.055045e+01,2.060629e+01,2.052252e+01,2.051554e+01,2.045964e+01,2.051554e+01,2.047362e+01,2.047362e+01,2.057140e+01,2.050855e+01,2.048759e+01,2.061327e+01,2.055045e+01,2.060629e+01,2.066211e+01,2.093374e+01,2.096852e+01,2.102413e+01,2.100327e+01,2.078757e+01,2.075970e+01,2.059932e+01,2.062723e+01,2.040372e+01,2.048061e+01,2.062025e+01,2.075273e+01,2.045266e+01,2.035476e+01,2.063420e+01,2.057140e+01,2.056442e+01,2.054347e+01,2.057140e+01,2.062723e+01,2.031278e+01,2.057838e+01,2.056442e+01,2.055045e+01,2.064118e+01,2.052950e+01,2.055743e+01,2.060629e+01,2.060629e+01,2.058536e+01,2.065513e+01,2.046663e+01,2.067605e+01,2.050157e+01,2.066211e+01,2.064816e+01,2.062723e+01,2.080150e+01,2.078060e+01,2.112137e+01,2.126013e+01,2.187534e+01,2.173741e+01,2.154400e+01,2.154400e+01,2.184776e+01,2.190290e+01,2.118384e+01,2.132252e+01,2.129479e+01,2.137101e+01,2.198554e+01,2.189601e+01,2.101718e+01,2.098242e+01,2.096852e+01,2.103802e+01,2.108665e+01,2.125320e+01,2.144024e+01,2.156474e+01,2.160621e+01,2.135715e+01,2.148176e+01,2.136408e+01,2.108665e+01,2.110748e+01,2.105887e+01,2.098242e+01,2.123933e+01,2.099632e+01,2.117690e+01,2.098242e+01,2.112137e+01,2.112137e+01,2.120465e+01,2.188223e+01,2.188912e+01,2.232231e+01,2.199242e+01,2.160621e+01,2.064118e+01,2.057140e+01,2.050855e+01,2.055743e+01,2.057838e+01,2.054347e+01,2.053649e+01,2.062723e+01,2.051554e+01,2.052252e+01,2.052950e+01,2.050157e+01,2.052252e+01,2.066908e+01,2.059234e+01,2.057140e+01,2.054347e+01,2.057140e+01,2.069000e+01,2.055743e+01,2.054347e+01,2.063420e+01,2.053649e+01,2.053649e+01,2.059234e+01,2.059234e+01,2.062723e+01,2.059932e+01,2.059234e+01,2.067605e+01,2.052252e+01,2.057140e+01,2.057140e+01,2.071091e+01,2.063420e+01,2.070394e+01,2.065513e+01,2.066211e+01,2.068303e+01,2.070394e+01,2.071091e+01,2.068303e+01,2.067605e+01,2.074576e+01,2.066211e+01,2.074576e+01,2.065513e+01,2.069000e+01,2.072486e+01,2.071789e+01,2.077363e+01,2.056442e+01,2.078757e+01,2.071091e+01,2.076667e+01,2.073182e+01,2.073879e+01,2.062025e+01,2.082935e+01,2.065513e+01,2.076667e+01,2.063420e+01,2.066908e+01,2.065513e+01,2.068303e+01,2.084328e+01,2.071091e+01,2.079453e+01,2.069000e+01,2.073182e+01,2.077363e+01,2.078060e+01,2.063420e+01,2.079453e+01,2.075970e+01,2.067605e+01,2.068303e+01,2.066211e+01,2.075273e+01,2.071789e+01,2.073879e+01,2.069697e+01,2.073879e+01,2.068303e+01,2.067605e+01,2.055045e+01,2.067605e+01,2.073182e+01,2.078757e+01,2.070394e+01,2.083632e+01,2.044567e+01,2.072486e+01,2.068303e+01,2.059234e+01,2.073182e+01,2.076667e+01,2.065513e+01,2.083632e+01,2.075970e+01,2.075273e+01,2.071091e+01,2.077363e+01,2.059234e+01,2.068303e+01,2.066908e+01,2.071091e+01,2.063420e+01,2.064118e+01,2.068303e+01,2.059932e+01,2.057140e+01,2.064118e+01,2.055045e+01,2.065513e+01,2.073182e+01,2.057140e+01,2.057838e+01,2.075273e+01,2.066211e+01,2.064118e+01,2.069697e+01,2.063420e+01,2.050855e+01,2.056442e+01,2.061327e+01,2.067605e+01,2.057838e+01,2.067605e+01,2.072486e+01,2.070394e+01,2.073879e+01,2.076667e+01,2.062723e+01,2.051554e+01,2.031978e+01,2.052252e+01,2.055045e+01,2.052950e+01,2.052950e+01,2.049458e+01,2.034077e+01,2.013766e+01,2.018673e+01,2.013065e+01,1.986386e+01,1.983574e+01,1.970909e+01,1.970205e+01,1.942705e+01,1.943411e+01,1.937762e+01,1.918670e+01,1.918670e+01,1.918670e+01,1.908047e+01,1.917254e+01,1.900251e+01,1.901669e+01,1.916546e+01,1.909464e+01,1.895286e+01,1.917962e+01,1.900960e+01,1.900960e+01,1.908047e+01,1.908756e+01,1.891738e+01,1.908047e+01,1.901669e+01,1.911590e+01,1.913006e+01,1.913006e+01,1.923623e+01,1.917962e+01,1.921501e+01,1.929281e+01,1.942705e+01,1.927867e+01,1.936349e+01,1.930695e+01,1.943411e+01,1.936349e+01,1.942705e+01,1.948352e+01,1.951880e+01,1.933522e+01,1.945529e+01,1.948352e+01,1.932815e+01,1.936349e+01,1.924331e+01,1.918670e+01,1.913006e+01,1.908756e+01,1.905922e+01,1.896704e+01,1.886059e+01,1.873980e+01,1.886769e+01,1.877534e+01,1.889609e+01,1.881797e+01,1.894576e+01,1.890318e+01,1.904504e+01,1.902378e+01,1.899541e+01,1.920793e+01,1.935642e+01,1.918670e+01,1.933522e+01,1.935642e+01,1.952586e+01,1.972317e+01,2.029178e+01,2.031278e+01,2.044567e+01,2.051554e+01,2.052252e+01,2.062025e+01,2.062723e+01,2.052950e+01,2.031978e+01,2.040372e+01,2.048061e+01,2.043868e+01,2.038974e+01,2.044567e+01,2.057838e+01,2.045266e+01,2.045964e+01,2.046663e+01,2.048759e+01,2.043169e+01,2.047362e+01,2.040372e+01,2.046663e+01,2.044567e+01,2.040372e+01,2.044567e+01,2.048061e+01,2.048759e+01,2.051554e+01,2.052252e+01,2.050855e+01,2.037575e+01,2.040372e+01,2.050855e+01,2.042470e+01,2.048061e+01,2.041770e+01,2.039673e+01,2.053649e+01,2.055743e+01,2.041071e+01,2.041071e+01,2.048759e+01,2.041071e+01,2.053649e+01,2.059932e+01,2.053649e+01,2.052950e+01,2.052252e+01,2.041770e+01,2.041071e+01,2.055045e+01,2.052950e+01,2.067605e+01,2.050157e+01,2.047362e+01,2.053649e+01,2.048061e+01,2.042470e+01,2.057140e+01,2.058536e+01,2.061327e+01,2.048759e+01,2.047362e+01,2.056442e+01,2.062025e+01,2.063420e+01,2.053649e+01,2.061327e+01,2.055045e+01,2.052950e+01,2.040372e+01,2.058536e+01,2.060629e+01,2.050855e+01,2.051554e+01,2.042470e+01,2.059234e+01,2.041071e+01,2.055743e+01,2.055045e+01,2.049458e+01,2.055045e+01,2.059234e+01,2.116302e+01,2.119771e+01,2.120465e+01,2.141255e+01,2.139178e+01,2.122546e+01,2.146792e+01,2.129479e+01,2.132252e+01,2.132252e+01,2.146792e+01,2.146100e+01,2.135715e+01,2.136408e+01,2.133637e+01,2.147484e+01,2.131559e+01,2.127400e+01,2.133637e+01,2.139178e+01,2.123240e+01,2.121852e+01,2.126707e+01,2.122546e+01,2.126707e+01,2.124627e+01,2.125320e+01,2.126013e+01,2.125320e+01,2.125320e+01,2.122546e+01,2.130865e+01,2.129479e+01,2.130173e+01,2.130173e+01,2.128786e+01,2.139871e+01,2.139871e+01,2.132252e+01,2.130173e+01,2.131559e+01,2.116302e+01,2.112137e+01,2.124627e+01,2.123933e+01,2.126013e+01,2.127400e+01,2.129479e+01,2.128093e+01,2.121852e+01,2.136408e+01,2.133637e+01,2.122546e+01,2.123933e+01,2.123240e+01,2.126707e+01,2.121852e+01,2.125320e+01,2.119771e+01,2.118384e+01,2.111443e+01,2.113526e+01,2.112831e+01,2.129479e+01,2.121159e+01,2.121159e+01,2.121159e+01,2.103802e+01,2.119078e+01,2.126013e+01,2.124627e+01,2.112137e+01,2.128093e+01,2.142640e+01,2.135023e+01,2.137101e+01,2.119078e+01,2.120465e+01,2.120465e+01,2.100327e+01,2.111443e+01,2.120465e+01,2.123240e+01,2.116302e+01,2.123240e+01,2.110054e+01,2.125320e+01,2.123240e+01,2.114220e+01,2.110054e+01,2.128093e+01,2.120465e+01,2.132252e+01,2.115608e+01,2.119078e+01,2.111443e+01,2.127400e+01,2.120465e+01,2.105192e+01,2.105887e+01,2.130865e+01,2.114220e+01,2.139871e+01,2.119078e+01,2.117690e+01,2.123240e+01,2.123240e+01,2.124627e+01,2.126707e+01,2.126707e+01,2.119078e+01,2.126013e+01,2.119078e+01,2.126013e+01,2.117690e+01,2.116996e+01,2.083632e+01,2.059932e+01,2.059932e+01,2.048061e+01,2.048061e+01,2.029178e+01,2.068303e+01,2.043868e+01,2.043169e+01,2.051554e+01,2.041770e+01,2.044567e+01,2.043868e+01,2.036875e+01,2.046663e+01,2.044567e+01,2.050855e+01,2.030578e+01,2.042470e+01,2.038274e+01,2.048061e+01,2.041071e+01,2.044567e+01,2.019373e+01,2.044567e+01,2.043868e+01,2.047362e+01,2.043868e+01,2.064816e+01,2.036176e+01,2.045964e+01,2.045964e+01,2.050157e+01,2.048061e+01,2.036875e+01,2.052950e+01,2.041770e+01,2.030578e+01,2.044567e+01,2.050855e+01,2.041770e+01,2.044567e+01,2.041770e+01,2.034077e+01,2.043169e+01,2.035476e+01,2.031278e+01,2.039673e+01,2.047362e+01,2.040372e+01,2.043868e+01,2.038274e+01,2.036875e+01,2.040372e+01,2.031278e+01,2.045266e+01,2.037575e+01,2.040372e+01,2.043868e+01,2.043169e+01,2.034777e+01,2.041071e+01,2.044567e+01,2.038974e+01,2.036875e+01,2.031278e+01,2.048759e+01,2.040372e+01,2.035476e+01,2.038274e+01,2.037575e+01,2.047362e+01,2.036875e+01,2.038974e+01,2.037575e+01,2.037575e+01,2.039673e+01,2.041770e+01,2.038274e+01,2.044567e+01,2.036176e+01,2.039673e+01,2.050855e+01,2.044567e+01,2.041770e+01,2.032678e+01,2.043868e+01,2.029878e+01,2.040372e+01,2.038274e+01,2.040372e+01,2.048759e+01,2.048061e+01,2.030578e+01,2.041071e+01,2.038974e+01,2.038274e+01,2.054347e+01,2.036176e+01,2.045266e+01,2.045266e+01,2.052950e+01
2.040372e+01,2.052950e+01,2.034777e+01,2.038274e+01,2.038974e+01,2.052252e+01,2.041770e+01,2.031978e+01,2.046663e+01,2.051554e+01,2.028478e+01,2.050855e+01,2.042470e+01,2.052950e+01,2.050157e+01,2.042470e+01,2.048759e+01,2.044567e+01,2.040372e+01,2.041770e+01,2.037575e+01,2.038974e+01,2.045964e+01,2.045266e+01,2.046663e+01,2.055045e+01,2.054347e+01,2.039673e+01,2.053649e+01,2.050855e+01,2.034077e+01,2.038974e+01,2.048759e+01,2.062723e+01,2.047362e+01,2.059234e+01,2.073879e+01,2.056442e+01,2.073182e+01,2.064118e+01,2.048061e+01,2.061327e+01,2.091287e+01,2.092679e+01,2.096156e+01,2.101023e+01,2.101023e+01,2.066908e+01,2.057838e+01,2.068303e+01,2.066211e+01,2.059932e+01,2.059932e+01,2.049458e+01,2.058536e+01,2.044567e+01,2.067605e+01,2.062723e+01,2.069000e+01,2.051554e+01,2.052950e+01,2.054347e+01,2.055743e+01,2.057838e+01,2.066211e+01,2.062025e+01,2.069697e+01,2.050855e+01,2.059234e+01,2.075970e+01,2.057140e+01,2.063420e+01,2.048759e+01,2.052252e+01,2.062723e+01,2.055045e+01,2.077363e+01,2.075273e+01,2.080150e+01,2.101718e+01,2.107276e+01,2.113526e+01,2.101718e+01,2.131559e+01,2.135023e+01,2.148176e+01,2.157166e+01,2.196489e+01,2.196489e+01,2.124627e+01,2.155092e+01,2.153017e+01,2.144716e+01,2.175811e+01,2.173741e+01,2.172361e+01,2.173051e+01,2.171671e+01,2.171671e+01,2.153709e+01,2.177881e+01,2.174431e+01,2.150943e+01,2.149559e+01,2.177881e+01,2.177881e+01,2.144024e+01,2.130865e+01,2.108665e+01,2.107276e+01,2.114220e+01,2.108665e+01,2.124627e+01,2.157857e+01,2.161312e+01,2.149559e+01,2.124627e+01,2.126013e+01,2.126013e+01,2.141255e+01,2.163385e+01,2.200619e+01,2.223307e+01,2.099632e+01,2.061327e+01,2.062723e+01,2.063420e+01,2.051554e+01,2.055743e+01,2.062723e+01,2.048759e+01,2.051554e+01,2.052950e+01,2.059932e+01,2.050157e+01,2.052950e+01,2.048061e+01,2.045266e+01,2.048759e+01,2.064118e+01,2.054347e+01,2.060629e+01,2.054347e+01,2.055743e+01,2.055743e+01,2.054347e+01,2.059234e+01,2.055743e+01,2.055045e+01,2.057838e+01,2.066211e+01,2.051554e+01,2.057838e+01,2.066908e+01,2.055743e+01,2.058536e+01,2.071789e+01,2.063420e+01,2.070394e+01,2.064118e+01,2.066908e+01,2.055045e+01,2.064816e+01,2.065513e+01,2.066211e+01,2.071091e+01,2.073182e+01,2.068303e+01,2.071789e+01,2.069697e+01,2.072486e+01,2.071789e+01,2.073879e+01,2.069000e+01,2.062723e+01,2.071789e+01,2.074576e+01,2.066211e+01,2.067605e+01,2.070394e+01,2.078060e+01,2.071789e+01,2.056442e+01,2.065513e+01,2.065513e+01,2.066211e+01,2.068303e+01,2.068303e+01,2.067605e+01,2.069000e+01,2.072486e+01,2.073182e+01,2.066211e+01,2.062025e+01,2.073182e+01,2.068303e+01,2.078060e+01,2.070394e+01,2.072486e+01,2.068303e+01,2.067605e+01,2.080846e+01,2.071789e+01,2.067605e+01,2.070394e+01,2.071789e+01,2.069697e+01,2.069000e+01,2.072486e+01,2.072486e+01,2.075970e+01,2.056442e+01,2.076667e+01,2.073182e+01,2.064118e+01,2.059932e+01,2.059932e+01,2.069697e+01,2.066211e+01,2.066211e+01,2.066211e+01,2.064816e+01,2.071091e+01,2.070394e+01,2.068303e+01,2.071789e+01,2.072486e+01,2.064118e+01,2.066211e+01,2.068303e+01,2.052950e+01,2.054347e+01,2.055743e+01,2.071789e+01,2.064118e+01,2.059932e+01,2.051554e+01,2.058536e+01,2.057140e+01,2.060629e+01,2.068303e+01,2.066908e+01,2.058536e+01,2.059234e+01,2.060629e+01,2.062025e+01,2.047362e+01,2.058536e+01,2.054347e+01,2.057838e+01,2.064816e+01,2.079453e+01,2.071789e+01,2.068303e+01,2.065513e+01,2.063420e+01,2.048759e+01,2.047362e+01,2.054347e+01,2.047362e+01,2.045964e+01,2.043169e+01,2.037575e+01,2.050157e+01,2.048061e+01,2.051554e+01,2.024977e+01,2.028478e+01,2.010260e+01,1.985683e+01,1.970205e+01,1.948352e+01,1.931402e+01,1.927160e+01,1.920085e+01,1.917962e+01,1.915130e+01,1.914422e+01,1.912298e+01,1.915838e+01,1.915130e+01,1.917254e+01,1.915838e+01,1.914422e+01,1.898123e+01,1.914422e+01,1.900251e+01,1.893867e+01,1.899541e+01,1.905922e+01,1.906630e+01,1.905213e+01,1.908047e+01,1.900960e+01,1.921501e+01,1.918670e+01,1.922916e+01,1.933522e+01,1.926452e+01,1.934229e+01,1.941293e+01,1.934229e+01,1.936349e+01,1.952586e+01,1.958932e+01,1.968796e+01,1.957522e+01,1.953996e+01,1.940587e+01,1.935642e+01,1.932815e+01,1.937055e+01,1.934229e+01,1.928574e+01,1.924331e+01,1.919378e+01,1.910173e+01,1.901669e+01,1.900251e+01,1.897414e+01,1.871847e+01,1.892448e+01,1.887479e+01,1.890318e+01,1.892448e+01,1.892448e+01,1.895286e+01,1.900251e+01,1.905922e+01,1.903087e+01,1.941293e+01,1.936349e+01,1.933522e+01,1.926452e+01,1.956817e+01,1.967388e+01,1.973021e+01,2.001841e+01,2.023577e+01,2.030578e+01,2.052252e+01,2.050157e+01,2.063420e+01,2.062723e+01,2.069000e+01,2.064118e+01,2.057838e+01,2.049458e+01,2.048759e+01,2.042470e+01,2.040372e+01,2.043169e+01,2.042470e+01,2.044567e+01,2.025677e+01,2.045266e+01,2.040372e+01,2.043169e+01,2.043868e+01,2.042470e+01,2.047362e+01,2.050157e+01,2.045964e+01,2.045266e+01,2.055045e+01,2.049458e+01,2.036875e+01,2.041770e+01,2.046663e+01,2.038974e+01,2.039673e+01,2.044567e+01,2.043868e+01,2.041071e+01,2.046663e+01,2.041071e+01,2.040372e+01,2.053649e+01,2.052950e+01,2.043169e+01,2.032678e+01,2.050855e+01,2.048759e+01,2.051554e+01,2.047362e+01,2.040372e+01,2.038974e+01,2.048759e+01,2.052252e+01,2.041770e+01,2.046663e+01,2.054347e+01,2.054347e+01,2.054347e+01,2.054347e+01,2.046663e+01,2.052950e+01,2.040372e+01,2.059234e+01,2.052252e+01,2.059234e+01,2.048061e+01,2.067605e+01,2.058536e+01,2.048759e+01,2.044567e+01,2.048061e+01,2.048759e+01,2.043169e+01,2.050855e+01,2.052950e+01,2.053649e+01,2.059932e+01,2.038974e+01,2.058536e+01,2.056442e+01,2.057838e+01,2.041071e+01,2.055743e+01,2.053649e+01,2.058536e+01,2.058536e+01,2.111443e+01,2.095461e+01,2.119078e+01,2.107971e+01,2.119771e+01,2.121852e+01,2.123240e+01,2.115608e+01,2.124627e+01,2.132252e+01,2.146100e+01,2.116996e+01,2.132252e+01,2.133637e+01,2.130173e+01,2.123933e+01,2.116996e+01,2.126013e+01,2.126707e+01,2.123240e+01,2.129479e+01,2.125320e+01,2.127400e+01,2.125320e+01,2.116302e+01,2.128093e+01,2.126013e+01,2.123933e+01,2.126013e+01,2.128786e+01,2.120465e+01,2.126013e+01,2.128093e+01,2.123933e+01,2.131559e+01,2.119078e+01,2.124627e+01,2.121852e+01,2.127400e+01,2.130865e+01,2.116302e+01,2.117690e+01,2.111443e+01,2.124627e+01,2.115608e+01,2.112831e+01,2.116302e+01,2.104497e+01,2.101718e+01,2.123933e+01,2.121852e+01,2.115608e+01,2.101718e+01,2.126707e+01,2.111443e+01,2.107276e+01,2.097547e+01,2.112137e+01,2.107971e+01,2.113526e+01,2.116996e+01,2.123240e+01,2.103802e+01,2.112137e+01,2.121159e+01,2.128786e+01,2.120465e+01,2.121159e+01,2.123240e+01,2.123240e+01,2.128786e+01,2.107971e+01,2.119771e+01,2.105887e+01,2.128786e+01,2.121159e+01,2.105887e+01,2.116302e+01,2.120465e+01,2.104497e+01,2.114914e+01,2.120465e+01,2.130173e+01,2.114220e+01,2.119078e+01,2.126707e+01,2.121852e+01,2.112831e+01,2.124627e+01,2.118384e+01,2.112831e+01,2.121852e+01,2.120465e+01,2.119078e+01,2.119771e+01,2.118384e+01,2.116996e+01,2.123933e+01,2.135715e+01,2.115608e+01,2.136408e+01,2.137101e+01,2.107971e+01,2.126707e+01,2.142640e+01,2.120465e+01,2.114914e+01,2.125320e+01,2.130865e+01,2.129479e+01,2.137793e+01,2.130173e+01,2.128093e+01,2.141255e+01,2.123933e+01,2.134330e+01,2.100327e+01,2.063420e+01,2.061327e+01,2.046663e+01,2.048061e+01,2.046663e+01,2.050855e+01,2.032678e+01,2.032678e+01,2.041770e+01,2.043169e+01,2.043868e+01,2.044567e+01,2.040372e+01,2.042470e+01,2.051554e+01,2.048759e+01,2.034077e+01,2.040372e+01,2.041071e+01,2.042470e+01,2.042470e+01,2.044567e+01,2.040372e+01,2.052252e+01,2.040372e+01,2.054347e+01,2.040372e+01,2.040372e+01,2.050157e+01,2.044567e+01,2.036875e+01,2.050157e+01,2.047362e+01,2.033377e+01,2.044567e+01,2.035476e+01,2.035476e+01,2.054347e+01,2.038974e+01,2.042470e+01,2.037575e+01,2.048061e+01,2.029878e+01,2.039673e+01,2.045266e+01,2.036875e+01,2.038274e+01,2.048061e+01,2.048061e+01,2.043868e+01,2.048061e+01,2.041770e+01,2.035476e+01,2.044567e+01,2.028478e+01,2.042470e+01,2.045964e+01,2.055743e+01,2.038974e+01,2.035476e+01,2.041770e+01,2.046663e+01,2.035476e+01,2.045964e+01,2.037575e+01,2.032678e+01,2.042470e+01,2.039673e+01,2.038274e+01,2.045964e+01,2.038274e+01,2.038974e+01,2.041770e+01,2.041071e+01,2.036176e+01,2.034077e+01,2.034777e+01,2.034777e+01,2.041770e+01,2.033377e+01,2.038974e+01,2.053649e+01,2.029878e+01,2.045266e+01,2.029878e+01,2.034077e+01,2.043169e+01,2.038974e+01,2.042470e+01,2.045964e+01,2.035476e+01,2.046663e+01,2.030578e+01,2.045266e+01,2.031278e+01,2.031978e+01,2.041770e+01,2.048759e+01,2.043169e+01,2.036176e+01,2.028478e+01
2.043169e+01,2.052950e+01,2.038974e+01,2.052950e+01,2.038274e+01,2.034777e+01,2.043868e+01,2.036176e+01,2.042470e+01,2.033377e+01,2.046663e+01,2.046663e+01,2.049458e+01,2.052252e+01,2.050855e+01,2.048759e+01,2.043169e+01,2.040372e+01,2.046663e+01,2.042470e+01,2.049458e+01,2.039673e+01,2.040372e+01,2.042470e+01,2.047362e+01,2.054347e+01,2.038974e+01,2.055743e+01,2.064118e+01,2.050855e+01,2.049458e+01,2.036875e+01,2.038274e+01,2.050855e+01,2.045964e+01,2.061327e+01,2.064816e+01,2.049458e+01,2.063420e+01,2.064816e+01,2.066211e+01,2.059234e+01,2.080150e+01,2.094070e+01,2.105192e+01,2.089896e+01,2.083632e+01,2.060629e+01,2.064118e+01,2.062723e+01,2.050855e+01,2.058536e+01,2.052950e+01,2.059932e+01,2.059932e+01,2.066908e+01,2.061327e+01,2.057838e+01,2.047362e+01,2.057140e+01,2.052950e+01,2.063420e+01,2.057140e+01,2.060629e+01,2.062723e+01,2.065513e+01,2.070394e+01,2.055045e+01,2.075970e+01,2.069697e+01,2.075970e+01,2.072486e+01,2.067605e+01,2.064816e+01,2.061327e+01,2.073182e+01,2.118384e+01,2.130865e+01,2.103107e+01,2.112831e+01,2.116302e+01,2.114220e+01,2.106581e+01,2.107276e+01,2.148868e+01,2.163385e+01,2.195800e+01,2.221246e+01,2.169600e+01,2.130173e+01,2.148868e+01,2.153709e+01,2.153709e+01,2.179260e+01,2.188912e+01,2.261692e+01,2.240461e+01,2.252109e+01,2.247315e+01,2.213688e+01,2.215063e+01,2.210938e+01,2.213688e+01,2.190290e+01,2.206124e+01,2.228799e+01,2.218498e+01,2.182019e+01,2.132252e+01,2.108665e+01,2.153709e+01,2.204748e+01,2.153709e+01,2.175121e+01,2.205436e+01,2.150251e+01,2.117690e+01,2.121852e+01,2.115608e+01,2.119078e+01,2.123933e+01,2.123240e+01,2.104497e+01,2.061327e+01,2.047362e+01,2.060629e+01,2.051554e+01,2.058536e+01,2.042470e+01,2.052252e+01,2.054347e+01,2.066908e+01,2.055045e+01,2.049458e+01,2.059932e+01,2.050855e+01,2.048759e+01,2.062025e+01,2.060629e+01,2.062025e+01,2.055743e+01,2.053649e+01,2.052950e+01,2.057140e+01,2.052950e+01,2.044567e+01,2.055045e+01,2.060629e+01,2.054347e+01,2.057140e+01,2.056442e+01,2.063420e+01,2.064118e+01,2.059234e+01,2.055045e+01,2.072486e+01,2.057140e+01,2.063420e+01,2.064118e+01,2.061327e+01,2.061327e+01,2.055743e+01,2.066211e+01,2.064816e+01,2.069697e+01,2.064118e+01,2.071091e+01,2.072486e+01,2.059932e+01,2.066908e+01,2.064816e+01,2.073182e+01,2.071091e+01,2.071091e+01,2.069697e+01,2.063420e+01,2.064118e+01,2.069697e+01,2.073182e+01,2.059234e+01,2.074576e+01,2.069000e+01,2.062025e+01,2.062025e+01,2.063420e+01,2.064816e+01,2.058536e+01,2.067605e+01,2.064816e+01,2.066908e+01,2.073182e+01,2.071789e+01,2.065513e+01,2.065513e+01,2.063420e+01,2.064816e+01,2.066908e+01,2.065513e+01,2.073879e+01,2.077363e+01,2.071789e+01,2.082239e+01,2.069000e+01,2.068303e+01,2.055045e+01,2.066908e+01,2.072486e+01,2.057140e+01,2.079453e+01,2.066211e+01,2.065513e+01,2.073182e+01,2.068303e+01,2.076667e+01,2.078757e+01,2.063420e+01,2.067605e+01,2.065513e+01,2.070394e+01,2.067605e+01,2.064118e+01,2.068303e+01,2.067605e+01,2.072486e+01,2.059234e+01,2.062723e+01,2.068303e+01,2.069000e+01,2.063420e+01,2.069000e+01,2.060629e+01,2.062025e+01,2.067605e+01,2.050157e+01,2.063420e+01,2.058536e+01,2.066908e+01,2.082239e+01,2.061327e+01,2.060629e+01,2.060629e+01,2.066908e+01,2.063420e+01,2.064118e+01,2.062723e+01,2.057140e+01,2.053649e+01,2.055743e+01,2.059932e+01,2.068303e+01,2.059932e+01,2.068303e+01,2.078060e+01,2.065513e+01,2.074576e+01,2.058536e+01,2.071091e+01,2.048759e+01,2.041770e+01,2.053649e+01,2.049458e+01,2.052252e+01,2.051554e+01,2.038974e+01,2.034777e+01,2.053649e+01,2.038274e+01,2.025677e+01,1.991306e+01,1.989901e+01,1.975836e+01,1.952586e+01,1.941999e+01,1.955407e+01,1.915838e+01,1.908047e+01,1.916546e+01,1.915130e+01,1.915838e+01,1.895286e+01,1.916546e+01,1.906630e+01,1.908756e+01,1.913714e+01,1.912298e+01,1.903795e+01,1.898123e+01,1.896704e+01,1.909464e+01,1.908756e+01,1.904504e+01,1.903087e+01,1.915130e+01,1.915838e+01,1.926452e+01,1.914422e+01,1.934936e+01,1.933522e+01,1.937762e+01,1.938468e+01,1.943411e+01,1.944823e+01,1.936349e+01,1.953996e+01,1.954701e+01,1.959637e+01,1.961751e+01,1.946235e+01,1.942705e+01,1.935642e+01,1.932815e+01,1.933522e+01,1.927160e+01,1.920793e+01,1.928574e+01,1.900251e+01,1.916546e+01,1.895286e+01,1.897414e+01,1.908047e+01,1.885349e+01,1.873269e+01,1.889609e+01,1.888899e+01,1.892448e+01,1.890318e+01,1.895286e+01,1.918670e+01,1.900251e+01,1.938468e+01,1.960342e+01,2.002542e+01,2.002542e+01,1.977947e+01,1.962456e+01,1.974428e+01,1.994117e+01,1.999735e+01,2.055743e+01,2.059234e+01,2.052252e+01,2.068303e+01,2.069697e+01,2.064816e+01,2.069697e+01,2.073182e+01,2.038274e+01,2.050855e+01,2.046663e+01,2.041770e+01,2.052252e+01,2.045964e+01,2.043169e+01,2.041071e+01,2.039673e+01,2.046663e+01,2.047362e+01,2.044567e+01,2.030578e+01,2.044567e+01,2.046663e+01,2.041071e+01,2.057838e+01,2.036176e+01,2.039673e+01,2.040372e+01,2.043169e+01,2.043868e+01,2.043868e+01,2.035476e+01,2.047362e+01,2.040372e+01,2.046663e+01,2.043868e+01,2.038974e+01,2.040372e+01,2.056442e+01,2.059932e+01,2.050157e+01,2.041770e+01,2.045266e+01,2.036176e+01,2.055045e+01,2.041071e+01,2.057140e+01,2.062025e+01,2.040372e+01,2.040372e+01,2.047362e+01,2.043169e+01,2.043868e+01,2.044567e+01,2.050157e+01,2.048061e+01,2.038274e+01,2.047362e+01,2.042470e+01,2.057838e+01,2.054347e+01,2.057140e+01,2.052252e+01,2.052252e+01,2.048061e+01,2.041770e+01,2.057838e+01,2.045266e+01,2.050855e+01,2.055743e+01,2.041071e+01,2.041770e+01,2.052950e+01,2.053649e+01,2.050855e+01,2.054347e+01,2.050157e+01,2.050855e+01,2.056442e+01,2.045266e+01,2.055743e+01,2.050157e+01,2.053649e+01,2.056442e+01,2.060629e+01,2.080150e+01,2.081543e+01,2.065513e+01,2.105192e+01,2.121852e+01,2.122546e+01,2.126707e+01,2.127400e+01,2.120465e+01,2.124627e+01,2.128093e+01,2.133637e+01,2.123933e+01,2.131559e+01,2.120465e+01,2.104497e+01,2.123240e+01,2.126707e+01,2.120465e+01,2.111443e+01,2.122546e+01,2.112137e+01,2.126707e+01,2.122546e+01,2.123933e+01,2.119078e+01,2.119078e+01,2.128786e+01,2.123240e+01,2.127400e+01,2.130173e+01,2.122546e+01,2.126707e+01,2.126707e+01,2.119771e+01,2.121852e+01,2.119771e+01,2.126707e+01,2.115608e+01,2.128093e+01,2.112831e+01,2.107971e+01,2.087112e+01,2.093374e+01,2.110054e+01,2.096156e+01,2.096156e+01,2.100327e+01,2.101023e+01,2.101718e+01,2.101718e+01,2.098937e+01,2.102413e+01,2.096852e+01,2.105887e+01,2.098242e+01,2.094765e+01,2.084328e+01,2.087808e+01,2.097547e+01,2.103107e+01,2.097547e+01,2.113526e+01,2.113526e+01,2.098937e+01,2.128786e+01,2.110748e+01,2.112831e+01,2.111443e+01,2.117690e+01,2.106581e+01,2.126013e+01,2.119078e+01,2.111443e+01,2.122546e+01,2.106581e+01,2.119078e+01,2.112831e+01,2.114914e+01,2.119078e+01,2.125320e+01,2.121852e+01,2.132944e+01,2.134330e+01,2.121159e+01,2.122546e+01,2.125320e+01,2.133637e+01,2.126013e+01,2.126013e+01,2.122546e+01,2.112831e+01,2.120465e+01,2.120465e+01,2.117690e+01,2.131559e+01,2.126013e+01,2.119771e+01,2.135023e+01,2.123240e+01,2.122546e+01,2.129479e+01,2.121852e+01,2.123933e+01,2.138486e+01,2.124627e+01,2.128093e+01,2.128786e+01,2.127400e+01,2.130173e+01,2.132252e+01,2.128093e+01,2.119771e+01,2.110054e+01,2.121159e+01,2.107971e+01,2.062723e+01,2.057140e+01,2.041770e+01,2.047362e+01,2.050855e+01,2.047362e+01,2.051554e+01,2.045266e+01,2.047362e+01,2.050855e+01,2.052252e+01,2.047362e+01,2.034077e+01,2.036875e+01,2.029178e+01,2.040372e+01,2.031978e+01,2.029178e+01,2.043169e+01,2.040372e+01,2.044567e+01,2.042470e+01,2.041071e+01,2.043169e+01,2.041071e+01,2.050855e+01,2.038274e+01,2.049458e+01,2.064816e+01,2.056442e+01,2.057140e+01,2.051554e+01,2.045964e+01,2.051554e+01,2.045964e+01,2.045266e+01,2.035476e+01,2.052252e+01,2.043169e+01,2.034777e+01,2.045266e+01,2.043868e+01,2.045266e+01,2.041770e+01,2.035476e+01,2.038274e+01,2.036875e+01,2.038274e+01,2.038274e+01,2.036875e+01,2.050157e+01,2.046663e+01,2.043169e+01,2.042470e+01,2.038274e+01,2.042470e+01,2.036875e+01,2.045266e+01,2.039673e+01,2.041071e+01,2.024277e+01,2.046663e+01,2.023577e+01,2.046663e+01,2.031278e+01,2.043169e+01,2.038274e+01,2.038974e+01,2.054347e+01,2.036875e+01,2.034077e+01,2.036875e+01,2.029178e+01,2.047362e+01,2.035476e+01,2.032678e+01,2.043169e+01,2.034777e+01,2.033377e+01,2.033377e+01,2.040372e+01,2.044567e+01,2.045964e+01,2.035476e+01,2.043868e+01,2.024977e+01,2.042470e+01,2.041770e+01,2.037575e+01,2.039673e+01,2.046663e+01,2.048061e+01,2.055045e+01,2.041770e+01,2.039673e+01,2.031978e+01,2.025677e+01,2.022876e+01,2.049458e+01,2.046663e+01,2.036176e+01
2.043169e+01,2.027078e+01,2.044567e+01,2.050855e+01,2.038974e+01,2.049458e+01,2.045964e+01,2.034777e+01,2.049458e+01,2.041770e+01,2.027078e+01,2.043169e+01,2.048759e+01,2.034777e+01,2.047362e+01,2.025677e+01,2.044567e+01,2.052950e+01,2.041770e+01,2.040372e+01,2.042470e+01,2.047362e+01,2.046663e+01,2.043169e+01,2.046663e+01,2.045964e+01,2.044567e+01,2.052252e+01,2.057140e+01,2.053649e+01,2.041071e+01,2.043169e+01,2.052950e+01,2.052950e+01,2.056442e+01,2.050157e+01,2.058536e+01,2.050855e+01,2.058536e+01,2.066211e+01,2.065513e+01,2.064816e+01,2.071091e+01,2.096156e+01,2.091287e+01,2.084328e+01,2.075970e+01,2.073879e+01,2.056442e+01,2.047362e+01,2.061327e+01,2.057838e+01,2.050157e+01,2.043169e+01,2.045266e+01,2.053649e+01,2.045964e+01,2.062025e+01,2.063420e+01,2.064118e+01,2.070394e+01,2.059932e+01,2.057838e+01,2.061327e+01,2.070394e+01,2.060629e+01,2.066908e+01,2.075273e+01,2.077363e+01,2.081543e+01,2.099632e+01,2.102413e+01,2.103107e+01,2.103107e+01,2.112831e+01,2.106581e+01,2.135023e+01,2.148868e+01,2.103107e+01,2.119771e+01,2.107971e+01,2.136408e+01,2.117690e+01,2.105887e+01,2.126707e+01,2.160621e+01,2.165457e+01,2.170980e+01,2.140563e+01,2.128093e+01,2.131559e+01,2.154400e+01,2.135023e+01,2.153017e+01,2.172361e+01,2.245944e+01,2.281514e+01,2.292434e+01,2.278782e+01,2.271266e+01,2.286293e+01,2.349575e+01,2.314920e+01,2.216437e+01,2.199242e+01,2.227426e+01,2.280832e+01,2.182019e+01,2.159239e+01,2.100327e+01,2.203372e+01,2.268532e+01,2.144024e+01,2.143332e+01,2.119771e+01,2.120465e+01,2.112831e+01,2.108665e+01,2.118384e+01,2.125320e+01,2.123933e+01,2.121852e+01,2.091287e+01,2.045964e+01,2.040372e+01,2.061327e+01,2.064118e+01,2.031978e+01,2.056442e+01,2.038274e+01,2.057140e+01,2.050855e+01,2.048759e+01,2.051554e+01,2.049458e+01,2.050855e+01,2.046663e+01,2.055045e+01,2.052252e+01,2.059932e+01,2.056442e+01,2.053649e+01,2.051554e+01,2.052950e+01,2.052950e+01,2.052252e+01,2.043868e+01,2.055743e+01,2.060629e+01,2.062025e+01,2.065513e+01,2.059234e+01,2.057838e+01,2.064816e+01,2.057838e+01,2.064118e+01,2.056442e+01,2.058536e+01,2.061327e+01,2.059932e+01,2.066908e+01,2.061327e+01,2.055743e+01,2.057140e+01,2.062723e+01,2.063420e+01,2.064118e+01,2.065513e+01,2.052252e+01,2.067605e+01,2.069000e+01,2.072486e+01,2.072486e+01,2.073182e+01,2.057838e+01,2.069000e+01,2.069697e+01,2.069000e+01,2.066211e+01,2.072486e+01,2.074576e+01,2.062025e+01,2.064118e+01,2.067605e+01,2.066211e+01,2.062723e+01,2.058536e+01,2.064118e+01,2.063420e+01,2.066908e+01,2.075273e+01,2.069000e+01,2.074576e+01,2.076667e+01,2.064816e+01,2.066211e+01,2.066211e+01,2.071091e+01,2.068303e+01,2.067605e+01,2.064118e+01,2.076667e+01,2.066211e+01,2.069000e+01,2.050157e+01,2.069000e+01,2.073182e+01,2.059234e+01,2.080150e+01,2.073879e+01,2.058536e+01,2.076667e+01,2.057838e+01,2.060629e+01,2.061327e+01,2.065513e+01,2.058536e+01,2.068303e+01,2.063420e+01,2.069000e+01,2.065513e+01,2.079453e+01,2.057140e+01,2.059234e+01,2.071789e+01,2.063420e+01,2.069000e+01,2.053649e+01,2.055045e+01,2.053649e+01,2.051554e+01,2.066211e+01,2.059932e+01,2.062723e+01,2.064816e+01,2.064816e+01,2.057140e+01,2.055045e+01,2.055743e+01,2.060629e+01,2.064816e+01,2.066211e+01,2.057140e+01,2.062025e+01,2.049458e+01,2.050855e+01,2.048061e+01,2.051554e+01,2.053649e+01,2.059234e+01,2.061327e+01,2.064816e+01,2.072486e+01,2.077363e+01,2.075970e+01,2.070394e+01,2.059234e+01,2.043169e+01,2.037575e+01,2.044567e+01,2.047362e+01,2.052252e+01,2.050157e+01,2.034077e+01,2.034077e+01,2.040372e+01,2.024977e+01,2.023577e+01,2.022176e+01,2.001139e+01,1.972317e+01,1.958932e+01,1.956817e+01,1.924331e+01,1.920793e+01,1.915130e+01,1.908756e+01,1.891028e+01,1.915838e+01,1.911590e+01,1.910173e+01,1.911590e+01,1.910881e+01,1.919378e+01,1.919378e+01,1.902378e+01,1.898832e+01,1.895286e+01,1.904504e+01,1.898832e+01,1.904504e+01,1.904504e+01,1.907339e+01,1.904504e+01,1.925038e+01,1.919378e+01,1.924331e+01,1.937762e+01,1.937055e+01,1.925745e+01,1.947647e+01,1.941999e+01,1.938468e+01,1.934936e+01,1.959637e+01,1.949764e+01,1.962456e+01,1.954701e+01,1.943411e+01,1.935642e+01,1.934936e+01,1.927160e+01,1.928574e+01,1.903795e+01,1.904504e+01,1.908047e+01,1.882508e+01,1.894576e+01,1.877534e+01,1.883928e+01,1.887479e+01,1.882508e+01,1.866867e+01,1.888189e+01,1.876823e+01,1.891738e+01,1.885349e+01,1.892448e+01,1.910881e+01,1.908756e+01,1.958227e+01,2.015869e+01,2.026378e+01,2.020774e+01,2.020074e+01,2.023577e+01,2.020774e+01,2.028478e+01,2.050157e+01,2.059234e+01,2.055743e+01,2.056442e+01,2.071091e+01,2.071091e+01,2.056442e+01,2.050855e+01,2.044567e+01,2.052252e+01,2.048061e+01,2.044567e+01,2.046663e+01,2.036176e+01,2.036176e+01,2.034777e+01,2.036176e+01,2.041770e+01,2.034777e+01,2.041071e+01,2.036176e+01,2.029878e+01,2.036176e+01,2.046663e+01,2.043169e+01,2.050157e+01,2.031978e+01,2.041071e+01,2.049458e+01,2.043868e+01,2.037575e+01,2.035476e+01,2.045266e+01,2.038974e+01,2.044567e+01,2.041770e+01,2.045266e+01,2.054347e+01,2.038274e+01,2.040372e+01,2.043868e+01,2.046663e+01,2.047362e+01,2.042470e+01,2.037575e+01,2.039673e+01,2.048061e+01,2.053649e+01,2.048061e+01,2.040372e+01,2.038274e+01,2.041770e+01,2.044567e+01,2.060629e+01,2.040372e+01,2.040372e+01,2.043169e+01,2.043169e+01,2.046663e+01,2.051554e+01,2.041770e+01,2.045266e+01,2.045964e+01,2.050157e+01,2.046663e+01,2.045266e+01,2.054347e+01,2.053649e+01,2.029878e+01,2.041071e+01,2.052252e+01,2.049458e+01,2.042470e+01,2.048759e+01,2.041770e+01,2.048061e+01,2.039673e+01,2.039673e+01,2.045964e+01,2.055045e+01,2.041071e+01,2.039673e+01,2.054347e+01,2.048759e+01,2.050855e+01,2.056442e+01,2.055045e+01,2.061327e+01,2.105887e+01,2.110748e+01,2.110054e+01,2.120465e+01,2.102413e+01,2.128093e+01,2.125320e+01,2.101718e+01,2.107971e+01,2.102413e+01,2.104497e+01,2.107971e+01,2.097547e+01,2.105887e+01,2.126707e+01,2.126013e+01,2.104497e+01,2.119078e+01,2.122546e+01,2.107276e+01,2.102413e+01,2.112137e+01,2.109360e+01,2.092679e+01,2.121852e+01,2.098242e+01,2.116302e+01,2.128093e+01,2.118384e+01,2.119078e+01,2.116996e+01,2.114914e+01,2.099632e+01,2.116302e+01,2.119771e+01,2.112831e+01,2.113526e+01,2.116996e+01,2.082935e+01,2.077363e+01,2.062025e+01,2.069697e+01,2.054347e+01,2.062025e+01,2.063420e+01,2.064816e+01,2.060629e+01,2.062723e+01,2.064118e+01,2.058536e+01,2.066211e+01,2.057140e+01,2.054347e+01,2.065513e+01,2.057838e+01,2.087112e+01,2.062723e+01,2.063420e+01,2.082935e+01,2.098937e+01,2.078060e+01,2.097547e+01,2.108665e+01,2.112831e+01,2.114914e+01,2.105192e+01,2.114220e+01,2.109360e+01,2.110748e+01,2.112831e+01,2.110748e+01,2.113526e+01,2.105887e+01,2.107276e+01,2.117690e+01,2.111443e+01,2.115608e+01,2.113526e+01,2.127400e+01,2.137793e+01,2.143332e+01,2.120465e+01,2.128786e+01,2.119771e+01,2.132944e+01,2.126707e+01,2.113526e+01,2.128786e+01,2.125320e+01,2.139178e+01,2.113526e+01,2.116302e+01,2.128786e+01,2.131559e+01,2.119078e+01,2.125320e+01,2.121852e+01,2.113526e+01,2.128786e+01,2.137793e+01,2.135715e+01,2.123240e+01,2.122546e+01,2.128093e+01,2.125320e+01,2.116996e+01,2.128093e+01,2.128093e+01,2.137101e+01,2.124627e+01,2.135715e+01,2.119078e+01,2.105192e+01,2.062025e+01,2.062723e+01,2.062723e+01,2.033377e+01,2.049458e+01,2.048061e+01,2.055743e+01,2.046663e+01,2.050157e+01,2.043169e+01,2.045964e+01,2.038974e+01,2.043169e+01,2.039673e+01,2.041770e+01,2.033377e+01,2.033377e+01,2.041770e+01,2.037575e+01,2.044567e+01,2.034077e+01,2.041770e+01,2.041071e+01,2.038274e+01,2.041071e+01,2.045266e+01,2.050157e+01,2.046663e+01,2.041071e+01,2.032678e+01,2.034077e+01,2.034077e+01,2.034777e+01,2.050157e+01,2.048061e+01,2.039673e+01,2.048061e+01,2.039673e+01,2.045964e+01,2.041770e+01,2.043868e+01,2.049458e+01,2.039673e+01,2.044567e+01,2.047362e+01,2.041770e+01,2.035476e+01,2.043169e+01,2.043868e+01,2.031978e+01,2.047362e+01,2.038274e+01,2.035476e+01,2.050157e+01,2.034777e+01,2.034077e+01,2.056442e+01,2.050157e+01,2.046663e+01,2.034777e+01,2.040372e+01,2.043868e+01,2.029878e+01,2.045266e+01,2.038274e+01,2.044567e+01,2.036176e+01,2.043169e+01,2.030578e+01,2.039673e+01,2.036875e+01,2.031278e+01,2.037575e+01,2.028478e+01,2.034777e+01,2.044567e+01,2.036875e+01,2.045266e+01,2.042470e+01,2.029178e+01,2.021475e+01,2.030578e+01,2.046663e+01,2.017271e+01,2.020074e+01,2.032678e+01,2.024977e+01,2.039673e+01,2.041770e+01,2.035476e+01,2.034077e+01,2.034777e+01,2.038974e+01,2.030578e+01,2.033377e+01,2.029878e+01,2.042470e+01,2.032678e+01,2.055045e+01,2.037575e+01,2.035476e+01
2.045266e+01,2.043169e+01,2.045266e+01,2.055045e+01,2.064816e+01,2.046663e+01,2.034777e+01,2.034077e+01,2.040372e+01,2.041071e+01,2.052252e+01,2.050157e+01,2.034777e+01,2.038974e+01,2.039673e+01,2.049458e+01,2.045964e+01,2.038974e+01,2.041071e+01,2.051554e+01,2.060629e+01,2.058536e+01,2.041071e+01,2.041071e+01,2.050855e+01,2.040372e+01,2.048759e+01,2.052950e+01,2.064118e+01,2.047362e+01,2.046663e+01,2.034777e+01,2.049458e+01,2.058536e+01,2.057838e+01,2.046663e+01,2.045266e+01,2.056442e+01,2.052252e+01,2.050855e+01,2.055743e+01,2.071091e+01,2.083632e+01,2.075970e+01,2.095461e+01,2.101023e+01,2.094765e+01,2.078757e+01,2.061327e+01,2.052950e+01,2.053649e+01,2.069000e+01,2.059932e+01,2.050855e+01,2.060629e+01,2.056442e+01,2.050157e+01,2.060629e+01,2.051554e+01,2.071789e+01,2.057140e+01,2.066908e+01,2.077363e+01,2.073182e+01,2.064118e+01,2.079453e+01,2.104497e+01,2.152326e+01,2.178571e+01,2.111443e+01,2.097547e+01,2.108665e+01,2.109360e+01,2.101718e+01,2.116302e+01,2.115608e+01,2.111443e+01,2.103107e+01,2.143332e+01,2.106581e+01,2.118384e+01,2.130865e+01,2.116302e+01,2.105887e+01,2.107971e+01,2.162003e+01,2.174431e+01,2.197865e+01,2.157166e+01,2.139178e+01,2.143332e+01,2.145408e+01,2.140563e+01,2.173741e+01,2.184776e+01,2.178571e+01,2.165457e+01,2.232917e+01,2.279465e+01,2.308111e+01,2.419212e+01,2.486378e+01,2.429315e+01,2.262377e+01,2.184087e+01,2.189601e+01,2.173741e+01,2.139871e+01,2.130865e+01,2.138486e+01,2.170980e+01,2.206124e+01,2.128786e+01,2.134330e+01,2.118384e+01,2.144024e+01,2.114220e+01,2.117690e+01,2.118384e+01,2.123933e+01,2.153709e+01,2.148176e+01,2.090592e+01,2.068303e+01,2.057140e+01,2.060629e+01,2.056442e+01,2.050157e+01,2.043169e+01,2.050157e+01,2.058536e+01,2.058536e+01,2.053649e+01,2.048759e+01,2.071091e+01,2.059932e+01,2.048759e+01,2.054347e+01,2.056442e+01,2.050855e+01,2.059932e+01,2.050855e+01,2.055045e+01,2.046663e+01,2.048061e+01,2.056442e+01,2.055045e+01,2.048061e+01,2.049458e+01,2.057140e+01,2.052252e+01,2.059234e+01,2.063420e+01,2.057140e+01,2.064816e+01,2.065513e+01,2.055045e+01,2.029878e+01,2.057140e+01,2.055045e+01,2.059932e+01,2.062025e+01,2.053649e+01,2.051554e+01,2.057838e+01,2.066908e+01,2.062723e+01,2.068303e+01,2.056442e+01,2.057140e+01,2.071091e+01,2.064816e+01,2.058536e+01,2.070394e+01,2.062025e+01,2.066211e+01,2.065513e+01,2.045266e+01,2.084328e+01,2.062723e+01,2.073879e+01,2.075970e+01,2.071789e+01,2.054347e+01,2.060629e+01,2.059234e+01,2.066211e+01,2.082239e+01,2.058536e+01,2.045964e+01,2.069000e+01,2.072486e+01,2.070394e+01,2.068303e+01,2.069697e+01,2.066908e+01,2.066908e+01,2.073879e+01,2.068303e+01,2.069000e+01,2.065513e+01,2.067605e+01,2.064816e+01,2.065513e+01,2.064816e+01,2.061327e+01,2.065513e+01,2.070394e+01,2.055045e+01,2.073879e+01,2.069000e+01,2.073879e+01,2.073879e+01,2.060629e+01,2.075970e+01,2.062723e+01,2.072486e+01,2.070394e+01,2.064816e+01,2.065513e+01,2.057140e+01,2.066211e+01,2.057140e+01,2.053649e+01,2.056442e+01,2.069000e+01,2.069697e+01,2.063420e+01,2.057838e+01,2.059932e+01,2.063420e+01,2.063420e+01,2.050157e+01,2.053649e+01,2.064816e+01,2.059932e+01,2.058536e+01,2.065513e+01,2.053649e+01,2.056442e+01,2.055743e+01,2.058536e+01,2.055045e+01,2.059234e+01,2.044567e+01,2.055045e+01,2.055045e+01,2.056442e+01,2.050157e+01,2.048759e+01,2.064118e+01,2.063420e+01,2.080150e+01,2.068303e+01,2.064816e+01,2.066908e+01,2.055743e+01,2.052950e+01,2.048061e+01,2.043868e+01,2.048759e+01,2.029878e+01,2.033377e+01,2.028478e+01,2.023577e+01,2.030578e+01,2.027778e+01,2.022876e+01,2.004648e+01,2.004648e+01,1.979354e+01,1.971613e+01,1.965274e+01,1.949058e+01,1.931402e+01,1.915838e+01,1.912298e+01,1.903795e+01,1.913006e+01,1.921501e+01,1.908756e+01,1.905213e+01,1.912298e+01,1.913714e+01,1.915130e+01,1.910173e+01,1.891738e+01,1.910173e+01,1.901669e+01,1.903795e+01,1.900251e+01,1.901669e+01,1.901669e+01,1.900251e+01,1.910173e+01,1.912298e+01,1.937055e+01,1.939881e+01,1.939174e+01,1.939881e+01,1.941999e+01,1.952586e+01,1.956112e+01,1.936349e+01,1.956112e+01,1.968092e+01,1.961047e+01,1.944118e+01,1.953291e+01,1.939174e+01,1.922916e+01,1.932109e+01,1.926452e+01,1.910173e+01,1.888899e+01,1.882508e+01,1.897414e+01,1.886769e+01,1.881087e+01,1.878955e+01,1.876112e+01,1.875401e+01,1.885349e+01,1.878955e+01,1.888899e+01,1.893157e+01,1.887479e+01,1.900251e+01,1.910173e+01,1.914422e+01,1.958932e+01,2.024277e+01,2.027078e+01,2.025677e+01,2.026378e+01,2.036875e+01,2.025677e+01,2.026378e+01,2.054347e+01,2.054347e+01,2.062025e+01,2.066908e+01,2.071789e+01,2.073182e+01,2.071091e+01,2.066211e+01,2.041071e+01,2.043169e+01,2.037575e+01,2.036875e+01,2.047362e+01,2.046663e+01,2.031278e+01,2.048759e+01,2.031278e+01,2.045266e+01,2.044567e+01,2.036875e+01,2.040372e+01,2.041071e+01,2.045964e+01,2.034777e+01,2.037575e+01,2.029178e+01,2.031278e+01,2.032678e+01,2.047362e+01,2.047362e+01,2.034777e+01,2.045266e+01,2.041071e+01,2.043868e+01,2.047362e+01,2.044567e+01,2.038274e+01,2.048061e+01,2.041071e+01,2.034777e+01,2.042470e+01,2.042470e+01,2.039673e+01,2.038274e+01,2.034777e+01,2.041770e+01,2.036875e+01,2.028478e+01,2.048061e+01,2.048759e+01,2.034777e+01,2.045964e+01,2.040372e+01,2.049458e+01,2.038274e+01,2.040372e+01,2.034077e+01,2.038974e+01,2.051554e+01,2.044567e+01,2.048061e+01,2.043868e+01,2.043868e+01,2.050157e+01,2.033377e+01,2.049458e+01,2.050855e+01,2.050157e+01,2.057838e+01,2.045266e+01,2.039673e+01,2.041770e+01,2.048759e+01,2.048061e+01,2.050157e+01,2.051554e+01,2.050157e+01,2.056442e+01,2.050157e+01,2.057838e+01,2.055045e+01,2.043169e+01,2.051554e+01,2.055045e+01,2.055743e+01,2.052252e+01,2.062723e+01,2.054347e+01,2.098242e+01,2.105192e+01,2.101023e+01,2.105887e+01,2.126013e+01,2.098242e+01,2.093374e+01,2.067605e+01,2.070394e+01,2.055743e+01,2.062723e+01,2.074576e+01,2.070394e+01,2.071789e+01,2.073879e+01,2.095461e+01,2.094765e+01,2.107276e+01,2.112137e+01,2.108665e+01,2.087112e+01,2.097547e+01,2.089200e+01,2.096156e+01,2.104497e+01,2.091287e+01,2.094765e+01,2.097547e+01,2.095461e+01,2.092679e+01,2.105192e+01,2.106581e+01,2.075273e+01,2.095461e+01,2.104497e+01,2.071091e+01,2.081543e+01,2.078757e+01,2.075273e+01,2.075273e+01,2.065513e+01,2.055045e+01,2.059234e+01,2.050855e+01,2.047362e+01,2.048759e+01,2.052950e+01,2.052252e+01,2.045964e+01,2.052252e+01,2.057838e+01,2.065513e+01,2.043169e+01,2.057140e+01,2.043169e+01,2.055045e+01,2.050855e+01,2.057140e+01,2.058536e+01,2.066211e+01,2.059932e+01,2.082239e+01,2.078060e+01,2.107971e+01,2.109360e+01,2.111443e+01,2.111443e+01,2.121852e+01,2.118384e+01,2.112137e+01,2.112137e+01,2.110054e+01,2.114914e+01,2.113526e+01,2.110054e+01,2.109360e+01,2.103802e+01,2.116996e+01,2.120465e+01,2.129479e+01,2.136408e+01,2.120465e+01,2.122546e+01,2.116302e+01,2.126707e+01,2.121159e+01,2.119078e+01,2.136408e+01,2.138486e+01,2.114220e+01,2.123933e+01,2.116996e+01,2.119078e+01,2.126707e+01,2.121852e+01,2.129479e+01,2.124627e+01,2.123240e+01,2.123933e+01,2.121852e+01,2.124627e+01,2.142640e+01,2.120465e+01,2.123933e+01,2.128093e+01,2.128093e+01,2.130173e+01,2.123933e+01,2.128786e+01,2.123240e+01,2.120465e+01,2.126707e+01,2.078757e+01,2.070394e+01,2.062025e+01,2.052950e+01,2.041770e+01,2.050855e+01,2.047362e+01,2.049458e+01,2.055743e+01,2.055743e+01,2.041071e+01,2.046663e+01,2.039673e+01,2.034077e+01,2.022876e+01,2.041770e+01,2.032678e+01,2.036875e+01,2.036875e+01,2.040372e+01,2.041071e+01,2.041071e+01,2.041071e+01,2.038974e+01,2.039673e+01,2.037575e+01,2.048061e+01,2.048759e+01,2.045964e+01,2.041071e+01,2.041770e+01,2.052950e+01,2.040372e+01,2.046663e+01,2.043868e+01,2.044567e+01,2.041770e+01,2.041770e+01,2.031978e+01,2.053649e+01,2.044567e+01,2.045266e+01,2.045266e+01,2.043169e+01,2.030578e+01,2.037575e+01,2.042470e+01,2.032678e+01,2.043169e+01,2.046663e+01,2.039673e+01,2.027778e+01,2.036176e+01,2.027778e+01,2.036176e+01,2.031278e+01,2.043169e+01,2.029178e+01,2.047362e+01,2.041770e+01,2.034077e+01,2.036875e+01,2.043868e+01,2.034777e+01,2.026378e+01,2.046663e+01,2.038274e+01,2.018673e+01,2.029178e+01,2.029878e+01,2.034077e+01,2.027778e+01,2.038274e+01,2.026378e+01,2.040372e+01,2.033377e+01,2.038274e+01,2.042470e+01,2.033377e+01,2.039673e+01,2.029878e+01,2.051554e+01,2.053649e+01,2.033377e+01,2.034077e+01,2.041071e+01,2.035476e+01,2.044567e+01,2.040372e+01,2.031978e+01,2.047362e+01,2.015168e+01,2.052950e+01,2.025677e+01,2.029178e+01,2.039673e+01,2.042470e+01,2.047362e+01,2.022176e+01,2.035476e+01,2.026378e+01,2.034077e+01
2.039673e+01,2.048061e+01,2.031978e+01,2.030578e+01,2.048759e+01,2.050157e+01,2.038974e+01,2.055045e+01,2.052252e+01,2.077363e+01,2.048061e+01,2.045266e+01,2.046663e+01,2.039673e+01,2.046663e+01,2.048061e+01,2.043868e+01,2.041770e+01,2.039673e+01,2.038274e+01,2.040372e+01,2.045266e+01,2.052252e+01,2.050157e+01,2.057140e+01,2.055045e+01,2.053649e+01,2.052252e+01,2.039673e+01,2.048061e+01,2.047362e+01,2.043169e+01,2.046663e+01,2.046663e+01,2.051554e+01,2.057140e+01,2.048759e+01,2.058536e+01,2.058536e+01,2.082239e+01,2.096156e+01,2.091287e+01,2.089896e+01,2.105192e+01,2.118384e+01,2.105887e+01,2.115608e+01,2.090592e+01,2.052950e+01,2.069000e+01,2.059932e+01,2.069000e+01,2.055743e+01,2.055045e+01,2.055045e+01,2.061327e+01,2.045964e+01,2.056442e+01,2.059932e+01,2.065513e+01,2.068303e+01,2.075273e+01,2.080150e+01,2.112137e+01,2.136408e+01,2.105192e+01,2.133637e+01,2.130865e+01,2.121852e+01,2.112137e+01,2.098937e+01,2.110054e+01,2.151634e+01,2.103802e+01,2.116302e+01,2.115608e+01,2.136408e+01,2.116996e+01,2.159930e+01,2.123240e+01,2.107276e+01,2.105887e+01,2.115608e+01,2.137793e+01,2.164766e+01,2.166838e+01,2.160621e+01,2.140563e+01,2.131559e+01,2.153709e+01,2.153017e+01,2.165457e+01,2.151634e+01,2.184087e+01,2.272633e+01,2.184087e+01,2.155783e+01,2.157166e+01,2.245944e+01,2.291070e+01,2.289023e+01,2.304024e+01,2.291070e+01,2.162694e+01,2.145408e+01,2.128786e+01,2.129479e+01,2.107276e+01,2.106581e+01,2.179260e+01,2.157166e+01,2.138486e+01,2.136408e+01,2.134330e+01,2.139871e+01,2.139178e+01,2.116996e+01,2.143332e+01,2.151634e+01,2.150943e+01,2.184776e+01,2.193045e+01,2.107276e+01,2.058536e+01,2.048061e+01,2.056442e+01,2.044567e+01,2.050855e+01,2.041071e+01,2.052950e+01,2.056442e+01,2.038974e+01,2.050157e+01,2.046663e+01,2.051554e+01,2.048759e+01,2.048061e+01,2.052950e+01,2.043868e+01,2.059932e+01,2.055743e+01,2.053649e+01,2.048061e+01,2.046663e+01,2.050157e+01,2.054347e+01,2.057140e+01,2.053649e+01,2.059932e+01,2.060629e+01,2.055743e+01,2.071789e+01,2.065513e+01,2.059932e+01,2.053649e+01,2.052950e+01,2.054347e+01,2.061327e+01,2.052950e+01,2.057838e+01,2.068303e+01,2.067605e+01,2.052252e+01,2.064118e+01,2.060629e+01,2.055045e+01,2.064118e+01,2.061327e+01,2.054347e+01,2.062723e+01,2.059932e+01,2.069000e+01,2.055743e+01,2.055743e+01,2.071091e+01,2.066211e+01,2.066211e+01,2.066908e+01,2.073879e+01,2.062025e+01,2.075970e+01,2.075273e+01,2.082935e+01,2.059234e+01,2.086416e+01,2.057838e+01,2.060629e+01,2.057838e+01,2.075273e+01,2.059234e+01,2.066211e+01,2.066908e+01,2.071091e+01,2.069000e+01,2.069000e+01,2.069697e+01,2.064118e+01,2.064816e+01,2.062723e+01,2.058536e+01,2.073182e+01,2.062025e+01,2.066211e+01,2.069000e+01,2.063420e+01,2.066908e+01,2.065513e+01,2.078757e+01,2.066211e+01,2.071789e+01,2.063420e+01,2.060629e+01,2.057838e+01,2.075970e+01,2.069697e+01,2.073879e+01,2.055743e+01,2.060629e+01,2.073182e+01,2.072486e+01,2.051554e+01,2.071789e+01,2.064816e+01,2.052950e+01,2.055743e+01,2.071091e+01,2.063420e+01,2.060629e+01,2.066211e+01,2.055045e+01,2.050855e+01,2.057140e+01,2.064118e+01,2.057140e+01,2.062025e+01,2.052950e+01,2.067605e+01,2.046663e+01,2.046663e+01,2.057838e+01,2.058536e+01,2.056442e+01,2.054347e+01,2.049458e+01,2.059234e+01,2.047362e+01,2.059932e+01,2.051554e+01,2.055743e+01,2.058536e+01,2.065513e+01,2.064816e+01,2.067605e+01,2.064118e+01,2.076667e+01,2.054347e+01,2.041071e+01,2.047362e+01,2.048061e+01,2.048061e+01,2.027078e+01,2.029878e+01,2.022176e+01,2.003946e+01,1.976540e+01,1.968796e+01,1.968092e+01,1.958227e+01,1.953996e+01,1.958932e+01,1.934936e+01,1.927867e+01,1.929281e+01,1.929988e+01,1.942705e+01,1.946235e+01,1.938468e+01,1.908047e+01,1.915130e+01,1.898832e+01,1.916546e+01,1.923623e+01,1.905213e+01,1.910173e+01,1.907339e+01,1.903795e+01,1.910173e+01,1.919378e+01,1.927867e+01,1.927160e+01,1.912298e+01,1.910173e+01,1.922208e+01,1.901669e+01,1.915130e+01,1.917254e+01,1.915838e+01,1.932815e+01,1.936349e+01,1.946941e+01,1.941293e+01,1.953996e+01,1.943411e+01,1.970205e+01,1.956817e+01,1.964570e+01,1.968092e+01,1.963161e+01,1.955407e+01,1.934229e+01,1.938468e+01,1.922208e+01,1.939174e+01,1.912298e+01,1.905213e+01,1.887479e+01,1.883928e+01,1.882508e+01,1.878245e+01,1.886769e+01,1.876823e+01,1.883928e+01,1.873980e+01,1.884638e+01,1.885349e+01,1.899541e+01,1.893867e+01,1.906630e+01,1.903087e+01,1.939174e+01,1.988495e+01,2.027078e+01,2.026378e+01,2.027778e+01,2.036176e+01,2.032678e+01,2.036875e+01,2.075273e+01,2.079453e+01,2.066908e+01,2.078060e+01,2.074576e+01,2.073182e+01,2.078060e+01,2.077363e+01,2.078757e+01,2.043868e+01,2.033377e+01,2.038274e+01,2.038274e+01,2.045266e+01,2.040372e+01,2.031978e+01,2.037575e+01,2.039673e+01,2.036875e+01,2.037575e+01,2.036176e+01,2.029178e+01,2.038274e+01,2.035476e+01,2.036875e+01,2.050157e+01,2.045266e+01,2.038974e+01,2.038974e+01,2.029878e+01,2.026378e+01,2.040372e+01,2.045266e+01,2.039673e+01,2.045266e+01,2.038974e+01,2.041071e+01,2.045964e+01,2.046663e+01,2.051554e+01,2.044567e+01,2.050157e+01,2.052252e+01,2.036176e+01,2.036875e+01,2.036176e+01,2.036176e+01,2.052950e+01,2.046663e+01,2.046663e+01,2.049458e+01,2.034777e+01,2.057838e+01,2.048061e+01,2.036176e+01,2.043868e+01,2.031978e+01,2.034777e+01,2.049458e+01,2.041071e+01,2.052252e+01,2.043868e+01,2.050157e+01,2.038274e+01,2.043169e+01,2.044567e+01,2.047362e+01,2.056442e+01,2.041770e+01,2.039673e+01,2.039673e+01,2.043868e+01,2.041071e+01,2.045266e+01,2.046663e+01,2.050157e+01,2.048061e+01,2.052950e+01,2.052252e+01,2.050855e+01,2.042470e+01,2.044567e+01,2.046663e+01,2.050157e+01,2.050157e+01,2.052950e+01,2.054347e+01,2.052950e+01,2.052252e+01,2.074576e+01,2.072486e+01,2.069000e+01,2.050157e+01,2.056442e+01,2.048061e+01,2.076667e+01,2.038274e+01,2.041770e+01,2.044567e+01,2.052252e+01,2.050157e+01,2.048061e+01,2.045964e+01,2.056442e+01,2.047362e+01,2.060629e+01,2.052252e+01,2.054347e+01,2.057838e+01,2.052252e+01,2.058536e+01,2.064118e+01,2.074576e+01,2.063420e+01,2.051554e+01,2.053649e+01,2.050157e+01,2.050855e+01,2.052950e+01,2.061327e+01,2.064816e+01,2.069697e+01,2.069000e+01,2.055743e+01,2.066908e+01,2.057140e+01,2.055045e+01,2.053649e+01,2.071789e+01,2.045266e+01,2.048061e+01,2.057140e+01,2.048759e+01,2.046663e+01,2.044567e+01,2.048061e+01,2.045964e+01,2.054347e+01,2.046663e+01,2.051554e+01,2.059234e+01,2.042470e+01,2.056442e+01,2.054347e+01,2.049458e+01,2.052950e+01,2.049458e+01,2.055045e+01,2.055743e+01,2.052252e+01,2.053649e+01,2.063420e+01,2.088504e+01,2.092679e+01,2.099632e+01,2.112137e+01,2.110054e+01,2.114220e+01,2.100327e+01,2.101023e+01,2.101718e+01,2.087112e+01,2.094070e+01,2.081543e+01,2.083632e+01,2.080846e+01,2.109360e+01,2.110748e+01,2.105192e+01,2.094070e+01,2.106581e+01,2.119771e+01,2.126013e+01,2.121852e+01,2.115608e+01,2.116996e+01,2.114220e+01,2.124627e+01,2.139178e+01,2.128093e+01,2.123240e+01,2.120465e+01,2.126013e+01,2.126707e+01,2.117690e+01,2.124627e+01,2.121852e+01,2.132252e+01,2.125320e+01,2.132252e+01,2.125320e+01,2.125320e+01,2.125320e+01,2.126707e+01,2.127400e+01,2.125320e+01,2.137101e+01,2.119078e+01,2.124627e+01,2.126707e+01,2.120465e+01,2.086416e+01,2.079453e+01,2.049458e+01,2.064816e+01,2.052950e+01,2.034077e+01,2.049458e+01,2.045964e+01,2.054347e+01,2.036176e+01,2.053649e+01,2.045266e+01,2.033377e+01,2.044567e+01,2.046663e+01,2.043169e+01,2.039673e+01,2.038274e+01,2.042470e+01,2.045266e+01,2.059932e+01,2.038274e+01,2.043868e+01,2.042470e+01,2.045964e+01,2.047362e+01,2.038274e+01,2.043868e+01,2.055743e+01,2.038274e+01,2.041770e+01,2.040372e+01,2.048061e+01,2.053649e+01,2.036875e+01,2.055045e+01,2.036176e+01,2.030578e+01,2.038274e+01,2.042470e+01,2.041071e+01,2.044567e+01,2.045964e+01,2.045266e+01,2.054347e+01,2.043169e+01,2.071091e+01,2.036875e+01,2.042470e+01,2.041770e+01,2.044567e+01,2.033377e+01,2.038974e+01,2.037575e+01,2.038974e+01,2.042470e+01,2.048061e+01,2.036176e+01,2.050855e+01,2.044567e+01,2.044567e+01,2.031978e+01,2.032678e+01,2.046663e+01,2.036875e+01,2.045964e+01,2.045266e+01,2.041071e+01,2.041770e+01,2.038274e+01,2.034777e+01,2.035476e+01,2.039673e+01,2.047362e+01,2.031978e+01,2.037575e+01,2.036176e+01,2.036875e+01,2.047362e+01,2.041770e+01,2.030578e+01,2.050157e+01,2.033377e+01,2.033377e+01,2.032678e+01,2.039673e+01,2.047362e+01,2.024977e+01,2.032678e+01,2.042470e+01,2.043169e+01,2.043169e+01,2.057140e+01,2.033377e+01,2.038974e+01,2.043169e+01,2.050855e+01,2.045266e+01,2.030578e+01,2.036875e+01,2.045266e+01,2.041770e+01
2.045964e+01,2.040372e+01,2.031278e+01,2.048759e+01,2.039673e+01,2.038974e+01,2.030578e+01,2.052950e+01,2.055743e+01,2.052950e+01,2.055045e+01,2.053649e+01,2.054347e+01,2.040372e+01,2.055045e+01,2.043868e+01,2.043868e+01,2.043169e+01,2.042470e+01,2.046663e+01,2.042470e+01,2.060629e+01,2.043868e+01,2.048061e+01,2.043868e+01,2.050855e+01,2.054347e+01,2.060629e+01,2.034077e+01,2.032678e+01,2.038274e+01,2.051554e+01,2.055045e+01,2.058536e+01,2.057838e+01,2.055743e+01,2.080846e+01,2.084328e+01,2.110748e+01,2.108665e+01,2.110054e+01,2.116302e+01,2.109360e+01,2.122546e+01,2.129479e+01,2.108665e+01,2.126707e+01,2.088504e+01,2.078060e+01,2.066211e+01,2.071789e+01,2.081543e+01,2.076667e+01,2.071789e+01,2.056442e+01,2.065513e+01,2.062025e+01,2.062723e+01,2.070394e+01,2.082935e+01,2.071091e+01,2.090592e+01,2.132252e+01,2.149559e+01,2.154400e+01,2.186844e+01,2.157166e+01,2.109360e+01,2.112831e+01,2.113526e+01,2.112831e+01,2.110748e+01,2.108665e+01,2.107971e+01,2.111443e+01,2.107971e+01,2.111443e+01,2.122546e+01,2.113526e+01,2.118384e+01,2.107276e+01,2.107971e+01,2.135715e+01,2.119771e+01,2.135715e+01,2.149559e+01,2.170290e+01,2.159930e+01,2.163385e+01,2.159239e+01,2.160621e+01,2.151634e+01,2.203372e+01,2.274684e+01,2.226053e+01,2.189601e+01,2.161312e+01,2.168909e+01,2.163385e+01,2.171671e+01,2.162003e+01,2.131559e+01,2.135715e+01,2.123933e+01,2.125320e+01,2.106581e+01,2.107971e+01,2.128786e+01,2.128786e+01,2.130173e+01,2.150943e+01,2.131559e+01,2.139871e+01,2.137101e+01,2.137793e+01,2.171671e+01,2.145408e+01,2.134330e+01,2.156474e+01,2.201307e+01,2.199242e+01,2.175811e+01,2.144024e+01,2.076667e+01,2.043169e+01,2.048061e+01,2.052252e+01,2.040372e+01,2.043868e+01,2.048759e+01,2.043868e+01,2.055045e+01,2.060629e+01,2.050855e+01,2.051554e+01,2.046663e+01,2.050855e+01,2.047362e+01,2.045964e+01,2.050855e+01,2.055045e+01,2.046663e+01,2.059932e+01,2.048759e+01,2.057838e+01,2.059234e+01,2.048061e+01,2.048061e+01,2.058536e+01,2.064118e+01,2.064118e+01,2.063420e+01,2.053649e+01,2.059932e+01,2.064816e+01,2.059234e+01,2.065513e+01,2.046663e+01,2.053649e+01,2.060629e+01,2.057838e+01,2.061327e+01,2.067605e+01,2.061327e+01,2.058536e+01,2.054347e+01,2.062025e+01,2.059234e+01,2.064118e+01,2.057838e+01,2.071091e+01,2.059932e+01,2.055045e+01,2.060629e+01,2.054347e+01,2.066211e+01,2.075970e+01,2.073182e+01,2.059234e+01,2.064816e+01,2.070394e+01,2.059234e+01,2.037575e+01,2.061327e+01,2.062025e+01,2.059234e+01,2.086416e+01,2.060629e+01,2.054347e+01,2.055743e+01,2.062025e+01,2.069697e+01,2.069000e+01,2.066211e+01,2.066908e+01,2.059932e+01,2.064816e+01,2.064816e+01,2.069697e+01,2.072486e+01,2.070394e+01,2.052950e+01,2.051554e+01,2.062723e+01,2.065513e+01,2.045964e+01,2.064118e+01,2.057140e+01,2.069000e+01,2.055743e+01,2.071789e+01,2.059234e+01,2.071091e+01,2.068303e+01,2.075970e+01,2.062723e+01,2.049458e+01,2.062723e+01,2.062723e+01,2.062025e+01,2.062025e+01,2.070394e+01,2.055045e+01,2.073182e+01,2.066908e+01,2.064816e+01,2.057140e+01,2.059234e+01,2.063420e+01,2.050157e+01,2.057140e+01,2.055045e+01,2.055743e+01,2.050157e+01,2.052252e+01,2.052252e+01,2.047362e+01,2.057838e+01,2.051554e+01,2.062025e+01,2.057838e+01,2.059234e+01,2.062723e+01,2.064118e+01,2.055045e+01,2.052950e+01,2.050855e+01,2.056442e+01,2.064816e+01,2.062723e+01,2.062025e+01,2.063420e+01,2.079453e+01,2.077363e+01,2.067605e+01,2.041770e+01,2.048759e+01,2.031978e+01,2.028478e+01,2.013766e+01,2.013065e+01,2.006051e+01,1.963161e+01,1.963865e+01,1.958932e+01,1.939881e+01,1.929988e+01,1.923623e+01,1.922916e+01,1.929281e+01,1.920085e+01,1.912298e+01,1.914422e+01,1.911590e+01,1.914422e+01,1.917962e+01,1.918670e+01,1.913714e+01,1.929281e+01,1.908047e+01,1.913006e+01,1.914422e+01,1.920085e+01,1.910173e+01,1.915130e+01,1.915838e+01,1.924331e+01,1.928574e+01,1.928574e+01,1.926452e+01,1.917962e+01,1.921501e+01,1.918670e+01,1.918670e+01,1.918670e+01,1.923623e+01,1.905922e+01,1.925745e+01,1.925038e+01,1.945529e+01,1.948352e+01,1.953291e+01,1.951880e+01,1.953996e+01,1.965979e+01,1.974428e+01,1.967388e+01,1.965274e+01,1.951880e+01,1.925038e+01,1.951880e+01,1.915838e+01,1.914422e+01,1.913714e+01,1.904504e+01,1.895286e+01,1.898123e+01,1.894576e+01,1.889609e+01,1.882508e+01,1.874691e+01,1.888899e+01,1.878245e+01,1.892448e+01,1.895286e+01,1.898123e+01,1.887479e+01,1.898123e+01,1.905922e+01,1.927867e+01,1.988495e+01,2.027778e+01,2.023577e+01,2.029178e+01,2.031278e+01,2.036176e+01,2.034777e+01,2.057140e+01,2.073182e+01,2.091287e+01,2.055743e+01,2.071091e+01,2.077363e+01,2.091983e+01,2.077363e+01,2.090592e+01,2.064816e+01,2.047362e+01,2.036875e+01,2.043868e+01,2.043868e+01,2.044567e+01,2.032678e+01,2.034077e+01,2.034077e+01,2.037575e+01,2.040372e+01,2.034777e+01,2.037575e+01,2.043868e+01,2.044567e+01,2.036176e+01,2.040372e+01,2.042470e+01,2.051554e+01,2.027778e+01,2.036176e+01,2.042470e+01,2.041770e+01,2.038274e+01,2.037575e+01,2.044567e+01,2.034777e+01,2.029878e+01,2.041770e+01,2.050157e+01,2.041770e+01,2.045964e+01,2.040372e+01,2.039673e+01,2.035476e+01,2.044567e+01,2.049458e+01,2.039673e+01,2.037575e+01,2.040372e+01,2.047362e+01,2.032678e+01,2.035476e+01,2.038274e+01,2.036875e+01,2.033377e+01,2.041071e+01,2.045266e+01,2.035476e+01,2.048061e+01,2.038274e+01,2.052252e+01,2.046663e+01,2.053649e+01,2.050855e+01,2.041770e+01,2.050157e+01,2.058536e+01,2.054347e+01,2.043169e+01,2.041770e+01,2.043868e+01,2.046663e+01,2.052950e+01,2.044567e+01,2.043169e+01,2.041770e+01,2.049458e+01,2.049458e+01,2.034077e+01,2.046663e+01,2.049458e+01,2.047362e+01,2.041071e+01,2.027778e+01,2.045964e+01,2.049458e+01,2.049458e+01,2.052950e+01,2.053649e+01,2.061327e+01,2.059932e+01,2.061327e+01,2.044567e+01,2.053649e+01,2.051554e+01,2.046663e+01,2.043169e+01,2.031978e+01,2.049458e+01,2.054347e+01,2.052950e+01,2.035476e+01,2.053649e+01,2.044567e+01,2.045266e+01,2.048061e+01,2.043868e+01,2.036875e+01,2.057140e+01,2.038974e+01,2.055045e+01,2.044567e+01,2.056442e+01,2.049458e+01,2.046663e+01,2.049458e+01,2.052950e+01,2.049458e+01,2.071789e+01,2.048061e+01,2.065513e+01,2.058536e+01,2.046663e+01,2.047362e+01,2.057838e+01,2.040372e+01,2.048061e+01,2.050157e+01,2.050157e+01,2.071091e+01,2.047362e+01,2.047362e+01,2.050855e+01,2.051554e+01,2.049458e+01,2.048061e+01,2.043868e+01,2.052252e+01,2.056442e+01,2.036875e+01,2.050157e+01,2.048759e+01,2.051554e+01,2.046663e+01,2.046663e+01,2.043169e+01,2.047362e+01,2.055045e+01,2.031278e+01,2.059234e+01,2.055743e+01,2.050855e+01,2.052950e+01,2.055743e+01,2.046663e+01,2.050157e+01,2.066908e+01,2.058536e+01,2.062025e+01,2.056442e+01,2.054347e+01,2.055743e+01,2.056442e+01,2.048759e+01,2.059234e+01,2.071789e+01,2.096852e+01,2.111443e+01,2.088504e+01,2.088504e+01,2.101718e+01,2.115608e+01,2.118384e+01,2.113526e+01,2.114220e+01,2.106581e+01,2.116302e+01,2.106581e+01,2.102413e+01,2.121852e+01,2.110748e+01,2.121852e+01,2.122546e+01,2.114220e+01,2.113526e+01,2.126013e+01,2.110748e+01,2.126707e+01,2.116996e+01,2.132252e+01,2.126013e+01,2.123933e+01,2.123240e+01,2.124627e+01,2.115608e+01,2.114220e+01,2.116302e+01,2.119771e+01,2.110748e+01,2.119078e+01,2.116302e+01,2.105192e+01,2.069000e+01,2.063420e+01,2.057838e+01,2.055743e+01,2.048759e+01,2.048759e+01,2.047362e+01,2.052950e+01,2.053649e+01,2.051554e+01,2.034777e+01,2.047362e+01,2.047362e+01,2.040372e+01,2.042470e+01,2.041071e+01,2.041071e+01,2.045964e+01,2.041071e+01,2.039673e+01,2.052252e+01,2.041770e+01,2.038974e+01,2.050157e+01,2.035476e+01,2.033377e+01,2.037575e+01,2.041071e+01,2.043868e+01,2.043868e+01,2.029178e+01,2.031978e+01,2.067605e+01,2.043868e+01,2.045266e+01,2.040372e+01,2.042470e+01,2.051554e+01,2.036875e+01,2.043868e+01,2.029878e+01,2.049458e+01,2.045964e+01,2.058536e+01,2.040372e+01,2.043169e+01,2.038974e+01,2.041071e+01,2.039673e+01,2.043169e+01,2.040372e+01,2.039673e+01,2.030578e+01,2.059234e+01,2.043169e+01,2.029178e+01,2.024977e+01,2.043868e+01,2.037575e+01,2.032678e+01,2.053649e+01,2.034777e+01,2.027778e+01,2.036176e+01,2.044567e+01,2.041770e+01,2.022176e+01,2.040372e+01,2.041770e+01,2.041071e+01,2.043169e+01,2.045964e+01,2.039673e+01,2.043169e+01,2.041770e+01,2.027078e+01,2.041071e+01,2.036176e+01,2.036176e+01,2.038274e+01,2.054347e+01,2.042470e+01,2.043868e+01,2.036875e+01,2.031278e+01,2.047362e+01,2.043169e+01,2.045266e+01,2.043868e+01,2.041071e+01,2.043868e+01,2.042470e+01,2.040372e+01,2.031978e+01,2.044567e+01,2.044567e+01,2.063420e+01,2.039673e+01,2.034777e+01,2.020774e+01,2.034077e+01
2.036875e+01,2.034777e+01,2.050157e+01,2.029878e+01,2.037575e+01,2.031278e+01,2.043169e+01,2.043169e+01,2.036176e+01,2.029178e+01,2.039673e+01,2.042470e+01,2.053649e+01,2.048759e+01,2.039673e+01,2.044567e+01,2.042470e+01,2.037575e+01,2.048061e+01,2.047362e+01,2.039673e+01,2.048759e+01,2.043868e+01,2.043868e+01,2.013065e+01,2.051554e+01,2.041071e+01,2.053649e+01,2.044567e+01,2.039673e+01,2.053649e+01,2.062025e+01,2.057140e+01,2.047362e+01,2.059234e+01,2.086416e+01,2.087112e+01,2.107971e+01,2.138486e+01,2.136408e+01,2.124627e+01,2.129479e+01,2.129479e+01,2.125320e+01,2.150251e+01,2.119771e+01,2.130173e+01,2.114220e+01,2.101023e+01,2.104497e+01,2.128093e+01,2.123933e+01,2.108665e+01,2.078757e+01,2.054347e+01,2.070394e+01,2.074576e+01,2.067605e+01,2.074576e+01,2.074576e+01,2.082935e+01,2.103107e+01,2.130173e+01,2.146792e+01,2.146792e+01,2.195800e+01,2.144024e+01,2.141948e+01,2.161312e+01,2.184087e+01,2.139871e+01,2.120465e+01,2.107971e+01,2.114220e+01,2.107971e+01,2.102413e+01,2.114220e+01,2.113526e+01,2.094765e+01,2.098937e+01,2.124627e+01,2.137101e+01,2.146100e+01,2.136408e+01,2.166838e+01,2.185466e+01,2.197865e+01,2.224680e+01,2.223993e+01,2.157166e+01,2.157857e+01,2.177191e+01,2.245944e+01,2.188223e+01,2.177881e+01,2.159239e+01,2.153709e+01,2.190979e+01,2.164766e+01,2.153709e+01,2.141948e+01,2.126013e+01,2.116996e+01,2.130173e+01,2.125320e+01,2.119771e+01,2.110748e+01,2.128093e+01,2.115608e+01,2.130865e+01,2.110748e+01,2.120465e+01,2.132252e+01,2.197177e+01,2.170290e+01,2.137101e+01,2.140563e+01,2.130173e+01,2.153709e+01,2.175811e+01,2.201995e+01,2.175811e+01,2.195800e+01,2.076667e+01,2.055743e+01,2.048759e+01,2.047362e+01,2.057140e+01,2.044567e+01,2.046663e+01,2.036875e+01,2.048759e+01,2.058536e+01,2.052252e+01,2.054347e+01,2.048061e+01,2.057140e+01,2.043169e+01,2.062723e+01,2.054347e+01,2.053649e+01,2.036875e+01,2.051554e+01,2.046663e+01,2.057838e+01,2.048061e+01,2.050157e+01,2.055045e+01,2.057140e+01,2.049458e+01,2.060629e+01,2.053649e+01,2.067605e+01,2.052950e+01,2.052252e+01,2.062723e+01,2.055045e+01,2.065513e+01,2.049458e+01,2.052252e+01,2.054347e+01,2.054347e+01,2.062025e+01,2.066211e+01,2.063420e+01,2.060629e+01,2.061327e+01,2.082239e+01,2.051554e+01,2.055045e+01,2.050855e+01,2.056442e+01,2.058536e+01,2.055045e+01,2.059932e+01,2.062025e+01,2.064118e+01,2.066908e+01,2.059234e+01,2.062025e+01,2.057838e+01,2.057838e+01,2.043169e+01,2.058536e+01,2.069697e+01,2.062025e+01,2.058536e+01,2.058536e+01,2.057140e+01,2.059932e+01,2.051554e+01,2.069000e+01,2.062723e+01,2.069000e+01,2.064118e+01,2.060629e+01,2.061327e+01,2.053649e+01,2.053649e+01,2.056442e+01,2.056442e+01,2.073879e+01,2.052252e+01,2.062723e+01,2.067605e+01,2.064118e+01,2.067605e+01,2.052252e+01,2.056442e+01,2.070394e+01,2.069000e+01,2.066908e+01,2.062025e+01,2.062723e+01,2.059234e+01,2.062723e+01,2.071091e+01,2.050855e+01,2.047362e+01,2.055045e+01,2.062025e+01,2.067605e+01,2.070394e+01,2.049458e+01,2.050855e+01,2.059932e+01,2.061327e+01,2.059932e+01,2.062723e+01,2.065513e+01,2.053649e+01,2.052252e+01,2.050855e+01,2.052950e+01,2.058536e+01,2.048759e+01,2.048759e+01,2.041770e+01,2.057838e+01,2.050855e+01,2.062723e+01,2.061327e+01,2.058536e+01,2.048759e+01,2.060629e+01,2.053649e+01,2.032678e+01,2.062025e+01,2.052252e+01,2.054347e+01,2.059234e+01,2.062723e+01,2.071789e+01,2.067605e+01,2.070394e+01,2.059234e+01,2.055743e+01,2.026378e+01,2.024277e+01,1.992009e+01,1.964570e+01,1.967388e+01,1.944118e+01,1.955407e+01,1.943411e+01,1.937762e+01,1.946941e+01,1.924331e+01,1.923623e+01,1.923623e+01,1.927160e+01,1.916546e+01,1.910881e+01,1.913714e+01,1.919378e+01,1.910173e+01,1.911590e+01,1.914422e+01,1.926452e+01,1.900251e+01,1.910881e+01,1.898123e+01,1.906630e+01,1.911590e+01,1.908756e+01,1.916546e+01,1.908047e+01,1.923623e+01,1.924331e+01,1.921501e+01,1.918670e+01,1.920085e+01,1.913006e+01,1.913006e+01,1.917254e+01,1.932109e+01,1.925038e+01,1.931402e+01,1.930695e+01,1.941293e+01,1.956817e+01,1.958932e+01,1.952586e+01,1.960342e+01,1.957522e+01,1.963865e+01,1.969500e+01,1.965274e+01,1.954701e+01,1.958932e+01,1.951880e+01,1.920793e+01,1.912298e+01,1.896704e+01,1.899541e+01,1.901669e+01,1.888189e+01,1.878955e+01,1.876112e+01,1.885349e+01,1.878245e+01,1.874691e+01,1.876112e+01,1.886059e+01,1.895995e+01,1.896704e+01,1.903795e+01,1.896704e+01,1.913006e+01,1.938468e+01,1.985683e+01,2.027778e+01,2.032678e+01,2.022876e+01,2.033377e+01,2.045964e+01,2.059932e+01,2.058536e+01,2.070394e+01,2.084328e+01,2.086416e+01,2.076667e+01,2.078757e+01,2.085024e+01,2.079453e+01,2.082239e+01,2.082239e+01,2.058536e+01,2.036875e+01,2.038974e+01,2.043169e+01,2.040372e+01,2.037575e+01,2.029878e+01,2.033377e+01,2.035476e+01,2.040372e+01,2.033377e+01,2.039673e+01,2.041071e+01,2.028478e+01,2.028478e+01,2.028478e+01,2.028478e+01,2.033377e+01,2.034777e+01,2.037575e+01,2.038274e+01,2.034777e+01,2.036875e+01,2.038974e+01,2.034077e+01,2.038274e+01,2.036875e+01,2.041071e+01,2.041071e+01,2.042470e+01,2.042470e+01,2.036875e+01,2.034777e+01,2.034777e+01,2.048061e+01,2.036176e+01,2.038274e+01,2.041071e+01,2.043169e+01,2.044567e+01,2.051554e+01,2.027078e+01,2.060629e+01,2.042470e+01,2.030578e+01,2.036176e+01,2.045964e+01,2.031978e+01,2.042470e+01,2.040372e+01,2.041071e+01,2.052252e+01,2.041770e+01,2.035476e+01,2.031978e+01,2.047362e+01,2.038974e+01,2.055045e+01,2.053649e+01,2.055743e+01,2.040372e+01,2.039673e+01,2.040372e+01,2.041770e+01,2.038974e+01,2.047362e+01,2.036875e+01,2.050157e+01,2.050157e+01,2.034777e+01,2.050157e+01,2.052950e+01,2.041770e+01,2.039673e+01,2.048759e+01,2.051554e+01,2.055045e+01,2.054347e+01,2.041071e+01,2.045964e+01,2.042470e+01,2.042470e+01,2.059234e+01,2.053649e+01,2.059932e+01,2.046663e+01,2.035476e+01,2.048061e+01,2.044567e+01,2.037575e+01,2.055743e+01,2.055045e+01,2.046663e+01,2.044567e+01,2.045266e+01,2.040372e+01,2.046663e+01,2.038974e+01,2.042470e+01,2.055743e+01,2.057140e+01,2.081543e+01,2.059234e+01,2.061327e+01,2.054347e+01,2.048061e+01,2.050157e+01,2.055743e+01,2.057140e+01,2.043868e+01,2.061327e+01,2.046663e+01,2.045266e+01,2.046663e+01,2.043868e+01,2.043868e+01,2.039673e+01,2.044567e+01,2.043868e+01,2.059234e+01,2.044567e+01,2.060629e+01,2.045266e+01,2.045266e+01,2.048759e+01,2.055743e+01,2.048061e+01,2.044567e+01,2.045266e+01,2.043169e+01,2.052950e+01,2.041770e+01,2.045266e+01,2.048759e+01,2.040372e+01,2.054347e+01,2.058536e+01,2.059234e+01,2.045266e+01,2.043868e+01,2.046663e+01,2.052252e+01,2.045266e+01,2.066908e+01,2.050855e+01,2.047362e+01,2.055045e+01,2.053649e+01,2.075970e+01,2.060629e+01,2.046663e+01,2.054347e+01,2.045964e+01,2.037575e+01,2.043868e+01,2.063420e+01,2.069000e+01,2.069697e+01,2.052252e+01,2.073182e+01,2.063420e+01,2.085720e+01,2.069000e+01,2.069000e+01,2.062723e+01,2.080846e+01,2.065513e+01,2.104497e+01,2.088504e+01,2.091287e+01,2.100327e+01,2.089896e+01,2.113526e+01,2.114220e+01,2.107971e+01,2.115608e+01,2.109360e+01,2.121159e+01,2.119771e+01,2.126707e+01,2.114220e+01,2.120465e+01,2.121852e+01,2.129479e+01,2.114220e+01,2.122546e+01,2.109360e+01,2.105192e+01,2.110054e+01,2.103107e+01,2.123240e+01,2.114220e+01,2.063420e+01,2.059932e+01,2.061327e+01,2.065513e+01,2.048061e+01,2.042470e+01,2.059234e+01,2.052252e+01,2.059234e+01,2.052252e+01,2.049458e+01,2.045266e+01,2.045266e+01,2.041071e+01,2.036176e+01,2.046663e+01,2.043169e+01,2.039673e+01,2.039673e+01,2.048061e+01,2.040372e+01,2.052252e+01,2.038974e+01,2.039673e+01,2.045964e+01,2.047362e+01,2.047362e+01,2.039673e+01,2.040372e+01,2.051554e+01,2.031278e+01,2.043868e+01,2.039673e+01,2.045266e+01,2.040372e+01,2.043169e+01,2.043868e+01,2.045266e+01,2.038274e+01,2.038974e+01,2.044567e+01,2.044567e+01,2.036176e+01,2.042470e+01,2.046663e+01,2.042470e+01,2.045964e+01,2.036176e+01,2.042470e+01,2.034077e+01,2.038974e+01,2.022176e+01,2.031278e+01,2.021475e+01,2.039673e+01,2.028478e+01,2.045266e+01,2.041071e+01,2.037575e+01,2.031978e+01,2.033377e+01,2.048061e+01,2.031978e+01,2.036176e+01,2.032678e+01,2.026378e+01,2.038974e+01,2.034077e+01,2.041071e+01,2.038974e+01,2.041071e+01,2.039673e+01,2.041770e+01,2.042470e+01,2.030578e+01,2.038974e+01,2.037575e+01,2.033377e+01,2.043169e+01,2.041770e+01,2.039673e+01,2.037575e+01,2.037575e+01,2.034777e+01,2.034777e+01,2.034077e+01,2.029178e+01,2.039673e+01,2.050157e+01,2.038974e+01,2.029178e+01,2.057838e+01,2.039673e+01,2.034077e+01,2.031978e+01,2.034777e+01,2.033377e+01,2.029178e+01,2.027778e+01,2.035476e+01,2.024277e+01
2.048061e+01,2.036176e+01,2.046663e+01,2.037575e+01,2.049458e+01,2.027778e+01,2.050157e+01,2.040372e+01,2.039673e+01,2.045964e+01,2.029878e+01,2.038974e+01,2.038274e+01,2.049458e+01,2.052252e+01,2.053649e+01,2.042470e+01,2.041071e+01,2.024977e+01,2.049458e+01,2.041071e+01,2.048759e+01,2.047362e+01,2.046663e+01,2.041071e+01,2.054347e+01,2.044567e+01,2.021475e+01,2.052252e+01,2.046663e+01,2.046663e+01,2.041071e+01,2.056442e+01,2.062723e+01,2.065513e+01,2.085024e+01,2.135023e+01,2.130865e+01,2.166147e+01,2.146100e+01,2.127400e+01,2.128093e+01,2.142640e+01,2.110748e+01,2.127400e+01,2.119771e+01,2.149559e+01,2.144024e+01,2.139871e+01,2.148176e+01,2.126707e+01,2.110748e+01,2.102413e+01,2.052252e+01,2.072486e+01,2.070394e+01,2.073879e+01,2.064816e+01,2.096156e+01,2.120465e+01,2.125320e+01,2.128786e+01,2.141948e+01,2.151634e+01,2.170980e+01,2.195800e+01,2.151634e+01,2.117690e+01,2.139871e+01,2.143332e+01,2.112831e+01,2.109360e+01,2.119078e+01,2.108665e+01,2.110054e+01,2.119078e+01,2.113526e+01,2.118384e+01,2.120465e+01,2.123240e+01,2.136408e+01,2.153709e+01,2.173051e+01,2.167528e+01,2.179950e+01,2.168909e+01,2.166838e+01,2.213688e+01,2.218498e+01,2.150251e+01,2.150251e+01,2.181329e+01,2.186155e+01,2.137793e+01,2.149559e+01,2.164766e+01,2.150251e+01,2.185466e+01,2.190290e+01,2.213000e+01,2.164766e+01,2.140563e+01,2.130173e+01,2.124627e+01,2.171671e+01,2.118384e+01,2.125320e+01,2.113526e+01,2.134330e+01,2.113526e+01,2.136408e+01,2.126013e+01,2.164075e+01,2.158548e+01,2.116302e+01,2.113526e+01,2.127400e+01,2.140563e+01,2.145408e+01,2.153017e+01,2.176501e+01,2.156474e+01,2.128093e+01,2.054347e+01,2.048759e+01,2.046663e+01,2.046663e+01,2.053649e+01,2.045964e+01,2.050157e+01,2.052950e+01,2.051554e+01,2.062723e+01,2.053649e+01,2.044567e+01,2.045266e+01,2.049458e+01,2.043169e+01,2.043169e+01,2.052950e+01,2.054347e+01,2.052252e+01,2.056442e+01,2.043169e+01,2.046663e+01,2.049458e+01,2.051554e+01,2.047362e+01,2.056442e+01,2.052252e+01,2.055045e+01,2.052252e+01,2.053649e+01,2.048759e+01,2.068303e+01,2.069000e+01,2.062025e+01,2.048061e+01,2.064118e+01,2.059932e+01,2.048061e+01,2.057838e+01,2.049458e+01,2.056442e+01,2.063420e+01,2.060629e+01,2.058536e+01,2.055045e+01,2.053649e+01,2.064816e+01,2.073182e+01,2.062025e+01,2.059932e+01,2.055743e+01,2.057140e+01,2.071091e+01,2.064118e+01,2.061327e+01,2.052950e+01,2.054347e+01,2.060629e+01,2.059234e+01,2.062025e+01,2.064816e+01,2.059932e+01,2.055045e+01,2.063420e+01,2.062025e+01,2.059932e+01,2.054347e+01,2.057140e+01,2.055045e+01,2.064816e+01,2.062025e+01,2.067605e+01,2.065513e+01,2.060629e+01,2.050855e+01,2.069000e+01,2.064118e+01,2.053649e+01,2.067605e+01,2.049458e+01,2.063420e+01,2.065513e+01,2.061327e+01,2.057838e+01,2.058536e+01,2.048061e+01,2.056442e+01,2.055743e+01,2.064118e+01,2.062723e+01,2.055743e+01,2.055045e+01,2.058536e+01,2.055743e+01,2.072486e+01,2.052252e+01,2.066908e+01,2.066211e+01,2.045964e+01,2.046663e+01,2.052950e+01,2.055743e+01,2.047362e+01,2.052252e+01,2.059932e+01,2.060629e+01,2.050855e+01,2.050855e+01,2.054347e+01,2.050157e+01,2.052252e+01,2.050157e+01,2.052950e+01,2.048061e+01,2.048759e+01,2.055045e+01,2.052252e+01,2.040372e+01,2.059234e+01,2.042470e+01,2.059932e+01,2.058536e+01,2.050157e+01,2.045964e+01,2.057838e+01,2.056442e+01,2.052950e+01,2.055045e+01,2.064816e+01,2.066211e+01,2.078757e+01,2.065513e+01,2.050855e+01,2.052950e+01,2.029178e+01,2.018673e+01,1.977947e+01,1.963865e+01,1.959637e+01,1.944118e+01,1.944118e+01,1.948352e+01,1.941293e+01,1.925038e+01,1.921501e+01,1.928574e+01,1.910173e+01,1.915130e+01,1.911590e+01,1.916546e+01,1.913714e+01,1.915130e+01,1.910173e+01,1.915130e+01,1.917962e+01,1.922916e+01,1.921501e+01,1.922916e+01,1.912298e+01,1.909464e+01,1.910881e+01,1.913714e+01,1.913714e+01,1.920793e+01,1.922916e+01,1.922208e+01,1.930695e+01,1.922916e+01,1.922208e+01,1.927160e+01,1.927867e+01,1.957522e+01,1.920793e+01,1.931402e+01,1.931402e+01,1.934229e+01,1.950469e+01,1.949058e+01,1.952586e+01,1.957522e+01,1.957522e+01,1.961751e+01,1.965274e+01,1.968092e+01,1.964570e+01,1.963865e+01,1.944823e+01,1.949764e+01,1.908756e+01,1.913006e+01,1.893157e+01,1.893157e+01,1.887479e+01,1.884638e+01,1.883928e+01,1.879666e+01,1.880376e+01,1.877534e+01,1.882508e+01,1.893157e+01,1.898832e+01,1.878955e+01,1.890318e+01,1.903795e+01,1.898123e+01,1.937762e+01,1.938468e+01,1.990604e+01,2.025677e+01,2.031278e+01,2.032678e+01,2.032678e+01,2.035476e+01,2.045964e+01,2.037575e+01,2.065513e+01,2.075970e+01,2.068303e+01,2.078757e+01,2.092679e+01,2.094070e+01,2.080846e+01,2.087808e+01,2.080150e+01,2.043169e+01,2.038974e+01,2.035476e+01,2.033377e+01,2.043868e+01,2.044567e+01,2.041071e+01,2.036176e+01,2.035476e+01,2.034777e+01,2.031978e+01,2.039673e+01,2.038274e+01,2.036875e+01,2.036176e+01,2.037575e+01,2.033377e+01,2.043868e+01,2.045266e+01,2.038274e+01,2.036176e+01,2.041770e+01,2.034077e+01,2.037575e+01,2.031978e+01,2.040372e+01,2.041770e+01,2.034077e+01,2.040372e+01,2.041770e+01,2.038974e+01,2.036176e+01,2.036176e+01,2.034077e+01,2.045964e+01,2.036176e+01,2.036875e+01,2.039673e+01,2.036176e+01,2.041770e+01,2.041071e+01,2.036176e+01,2.038974e+01,2.038274e+01,2.038274e+01,2.033377e+01,2.040372e+01,2.038274e+01,2.041071e+01,2.048759e+01,2.035476e+01,2.043868e+01,2.051554e+01,2.033377e+01,2.034777e+01,2.040372e+01,2.047362e+01,2.035476e+01,2.036875e+01,2.037575e+01,2.047362e+01,2.041770e+01,2.036176e+01,2.040372e+01,2.040372e+01,2.041071e+01,2.038274e+01,2.034777e+01,2.037575e+01,2.051554e+01,2.046663e+01,2.038274e+01,2.044567e+01,2.049458e+01,2.048061e+01,2.048061e+01,2.038274e+01,2.042470e+01,2.041770e+01,2.051554e+01,2.049458e+01,2.042470e+01,2.044567e+01,2.042470e+01,2.044567e+01,2.055743e+01,2.044567e+01,2.055743e+01,2.031278e+01,2.048759e+01,2.048759e+01,2.052950e+01,2.048061e+01,2.040372e+01,2.047362e+01,2.039673e+01,2.041770e+01,2.041770e+01,2.046663e+01,2.056442e+01,2.038974e+01,2.040372e+01,2.050157e+01,2.047362e+01,2.044567e+01,2.050157e+01,2.051554e+01,2.042470e+01,2.047362e+01,2.050157e+01,2.048061e+01,2.047362e+01,2.049458e+01,2.057838e+01,2.049458e+01,2.050157e+01,2.051554e+01,2.047362e+01,2.048759e+01,2.035476e+01,2.053649e+01,2.046663e+01,2.037575e+01,2.041770e+01,2.036875e+01,2.050157e+01,2.049458e+01,2.045266e+01,2.050855e+01,2.045266e+01,2.052950e+01,2.045964e+01,2.041071e+01,2.044567e+01,2.045266e+01,2.034777e+01,2.043169e+01,2.031978e+01,2.044567e+01,2.045964e+01,2.063420e+01,2.048061e+01,2.052252e+01,2.051554e+01,2.041770e+01,2.046663e+01,2.052950e+01,2.051554e+01,2.059234e+01,2.040372e+01,2.052950e+01,2.055743e+01,2.045964e+01,2.045964e+01,2.047362e+01,2.048061e+01,2.034777e+01,2.055743e+01,2.035476e+01,2.048061e+01,2.050157e+01,2.049458e+01,2.042470e+01,2.042470e+01,2.041770e+01,2.059234e+01,2.048759e+01,2.048061e+01,2.045266e+01,2.044567e+01,2.051554e+01,2.063420e+01,2.046663e+01,2.075273e+01,2.080150e+01,2.080846e+01,2.087112e+01,2.088504e+01,2.096852e+01,2.116996e+01,2.092679e+01,2.095461e+01,2.091983e+01,2.120465e+01,2.107276e+01,2.111443e+01,2.104497e+01,2.105192e+01,2.104497e+01,2.105887e+01,2.110054e+01,2.105192e+01,2.087112e+01,2.088504e+01,2.062723e+01,2.051554e+01,2.047362e+01,2.048759e+01,2.044567e+01,2.050855e+01,2.052950e+01,2.047362e+01,2.050157e+01,2.047362e+01,2.032678e+01,2.040372e+01,2.043868e+01,2.058536e+01,2.045964e+01,2.045964e+01,2.041071e+01,2.050157e+01,2.043868e+01,2.045964e+01,2.032678e+01,2.033377e+01,2.043868e+01,2.043169e+01,2.033377e+01,2.041071e+01,2.054347e+01,2.038974e+01,2.029878e+01,2.040372e+01,2.037575e+01,2.032678e+01,2.036176e+01,2.041770e+01,2.043868e+01,2.045964e+01,2.043169e+01,2.037575e+01,2.051554e+01,2.050157e+01,2.034777e+01,2.036176e+01,2.038974e+01,2.044567e+01,2.041770e+01,2.041770e+01,2.037575e+01,2.038274e+01,2.045964e+01,2.034777e+01,2.021475e+01,2.036875e+01,2.038974e+01,2.022176e+01,2.038974e+01,2.038974e+01,2.035476e+01,2.039673e+01,2.032678e+01,2.049458e+01,2.035476e+01,2.028478e+01,2.037575e+01,2.037575e+01,2.043868e+01,2.041071e+01,2.042470e+01,2.041770e+01,2.041770e+01,2.032678e+01,2.043169e+01,2.041770e+01,2.042470e+01,2.041071e+01,2.031278e+01,2.031978e+01,2.037575e+01,2.042470e+01,2.040372e+01,2.038974e+01,2.037575e+01,2.036176e+01,2.047362e+01,2.033377e+01,2.042470e+01,2.027078e+01,2.046663e+01,2.028478e+01,2.027778e+01,2.039673e+01,2.030578e+01,2.034777e+01,2.031278e+01,2.038274e+01,2.027078e+01,2.028478e+01,2.022176e+01,2.041770e+01,2.034777e+01
2.037575e+01,2.050157e+01,2.043169e+01,2.042470e+01,2.051554e+01,2.030578e+01,2.045964e+01,2.042470e+01,2.039673e+01,2.039673e+01,2.043868e+01,2.041071e+01,2.038274e+01,2.050855e+01,2.047362e+01,2.042470e+01,2.042470e+01,2.038974e+01,2.043169e+01,2.055045e+01,2.052950e+01,2.048061e+01,2.045964e+01,2.044567e+01,2.045964e+01,2.052252e+01,2.053649e+01,2.041770e+01,2.034777e+01,2.050855e+01,2.053649e+01,2.039673e+01,2.044567e+01,2.057140e+01,2.079453e+01,2.111443e+01,2.139178e+01,2.137793e+01,2.166838e+01,2.204060e+01,2.168219e+01,2.125320e+01,2.113526e+01,2.126013e+01,2.124627e+01,2.130173e+01,2.155092e+01,2.148868e+01,2.167528e+01,2.152326e+01,2.236346e+01,2.152326e+01,2.104497e+01,2.120465e+01,2.113526e+01,2.114220e+01,2.114914e+01,2.132944e+01,2.132944e+01,2.124627e+01,2.128093e+01,2.138486e+01,2.130173e+01,2.155783e+01,2.173051e+01,2.277416e+01,2.242517e+01,2.142640e+01,2.119078e+01,2.117690e+01,2.118384e+01,2.117690e+01,2.111443e+01,2.112831e+01,2.124627e+01,2.147484e+01,2.146100e+01,2.139178e+01,2.158548e+01,2.159239e+01,2.134330e+01,2.182708e+01,2.236346e+01,2.226053e+01,2.220559e+01,2.226053e+01,2.257586e+01,2.221246e+01,2.164075e+01,2.163385e+01,2.181329e+01,2.150943e+01,2.184087e+01,2.146100e+01,2.135023e+01,2.126013e+01,2.128093e+01,2.147484e+01,2.144716e+01,2.144716e+01,2.190290e+01,2.136408e+01,2.119078e+01,2.136408e+01,2.122546e+01,2.122546e+01,2.110748e+01,2.117690e+01,2.119078e+01,2.120465e+01,2.127400e+01,2.119078e+01,2.231544e+01,2.213688e+01,2.123933e+01,2.114914e+01,2.128093e+01,2.156474e+01,2.162694e+01,2.145408e+01,2.181329e+01,2.129479e+01,2.079453e+01,2.050855e+01,2.053649e+01,2.047362e+01,2.048061e+01,2.051554e+01,2.031978e+01,2.053649e+01,2.041071e+01,2.067605e+01,2.038974e+01,2.057838e+01,2.050855e+01,2.050855e+01,2.045964e+01,2.044567e+01,2.043868e+01,2.061327e+01,2.050157e+01,2.047362e+01,2.050157e+01,2.043868e+01,2.043169e+01,2.041770e+01,2.041071e+01,2.043169e+01,2.050855e+01,2.050157e+01,2.056442e+01,2.051554e+01,2.050157e+01,2.048759e+01,2.051554e+01,2.049458e+01,2.052252e+01,2.061327e+01,2.048759e+01,2.061327e+01,2.045964e+01,2.055045e+01,2.059932e+01,2.061327e+01,2.059932e+01,2.055743e+01,2.064118e+01,2.054347e+01,2.057140e+01,2.066211e+01,2.058536e+01,2.057140e+01,2.052950e+01,2.057140e+01,2.059932e+01,2.050855e+01,2.056442e+01,2.065513e+01,2.071789e+01,2.046663e+01,2.066211e+01,2.055743e+01,2.052950e+01,2.063420e+01,2.058536e+01,2.064118e+01,2.062025e+01,2.065513e+01,2.064816e+01,2.059932e+01,2.052252e+01,2.055743e+01,2.057838e+01,2.066211e+01,2.049458e+01,2.062025e+01,2.066908e+01,2.051554e+01,2.062723e+01,2.066211e+01,2.066908e+01,2.067605e+01,2.065513e+01,2.045964e+01,2.066211e+01,2.064118e+01,2.049458e+01,2.058536e+01,2.060629e+01,2.058536e+01,2.050157e+01,2.064816e+01,2.059932e+01,2.059932e+01,2.061327e+01,2.057140e+01,2.046663e+01,2.050157e+01,2.059234e+01,2.047362e+01,2.053649e+01,2.066211e+01,2.048061e+01,2.054347e+01,2.051554e+01,2.052950e+01,2.058536e+01,2.056442e+01,2.045266e+01,2.057838e+01,2.058536e+01,2.051554e+01,2.055743e+01,2.050855e+01,2.041770e+01,2.053649e+01,2.050855e+01,2.054347e+01,2.052950e+01,2.041770e+01,2.045266e+01,2.044567e+01,2.057140e+01,2.050855e+01,2.058536e+01,2.057838e+01,2.045266e+01,2.055743e+01,2.055045e+01,2.061327e+01,2.052950e+01,2.063420e+01,2.067605e+01,2.080846e+01,2.067605e+01,2.067605e+01,2.062025e+01,2.034777e+01,2.010961e+01,1.972317e+01,1.959637e+01,1.952586e+01,1.941293e+01,1.951880e+01,1.929988e+01,1.946235e+01,1.931402e+01,1.925745e+01,1.935642e+01,1.917254e+01,1.925038e+01,1.917962e+01,1.912298e+01,1.932109e+01,1.915838e+01,1.921501e+01,1.906630e+01,1.905213e+01,1.925745e+01,1.917254e+01,1.912298e+01,1.913006e+01,1.910881e+01,1.927867e+01,1.936349e+01,1.926452e+01,1.916546e+01,1.927867e+01,1.921501e+01,1.936349e+01,1.928574e+01,1.936349e+01,1.915838e+01,1.916546e+01,1.921501e+01,1.929988e+01,1.933522e+01,1.934229e+01,1.917254e+01,1.934229e+01,1.956112e+01,1.950469e+01,1.949764e+01,1.963161e+01,1.980058e+01,1.984980e+01,1.960342e+01,1.967388e+01,1.945529e+01,1.941999e+01,1.934229e+01,1.929281e+01,1.915838e+01,1.898123e+01,1.900251e+01,1.877534e+01,1.883218e+01,1.877534e+01,1.882508e+01,1.878955e+01,1.876823e+01,1.888189e+01,1.883218e+01,1.893867e+01,1.904504e+01,1.916546e+01,1.907339e+01,1.922208e+01,1.927160e+01,1.940587e+01,2.003946e+01,2.031278e+01,2.023577e+01,2.030578e+01,2.033377e+01,2.031978e+01,2.048759e+01,2.046663e+01,2.054347e+01,2.069000e+01,2.064816e+01,2.072486e+01,2.087808e+01,2.094765e+01,2.081543e+01,2.112831e+01,2.082239e+01,2.043868e+01,2.035476e+01,2.038274e+01,2.042470e+01,2.034077e+01,2.035476e+01,2.048759e+01,2.029878e+01,2.034077e+01,2.037575e+01,2.036176e+01,2.040372e+01,2.040372e+01,2.041071e+01,2.043868e+01,2.031978e+01,2.031278e+01,2.038974e+01,2.036176e+01,2.033377e+01,2.031278e+01,2.045266e+01,2.038974e+01,2.034077e+01,2.024977e+01,2.041770e+01,2.031978e+01,2.038274e+01,2.041071e+01,2.041770e+01,2.036176e+01,2.043868e+01,2.037575e+01,2.031278e+01,2.025677e+01,2.036176e+01,2.029878e+01,2.027078e+01,2.037575e+01,2.040372e+01,2.028478e+01,2.037575e+01,2.038274e+01,2.035476e+01,2.037575e+01,2.031978e+01,2.041071e+01,2.043169e+01,2.029178e+01,2.043868e+01,2.043169e+01,2.041071e+01,2.038974e+01,2.041770e+01,2.038274e+01,2.029178e+01,2.039673e+01,2.040372e+01,2.041770e+01,2.033377e+01,2.045964e+01,2.048061e+01,2.042470e+01,2.043169e+01,2.045964e+01,2.050855e+01,2.031978e+01,2.042470e+01,2.049458e+01,2.032678e+01,2.045266e+01,2.048759e+01,2.045964e+01,2.044567e+01,2.048759e+01,2.050855e+01,2.036176e+01,2.045266e+01,2.052252e+01,2.041071e+01,2.043868e+01,2.048061e+01,2.048759e+01,2.041071e+01,2.043868e+01,2.043169e+01,2.051554e+01,2.035476e+01,2.047362e+01,2.050157e+01,2.048061e+01,2.045964e+01,2.048759e+01,2.048061e+01,2.051554e+01,2.043169e+01,2.042470e+01,2.048061e+01,2.046663e+01,2.043868e+01,2.048061e+01,2.054347e+01,2.049458e+01,2.050855e+01,2.055743e+01,2.044567e+01,2.045964e+01,2.045964e+01,2.046663e+01,2.047362e+01,2.043868e+01,2.047362e+01,2.041770e+01,2.046663e+01,2.043868e+01,2.051554e+01,2.050855e+01,2.047362e+01,2.058536e+01,2.064816e+01,2.041071e+01,2.056442e+01,2.048061e+01,2.057140e+01,2.049458e+01,2.048759e+01,2.043868e+01,2.035476e+01,2.050157e+01,2.043169e+01,2.050157e+01,2.038974e+01,2.046663e+01,2.036875e+01,2.045964e+01,2.062723e+01,2.037575e+01,2.045266e+01,2.048061e+01,2.045964e+01,2.045266e+01,2.024977e+01,2.057140e+01,2.046663e+01,2.048759e+01,2.058536e+01,2.045964e+01,2.048061e+01,2.041770e+01,2.057838e+01,2.055045e+01,2.059234e+01,2.049458e+01,2.050157e+01,2.048759e+01,2.045266e+01,2.059234e+01,2.045964e+01,2.034077e+01,2.047362e+01,2.038974e+01,2.041770e+01,2.045266e+01,2.043868e+01,2.048759e+01,2.042470e+01,2.029878e+01,2.044567e+01,2.044567e+01,2.050157e+01,2.050855e+01,2.043169e+01,2.048759e+01,2.043169e+01,2.053649e+01,2.053649e+01,2.067605e+01,2.055045e+01,2.075273e+01,2.065513e+01,2.066211e+01,2.098242e+01,2.106581e+01,2.075273e+01,2.104497e+01,2.107971e+01,2.098937e+01,2.104497e+01,2.110748e+01,2.102413e+01,2.101023e+01,2.109360e+01,2.095461e+01,2.067605e+01,2.055045e+01,2.047362e+01,2.050157e+01,2.050157e+01,2.045964e+01,2.036875e+01,2.054347e+01,2.046663e+01,2.058536e+01,2.045964e+01,2.047362e+01,2.038974e+01,2.041770e+01,2.039673e+01,2.034077e+01,2.040372e+01,2.045266e+01,2.043169e+01,2.047362e+01,2.049458e+01,2.042470e+01,2.032678e+01,2.042470e+01,2.037575e+01,2.031978e+01,2.048759e+01,2.034777e+01,2.041770e+01,2.053649e+01,2.045266e+01,2.032678e+01,2.043169e+01,2.035476e+01,2.042470e+01,2.043868e+01,2.041770e+01,2.048759e+01,2.047362e+01,2.049458e+01,2.052252e+01,2.038974e+01,2.036176e+01,2.036176e+01,2.045266e+01,2.037575e+01,2.040372e+01,2.038974e+01,2.041071e+01,2.040372e+01,2.038974e+01,2.030578e+01,2.042470e+01,2.038274e+01,2.039673e+01,2.042470e+01,2.038974e+01,2.049458e+01,2.050157e+01,2.041071e+01,2.036875e+01,2.033377e+01,2.036176e+01,2.035476e+01,2.036875e+01,2.035476e+01,2.041071e+01,2.030578e+01,2.010260e+01,2.041770e+01,2.051554e+01,2.026378e+01,2.032678e+01,2.040372e+01,2.031978e+01,2.035476e+01,2.041071e+01,2.050157e+01,2.034777e+01,2.031278e+01,2.036176e+01,2.031278e+01,2.033377e+01,2.038274e+01,2.038974e+01,2.041071e+01,2.043169e+01,2.031278e+01,2.024977e+01,2.043169e+01,2.041071e+01,2.031278e+01,2.027778e+01,2.027078e+01,2.041071e+01,2.020774e+01,2.025677e+01,2.023577e+01,2.022876e+01,2.025677e+01
2.046663e+01,2.045266e+01,2.024277e+01,2.048061e+01,2.052252e+01,2.046663e+01,2.041071e+01,2.024977e+01,2.038274e+01,2.038974e+01,2.058536e+01,2.031978e+01,2.046663e+01,2.037575e+01,2.038974e+01,2.041071e+01,2.051554e+01,2.050855e+01,2.049458e+01,2.047362e+01,2.054347e+01,2.047362e+01,2.048759e+01,2.039673e+01,2.050157e+01,2.044567e+01,2.053649e+01,2.047362e+01,2.043169e+01,2.047362e+01,2.051554e+01,2.045964e+01,2.055045e+01,2.057838e+01,2.094070e+01,2.128786e+01,2.142640e+01,2.133637e+01,2.142640e+01,2.139871e+01,2.139871e+01,2.129479e+01,2.146792e+01,2.144716e+01,2.119771e+01,2.131559e+01,2.135023e+01,2.159930e+01,2.168909e+01,2.166838e+01,2.153017e+01,2.147484e+01,2.155092e+01,2.152326e+01,2.114914e+01,2.134330e+01,2.130865e+01,2.135023e+01,2.141948e+01,2.132944e+01,2.128093e+01,2.159930e+01,2.150943e+01,2.138486e+01,2.128093e+01,2.168909e+01,2.191668e+01,2.191668e+01,2.137793e+01,2.117690e+01,2.117690e+01,2.113526e+01,2.119771e+01,2.121852e+01,2.126707e+01,2.165457e+01,2.146100e+01,2.138486e+01,2.177191e+01,2.175121e+01,2.178571e+01,2.182019e+01,2.237032e+01,2.226053e+01,2.232231e+01,2.254848e+01,2.280149e+01,2.250055e+01,2.184776e+01,2.164075e+01,2.204060e+01,2.186155e+01,2.244574e+01,2.208187e+01,2.188912e+01,2.186155e+01,2.141255e+01,2.127400e+01,2.136408e+01,2.141948e+01,2.142640e+01,2.159930e+01,2.120465e+01,2.139871e+01,2.126013e+01,2.117690e+01,2.119078e+01,2.112831e+01,2.123240e+01,2.131559e+01,2.189601e+01,2.199931e+01,2.164766e+01,2.215063e+01,2.129479e+01,2.110054e+01,2.140563e+01,2.140563e+01,2.150943e+01,2.185466e+01,2.170290e+01,2.121852e+01,2.075273e+01,2.050157e+01,2.048061e+01,2.054347e+01,2.046663e+01,2.058536e+01,2.033377e+01,2.042470e+01,2.045266e+01,2.046663e+01,2.048061e+01,2.053649e+01,2.047362e+01,2.049458e+01,2.048061e+01,2.033377e+01,2.041770e+01,2.055045e+01,2.048061e+01,2.052950e+01,2.052950e+01,2.042470e+01,2.050855e+01,2.045266e+01,2.055045e+01,2.051554e+01,2.051554e+01,2.049458e+01,2.048061e+01,2.048061e+01,2.056442e+01,2.052252e+01,2.059932e+01,2.050157e+01,2.041770e+01,2.055045e+01,2.042470e+01,2.053649e+01,2.045266e+01,2.059234e+01,2.055743e+01,2.045266e+01,2.059234e+01,2.063420e+01,2.058536e+01,2.062723e+01,2.057140e+01,2.059932e+01,2.055743e+01,2.038274e+01,2.056442e+01,2.055045e+01,2.057140e+01,2.055743e+01,2.055743e+01,2.050157e+01,2.057838e+01,2.046663e+01,2.064118e+01,2.055743e+01,2.048759e+01,2.050855e+01,2.066211e+01,2.049458e+01,2.055743e+01,2.062025e+01,2.059932e+01,2.063420e+01,2.055743e+01,2.052950e+01,2.056442e+01,2.058536e+01,2.045964e+01,2.055045e+01,2.056442e+01,2.068303e+01,2.047362e+01,2.055743e+01,2.060629e+01,2.064118e+01,2.057140e+01,2.059234e+01,2.064118e+01,2.066908e+01,2.046663e+01,2.044567e+01,2.075273e+01,2.056442e+01,2.059234e+01,2.054347e+01,2.057838e+01,2.058536e+01,2.059234e+01,2.062723e+01,2.049458e+01,2.047362e+01,2.046663e+01,2.053649e+01,2.049458e+01,2.052252e+01,2.055045e+01,2.055045e+01,2.054347e+01,2.054347e+01,2.057140e+01,2.040372e+01,2.048061e+01,2.048061e+01,2.043868e+01,2.050855e+01,2.050855e+01,2.047362e+01,2.049458e+01,2.048759e+01,2.052950e+01,2.056442e+01,2.052252e+01,2.054347e+01,2.052252e+01,2.049458e+01,2.050157e+01,2.050855e+01,2.057140e+01,2.038974e+01,2.049458e+01,2.055743e+01,2.057838e+01,2.055045e+01,2.053649e+01,2.057838e+01,2.078757e+01,2.062025e+01,2.070394e+01,2.058536e+01,2.055743e+01,2.033377e+01,2.034077e+01,1.990604e+01,1.956112e+01,1.961047e+01,1.951880e+01,1.946235e+01,1.944118e+01,1.933522e+01,1.932109e+01,1.925038e+01,1.934936e+01,1.922208e+01,1.932109e+01,1.917962e+01,1.923623e+01,1.925038e+01,1.922916e+01,1.914422e+01,1.920793e+01,1.920793e+01,1.918670e+01,1.925745e+01,1.932815e+01,1.916546e+01,1.921501e+01,1.937055e+01,1.935642e+01,1.957522e+01,1.954701e+01,1.950469e+01,1.936349e+01,1.941999e+01,1.922916e+01,1.923623e+01,1.914422e+01,1.933522e+01,1.916546e+01,1.927160e+01,1.926452e+01,1.943411e+01,1.939881e+01,1.938468e+01,1.946235e+01,1.962456e+01,1.955407e+01,1.964570e+01,1.980058e+01,1.968796e+01,1.963865e+01,1.963161e+01,1.961751e+01,1.938468e+01,1.939174e+01,1.914422e+01,1.915130e+01,1.913714e+01,1.906630e+01,1.898832e+01,1.895286e+01,1.883218e+01,1.902378e+01,1.893157e+01,1.885349e+01,1.893867e+01,1.901669e+01,1.904504e+01,1.894576e+01,1.907339e+01,1.900251e+01,1.908047e+01,1.936349e+01,1.949058e+01,2.005350e+01,2.024977e+01,2.032678e+01,2.033377e+01,2.026378e+01,2.032678e+01,2.062723e+01,2.057140e+01,2.054347e+01,2.056442e+01,2.054347e+01,2.052252e+01,2.072486e+01,2.082935e+01,2.080150e+01,2.080846e+01,2.080150e+01,2.077363e+01,2.036875e+01,2.039673e+01,2.034077e+01,2.034777e+01,2.032678e+01,2.035476e+01,2.034777e+01,2.034077e+01,2.039673e+01,2.040372e+01,2.034077e+01,2.034777e+01,2.040372e+01,2.029178e+01,2.045964e+01,2.027778e+01,2.035476e+01,2.032678e+01,2.045964e+01,2.040372e+01,2.034777e+01,2.044567e+01,2.036875e+01,2.038274e+01,2.041071e+01,2.037575e+01,2.032678e+01,2.031278e+01,2.043868e+01,2.038274e+01,2.032678e+01,2.043868e+01,2.039673e+01,2.026378e+01,2.034777e+01,2.035476e+01,2.028478e+01,2.041770e+01,2.043868e+01,2.038274e+01,2.036176e+01,2.037575e+01,2.037575e+01,2.044567e+01,2.033377e+01,2.040372e+01,2.041071e+01,2.036176e+01,2.040372e+01,2.031978e+01,2.038974e+01,2.057140e+01,2.044567e+01,2.045266e+01,2.036875e+01,2.038974e+01,2.043169e+01,2.042470e+01,2.041770e+01,2.044567e+01,2.045964e+01,2.044567e+01,2.045266e+01,2.048759e+01,2.046663e+01,2.034777e+01,2.047362e+01,2.042470e+01,2.045266e+01,2.036875e+01,2.043169e+01,2.045266e+01,2.045266e+01,2.047362e+01,2.038974e+01,2.038274e+01,2.045266e+01,2.045964e+01,2.043169e+01,2.049458e+01,2.049458e+01,2.046663e+01,2.031278e+01,2.051554e+01,2.044567e+01,2.053649e+01,2.052950e+01,2.050855e+01,2.045964e+01,2.053649e+01,2.054347e+01,2.061327e+01,2.049458e+01,2.052950e+01,2.041770e+01,2.048061e+01,2.042470e+01,2.048759e+01,2.041071e+01,2.055743e+01,2.062723e+01,2.057140e+01,2.052252e+01,2.044567e+01,2.041770e+01,2.042470e+01,2.043868e+01,2.050855e+01,2.050855e+01,2.044567e+01,2.046663e+01,2.055743e+01,2.052252e+01,2.046663e+01,2.045964e+01,2.054347e+01,2.045266e+01,2.056442e+01,2.041071e+01,2.043169e+01,2.048061e+01,2.049458e+01,2.050157e+01,2.051554e+01,2.054347e+01,2.050157e+01,2.043868e+01,2.046663e+01,2.043868e+01,2.046663e+01,2.045266e+01,2.063420e+01,2.036176e+01,2.043868e+01,2.038274e+01,2.048061e+01,2.045266e+01,2.044567e+01,2.045964e+01,2.048061e+01,2.063420e+01,2.050855e+01,2.045266e+01,2.059932e+01,2.043868e+01,2.053649e+01,2.048061e+01,2.057838e+01,2.038974e+01,2.050157e+01,2.057838e+01,2.057140e+01,2.052950e+01,2.055045e+01,2.045964e+01,2.055743e+01,2.041770e+01,2.035476e+01,2.046663e+01,2.050855e+01,2.046663e+01,2.045964e+01,2.050157e+01,2.047362e+01,2.050157e+01,2.046663e+01,2.049458e+01,2.047362e+01,2.050855e+01,2.052252e+01,2.050855e+01,2.049458e+01,2.075970e+01,2.036875e+01,2.049458e+01,2.052950e+01,2.038274e+01,2.042470e+01,2.054347e+01,2.064118e+01,2.062723e+01,2.062025e+01,2.066908e+01,2.070394e+01,2.087808e+01,2.107276e+01,2.103802e+01,2.100327e+01,2.105192e+01,2.099632e+01,2.098242e+01,2.094765e+01,2.050855e+01,2.069000e+01,2.055743e+01,2.044567e+01,2.053649e+01,2.039673e+01,2.034777e+01,2.041770e+01,2.051554e+01,2.060629e+01,2.043868e+01,2.045266e+01,2.043169e+01,2.041071e+01,2.035476e+01,2.040372e+01,2.055045e+01,2.039673e+01,2.048061e+01,2.049458e+01,2.052252e+01,2.052950e+01,2.049458e+01,2.041071e+01,2.042470e+01,2.034777e+01,2.031278e+01,2.035476e+01,2.036875e+01,2.055045e+01,2.046663e+01,2.036176e+01,2.038974e+01,2.043169e+01,2.043169e+01,2.030578e+01,2.038274e+01,2.027778e+01,2.049458e+01,2.049458e+01,2.043169e+01,2.040372e+01,2.036176e+01,2.034077e+01,2.043868e+01,2.034077e+01,2.033377e+01,2.033377e+01,2.034777e+01,2.036875e+01,2.042470e+01,2.031278e+01,2.032678e+01,2.030578e+01,2.047362e+01,2.039673e+01,2.044567e+01,2.035476e+01,2.039673e+01,2.038974e+01,2.038974e+01,2.041770e+01,2.034777e+01,2.036875e+01,2.036176e+01,2.037575e+01,2.024977e+01,2.041071e+01,2.040372e+01,2.036875e+01,2.041071e+01,2.034777e+01,2.038974e+01,2.044567e+01,2.030578e+01,2.038274e+01,2.035476e+01,2.036875e+01,2.031978e+01,2.038974e+01,2.029878e+01,2.035476e+01,2.034777e+01,2.037575e+01,2.043868e+01,2.039673e+01,2.037575e+01,2.043169e+01,2.022876e+01,2.029878e+01,2.042470e+01,2.051554e+01,2.039673e+01,2.031278e+01,2.037575e+01,2.030578e+01,2.054347e+01,2.022176e+01,2.029878e+01,2.024277e+01
2.045964e+01,2.041071e+01,2.046663e+01,2.044567e+01,2.044567e+01,2.029178e+01,2.034077e+01,2.028478e+01,2.041071e+01,2.045964e+01,2.047362e+01,2.045964e+01,2.041770e+01,2.045964e+01,2.050855e+01,2.036875e+01,2.041770e+01,2.041770e+01,2.046663e+01,2.026378e+01,2.035476e+01,2.052950e+01,2.041770e+01,2.043169e+01,2.056442e+01,2.046663e+01,2.044567e+01,2.046663e+01,2.041071e+01,2.055045e+01,2.048759e+01,2.068303e+01,2.065513e+01,2.070394e+01,2.105887e+01,2.139178e+01,2.135715e+01,2.140563e+01,2.135715e+01,2.115608e+01,2.091287e+01,2.143332e+01,2.116996e+01,2.128093e+01,2.144024e+01,2.112831e+01,2.116302e+01,2.123240e+01,2.132944e+01,2.151634e+01,2.149559e+01,2.151634e+01,2.146792e+01,2.140563e+01,2.138486e+01,2.138486e+01,2.124627e+01,2.141255e+01,2.132252e+01,2.130865e+01,2.155783e+01,2.133637e+01,2.130173e+01,2.115608e+01,2.136408e+01,2.130865e+01,2.140563e+01,2.136408e+01,2.159930e+01,2.160621e+01,2.132944e+01,2.115608e+01,2.123933e+01,2.131559e+01,2.144716e+01,2.186844e+01,2.174431e+01,2.148868e+01,2.182708e+01,2.166147e+01,2.184087e+01,2.190290e+01,2.191668e+01,2.221933e+01,2.289023e+01,2.348897e+01,2.349575e+01,2.265113e+01,2.215063e+01,2.171671e+01,2.183398e+01,2.208875e+01,2.213688e+01,2.205436e+01,2.159930e+01,2.163385e+01,2.185466e+01,2.146100e+01,2.143332e+01,2.126707e+01,2.146100e+01,2.199242e+01,2.220559e+01,2.231544e+01,2.127400e+01,2.114914e+01,2.123240e+01,2.122546e+01,2.112831e+01,2.153017e+01,2.252109e+01,2.231544e+01,2.230858e+01,2.146792e+01,2.137101e+01,2.132944e+01,2.117690e+01,2.162694e+01,2.164766e+01,2.130865e+01,2.119078e+01,2.114914e+01,2.085024e+01,2.049458e+01,2.050855e+01,2.048061e+01,2.052950e+01,2.041770e+01,2.038274e+01,2.041071e+01,2.049458e+01,2.043868e+01,2.039673e+01,2.047362e+01,2.053649e+01,2.051554e+01,2.046663e+01,2.051554e+01,2.048061e+01,2.044567e+01,2.043868e+01,2.045266e+01,2.050157e+01,2.048759e+01,2.048061e+01,2.044567e+01,2.048061e+01,2.050157e+01,2.059932e+01,2.046663e+01,2.049458e+01,2.050855e+01,2.047362e+01,2.044567e+01,2.048759e+01,2.059234e+01,2.058536e+01,2.041770e+01,2.056442e+01,2.049458e+01,2.057140e+01,2.062025e+01,2.044567e+01,2.044567e+01,2.041071e+01,2.071789e+01,2.048061e+01,2.055743e+01,2.053649e+01,2.066211e+01,2.048061e+01,2.055743e+01,2.050855e+01,2.048061e+01,2.053649e+01,2.053649e+01,2.052252e+01,2.053649e+01,2.050157e+01,2.055743e+01,2.055743e+01,2.053649e+01,2.057838e+01,2.060629e+01,2.054347e+01,2.048061e+01,2.061327e+01,2.063420e+01,2.053649e+01,2.069000e+01,2.052950e+01,2.062025e+01,2.057838e+01,2.045266e+01,2.058536e+01,2.054347e+01,2.050855e+01,2.052950e+01,2.061327e+01,2.053649e+01,2.048759e+01,2.045964e+01,2.055045e+01,2.054347e+01,2.059932e+01,2.043169e+01,2.045964e+01,2.048061e+01,2.047362e+01,2.047362e+01,2.052252e+01,2.057140e+01,2.052950e+01,2.058536e+01,2.058536e+01,2.049458e+01,2.055743e+01,2.051554e+01,2.048061e+01,2.055045e+01,2.043868e+01,2.052252e+01,2.055045e+01,2.049458e+01,2.053649e+01,2.052252e+01,2.054347e+01,2.055045e+01,2.041770e+01,2.046663e+01,2.050157e+01,2.050157e+01,2.047362e+01,2.048061e+01,2.052252e+01,2.050855e+01,2.051554e+01,2.052252e+01,2.043868e+01,2.051554e+01,2.043868e+01,2.053649e+01,2.050157e+01,2.044567e+01,2.048061e+01,2.038974e+01,2.049458e+01,2.050157e+01,2.056442e+01,2.053649e+01,2.049458e+01,2.059234e+01,2.078060e+01,2.069000e+01,2.067605e+01,2.061327e+01,2.069697e+01,2.050855e+01,2.034777e+01,2.001841e+01,1.987090e+01,1.953996e+01,1.937055e+01,1.951880e+01,1.931402e+01,1.938468e+01,1.929281e+01,1.933522e+01,1.937762e+01,1.930695e+01,1.921501e+01,1.922916e+01,1.917962e+01,1.915130e+01,1.924331e+01,1.916546e+01,1.927867e+01,1.927867e+01,1.925745e+01,1.914422e+01,1.921501e+01,1.929281e+01,1.937762e+01,1.938468e+01,1.935642e+01,1.954701e+01,1.958932e+01,1.951175e+01,1.934936e+01,1.922916e+01,1.935642e+01,1.936349e+01,1.934229e+01,1.922208e+01,1.924331e+01,1.929281e+01,1.929281e+01,1.924331e+01,1.944118e+01,1.941999e+01,1.953291e+01,1.943411e+01,1.962456e+01,1.966683e+01,1.973021e+01,1.977947e+01,1.966683e+01,1.967388e+01,1.952586e+01,1.942705e+01,1.936349e+01,1.915130e+01,1.917962e+01,1.908047e+01,1.892448e+01,1.882508e+01,1.898832e+01,1.894576e+01,1.888899e+01,1.908756e+01,1.890318e+01,1.903795e+01,1.900251e+01,1.894576e+01,1.914422e+01,1.918670e+01,1.915130e+01,1.924331e+01,1.935642e+01,1.984980e+01,2.020774e+01,2.024977e+01,2.023577e+01,2.031278e+01,2.022876e+01,2.019373e+01,2.040372e+01,2.040372e+01,2.004648e+01,2.022876e+01,2.010260e+01,2.027778e+01,2.034077e+01,2.036176e+01,2.033377e+01,2.040372e+01,2.057838e+01,2.043169e+01,2.039673e+01,2.036176e+01,2.034077e+01,2.034777e+01,2.034077e+01,2.035476e+01,2.034777e+01,2.032678e+01,2.036176e+01,2.039673e+01,2.036875e+01,2.038274e+01,2.043868e+01,2.029178e+01,2.036875e+01,2.038974e+01,2.027778e+01,2.037575e+01,2.045266e+01,2.033377e+01,2.030578e+01,2.031278e+01,2.031978e+01,2.039673e+01,2.042470e+01,2.032678e+01,2.038274e+01,2.040372e+01,2.041071e+01,2.033377e+01,2.041770e+01,2.024277e+01,2.034077e+01,2.030578e+01,2.029878e+01,2.034077e+01,2.032678e+01,2.048061e+01,2.036875e+01,2.039673e+01,2.037575e+01,2.030578e+01,2.036875e+01,2.037575e+01,2.033377e+01,2.031978e+01,2.034777e+01,2.043169e+01,2.038274e+01,2.020774e+01,2.041770e+01,2.045266e+01,2.040372e+01,2.044567e+01,2.043169e+01,2.041071e+01,2.034777e+01,2.025677e+01,2.039673e+01,2.034777e+01,2.042470e+01,2.044567e+01,2.045266e+01,2.038974e+01,2.039673e+01,2.040372e+01,2.040372e+01,2.042470e+01,2.042470e+01,2.035476e+01,2.045964e+01,2.045964e+01,2.030578e+01,2.041770e+01,2.045964e+01,2.043169e+01,2.046663e+01,2.043868e+01,2.052950e+01,2.050157e+01,2.045964e+01,2.041770e+01,2.029178e+01,2.043868e+01,2.056442e+01,2.041770e+01,2.050157e+01,2.039673e+01,2.049458e+01,2.045266e+01,2.051554e+01,2.046663e+01,2.050855e+01,2.052252e+01,2.047362e+01,2.048061e+01,2.045964e+01,2.053649e+01,2.044567e+01,2.048061e+01,2.037575e+01,2.039673e+01,2.044567e+01,2.046663e+01,2.046663e+01,2.044567e+01,2.051554e+01,2.052950e+01,2.036176e+01,2.054347e+01,2.042470e+01,2.041071e+01,2.058536e+01,2.046663e+01,2.046663e+01,2.048759e+01,2.047362e+01,2.043169e+01,2.047362e+01,2.042470e+01,2.045266e+01,2.053649e+01,2.033377e+01,2.052252e+01,2.053649e+01,2.035476e+01,2.053649e+01,2.048759e+01,2.043868e+01,2.034077e+01,2.041770e+01,2.036875e+01,2.039673e+01,2.048061e+01,2.045964e+01,2.048061e+01,2.049458e+01,2.047362e+01,2.048759e+01,2.045964e+01,2.050855e+01,2.046663e+01,2.047362e+01,2.052252e+01,2.037575e+01,2.057838e+01,2.052950e+01,2.036875e+01,2.041770e+01,2.053649e+01,2.063420e+01,2.046663e+01,2.047362e+01,2.044567e+01,2.041071e+01,2.034777e+01,2.048061e+01,2.045266e+01,2.050855e+01,2.045964e+01,2.041770e+01,2.048759e+01,2.041770e+01,2.048759e+01,2.046663e+01,2.035476e+01,2.046663e+01,2.047362e+01,2.042470e+01,2.047362e+01,2.054347e+01,2.052252e+01,2.050855e+01,2.053649e+01,2.037575e+01,2.054347e+01,2.052950e+01,2.048061e+01,2.052252e+01,2.056442e+01,2.050157e+01,2.059234e+01,2.064816e+01,2.029178e+01,2.064816e+01,2.057140e+01,2.080846e+01,2.080846e+01,2.078757e+01,2.105887e+01,2.098937e+01,2.096156e+01,2.064118e+01,2.073879e+01,2.035476e+01,2.047362e+01,2.051554e+01,2.051554e+01,2.034777e+01,2.034077e+01,2.041071e+01,2.055743e+01,2.035476e+01,2.038274e+01,2.042470e+01,2.041770e+01,2.048061e+01,2.038274e+01,2.040372e+01,2.037575e+01,2.040372e+01,2.039673e+01,2.041770e+01,2.021475e+01,2.041071e+01,2.022176e+01,2.041770e+01,2.053649e+01,2.040372e+01,2.031278e+01,2.027778e+01,2.042470e+01,2.032678e+01,2.034777e+01,2.046663e+01,2.049458e+01,2.043868e+01,2.046663e+01,2.068303e+01,2.045266e+01,2.041071e+01,2.043169e+01,2.045266e+01,2.036875e+01,2.034077e+01,2.039673e+01,2.059932e+01,2.034777e+01,2.040372e+01,2.034077e+01,2.042470e+01,2.029878e+01,2.043169e+01,2.044567e+01,2.037575e+01,2.036875e+01,2.043169e+01,2.027078e+01,2.027078e+01,2.043868e+01,2.041770e+01,2.029878e+01,2.038274e+01,2.041071e+01,2.038974e+01,2.041071e+01,2.034077e+01,2.029178e+01,2.039673e+01,2.038274e+01,2.024977e+01,2.022876e+01,2.036875e+01,2.029878e+01,2.034077e+01,2.038274e+01,2.034777e+01,2.037575e+01,2.029878e+01,2.038974e+01,2.034777e+01,2.030578e+01,2.034077e+01,2.048759e+01,2.040372e+01,2.031278e+01,2.036875e+01,2.037575e+01,2.042470e+01,2.031278e+01,2.043169e+01,2.045266e+01,2.041770e+01,2.057838e+01,2.021475e+01,2.021475e+01,2.030578e+01,2.044567e+01,2.021475e+01,2.031978e+01,2.028478e+01,2.023577e+01
2.049458e+01,2.047362e+01,2.041071e+01,2.041071e+01,2.047362e+01,2.046663e+01,2.045964e+01,2.045964e+01,2.031278e+01,2.040372e+01,2.043169e+01,2.045964e+01,2.056442e+01,2.052950e+01,2.043169e+01,2.043169e+01,2.042470e+01,2.043169e+01,2.041770e+01,2.031278e+01,2.045266e+01,2.027778e+01,2.036875e+01,2.044567e+01,2.047362e+01,2.045266e+01,2.052950e+01,2.044567e+01,2.052252e+01,2.057838e+01,2.064816e+01,2.074576e+01,2.069000e+01,2.101023e+01,2.113526e+01,2.128786e+01,2.145408e+01,2.170290e+01,2.172361e+01,2.132944e+01,2.146792e+01,2.125320e+01,2.116996e+01,2.122546e+01,2.098242e+01,2.119078e+01,2.112831e+01,2.126013e+01,2.139178e+01,2.125320e+01,2.151634e+01,2.132944e+01,2.159930e+01,2.208875e+01,2.161312e+01,2.137101e+01,2.137101e+01,2.166838e+01,2.166838e+01,2.131559e+01,2.116302e+01,2.124627e+01,2.125320e+01,2.137101e+01,2.140563e+01,2.148176e+01,2.168219e+01,2.185466e+01,2.188912e+01,2.186155e+01,2.180640e+01,2.156474e+01,2.133637e+01,2.142640e+01,2.155783e+01,2.140563e+01,2.175121e+01,2.186844e+01,2.206124e+01,2.177191e+01,2.162694e+01,2.162694e+01,2.194423e+01,2.197865e+01,2.247315e+01,2.310835e+01,2.344825e+01,2.286293e+01,2.271266e+01,2.213000e+01,2.163385e+01,2.162003e+01,2.192356e+01,2.196489e+01,2.162694e+01,2.120465e+01,2.126013e+01,2.122546e+01,2.112831e+01,2.122546e+01,2.148868e+01,2.169600e+01,2.128093e+01,2.120465e+01,2.140563e+01,2.138486e+01,2.127400e+01,2.140563e+01,2.125320e+01,2.144716e+01,2.234975e+01,2.214375e+01,2.197177e+01,2.140563e+01,2.142640e+01,2.115608e+01,2.116302e+01,2.161312e+01,2.136408e+01,2.093374e+01,2.104497e+01,2.104497e+01,2.089200e+01,2.050157e+01,2.032678e+01,2.049458e+01,2.047362e+01,2.052950e+01,2.048759e+01,2.052252e+01,2.048061e+01,2.043169e+01,2.047362e+01,2.047362e+01,2.047362e+01,2.044567e+01,2.049458e+01,2.053649e+01,2.048061e+01,2.047362e+01,2.053649e+01,2.044567e+01,2.043868e+01,2.046663e+01,2.052252e+01,2.052252e+01,2.050855e+01,2.045266e+01,2.042470e+01,2.049458e+01,2.045964e+01,2.045964e+01,2.049458e+01,2.044567e+01,2.048759e+01,2.051554e+01,2.037575e+01,2.057838e+01,2.062723e+01,2.042470e+01,2.041770e+01,2.052950e+01,2.054347e+01,2.048759e+01,2.056442e+01,2.054347e+01,2.052252e+01,2.042470e+01,2.048061e+01,2.047362e+01,2.068303e+01,2.048759e+01,2.048759e+01,2.049458e+01,2.049458e+01,2.050157e+01,2.049458e+01,2.050157e+01,2.052252e+01,2.046663e+01,2.055743e+01,2.052950e+01,2.051554e+01,2.053649e+01,2.055045e+01,2.039673e+01,2.043169e+01,2.050157e+01,2.057140e+01,2.050157e+01,2.058536e+01,2.057140e+01,2.053649e+01,2.057838e+01,2.057140e+01,2.053649e+01,2.050157e+01,2.052252e+01,2.047362e+01,2.046663e+01,2.040372e+01,2.052950e+01,2.047362e+01,2.048061e+01,2.047362e+01,2.045964e+01,2.045266e+01,2.046663e+01,2.050855e+01,2.043169e+01,2.050157e+01,2.057140e+01,2.059234e+01,2.059234e+01,2.047362e+01,2.055743e+01,2.048759e+01,2.051554e+01,2.050157e+01,2.043868e+01,2.054347e+01,2.052252e+01,2.050157e+01,2.038274e+01,2.051554e+01,2.051554e+01,2.048759e+01,2.055743e+01,2.045266e+01,2.052252e+01,2.042470e+01,2.046663e+01,2.047362e+01,2.044567e+01,2.048061e+01,2.025677e+01,2.048759e+01,2.049458e+01,2.054347e+01,2.041071e+01,2.045266e+01,2.051554e+01,2.052252e+01,2.049458e+01,2.051554e+01,2.047362e+01,2.047362e+01,2.045964e+01,2.056442e+01,2.044567e+01,2.036875e+01,2.062025e+01,2.062723e+01,2.069000e+01,2.069697e+01,2.081543e+01,2.045266e+01,2.065513e+01,2.036176e+01,2.022176e+01,1.975836e+01,1.949058e+01,1.954701e+01,1.931402e+01,1.931402e+01,1.935642e+01,1.942705e+01,1.932815e+01,1.932815e+01,1.932109e+01,1.939881e+01,1.932815e+01,1.937762e+01,1.932109e+01,1.925038e+01,1.921501e+01,1.924331e+01,1.936349e+01,1.926452e+01,1.931402e+01,1.932109e+01,1.949058e+01,1.932109e+01,1.932109e+01,1.937762e+01,1.937055e+01,1.951880e+01,1.941999e+01,1.951880e+01,1.934229e+01,1.934936e+01,1.930695e+01,1.927160e+01,1.921501e+01,1.924331e+01,1.929281e+01,1.915838e+01,1.934936e+01,1.937055e+01,1.950469e+01,1.949058e+01,1.957522e+01,1.966683e+01,1.966683e+01,1.979354e+01,1.973021e+01,1.980761e+01,1.965274e+01,1.960342e+01,1.945529e+01,1.933522e+01,1.923623e+01,1.919378e+01,1.908756e+01,1.900960e+01,1.898832e+01,1.907339e+01,1.911590e+01,1.913714e+01,1.900251e+01,1.912298e+01,1.915838e+01,1.891738e+01,1.898123e+01,1.903087e+01,1.929988e+01,1.919378e+01,1.929281e+01,1.963161e+01,2.005350e+01,2.016570e+01,2.024977e+01,2.017271e+01,2.036176e+01,2.020074e+01,2.013766e+01,2.000437e+01,1.975132e+01,1.976540e+01,1.976540e+01,1.982871e+01,1.985683e+01,1.980058e+01,1.987090e+01,1.995521e+01,2.001139e+01,2.000437e+01,2.003244e+01,2.003946e+01,2.012364e+01,2.022176e+01,2.025677e+01,2.022176e+01,2.015168e+01,2.036176e+01,2.034777e+01,2.040372e+01,2.027778e+01,2.038274e+01,2.040372e+01,2.034777e+01,2.038974e+01,2.033377e+01,2.034777e+01,2.028478e+01,2.036875e+01,2.040372e+01,2.034777e+01,2.037575e+01,2.027778e+01,2.041071e+01,2.037575e+01,2.039673e+01,2.033377e+01,2.029878e+01,2.031978e+01,2.041071e+01,2.036176e+01,2.043169e+01,2.035476e+01,2.031978e+01,2.038274e+01,2.031978e+01,2.033377e+01,2.038974e+01,2.046663e+01,2.034077e+01,2.052252e+01,2.038274e+01,2.036875e+01,2.035476e+01,2.041770e+01,2.029878e+01,2.036875e+01,2.029178e+01,2.031978e+01,2.038274e+01,2.041071e+01,2.039673e+01,2.045964e+01,2.043169e+01,2.029878e+01,2.041770e+01,2.043868e+01,2.026378e+01,2.029178e+01,2.038974e+01,2.043169e+01,2.033377e+01,2.044567e+01,2.038974e+01,2.038274e+01,2.048061e+01,2.042470e+01,2.044567e+01,2.048061e+01,2.031278e+01,2.043868e+01,2.043868e+01,2.040372e+01,2.047362e+01,2.043169e+01,2.057140e+01,2.043868e+01,2.047362e+01,2.045266e+01,2.046663e+01,2.043169e+01,2.051554e+01,2.036875e+01,2.036875e+01,2.047362e+01,2.039673e+01,2.040372e+01,2.047362e+01,2.044567e+01,2.048061e+01,2.043868e+01,2.052252e+01,2.048061e+01,2.045964e+01,2.052252e+01,2.048759e+01,2.045266e+01,2.050855e+01,2.048061e+01,2.048061e+01,2.043169e+01,2.043169e+01,2.046663e+01,2.057140e+01,2.046663e+01,2.050157e+01,2.046663e+01,2.052950e+01,2.041770e+01,2.031278e+01,2.047362e+01,2.041770e+01,2.050157e+01,2.047362e+01,2.041071e+01,2.050855e+01,2.029878e+01,2.045266e+01,2.055743e+01,2.043868e+01,2.044567e+01,2.053649e+01,2.050157e+01,2.045266e+01,2.056442e+01,2.052950e+01,2.043169e+01,2.027778e+01,2.050157e+01,2.044567e+01,2.034777e+01,2.045266e+01,2.050157e+01,2.049458e+01,2.063420e+01,2.046663e+01,2.046663e+01,2.058536e+01,2.046663e+01,2.052252e+01,2.060629e+01,2.052252e+01,2.043868e+01,2.049458e+01,2.057838e+01,2.052950e+01,2.052950e+01,2.041071e+01,2.054347e+01,2.046663e+01,2.052252e+01,2.048759e+01,2.054347e+01,2.056442e+01,2.046663e+01,2.047362e+01,2.045964e+01,2.049458e+01,2.050855e+01,2.048061e+01,2.046663e+01,2.050157e+01,2.047362e+01,2.050157e+01,2.045266e+01,2.045964e+01,2.046663e+01,2.045964e+01,2.046663e+01,2.039673e+01,2.049458e+01,2.046663e+01,2.048759e+01,2.043868e+01,2.049458e+01,2.034077e+01,2.047362e+01,2.052950e+01,2.052252e+01,2.039673e+01,2.051554e+01,2.057838e+01,2.045266e+01,2.063420e+01,2.059234e+01,2.046663e+01,2.054347e+01,2.054347e+01,2.062723e+01,2.054347e+01,2.072486e+01,2.077363e+01,2.072486e+01,2.055743e+01,2.052252e+01,2.041071e+01,2.039673e+01,2.052950e+01,2.048759e+01,2.059234e+01,2.043169e+01,2.055045e+01,2.038974e+01,2.049458e+01,2.042470e+01,2.037575e+01,2.032678e+01,2.036176e+01,2.041071e+01,2.047362e+01,2.045964e+01,2.043169e+01,2.038274e+01,2.041071e+01,2.041770e+01,2.025677e+01,2.044567e+01,2.043868e+01,2.031978e+01,2.037575e+01,2.041071e+01,2.029878e+01,2.036176e+01,2.041071e+01,2.036875e+01,2.043169e+01,2.038974e+01,2.030578e+01,2.050855e+01,2.034077e+01,2.043169e+01,2.045964e+01,2.056442e+01,2.038974e+01,2.038274e+01,2.036875e+01,2.038274e+01,2.050157e+01,2.041071e+01,2.036176e+01,2.035476e+01,2.051554e+01,2.027078e+01,2.042470e+01,2.026378e+01,2.031278e+01,2.032678e+01,2.024977e+01,2.038974e+01,2.030578e+01,2.028478e+01,2.043868e+01,2.042470e+01,2.036176e+01,2.038974e+01,2.042470e+01,2.034077e+01,2.042470e+01,2.035476e+01,2.044567e+01,2.036176e+01,2.038274e+01,2.034077e+01,2.024277e+01,2.029878e+01,2.043868e+01,2.045266e+01,2.040372e+01,2.027078e+01,2.027778e+01,2.039673e+01,2.037575e+01,2.041071e+01,2.033377e+01,2.035476e+01,2.036176e+01,2.037575e+01,2.032678e+01,2.035476e+01,2.027778e+01,2.037575e+01,2.021475e+01,2.027778e+01,2.041770e+01,2.023577e+01,2.022176e+01,2.024977e+01,2.021475e+01,2.040372e+01,2.038974e+01,2.057838e+01,2.024277e+01,2.023577e+01
2.041770e+01,2.040372e+01,2.029178e+01,2.043868e+01,2.051554e+01,2.040372e+01,2.041770e+01,2.035476e+01,2.035476e+01,2.043868e+01,2.039673e+01,2.032678e+01,2.050157e+01,2.045964e+01,2.067605e+01,2.041770e+01,2.034077e+01,2.038974e+01,2.041071e+01,2.045964e+01,2.052950e+01,2.038274e+01,2.049458e+01,2.045964e+01,2.049458e+01,2.057838e+01,2.048061e+01,2.064118e+01,2.046663e+01,2.064118e+01,2.064816e+01,2.069697e+01,2.087808e+01,2.107971e+01,2.125320e+01,2.146792e+01,2.147484e+01,2.153709e+01,2.121159e+01,2.141255e+01,2.125320e+01,2.148176e+01,2.132944e+01,2.125320e+01,2.128786e+01,2.130865e+01,2.139871e+01,2.119078e+01,2.131559e+01,2.127400e+01,2.132944e+01,2.130865e+01,2.125320e+01,2.137101e+01,2.120465e+01,2.133637e+01,2.114914e+01,2.131559e+01,2.164075e+01,2.123240e+01,2.125320e+01,2.120465e+01,2.188912e+01,2.239775e+01,2.182019e+01,2.147484e+01,2.141255e+01,2.163385e+01,2.167528e+01,2.141948e+01,2.143332e+01,2.168219e+01,2.150943e+01,2.154400e+01,2.155783e+01,2.164075e+01,2.232231e+01,2.186155e+01,2.181329e+01,2.146792e+01,2.166838e+01,2.172361e+01,2.174431e+01,2.187534e+01,2.190290e+01,2.203372e+01,2.236346e+01,2.242517e+01,2.171671e+01,2.160621e+01,2.129479e+01,2.132252e+01,2.214375e+01,2.211625e+01,2.163385e+01,2.144716e+01,2.162694e+01,2.155092e+01,2.153017e+01,2.118384e+01,2.150943e+01,2.106581e+01,2.110054e+01,2.126013e+01,2.141255e+01,2.132252e+01,2.157857e+01,2.165457e+01,2.132944e+01,2.132252e+01,2.150943e+01,2.131559e+01,2.162003e+01,2.186155e+01,2.146100e+01,2.113526e+01,2.145408e+01,2.193045e+01,2.219185e+01,2.186844e+01,2.111443e+01,2.101718e+01,2.088504e+01,2.065513e+01,2.059932e+01,2.049458e+01,2.049458e+01,2.051554e+01,2.049458e+01,2.041770e+01,2.051554e+01,2.040372e+01,2.050855e+01,2.052252e+01,2.039673e+01,2.053649e+01,2.049458e+01,2.046663e+01,2.048061e+01,2.046663e+01,2.044567e+01,2.044567e+01,2.043868e+01,2.052950e+01,2.050855e+01,2.043169e+01,2.045266e+01,2.047362e+01,2.050855e+01,2.046663e+01,2.052252e+01,2.048061e+01,2.053649e+01,2.045964e+01,2.052950e+01,2.041071e+01,2.055045e+01,2.065513e+01,2.040372e+01,2.052950e+01,2.055045e+01,2.060629e+01,2.060629e+01,2.050157e+01,2.050855e+01,2.048759e+01,2.047362e+01,2.053649e+01,2.051554e+01,2.050855e+01,2.059234e+01,2.041770e+01,2.037575e+01,2.054347e+01,2.051554e+01,2.051554e+01,2.045964e+01,2.043868e+01,2.056442e+01,2.046663e+01,2.045266e+01,2.052950e+01,2.056442e+01,2.048061e+01,2.049458e+01,2.054347e+01,2.048061e+01,2.048061e+01,2.054347e+01,2.045964e+01,2.050157e+01,2.046663e+01,2.041770e+01,2.051554e+01,2.051554e+01,2.060629e+01,2.053649e+01,2.052252e+01,2.052950e+01,2.047362e+01,2.051554e+01,2.050157e+01,2.046663e+01,2.045964e+01,2.045266e+01,2.045964e+01,2.041770e+01,2.048759e+01,2.050157e+01,2.052252e+01,2.052950e+01,2.052252e+01,2.057838e+01,2.053649e+01,2.059234e+01,2.060629e+01,2.059234e+01,2.043868e+01,2.049458e+01,2.050157e+01,2.041770e+01,2.036875e+01,2.054347e+01,2.050855e+01,2.032678e+01,2.052252e+01,2.050855e+01,2.041770e+01,2.043868e+01,2.039673e+01,2.049458e+01,2.049458e+01,2.047362e+01,2.045266e+01,2.050157e+01,2.050855e+01,2.052252e+01,2.053649e+01,2.043868e+01,2.042470e+01,2.043169e+01,2.055045e+01,2.050855e+01,2.051554e+01,2.049458e+01,2.037575e+01,2.045964e+01,2.044567e+01,2.046663e+01,2.050855e+01,2.041770e+01,2.064816e+01,2.072486e+01,2.064118e+01,2.064816e+01,2.063420e+01,2.071091e+01,2.054347e+01,2.050855e+01,2.046663e+01,2.001139e+01,1.965274e+01,1.940587e+01,1.942705e+01,1.945529e+01,1.931402e+01,1.934229e+01,1.927160e+01,1.925745e+01,1.932109e+01,1.932815e+01,1.929281e+01,1.937762e+01,1.935642e+01,1.925745e+01,1.944823e+01,1.942705e+01,1.943411e+01,1.927867e+01,1.948352e+01,1.938468e+01,1.941293e+01,1.939174e+01,1.952586e+01,1.939174e+01,1.951880e+01,1.954701e+01,1.958932e+01,1.957522e+01,1.944118e+01,1.933522e+01,1.927867e+01,1.929988e+01,1.919378e+01,1.925038e+01,1.918670e+01,1.927867e+01,1.933522e+01,1.940587e+01,1.946941e+01,1.949058e+01,1.960342e+01,1.962456e+01,1.968796e+01,1.969500e+01,1.985683e+01,1.980058e+01,1.980761e+01,1.951175e+01,1.949058e+01,1.932109e+01,1.918670e+01,1.908047e+01,1.912298e+01,1.911590e+01,1.904504e+01,1.904504e+01,1.914422e+01,1.895995e+01,1.921501e+01,1.895286e+01,1.922208e+01,1.920793e+01,1.917962e+01,1.922208e+01,1.915838e+01,1.920085e+01,1.935642e+01,1.953996e+01,2.004648e+01,2.017972e+01,2.029178e+01,2.016570e+01,2.015168e+01,1.982168e+01,1.977947e+01,1.956112e+01,1.964570e+01,1.965274e+01,1.967388e+01,1.976540e+01,1.982871e+01,1.981464e+01,1.984277e+01,1.983574e+01,1.980761e+01,1.998330e+01,1.984980e+01,1.999033e+01,2.010260e+01,2.019373e+01,2.036176e+01,2.030578e+01,2.034077e+01,2.036176e+01,2.036875e+01,2.041071e+01,2.027078e+01,2.039673e+01,2.028478e+01,2.034077e+01,2.032678e+01,2.036176e+01,2.037575e+01,2.044567e+01,2.045964e+01,2.031278e+01,2.031978e+01,2.040372e+01,2.037575e+01,2.040372e+01,2.029178e+01,2.034777e+01,2.037575e+01,2.030578e+01,2.029878e+01,2.034077e+01,2.034077e+01,2.031278e+01,2.025677e+01,2.036875e+01,2.031978e+01,2.029878e+01,2.036875e+01,2.033377e+01,2.029178e+01,2.035476e+01,2.035476e+01,2.045964e+01,2.035476e+01,2.028478e+01,2.024277e+01,2.034777e+01,2.038974e+01,2.032678e+01,2.034777e+01,2.029878e+01,2.039673e+01,2.038274e+01,2.041770e+01,2.048759e+01,2.043169e+01,2.042470e+01,2.045266e+01,2.036875e+01,2.046663e+01,2.043169e+01,2.044567e+01,2.037575e+01,2.030578e+01,2.041770e+01,2.039673e+01,2.041071e+01,2.042470e+01,2.035476e+01,2.034777e+01,2.036176e+01,2.042470e+01,2.047362e+01,2.040372e+01,2.046663e+01,2.043868e+01,2.038974e+01,2.042470e+01,2.055743e+01,2.050855e+01,2.043169e+01,2.031278e+01,2.051554e+01,2.034777e+01,2.041071e+01,2.051554e+01,2.042470e+01,2.039673e+01,2.048061e+01,2.050855e+01,2.051554e+01,2.052950e+01,2.044567e+01,2.045964e+01,2.057838e+01,2.050157e+01,2.048061e+01,2.042470e+01,2.050855e+01,2.048061e+01,2.050855e+01,2.048061e+01,2.048061e+01,2.046663e+01,2.057838e+01,2.043169e+01,2.048759e+01,2.049458e+01,2.035476e+01,2.042470e+01,2.043169e+01,2.057140e+01,2.053649e+01,2.053649e+01,2.048759e+01,2.043169e+01,2.056442e+01,2.048759e+01,2.047362e+01,2.034777e+01,2.048061e+01,2.042470e+01,2.045266e+01,2.048061e+01,2.048061e+01,2.048759e+01,2.045266e+01,2.044567e+01,2.051554e+01,2.045266e+01,2.050855e+01,2.046663e+01,2.043868e+01,2.043868e+01,2.036875e+01,2.043868e+01,2.047362e+01,2.050855e+01,2.051554e+01,2.048061e+01,2.043169e+01,2.055743e+01,2.043169e+01,2.049458e+01,2.043868e+01,2.045964e+01,2.048759e+01,2.051554e+01,2.050855e+01,2.059932e+01,2.055743e+01,2.055045e+01,2.062723e+01,2.044567e+01,2.052950e+01,2.052252e+01,2.048759e+01,2.048759e+01,2.050157e+01,2.029878e+01,2.050855e+01,2.029178e+01,2.045266e+01,2.041770e+01,2.045964e+01,2.038974e+01,2.044567e+01,2.043169e+01,2.036176e+01,2.034077e+01,2.048061e+01,2.053649e+01,2.049458e+01,2.046663e+01,2.047362e+01,2.041071e+01,2.038974e+01,2.046663e+01,2.056442e+01,2.051554e+01,2.044567e+01,2.045266e+01,2.052950e+01,2.037575e+01,2.059932e+01,2.040372e+01,2.045266e+01,2.062025e+01,2.062025e+01,2.043169e+01,2.047362e+01,2.036176e+01,2.044567e+01,2.047362e+01,2.051554e+01,2.055743e+01,2.036875e+01,2.041071e+01,2.052950e+01,2.039673e+01,2.039673e+01,2.046663e+01,2.038974e+01,2.039673e+01,2.043868e+01,2.034077e+01,2.042470e+01,2.043868e+01,2.027778e+01,2.042470e+01,2.029178e+01,2.045964e+01,2.040372e+01,2.045266e+01,2.038974e+01,2.044567e+01,2.036875e+01,2.043868e+01,2.036176e+01,2.015869e+01,2.041071e+01,2.042470e+01,2.037575e+01,2.033377e+01,2.034077e+01,2.034077e+01,2.038974e+01,2.043169e+01,2.052252e+01,2.038974e+01,2.044567e+01,2.040372e+01,2.048759e+01,2.040372e+01,2.039673e+01,2.009559e+01,2.036875e+01,2.043868e+01,2.039673e+01,2.043169e+01,2.039673e+01,2.034077e+01,2.031278e+01,2.038974e+01,2.045266e+01,2.035476e+01,2.031278e+01,2.044567e+01,2.026378e+01,2.031978e+01,2.029878e+01,2.068303e+01,2.039673e+01,2.045964e+01,2.036875e+01,2.027078e+01,2.040372e+01,2.042470e+01,2.030578e+01,2.038974e+01,2.039673e+01,2.043868e+01,2.040372e+01,2.037575e+01,2.043169e+01,2.036875e+01,2.033377e+01,2.036875e+01,2.038274e+01,2.029878e+01,2.037575e+01,2.032678e+01,2.030578e+01,2.038974e+01,2.035476e+01,2.027778e+01,2.047362e+01,2.045964e+01,2.027778e+01,2.036176e+01,2.027778e+01,2.026378e+01,2.044567e+01,2.020774e+01,2.042470e+01,2.041071e+01,2.037575e+01,2.041071e+01,2.032678e+01,2.042470e+01,2.029878e+01,2.039673e+01,2.015168e+01,2.036875e+01
2.046663e+01,2.041770e+01,2.038974e+01,2.045266e+01,2.038974e+01,2.043868e+01,2.038274e+01,2.048061e+01,2.050855e+01,2.052252e+01,2.038274e+01,2.036875e+01,2.056442e+01,2.034777e+01,2.045964e+01,2.042470e+01,2.041770e+01,2.043868e+01,2.042470e+01,2.045266e+01,2.034077e+01,2.044567e+01,2.052252e+01,2.052252e+01,2.042470e+01,2.043169e+01,2.041770e+01,2.053649e+01,2.043169e+01,2.077363e+01,2.088504e+01,2.068303e+01,2.109360e+01,2.146792e+01,2.150251e+01,2.145408e+01,2.165457e+01,2.202684e+01,2.152326e+01,2.125320e+01,2.120465e+01,2.129479e+01,2.126707e+01,2.127400e+01,2.119771e+01,2.162694e+01,2.164075e+01,2.135715e+01,2.122546e+01,2.124627e+01,2.126013e+01,2.124627e+01,2.120465e+01,2.124627e+01,2.121159e+01,2.119771e+01,2.120465e+01,2.125320e+01,2.120465e+01,2.133637e+01,2.156474e+01,2.152326e+01,2.166147e+01,2.189601e+01,2.186155e+01,2.169600e+01,2.149559e+01,2.183398e+01,2.157857e+01,2.165457e+01,2.150251e+01,2.173741e+01,2.144716e+01,2.165457e+01,2.187534e+01,2.186844e+01,2.185466e+01,2.179260e+01,2.190979e+01,2.170290e+01,2.170290e+01,2.218498e+01,2.144024e+01,2.157166e+01,2.168219e+01,2.190290e+01,2.206812e+01,2.169600e+01,2.164766e+01,2.133637e+01,2.118384e+01,2.129479e+01,2.098242e+01,2.130173e+01,2.162003e+01,2.157857e+01,2.134330e+01,2.118384e+01,2.150251e+01,2.144024e+01,2.114220e+01,2.116302e+01,2.123240e+01,2.128786e+01,2.122546e+01,2.141948e+01,2.166838e+01,2.149559e+01,2.155783e+01,2.149559e+01,2.112137e+01,2.148868e+01,2.137793e+01,2.129479e+01,2.146100e+01,2.122546e+01,2.142640e+01,2.148868e+01,2.171671e+01,2.170980e+01,2.097547e+01,2.085720e+01,2.069697e+01,2.064118e+01,2.048061e+01,2.054347e+01,2.045964e+01,2.043868e+01,2.038974e+01,2.041770e+01,2.036176e+01,2.036176e+01,2.041770e+01,2.056442e+01,2.052950e+01,2.039673e+01,2.049458e+01,2.044567e+01,2.047362e+01,2.038974e+01,2.048061e+01,2.049458e+01,2.047362e+01,2.045266e+01,2.046663e+01,2.048061e+01,2.043169e+01,2.048759e+01,2.051554e+01,2.054347e+01,2.048061e+01,2.050157e+01,2.047362e+01,2.044567e+01,2.050157e+01,2.055045e+01,2.057838e+01,2.047362e+01,2.037575e+01,2.053649e+01,2.038274e+01,2.048759e+01,2.049458e+01,2.050855e+01,2.047362e+01,2.049458e+01,2.048759e+01,2.044567e+01,2.054347e+01,2.049458e+01,2.049458e+01,2.048061e+01,2.050855e+01,2.059932e+01,2.057838e+01,2.046663e+01,2.047362e+01,2.050157e+01,2.045266e+01,2.044567e+01,2.050855e+01,2.050157e+01,2.055045e+01,2.040372e+01,2.053649e+01,2.057140e+01,2.057838e+01,2.050855e+01,2.047362e+01,2.045266e+01,2.045964e+01,2.041770e+01,2.045266e+01,2.050157e+01,2.055743e+01,2.052950e+01,2.046663e+01,2.046663e+01,2.052950e+01,2.047362e+01,2.041770e+01,2.059234e+01,2.045964e+01,2.046663e+01,2.057838e+01,2.050157e+01,2.046663e+01,2.032678e+01,2.034777e+01,2.046663e+01,2.048759e+01,2.048061e+01,2.048759e+01,2.046663e+01,2.047362e+01,2.054347e+01,2.047362e+01,2.059234e+01,2.057140e+01,2.039673e+01,2.038974e+01,2.054347e+01,2.041770e+01,2.050855e+01,2.043868e+01,2.041071e+01,2.054347e+01,2.041071e+01,2.052950e+01,2.041770e+01,2.043868e+01,2.044567e+01,2.040372e+01,2.046663e+01,2.050855e+01,2.051554e+01,2.052252e+01,2.046663e+01,2.049458e+01,2.047362e+01,2.043868e+01,2.045964e+01,2.045266e+01,2.037575e+01,2.043169e+01,2.038974e+01,2.040372e+01,2.048061e+01,2.060629e+01,2.031278e+01,2.041770e+01,2.055743e+01,2.068303e+01,2.073879e+01,2.089200e+01,2.066211e+01,2.069000e+01,2.071789e+01,2.041071e+01,2.052252e+01,2.036875e+01,1.972317e+01,1.949764e+01,1.934229e+01,1.945529e+01,1.949058e+01,1.941999e+01,1.937762e+01,1.936349e+01,1.940587e+01,1.934229e+01,1.916546e+01,1.929988e+01,1.941293e+01,1.949764e+01,1.940587e+01,1.939174e+01,1.938468e+01,1.934229e+01,1.938468e+01,1.946941e+01,1.947647e+01,1.955407e+01,1.972317e+01,1.974428e+01,1.965274e+01,1.970205e+01,1.970909e+01,1.979354e+01,1.951175e+01,1.942705e+01,1.918670e+01,1.919378e+01,1.925038e+01,1.915130e+01,1.920793e+01,1.925745e+01,1.920793e+01,1.932815e+01,1.945529e+01,1.939174e+01,1.956817e+01,1.957522e+01,1.962456e+01,1.984277e+01,1.986386e+01,1.979354e+01,1.977243e+01,1.957522e+01,1.937762e+01,1.920793e+01,1.919378e+01,1.920793e+01,1.913006e+01,1.908047e+01,1.913006e+01,1.908756e+01,1.918670e+01,1.917962e+01,1.898832e+01,1.922916e+01,1.923623e+01,1.922208e+01,1.921501e+01,1.920793e+01,1.920085e+01,1.919378e+01,1.938468e+01,1.964570e+01,1.989901e+01,2.012364e+01,1.984980e+01,1.973725e+01,1.973725e+01,1.974428e+01,1.961047e+01,1.965274e+01,1.964570e+01,1.962456e+01,1.962456e+01,1.966683e+01,1.970205e+01,1.962456e+01,1.973725e+01,1.984277e+01,1.990604e+01,1.980058e+01,1.985683e+01,1.998330e+01,1.992711e+01,2.005350e+01,2.004648e+01,2.035476e+01,2.031978e+01,2.036176e+01,2.036875e+01,2.043868e+01,2.038274e+01,2.043169e+01,2.031278e+01,2.028478e+01,2.038974e+01,2.038974e+01,2.032678e+01,2.031278e+01,2.034077e+01,2.042470e+01,2.028478e+01,2.033377e+01,2.036875e+01,2.045266e+01,2.035476e+01,2.043169e+01,2.036176e+01,2.035476e+01,2.045266e+01,2.031978e+01,2.029878e+01,2.034077e+01,2.029178e+01,2.041770e+01,2.035476e+01,2.035476e+01,2.038274e+01,2.032678e+01,2.045266e+01,2.035476e+01,2.029878e+01,2.029178e+01,2.037575e+01,2.032678e+01,2.038274e+01,2.043169e+01,2.041770e+01,2.033377e+01,2.033377e+01,2.046663e+01,2.038274e+01,2.036875e+01,2.054347e+01,2.044567e+01,2.042470e+01,2.041071e+01,2.045266e+01,2.037575e+01,2.031978e+01,2.040372e+01,2.038974e+01,2.040372e+01,2.043169e+01,2.046663e+01,2.043169e+01,2.038974e+01,2.045266e+01,2.034077e+01,2.041770e+01,2.041071e+01,2.041071e+01,2.043868e+01,2.041770e+01,2.049458e+01,2.052950e+01,2.041770e+01,2.041770e+01,2.051554e+01,2.039673e+01,2.044567e+01,2.043169e+01,2.043169e+01,2.039673e+01,2.052252e+01,2.050855e+01,2.039673e+01,2.052252e+01,2.043868e+01,2.040372e+01,2.041071e+01,2.045964e+01,2.044567e+01,2.057838e+01,2.046663e+01,2.057140e+01,2.057838e+01,2.055045e+01,2.052252e+01,2.050157e+01,2.050157e+01,2.056442e+01,2.059234e+01,2.051554e+01,2.043169e+01,2.055045e+01,2.046663e+01,2.052950e+01,2.051554e+01,2.056442e+01,2.038274e+01,2.037575e+01,2.052252e+01,2.043169e+01,2.048061e+01,2.047362e+01,2.069697e+01,2.043169e+01,2.051554e+01,2.040372e+01,2.041071e+01,2.038274e+01,2.036875e+01,2.055045e+01,2.045964e+01,2.047362e+01,2.052252e+01,2.054347e+01,2.038274e+01,2.036875e+01,2.048061e+01,2.041071e+01,2.045266e+01,2.039673e+01,2.043868e+01,2.049458e+01,2.049458e+01,2.048759e+01,2.050157e+01,2.038274e+01,2.045266e+01,2.052252e+01,2.055743e+01,2.045964e+01,2.052950e+01,2.050157e+01,2.044567e+01,2.049458e+01,2.041770e+01,2.043169e+01,2.053649e+01,2.054347e+01,2.055743e+01,2.053649e+01,2.054347e+01,2.054347e+01,2.036875e+01,2.043868e+01,2.052252e+01,2.051554e+01,2.048061e+01,2.043169e+01,2.051554e+01,2.042470e+01,2.043868e+01,2.046663e+01,2.043169e+01,2.043169e+01,2.040372e+01,2.055045e+01,2.042470e+01,2.059234e+01,2.049458e+01,2.055045e+01,2.043169e+01,2.046663e+01,2.041770e+01,2.056442e+01,2.051554e+01,2.040372e+01,2.054347e+01,2.037575e+01,2.055045e+01,2.038974e+01,2.043868e+01,2.038274e+01,2.035476e+01,2.053649e+01,2.042470e+01,2.041071e+01,2.043868e+01,2.047362e+01,2.043169e+01,2.055743e+01,2.049458e+01,2.055045e+01,2.052252e+01,2.038274e+01,2.041770e+01,2.039673e+01,2.041770e+01,2.041770e+01,2.045266e+01,2.036875e+01,2.037575e+01,2.048061e+01,2.028478e+01,2.051554e+01,2.045964e+01,2.025677e+01,2.036875e+01,2.035476e+01,2.047362e+01,2.043169e+01,2.024277e+01,2.046663e+01,2.036875e+01,2.028478e+01,2.043868e+01,2.041770e+01,2.031278e+01,2.042470e+01,2.028478e+01,2.035476e+01,2.030578e+01,2.038274e+01,2.038974e+01,2.044567e+01,2.035476e+01,2.050855e+01,2.050157e+01,2.044567e+01,2.047362e+01,2.041071e+01,2.041071e+01,2.038274e+01,2.036176e+01,2.033377e+01,2.043169e+01,2.036875e+01,2.045266e+01,2.041770e+01,2.027778e+01,2.040372e+01,2.033377e+01,2.044567e+01,2.042470e+01,2.041770e+01,2.034777e+01,2.029178e+01,2.037575e+01,2.035476e+01,2.030578e+01,2.034777e+01,2.022876e+01,2.040372e+01,2.027078e+01,2.045964e+01,2.041770e+01,2.038274e+01,2.038974e+01,2.047362e+01,2.040372e+01,2.034077e+01,2.036176e+01,2.041071e+01,2.041770e+01,2.043868e+01,2.031278e+01,2.045266e+01,2.027778e+01,2.024277e+01,2.034777e+01,2.051554e+01,2.041071e+01,2.037575e+01,2.038274e+01,2.029878e+01,2.047362e+01,2.042470e+01,2.018673e+01,2.042470e+01,2.039673e+01,2.024977e+01,2.031978e+01,2.032678e+01,2.037575e+01,2.034077e+01,2.024977e+01,2.028478e+01,2.034077e+01,2.024277e+01,2.028478e+01,2.034077e+01
2.043169e+01,2.042470e+01,2.038274e+01,2.050157e+01,2.036176e+01,2.043868e+01,2.038974e+01,2.000437e+01,2.032678e+01,2.042470e+01,2.047362e+01,2.051554e+01,2.022176e+01,2.047362e+01,2.048759e+01,2.041770e+01,2.037575e+01,2.043169e+01,2.043868e+01,2.037575e+01,2.043868e+01,2.048759e+01,2.065513e+01,2.055045e+01,2.048759e+01,2.051554e+01,2.043868e+01,2.051554e+01,2.071091e+01,2.069697e+01,2.072486e+01,2.115608e+01,2.129479e+01,2.141948e+01,2.148868e+01,2.154400e+01,2.164075e+01,2.201995e+01,2.195800e+01,2.159239e+01,2.153709e+01,2.160621e+01,2.128093e+01,2.142640e+01,2.164766e+01,2.157857e+01,2.155783e+01,2.132252e+01,2.110054e+01,2.121852e+01,2.126707e+01,2.120465e+01,2.125320e+01,2.105192e+01,2.126707e+01,2.116996e+01,2.119771e+01,2.116996e+01,2.125320e+01,2.160621e+01,2.197865e+01,2.234975e+01,2.157166e+01,2.190979e+01,2.210938e+01,2.147484e+01,2.172361e+01,2.219185e+01,2.189601e+01,2.234975e+01,2.225367e+01,2.193734e+01,2.155092e+01,2.161312e+01,2.154400e+01,2.143332e+01,2.138486e+01,2.193045e+01,2.225367e+01,2.184776e+01,2.160621e+01,2.155092e+01,2.155783e+01,2.157857e+01,2.219872e+01,2.236346e+01,2.192356e+01,2.142640e+01,2.132252e+01,2.164075e+01,2.164075e+01,2.100327e+01,2.101023e+01,2.105192e+01,2.119078e+01,2.121159e+01,2.122546e+01,2.116302e+01,2.138486e+01,2.116996e+01,2.153709e+01,2.122546e+01,2.137101e+01,2.177191e+01,2.146100e+01,2.146792e+01,2.146100e+01,2.150943e+01,2.158548e+01,2.142640e+01,2.115608e+01,2.143332e+01,2.159239e+01,2.164075e+01,2.141948e+01,2.141255e+01,2.126013e+01,2.119771e+01,2.130173e+01,2.102413e+01,2.092679e+01,2.094765e+01,2.066211e+01,2.063420e+01,2.042470e+01,2.043169e+01,2.052950e+01,2.043169e+01,2.044567e+01,2.048759e+01,2.041770e+01,2.049458e+01,2.045266e+01,2.043169e+01,2.057140e+01,2.045964e+01,2.045266e+01,2.051554e+01,2.048759e+01,2.048759e+01,2.044567e+01,2.045266e+01,2.045964e+01,2.054347e+01,2.049458e+01,2.046663e+01,2.048759e+01,2.049458e+01,2.045266e+01,2.052950e+01,2.041770e+01,2.045266e+01,2.043868e+01,2.058536e+01,2.043868e+01,2.056442e+01,2.061327e+01,2.053649e+01,2.052950e+01,2.052252e+01,2.052252e+01,2.042470e+01,2.042470e+01,2.050157e+01,2.049458e+01,2.044567e+01,2.051554e+01,2.043868e+01,2.050855e+01,2.048759e+01,2.048061e+01,2.056442e+01,2.057140e+01,2.052252e+01,2.049458e+01,2.035476e+01,2.049458e+01,2.061327e+01,2.045266e+01,2.047362e+01,2.049458e+01,2.050157e+01,2.055045e+01,2.049458e+01,2.049458e+01,2.051554e+01,2.041071e+01,2.044567e+01,2.061327e+01,2.040372e+01,2.043868e+01,2.057140e+01,2.051554e+01,2.050855e+01,2.055743e+01,2.049458e+01,2.038974e+01,2.045266e+01,2.055743e+01,2.045964e+01,2.051554e+01,2.059234e+01,2.051554e+01,2.052252e+01,2.050855e+01,2.043169e+01,2.041071e+01,2.055743e+01,2.048759e+01,2.051554e+01,2.051554e+01,2.055045e+01,2.052950e+01,2.042470e+01,2.045266e+01,2.046663e+01,2.056442e+01,2.052950e+01,2.042470e+01,2.051554e+01,2.041770e+01,2.045964e+01,2.048061e+01,2.046663e+01,2.046663e+01,2.042470e+01,2.055743e+01,2.045266e+01,2.038274e+01,2.042470e+01,2.045266e+01,2.044567e+01,2.048061e+01,2.031978e+01,2.032678e+01,2.052950e+01,2.044567e+01,2.050855e+01,2.043868e+01,2.050855e+01,2.043169e+01,2.048759e+01,2.055045e+01,2.048061e+01,2.038274e+01,2.053649e+01,2.049458e+01,2.034077e+01,2.043169e+01,2.040372e+01,2.048061e+01,2.066908e+01,2.069000e+01,2.068303e+01,2.067605e+01,2.064816e+01,2.065513e+01,2.066211e+01,2.057838e+01,2.052252e+01,2.052950e+01,2.024277e+01,1.993414e+01,1.977243e+01,1.944823e+01,1.944118e+01,1.937055e+01,1.945529e+01,1.932109e+01,1.939881e+01,1.932815e+01,1.945529e+01,1.943411e+01,1.952586e+01,1.939174e+01,1.939881e+01,1.940587e+01,1.941293e+01,1.945529e+01,1.941293e+01,1.949058e+01,1.959637e+01,1.977947e+01,1.965274e+01,1.984980e+01,1.987792e+01,1.995521e+01,1.988495e+01,1.967388e+01,1.938468e+01,1.932109e+01,1.941293e+01,1.917254e+01,1.916546e+01,1.915130e+01,1.929988e+01,1.932815e+01,1.928574e+01,1.927160e+01,1.941293e+01,1.946941e+01,1.949058e+01,1.949058e+01,1.955407e+01,1.985683e+01,1.983574e+01,1.956817e+01,1.958932e+01,1.945529e+01,1.939881e+01,1.937055e+01,1.937055e+01,1.917962e+01,1.920793e+01,1.918670e+01,1.923623e+01,1.918670e+01,1.916546e+01,1.916546e+01,1.917962e+01,1.921501e+01,1.927160e+01,1.935642e+01,1.930695e+01,1.929988e+01,1.923623e+01,1.939881e+01,1.937055e+01,1.944823e+01,1.970205e+01,1.958227e+01,1.952586e+01,1.951880e+01,1.966683e+01,1.957522e+01,1.950469e+01,1.959637e+01,1.944118e+01,1.958932e+01,1.960342e+01,1.965274e+01,1.973725e+01,1.973725e+01,1.973021e+01,1.962456e+01,1.980761e+01,1.976540e+01,1.983574e+01,1.986386e+01,1.998330e+01,2.000437e+01,2.005350e+01,2.027778e+01,2.032678e+01,2.037575e+01,2.037575e+01,2.038974e+01,2.033377e+01,2.038274e+01,2.040372e+01,2.041071e+01,2.036176e+01,2.034777e+01,2.036875e+01,2.020774e+01,2.045964e+01,2.031978e+01,2.029178e+01,2.032678e+01,2.021475e+01,2.042470e+01,2.039673e+01,2.043169e+01,2.034777e+01,2.041071e+01,2.031978e+01,2.034077e+01,2.029878e+01,2.035476e+01,2.031978e+01,2.038974e+01,2.026378e+01,2.037575e+01,2.030578e+01,2.029178e+01,2.031978e+01,2.036176e+01,2.044567e+01,2.043169e+01,2.043169e+01,2.032678e+01,2.034777e+01,2.033377e+01,2.045964e+01,2.036176e+01,2.034077e+01,2.029878e+01,2.038974e+01,2.055743e+01,2.027078e+01,2.040372e+01,2.040372e+01,2.043169e+01,2.027778e+01,2.038974e+01,2.039673e+01,2.030578e+01,2.041071e+01,2.042470e+01,2.043868e+01,2.038274e+01,2.054347e+01,2.046663e+01,2.037575e+01,2.040372e+01,2.035476e+01,2.042470e+01,2.041071e+01,2.030578e+01,2.031278e+01,2.041770e+01,2.043169e+01,2.048061e+01,2.038974e+01,2.055045e+01,2.045964e+01,2.069697e+01,2.045266e+01,2.065513e+01,2.039673e+01,2.046663e+01,2.048061e+01,2.046663e+01,2.042470e+01,2.043868e+01,2.047362e+01,2.047362e+01,2.048061e+01,2.041770e+01,2.048759e+01,2.049458e+01,2.064816e+01,2.057838e+01,2.045964e+01,2.048061e+01,2.027778e+01,2.048759e+01,2.048061e+01,2.046663e+01,2.044567e+01,2.055743e+01,2.044567e+01,2.054347e+01,2.043868e+01,2.043169e+01,2.038974e+01,2.047362e+01,2.037575e+01,2.052950e+01,2.038974e+01,2.052252e+01,2.043868e+01,2.041770e+01,2.031278e+01,2.041770e+01,2.034077e+01,2.037575e+01,2.043868e+01,2.052252e+01,2.055045e+01,2.043169e+01,2.041770e+01,2.040372e+01,2.046663e+01,2.055743e+01,2.041071e+01,2.047362e+01,2.049458e+01,2.035476e+01,2.047362e+01,2.055045e+01,2.050855e+01,2.029878e+01,2.049458e+01,2.048759e+01,2.052252e+01,2.045964e+01,2.054347e+01,2.043868e+01,2.045266e+01,2.051554e+01,2.043868e+01,2.046663e+01,2.039673e+01,2.045964e+01,2.044567e+01,2.049458e+01,2.045964e+01,2.045964e+01,2.043169e+01,2.045964e+01,2.049458e+01,2.042470e+01,2.041071e+01,2.053649e+01,2.049458e+01,2.037575e+01,2.047362e+01,2.058536e+01,2.037575e+01,2.043169e+01,2.041770e+01,2.044567e+01,2.044567e+01,2.055045e+01,2.038974e+01,2.042470e+01,2.052252e+01,2.043868e+01,2.024977e+01,2.040372e+01,2.050157e+01,2.049458e+01,2.048061e+01,2.044567e+01,2.042470e+01,2.043868e+01,2.037575e+01,2.050855e+01,2.051554e+01,2.039673e+01,2.061327e+01,2.048759e+01,2.061327e+01,2.040372e+01,2.040372e+01,2.040372e+01,2.036176e+01,2.041071e+01,2.034777e+01,2.033377e+01,2.048759e+01,2.045964e+01,2.052950e+01,2.039673e+01,2.041071e+01,2.043169e+01,2.041071e+01,2.035476e+01,2.038274e+01,2.036875e+01,2.034077e+01,2.038274e+01,2.033377e+01,2.040372e+01,2.035476e+01,2.048759e+01,2.039673e+01,2.044567e+01,2.043868e+01,2.047362e+01,2.044567e+01,2.049458e+01,2.043169e+01,2.045964e+01,2.034077e+01,2.038974e+01,2.044567e+01,2.030578e+01,2.036176e+01,2.036875e+01,2.031978e+01,2.033377e+01,2.042470e+01,2.038274e+01,2.038274e+01,2.036875e+01,2.043868e+01,2.043169e+01,2.044567e+01,2.053649e+01,2.039673e+01,2.036875e+01,2.038274e+01,2.033377e+01,2.050855e+01,2.050157e+01,2.045266e+01,2.043169e+01,2.031978e+01,2.044567e+01,2.038274e+01,2.045964e+01,2.034777e+01,2.027778e+01,2.031978e+01,2.043169e+01,2.032678e+01,2.034077e+01,2.041071e+01,2.030578e+01,2.041770e+01,2.043169e+01,2.037575e+01,2.035476e+01,2.019373e+01,2.031278e+01,2.029178e+01,2.036875e+01,2.044567e+01,2.034077e+01,2.034077e+01,2.015869e+01,2.029878e+01,2.023577e+01,2.022876e+01,2.048759e+01,2.032678e+01,2.027778e+01,2.034777e+01,2.030578e+01,2.030578e+01,2.041071e+01,2.035476e+01,2.048061e+01,2.027778e+01,2.043868e+01,2.038274e+01,2.028478e+01,2.022176e+01,2.042470e+01,2.026378e+01,2.031278e+01,2.027778e+01,2.025677e+01,2.021475e+01,2.025677e+01,2.025677e+01,2.034777e+01,2.027778e+01
2.041770e+01,2.036875e+01,2.039673e+01,2.042470e+01,2.041071e+01,2.052252e+01,2.038274e+01,2.033377e+01,2.034777e+01,2.040372e+01,2.048061e+01,2.069000e+01,2.054347e+01,2.050157e+01,2.034777e+01,2.031978e+01,2.045964e+01,2.041770e+01,2.043169e+01,2.041071e+01,2.041770e+01,2.066211e+01,2.049458e+01,2.043868e+01,2.039673e+01,2.050157e+01,2.059932e+01,2.054347e+01,2.049458e+01,2.073182e+01,2.098242e+01,2.134330e+01,2.196489e+01,2.153709e+01,2.132252e+01,2.144024e+01,2.139178e+01,2.237032e+01,2.224680e+01,2.164766e+01,2.150943e+01,2.144716e+01,2.139178e+01,2.164766e+01,2.182019e+01,2.217124e+01,2.267164e+01,2.130865e+01,2.131559e+01,2.121852e+01,2.117690e+01,2.116996e+01,2.125320e+01,2.127400e+01,2.115608e+01,2.120465e+01,2.130173e+01,2.132944e+01,2.153017e+01,2.164075e+01,2.203372e+01,2.175811e+01,2.160621e+01,2.151634e+01,2.151634e+01,2.166838e+01,2.194423e+01,2.204748e+01,2.207499e+01,2.239775e+01,2.230858e+01,2.228799e+01,2.195800e+01,2.220559e+01,2.180640e+01,2.146100e+01,2.182708e+01,2.199242e+01,2.216437e+01,2.215063e+01,2.188223e+01,2.144716e+01,2.167528e+01,2.282880e+01,2.283563e+01,2.170290e+01,2.177191e+01,2.194423e+01,2.239090e+01,2.170290e+01,2.158548e+01,2.126707e+01,2.107276e+01,2.117690e+01,2.112137e+01,2.119771e+01,2.117690e+01,2.117690e+01,2.119078e+01,2.118384e+01,2.121159e+01,2.138486e+01,2.162694e+01,2.198554e+01,2.163385e+01,2.155783e+01,2.178571e+01,2.180640e+01,2.153017e+01,2.151634e+01,2.106581e+01,2.141255e+01,2.197865e+01,2.160621e+01,2.148868e+01,2.138486e+01,2.143332e+01,2.131559e+01,2.138486e+01,2.121159e+01,2.084328e+01,2.089896e+01,2.062025e+01,2.079453e+01,2.034077e+01,2.045266e+01,2.057140e+01,2.052950e+01,2.037575e+01,2.049458e+01,2.046663e+01,2.035476e+01,2.044567e+01,2.044567e+01,2.049458e+01,2.059234e+01,2.038274e+01,2.046663e+01,2.048759e+01,2.041770e+01,2.047362e+01,2.039673e+01,2.042470e+01,2.042470e+01,2.041770e+01,2.045964e+01,2.043868e+01,2.051554e+01,2.048759e+01,2.054347e+01,2.050157e+01,2.034777e+01,2.045964e+01,2.049458e+01,2.044567e+01,2.045266e+01,2.044567e+01,2.052252e+01,2.050157e+01,2.051554e+01,2.043868e+01,2.056442e+01,2.038274e+01,2.045266e+01,2.043169e+01,2.043868e+01,2.044567e+01,2.049458e+01,2.045964e+01,2.046663e+01,2.047362e+01,2.043169e+01,2.039673e+01,2.038974e+01,2.034777e+01,2.050157e+01,2.048061e+01,2.041071e+01,2.051554e+01,2.045266e+01,2.045266e+01,2.048759e+01,2.055045e+01,2.044567e+01,2.041071e+01,2.052252e+01,2.056442e+01,2.052252e+01,2.041770e+01,2.040372e+01,2.042470e+01,2.040372e+01,2.048759e+01,2.043169e+01,2.056442e+01,2.057140e+01,2.044567e+01,2.049458e+01,2.045964e+01,2.062723e+01,2.050157e+01,2.050157e+01,2.053649e+01,2.046663e+01,2.050157e+01,2.045964e+01,2.040372e+01,2.055045e+01,2.035476e+01,2.039673e+01,2.050157e+01,2.054347e+01,2.035476e+01,2.042470e+01,2.041071e+01,2.046663e+01,2.047362e+01,2.044567e+01,2.047362e+01,2.043868e+01,2.046663e+01,2.052950e+01,2.049458e+01,2.049458e+01,2.030578e+01,2.043868e+01,2.036875e+01,2.040372e+01,2.043868e+01,2.043169e+01,2.038974e+01,2.042470e+01,2.040372e+01,2.038274e+01,2.048061e+01,2.047362e+01,2.038274e+01,2.048061e+01,2.050855e+01,2.038274e+01,2.043868e+01,2.036176e+01,2.038974e+01,2.036176e+01,2.045266e+01,2.034077e+01,2.046663e+01,2.045964e+01,2.042470e+01,2.034077e+01,2.050157e+01,2.047362e+01,2.066908e+01,2.067605e+01,2.066908e+01,2.066908e+01,2.058536e+01,2.066211e+01,2.062025e+01,2.059234e+01,2.047362e+01,2.044567e+01,2.025677e+01,2.006753e+01,1.965274e+01,1.958932e+01,1.961047e+01,1.950469e+01,1.947647e+01,1.944823e+01,1.948352e+01,1.946235e+01,1.957522e+01,1.945529e+01,1.939174e+01,1.943411e+01,1.956817e+01,1.949764e+01,1.951175e+01,1.951175e+01,1.968092e+01,1.980761e+01,1.984277e+01,1.983574e+01,2.014467e+01,2.016570e+01,2.018673e+01,2.002542e+01,1.980761e+01,1.946235e+01,1.939174e+01,1.932109e+01,1.915838e+01,1.928574e+01,1.913006e+01,1.917254e+01,1.930695e+01,1.933522e+01,1.929988e+01,1.927160e+01,1.941999e+01,1.950469e+01,1.951175e+01,1.968092e+01,1.953291e+01,1.963865e+01,1.960342e+01,1.951880e+01,1.948352e+01,1.937762e+01,1.929281e+01,1.921501e+01,1.922916e+01,1.920085e+01,1.917254e+01,1.917254e+01,1.913006e+01,1.917962e+01,1.916546e+01,1.908756e+01,1.928574e+01,1.912298e+01,1.921501e+01,1.926452e+01,1.922208e+01,1.930695e+01,1.922208e+01,1.934229e+01,1.953996e+01,1.942705e+01,1.936349e+01,1.939881e+01,1.938468e+01,1.943411e+01,1.947647e+01,1.968796e+01,1.965979e+01,1.949058e+01,1.957522e+01,1.958932e+01,1.956817e+01,1.968092e+01,1.967388e+01,1.956817e+01,1.970205e+01,1.969500e+01,1.970205e+01,1.970205e+01,1.984980e+01,1.989901e+01,1.989198e+01,2.019373e+01,2.030578e+01,2.031278e+01,2.033377e+01,2.026378e+01,2.036875e+01,2.041071e+01,2.037575e+01,2.030578e+01,2.042470e+01,2.036875e+01,2.031278e+01,2.038274e+01,2.031978e+01,2.042470e+01,2.036176e+01,2.033377e+01,2.036176e+01,2.034777e+01,2.035476e+01,2.035476e+01,2.042470e+01,2.035476e+01,2.029878e+01,2.038974e+01,2.048759e+01,2.034077e+01,2.029178e+01,2.029178e+01,2.028478e+01,2.028478e+01,2.031278e+01,2.034077e+01,2.033377e+01,2.036875e+01,2.038274e+01,2.028478e+01,2.037575e+01,2.030578e+01,2.047362e+01,2.034077e+01,2.039673e+01,2.033377e+01,2.044567e+01,2.035476e+01,2.025677e+01,2.048061e+01,2.039673e+01,2.031278e+01,2.038274e+01,2.044567e+01,2.041770e+01,2.031978e+01,2.034777e+01,2.048061e+01,2.044567e+01,2.038274e+01,2.041071e+01,2.035476e+01,2.036875e+01,2.038274e+01,2.049458e+01,2.054347e+01,2.038974e+01,2.034777e+01,2.043169e+01,2.027778e+01,2.041071e+01,2.030578e+01,2.034077e+01,2.038274e+01,2.042470e+01,2.036176e+01,2.039673e+01,2.038974e+01,2.031278e+01,2.048061e+01,2.055045e+01,2.048061e+01,2.043868e+01,2.055045e+01,2.045266e+01,2.053649e+01,2.044567e+01,2.043169e+01,2.055743e+01,2.048759e+01,2.046663e+01,2.066211e+01,2.042470e+01,2.042470e+01,2.045964e+01,2.051554e+01,2.046663e+01,2.039673e+01,2.055045e+01,2.031278e+01,2.054347e+01,2.052950e+01,2.043169e+01,2.052950e+01,2.062025e+01,2.045266e+01,2.043868e+01,2.037575e+01,2.056442e+01,2.057140e+01,2.036176e+01,2.050157e+01,2.043868e+01,2.045964e+01,2.042470e+01,2.039673e+01,2.038274e+01,2.032678e+01,2.034077e+01,2.048759e+01,2.047362e+01,2.038974e+01,2.055045e+01,2.059234e+01,2.041071e+01,2.040372e+01,2.041071e+01,2.041071e+01,2.048759e+01,2.042470e+01,2.052950e+01,2.045964e+01,2.050157e+01,2.052950e+01,2.049458e+01,2.051554e+01,2.050855e+01,2.033377e+01,2.052252e+01,2.051554e+01,2.043868e+01,2.051554e+01,2.051554e+01,2.052950e+01,2.044567e+01,2.048061e+01,2.049458e+01,2.039673e+01,2.052252e+01,2.043169e+01,2.043868e+01,2.043169e+01,2.047362e+01,2.056442e+01,2.052252e+01,2.037575e+01,2.052950e+01,2.050157e+01,2.042470e+01,2.045964e+01,2.041071e+01,2.046663e+01,2.043868e+01,2.045266e+01,2.027078e+01,2.042470e+01,2.054347e+01,2.043169e+01,2.032678e+01,2.036875e+01,2.048759e+01,2.044567e+01,2.036176e+01,2.047362e+01,2.047362e+01,2.041770e+01,2.059234e+01,2.045964e+01,2.043868e+01,2.044567e+01,2.037575e+01,2.049458e+01,2.052252e+01,2.042470e+01,2.059234e+01,2.061327e+01,2.054347e+01,2.055743e+01,2.041770e+01,2.042470e+01,2.043169e+01,2.065513e+01,2.039673e+01,2.036875e+01,2.052252e+01,2.040372e+01,2.038274e+01,2.032678e+01,2.034077e+01,2.032678e+01,2.036176e+01,2.043868e+01,2.055045e+01,2.037575e+01,2.038274e+01,2.043868e+01,2.036176e+01,2.037575e+01,2.041071e+01,2.043169e+01,2.044567e+01,2.045266e+01,2.029878e+01,2.043868e+01,2.028478e+01,2.043868e+01,2.044567e+01,2.041770e+01,2.044567e+01,2.045964e+01,2.039673e+01,2.040372e+01,2.031978e+01,2.054347e+01,2.034077e+01,2.038974e+01,2.030578e+01,2.036875e+01,2.037575e+01,2.036875e+01,2.043868e+01,2.035476e+01,2.036176e+01,2.037575e+01,2.037575e+01,2.042470e+01,2.018673e+01,2.043868e+01,2.045964e+01,2.050855e+01,2.043868e+01,2.041770e+01,2.041770e+01,2.036176e+01,2.037575e+01,2.045964e+01,2.023577e+01,2.033377e+01,2.057140e+01,2.043868e+01,2.038274e+01,2.022176e+01,2.031978e+01,2.034777e+01,2.038974e+01,2.028478e+01,2.028478e+01,2.037575e+01,2.039673e+01,2.042470e+01,2.045266e+01,2.037575e+01,2.039673e+01,2.040372e+01,2.043169e+01,2.029178e+01,2.043169e+01,2.044567e+01,2.033377e+01,2.031278e+01,2.026378e+01,2.046663e+01,2.034777e+01,2.030578e+01,2.028478e+01,2.023577e+01,2.031278e+01,2.029878e+01,2.044567e+01,2.030578e+01,2.024977e+01,2.025677e+01,2.030578e+01,2.029878e+01,2.023577e+01,2.021475e+01,2.028478e+01,2.034077e+01,2.034777e+01,2.036875e+01,2.024977e+01,2.025677e+01
2.044567e+01,2.042470e+01,2.037575e+01,2.049458e+01,2.038274e+01,2.035476e+01,2.041071e+01,2.042470e+01,2.036176e+01,2.036875e+01,2.040372e+01,2.048061e+01,2.046663e+01,2.034077e+01,2.048061e+01,2.048061e+01,2.050855e+01,2.042470e+01,2.043868e+01,2.038274e+01,2.041770e+01,2.047362e+01,2.041770e+01,2.052950e+01,2.045266e+01,2.050855e+01,2.041071e+01,2.055743e+01,2.056442e+01,2.075273e+01,2.118384e+01,2.153017e+01,2.239775e+01,2.194423e+01,2.147484e+01,2.135715e+01,2.142640e+01,2.147484e+01,2.141255e+01,2.139871e+01,2.160621e+01,2.140563e+01,2.162003e+01,2.162694e+01,2.168219e+01,2.184776e+01,2.217124e+01,2.166147e+01,2.141948e+01,2.121159e+01,2.123240e+01,2.126013e+01,2.125320e+01,2.159930e+01,2.158548e+01,2.159239e+01,2.157166e+01,2.161312e+01,2.158548e+01,2.175121e+01,2.204748e+01,2.175811e+01,2.158548e+01,2.133637e+01,2.124627e+01,2.190979e+01,2.208875e+01,2.204060e+01,2.228113e+01,2.268532e+01,2.271950e+01,2.238404e+01,2.242517e+01,2.221933e+01,2.189601e+01,2.165457e+01,2.216437e+01,2.193045e+01,2.193045e+01,2.194423e+01,2.203372e+01,2.157166e+01,2.159930e+01,2.194423e+01,2.194423e+01,2.171671e+01,2.213688e+01,2.262377e+01,2.241146e+01,2.252794e+01,2.323085e+01,2.268532e+01,2.172361e+01,2.162694e+01,2.123240e+01,2.113526e+01,2.113526e+01,2.118384e+01,2.121159e+01,2.128786e+01,2.126707e+01,2.166147e+01,2.152326e+01,2.158548e+01,2.208187e+01,2.258271e+01,2.196489e+01,2.144716e+01,2.148176e+01,2.154400e+01,2.139178e+01,2.146792e+01,2.176501e+01,2.152326e+01,2.178571e+01,2.201995e+01,2.168909e+01,2.122546e+01,2.184776e+01,2.101718e+01,2.086416e+01,2.075273e+01,2.078060e+01,2.080846e+01,2.048759e+01,2.040372e+01,2.043169e+01,2.057140e+01,2.053649e+01,2.043868e+01,2.048061e+01,2.044567e+01,2.052252e+01,2.045964e+01,2.048759e+01,2.047362e+01,2.055045e+01,2.054347e+01,2.054347e+01,2.042470e+01,2.050157e+01,2.043868e+01,2.043868e+01,2.045964e+01,2.036176e+01,2.035476e+01,2.034777e+01,2.043868e+01,2.049458e+01,2.052252e+01,2.050855e+01,2.055045e+01,2.048759e+01,2.048759e+01,2.052252e+01,2.055743e+01,2.043868e+01,2.042470e+01,2.042470e+01,2.057140e+01,2.043169e+01,2.043169e+01,2.047362e+01,2.047362e+01,2.048759e+01,2.043868e+01,2.041071e+01,2.034777e+01,2.035476e+01,2.047362e+01,2.052950e+01,2.042470e+01,2.057140e+01,2.050855e+01,2.036875e+01,2.047362e+01,2.062025e+01,2.057838e+01,2.047362e+01,2.060629e+01,2.056442e+01,2.046663e+01,2.045266e+01,2.045266e+01,2.040372e+01,2.050157e+01,2.045964e+01,2.052950e+01,2.052252e+01,2.055045e+01,2.041071e+01,2.055045e+01,2.045964e+01,2.052252e+01,2.051554e+01,2.042470e+01,2.040372e+01,2.047362e+01,2.042470e+01,2.038274e+01,2.050157e+01,2.055045e+01,2.048061e+01,2.055045e+01,2.052252e+01,2.048061e+01,2.044567e+01,2.052950e+01,2.044567e+01,2.051554e+01,2.047362e+01,2.046663e+01,2.038274e+01,2.054347e+01,2.044567e+01,2.035476e+01,2.046663e+01,2.044567e+01,2.049458e+01,2.045964e+01,2.042470e+01,2.049458e+01,2.051554e+01,2.051554e+01,2.045266e+01,2.041071e+01,2.039673e+01,2.043868e+01,2.043169e+01,2.040372e+01,2.030578e+01,2.034777e+01,2.037575e+01,2.050157e+01,2.040372e+01,2.041770e+01,2.045266e+01,2.039673e+01,2.044567e+01,2.048759e+01,2.044567e+01,2.041770e+01,2.043868e+01,2.046663e+01,2.043868e+01,2.043868e+01,2.032678e+01,2.045266e+01,2.039673e+01,2.038274e+01,2.058536e+01,2.036176e+01,2.045964e+01,2.059932e+01,2.069000e+01,2.066908e+01,2.066908e+01,2.080846e+01,2.064118e+01,2.059932e+01,2.057838e+01,2.036875e+01,2.039673e+01,2.033377e+01,2.028478e+01,2.017972e+01,1.999033e+01,1.980761e+01,1.949764e+01,1.960342e+01,1.964570e+01,1.953996e+01,1.973021e+01,1.951880e+01,1.956817e+01,1.953291e+01,1.946941e+01,1.955407e+01,1.965274e+01,1.970205e+01,1.975836e+01,1.987090e+01,2.004648e+01,2.011663e+01,2.017271e+01,2.034077e+01,2.029878e+01,1.977947e+01,1.978650e+01,1.946941e+01,1.932815e+01,1.931402e+01,1.913714e+01,1.911590e+01,1.917962e+01,1.915130e+01,1.919378e+01,1.923623e+01,1.943411e+01,1.941293e+01,1.946235e+01,1.933522e+01,1.945529e+01,1.951175e+01,1.950469e+01,1.982871e+01,1.968796e+01,1.964570e+01,1.940587e+01,1.932815e+01,1.925038e+01,1.920085e+01,1.919378e+01,1.920793e+01,1.915130e+01,1.908047e+01,1.916546e+01,1.905213e+01,1.929988e+01,1.918670e+01,1.928574e+01,1.946941e+01,1.928574e+01,1.928574e+01,1.931402e+01,1.929281e+01,1.926452e+01,1.934936e+01,1.958932e+01,1.937055e+01,1.938468e+01,1.944823e+01,1.941999e+01,1.938468e+01,1.955407e+01,1.930695e+01,1.944118e+01,1.945529e+01,1.949058e+01,1.943411e+01,1.948352e+01,1.953291e+01,1.944118e+01,1.958227e+01,1.965274e+01,1.976540e+01,1.969500e+01,1.970909e+01,1.987792e+01,1.988495e+01,1.993414e+01,2.019373e+01,2.023577e+01,2.038974e+01,2.037575e+01,2.034077e+01,2.037575e+01,2.031978e+01,2.034777e+01,2.031978e+01,2.034777e+01,2.036176e+01,2.043868e+01,2.039673e+01,2.034077e+01,2.040372e+01,2.044567e+01,2.035476e+01,2.032678e+01,2.031978e+01,2.037575e+01,2.040372e+01,2.035476e+01,2.044567e+01,2.044567e+01,2.031978e+01,2.045266e+01,2.043868e+01,2.037575e+01,2.024977e+01,2.029178e+01,2.033377e+01,2.041071e+01,2.019373e+01,2.036176e+01,2.039673e+01,2.038974e+01,2.031278e+01,2.031978e+01,2.017972e+01,2.041770e+01,2.033377e+01,2.034077e+01,2.034777e+01,2.034777e+01,2.039673e+01,2.042470e+01,2.046663e+01,2.042470e+01,2.038274e+01,2.041770e+01,2.041770e+01,2.033377e+01,2.043169e+01,2.033377e+01,2.036176e+01,2.044567e+01,2.045266e+01,2.044567e+01,2.033377e+01,2.036176e+01,2.045964e+01,2.050855e+01,2.035476e+01,2.039673e+01,2.039673e+01,2.038274e+01,2.035476e+01,2.039673e+01,2.032678e+01,2.043868e+01,2.053649e+01,2.057140e+01,2.036176e+01,2.052950e+01,2.048061e+01,2.031978e+01,2.048061e+01,2.055743e+01,2.057838e+01,2.046663e+01,2.053649e+01,2.048759e+01,2.046663e+01,2.052950e+01,2.043169e+01,2.048759e+01,2.061327e+01,2.048759e+01,2.048759e+01,2.047362e+01,2.046663e+01,2.046663e+01,2.058536e+01,2.041071e+01,2.040372e+01,2.045964e+01,2.061327e+01,2.056442e+01,2.059932e+01,2.048759e+01,2.059932e+01,2.052950e+01,2.050157e+01,2.052950e+01,2.048759e+01,2.048061e+01,2.039673e+01,2.038974e+01,2.047362e+01,2.046663e+01,2.044567e+01,2.050157e+01,2.043169e+01,2.038274e+01,2.050157e+01,2.044567e+01,2.042470e+01,2.034777e+01,2.058536e+01,2.057140e+01,2.048061e+01,2.049458e+01,2.040372e+01,2.054347e+01,2.041770e+01,2.055045e+01,2.056442e+01,2.050855e+01,2.055743e+01,2.048061e+01,2.048061e+01,2.052252e+01,2.050157e+01,2.055045e+01,2.053649e+01,2.050855e+01,2.056442e+01,2.048061e+01,2.046663e+01,2.053649e+01,2.049458e+01,2.055045e+01,2.048061e+01,2.050157e+01,2.040372e+01,2.048759e+01,2.054347e+01,2.042470e+01,2.055045e+01,2.056442e+01,2.041770e+01,2.052252e+01,2.050157e+01,2.050157e+01,2.051554e+01,2.041071e+01,2.059234e+01,2.043169e+01,2.043868e+01,2.044567e+01,2.044567e+01,2.045964e+01,2.038274e+01,2.038974e+01,2.045964e+01,2.045964e+01,2.050157e+01,2.041770e+01,2.029178e+01,2.051554e+01,2.052252e+01,2.048759e+01,2.057140e+01,2.040372e+01,2.041071e+01,2.045964e+01,2.043868e+01,2.049458e+01,2.036875e+01,2.044567e+01,2.036875e+01,2.045266e+01,2.040372e+01,2.048759e+01,2.038274e+01,2.048061e+01,2.048061e+01,2.048759e+01,2.045266e+01,2.048759e+01,2.050855e+01,2.041770e+01,2.038974e+01,2.053649e+01,2.043169e+01,2.056442e+01,2.037575e+01,2.066211e+01,2.057838e+01,2.040372e+01,2.027778e+01,2.045964e+01,2.042470e+01,2.043169e+01,2.024277e+01,2.041071e+01,2.043868e+01,2.043868e+01,2.041071e+01,2.041770e+01,2.029878e+01,2.046663e+01,2.047362e+01,2.045266e+01,2.046663e+01,2.042470e+01,2.043868e+01,2.043868e+01,2.037575e+01,2.036176e+01,2.034077e+01,2.037575e+01,2.031978e+01,2.029878e+01,2.037575e+01,2.037575e+01,2.038974e+01,2.038974e+01,2.030578e+01,2.051554e+01,2.043868e+01,2.038274e+01,2.043868e+01,2.044567e+01,2.038274e+01,2.048759e+01,2.041071e+01,2.046663e+01,2.042470e+01,2.043868e+01,2.044567e+01,2.034777e+01,2.048061e+01,2.035476e+01,2.026378e+01,2.045964e+01,2.029878e+01,2.051554e+01,2.042470e+01,2.037575e+01,2.038974e+01,2.040372e+01,2.041071e+01,2.025677e+01,2.040372e+01,2.046663e+01,2.031278e+01,2.035476e+01,2.034077e+01,2.031978e+01,2.041770e+01,2.045266e+01,2.013065e+01,2.042470e+01,2.036176e+01,2.044567e+01,2.029878e+01,2.032678e+01,2.030578e+01,2.031278e+01,2.032678e+01,2.045266e+01,2.031978e+01,2.032678e+01,2.054347e+01,2.031978e+01,2.029878e+01,2.030578e+01,2.024277e+01,2.029878e+01,2.026378e+01,2.030578e+01,2.048061e+01,2.027778e+01,2.029878e+01,2.019373e+01,2.027078e+01,2.016570e+01,2.028478e+01
2.047362e+01,2.040372e+01,2.039673e+01,2.033377e+01,2.035476e+01,2.050157e+01,2.042470e+01,2.043169e+01,2.042470e+01,2.037575e+01,2.051554e+01,2.059932e+01,2.062723e+01,2.046663e+01,2.051554e+01,2.045266e+01,2.041071e+01,2.051554e+01,2.043868e+01,2.057838e+01,2.043868e+01,2.064816e+01,2.049458e+01,2.043868e+01,2.046663e+01,2.054347e+01,2.062025e+01,2.075273e+01,2.071789e+01,2.105887e+01,2.123240e+01,2.136408e+01,2.158548e+01,2.156474e+01,2.153017e+01,2.136408e+01,2.123240e+01,2.140563e+01,2.137793e+01,2.114220e+01,2.177191e+01,2.177191e+01,2.146100e+01,2.154400e+01,2.119078e+01,2.150943e+01,2.164075e+01,2.157857e+01,2.157166e+01,2.148868e+01,2.168909e+01,2.165457e+01,2.163385e+01,2.194423e+01,2.202684e+01,2.154400e+01,2.163385e+01,2.263745e+01,2.199242e+01,2.266480e+01,2.284245e+01,2.170980e+01,2.164766e+01,2.148868e+01,2.150251e+01,2.168219e+01,2.193734e+01,2.228113e+01,2.228113e+01,2.196489e+01,2.228799e+01,2.246629e+01,2.274000e+01,2.252109e+01,2.211625e+01,2.184087e+01,2.216437e+01,2.165457e+01,2.196489e+01,2.144716e+01,2.131559e+01,2.149559e+01,2.150943e+01,2.156474e+01,2.167528e+01,2.182019e+01,2.181329e+01,2.223993e+01,2.249370e+01,2.321724e+01,2.309474e+01,2.367875e+01,2.229486e+01,2.142640e+01,2.164766e+01,2.189601e+01,2.146100e+01,2.142640e+01,2.146100e+01,2.119771e+01,2.154400e+01,2.153709e+01,2.162694e+01,2.186844e+01,2.258271e+01,2.231544e+01,2.193045e+01,2.178571e+01,2.192356e+01,2.131559e+01,2.150943e+01,2.177191e+01,2.180640e+01,2.160621e+01,2.158548e+01,2.144716e+01,2.141948e+01,2.145408e+01,2.120465e+01,2.103802e+01,2.108665e+01,2.105887e+01,2.069697e+01,2.054347e+01,2.041770e+01,2.034077e+01,2.045964e+01,2.043169e+01,2.052252e+01,2.038274e+01,2.045266e+01,2.057838e+01,2.047362e+01,2.046663e+01,2.048061e+01,2.045266e+01,2.046663e+01,2.057838e+01,2.042470e+01,2.059234e+01,2.049458e+01,2.044567e+01,2.047362e+01,2.050855e+01,2.043868e+01,2.048061e+01,2.050157e+01,2.050157e+01,2.050157e+01,2.054347e+01,2.029878e+01,2.053649e+01,2.059932e+01,2.057140e+01,2.050855e+01,2.062723e+01,2.042470e+01,2.045964e+01,2.043169e+01,2.041071e+01,2.052950e+01,2.042470e+01,2.054347e+01,2.050855e+01,2.050157e+01,2.040372e+01,2.043169e+01,2.055045e+01,2.049458e+01,2.048759e+01,2.052950e+01,2.049458e+01,2.043868e+01,2.048061e+01,2.043868e+01,2.035476e+01,2.038274e+01,2.036875e+01,2.048759e+01,2.052950e+01,2.052950e+01,2.041770e+01,2.052252e+01,2.056442e+01,2.038974e+01,2.040372e+01,2.057140e+01,2.048061e+01,2.047362e+01,2.039673e+01,2.040372e+01,2.052950e+01,2.050157e+01,2.051554e+01,2.048061e+01,2.048759e+01,2.041770e+01,2.036875e+01,2.044567e+01,2.055045e+01,2.036875e+01,2.046663e+01,2.041770e+01,2.046663e+01,2.043868e+01,2.046663e+01,2.041770e+01,2.048759e+01,2.052252e+01,2.041071e+01,2.046663e+01,2.050157e+01,2.037575e+01,2.037575e+01,2.059234e+01,2.041770e+01,2.043169e+01,2.041071e+01,2.039673e+01,2.043868e+01,2.045266e+01,2.048759e+01,2.053649e+01,2.045266e+01,2.041770e+01,2.048061e+01,2.045964e+01,2.046663e+01,2.039673e+01,2.034777e+01,2.041770e+01,2.035476e+01,2.055743e+01,2.054347e+01,2.062025e+01,2.055045e+01,2.043169e+01,2.057140e+01,2.034077e+01,2.034077e+01,2.060629e+01,2.046663e+01,2.050157e+01,2.053649e+01,2.037575e+01,2.043169e+01,2.042470e+01,2.045266e+01,2.038274e+01,2.056442e+01,2.052950e+01,2.038974e+01,2.045964e+01,2.045266e+01,2.064118e+01,2.055045e+01,2.061327e+01,2.064816e+01,2.064816e+01,2.062025e+01,2.062025e+01,2.045964e+01,2.038274e+01,2.036875e+01,2.023577e+01,2.000437e+01,1.999735e+01,1.994117e+01,1.990604e+01,1.996224e+01,1.978650e+01,1.976540e+01,1.999735e+01,1.970909e+01,1.973725e+01,1.975836e+01,1.959637e+01,1.961047e+01,1.991306e+01,2.001139e+01,2.009559e+01,1.999735e+01,2.018673e+01,2.017972e+01,2.022176e+01,2.037575e+01,1.996926e+01,1.976540e+01,1.980058e+01,1.950469e+01,1.953291e+01,1.946235e+01,1.939174e+01,1.917962e+01,1.919378e+01,1.915838e+01,1.917962e+01,1.918670e+01,1.939881e+01,1.943411e+01,1.932109e+01,1.945529e+01,1.948352e+01,1.950469e+01,1.948352e+01,1.971613e+01,1.954701e+01,1.941293e+01,1.941293e+01,1.937055e+01,1.917254e+01,1.919378e+01,1.930695e+01,1.932815e+01,1.936349e+01,1.914422e+01,1.917254e+01,1.917254e+01,1.922916e+01,1.929988e+01,1.931402e+01,1.926452e+01,1.927867e+01,1.931402e+01,1.933522e+01,1.934229e+01,1.937762e+01,1.932109e+01,1.937055e+01,1.937055e+01,1.939174e+01,1.941293e+01,1.935642e+01,1.939881e+01,1.937762e+01,1.941999e+01,1.925038e+01,1.944823e+01,1.938468e+01,1.934936e+01,1.944118e+01,1.946941e+01,1.944118e+01,1.964570e+01,1.968092e+01,1.965979e+01,1.968092e+01,1.975132e+01,1.987090e+01,1.996224e+01,1.989198e+01,2.017972e+01,2.050157e+01,2.041770e+01,2.035476e+01,2.038974e+01,2.038974e+01,2.038274e+01,2.029878e+01,2.040372e+01,2.041770e+01,2.037575e+01,2.042470e+01,2.044567e+01,2.041770e+01,2.040372e+01,2.039673e+01,2.030578e+01,2.047362e+01,2.040372e+01,2.031278e+01,2.031978e+01,2.035476e+01,2.044567e+01,2.048759e+01,2.039673e+01,2.040372e+01,2.030578e+01,2.038274e+01,2.041071e+01,2.038274e+01,2.037575e+01,2.038274e+01,2.035476e+01,2.025677e+01,2.036176e+01,2.027778e+01,2.036875e+01,2.048061e+01,2.037575e+01,2.047362e+01,2.029178e+01,2.036176e+01,2.041071e+01,2.029178e+01,2.027078e+01,2.035476e+01,2.046663e+01,2.047362e+01,2.040372e+01,2.035476e+01,2.043868e+01,2.038274e+01,2.045266e+01,2.045964e+01,2.040372e+01,2.043169e+01,2.044567e+01,2.041071e+01,2.036875e+01,2.040372e+01,2.036176e+01,2.041770e+01,2.036875e+01,2.035476e+01,2.038974e+01,2.049458e+01,2.031978e+01,2.050157e+01,2.042470e+01,2.047362e+01,2.039673e+01,2.041071e+01,2.040372e+01,2.040372e+01,2.048759e+01,2.052252e+01,2.050157e+01,2.043868e+01,2.043868e+01,2.046663e+01,2.044567e+01,2.043868e+01,2.050855e+01,2.047362e+01,2.050157e+01,2.041071e+01,2.050855e+01,2.048061e+01,2.050855e+01,2.051554e+01,2.049458e+01,2.061327e+01,2.050157e+01,2.050855e+01,2.059234e+01,2.052950e+01,2.049458e+01,2.050855e+01,2.055045e+01,2.061327e+01,2.055045e+01,2.048061e+01,2.047362e+01,2.055045e+01,2.050855e+01,2.048061e+01,2.057838e+01,2.043169e+01,2.059932e+01,2.040372e+01,2.046663e+01,2.056442e+01,2.059932e+01,2.048061e+01,2.053649e+01,2.052252e+01,2.043868e+01,2.057140e+01,2.048061e+01,2.052950e+01,2.042470e+01,2.045266e+01,2.060629e+01,2.044567e+01,2.057838e+01,2.055045e+01,2.045964e+01,2.048061e+01,2.052252e+01,2.049458e+01,2.050855e+01,2.050855e+01,2.051554e+01,2.069697e+01,2.045964e+01,2.055045e+01,2.055743e+01,2.047362e+01,2.050855e+01,2.041071e+01,2.027778e+01,2.053649e+01,2.059932e+01,2.048759e+01,2.052252e+01,2.043169e+01,2.063420e+01,2.056442e+01,2.059234e+01,2.054347e+01,2.053649e+01,2.050855e+01,2.047362e+01,2.052252e+01,2.057838e+01,2.050157e+01,2.042470e+01,2.038274e+01,2.050157e+01,2.044567e+01,2.043169e+01,2.025677e+01,2.043169e+01,2.046663e+01,2.048759e+01,2.048061e+01,2.055045e+01,2.051554e+01,2.050157e+01,2.041071e+01,2.044567e+01,2.046663e+01,2.050157e+01,2.043169e+01,2.044567e+01,2.055743e+01,2.043868e+01,2.041770e+01,2.048061e+01,2.067605e+01,2.043169e+01,2.041071e+01,2.042470e+01,2.056442e+01,2.070394e+01,2.050855e+01,2.037575e+01,2.050157e+01,2.050855e+01,2.052252e+01,2.042470e+01,2.052252e+01,2.046663e+01,2.043169e+01,2.053649e+01,2.056442e+01,2.052950e+01,2.045266e+01,2.046663e+01,2.041770e+01,2.041071e+01,2.059234e+01,2.041770e+01,2.041071e+01,2.031978e+01,2.050855e+01,2.045964e+01,2.043169e+01,2.048759e+01,2.052950e+01,2.042470e+01,2.055045e+01,2.034077e+01,2.043868e+01,2.045266e+01,2.038274e+01,2.041071e+01,2.041770e+01,2.031978e+01,2.048061e+01,2.033377e+01,2.037575e+01,2.039673e+01,2.040372e+01,2.036176e+01,2.034077e+01,2.036176e+01,2.036176e+01,2.042470e+01,2.042470e+01,2.024977e+01,2.041071e+01,2.050157e+01,2.043169e+01,2.038274e+01,2.050855e+01,2.046663e+01,2.048759e+01,2.044567e+01,2.029178e+01,2.041770e+01,2.051554e+01,2.045266e+01,2.034777e+01,2.030578e+01,2.047362e+01,2.045266e+01,2.023577e+01,2.038274e+01,2.032678e+01,2.042470e+01,2.027078e+01,2.036875e+01,2.038274e+01,2.055045e+01,2.034077e+01,2.039673e+01,2.038274e+01,2.038974e+01,2.032678e+01,2.034777e+01,2.043868e+01,2.044567e+01,2.042470e+01,2.038274e+01,2.041770e+01,2.038274e+01,2.031278e+01,2.040372e+01,2.038974e+01,2.031278e+01,2.021475e+01,2.036875e+01,2.033377e+01,2.008857e+01,2.033377e+01,2.057838e+01,2.034077e+01,2.033377e+01,2.037575e+01,2.031978e+01,2.027078e+01,2.029178e+01,2.027078e+01,2.045266e+01,2.027078e+01,2.027778e+01,2.023577e+01,2.017972e+01
2.043169e+01,2.041071e+01,2.043868e+01,2.035476e+01,2.035476e+01,2.045266e+01,2.045964e+01,2.037575e+01,2.043169e+01,2.050157e+01,2.040372e+01,2.051554e+01,2.055045e+01,2.048061e+01,2.041071e+01,2.038974e+01,2.034777e+01,2.059932e+01,2.057140e+01,2.052950e+01,2.050157e+01,2.046663e+01,2.051554e+01,2.038974e+01,2.038974e+01,2.066211e+01,2.056442e+01,2.071091e+01,2.080846e+01,2.120465e+01,2.119078e+01,2.119078e+01,2.125320e+01,2.130173e+01,2.121852e+01,2.121159e+01,2.114220e+01,2.140563e+01,2.141255e+01,2.132944e+01,2.142640e+01,2.165457e+01,2.137101e+01,2.137101e+01,2.118384e+01,2.132944e+01,2.145408e+01,2.146100e+01,2.160621e+01,2.160621e+01,2.159239e+01,2.151634e+01,2.169600e+01,2.162003e+01,2.168219e+01,2.193045e+01,2.213000e+01,2.210938e+01,2.171671e+01,2.215750e+01,2.208187e+01,2.164766e+01,2.192356e+01,2.163385e+01,2.168909e+01,2.168909e+01,2.150943e+01,2.195800e+01,2.285611e+01,2.287658e+01,2.232231e+01,2.193045e+01,2.221933e+01,2.162003e+01,2.164075e+01,2.210250e+01,2.182708e+01,2.154400e+01,2.191668e+01,2.149559e+01,2.119771e+01,2.117690e+01,2.146100e+01,2.180640e+01,2.190290e+01,2.191668e+01,2.194423e+01,2.241832e+01,2.245259e+01,2.260324e+01,2.236346e+01,2.257586e+01,2.230858e+01,2.198554e+01,2.188912e+01,2.189601e+01,2.167528e+01,2.143332e+01,2.132944e+01,2.133637e+01,2.153017e+01,2.137101e+01,2.152326e+01,2.153709e+01,2.164766e+01,2.154400e+01,2.153017e+01,2.154400e+01,2.171671e+01,2.153017e+01,2.155092e+01,2.155783e+01,2.216437e+01,2.140563e+01,2.164766e+01,2.167528e+01,2.114914e+01,2.155092e+01,2.136408e+01,2.107276e+01,2.107276e+01,2.087808e+01,2.088504e+01,2.062025e+01,2.041770e+01,2.050855e+01,2.045266e+01,2.041770e+01,2.057140e+01,2.043169e+01,2.051554e+01,2.037575e+01,2.051554e+01,2.050855e+01,2.049458e+01,2.051554e+01,2.053649e+01,2.057838e+01,2.045266e+01,2.045964e+01,2.045964e+01,2.045266e+01,2.048061e+01,2.046663e+01,2.038274e+01,2.057838e+01,2.045266e+01,2.052252e+01,2.035476e+01,2.061327e+01,2.041071e+01,2.058536e+01,2.059234e+01,2.041770e+01,2.038974e+01,2.038274e+01,2.041071e+01,2.039673e+01,2.040372e+01,2.061327e+01,2.058536e+01,2.053649e+01,2.043868e+01,2.044567e+01,2.045266e+01,2.037575e+01,2.045964e+01,2.037575e+01,2.045266e+01,2.049458e+01,2.046663e+01,2.052252e+01,2.039673e+01,2.057838e+01,2.037575e+01,2.045964e+01,2.044567e+01,2.046663e+01,2.035476e+01,2.052252e+01,2.049458e+01,2.043868e+01,2.039673e+01,2.036875e+01,2.038274e+01,2.065513e+01,2.037575e+01,2.045964e+01,2.052950e+01,2.038974e+01,2.055743e+01,2.041071e+01,2.043169e+01,2.044567e+01,2.048759e+01,2.047362e+01,2.050855e+01,2.040372e+01,2.038974e+01,2.048061e+01,2.036875e+01,2.046663e+01,2.051554e+01,2.041770e+01,2.048061e+01,2.045964e+01,2.043169e+01,2.041770e+01,2.050157e+01,2.038974e+01,2.038974e+01,2.036875e+01,2.041770e+01,2.036176e+01,2.032678e+01,2.050855e+01,2.041071e+01,2.035476e+01,2.041770e+01,2.052252e+01,2.045964e+01,2.045266e+01,2.036875e+01,2.047362e+01,2.036875e+01,2.045964e+01,2.042470e+01,2.036176e+01,2.040372e+01,2.042470e+01,2.048061e+01,2.036176e+01,2.041770e+01,2.034077e+01,2.050157e+01,2.048061e+01,2.053649e+01,2.047362e+01,2.041071e+01,2.044567e+01,2.049458e+01,2.040372e+01,2.040372e+01,2.040372e+01,2.041071e+01,2.045964e+01,2.039673e+01,2.045964e+01,2.036875e+01,2.038274e+01,2.050157e+01,2.046663e+01,2.044567e+01,2.048061e+01,2.044567e+01,2.041770e+01,2.041770e+01,2.043169e+01,2.045266e+01,2.028478e+01,2.021475e+01,2.021475e+01,1.993414e+01,1.987090e+01,1.987090e+01,1.987792e+01,1.984277e+01,1.996926e+01,1.998330e+01,1.992711e+01,1.997628e+01,1.987090e+01,1.999735e+01,1.980058e+01,1.987090e+01,1.986386e+01,1.991306e+01,1.989198e+01,1.989198e+01,1.998330e+01,2.000437e+01,2.015869e+01,2.017972e+01,2.016570e+01,1.996224e+01,1.996926e+01,1.984277e+01,1.961047e+01,1.967388e+01,1.935642e+01,1.953996e+01,1.934936e+01,1.926452e+01,1.916546e+01,1.915838e+01,1.914422e+01,1.903795e+01,1.919378e+01,1.922916e+01,1.930695e+01,1.948352e+01,1.927160e+01,1.923623e+01,1.962456e+01,1.973021e+01,1.966683e+01,1.954701e+01,1.929988e+01,1.948352e+01,1.922916e+01,1.926452e+01,1.927867e+01,1.919378e+01,1.903087e+01,1.902378e+01,1.911590e+01,1.914422e+01,1.915130e+01,1.931402e+01,1.922916e+01,1.929281e+01,1.926452e+01,1.926452e+01,1.927160e+01,1.925038e+01,1.927160e+01,1.923623e+01,1.919378e+01,1.925038e+01,1.927160e+01,1.929988e+01,1.926452e+01,1.937055e+01,1.920085e+01,1.927867e+01,1.939881e+01,1.920085e+01,1.932109e+01,1.927160e+01,1.944118e+01,1.934936e+01,1.940587e+01,1.949764e+01,1.953996e+01,1.961047e+01,1.958932e+01,1.980058e+01,1.976540e+01,1.994819e+01,2.001139e+01,2.011663e+01,2.032678e+01,2.047362e+01,2.044567e+01,2.036875e+01,2.036875e+01,2.032678e+01,2.038274e+01,2.024277e+01,2.038974e+01,2.033377e+01,2.033377e+01,2.045266e+01,2.036875e+01,2.038974e+01,2.043169e+01,2.042470e+01,2.032678e+01,2.034077e+01,2.044567e+01,2.037575e+01,2.034077e+01,2.031978e+01,2.046663e+01,2.046663e+01,2.045266e+01,2.034777e+01,2.034077e+01,2.034077e+01,2.027778e+01,2.035476e+01,2.039673e+01,2.036176e+01,2.036875e+01,2.037575e+01,2.039673e+01,2.038274e+01,2.039673e+01,2.034777e+01,2.038274e+01,2.031278e+01,2.042470e+01,2.040372e+01,2.040372e+01,2.044567e+01,2.043169e+01,2.045266e+01,2.045964e+01,2.043169e+01,2.041071e+01,2.039673e+01,2.038274e+01,2.041770e+01,2.042470e+01,2.037575e+01,2.039673e+01,2.043868e+01,2.027778e+01,2.049458e+01,2.035476e+01,2.036875e+01,2.052252e+01,2.051554e+01,2.058536e+01,2.039673e+01,2.038274e+01,2.050157e+01,2.045266e+01,2.040372e+01,2.054347e+01,2.043169e+01,2.037575e+01,2.061327e+01,2.043868e+01,2.047362e+01,2.049458e+01,2.038274e+01,2.048759e+01,2.043169e+01,2.043868e+01,2.059234e+01,2.057140e+01,2.054347e+01,2.049458e+01,2.044567e+01,2.048759e+01,2.048759e+01,2.052950e+01,2.050157e+01,2.050855e+01,2.041770e+01,2.051554e+01,2.048759e+01,2.059932e+01,2.052950e+01,2.052252e+01,2.042470e+01,2.064118e+01,2.057838e+01,2.054347e+01,2.057140e+01,2.055743e+01,2.050855e+01,2.050157e+01,2.034077e+01,2.046663e+01,2.057838e+01,2.054347e+01,2.051554e+01,2.047362e+01,2.051554e+01,2.045964e+01,2.042470e+01,2.059234e+01,2.048061e+01,2.054347e+01,2.040372e+01,2.052252e+01,2.055045e+01,2.051554e+01,2.044567e+01,2.050157e+01,2.042470e+01,2.056442e+01,2.045266e+01,2.044567e+01,2.052252e+01,2.043868e+01,2.044567e+01,2.048061e+01,2.052252e+01,2.052252e+01,2.052252e+01,2.046663e+01,2.047362e+01,2.045964e+01,2.047362e+01,2.046663e+01,2.050157e+01,2.048061e+01,2.050855e+01,2.043868e+01,2.042470e+01,2.052950e+01,2.048061e+01,2.033377e+01,2.041770e+01,2.040372e+01,2.059234e+01,2.060629e+01,2.064118e+01,2.036875e+01,2.051554e+01,2.053649e+01,2.048061e+01,2.041071e+01,2.044567e+01,2.051554e+01,2.045964e+01,2.039673e+01,2.046663e+01,2.045964e+01,2.043169e+01,2.048061e+01,2.048759e+01,2.053649e+01,2.048061e+01,2.057140e+01,2.051554e+01,2.031978e+01,2.048759e+01,2.045266e+01,2.048061e+01,2.055045e+01,2.047362e+01,2.055743e+01,2.057140e+01,2.048759e+01,2.054347e+01,2.064118e+01,2.052252e+01,2.050855e+01,2.049458e+01,2.038974e+01,2.044567e+01,2.042470e+01,2.051554e+01,2.041071e+01,2.050157e+01,2.057838e+01,2.051554e+01,2.050157e+01,2.036176e+01,2.036176e+01,2.041071e+01,2.050855e+01,2.056442e+01,2.046663e+01,2.057140e+01,2.055045e+01,2.035476e+01,2.034777e+01,2.041770e+01,2.040372e+01,2.035476e+01,2.042470e+01,2.027078e+01,2.039673e+01,2.043169e+01,2.051554e+01,2.057140e+01,2.030578e+01,2.031978e+01,2.035476e+01,2.045964e+01,2.034777e+01,2.042470e+01,2.042470e+01,2.040372e+01,2.033377e+01,2.030578e+01,2.036875e+01,2.043169e+01,2.038274e+01,2.050157e+01,2.043868e+01,2.047362e+01,2.036875e+01,2.033377e+01,2.032678e+01,2.041770e+01,2.030578e+01,2.041770e+01,2.027078e+01,2.036176e+01,2.045266e+01,2.034777e+01,2.032678e+01,2.043868e+01,2.035476e+01,2.036875e+01,2.035476e+01,2.043868e+01,2.033377e+01,2.043169e+01,2.029178e+01,2.034777e+01,2.034777e+01,2.029178e+01,2.035476e+01,2.043868e+01,2.045964e+01,2.048061e+01,2.023577e+01,2.052252e+01,2.035476e+01,2.037575e+01,2.034077e+01,2.029178e+01,2.031978e+01,2.034077e+01,2.036875e+01,2.035476e+01,2.036176e+01,2.034777e+01,2.034777e+01,2.033377e+01,2.041071e+01,2.032678e+01,2.028478e+01,2.040372e+01,2.048759e+01,2.049458e+01,2.034777e+01,2.038274e+01,2.031978e+01,2.031978e+01,2.030578e+01,2.031978e+01,2.040372e+01,2.028478e+01,2.037575e+01,2.031278e+01,2.031278e+01,2.032678e+01,2.020774e+01,2.026378e+01,2.021475e+01,2.029878e+01,2.017271e+01
2.051554e+01,2.048061e+01,2.036875e+01,2.043868e+01,2.044567e+01,2.047362e+01,2.029878e+01,2.038974e+01,2.041071e+01,2.050855e+01,2.045266e+01,2.059234e+01,2.048061e+01,2.050855e+01,2.051554e+01,2.049458e+01,2.041770e+01,2.053649e+01,2.052252e+01,2.044567e+01,2.044567e+01,2.039673e+01,2.056442e+01,2.039673e+01,2.043169e+01,2.048061e+01,2.070394e+01,2.069697e+01,2.096852e+01,2.119771e+01,2.120465e+01,2.121159e+01,2.131559e+01,2.119771e+01,2.149559e+01,2.140563e+01,2.139178e+01,2.119771e+01,2.112831e+01,2.117690e+01,2.112137e+01,2.122546e+01,2.115608e+01,2.123933e+01,2.121159e+01,2.153017e+01,2.162694e+01,2.148868e+01,2.165457e+01,2.168909e+01,2.190290e+01,2.170980e+01,2.146792e+01,2.160621e+01,2.161312e+01,2.231544e+01,2.220559e+01,2.171671e+01,2.147484e+01,2.128786e+01,2.160621e+01,2.182019e+01,2.204748e+01,2.204060e+01,2.153709e+01,2.192356e+01,2.211625e+01,2.215750e+01,2.306749e+01,2.306068e+01,2.245259e+01,2.212313e+01,2.164075e+01,2.164075e+01,2.145408e+01,2.177881e+01,2.165457e+01,2.181329e+01,2.237032e+01,2.180640e+01,2.139178e+01,2.151634e+01,2.155783e+01,2.161312e+01,2.159239e+01,2.162003e+01,2.162003e+01,2.187534e+01,2.243203e+01,2.191668e+01,2.198554e+01,2.197865e+01,2.223307e+01,2.223993e+01,2.193045e+01,2.172361e+01,2.193045e+01,2.166147e+01,2.130865e+01,2.121852e+01,2.147484e+01,2.134330e+01,2.135715e+01,2.132944e+01,2.156474e+01,2.153017e+01,2.141255e+01,2.167528e+01,2.168219e+01,2.172361e+01,2.184776e+01,2.150943e+01,2.144024e+01,2.123240e+01,2.124627e+01,2.095461e+01,2.094765e+01,2.098937e+01,2.098937e+01,2.089200e+01,2.152326e+01,2.091983e+01,2.069697e+01,2.054347e+01,2.050157e+01,2.047362e+01,2.043868e+01,2.044567e+01,2.043169e+01,2.045964e+01,2.042470e+01,2.040372e+01,2.041770e+01,2.052950e+01,2.054347e+01,2.051554e+01,2.046663e+01,2.041770e+01,2.051554e+01,2.041770e+01,2.048061e+01,2.035476e+01,2.046663e+01,2.049458e+01,2.052252e+01,2.052252e+01,2.051554e+01,2.047362e+01,2.036176e+01,2.043169e+01,2.049458e+01,2.041071e+01,2.045266e+01,2.051554e+01,2.057140e+01,2.052252e+01,2.040372e+01,2.038974e+01,2.045266e+01,2.038274e+01,2.041770e+01,2.036875e+01,2.043868e+01,2.047362e+01,2.041071e+01,2.041071e+01,2.065513e+01,2.040372e+01,2.049458e+01,2.033377e+01,2.054347e+01,2.044567e+01,2.038974e+01,2.041770e+01,2.039673e+01,2.040372e+01,2.045266e+01,2.035476e+01,2.048759e+01,2.048759e+01,2.052950e+01,2.050855e+01,2.059234e+01,2.048061e+01,2.036875e+01,2.038274e+01,2.041770e+01,2.039673e+01,2.044567e+01,2.042470e+01,2.038974e+01,2.048061e+01,2.019373e+01,2.041770e+01,2.045964e+01,2.042470e+01,2.048759e+01,2.045964e+01,2.048061e+01,2.034077e+01,2.043169e+01,2.045964e+01,2.038974e+01,2.039673e+01,2.043169e+01,2.043169e+01,2.041770e+01,2.052950e+01,2.036176e+01,2.040372e+01,2.042470e+01,2.042470e+01,2.034777e+01,2.043169e+01,2.041071e+01,2.042470e+01,2.039673e+01,2.033377e+01,2.038974e+01,2.052252e+01,2.043169e+01,2.043868e+01,2.036176e+01,2.036875e+01,2.046663e+01,2.046663e+01,2.045266e+01,2.041071e+01,2.040372e+01,2.034077e+01,2.038974e+01,2.036875e+01,2.047362e+01,2.050855e+01,2.036875e+01,2.042470e+01,2.031278e+01,2.043868e+01,2.050157e+01,2.042470e+01,2.042470e+01,2.038274e+01,2.037575e+01,2.038974e+01,2.035476e+01,2.041071e+01,2.027778e+01,2.047362e+01,2.039673e+01,2.043169e+01,2.045964e+01,2.045266e+01,2.044567e+01,2.043169e+01,2.043868e+01,2.041770e+01,2.064816e+01,2.037575e+01,2.020774e+01,1.982168e+01,1.961047e+01,1.958227e+01,1.949058e+01,1.943411e+01,1.932109e+01,1.929988e+01,1.934936e+01,1.944823e+01,1.952586e+01,1.977243e+01,1.991306e+01,1.992009e+01,1.999033e+01,2.013065e+01,2.013065e+01,2.005350e+01,1.992009e+01,1.991306e+01,2.011663e+01,1.990604e+01,1.989198e+01,1.980761e+01,1.979354e+01,1.980058e+01,1.969500e+01,1.981464e+01,1.949764e+01,1.954701e+01,1.937055e+01,1.941293e+01,1.931402e+01,1.932815e+01,1.916546e+01,1.921501e+01,1.911590e+01,1.914422e+01,1.905213e+01,1.918670e+01,1.921501e+01,1.921501e+01,1.945529e+01,1.942705e+01,1.942705e+01,1.948352e+01,1.956817e+01,1.959637e+01,1.968796e+01,1.934936e+01,1.923623e+01,1.921501e+01,1.920793e+01,1.922916e+01,1.910173e+01,1.914422e+01,1.900251e+01,1.906630e+01,1.919378e+01,1.916546e+01,1.918670e+01,1.926452e+01,1.931402e+01,1.925745e+01,1.907339e+01,1.911590e+01,1.914422e+01,1.925745e+01,1.920793e+01,1.913714e+01,1.913714e+01,1.922208e+01,1.915838e+01,1.916546e+01,1.925038e+01,1.924331e+01,1.922916e+01,1.923623e+01,1.923623e+01,1.920793e+01,1.918670e+01,1.932815e+01,1.916546e+01,1.936349e+01,1.958227e+01,1.946235e+01,1.961751e+01,1.969500e+01,1.972317e+01,1.979354e+01,1.987792e+01,1.989901e+01,2.016570e+01,2.047362e+01,2.046663e+01,2.015168e+01,2.037575e+01,2.041770e+01,2.038274e+01,2.039673e+01,2.029178e+01,2.040372e+01,2.034777e+01,2.032678e+01,2.036875e+01,2.032678e+01,2.032678e+01,2.038974e+01,2.041071e+01,2.036176e+01,2.045964e+01,2.040372e+01,2.048061e+01,2.043868e+01,2.041071e+01,2.044567e+01,2.043868e+01,2.045964e+01,2.045964e+01,2.041071e+01,2.038974e+01,2.024977e+01,2.042470e+01,2.038974e+01,2.026378e+01,2.034077e+01,2.043169e+01,2.035476e+01,2.041770e+01,2.039673e+01,2.031978e+01,2.033377e+01,2.049458e+01,2.033377e+01,2.034777e+01,2.041071e+01,2.041071e+01,2.036176e+01,2.027778e+01,2.035476e+01,2.041071e+01,2.034077e+01,2.041071e+01,2.036875e+01,2.038974e+01,2.040372e+01,2.041071e+01,2.038974e+01,2.046663e+01,2.031978e+01,2.026378e+01,2.036176e+01,2.039673e+01,2.036176e+01,2.040372e+01,2.035476e+01,2.036875e+01,2.041071e+01,2.040372e+01,2.045266e+01,2.038974e+01,2.047362e+01,2.036176e+01,2.039673e+01,2.040372e+01,2.036875e+01,2.049458e+01,2.050157e+01,2.043868e+01,2.043169e+01,2.055045e+01,2.044567e+01,2.057838e+01,2.038274e+01,2.040372e+01,2.043868e+01,2.038974e+01,2.075970e+01,2.046663e+01,2.047362e+01,2.043169e+01,2.057140e+01,2.037575e+01,2.044567e+01,2.050157e+01,2.048759e+01,2.046663e+01,2.052252e+01,2.037575e+01,2.044567e+01,2.054347e+01,2.064118e+01,2.041770e+01,2.062025e+01,2.054347e+01,2.057838e+01,2.043868e+01,2.050157e+01,2.049458e+01,2.047362e+01,2.059932e+01,2.057140e+01,2.048061e+01,2.059234e+01,2.042470e+01,2.042470e+01,2.043868e+01,2.044567e+01,2.048061e+01,2.050157e+01,2.047362e+01,2.042470e+01,2.052950e+01,2.053649e+01,2.043169e+01,2.048061e+01,2.049458e+01,2.041071e+01,2.048061e+01,2.046663e+01,2.043868e+01,2.023577e+01,2.034777e+01,2.045964e+01,2.041770e+01,2.052252e+01,2.045964e+01,2.045266e+01,2.043868e+01,2.047362e+01,2.051554e+01,2.045266e+01,2.044567e+01,2.057140e+01,2.042470e+01,2.049458e+01,2.048061e+01,2.052252e+01,2.052252e+01,2.050157e+01,2.044567e+01,2.038974e+01,2.052252e+01,2.038274e+01,2.052950e+01,2.053649e+01,2.052252e+01,2.050157e+01,2.048061e+01,2.043868e+01,2.051554e+01,2.049458e+01,2.049458e+01,2.052950e+01,2.049458e+01,2.050855e+01,2.050157e+01,2.048759e+01,2.036875e+01,2.038974e+01,2.051554e+01,2.035476e+01,2.046663e+01,2.045964e+01,2.047362e+01,2.055743e+01,2.033377e+01,2.031278e+01,2.044567e+01,2.045964e+01,2.052252e+01,2.053649e+01,2.036875e+01,2.050855e+01,2.043868e+01,2.046663e+01,2.045964e+01,2.043868e+01,2.046663e+01,2.044567e+01,2.047362e+01,2.043868e+01,2.045266e+01,2.046663e+01,2.045266e+01,2.042470e+01,2.045266e+01,2.041770e+01,2.052950e+01,2.041071e+01,2.038974e+01,2.035476e+01,2.032678e+01,2.037575e+01,2.044567e+01,2.027078e+01,2.041770e+01,2.058536e+01,2.034077e+01,2.045266e+01,2.040372e+01,2.035476e+01,2.030578e+01,2.052950e+01,2.029878e+01,2.036176e+01,2.041071e+01,2.041071e+01,2.046663e+01,2.044567e+01,2.045964e+01,2.038274e+01,2.040372e+01,2.045964e+01,2.024977e+01,2.030578e+01,2.041071e+01,2.038974e+01,2.050157e+01,2.043868e+01,2.037575e+01,2.039673e+01,2.036875e+01,2.041770e+01,2.041770e+01,2.029178e+01,2.045266e+01,2.036176e+01,2.048759e+01,2.046663e+01,2.004648e+01,2.046663e+01,2.034077e+01,2.034077e+01,2.050855e+01,2.028478e+01,2.036176e+01,2.031278e+01,2.039673e+01,2.037575e+01,2.028478e+01,2.033377e+01,2.036176e+01,2.019373e+01,2.044567e+01,2.031978e+01,2.045266e+01,2.038274e+01,2.024977e+01,2.038274e+01,2.034077e+01,2.034077e+01,2.038274e+01,2.041770e+01,2.032678e+01,2.038974e+01,2.038274e+01,2.034777e+01,2.034077e+01,2.038274e+01,2.039673e+01,2.040372e+01,2.024277e+01,2.045266e+01,2.037575e+01,2.032678e+01,2.039673e+01,2.034777e+01,2.037575e+01,2.040372e+01,2.032678e+01,2.041071e+01,2.034777e+01,2.015869e+01,2.035476e+01,2.023577e+01,2.023577e+01,2.036875e+01,2.022876e+01,2.037575e+01,2.029878e+01,2.036176e+01
2.024277e+01,2.044567e+01,2.040372e+01,2.036176e+01,2.052252e+01,2.038974e+01,2.045964e+01,2.044567e+01,2.034077e+01,2.039673e+01,2.043169e+01,2.048759e+01,2.044567e+01,2.044567e+01,2.042470e+01,2.052252e+01,2.046663e+01,2.035476e+01,2.039673e+01,2.037575e+01,2.043169e+01,2.041770e+01,2.058536e+01,2.038274e+01,2.063420e+01,2.066211e+01,2.064816e+01,2.069000e+01,2.113526e+01,2.135715e+01,2.144024e+01,2.143332e+01,2.146100e+01,2.130865e+01,2.175121e+01,2.191668e+01,2.137793e+01,2.144024e+01,2.137101e+01,2.116302e+01,2.111443e+01,2.114220e+01,2.118384e+01,2.132252e+01,2.126707e+01,2.133637e+01,2.208875e+01,2.208187e+01,2.150251e+01,2.153017e+01,2.135715e+01,2.122546e+01,2.144024e+01,2.155783e+01,2.177191e+01,2.173051e+01,2.148868e+01,2.144024e+01,2.130865e+01,2.127400e+01,2.148176e+01,2.170980e+01,2.150943e+01,2.186155e+01,2.205436e+01,2.154400e+01,2.173051e+01,2.185466e+01,2.190979e+01,2.199242e+01,2.188912e+01,2.171671e+01,2.157166e+01,2.160621e+01,2.159239e+01,2.164075e+01,2.164766e+01,2.182019e+01,2.232917e+01,2.232917e+01,2.166147e+01,2.159930e+01,2.196489e+01,2.197177e+01,2.188912e+01,2.159239e+01,2.187534e+01,2.168219e+01,2.169600e+01,2.197865e+01,2.261692e+01,2.299935e+01,2.227426e+01,2.210938e+01,2.170290e+01,2.265797e+01,2.285611e+01,2.207499e+01,2.170290e+01,2.132944e+01,2.126013e+01,2.119078e+01,2.157166e+01,2.179260e+01,2.222620e+01,2.225367e+01,2.174431e+01,2.232231e+01,2.183398e+01,2.157857e+01,2.177191e+01,2.157166e+01,2.131559e+01,2.101023e+01,2.072486e+01,2.066211e+01,2.087112e+01,2.107276e+01,2.077363e+01,2.075273e+01,2.071091e+01,2.039673e+01,2.038974e+01,2.052950e+01,2.029178e+01,2.050855e+01,2.047362e+01,2.048061e+01,2.045964e+01,2.045964e+01,2.049458e+01,2.042470e+01,2.052252e+01,2.036176e+01,2.043868e+01,2.044567e+01,2.060629e+01,2.059932e+01,2.052252e+01,2.041071e+01,2.045266e+01,2.048759e+01,2.048061e+01,2.060629e+01,2.029178e+01,2.035476e+01,2.058536e+01,2.048759e+01,2.050855e+01,2.043868e+01,2.048061e+01,2.057838e+01,2.052252e+01,2.032678e+01,2.050855e+01,2.043868e+01,2.049458e+01,2.045964e+01,2.036875e+01,2.053649e+01,2.037575e+01,2.057140e+01,2.041071e+01,2.044567e+01,2.055045e+01,2.036875e+01,2.043169e+01,2.047362e+01,2.041770e+01,2.043868e+01,2.047362e+01,2.043868e+01,2.038974e+01,2.034777e+01,2.039673e+01,2.045964e+01,2.040372e+01,2.047362e+01,2.048061e+01,2.048759e+01,2.031278e+01,2.048061e+01,2.037575e+01,2.036875e+01,2.043169e+01,2.035476e+01,2.048061e+01,2.052950e+01,2.041770e+01,2.037575e+01,2.040372e+01,2.041071e+01,2.052950e+01,2.041071e+01,2.046663e+01,2.033377e+01,2.052252e+01,2.046663e+01,2.053649e+01,2.046663e+01,2.047362e+01,2.045266e+01,2.049458e+01,2.041071e+01,2.049458e+01,2.043169e+01,2.039673e+01,2.038974e+01,2.043868e+01,2.041770e+01,2.043169e+01,2.041071e+01,2.041770e+01,2.045266e+01,2.038274e+01,2.031978e+01,2.052950e+01,2.043868e+01,2.038974e+01,2.048061e+01,2.038274e+01,2.042470e+01,2.040372e+01,2.042470e+01,2.038974e+01,2.047362e+01,2.042470e+01,2.043868e+01,2.046663e+01,2.038974e+01,2.038274e+01,2.030578e+01,2.045266e+01,2.049458e+01,2.031278e+01,2.038274e+01,2.033377e+01,2.050157e+01,2.035476e+01,2.049458e+01,2.038274e+01,2.041770e+01,2.038274e+01,2.039673e+01,2.045266e+01,2.042470e+01,2.046663e+01,2.048759e+01,2.036176e+01,2.040372e+01,2.045964e+01,2.043868e+01,2.041071e+01,2.041071e+01,2.041770e+01,2.037575e+01,2.036875e+01,2.013065e+01,1.975132e+01,1.935642e+01,1.932815e+01,1.932109e+01,1.932109e+01,1.914422e+01,1.932109e+01,1.916546e+01,1.917254e+01,1.922208e+01,1.941999e+01,1.926452e+01,1.935642e+01,1.957522e+01,1.992711e+01,2.000437e+01,2.003946e+01,1.997628e+01,2.001139e+01,1.984980e+01,1.991306e+01,1.987792e+01,1.987090e+01,1.973021e+01,1.973725e+01,1.973021e+01,1.948352e+01,1.941293e+01,1.935642e+01,1.934936e+01,1.938468e+01,1.940587e+01,1.918670e+01,1.934229e+01,1.915130e+01,1.922916e+01,1.918670e+01,1.905922e+01,1.903795e+01,1.913714e+01,1.920793e+01,1.917254e+01,1.925745e+01,1.943411e+01,1.948352e+01,1.966683e+01,1.964570e+01,1.964570e+01,1.946941e+01,1.937055e+01,1.946941e+01,1.937762e+01,1.925745e+01,1.925038e+01,1.908047e+01,1.904504e+01,1.904504e+01,1.916546e+01,1.917254e+01,1.921501e+01,1.923623e+01,1.911590e+01,1.904504e+01,1.906630e+01,1.927160e+01,1.905213e+01,1.910173e+01,1.912298e+01,1.918670e+01,1.923623e+01,1.916546e+01,1.917254e+01,1.920085e+01,1.920793e+01,1.916546e+01,1.917254e+01,1.922208e+01,1.930695e+01,1.922916e+01,1.922208e+01,1.929988e+01,1.937055e+01,1.939881e+01,1.918670e+01,1.942705e+01,1.951880e+01,1.961751e+01,1.975836e+01,1.968796e+01,1.999033e+01,1.989901e+01,2.022176e+01,2.057140e+01,2.032678e+01,2.037575e+01,2.038974e+01,2.040372e+01,2.037575e+01,2.041770e+01,2.039673e+01,2.035476e+01,2.036875e+01,2.034077e+01,2.035476e+01,2.045266e+01,2.034777e+01,2.022876e+01,2.029878e+01,2.040372e+01,2.034077e+01,2.035476e+01,2.041071e+01,2.034077e+01,2.035476e+01,2.035476e+01,2.043169e+01,2.046663e+01,2.032678e+01,2.040372e+01,2.034077e+01,2.036176e+01,2.027778e+01,2.042470e+01,2.043169e+01,2.034777e+01,2.035476e+01,2.038274e+01,2.040372e+01,2.035476e+01,2.036176e+01,2.038974e+01,2.036875e+01,2.033377e+01,2.034077e+01,2.031978e+01,2.036875e+01,2.037575e+01,2.030578e+01,2.032678e+01,2.031978e+01,2.039673e+01,2.034777e+01,2.040372e+01,2.031978e+01,2.036176e+01,2.044567e+01,2.043868e+01,2.043868e+01,2.044567e+01,2.045266e+01,2.048061e+01,2.034077e+01,2.045964e+01,2.042470e+01,2.042470e+01,2.036875e+01,2.035476e+01,2.041770e+01,2.035476e+01,2.038974e+01,2.056442e+01,2.052252e+01,2.039673e+01,2.046663e+01,2.045964e+01,2.050855e+01,2.033377e+01,2.048061e+01,2.050157e+01,2.048061e+01,2.042470e+01,2.050157e+01,2.048061e+01,2.046663e+01,2.040372e+01,2.052252e+01,2.038974e+01,2.051554e+01,2.046663e+01,2.053649e+01,2.049458e+01,2.057140e+01,2.050157e+01,2.046663e+01,2.049458e+01,2.054347e+01,2.048061e+01,2.037575e+01,2.045266e+01,2.055743e+01,2.047362e+01,2.053649e+01,2.057838e+01,2.038274e+01,2.050157e+01,2.050855e+01,2.049458e+01,2.053649e+01,2.028478e+01,2.051554e+01,2.052950e+01,2.052252e+01,2.051554e+01,2.052950e+01,2.051554e+01,2.055045e+01,2.042470e+01,2.048759e+01,2.041071e+01,2.038974e+01,2.048061e+01,2.049458e+01,2.046663e+01,2.043169e+01,2.046663e+01,2.045964e+01,2.046663e+01,2.045266e+01,2.045266e+01,2.045964e+01,2.043868e+01,2.055743e+01,2.054347e+01,2.045266e+01,2.053649e+01,2.054347e+01,2.045266e+01,2.047362e+01,2.052252e+01,2.050157e+01,2.059234e+01,2.059932e+01,2.066908e+01,2.040372e+01,2.059234e+01,2.041071e+01,2.048061e+01,2.065513e+01,2.039673e+01,2.043169e+01,2.045964e+01,2.037575e+01,2.038974e+01,2.043169e+01,2.052252e+01,2.056442e+01,2.051554e+01,2.055743e+01,2.059234e+01,2.043868e+01,2.057140e+01,2.046663e+01,2.040372e+01,2.054347e+01,2.050157e+01,2.041770e+01,2.037575e+01,2.046663e+01,2.043169e+01,2.038974e+01,2.039673e+01,2.046663e+01,2.046663e+01,2.045266e+01,2.052252e+01,2.036176e+01,2.052950e+01,2.052252e+01,2.055045e+01,2.042470e+01,2.052950e+01,2.036875e+01,2.052252e+01,2.050157e+01,2.042470e+01,2.043169e+01,2.052950e+01,2.038974e+01,2.052950e+01,2.024277e+01,2.043868e+01,2.043868e+01,2.039673e+01,2.045266e+01,2.044567e+01,2.043169e+01,2.037575e+01,2.052950e+01,2.041770e+01,2.053649e+01,2.055743e+01,2.043868e+01,2.048061e+01,2.049458e+01,2.041071e+01,2.041770e+01,2.038974e+01,2.048061e+01,2.042470e+01,2.045964e+01,2.048061e+01,2.043169e+01,2.053649e+01,2.036176e+01,2.031978e+01,2.038274e+01,2.038274e+01,2.039673e+01,2.041770e+01,2.028478e+01,2.035476e+01,2.034077e+01,2.035476e+01,2.042470e+01,2.042470e+01,2.027078e+01,2.050157e+01,2.044567e+01,2.036875e+01,2.043868e+01,2.036176e+01,2.038974e+01,2.044567e+01,2.043868e+01,2.041071e+01,2.029878e+01,2.049458e+01,2.036176e+01,2.045964e+01,2.045964e+01,2.034777e+01,2.050855e+01,2.032678e+01,2.038274e+01,2.030578e+01,2.047362e+01,2.033377e+01,2.031978e+01,2.031278e+01,2.040372e+01,2.032678e+01,2.030578e+01,2.046663e+01,2.031278e+01,2.033377e+01,2.029178e+01,2.041770e+01,2.025677e+01,2.027778e+01,2.035476e+01,2.036176e+01,2.042470e+01,2.044567e+01,2.039673e+01,2.038974e+01,2.037575e+01,2.034777e+01,2.036875e+01,2.041770e+01,2.043169e+01,2.034777e+01,2.038974e+01,2.034777e+01,2.038274e+01,2.037575e+01,2.029878e+01,2.041770e+01,2.042470e+01,2.032678e+01,2.036176e+01,2.044567e+01,2.036875e+01,2.034077e+01,2.052252e+01,2.035476e+01,2.029878e+01,2.034777e+01,2.029878e+01,2.031278e+01,2.034777e+01,2.031978e+01,2.034077e+01
2.042470e+01,2.045964e+01,2.038274e+01,2.038274e+01,2.037575e+01,2.052950e+01,2.038274e+01,2.038974e+01,2.040372e+01,2.049458e+01,2.045266e+01,2.040372e+01,2.042470e+01,2.043868e+01,2.044567e+01,2.044567e+01,2.052950e+01,2.045964e+01,2.041071e+01,2.053649e+01,2.034777e+01,2.043169e+01,2.052252e+01,2.034777e+01,2.042470e+01,2.063420e+01,2.067605e+01,2.066211e+01,2.094070e+01,2.140563e+01,2.136408e+01,2.146100e+01,2.146100e+01,2.158548e+01,2.148868e+01,2.190290e+01,2.159239e+01,2.208187e+01,2.174431e+01,2.139871e+01,2.171671e+01,2.125320e+01,2.130173e+01,2.141948e+01,2.132252e+01,2.153017e+01,2.154400e+01,2.153017e+01,2.137101e+01,2.123240e+01,2.143332e+01,2.144024e+01,2.144024e+01,2.170980e+01,2.195800e+01,2.172361e+01,2.139871e+01,2.150943e+01,2.151634e+01,2.148176e+01,2.168909e+01,2.206812e+01,2.155783e+01,2.147484e+01,2.168219e+01,2.208875e+01,2.170980e+01,2.149559e+01,2.188912e+01,2.195800e+01,2.173051e+01,2.142640e+01,2.141255e+01,2.180640e+01,2.188912e+01,2.187534e+01,2.164766e+01,2.165457e+01,2.149559e+01,2.150943e+01,2.182019e+01,2.180640e+01,2.187534e+01,2.184776e+01,2.164075e+01,2.250055e+01,2.253479e+01,2.170290e+01,2.213000e+01,2.219185e+01,2.221933e+01,2.278782e+01,2.267164e+01,2.174431e+01,2.164766e+01,2.207499e+01,2.195800e+01,2.159930e+01,2.128786e+01,2.128786e+01,2.128093e+01,2.156474e+01,2.170290e+01,2.198554e+01,2.175121e+01,2.169600e+01,2.205436e+01,2.168909e+01,2.152326e+01,2.128093e+01,2.121159e+01,2.157857e+01,2.139871e+01,2.100327e+01,2.072486e+01,2.063420e+01,2.078060e+01,2.085720e+01,2.091287e+01,2.073879e+01,2.071091e+01,2.055045e+01,2.050157e+01,2.054347e+01,2.036176e+01,2.049458e+01,2.041770e+01,2.048061e+01,2.038274e+01,2.038274e+01,2.043868e+01,2.040372e+01,2.052950e+01,2.053649e+01,2.054347e+01,2.055045e+01,2.050157e+01,2.055045e+01,2.041770e+01,2.054347e+01,2.045266e+01,2.051554e+01,2.042470e+01,2.043868e+01,2.055045e+01,2.042470e+01,2.043868e+01,2.043868e+01,2.044567e+01,2.048061e+01,2.049458e+01,2.052950e+01,2.041071e+01,2.045964e+01,2.044567e+01,2.045964e+01,2.038274e+01,2.050855e+01,2.035476e+01,2.052950e+01,2.042470e+01,2.050157e+01,2.045266e+01,2.031278e+01,2.044567e+01,2.041770e+01,2.039673e+01,2.042470e+01,2.046663e+01,2.035476e+01,2.048759e+01,2.044567e+01,2.034777e+01,2.036875e+01,2.038274e+01,2.043169e+01,2.048061e+01,2.042470e+01,2.048061e+01,2.032678e+01,2.046663e+01,2.047362e+01,2.057838e+01,2.036176e+01,2.043868e+01,2.035476e+01,2.042470e+01,2.042470e+01,2.039673e+01,2.041071e+01,2.037575e+01,2.043868e+01,2.041770e+01,2.046663e+01,2.043868e+01,2.046663e+01,2.048061e+01,2.056442e+01,2.029878e+01,2.046663e+01,2.036875e+01,2.054347e+01,2.041770e+01,2.049458e+01,2.048759e+01,2.041770e+01,2.040372e+01,2.029178e+01,2.038974e+01,2.044567e+01,2.041770e+01,2.042470e+01,2.033377e+01,2.045964e+01,2.042470e+01,2.043868e+01,2.049458e+01,2.038974e+01,2.040372e+01,2.038974e+01,2.037575e+01,2.046663e+01,2.043868e+01,2.038974e+01,2.039673e+01,2.048061e+01,2.042470e+01,2.034777e+01,2.036176e+01,2.039673e+01,2.036875e+01,2.048759e+01,2.043868e+01,2.041071e+01,2.034077e+01,2.036875e+01,2.048759e+01,2.040372e+01,2.036875e+01,2.041770e+01,2.041770e+01,2.042470e+01,2.039673e+01,2.037575e+01,2.041071e+01,2.045964e+01,2.038974e+01,2.043169e+01,2.036176e+01,2.046663e+01,2.043868e+01,2.037575e+01,2.041071e+01,2.035476e+01,2.037575e+01,2.023577e+01,2.010961e+01,1.965274e+01,1.937055e+01,1.935642e+01,1.944118e+01,1.914422e+01,1.915130e+01,1.912298e+01,1.917962e+01,1.922208e+01,1.918670e+01,1.923623e+01,1.917254e+01,1.932815e+01,1.931402e+01,1.917254e+01,1.920085e+01,1.965274e+01,1.967388e+01,1.985683e+01,1.980761e+01,1.971613e+01,1.978650e+01,1.979354e+01,1.957522e+01,1.972317e+01,1.947647e+01,1.934229e+01,1.926452e+01,1.919378e+01,1.920085e+01,1.929988e+01,1.924331e+01,1.915130e+01,1.913006e+01,1.917254e+01,1.913006e+01,1.909464e+01,1.910173e+01,1.913714e+01,1.909464e+01,1.914422e+01,1.917962e+01,1.922208e+01,1.922208e+01,1.925038e+01,1.937762e+01,1.968092e+01,1.955407e+01,1.957522e+01,1.933522e+01,1.934936e+01,1.941999e+01,1.914422e+01,1.920085e+01,1.928574e+01,1.916546e+01,1.923623e+01,1.920085e+01,1.910881e+01,1.913714e+01,1.913006e+01,1.913714e+01,1.907339e+01,1.898832e+01,1.901669e+01,1.904504e+01,1.904504e+01,1.904504e+01,1.906630e+01,1.916546e+01,1.913714e+01,1.913006e+01,1.918670e+01,1.930695e+01,1.920085e+01,1.917962e+01,1.922208e+01,1.929988e+01,1.927867e+01,1.923623e+01,1.932109e+01,1.929988e+01,1.940587e+01,1.932109e+01,1.946941e+01,1.960342e+01,1.961047e+01,1.967388e+01,1.969500e+01,1.982168e+01,1.991306e+01,2.021475e+01,2.030578e+01,2.047362e+01,2.041770e+01,2.043868e+01,2.038974e+01,2.043169e+01,2.040372e+01,2.036875e+01,2.042470e+01,2.034077e+01,2.038274e+01,2.038974e+01,2.034777e+01,2.033377e+01,2.031978e+01,2.036176e+01,2.040372e+01,2.043169e+01,2.037575e+01,2.048061e+01,2.038274e+01,2.037575e+01,2.037575e+01,2.029878e+01,2.041770e+01,2.039673e+01,2.034777e+01,2.041071e+01,2.034777e+01,2.031978e+01,2.040372e+01,2.042470e+01,2.035476e+01,2.031978e+01,2.034777e+01,2.031978e+01,2.042470e+01,2.025677e+01,2.038974e+01,2.034077e+01,2.045964e+01,2.031978e+01,2.037575e+01,2.057140e+01,2.035476e+01,2.027078e+01,2.034077e+01,2.045266e+01,2.038974e+01,2.041770e+01,2.034777e+01,2.040372e+01,2.036176e+01,2.030578e+01,2.037575e+01,2.036875e+01,2.041770e+01,2.041071e+01,2.034077e+01,2.040372e+01,2.038274e+01,2.049458e+01,2.043868e+01,2.050855e+01,2.038974e+01,2.036176e+01,2.042470e+01,2.042470e+01,2.044567e+01,2.043868e+01,2.039673e+01,2.039673e+01,2.036875e+01,2.046663e+01,2.043868e+01,2.050855e+01,2.029878e+01,2.049458e+01,2.047362e+01,2.050157e+01,2.048759e+01,2.052252e+01,2.051554e+01,2.050855e+01,2.045266e+01,2.046663e+01,2.062025e+01,2.054347e+01,2.050855e+01,2.055045e+01,2.046663e+01,2.052950e+01,2.056442e+01,2.051554e+01,2.036875e+01,2.052950e+01,2.061327e+01,2.052950e+01,2.051554e+01,2.043868e+01,2.048759e+01,2.057140e+01,2.059234e+01,2.057140e+01,2.050855e+01,2.049458e+01,2.048061e+01,2.047362e+01,2.048061e+01,2.048061e+01,2.052950e+01,2.050855e+01,2.049458e+01,2.050855e+01,2.046663e+01,2.052950e+01,2.043868e+01,2.049458e+01,2.048759e+01,2.051554e+01,2.059234e+01,2.044567e+01,2.043868e+01,2.043169e+01,2.050855e+01,2.042470e+01,2.067605e+01,2.048061e+01,2.045964e+01,2.042470e+01,2.046663e+01,2.049458e+01,2.051554e+01,2.050855e+01,2.049458e+01,2.055045e+01,2.054347e+01,2.047362e+01,2.046663e+01,2.049458e+01,2.047362e+01,2.063420e+01,2.059932e+01,2.038974e+01,2.038274e+01,2.056442e+01,2.042470e+01,2.032678e+01,2.050855e+01,2.043169e+01,2.046663e+01,2.057140e+01,2.060629e+01,2.042470e+01,2.041770e+01,2.041071e+01,2.052252e+01,2.045964e+01,2.043868e+01,2.052950e+01,2.052950e+01,2.034777e+01,2.043868e+01,2.048759e+01,2.043868e+01,2.056442e+01,2.040372e+01,2.048759e+01,2.039673e+01,2.048061e+01,2.043868e+01,2.041770e+01,2.047362e+01,2.047362e+01,2.038274e+01,2.032678e+01,2.052950e+01,2.053649e+01,2.038974e+01,2.031978e+01,2.052950e+01,2.034077e+01,2.038974e+01,2.041770e+01,2.029178e+01,2.042470e+01,2.041071e+01,2.050855e+01,2.048061e+01,2.040372e+01,2.048061e+01,2.047362e+01,2.048061e+01,2.036875e+01,2.048061e+01,2.038974e+01,2.044567e+01,2.044567e+01,2.054347e+01,2.043169e+01,2.036176e+01,2.034077e+01,2.036875e+01,2.025677e+01,2.055045e+01,2.034777e+01,2.035476e+01,2.036875e+01,2.036176e+01,2.055045e+01,2.037575e+01,2.034077e+01,2.036176e+01,2.043868e+01,2.036176e+01,2.034077e+01,2.037575e+01,2.041770e+01,2.037575e+01,2.037575e+01,2.035476e+01,2.038274e+01,2.034777e+01,2.039673e+01,2.058536e+01,2.020774e+01,2.036875e+01,2.036875e+01,2.028478e+01,2.037575e+01,2.036176e+01,2.043169e+01,2.035476e+01,2.036875e+01,2.043868e+01,2.035476e+01,2.034777e+01,2.041770e+01,2.042470e+01,2.048061e+01,2.034077e+01,2.032678e+01,2.033377e+01,2.046663e+01,2.031278e+01,2.034777e+01,2.031978e+01,2.052950e+01,2.033377e+01,2.033377e+01,2.035476e+01,2.020074e+01,2.035476e+01,2.032678e+01,2.037575e+01,2.033377e+01,2.033377e+01,2.034777e+01,2.038274e+01,2.036176e+01,2.031978e+01,2.038974e+01,2.034077e+01,2.032678e+01,2.037575e+01,2.020074e+01,2.035476e+01,2.043169e+01,2.038974e+01,2.038974e+01,2.038274e+01,2.036875e+01,2.022876e+01,2.058536e+01,2.038974e+01,2.037575e+01,2.031978e+01,2.033377e+01,2.036176e+01,2.027778e+01,2.034777e+01,2.036875e+01,2.028478e+01,2.019373e+01,2.039673e+01,2.035476e+01,2.035476e+01,2.036875e+01,2.038974e+01,2.036176e+01,2.004648e+01
2.045964e+01,2.041770e+01,2.051554e+01,2.042470e+01,2.052950e+01,2.045266e+01,2.024977e+01,2.050855e+01,2.052950e+01,2.041770e+01,2.058536e+01,2.067605e+01,2.046663e+01,2.029878e+01,2.042470e+01,2.048061e+01,2.052252e+01,2.052950e+01,2.054347e+01,2.044567e+01,2.052252e+01,2.055045e+01,2.044567e+01,2.050855e+01,2.041071e+01,2.067605e+01,2.066908e+01,2.089896e+01,2.132944e+01,2.148868e+01,2.141255e+01,2.147484e+01,2.130865e+01,2.139178e+01,2.146100e+01,2.129479e+01,2.172361e+01,2.186155e+01,2.191668e+01,2.155783e+01,2.139178e+01,2.121159e+01,2.096156e+01,2.146100e+01,2.130865e+01,2.139178e+01,2.132252e+01,2.157166e+01,2.126707e+01,2.123240e+01,2.141255e+01,2.147484e+01,2.148176e+01,2.179260e+01,2.173741e+01,2.197865e+01,2.173051e+01,2.152326e+01,2.128786e+01,2.128093e+01,2.168219e+01,2.164766e+01,2.150251e+01,2.136408e+01,2.177191e+01,2.191668e+01,2.210938e+01,2.171671e+01,2.177881e+01,2.209563e+01,2.247315e+01,2.184776e+01,2.136408e+01,2.150251e+01,2.186844e+01,2.170290e+01,2.166147e+01,2.143332e+01,2.165457e+01,2.153709e+01,2.174431e+01,2.179950e+01,2.258955e+01,2.226053e+01,2.189601e+01,2.286976e+01,2.340073e+01,2.250740e+01,2.175121e+01,2.155783e+01,2.209563e+01,2.187534e+01,2.169600e+01,2.156474e+01,2.195800e+01,2.179950e+01,2.179950e+01,2.173051e+01,2.105887e+01,2.106581e+01,2.166147e+01,2.172361e+01,2.178571e+01,2.184087e+01,2.169600e+01,2.138486e+01,2.135715e+01,2.119771e+01,2.110054e+01,2.133637e+01,2.113526e+01,2.116996e+01,2.112831e+01,2.110054e+01,2.091287e+01,2.079453e+01,2.073879e+01,2.087112e+01,2.086416e+01,2.051554e+01,2.051554e+01,2.048061e+01,2.051554e+01,2.051554e+01,2.051554e+01,2.052950e+01,2.050855e+01,2.051554e+01,2.048759e+01,2.043868e+01,2.044567e+01,2.044567e+01,2.050157e+01,2.046663e+01,2.048061e+01,2.057140e+01,2.052252e+01,2.037575e+01,2.056442e+01,2.052950e+01,2.050157e+01,2.048759e+01,2.055045e+01,2.045964e+01,2.044567e+01,2.051554e+01,2.057838e+01,2.057140e+01,2.046663e+01,2.066908e+01,2.057140e+01,2.052252e+01,2.038274e+01,2.050157e+01,2.030578e+01,2.050855e+01,2.055743e+01,2.044567e+01,2.035476e+01,2.052252e+01,2.050855e+01,2.041770e+01,2.039673e+01,2.055743e+01,2.054347e+01,2.041071e+01,2.034777e+01,2.043868e+01,2.041071e+01,2.050855e+01,2.038274e+01,2.038274e+01,2.038274e+01,2.044567e+01,2.041770e+01,2.047362e+01,2.039673e+01,2.044567e+01,2.045964e+01,2.047362e+01,2.036875e+01,2.037575e+01,2.035476e+01,2.036176e+01,2.038974e+01,2.041770e+01,2.038274e+01,2.039673e+01,2.041071e+01,2.038974e+01,2.038274e+01,2.038974e+01,2.040372e+01,2.038974e+01,2.038974e+01,2.032678e+01,2.043868e+01,2.045266e+01,2.029178e+01,2.036176e+01,2.051554e+01,2.044567e+01,2.041770e+01,2.042470e+01,2.058536e+01,2.043169e+01,2.040372e+01,2.038274e+01,2.040372e+01,2.045266e+01,2.036176e+01,2.038274e+01,2.038974e+01,2.041071e+01,2.049458e+01,2.038974e+01,2.037575e+01,2.039673e+01,2.034077e+01,2.041770e+01,2.042470e+01,2.049458e+01,2.050855e+01,2.048061e+01,2.041770e+01,2.034077e+01,2.043868e+01,2.038274e+01,2.033377e+01,2.036176e+01,2.036875e+01,2.042470e+01,2.040372e+01,2.036875e+01,2.038974e+01,2.035476e+01,2.034777e+01,2.041071e+01,2.030578e+01,2.044567e+01,2.045266e+01,2.039673e+01,2.034777e+01,2.043868e+01,2.044567e+01,2.042470e+01,2.031278e+01,2.047362e+01,2.046663e+01,2.046663e+01,2.042470e+01,2.041770e+01,2.036875e+01,2.034777e+01,2.033377e+01,2.005350e+01,1.979354e+01,1.947647e+01,1.946941e+01,1.932815e+01,1.929281e+01,1.912298e+01,1.913714e+01,1.906630e+01,1.910173e+01,1.903795e+01,1.918670e+01,1.910173e+01,1.917962e+01,1.910881e+01,1.908756e+01,1.911590e+01,1.919378e+01,1.916546e+01,1.915838e+01,1.917962e+01,1.975132e+01,1.974428e+01,1.949764e+01,1.975132e+01,1.942705e+01,1.944823e+01,1.939881e+01,1.932815e+01,1.927867e+01,1.922208e+01,1.907339e+01,1.922208e+01,1.918670e+01,1.917254e+01,1.908756e+01,1.905213e+01,1.906630e+01,1.916546e+01,1.908047e+01,1.907339e+01,1.908047e+01,1.915838e+01,1.908756e+01,1.923623e+01,1.924331e+01,1.936349e+01,1.934936e+01,1.965274e+01,1.954701e+01,1.955407e+01,1.936349e+01,1.920793e+01,1.927160e+01,1.932109e+01,1.926452e+01,1.927867e+01,1.925745e+01,1.912298e+01,1.926452e+01,1.916546e+01,1.909464e+01,1.901669e+01,1.901669e+01,1.903087e+01,1.903087e+01,1.913714e+01,1.901669e+01,1.900251e+01,1.895995e+01,1.908047e+01,1.911590e+01,1.918670e+01,1.918670e+01,1.917254e+01,1.917254e+01,1.922916e+01,1.933522e+01,1.922208e+01,1.927867e+01,1.931402e+01,1.929988e+01,1.930695e+01,1.939881e+01,1.948352e+01,1.947647e+01,1.952586e+01,1.945529e+01,1.962456e+01,1.987090e+01,1.981464e+01,1.991306e+01,2.017972e+01,2.015168e+01,2.030578e+01,2.032678e+01,2.029178e+01,2.041770e+01,2.042470e+01,2.037575e+01,2.043868e+01,2.038274e+01,2.036176e+01,2.036875e+01,2.034077e+01,2.035476e+01,2.036176e+01,2.045266e+01,2.047362e+01,2.037575e+01,2.037575e+01,2.042470e+01,2.028478e+01,2.032678e+01,2.030578e+01,2.043169e+01,2.034777e+01,2.038974e+01,2.041770e+01,2.038974e+01,2.031278e+01,2.042470e+01,2.045266e+01,2.029878e+01,2.042470e+01,2.035476e+01,2.029178e+01,2.034077e+01,2.038274e+01,2.029178e+01,2.042470e+01,2.031978e+01,2.034077e+01,2.030578e+01,2.037575e+01,2.030578e+01,2.032678e+01,2.039673e+01,2.034077e+01,2.034777e+01,2.032678e+01,2.046663e+01,2.036875e+01,2.039673e+01,2.048061e+01,2.031978e+01,2.035476e+01,2.036875e+01,2.041071e+01,2.038274e+01,2.038274e+01,2.043169e+01,2.036875e+01,2.032678e+01,2.034077e+01,2.036875e+01,2.049458e+01,2.032678e+01,2.052252e+01,2.050157e+01,2.048061e+01,2.046663e+01,2.051554e+01,2.043868e+01,2.052252e+01,2.040372e+01,2.048759e+01,2.047362e+01,2.049458e+01,2.048061e+01,2.050855e+01,2.042470e+01,2.050855e+01,2.046663e+01,2.050855e+01,2.044567e+01,2.037575e+01,2.040372e+01,2.048759e+01,2.043868e+01,2.046663e+01,2.058536e+01,2.052252e+01,2.046663e+01,2.057838e+01,2.050855e+01,2.046663e+01,2.050157e+01,2.054347e+01,2.033377e+01,2.038974e+01,2.049458e+01,2.040372e+01,2.048061e+01,2.054347e+01,2.046663e+01,2.045266e+01,2.059234e+01,2.046663e+01,2.052950e+01,2.053649e+01,2.052950e+01,2.053649e+01,2.045964e+01,2.057838e+01,2.060629e+01,2.043868e+01,2.062025e+01,2.058536e+01,2.043169e+01,2.045964e+01,2.049458e+01,2.048061e+01,2.048759e+01,2.052252e+01,2.048061e+01,2.049458e+01,2.059234e+01,2.052252e+01,2.045266e+01,2.046663e+01,2.048759e+01,2.048061e+01,2.056442e+01,2.056442e+01,2.045266e+01,2.050157e+01,2.058536e+01,2.050855e+01,2.041071e+01,2.061327e+01,2.055743e+01,2.057838e+01,2.055045e+01,2.047362e+01,2.059932e+01,2.041071e+01,2.041770e+01,2.052950e+01,2.041071e+01,2.048759e+01,2.049458e+01,2.034077e+01,2.057838e+01,2.050855e+01,2.048759e+01,2.045964e+01,2.047362e+01,2.034077e+01,2.050855e+01,2.045964e+01,2.043868e+01,2.037575e+01,2.045266e+01,2.036875e+01,2.054347e+01,2.053649e+01,2.050157e+01,2.049458e+01,2.041071e+01,2.053649e+01,2.047362e+01,2.043169e+01,2.035476e+01,2.038274e+01,2.043868e+01,2.043868e+01,2.043868e+01,2.037575e+01,2.038974e+01,2.048759e+01,2.045266e+01,2.043868e+01,2.038274e+01,2.052950e+01,2.036875e+01,2.050157e+01,2.036875e+01,2.031978e+01,2.057140e+01,2.044567e+01,2.038974e+01,2.035476e+01,2.046663e+01,2.048759e+01,2.046663e+01,2.048759e+01,2.043169e+01,2.044567e+01,2.036875e+01,2.045266e+01,2.038974e+01,2.039673e+01,2.042470e+01,2.050855e+01,2.043868e+01,2.041071e+01,2.027078e+01,2.032678e+01,2.034777e+01,2.035476e+01,2.034777e+01,2.043169e+01,2.049458e+01,2.034777e+01,2.041770e+01,2.033377e+01,2.031278e+01,2.032678e+01,2.026378e+01,2.036176e+01,2.040372e+01,2.043868e+01,2.032678e+01,2.048061e+01,2.042470e+01,2.036875e+01,2.038274e+01,2.055045e+01,2.036176e+01,2.038274e+01,2.033377e+01,2.041071e+01,2.043169e+01,2.033377e+01,2.043169e+01,2.038974e+01,2.038274e+01,2.042470e+01,2.039673e+01,2.040372e+01,2.038274e+01,2.036176e+01,2.039673e+01,2.036176e+01,2.038274e+01,2.043868e+01,2.031978e+01,2.041770e+01,2.050157e+01,2.032678e+01,2.031278e+01,2.033377e+01,2.043169e+01,2.046663e+01,2.043169e+01,2.027778e+01,2.038974e+01,2.034077e+01,2.031978e+01,2.041770e+01,2.036875e+01,2.024977e+01,2.036875e+01,2.036875e+01,2.034077e+01,2.031978e+01,2.031978e+01,2.025677e+01,2.023577e+01,2.034077e+01,2.043868e+01,2.038974e+01,2.038974e+01,2.034777e+01,2.038274e+01,2.028478e+01,2.024277e+01,2.036176e+01,2.031278e+01,2.039673e+01,2.037575e+01,2.036176e+01,2.034077e+01,2.038274e+01,2.043169e+01,2.042470e+01,2.036176e+01,2.024977e+01,2.036875e+01,2.036875e+01,2.042470e+01,2.029878e+01,2.034777e+01,2.028478e+01
2.048759e+01,2.050855e+01,2.034777e+01,2.036176e+01,2.036176e+01,2.044567e+01,2.046663e+01,2.048759e+01,2.044567e+01,2.043868e+01,2.050157e+01,2.044567e+01,2.059932e+01,2.033377e+01,2.041071e+01,2.045964e+01,2.043169e+01,2.043169e+01,2.036875e+01,2.041770e+01,2.035476e+01,2.058536e+01,2.050855e+01,2.044567e+01,2.038274e+01,2.062025e+01,2.067605e+01,2.073879e+01,2.126013e+01,2.150251e+01,2.141948e+01,2.143332e+01,2.143332e+01,2.133637e+01,2.147484e+01,2.164075e+01,2.159930e+01,2.159239e+01,2.159930e+01,2.141255e+01,2.139178e+01,2.136408e+01,2.137793e+01,2.173741e+01,2.151634e+01,2.132252e+01,2.150943e+01,2.163385e+01,2.150943e+01,2.128093e+01,2.131559e+01,2.143332e+01,2.128786e+01,2.147484e+01,2.145408e+01,2.135023e+01,2.132944e+01,2.133637e+01,2.110054e+01,2.147484e+01,2.141948e+01,2.156474e+01,2.135715e+01,2.141948e+01,2.168909e+01,2.186844e+01,2.169600e+01,2.178571e+01,2.210250e+01,2.175811e+01,2.171671e+01,2.146100e+01,2.147484e+01,2.186844e+01,2.210250e+01,2.170290e+01,2.157166e+01,2.188912e+01,2.177881e+01,2.156474e+01,2.180640e+01,2.180640e+01,2.258955e+01,2.232917e+01,2.185466e+01,2.157857e+01,2.169600e+01,2.172361e+01,2.186844e+01,2.184776e+01,2.164075e+01,2.158548e+01,2.155092e+01,2.214375e+01,2.241832e+01,2.182019e+01,2.148868e+01,2.140563e+01,2.132944e+01,2.130865e+01,2.132944e+01,2.173741e+01,2.164075e+01,2.145408e+01,2.148176e+01,2.119078e+01,2.153709e+01,2.139178e+01,2.119771e+01,2.128786e+01,2.110748e+01,2.114220e+01,2.096156e+01,2.103802e+01,2.098937e+01,2.079453e+01,2.079453e+01,2.066211e+01,2.051554e+01,2.045266e+01,2.033377e+01,2.040372e+01,2.050855e+01,2.031978e+01,2.045266e+01,2.054347e+01,2.029878e+01,2.047362e+01,2.045964e+01,2.048759e+01,2.048759e+01,2.056442e+01,2.054347e+01,2.040372e+01,2.038974e+01,2.037575e+01,2.037575e+01,2.041770e+01,2.055743e+01,2.048759e+01,2.048061e+01,2.046663e+01,2.049458e+01,2.043868e+01,2.046663e+01,2.029878e+01,2.041770e+01,2.042470e+01,2.045266e+01,2.055743e+01,2.038974e+01,2.031278e+01,2.052950e+01,2.037575e+01,2.041770e+01,2.057838e+01,2.033377e+01,2.037575e+01,2.057838e+01,2.045964e+01,2.041071e+01,2.038974e+01,2.051554e+01,2.046663e+01,2.050855e+01,2.037575e+01,2.040372e+01,2.050157e+01,2.047362e+01,2.046663e+01,2.037575e+01,2.036176e+01,2.044567e+01,2.038974e+01,2.050157e+01,2.044567e+01,2.039673e+01,2.039673e+01,2.037575e+01,2.043868e+01,2.046663e+01,2.034777e+01,2.029878e+01,2.031278e+01,2.043169e+01,2.034077e+01,2.037575e+01,2.043169e+01,2.039673e+01,2.036875e+01,2.036875e+01,2.036176e+01,2.036875e+01,2.043868e+01,2.044567e+01,2.031978e+01,2.036176e+01,2.041770e+01,2.055743e+01,2.057838e+01,2.045266e+01,2.047362e+01,2.038274e+01,2.036875e+01,2.036875e+01,2.038274e+01,2.039673e+01,2.043868e+01,2.036875e+01,2.045964e+01,2.041071e+01,2.038274e+01,2.045266e+01,2.043868e+01,2.041770e+01,2.037575e+01,2.037575e+01,2.043169e+01,2.044567e+01,2.045266e+01,2.040372e+01,2.043169e+01,2.052950e+01,2.033377e+01,2.031978e+01,2.036875e+01,2.039673e+01,2.035476e+01,2.031978e+01,2.043868e+01,2.046663e+01,2.037575e+01,2.034077e+01,2.045964e+01,2.038974e+01,2.030578e+01,2.033377e+01,2.034077e+01,2.042470e+01,2.041071e+01,2.044567e+01,2.035476e+01,2.037575e+01,2.043868e+01,2.038974e+01,2.044567e+01,2.046663e+01,2.041071e+01,2.043868e+01,2.045964e+01,2.034777e+01,2.039673e+01,2.038274e+01,2.036176e+01,2.036875e+01,2.033377e+01,1.961047e+01,1.940587e+01,1.924331e+01,1.922208e+01,1.934936e+01,1.915130e+01,1.910881e+01,1.902378e+01,1.907339e+01,1.910881e+01,1.907339e+01,1.914422e+01,1.915838e+01,1.907339e+01,1.910881e+01,1.897414e+01,1.905922e+01,1.913006e+01,1.912298e+01,1.917254e+01,1.917254e+01,1.922208e+01,1.946941e+01,1.944823e+01,1.941293e+01,1.938468e+01,1.933522e+01,1.931402e+01,1.911590e+01,1.910173e+01,1.914422e+01,1.890318e+01,1.890318e+01,1.893867e+01,1.896704e+01,1.899541e+01,1.890318e+01,1.907339e+01,1.906630e+01,1.911590e+01,1.908047e+01,1.912298e+01,1.912298e+01,1.940587e+01,1.921501e+01,1.922916e+01,1.932109e+01,1.943411e+01,1.955407e+01,1.956817e+01,1.949058e+01,1.937762e+01,1.917962e+01,1.921501e+01,1.915130e+01,1.913006e+01,1.917254e+01,1.929281e+01,1.912298e+01,1.913006e+01,1.893867e+01,1.893867e+01,1.892448e+01,1.895286e+01,1.900960e+01,1.903795e+01,1.904504e+01,1.905213e+01,1.911590e+01,1.912298e+01,1.910173e+01,1.908047e+01,1.910881e+01,1.916546e+01,1.923623e+01,1.914422e+01,1.922916e+01,1.924331e+01,1.926452e+01,1.936349e+01,1.937055e+01,1.939174e+01,1.934229e+01,1.950469e+01,1.952586e+01,1.945529e+01,1.961751e+01,1.964570e+01,1.989901e+01,2.003946e+01,2.027078e+01,2.039673e+01,2.036176e+01,2.038974e+01,2.025677e+01,2.033377e+01,2.044567e+01,2.040372e+01,2.037575e+01,2.041770e+01,2.039673e+01,2.036875e+01,2.037575e+01,2.036176e+01,2.034777e+01,2.036176e+01,2.048061e+01,2.036875e+01,2.041071e+01,2.027078e+01,2.040372e+01,2.041071e+01,2.033377e+01,2.031978e+01,2.035476e+01,2.038274e+01,2.035476e+01,2.040372e+01,2.038274e+01,2.037575e+01,2.034077e+01,2.039673e+01,2.042470e+01,2.026378e+01,2.041071e+01,2.038974e+01,2.044567e+01,2.042470e+01,2.033377e+01,2.034077e+01,2.048061e+01,2.036176e+01,2.029178e+01,2.031278e+01,2.029178e+01,2.027778e+01,2.048061e+01,2.035476e+01,2.033377e+01,2.034777e+01,2.041071e+01,2.045964e+01,2.038974e+01,2.044567e+01,2.038274e+01,2.036875e+01,2.041071e+01,2.034077e+01,2.037575e+01,2.038974e+01,2.048759e+01,2.038274e+01,2.035476e+01,2.045266e+01,2.045266e+01,2.054347e+01,2.045266e+01,2.045964e+01,2.046663e+01,2.045964e+01,2.043868e+01,2.053649e+01,2.048759e+01,2.041071e+01,2.055045e+01,2.041770e+01,2.046663e+01,2.049458e+01,2.047362e+01,2.050855e+01,2.041071e+01,2.043868e+01,2.050855e+01,2.049458e+01,2.050157e+01,2.051554e+01,2.050855e+01,2.050157e+01,2.050157e+01,2.047362e+01,2.053649e+01,2.050157e+01,2.048759e+01,2.050855e+01,2.055045e+01,2.054347e+01,2.045266e+01,2.050855e+01,2.044567e+01,2.048061e+01,2.054347e+01,2.049458e+01,2.059234e+01,2.061327e+01,2.051554e+01,2.062723e+01,2.059234e+01,2.061327e+01,2.052950e+01,2.052950e+01,2.057838e+01,2.051554e+01,2.052252e+01,2.058536e+01,2.059234e+01,2.045964e+01,2.051554e+01,2.047362e+01,2.050855e+01,2.061327e+01,2.052950e+01,2.042470e+01,2.046663e+01,2.052950e+01,2.053649e+01,2.041770e+01,2.038274e+01,2.043868e+01,2.049458e+01,2.051554e+01,2.050157e+01,2.052950e+01,2.043169e+01,2.036875e+01,2.048061e+01,2.051554e+01,2.050855e+01,2.044567e+01,2.044567e+01,2.058536e+01,2.053649e+01,2.049458e+01,2.049458e+01,2.045964e+01,2.054347e+01,2.053649e+01,2.056442e+01,2.055045e+01,2.059932e+01,2.045266e+01,2.034077e+01,2.047362e+01,2.053649e+01,2.053649e+01,2.051554e+01,2.052950e+01,2.050855e+01,2.045266e+01,2.043169e+01,2.029878e+01,2.049458e+01,2.047362e+01,2.045964e+01,2.043169e+01,2.035476e+01,2.039673e+01,2.046663e+01,2.049458e+01,2.054347e+01,2.051554e+01,2.054347e+01,2.052252e+01,2.046663e+01,2.043868e+01,2.044567e+01,2.050157e+01,2.044567e+01,2.037575e+01,2.036875e+01,2.042470e+01,2.054347e+01,2.042470e+01,2.057140e+01,2.045964e+01,2.071789e+01,2.036176e+01,2.050855e+01,2.033377e+01,2.055045e+01,2.047362e+01,2.052252e+01,2.038974e+01,2.046663e+01,2.052252e+01,2.046663e+01,2.048061e+01,2.043169e+01,2.041770e+01,2.055743e+01,2.037575e+01,2.038274e+01,2.040372e+01,2.043868e+01,2.042470e+01,2.031278e+01,2.031278e+01,2.041770e+01,2.031978e+01,2.029878e+01,2.042470e+01,2.043169e+01,2.037575e+01,2.057140e+01,2.041071e+01,2.043868e+01,2.038274e+01,2.033377e+01,2.044567e+01,2.032678e+01,2.033377e+01,2.031278e+01,2.045266e+01,2.038974e+01,2.034777e+01,2.036176e+01,2.037575e+01,2.036875e+01,2.025677e+01,2.052252e+01,2.039673e+01,2.034777e+01,2.046663e+01,2.034777e+01,2.042470e+01,2.034077e+01,2.043169e+01,2.037575e+01,2.031978e+01,2.034777e+01,2.039673e+01,2.041770e+01,2.048061e+01,2.037575e+01,2.043868e+01,2.034777e+01,2.038274e+01,2.034077e+01,2.048759e+01,2.038274e+01,2.048061e+01,2.032678e+01,2.028478e+01,2.033377e+01,2.042470e+01,2.040372e+01,2.041770e+01,2.036875e+01,2.045266e+01,2.045964e+01,2.032678e+01,2.036176e+01,2.027778e+01,2.038974e+01,2.041071e+01,2.036875e+01,2.036176e+01,2.038274e+01,2.035476e+01,2.034077e+01,2.048061e+01,2.041071e+01,2.038974e+01,2.035476e+01,2.025677e+01,2.020774e+01,2.018673e+01,2.029178e+01,2.036875e+01,2.041071e+01,2.020774e+01,2.019373e+01,2.038974e+01,2.038974e+01,2.036875e+01,2.033377e+01,2.022876e+01,2.031978e+01,2.052252e+01,2.026378e+01,2.034777e+01,2.033377e+01,2.008857e+01,2.009559e+01,2.018673e+01
2.039673e+01,2.051554e+01,2.049458e+01,2.052252e+01,2.020774e+01,2.043169e+01,2.050157e+01,2.044567e+01,2.044567e+01,2.052252e+01,2.052252e+01,2.045266e+01,2.051554e+01,2.044567e+01,2.038274e+01,2.043868e+01,2.042470e+01,2.044567e+01,2.048061e+01,2.043868e+01,2.045964e+01,2.035476e+01,2.070394e+01,2.045266e+01,2.040372e+01,2.058536e+01,2.078060e+01,2.067605e+01,2.120465e+01,2.127400e+01,2.139178e+01,2.149559e+01,2.143332e+01,2.173741e+01,2.167528e+01,2.162003e+01,2.148868e+01,2.153709e+01,2.141948e+01,2.142640e+01,2.134330e+01,2.121852e+01,2.144716e+01,2.170290e+01,2.141948e+01,2.152326e+01,2.173051e+01,2.168909e+01,2.159930e+01,2.146100e+01,2.144716e+01,2.137793e+01,2.123240e+01,2.136408e+01,2.132944e+01,2.123240e+01,2.121852e+01,2.119078e+01,2.112831e+01,2.110054e+01,2.112137e+01,2.136408e+01,2.159239e+01,2.152326e+01,2.188223e+01,2.172361e+01,2.244574e+01,2.210938e+01,2.184087e+01,2.186155e+01,2.148868e+01,2.139871e+01,2.137793e+01,2.211625e+01,2.197865e+01,2.157166e+01,2.152326e+01,2.164075e+01,2.193734e+01,2.184087e+01,2.232917e+01,2.193045e+01,2.161312e+01,2.186155e+01,2.187534e+01,2.132252e+01,2.166147e+01,2.179950e+01,2.223993e+01,2.235661e+01,2.182708e+01,2.147484e+01,2.139871e+01,2.130173e+01,2.135023e+01,2.137101e+01,2.127400e+01,2.105887e+01,2.107276e+01,2.130865e+01,2.136408e+01,2.223307e+01,2.228113e+01,2.163385e+01,2.125320e+01,2.146792e+01,2.142640e+01,2.121852e+01,2.116996e+01,2.078060e+01,2.091983e+01,2.085024e+01,2.086416e+01,2.095461e+01,2.085720e+01,2.089896e+01,2.071789e+01,2.076667e+01,2.085720e+01,2.060629e+01,2.050855e+01,2.053649e+01,2.044567e+01,2.038974e+01,2.048759e+01,2.034077e+01,2.035476e+01,2.036875e+01,2.048061e+01,2.044567e+01,2.045964e+01,2.044567e+01,2.046663e+01,2.039673e+01,2.043169e+01,2.043169e+01,2.044567e+01,2.034777e+01,2.054347e+01,2.056442e+01,2.044567e+01,2.038974e+01,2.045964e+01,2.043169e+01,2.042470e+01,2.042470e+01,2.033377e+01,2.043169e+01,2.045964e+01,2.048759e+01,2.044567e+01,2.042470e+01,2.043169e+01,2.062723e+01,2.036875e+01,2.037575e+01,2.036875e+01,2.052252e+01,2.038274e+01,2.047362e+01,2.045266e+01,2.049458e+01,2.045964e+01,2.037575e+01,2.034077e+01,2.038274e+01,2.046663e+01,2.049458e+01,2.043868e+01,2.047362e+01,2.041071e+01,2.040372e+01,2.040372e+01,2.039673e+01,2.045964e+01,2.044567e+01,2.045266e+01,2.047362e+01,2.042470e+01,2.033377e+01,2.034777e+01,2.038974e+01,2.049458e+01,2.041071e+01,2.042470e+01,2.036176e+01,2.037575e+01,2.040372e+01,2.036176e+01,2.038974e+01,2.036875e+01,2.038274e+01,2.040372e+01,2.045964e+01,2.029878e+01,2.027778e+01,2.034777e+01,2.039673e+01,2.041770e+01,2.043868e+01,2.034777e+01,2.043169e+01,2.037575e+01,2.032678e+01,2.037575e+01,2.038974e+01,2.038274e+01,2.042470e+01,2.030578e+01,2.028478e+01,2.030578e+01,2.028478e+01,2.041071e+01,2.036176e+01,2.032678e+01,2.036176e+01,2.041071e+01,2.043169e+01,2.041071e+01,2.041770e+01,2.038974e+01,2.045266e+01,2.041071e+01,2.041071e+01,2.046663e+01,2.029178e+01,2.041071e+01,2.041770e+01,2.041770e+01,2.036875e+01,2.044567e+01,2.032678e+01,2.034777e+01,2.040372e+01,2.037575e+01,2.041770e+01,2.040372e+01,2.034077e+01,2.037575e+01,2.034777e+01,2.045266e+01,2.037575e+01,2.041770e+01,2.043169e+01,2.042470e+01,2.045266e+01,2.037575e+01,2.041071e+01,2.043868e+01,2.046663e+01,2.041071e+01,2.040372e+01,2.036875e+01,2.048759e+01,2.035476e+01,2.029878e+01,1.951175e+01,1.928574e+01,1.930695e+01,1.920085e+01,1.921501e+01,1.905213e+01,1.913006e+01,1.913006e+01,1.898832e+01,1.900960e+01,1.910881e+01,1.909464e+01,1.908756e+01,1.898123e+01,1.891028e+01,1.905922e+01,1.895995e+01,1.904504e+01,1.901669e+01,1.913714e+01,1.905922e+01,1.907339e+01,1.943411e+01,1.928574e+01,1.944118e+01,1.929281e+01,1.929281e+01,1.932815e+01,1.911590e+01,1.908756e+01,1.893157e+01,1.893157e+01,1.893157e+01,1.888189e+01,1.891028e+01,1.908047e+01,1.890318e+01,1.900960e+01,1.903087e+01,1.907339e+01,1.917254e+01,1.930695e+01,1.931402e+01,1.934229e+01,1.912298e+01,1.928574e+01,1.951175e+01,1.952586e+01,1.954701e+01,1.953291e+01,1.944118e+01,1.931402e+01,1.931402e+01,1.934229e+01,1.918670e+01,1.917962e+01,1.920793e+01,1.918670e+01,1.913714e+01,1.907339e+01,1.907339e+01,1.907339e+01,1.901669e+01,1.893157e+01,1.893157e+01,1.905922e+01,1.908756e+01,1.911590e+01,1.909464e+01,1.903795e+01,1.915838e+01,1.910881e+01,1.915130e+01,1.918670e+01,1.929281e+01,1.922916e+01,1.926452e+01,1.927867e+01,1.924331e+01,1.928574e+01,1.934936e+01,1.932109e+01,1.948352e+01,1.954701e+01,1.955407e+01,1.978650e+01,1.978650e+01,2.001139e+01,2.017271e+01,2.013065e+01,2.017271e+01,2.034077e+01,2.052252e+01,2.040372e+01,2.034077e+01,2.021475e+01,2.039673e+01,2.042470e+01,2.042470e+01,2.038274e+01,2.043868e+01,2.033377e+01,2.040372e+01,2.036176e+01,2.037575e+01,2.035476e+01,2.049458e+01,2.028478e+01,2.050855e+01,2.041770e+01,2.036875e+01,2.038974e+01,2.029878e+01,2.036875e+01,2.037575e+01,2.039673e+01,2.038274e+01,2.033377e+01,2.033377e+01,2.038974e+01,2.032678e+01,2.036875e+01,2.041770e+01,2.031978e+01,2.040372e+01,2.024977e+01,2.034777e+01,2.043169e+01,2.029878e+01,2.036176e+01,2.046663e+01,2.035476e+01,2.036176e+01,2.043169e+01,2.031278e+01,2.029178e+01,2.035476e+01,2.032678e+01,2.036176e+01,2.044567e+01,2.050855e+01,2.036875e+01,2.033377e+01,2.040372e+01,2.041770e+01,2.038974e+01,2.040372e+01,2.036875e+01,2.056442e+01,2.039673e+01,2.048061e+01,2.037575e+01,2.053649e+01,2.045266e+01,2.052950e+01,2.051554e+01,2.041770e+01,2.045964e+01,2.034777e+01,2.045266e+01,2.058536e+01,2.047362e+01,2.041071e+01,2.059234e+01,2.061327e+01,2.043868e+01,2.044567e+01,2.042470e+01,2.043868e+01,2.050855e+01,2.059234e+01,2.055045e+01,2.049458e+01,2.048759e+01,2.050855e+01,2.053649e+01,2.050157e+01,2.050855e+01,2.053649e+01,2.050157e+01,2.047362e+01,2.059932e+01,2.058536e+01,2.057140e+01,2.053649e+01,2.062025e+01,2.052252e+01,2.052950e+01,2.047362e+01,2.059932e+01,2.043868e+01,2.043868e+01,2.057838e+01,2.055045e+01,2.045964e+01,2.046663e+01,2.049458e+01,2.055045e+01,2.052950e+01,2.054347e+01,2.045964e+01,2.052252e+01,2.048759e+01,2.055045e+01,2.059932e+01,2.043169e+01,2.049458e+01,2.046663e+01,2.047362e+01,2.059234e+01,2.044567e+01,2.050157e+01,2.054347e+01,2.047362e+01,2.045964e+01,2.054347e+01,2.043169e+01,2.052252e+01,2.050157e+01,2.067605e+01,2.058536e+01,2.050157e+01,2.052950e+01,2.044567e+01,2.050855e+01,2.050157e+01,2.049458e+01,2.041071e+01,2.054347e+01,2.048061e+01,2.055743e+01,2.057140e+01,2.050157e+01,2.049458e+01,2.045964e+01,2.042470e+01,2.033377e+01,2.050855e+01,2.052252e+01,2.048759e+01,2.038274e+01,2.052950e+01,2.055045e+01,2.049458e+01,2.052950e+01,2.066908e+01,2.054347e+01,2.049458e+01,2.046663e+01,2.060629e+01,2.049458e+01,2.048061e+01,2.045266e+01,2.045964e+01,2.048759e+01,2.044567e+01,2.045266e+01,2.052252e+01,2.052950e+01,2.055045e+01,2.052950e+01,2.052950e+01,2.049458e+01,2.044567e+01,2.038274e+01,2.053649e+01,2.050855e+01,2.057838e+01,2.050157e+01,2.041071e+01,2.049458e+01,2.057838e+01,2.059932e+01,2.052950e+01,2.049458e+01,2.051554e+01,2.037575e+01,2.034777e+01,2.048759e+01,2.045964e+01,2.038974e+01,2.049458e+01,2.046663e+01,2.049458e+01,2.048061e+01,2.032678e+01,2.038974e+01,2.043868e+01,2.050855e+01,2.060629e+01,2.038274e+01,2.045266e+01,2.039673e+01,2.048061e+01,2.045266e+01,2.038974e+01,2.043868e+01,2.045266e+01,2.050855e+01,2.036176e+01,2.040372e+01,2.038974e+01,2.034077e+01,2.052950e+01,2.050855e+01,2.032678e+01,2.041071e+01,2.034077e+01,2.043169e+01,2.046663e+01,2.032678e+01,2.045266e+01,2.041071e+01,2.039673e+01,2.037575e+01,2.048759e+01,2.044567e+01,2.046663e+01,2.034777e+01,2.040372e+01,2.035476e+01,2.038274e+01,2.043169e+01,2.045266e+01,2.040372e+01,2.038974e+01,2.042470e+01,2.033377e+01,2.035476e+01,2.036176e+01,2.036875e+01,2.031978e+01,2.031978e+01,2.039673e+01,2.030578e+01,2.036875e+01,2.029178e+01,2.039673e+01,2.038274e+01,2.033377e+01,2.032678e+01,2.044567e+01,2.035476e+01,2.030578e+01,2.042470e+01,2.047362e+01,2.032678e+01,2.034777e+01,2.036875e+01,2.035476e+01,2.034077e+01,2.036875e+01,2.036176e+01,2.043868e+01,2.043169e+01,2.033377e+01,2.031278e+01,2.038974e+01,2.040372e+01,2.036176e+01,2.036875e+01,2.041071e+01,2.036875e+01,2.020074e+01,2.050157e+01,2.033377e+01,2.029178e+01,2.036176e+01,2.036176e+01,2.029178e+01,2.037575e+01,2.034777e+01,2.018673e+01,2.021475e+01,2.019373e+01,2.027778e+01,2.037575e+01,2.037575e+01,2.034077e+01,2.028478e+01,2.019373e+01,2.013766e+01,2.024977e+01,2.008156e+01
2.038974e+01,2.038974e+01,2.043169e+01,2.041071e+01,2.044567e+01,2.047362e+01,2.044567e+01,2.043169e+01,2.046663e+01,2.043868e+01,2.046663e+01,2.039673e+01,2.039673e+01,2.049458e+01,2.055743e+01,2.051554e+01,2.057140e+01,2.043169e+01,2.043868e+01,2.047362e+01,2.048759e+01,2.047362e+01,2.040372e+01,2.044567e+01,2.050855e+01,2.063420e+01,2.059932e+01,2.062723e+01,2.087808e+01,2.119771e+01,2.142640e+01,2.135715e+01,2.164075e+01,2.165457e+01,2.158548e+01,2.164075e+01,2.160621e+01,2.145408e+01,2.109360e+01,2.118384e+01,2.132944e+01,2.146792e+01,2.172361e+01,2.134330e+01,2.117690e+01,2.146792e+01,2.164766e+01,2.171671e+01,2.159239e+01,2.141255e+01,2.186844e+01,2.144024e+01,2.139871e+01,2.145408e+01,2.147484e+01,2.124627e+01,2.132252e+01,2.114220e+01,2.112831e+01,2.110748e+01,2.139871e+01,2.114220e+01,2.159930e+01,2.154400e+01,2.188912e+01,2.186844e+01,2.195800e+01,2.245259e+01,2.284245e+01,2.173741e+01,2.157857e+01,2.197865e+01,2.151634e+01,2.193734e+01,2.212313e+01,2.195111e+01,2.184087e+01,2.192356e+01,2.220559e+01,2.192356e+01,2.184087e+01,2.212313e+01,2.155092e+01,2.223993e+01,2.199931e+01,2.157857e+01,2.206124e+01,2.206124e+01,2.206124e+01,2.184776e+01,2.193045e+01,2.153709e+01,2.126013e+01,2.126013e+01,2.131559e+01,2.129479e+01,2.108665e+01,2.104497e+01,2.107971e+01,2.101718e+01,2.137101e+01,2.143332e+01,2.163385e+01,2.164075e+01,2.149559e+01,2.121852e+01,2.107276e+01,2.110748e+01,2.082935e+01,2.082935e+01,2.084328e+01,2.080846e+01,2.085024e+01,2.084328e+01,2.088504e+01,2.076667e+01,2.075970e+01,2.072486e+01,2.087112e+01,2.074576e+01,2.051554e+01,2.055743e+01,2.043169e+01,2.047362e+01,2.045964e+01,2.051554e+01,2.045266e+01,2.051554e+01,2.040372e+01,2.055743e+01,2.041071e+01,2.049458e+01,2.045266e+01,2.047362e+01,2.057140e+01,2.061327e+01,2.050157e+01,2.037575e+01,2.038974e+01,2.047362e+01,2.040372e+01,2.053649e+01,2.057140e+01,2.052252e+01,2.050855e+01,2.052252e+01,2.042470e+01,2.045266e+01,2.041071e+01,2.054347e+01,2.040372e+01,2.051554e+01,2.043169e+01,2.045266e+01,2.044567e+01,2.040372e+01,2.043868e+01,2.058536e+01,2.036875e+01,2.055743e+01,2.049458e+01,2.036176e+01,2.055045e+01,2.056442e+01,2.043169e+01,2.032678e+01,2.029878e+01,2.048061e+01,2.047362e+01,2.045964e+01,2.040372e+01,2.037575e+01,2.048759e+01,2.051554e+01,2.048061e+01,2.048061e+01,2.041071e+01,2.034777e+01,2.043868e+01,2.036176e+01,2.039673e+01,2.036176e+01,2.045266e+01,2.048759e+01,2.043868e+01,2.037575e+01,2.049458e+01,2.045964e+01,2.048061e+01,2.034077e+01,2.044567e+01,2.053649e+01,2.033377e+01,2.036176e+01,2.032678e+01,2.034077e+01,2.034777e+01,2.045964e+01,2.041770e+01,2.044567e+01,2.042470e+01,2.045266e+01,2.061327e+01,2.038974e+01,2.036176e+01,2.036875e+01,2.029178e+01,2.031978e+01,2.041770e+01,2.046663e+01,2.043868e+01,2.034777e+01,2.041770e+01,2.040372e+01,2.038974e+01,2.032678e+01,2.036875e+01,2.038274e+01,2.038974e+01,2.043868e+01,2.045266e+01,2.037575e+01,2.037575e+01,2.052950e+01,2.042470e+01,2.038274e+01,2.042470e+01,2.045266e+01,2.043169e+01,2.041770e+01,2.041071e+01,2.039673e+01,2.041770e+01,2.035476e+01,2.041071e+01,2.036875e+01,2.040372e+01,2.047362e+01,2.045266e+01,2.042470e+01,2.041770e+01,2.041071e+01,2.043868e+01,2.044567e+01,2.031978e+01,2.055045e+01,2.038274e+01,2.041071e+01,2.039673e+01,2.059932e+01,2.043169e+01,2.043169e+01,2.035476e+01,2.034777e+01,2.024977e+01,2.010961e+01,1.975836e+01,1.951175e+01,1.932109e+01,1.932815e+01,1.925745e+01,1.903087e+01,1.913006e+01,1.893867e+01,1.908047e+01,1.906630e+01,1.908756e+01,1.908756e+01,1.903087e+01,1.906630e+01,1.905213e+01,1.888189e+01,1.891028e+01,1.902378e+01,1.913714e+01,1.913714e+01,1.895995e+01,1.913006e+01,1.925038e+01,1.908047e+01,1.930695e+01,1.916546e+01,1.937762e+01,1.910173e+01,1.912298e+01,1.908756e+01,1.908756e+01,1.886769e+01,1.886769e+01,1.886059e+01,1.892448e+01,1.890318e+01,1.890318e+01,1.893157e+01,1.891028e+01,1.891028e+01,1.894576e+01,1.910881e+01,1.917254e+01,1.933522e+01,1.921501e+01,1.940587e+01,1.952586e+01,1.955407e+01,1.953291e+01,1.951880e+01,1.935642e+01,1.933522e+01,1.931402e+01,1.929281e+01,1.931402e+01,1.920085e+01,1.932815e+01,1.900251e+01,1.915130e+01,1.909464e+01,1.893867e+01,1.910173e+01,1.894576e+01,1.908047e+01,1.893867e+01,1.900960e+01,1.908047e+01,1.907339e+01,1.917254e+01,1.907339e+01,1.922916e+01,1.922916e+01,1.922208e+01,1.920085e+01,1.924331e+01,1.912298e+01,1.923623e+01,1.928574e+01,1.931402e+01,1.941293e+01,1.949058e+01,1.948352e+01,1.952586e+01,1.973725e+01,1.975836e+01,2.030578e+01,2.024277e+01,2.029178e+01,2.031278e+01,2.034777e+01,2.034077e+01,2.038274e+01,2.027778e+01,2.034777e+01,2.034777e+01,2.038274e+01,2.042470e+01,2.036176e+01,2.037575e+01,2.039673e+01,2.038974e+01,2.036875e+01,2.045266e+01,2.036875e+01,2.038274e+01,2.041770e+01,2.044567e+01,2.034077e+01,2.048759e+01,2.046663e+01,2.037575e+01,2.038974e+01,2.045964e+01,2.038974e+01,2.045266e+01,2.032678e+01,2.040372e+01,2.048759e+01,2.041770e+01,2.041071e+01,2.038974e+01,2.030578e+01,2.043169e+01,2.043169e+01,2.034777e+01,2.034077e+01,2.035476e+01,2.047362e+01,2.043169e+01,2.034077e+01,2.034777e+01,2.036176e+01,2.045266e+01,2.032678e+01,2.028478e+01,2.035476e+01,2.030578e+01,2.047362e+01,2.036176e+01,2.037575e+01,2.036176e+01,2.035476e+01,2.056442e+01,2.041770e+01,2.036176e+01,2.044567e+01,2.041770e+01,2.043868e+01,2.044567e+01,2.036875e+01,2.015869e+01,2.044567e+01,2.047362e+01,2.039673e+01,2.038974e+01,2.038974e+01,2.037575e+01,2.041071e+01,2.043868e+01,2.043169e+01,2.045964e+01,2.048759e+01,2.050855e+01,2.063420e+01,2.059234e+01,2.045964e+01,2.057140e+01,2.045964e+01,2.050157e+01,2.047362e+01,2.057140e+01,2.051554e+01,2.042470e+01,2.046663e+01,2.055743e+01,2.051554e+01,2.047362e+01,2.046663e+01,2.050157e+01,2.066211e+01,2.055743e+01,2.043169e+01,2.048759e+01,2.060629e+01,2.055743e+01,2.044567e+01,2.052950e+01,2.050855e+01,2.062723e+01,2.042470e+01,2.052950e+01,2.043868e+01,2.062723e+01,2.061327e+01,2.050157e+01,2.049458e+01,2.048061e+01,2.050855e+01,2.049458e+01,2.053649e+01,2.052950e+01,2.055045e+01,2.044567e+01,2.055045e+01,2.041770e+01,2.047362e+01,2.050157e+01,2.050855e+01,2.048759e+01,2.055045e+01,2.045266e+01,2.050855e+01,2.045964e+01,2.048759e+01,2.045964e+01,2.043868e+01,2.053649e+01,2.071091e+01,2.050157e+01,2.070394e+01,2.057140e+01,2.055743e+01,2.054347e+01,2.060629e+01,2.050157e+01,2.059932e+01,2.048061e+01,2.056442e+01,2.045964e+01,2.050855e+01,2.048061e+01,2.050157e+01,2.054347e+01,2.055045e+01,2.050855e+01,2.053649e+01,2.052252e+01,2.050855e+01,2.043169e+01,2.050157e+01,2.052252e+01,2.041071e+01,2.055045e+01,2.046663e+01,2.054347e+01,2.051554e+01,2.050157e+01,2.041071e+01,2.046663e+01,2.041770e+01,2.048759e+01,2.044567e+01,2.051554e+01,2.048061e+01,2.042470e+01,2.052252e+01,2.047362e+01,2.043169e+01,2.041071e+01,2.050855e+01,2.055045e+01,2.048759e+01,2.050855e+01,2.047362e+01,2.048759e+01,2.039673e+01,2.038274e+01,2.042470e+01,2.041071e+01,2.042470e+01,2.043169e+01,2.041071e+01,2.053649e+01,2.051554e+01,2.047362e+01,2.041071e+01,2.055045e+01,2.051554e+01,2.049458e+01,2.046663e+01,2.048061e+01,2.040372e+01,2.048759e+01,2.034777e+01,2.041071e+01,2.041071e+01,2.041071e+01,2.039673e+01,2.041071e+01,2.036875e+01,2.041071e+01,2.037575e+01,2.039673e+01,2.042470e+01,2.036176e+01,2.042470e+01,2.033377e+01,2.030578e+01,2.039673e+01,2.045964e+01,2.031978e+01,2.042470e+01,2.033377e+01,2.045266e+01,2.026378e+01,2.034077e+01,2.038974e+01,2.033377e+01,2.045964e+01,2.044567e+01,2.043868e+01,2.043169e+01,2.038974e+01,2.034077e+01,2.041770e+01,2.035476e+01,2.050855e+01,2.055045e+01,2.047362e+01,2.040372e+01,2.036176e+01,2.036176e+01,2.035476e+01,2.039673e+01,2.045964e+01,2.034077e+01,2.040372e+01,2.034777e+01,2.035476e+01,2.037575e+01,2.035476e+01,2.034077e+01,2.040372e+01,2.030578e+01,2.033377e+01,2.038974e+01,2.033377e+01,2.038974e+01,2.044567e+01,2.033377e+01,2.036176e+01,2.032678e+01,2.039673e+01,2.043169e+01,2.032678e+01,2.036176e+01,2.045964e+01,2.034777e+01,2.034077e+01,2.035476e+01,2.033377e+01,2.035476e+01,2.031978e+01,2.037575e+01,2.029178e+01,2.043169e+01,2.048759e+01,2.038974e+01,2.040372e+01,2.038974e+01,2.038974e+01,2.036875e+01,2.035476e+01,2.014467e+01,2.030578e+01,2.029878e+01,2.038274e+01,2.040372e+01,2.040372e+01,2.015869e+01,2.032678e+01,2.033377e+01,2.030578e+01,2.029878e+01,2.022876e+01,2.033377e+01,2.022876e+01,2.028478e+01,2.024977e+01,2.028478e+01,2.013766e+01,2.027778e+01,2.027078e+01,2.011663e+01
2.038274e+01,2.041770e+01,2.050157e+01,2.050855e+01,2.050855e+01,2.041071e+01,2.034777e+01,2.038274e+01,2.045964e+01,2.044567e+01,2.036176e+01,2.046663e+01,2.040372e+01,2.061327e+01,2.036875e+01,2.034077e+01,2.038274e+01,2.039673e+01,2.031978e+01,2.039673e+01,2.027778e+01,2.046663e+01,2.045964e+01,2.047362e+01,2.045964e+01,2.069000e+01,2.076667e+01,2.077363e+01,2.091983e+01,2.144024e+01,2.143332e+01,2.143332e+01,2.193734e+01,2.165457e+01,2.132944e+01,2.146100e+01,2.155092e+01,2.149559e+01,2.150251e+01,2.137793e+01,2.137101e+01,2.139178e+01,2.150251e+01,2.134330e+01,2.132944e+01,2.177191e+01,2.205436e+01,2.205436e+01,2.204748e+01,2.163385e+01,2.186844e+01,2.155092e+01,2.144716e+01,2.123933e+01,2.142640e+01,2.141948e+01,2.128786e+01,2.112831e+01,2.096852e+01,2.133637e+01,2.107276e+01,2.126707e+01,2.134330e+01,2.126707e+01,2.154400e+01,2.213000e+01,2.208187e+01,2.171671e+01,2.188223e+01,2.167528e+01,2.134330e+01,2.132252e+01,2.141255e+01,2.199931e+01,2.251425e+01,2.248685e+01,2.230858e+01,2.231544e+01,2.321044e+01,2.265113e+01,2.177191e+01,2.188223e+01,2.164766e+01,2.148176e+01,2.148868e+01,2.153017e+01,2.163385e+01,2.173051e+01,2.159930e+01,2.159239e+01,2.170980e+01,2.146792e+01,2.142640e+01,2.139178e+01,2.137793e+01,2.162694e+01,2.137793e+01,2.112831e+01,2.123240e+01,2.135023e+01,2.114220e+01,2.096156e+01,2.110748e+01,2.128786e+01,2.128093e+01,2.103802e+01,2.082935e+01,2.105887e+01,2.087112e+01,2.077363e+01,2.082239e+01,2.091287e+01,2.089896e+01,2.082239e+01,2.084328e+01,2.075970e+01,2.085024e+01,2.087112e+01,2.099632e+01,2.093374e+01,2.067605e+01,2.052950e+01,2.045964e+01,2.045964e+01,2.043169e+01,2.044567e+01,2.045964e+01,2.039673e+01,2.051554e+01,2.042470e+01,2.048061e+01,2.050855e+01,2.054347e+01,2.043868e+01,2.057140e+01,2.040372e+01,2.031978e+01,2.048759e+01,2.036875e+01,2.050157e+01,2.045266e+01,2.037575e+01,2.040372e+01,2.049458e+01,2.048759e+01,2.051554e+01,2.043868e+01,2.044567e+01,2.041071e+01,2.052252e+01,2.043169e+01,2.040372e+01,2.045266e+01,2.043169e+01,2.024277e+01,2.041770e+01,2.043868e+01,2.036875e+01,2.032678e+01,2.045964e+01,2.047362e+01,2.043868e+01,2.053649e+01,2.045964e+01,2.044567e+01,2.050157e+01,2.025677e+01,2.046663e+01,2.044567e+01,2.045964e+01,2.046663e+01,2.044567e+01,2.044567e+01,2.043169e+01,2.042470e+01,2.044567e+01,2.040372e+01,2.044567e+01,2.034777e+01,2.035476e+01,2.045266e+01,2.049458e+01,2.038274e+01,2.044567e+01,2.045964e+01,2.046663e+01,2.044567e+01,2.039673e+01,2.032678e+01,2.036176e+01,2.038274e+01,2.038274e+01,2.038974e+01,2.041770e+01,2.033377e+01,2.035476e+01,2.040372e+01,2.053649e+01,2.052950e+01,2.042470e+01,2.043868e+01,2.033377e+01,2.034777e+01,2.041770e+01,2.038274e+01,2.036176e+01,2.034077e+01,2.038974e+01,2.033377e+01,2.031278e+01,2.033377e+01,2.047362e+01,2.043868e+01,2.037575e+01,2.034777e+01,2.035476e+01,2.036176e+01,2.035476e+01,2.040372e+01,2.037575e+01,2.038274e+01,2.041071e+01,2.036875e+01,2.046663e+01,2.041071e+01,2.036176e+01,2.043868e+01,2.041770e+01,2.038274e+01,2.041071e+01,2.041071e+01,2.038274e+01,2.036875e+01,2.043169e+01,2.050855e+01,2.038274e+01,2.041770e+01,2.043169e+01,2.022176e+01,2.044567e+01,2.041071e+01,2.045266e+01,2.044567e+01,2.042470e+01,2.029878e+01,2.042470e+01,2.031978e+01,2.038974e+01,2.042470e+01,2.036875e+01,2.042470e+01,2.038974e+01,2.039673e+01,2.038274e+01,2.033377e+01,2.036875e+01,1.980761e+01,1.950469e+01,1.932109e+01,1.902378e+01,1.913714e+01,1.920085e+01,1.914422e+01,1.899541e+01,1.912298e+01,1.891028e+01,1.888899e+01,1.905922e+01,1.892448e+01,1.897414e+01,1.906630e+01,1.895995e+01,1.895995e+01,1.891738e+01,1.888899e+01,1.906630e+01,1.913006e+01,1.898832e+01,1.893157e+01,1.905213e+01,1.910881e+01,1.926452e+01,1.935642e+01,1.911590e+01,1.903795e+01,1.914422e+01,1.913714e+01,1.881087e+01,1.888899e+01,1.889609e+01,1.887479e+01,1.892448e+01,1.889609e+01,1.887479e+01,1.890318e+01,1.889609e+01,1.899541e+01,1.892448e+01,1.925038e+01,1.925745e+01,1.918670e+01,1.933522e+01,1.948352e+01,1.952586e+01,1.956112e+01,1.947647e+01,1.949764e+01,1.938468e+01,1.940587e+01,1.933522e+01,1.927867e+01,1.920793e+01,1.920085e+01,1.915130e+01,1.918670e+01,1.891028e+01,1.891738e+01,1.909464e+01,1.898832e+01,1.902378e+01,1.898123e+01,1.904504e+01,1.891028e+01,1.895286e+01,1.910173e+01,1.914422e+01,1.903795e+01,1.926452e+01,1.923623e+01,1.923623e+01,1.907339e+01,1.925745e+01,1.925745e+01,1.930695e+01,1.944118e+01,1.933522e+01,1.949058e+01,1.972317e+01,1.975836e+01,2.003946e+01,2.032678e+01,2.029178e+01,2.027778e+01,2.034077e+01,2.034077e+01,2.038974e+01,2.037575e+01,2.044567e+01,2.030578e+01,2.034077e+01,2.024977e+01,2.042470e+01,2.043169e+01,2.046663e+01,2.043868e+01,2.041071e+01,2.037575e+01,2.034777e+01,2.036875e+01,2.041770e+01,2.037575e+01,2.036875e+01,2.049458e+01,2.034777e+01,2.034777e+01,2.039673e+01,2.042470e+01,2.034077e+01,2.031978e+01,2.043868e+01,2.033377e+01,2.034077e+01,2.044567e+01,2.034777e+01,2.031978e+01,2.033377e+01,2.034077e+01,2.037575e+01,2.040372e+01,2.032678e+01,2.041071e+01,2.041770e+01,2.034077e+01,2.034777e+01,2.046663e+01,2.038274e+01,2.042470e+01,2.031978e+01,2.037575e+01,2.024977e+01,2.036176e+01,2.035476e+01,2.030578e+01,2.055743e+01,2.032678e+01,2.040372e+01,2.040372e+01,2.039673e+01,2.034777e+01,2.039673e+01,2.043868e+01,2.037575e+01,2.044567e+01,2.042470e+01,2.041071e+01,2.041071e+01,2.043169e+01,2.033377e+01,2.041071e+01,2.045964e+01,2.038274e+01,2.035476e+01,2.041071e+01,2.036176e+01,2.046663e+01,2.045266e+01,2.043868e+01,2.043169e+01,2.060629e+01,2.048759e+01,2.059932e+01,2.045964e+01,2.042470e+01,2.052950e+01,2.040372e+01,2.047362e+01,2.047362e+01,2.042470e+01,2.051554e+01,2.051554e+01,2.057140e+01,2.054347e+01,2.053649e+01,2.054347e+01,2.057838e+01,2.052252e+01,2.065513e+01,2.052252e+01,2.058536e+01,2.049458e+01,2.064816e+01,2.059932e+01,2.059234e+01,2.059234e+01,2.048759e+01,2.061327e+01,2.064816e+01,2.040372e+01,2.050157e+01,2.047362e+01,2.053649e+01,2.041770e+01,2.062025e+01,2.048759e+01,2.049458e+01,2.050157e+01,2.053649e+01,2.053649e+01,2.053649e+01,2.053649e+01,2.045266e+01,2.043169e+01,2.051554e+01,2.048759e+01,2.052950e+01,2.059234e+01,2.045266e+01,2.052950e+01,2.049458e+01,2.045266e+01,2.038974e+01,2.069697e+01,2.047362e+01,2.050157e+01,2.051554e+01,2.056442e+01,2.058536e+01,2.053649e+01,2.055743e+01,2.055045e+01,2.055045e+01,2.052950e+01,2.048061e+01,2.048061e+01,2.047362e+01,2.045964e+01,2.050855e+01,2.053649e+01,2.056442e+01,2.049458e+01,2.050855e+01,2.051554e+01,2.053649e+01,2.055045e+01,2.052252e+01,2.053649e+01,2.038974e+01,2.055743e+01,2.052252e+01,2.042470e+01,2.056442e+01,2.048061e+01,2.047362e+01,2.044567e+01,2.045964e+01,2.048061e+01,2.051554e+01,2.048061e+01,2.041071e+01,2.041071e+01,2.038974e+01,2.047362e+01,2.043169e+01,2.045266e+01,2.052252e+01,2.048061e+01,2.055045e+01,2.048759e+01,2.043169e+01,2.041770e+01,2.043868e+01,2.043868e+01,2.043169e+01,2.054347e+01,2.048061e+01,2.043169e+01,2.055045e+01,2.043169e+01,2.041071e+01,2.036176e+01,2.044567e+01,2.036875e+01,2.055045e+01,2.050855e+01,2.035476e+01,2.037575e+01,2.047362e+01,2.034777e+01,2.048061e+01,2.035476e+01,2.045266e+01,2.043868e+01,2.050855e+01,2.038974e+01,2.036875e+01,2.036875e+01,2.041770e+01,2.038974e+01,2.042470e+01,2.046663e+01,2.041770e+01,2.041071e+01,2.034777e+01,2.034777e+01,2.046663e+01,2.038274e+01,2.036875e+01,2.043169e+01,2.040372e+01,2.031278e+01,2.033377e+01,2.041770e+01,2.036176e+01,2.034777e+01,2.034077e+01,2.038974e+01,2.037575e+01,2.041770e+01,2.034077e+01,2.036176e+01,2.057140e+01,2.036176e+01,2.048759e+01,2.036176e+01,2.041071e+01,2.046663e+01,2.042470e+01,2.038274e+01,2.042470e+01,2.037575e+01,2.033377e+01,2.034777e+01,2.034077e+01,2.043868e+01,2.044567e+01,2.029878e+01,2.050157e+01,2.029878e+01,2.038974e+01,2.037575e+01,2.035476e+01,2.029178e+01,2.029878e+01,2.036176e+01,2.038974e+01,2.027078e+01,2.041071e+01,2.036875e+01,2.041770e+01,2.034077e+01,2.043169e+01,2.034077e+01,2.031978e+01,2.034777e+01,2.034777e+01,2.035476e+01,2.038274e+01,2.038974e+01,2.035476e+01,2.036875e+01,2.038974e+01,2.038974e+01,2.021475e+01,2.036176e+01,2.036875e+01,2.037575e+01,2.036176e+01,2.038974e+01,2.041071e+01,2.041071e+01,2.019373e+01,2.038274e+01,2.044567e+01,2.035476e+01,2.029878e+01,2.037575e+01,2.054347e+01,2.024277e+01,2.039673e+01,2.027778e+01,2.029878e+01,2.026378e+01,2.019373e+01,2.034777e+01,2.036176e+01,2.012364e+01,2.036875e+01,2.039673e+01,2.038274e+01,2.013065e+01
2.041770e+01,2.038974e+01,2.044567e+01,2.041071e+01,2.042470e+01,2.038274e+01,2.044567e+01,2.041770e+01,2.048061e+01,2.043868e+01,2.052950e+01,2.047362e+01,2.038974e+01,2.040372e+01,2.035476e+01,2.041071e+01,2.061327e+01,2.027078e+01,2.039673e+01,2.050157e+01,2.058536e+01,2.040372e+01,2.055045e+01,2.073879e+01,2.071091e+01,2.055045e+01,2.079453e+01,2.082239e+01,2.104497e+01,2.116996e+01,2.146100e+01,2.146792e+01,2.144716e+01,2.146100e+01,2.147484e+01,2.153709e+01,2.155092e+01,2.190979e+01,2.150251e+01,2.146100e+01,2.149559e+01,2.132944e+01,2.139871e+01,2.139178e+01,2.128786e+01,2.179260e+01,2.197177e+01,2.148868e+01,2.184776e+01,2.184776e+01,2.181329e+01,2.222620e+01,2.168909e+01,2.106581e+01,2.127400e+01,2.130173e+01,2.101023e+01,2.148176e+01,2.146100e+01,2.145408e+01,2.140563e+01,2.108665e+01,2.125320e+01,2.107971e+01,2.140563e+01,2.158548e+01,2.188223e+01,2.168219e+01,2.135023e+01,2.140563e+01,2.122546e+01,2.135715e+01,2.168909e+01,2.168219e+01,2.201995e+01,2.241146e+01,2.260324e+01,2.243888e+01,2.240461e+01,2.186155e+01,2.159239e+01,2.153017e+01,2.153709e+01,2.149559e+01,2.130865e+01,2.135023e+01,2.158548e+01,2.189601e+01,2.173051e+01,2.139871e+01,2.131559e+01,2.158548e+01,2.217811e+01,2.161312e+01,2.130173e+01,2.132944e+01,2.110748e+01,2.118384e+01,2.138486e+01,2.134330e+01,2.119771e+01,2.107276e+01,2.120465e+01,2.119771e+01,2.125320e+01,2.130173e+01,2.120465e+01,2.114914e+01,2.089200e+01,2.101718e+01,2.086416e+01,2.080846e+01,2.085720e+01,2.091983e+01,2.083632e+01,2.083632e+01,2.080846e+01,2.087808e+01,2.114914e+01,2.112831e+01,2.112831e+01,2.066211e+01,2.055743e+01,2.044567e+01,2.041770e+01,2.049458e+01,2.043868e+01,2.038274e+01,2.043169e+01,2.045964e+01,2.040372e+01,2.047362e+01,2.045266e+01,2.046663e+01,2.045964e+01,2.044567e+01,2.046663e+01,2.045964e+01,2.047362e+01,2.048061e+01,2.047362e+01,2.043868e+01,2.041071e+01,2.054347e+01,2.030578e+01,2.043868e+01,2.047362e+01,2.053649e+01,2.041071e+01,2.038974e+01,2.048061e+01,2.044567e+01,2.045964e+01,2.042470e+01,2.043868e+01,2.041770e+01,2.040372e+01,2.052950e+01,2.054347e+01,2.046663e+01,2.045266e+01,2.057838e+01,2.041071e+01,2.036875e+01,2.049458e+01,2.044567e+01,2.041071e+01,2.045964e+01,2.045266e+01,2.045266e+01,2.031278e+01,2.037575e+01,2.043169e+01,2.043169e+01,2.045266e+01,2.045266e+01,2.030578e+01,2.039673e+01,2.050855e+01,2.034777e+01,2.041770e+01,2.029878e+01,2.031978e+01,2.043169e+01,2.044567e+01,2.044567e+01,2.043868e+01,2.041071e+01,2.036875e+01,2.033377e+01,2.035476e+01,2.033377e+01,2.036875e+01,2.044567e+01,2.039673e+01,2.034077e+01,2.050855e+01,2.048759e+01,2.029878e+01,2.011663e+01,2.031978e+01,2.042470e+01,2.031278e+01,2.041770e+01,2.029878e+01,2.034777e+01,2.038974e+01,2.034777e+01,2.034077e+01,2.029878e+01,2.044567e+01,2.032678e+01,2.051554e+01,2.029178e+01,2.038974e+01,2.038974e+01,2.035476e+01,2.038274e+01,2.027778e+01,2.036875e+01,2.031978e+01,2.036176e+01,2.029178e+01,2.025677e+01,2.036875e+01,2.035476e+01,2.044567e+01,2.044567e+01,2.035476e+01,2.040372e+01,2.038274e+01,2.040372e+01,2.037575e+01,2.043169e+01,2.041071e+01,2.038274e+01,2.045964e+01,2.043868e+01,2.051554e+01,2.048759e+01,2.045266e+01,2.043169e+01,2.043868e+01,2.043868e+01,2.045964e+01,2.053649e+01,2.034777e+01,2.036176e+01,2.038274e+01,2.039673e+01,2.034077e+01,2.037575e+01,2.032678e+01,2.040372e+01,2.033377e+01,2.029878e+01,1.982168e+01,1.952586e+01,1.927867e+01,1.922208e+01,1.927867e+01,1.910173e+01,1.910881e+01,1.886059e+01,1.895286e+01,1.905922e+01,1.898123e+01,1.893867e+01,1.893157e+01,1.900960e+01,1.899541e+01,1.896704e+01,1.889609e+01,1.887479e+01,1.890318e+01,1.891738e+01,1.896704e+01,1.903087e+01,1.906630e+01,1.909464e+01,1.904504e+01,1.911590e+01,1.915130e+01,1.909464e+01,1.912298e+01,1.890318e+01,1.891738e+01,1.880376e+01,1.883928e+01,1.871847e+01,1.886059e+01,1.867579e+01,1.883218e+01,1.874691e+01,1.884638e+01,1.888899e+01,1.893157e+01,1.895286e+01,1.914422e+01,1.941293e+01,1.929281e+01,1.949764e+01,1.948352e+01,1.961047e+01,1.957522e+01,1.948352e+01,1.937055e+01,1.944823e+01,1.936349e+01,1.933522e+01,1.922916e+01,1.900251e+01,1.896704e+01,1.907339e+01,1.908047e+01,1.891738e+01,1.900251e+01,1.900251e+01,1.899541e+01,1.901669e+01,1.903087e+01,1.895286e+01,1.892448e+01,1.908756e+01,1.911590e+01,1.910173e+01,1.925038e+01,1.920085e+01,1.928574e+01,1.923623e+01,1.920793e+01,1.929988e+01,1.929988e+01,1.937762e+01,1.941999e+01,1.938468e+01,1.975132e+01,2.008156e+01,2.034777e+01,2.041770e+01,2.023577e+01,2.034077e+01,2.027078e+01,2.038274e+01,2.037575e+01,2.050157e+01,2.027778e+01,2.036176e+01,2.035476e+01,2.036176e+01,2.045266e+01,2.041071e+01,2.045266e+01,2.027078e+01,2.043169e+01,2.035476e+01,2.041071e+01,2.038974e+01,2.036176e+01,2.039673e+01,2.031978e+01,2.043169e+01,2.045266e+01,2.045266e+01,2.035476e+01,2.038274e+01,2.037575e+01,2.041071e+01,2.038274e+01,2.040372e+01,2.040372e+01,2.038974e+01,2.043169e+01,2.048061e+01,2.038274e+01,2.031278e+01,2.036176e+01,2.039673e+01,2.043169e+01,2.037575e+01,2.041770e+01,2.038274e+01,2.037575e+01,2.036176e+01,2.040372e+01,2.038974e+01,2.039673e+01,2.069000e+01,2.044567e+01,2.039673e+01,2.036176e+01,2.038274e+01,2.035476e+01,2.053649e+01,2.034777e+01,2.036875e+01,2.045266e+01,2.039673e+01,2.045964e+01,2.043169e+01,2.036875e+01,2.044567e+01,2.044567e+01,2.038274e+01,2.045266e+01,2.047362e+01,2.044567e+01,2.029878e+01,2.041071e+01,2.044567e+01,2.052950e+01,2.041770e+01,2.042470e+01,2.047362e+01,2.036176e+01,2.045964e+01,2.045266e+01,2.046663e+01,2.047362e+01,2.050855e+01,2.055045e+01,2.054347e+01,2.062723e+01,2.049458e+01,2.055743e+01,2.056442e+01,2.048061e+01,2.059234e+01,2.046663e+01,2.040372e+01,2.043868e+01,2.036176e+01,2.057140e+01,2.051554e+01,2.052252e+01,2.050855e+01,2.064816e+01,2.057838e+01,2.059932e+01,2.044567e+01,2.061327e+01,2.043169e+01,2.050157e+01,2.059234e+01,2.060629e+01,2.065513e+01,2.044567e+01,2.045266e+01,2.039673e+01,2.054347e+01,2.051554e+01,2.051554e+01,2.048759e+01,2.052252e+01,2.062723e+01,2.059234e+01,2.053649e+01,2.047362e+01,2.048759e+01,2.040372e+01,2.041071e+01,2.043868e+01,2.060629e+01,2.087112e+01,2.050157e+01,2.059932e+01,2.049458e+01,2.043169e+01,2.052252e+01,2.062025e+01,2.050157e+01,2.050157e+01,2.045266e+01,2.049458e+01,2.052950e+01,2.058536e+01,2.052252e+01,2.055045e+01,2.056442e+01,2.056442e+01,2.050855e+01,2.055743e+01,2.046663e+01,2.048759e+01,2.048759e+01,2.051554e+01,2.053649e+01,2.063420e+01,2.038974e+01,2.055743e+01,2.044567e+01,2.049458e+01,2.052950e+01,2.055045e+01,2.052252e+01,2.039673e+01,2.048759e+01,2.055045e+01,2.050855e+01,2.057838e+01,2.050855e+01,2.054347e+01,2.044567e+01,2.049458e+01,2.050855e+01,2.047362e+01,2.040372e+01,2.047362e+01,2.048759e+01,2.047362e+01,2.048759e+01,2.043868e+01,2.041770e+01,2.047362e+01,2.055743e+01,2.055045e+01,2.046663e+01,2.072486e+01,2.050157e+01,2.042470e+01,2.042470e+01,2.043169e+01,2.055045e+01,2.043868e+01,2.044567e+01,2.052252e+01,2.045964e+01,2.039673e+01,2.047362e+01,2.036875e+01,2.050855e+01,2.043868e+01,2.048759e+01,2.035476e+01,2.050157e+01,2.057140e+01,2.043868e+01,2.046663e+01,2.041071e+01,2.038974e+01,2.040372e+01,2.040372e+01,2.039673e+01,2.038274e+01,2.040372e+01,2.036176e+01,2.050157e+01,2.037575e+01,2.050157e+01,2.041071e+01,2.044567e+01,2.044567e+01,2.034077e+01,2.041770e+01,2.033377e+01,2.041071e+01,2.036875e+01,2.039673e+01,2.040372e+01,2.019373e+01,2.031978e+01,2.043169e+01,2.036875e+01,2.036176e+01,2.038274e+01,2.043868e+01,2.043868e+01,2.029878e+01,2.042470e+01,2.041770e+01,2.050855e+01,2.032678e+01,2.035476e+01,2.042470e+01,2.045964e+01,2.046663e+01,2.031978e+01,2.031278e+01,2.034777e+01,2.040372e+01,2.035476e+01,2.036875e+01,2.032678e+01,2.034077e+01,2.034777e+01,2.043868e+01,2.029878e+01,2.041770e+01,2.039673e+01,2.035476e+01,2.032678e+01,2.029178e+01,2.018673e+01,2.029878e+01,2.033377e+01,2.023577e+01,2.027778e+01,2.034077e+01,2.031278e+01,2.031978e+01,2.033377e+01,2.034777e+01,2.034777e+01,2.035476e+01,2.038274e+01,2.036176e+01,2.037575e+01,2.035476e+01,2.032678e+01,2.036176e+01,2.041071e+01,2.028478e+01,2.023577e+01,2.038974e+01,2.036875e+01,2.030578e+01,2.029178e+01,2.034077e+01,2.036176e+01,2.034077e+01,2.036176e+01,2.031978e+01,2.039673e+01,2.061327e+01,2.038274e+01,2.034777e+01,2.038974e+01,2.029178e+01,2.029878e+01,2.036176e+01,2.040372e+01,2.030578e+01,2.030578e+01,2.032678e+01,2.033377e+01,2.027078e+01,2.037575e+01,2.020074e+01,2.037575e+01,2.028478e+01
2.040372e+01,2.027778e+01,2.027778e+01,2.051554e+01,2.054347e+01,2.037575e+01,2.043868e+01,2.048061e+01,2.041770e+01,2.043868e+01,2.045266e+01,2.045266e+01,2.059932e+01,2.067605e+01,2.046663e+01,2.041770e+01,2.057838e+01,2.049458e+01,2.061327e+01,2.055045e+01,2.035476e+01,2.052252e+01,2.069000e+01,2.046663e+01,2.066908e+01,2.081543e+01,2.073879e+01,2.103107e+01,2.119078e+01,2.146792e+01,2.179260e+01,2.149559e+01,2.144716e+01,2.146792e+01,2.148868e+01,2.152326e+01,2.197177e+01,2.261008e+01,2.222620e+01,2.151634e+01,2.177881e+01,2.164766e+01,2.163385e+01,2.144024e+01,2.137101e+01,2.138486e+01,2.140563e+01,2.175121e+01,2.159930e+01,2.139178e+01,2.166147e+01,2.190290e+01,2.162694e+01,2.139871e+01,2.139178e+01,2.111443e+01,2.116996e+01,2.122546e+01,2.171671e+01,2.141948e+01,2.105192e+01,2.112831e+01,2.125320e+01,2.121852e+01,2.112137e+01,2.132252e+01,2.135023e+01,2.143332e+01,2.137793e+01,2.135023e+01,2.134330e+01,2.138486e+01,2.190979e+01,2.219185e+01,2.157857e+01,2.168219e+01,2.184776e+01,2.182708e+01,2.127400e+01,2.161312e+01,2.153017e+01,2.128093e+01,2.123933e+01,2.125320e+01,2.147484e+01,2.146792e+01,2.139871e+01,2.157166e+01,2.160621e+01,2.155783e+01,2.163385e+01,2.158548e+01,2.184776e+01,2.162694e+01,2.129479e+01,2.131559e+01,2.163385e+01,2.164766e+01,2.145408e+01,2.182708e+01,2.123240e+01,2.111443e+01,2.089896e+01,2.093374e+01,2.101718e+01,2.115608e+01,2.102413e+01,2.118384e+01,2.107971e+01,2.096156e+01,2.101023e+01,2.078757e+01,2.089200e+01,2.091287e+01,2.117690e+01,2.112831e+01,2.103107e+01,2.101023e+01,2.087112e+01,2.108665e+01,2.110054e+01,2.110748e+01,2.049458e+01,2.048759e+01,2.045964e+01,2.037575e+01,2.045266e+01,2.042470e+01,2.037575e+01,2.048759e+01,2.043169e+01,2.043868e+01,2.047362e+01,2.057838e+01,2.048061e+01,2.035476e+01,2.045964e+01,2.050855e+01,2.043169e+01,2.041770e+01,2.039673e+01,2.028478e+01,2.043169e+01,2.051554e+01,2.042470e+01,2.044567e+01,2.044567e+01,2.046663e+01,2.040372e+01,2.034077e+01,2.048061e+01,2.044567e+01,2.045964e+01,2.044567e+01,2.042470e+01,2.045964e+01,2.047362e+01,2.050157e+01,2.040372e+01,2.043169e+01,2.036176e+01,2.047362e+01,2.041770e+01,2.050855e+01,2.048759e+01,2.036176e+01,2.050157e+01,2.038274e+01,2.051554e+01,2.035476e+01,2.045266e+01,2.038274e+01,2.035476e+01,2.041071e+01,2.040372e+01,2.045964e+01,2.041071e+01,2.043868e+01,2.046663e+01,2.039673e+01,2.041071e+01,2.037575e+01,2.041770e+01,2.040372e+01,2.039673e+01,2.041770e+01,2.045266e+01,2.046663e+01,2.043169e+01,2.038274e+01,2.043169e+01,2.038974e+01,2.041071e+01,2.044567e+01,2.034077e+01,2.036176e+01,2.045266e+01,2.042470e+01,2.033377e+01,2.042470e+01,2.050855e+01,2.045266e+01,2.029178e+01,2.035476e+01,2.039673e+01,2.040372e+01,2.038974e+01,2.027778e+01,2.029178e+01,2.024977e+01,2.041071e+01,2.044567e+01,2.045964e+01,2.021475e+01,2.046663e+01,2.037575e+01,2.033377e+01,2.036176e+01,2.035476e+01,2.031278e+01,2.036176e+01,2.027778e+01,2.035476e+01,2.040372e+01,2.026378e+01,2.038274e+01,2.031978e+01,2.027778e+01,2.036176e+01,2.040372e+01,2.038974e+01,2.037575e+01,2.036176e+01,2.034077e+01,2.041770e+01,2.045266e+01,2.040372e+01,2.045964e+01,2.033377e+01,2.053649e+01,2.046663e+01,2.041071e+01,2.038274e+01,2.036875e+01,2.038974e+01,2.039673e+01,2.037575e+01,2.043868e+01,2.034077e+01,2.036176e+01,2.038274e+01,2.039673e+01,2.039673e+01,2.038274e+01,2.034777e+01,2.025677e+01,1.982871e+01,1.957522e+01,1.932109e+01,1.933522e+01,1.913006e+01,1.908756e+01,1.910881e+01,1.893867e+01,1.896704e+01,1.886059e+01,1.898832e+01,1.894576e+01,1.891028e+01,1.897414e+01,1.898123e+01,1.900960e+01,1.898832e+01,1.888899e+01,1.897414e+01,1.902378e+01,1.896704e+01,1.898123e+01,1.896704e+01,1.898123e+01,1.908047e+01,1.909464e+01,1.909464e+01,1.925745e+01,1.918670e+01,1.906630e+01,1.895995e+01,1.889609e+01,1.873269e+01,1.882508e+01,1.872558e+01,1.859038e+01,1.859038e+01,1.862598e+01,1.866867e+01,1.856902e+01,1.881797e+01,1.888899e+01,1.908756e+01,1.927867e+01,1.947647e+01,1.934229e+01,1.950469e+01,1.956112e+01,1.957522e+01,1.945529e+01,1.937762e+01,1.938468e+01,1.927160e+01,1.924331e+01,1.912298e+01,1.918670e+01,1.910881e+01,1.900960e+01,1.908047e+01,1.911590e+01,1.891028e+01,1.903087e+01,1.895286e+01,1.898832e+01,1.905922e+01,1.908047e+01,1.899541e+01,1.910881e+01,1.908756e+01,1.907339e+01,1.910881e+01,1.906630e+01,1.908047e+01,1.921501e+01,1.920793e+01,1.919378e+01,1.925745e+01,1.946941e+01,1.963865e+01,2.008156e+01,2.022176e+01,2.034777e+01,2.031978e+01,2.041071e+01,2.042470e+01,2.036875e+01,2.032678e+01,2.036875e+01,2.049458e+01,2.036176e+01,2.038974e+01,2.036176e+01,2.031278e+01,2.049458e+01,2.038974e+01,2.045266e+01,2.040372e+01,2.035476e+01,2.042470e+01,2.034777e+01,2.043169e+01,2.043868e+01,2.048061e+01,2.038974e+01,2.039673e+01,2.038274e+01,2.032678e+01,2.036176e+01,2.039673e+01,2.038274e+01,2.038274e+01,2.042470e+01,2.041071e+01,2.054347e+01,2.033377e+01,2.031978e+01,2.037575e+01,2.027078e+01,2.043169e+01,2.035476e+01,2.060629e+01,2.036875e+01,2.041071e+01,2.038274e+01,2.038274e+01,2.046663e+01,2.036176e+01,2.034777e+01,2.037575e+01,2.035476e+01,2.036875e+01,2.038274e+01,2.036875e+01,2.036176e+01,2.045964e+01,2.037575e+01,2.048061e+01,2.038274e+01,2.047362e+01,2.041071e+01,2.043169e+01,2.046663e+01,2.036875e+01,2.044567e+01,2.038274e+01,2.039673e+01,2.043868e+01,2.036875e+01,2.039673e+01,2.046663e+01,2.048759e+01,2.036176e+01,2.043169e+01,2.046663e+01,2.048061e+01,2.040372e+01,2.039673e+01,2.044567e+01,2.038974e+01,2.038274e+01,2.046663e+01,2.041770e+01,2.038274e+01,2.049458e+01,2.050157e+01,2.039673e+01,2.049458e+01,2.056442e+01,2.050855e+01,2.057140e+01,2.049458e+01,2.051554e+01,2.055045e+01,2.049458e+01,2.055743e+01,2.054347e+01,2.047362e+01,2.055743e+01,2.057140e+01,2.059932e+01,2.060629e+01,2.048061e+01,2.055045e+01,2.045266e+01,2.062025e+01,2.048759e+01,2.060629e+01,2.070394e+01,2.060629e+01,2.058536e+01,2.047362e+01,2.057838e+01,2.054347e+01,2.048061e+01,2.054347e+01,2.051554e+01,2.051554e+01,2.050855e+01,2.052252e+01,2.052950e+01,2.053649e+01,2.054347e+01,2.037575e+01,2.042470e+01,2.049458e+01,2.052950e+01,2.052950e+01,2.052252e+01,2.050855e+01,2.057140e+01,2.048061e+01,2.056442e+01,2.044567e+01,2.046663e+01,2.052950e+01,2.059932e+01,2.052950e+01,2.046663e+01,2.052252e+01,2.050157e+01,2.047362e+01,2.062723e+01,2.039673e+01,2.052950e+01,2.052950e+01,2.052252e+01,2.049458e+01,2.050855e+01,2.057140e+01,2.055045e+01,2.053649e+01,2.053649e+01,2.050157e+01,2.057140e+01,2.055045e+01,2.050855e+01,2.052252e+01,2.055743e+01,2.046663e+01,2.048061e+01,2.050855e+01,2.045964e+01,2.056442e+01,2.059234e+01,2.049458e+01,2.057838e+01,2.045964e+01,2.048061e+01,2.050855e+01,2.048759e+01,2.055743e+01,2.049458e+01,2.035476e+01,2.046663e+01,2.042470e+01,2.039673e+01,2.038974e+01,2.034077e+01,2.038974e+01,2.040372e+01,2.049458e+01,2.049458e+01,2.041770e+01,2.050855e+01,2.038974e+01,2.050855e+01,2.042470e+01,2.042470e+01,2.039673e+01,2.050855e+01,2.040372e+01,2.043169e+01,2.043868e+01,2.045266e+01,2.043169e+01,2.043169e+01,2.062025e+01,2.050855e+01,2.044567e+01,2.049458e+01,2.036875e+01,2.045964e+01,2.042470e+01,2.040372e+01,2.047362e+01,2.035476e+01,2.041770e+01,2.039673e+01,2.040372e+01,2.034777e+01,2.039673e+01,2.052950e+01,2.027078e+01,2.048061e+01,2.041770e+01,2.041770e+01,2.034777e+01,2.031978e+01,2.032678e+01,2.044567e+01,2.036875e+01,2.035476e+01,2.041071e+01,2.041071e+01,2.039673e+01,2.036176e+01,2.053649e+01,2.036176e+01,2.021475e+01,2.039673e+01,2.043868e+01,2.024277e+01,2.030578e+01,2.048061e+01,2.050157e+01,2.049458e+01,2.029178e+01,2.036875e+01,2.045964e+01,2.050157e+01,2.028478e+01,2.044567e+01,2.045266e+01,2.031978e+01,2.031278e+01,2.048061e+01,2.031278e+01,2.033377e+01,2.045266e+01,2.034777e+01,2.036875e+01,2.042470e+01,2.038274e+01,2.039673e+01,2.039673e+01,2.027778e+01,2.038274e+01,2.027778e+01,2.045964e+01,2.027778e+01,2.041770e+01,2.049458e+01,2.033377e+01,2.036176e+01,2.033377e+01,2.031978e+01,2.032678e+01,2.031978e+01,2.034777e+01,2.039673e+01,2.041770e+01,2.034777e+01,2.034077e+01,2.036176e+01,2.036875e+01,2.035476e+01,2.038274e+01,2.027778e+01,2.029878e+01,2.036875e+01,2.037575e+01,2.027778e+01,2.029878e+01,2.036875e+01,2.038274e+01,2.040372e+01,2.041770e+01,2.027078e+01,2.020074e+01,2.029878e+01,2.033377e+01,2.036176e+01,2.034077e+01,2.038274e+01,2.030578e+01,2.031978e+01,2.029878e+01,2.028478e+01,2.036875e+01,2.006051e+01,2.024277e+01,2.017972e+01,2.029178e+01,2.029878e+01
2.022176e+01,2.042470e+01,2.049458e+01,2.048061e+01,2.049458e+01,2.038974e+01,2.048061e+01,2.034777e+01,2.045266e+01,2.048061e+01,2.043868e+01,2.043169e+01,2.039673e+01,2.045266e+01,2.044567e+01,2.036875e+01,2.045964e+01,2.053649e+01,2.035476e+01,2.051554e+01,2.051554e+01,2.049458e+01,2.051554e+01,2.076667e+01,2.065513e+01,2.087112e+01,2.119771e+01,2.137101e+01,2.141255e+01,2.145408e+01,2.150251e+01,2.173741e+01,2.146100e+01,2.145408e+01,2.146100e+01,2.175121e+01,2.201995e+01,2.223993e+01,2.184776e+01,2.171671e+01,2.156474e+01,2.158548e+01,2.135715e+01,2.132252e+01,2.124627e+01,2.139871e+01,2.137101e+01,2.135715e+01,2.153709e+01,2.155092e+01,2.135023e+01,2.123240e+01,2.126707e+01,2.136408e+01,2.136408e+01,2.122546e+01,2.130173e+01,2.129479e+01,2.136408e+01,2.147484e+01,2.136408e+01,2.135023e+01,2.169600e+01,2.108665e+01,2.107971e+01,2.116996e+01,2.126013e+01,2.141255e+01,2.162694e+01,2.145408e+01,2.135023e+01,2.144716e+01,2.159930e+01,2.188912e+01,2.188223e+01,2.160621e+01,2.167528e+01,2.166838e+01,2.194423e+01,2.163385e+01,2.163385e+01,2.150251e+01,2.144716e+01,2.172361e+01,2.171671e+01,2.182708e+01,2.191668e+01,2.225367e+01,2.243888e+01,2.186155e+01,2.162694e+01,2.159239e+01,2.140563e+01,2.164766e+01,2.131559e+01,2.132252e+01,2.131559e+01,2.138486e+01,2.143332e+01,2.164075e+01,2.121852e+01,2.115608e+01,2.104497e+01,2.080846e+01,2.089200e+01,2.081543e+01,2.105192e+01,2.085720e+01,2.109360e+01,2.090592e+01,2.098937e+01,2.089200e+01,2.080846e+01,2.116302e+01,2.113526e+01,2.110748e+01,2.099632e+01,2.094070e+01,2.110054e+01,2.106581e+01,2.069697e+01,2.060629e+01,2.057140e+01,2.029178e+01,2.046663e+01,2.043868e+01,2.048061e+01,2.047362e+01,2.048759e+01,2.040372e+01,2.043868e+01,2.054347e+01,2.055743e+01,2.047362e+01,2.033377e+01,2.041770e+01,2.042470e+01,2.037575e+01,2.048061e+01,2.048061e+01,2.036875e+01,2.040372e+01,2.027778e+01,2.041071e+01,2.045964e+01,2.047362e+01,2.047362e+01,2.040372e+01,2.040372e+01,2.046663e+01,2.048759e+01,2.046663e+01,2.042470e+01,2.043169e+01,2.041770e+01,2.040372e+01,2.038974e+01,2.050157e+01,2.045964e+01,2.053649e+01,2.040372e+01,2.043169e+01,2.045964e+01,2.042470e+01,2.049458e+01,2.052252e+01,2.029878e+01,2.037575e+01,2.043868e+01,2.047362e+01,2.043868e+01,2.048061e+01,2.038974e+01,2.048759e+01,2.046663e+01,2.045964e+01,2.048759e+01,2.038274e+01,2.038974e+01,2.029878e+01,2.043169e+01,2.043169e+01,2.041071e+01,2.036875e+01,2.027778e+01,2.040372e+01,2.041071e+01,2.046663e+01,2.035476e+01,2.041071e+01,2.036176e+01,2.040372e+01,2.040372e+01,2.035476e+01,2.031978e+01,2.038274e+01,2.040372e+01,2.046663e+01,2.039673e+01,2.041071e+01,2.040372e+01,2.051554e+01,2.045964e+01,2.038274e+01,2.038974e+01,2.040372e+01,2.036176e+01,2.037575e+01,2.030578e+01,2.033377e+01,2.042470e+01,2.039673e+01,2.048061e+01,2.031978e+01,2.041071e+01,2.031278e+01,2.031978e+01,2.031278e+01,2.035476e+01,2.048759e+01,2.035476e+01,2.032678e+01,2.043868e+01,2.043169e+01,2.037575e+01,2.038274e+01,2.038974e+01,2.038274e+01,2.036875e+01,2.035476e+01,2.035476e+01,2.036176e+01,2.036176e+01,2.031278e+01,2.038274e+01,2.036176e+01,2.037575e+01,2.039673e+01,2.045964e+01,2.048061e+01,2.043868e+01,2.041770e+01,2.031278e+01,2.036176e+01,2.043169e+01,2.039673e+01,2.035476e+01,2.049458e+01,2.046663e+01,2.036176e+01,2.038274e+01,2.038974e+01,2.038974e+01,2.034777e+01,2.033377e+01,2.027078e+01,2.031278e+01,1.962456e+01,1.919378e+01,1.928574e+01,1.908756e+01,1.914422e+01,1.908756e+01,1.897414e+01,1.898832e+01,1.887479e+01,1.892448e+01,1.901669e+01,1.897414e+01,1.895995e+01,1.895995e+01,1.894576e+01,1.891028e+01,1.889609e+01,1.899541e+01,1.896704e+01,1.897414e+01,1.895995e+01,1.900960e+01,1.907339e+01,1.908756e+01,1.908047e+01,1.905213e+01,1.920793e+01,1.927160e+01,1.925038e+01,1.898123e+01,1.886059e+01,1.883218e+01,1.871847e+01,1.856902e+01,1.856190e+01,1.859038e+01,1.856902e+01,1.857614e+01,1.856190e+01,1.878955e+01,1.895995e+01,1.908756e+01,1.944118e+01,1.943411e+01,1.952586e+01,1.958932e+01,1.975836e+01,1.960342e+01,1.956817e+01,1.946941e+01,1.944823e+01,1.925745e+01,1.917962e+01,1.904504e+01,1.905922e+01,1.903795e+01,1.905922e+01,1.899541e+01,1.899541e+01,1.895286e+01,1.897414e+01,1.902378e+01,1.900960e+01,1.891028e+01,1.898123e+01,1.899541e+01,1.908756e+01,1.898832e+01,1.908756e+01,1.910173e+01,1.929281e+01,1.917962e+01,1.920793e+01,1.927160e+01,1.936349e+01,1.956112e+01,1.979354e+01,2.011663e+01,2.026378e+01,2.027778e+01,2.027778e+01,2.038974e+01,2.043868e+01,2.036875e+01,2.040372e+01,2.042470e+01,2.050855e+01,2.049458e+01,2.039673e+01,2.050855e+01,2.039673e+01,2.041071e+01,2.040372e+01,2.046663e+01,2.028478e+01,2.038274e+01,2.041071e+01,2.038274e+01,2.041770e+01,2.045964e+01,2.043868e+01,2.033377e+01,2.043169e+01,2.037575e+01,2.038974e+01,2.037575e+01,2.036176e+01,2.038974e+01,2.038274e+01,2.038274e+01,2.040372e+01,2.035476e+01,2.036176e+01,2.033377e+01,2.034777e+01,2.031978e+01,2.038274e+01,2.038974e+01,2.044567e+01,2.035476e+01,2.034077e+01,2.045964e+01,2.036176e+01,2.038974e+01,2.047362e+01,2.041770e+01,2.034777e+01,2.045266e+01,2.038974e+01,2.045266e+01,2.043169e+01,2.032678e+01,2.035476e+01,2.040372e+01,2.036875e+01,2.047362e+01,2.044567e+01,2.034077e+01,2.046663e+01,2.047362e+01,2.032678e+01,2.016570e+01,2.045964e+01,2.046663e+01,2.042470e+01,2.037575e+01,2.043868e+01,2.041071e+01,2.046663e+01,2.047362e+01,2.047362e+01,2.047362e+01,2.038274e+01,2.046663e+01,2.052950e+01,2.047362e+01,2.048759e+01,2.034077e+01,2.036875e+01,2.055743e+01,2.042470e+01,2.046663e+01,2.050157e+01,2.051554e+01,2.046663e+01,2.036875e+01,2.049458e+01,2.036875e+01,2.052252e+01,2.052950e+01,2.058536e+01,2.055045e+01,2.053649e+01,2.052252e+01,2.055045e+01,2.050157e+01,2.053649e+01,2.058536e+01,2.052950e+01,2.055045e+01,2.047362e+01,2.052252e+01,2.045964e+01,2.059932e+01,2.053649e+01,2.052252e+01,2.060629e+01,2.059932e+01,2.062025e+01,2.058536e+01,2.052950e+01,2.055743e+01,2.053649e+01,2.052252e+01,2.052950e+01,2.053649e+01,2.052950e+01,2.055045e+01,2.045266e+01,2.052950e+01,2.036875e+01,2.052950e+01,2.052252e+01,2.056442e+01,2.057140e+01,2.050855e+01,2.059932e+01,2.050855e+01,2.050855e+01,2.052950e+01,2.045964e+01,2.050157e+01,2.060629e+01,2.055045e+01,2.050855e+01,2.046663e+01,2.047362e+01,2.050855e+01,2.055045e+01,2.051554e+01,2.047362e+01,2.043868e+01,2.050157e+01,2.064816e+01,2.051554e+01,2.049458e+01,2.050157e+01,2.053649e+01,2.049458e+01,2.054347e+01,2.057140e+01,2.050157e+01,2.047362e+01,2.060629e+01,2.055743e+01,2.027778e+01,2.060629e+01,2.048759e+01,2.049458e+01,2.058536e+01,2.048061e+01,2.050855e+01,2.049458e+01,2.053649e+01,2.057140e+01,2.050157e+01,2.043868e+01,2.048759e+01,2.047362e+01,2.048759e+01,2.048759e+01,2.050855e+01,2.054347e+01,2.043169e+01,2.051554e+01,2.052950e+01,2.040372e+01,2.053649e+01,2.048061e+01,2.041770e+01,2.047362e+01,2.041770e+01,2.043169e+01,2.041071e+01,2.049458e+01,2.027778e+01,2.043169e+01,2.043169e+01,2.045964e+01,2.060629e+01,2.046663e+01,2.041770e+01,2.041770e+01,2.038274e+01,2.036875e+01,2.047362e+01,2.033377e+01,2.044567e+01,2.045266e+01,2.043169e+01,2.048759e+01,2.041071e+01,2.041071e+01,2.041071e+01,2.043169e+01,2.040372e+01,2.036875e+01,2.032678e+01,2.050855e+01,2.044567e+01,2.048759e+01,2.034077e+01,2.045266e+01,2.038974e+01,2.036875e+01,2.043169e+01,2.031278e+01,2.031278e+01,2.045964e+01,2.039673e+01,2.043868e+01,2.041770e+01,2.043868e+01,2.038974e+01,2.034077e+01,2.038274e+01,2.041071e+01,2.042470e+01,2.040372e+01,2.032678e+01,2.029178e+01,2.044567e+01,2.033377e+01,2.054347e+01,2.031978e+01,2.038274e+01,2.038274e+01,2.040372e+01,2.041770e+01,2.043868e+01,2.047362e+01,2.045266e+01,2.037575e+01,2.045266e+01,2.029878e+01,2.036176e+01,2.032678e+01,2.048061e+01,2.043868e+01,2.042470e+01,2.038974e+01,2.041071e+01,2.038974e+01,2.040372e+01,2.037575e+01,2.034077e+01,2.047362e+01,2.037575e+01,2.050855e+01,2.048061e+01,2.030578e+01,2.034077e+01,2.033377e+01,2.034077e+01,2.023577e+01,2.031978e+01,2.040372e+01,2.038974e+01,2.034777e+01,2.037575e+01,2.036176e+01,2.034077e+01,2.034077e+01,2.033377e+01,2.038974e+01,2.037575e+01,2.033377e+01,2.036875e+01,2.019373e+01,2.031278e+01,2.045964e+01,2.035476e+01,2.034777e+01,2.029878e+01,2.034777e+01,2.027778e+01,2.031978e+01,2.036875e+01,2.031278e+01,2.033377e+01,2.043868e+01,2.036875e+01,2.031278e+01,2.031278e+01,2.028478e+01,2.029878e+01,2.030578e+01,2.026378e+01,2.022876e+01,2.025677e+01,2.013766e+01,2.024277e+01,2.031978e+01
2.043868e+01,2.038974e+01,2.039673e+01,2.045266e+01,2.051554e+01,2.038974e+01,2.038974e+01,2.050157e+01,2.038274e+01,2.045266e+01,2.046663e+01,2.051554e+01,2.043868e+01,2.038974e+01,2.043169e+01,2.055743e+01,2.043868e+01,2.031978e+01,2.048061e+01,2.055045e+01,2.055743e+01,2.058536e+01,2.073879e+01,2.073879e+01,2.075970e+01,2.121159e+01,2.166147e+01,2.195111e+01,2.132944e+01,2.159930e+01,2.183398e+01,2.175811e+01,2.146792e+01,2.146792e+01,2.169600e+01,2.184087e+01,2.226740e+01,2.194423e+01,2.148868e+01,2.176501e+01,2.157166e+01,2.178571e+01,2.170980e+01,2.143332e+01,2.143332e+01,2.170290e+01,2.176501e+01,2.157857e+01,2.169600e+01,2.157857e+01,2.142640e+01,2.128093e+01,2.166147e+01,2.147484e+01,2.159239e+01,2.152326e+01,2.177191e+01,2.122546e+01,2.130173e+01,2.148176e+01,2.137101e+01,2.121159e+01,2.165457e+01,2.142640e+01,2.123933e+01,2.129479e+01,2.144024e+01,2.122546e+01,2.157166e+01,2.138486e+01,2.160621e+01,2.144716e+01,2.174431e+01,2.157166e+01,2.213000e+01,2.159239e+01,2.188912e+01,2.185466e+01,2.239775e+01,2.220559e+01,2.172361e+01,2.150251e+01,2.161312e+01,2.175811e+01,2.173051e+01,2.193045e+01,2.278782e+01,2.320364e+01,2.244574e+01,2.228113e+01,2.134330e+01,2.156474e+01,2.184776e+01,2.208187e+01,2.184776e+01,2.130173e+01,2.128786e+01,2.181329e+01,2.139178e+01,2.123933e+01,2.118384e+01,2.144716e+01,2.103107e+01,2.082239e+01,2.101718e+01,2.103802e+01,2.109360e+01,2.111443e+01,2.110054e+01,2.119078e+01,2.118384e+01,2.110748e+01,2.114914e+01,2.116302e+01,2.137101e+01,2.112137e+01,2.109360e+01,2.108665e+01,2.094070e+01,2.088504e+01,2.085720e+01,2.086416e+01,2.061327e+01,2.048061e+01,2.029178e+01,2.049458e+01,2.044567e+01,2.050157e+01,2.046663e+01,2.049458e+01,2.036176e+01,2.044567e+01,2.045266e+01,2.047362e+01,2.051554e+01,2.038274e+01,2.046663e+01,2.043169e+01,2.038274e+01,2.041071e+01,2.035476e+01,2.041770e+01,2.041071e+01,2.041770e+01,2.043169e+01,2.038274e+01,2.041770e+01,2.049458e+01,2.037575e+01,2.064816e+01,2.039673e+01,2.035476e+01,2.041071e+01,2.039673e+01,2.041770e+01,2.042470e+01,2.038274e+01,2.040372e+01,2.038274e+01,2.048759e+01,2.039673e+01,2.039673e+01,2.036875e+01,2.046663e+01,2.050855e+01,2.039673e+01,2.039673e+01,2.038974e+01,2.048759e+01,2.023577e+01,2.038974e+01,2.042470e+01,2.045266e+01,2.022176e+01,2.049458e+01,2.048061e+01,2.040372e+01,2.039673e+01,2.032678e+01,2.044567e+01,2.040372e+01,2.033377e+01,2.036176e+01,2.030578e+01,2.032678e+01,2.043169e+01,2.041071e+01,2.041770e+01,2.043868e+01,2.029878e+01,2.041770e+01,2.044567e+01,2.032678e+01,2.036176e+01,2.034077e+01,2.043169e+01,2.036176e+01,2.042470e+01,2.042470e+01,2.042470e+01,2.031278e+01,2.029878e+01,2.045266e+01,2.041071e+01,2.042470e+01,2.034077e+01,2.034777e+01,2.036176e+01,2.032678e+01,2.036176e+01,2.036176e+01,2.039673e+01,2.038974e+01,2.039673e+01,2.031978e+01,2.033377e+01,2.035476e+01,2.032678e+01,2.055743e+01,2.040372e+01,2.047362e+01,2.036875e+01,2.024977e+01,2.038274e+01,2.041071e+01,2.050855e+01,2.049458e+01,2.045266e+01,2.032678e+01,2.035476e+01,2.040372e+01,2.043169e+01,2.049458e+01,2.041770e+01,2.038974e+01,2.031278e+01,2.039673e+01,2.033377e+01,2.041071e+01,2.044567e+01,2.042470e+01,2.044567e+01,2.037575e+01,2.035476e+01,2.039673e+01,2.034777e+01,2.038274e+01,2.039673e+01,2.036875e+01,2.036176e+01,2.046663e+01,2.038974e+01,2.038974e+01,2.038974e+01,2.030578e+01,2.030578e+01,2.028478e+01,1.981464e+01,1.944823e+01,1.931402e+01,1.913714e+01,1.916546e+01,1.913006e+01,1.892448e+01,1.900960e+01,1.903087e+01,1.893867e+01,1.895995e+01,1.892448e+01,1.901669e+01,1.900251e+01,1.902378e+01,1.893867e+01,1.898832e+01,1.898832e+01,1.898832e+01,1.900251e+01,1.900251e+01,1.900960e+01,1.897414e+01,1.905922e+01,1.908047e+01,1.908756e+01,1.909464e+01,1.905213e+01,1.912298e+01,1.898123e+01,1.895286e+01,1.872558e+01,1.874691e+01,1.862598e+01,1.859038e+01,1.860462e+01,1.857614e+01,1.856902e+01,1.858326e+01,1.879666e+01,1.894576e+01,1.900251e+01,1.929988e+01,1.945529e+01,1.958227e+01,1.967388e+01,1.961751e+01,1.959637e+01,1.963865e+01,1.953291e+01,1.940587e+01,1.931402e+01,1.912298e+01,1.906630e+01,1.899541e+01,1.903795e+01,1.900960e+01,1.905922e+01,1.900960e+01,1.902378e+01,1.900960e+01,1.903087e+01,1.908047e+01,1.911590e+01,1.900251e+01,1.901669e+01,1.913006e+01,1.909464e+01,1.902378e+01,1.916546e+01,1.918670e+01,1.926452e+01,1.929281e+01,1.953291e+01,1.980058e+01,2.014467e+01,2.018673e+01,2.029178e+01,2.028478e+01,2.030578e+01,2.041071e+01,2.037575e+01,2.039673e+01,2.040372e+01,2.043868e+01,2.039673e+01,2.037575e+01,2.036875e+01,2.046663e+01,2.037575e+01,2.034777e+01,2.037575e+01,2.031278e+01,2.043868e+01,2.038274e+01,2.036176e+01,2.031278e+01,2.042470e+01,2.043169e+01,2.040372e+01,2.040372e+01,2.036875e+01,2.038274e+01,2.038974e+01,2.030578e+01,2.039673e+01,2.034077e+01,2.036176e+01,2.041071e+01,2.041071e+01,2.036875e+01,2.038974e+01,2.029178e+01,2.034077e+01,2.047362e+01,2.034777e+01,2.034077e+01,2.041071e+01,2.008857e+01,2.041770e+01,2.036176e+01,2.042470e+01,2.038974e+01,2.043169e+01,2.048061e+01,2.042470e+01,2.038974e+01,2.041770e+01,2.034777e+01,2.038974e+01,2.028478e+01,2.038274e+01,2.040372e+01,2.041770e+01,2.045964e+01,2.042470e+01,2.038974e+01,2.041770e+01,2.047362e+01,2.045266e+01,2.048759e+01,2.043169e+01,2.043868e+01,2.044567e+01,2.041770e+01,2.036176e+01,2.041770e+01,2.036875e+01,2.038274e+01,2.045964e+01,2.046663e+01,2.048759e+01,2.046663e+01,2.053649e+01,2.029878e+01,2.057838e+01,2.052950e+01,2.056442e+01,2.041770e+01,2.050157e+01,2.057838e+01,2.049458e+01,2.055045e+01,2.048759e+01,2.052950e+01,2.055045e+01,2.050855e+01,2.050855e+01,2.055743e+01,2.053649e+01,2.054347e+01,2.051554e+01,2.048061e+01,2.050157e+01,2.041071e+01,2.059932e+01,2.052950e+01,2.048061e+01,2.046663e+01,2.053649e+01,2.055045e+01,2.052252e+01,2.049458e+01,2.056442e+01,2.060629e+01,2.057838e+01,2.052252e+01,2.059234e+01,2.048759e+01,2.059234e+01,2.049458e+01,2.058536e+01,2.059932e+01,2.055743e+01,2.056442e+01,2.050855e+01,2.052950e+01,2.053649e+01,2.054347e+01,2.055045e+01,2.053649e+01,2.049458e+01,2.049458e+01,2.047362e+01,2.054347e+01,2.052252e+01,2.057140e+01,2.052950e+01,2.055743e+01,2.048759e+01,2.065513e+01,2.057140e+01,2.067605e+01,2.059932e+01,2.047362e+01,2.046663e+01,2.044567e+01,2.066211e+01,2.045266e+01,2.041770e+01,2.043169e+01,2.051554e+01,2.034077e+01,2.059932e+01,2.069000e+01,2.057140e+01,2.045266e+01,2.060629e+01,2.061327e+01,2.051554e+01,2.055045e+01,2.057140e+01,2.060629e+01,2.064816e+01,2.042470e+01,2.065513e+01,2.060629e+01,2.046663e+01,2.046663e+01,2.050855e+01,2.052950e+01,2.045266e+01,2.054347e+01,2.046663e+01,2.050157e+01,2.041071e+01,2.057838e+01,2.054347e+01,2.048061e+01,2.047362e+01,2.050855e+01,2.044567e+01,2.043169e+01,2.058536e+01,2.043169e+01,2.039673e+01,2.041770e+01,2.049458e+01,2.043169e+01,2.055743e+01,2.045266e+01,2.045266e+01,2.045964e+01,2.055743e+01,2.043868e+01,2.042470e+01,2.041071e+01,2.043868e+01,2.057140e+01,2.052252e+01,2.039673e+01,2.037575e+01,2.050157e+01,2.045266e+01,2.043868e+01,2.045964e+01,2.044567e+01,2.041071e+01,2.051554e+01,2.045266e+01,2.041071e+01,2.044567e+01,2.039673e+01,2.038974e+01,2.055743e+01,2.034777e+01,2.040372e+01,2.038974e+01,2.043868e+01,2.054347e+01,2.036875e+01,2.042470e+01,2.037575e+01,2.048759e+01,2.038974e+01,2.036875e+01,2.037575e+01,2.038274e+01,2.032678e+01,2.045266e+01,2.042470e+01,2.036176e+01,2.032678e+01,2.036875e+01,2.043868e+01,2.035476e+01,2.038274e+01,2.037575e+01,2.039673e+01,2.043868e+01,2.038274e+01,2.036875e+01,2.034777e+01,2.036875e+01,2.029178e+01,2.048759e+01,2.036176e+01,2.043169e+01,2.039673e+01,2.038974e+01,2.041071e+01,2.045266e+01,2.040372e+01,2.038274e+01,2.046663e+01,2.030578e+01,2.040372e+01,2.034777e+01,2.027778e+01,2.038274e+01,2.029878e+01,2.038274e+01,2.040372e+01,2.041071e+01,2.035476e+01,2.029178e+01,2.028478e+01,2.032678e+01,2.021475e+01,2.042470e+01,2.026378e+01,2.035476e+01,2.041071e+01,2.041071e+01,2.038274e+01,2.030578e+01,2.031978e+01,2.044567e+01,2.043868e+01,2.038274e+01,2.026378e+01,2.029878e+01,2.038274e+01,2.034077e+01,2.030578e+01,2.040372e+01,2.026378e+01,2.040372e+01,2.035476e+01,2.032678e+01,2.055743e+01,2.034077e+01,2.034777e+01,2.028478e+01,2.022876e+01,2.020774e+01,2.037575e+01,2.027778e+01,2.032678e+01,2.032678e+01,2.025677e+01,2.033377e+01,2.034077e+01,2.025677e+01,2.026378e+01,2.030578e+01,2.035476e+01,2.038274e+01,2.026378e+01,2.027778e+01,2.022176e+01,2.026378e+01,2.028478e+01
2.045964e+01,2.030578e+01,2.041770e+01,2.031978e+01,2.050157e+01,2.036176e+01,2.049458e+01,2.036176e+01,2.039673e+01,2.062025e+01,2.040372e+01,2.050855e+01,2.047362e+01,2.042470e+01,2.057838e+01,2.059932e+01,2.046663e+01,2.044567e+01,2.046663e+01,2.050855e+01,2.050157e+01,2.066908e+01,2.072486e+01,2.069000e+01,2.091287e+01,2.155783e+01,2.194423e+01,2.164075e+01,2.156474e+01,2.185466e+01,2.224680e+01,2.204060e+01,2.150251e+01,2.163385e+01,2.157857e+01,2.188912e+01,2.278099e+01,2.206124e+01,2.181329e+01,2.197177e+01,2.170290e+01,2.180640e+01,2.163385e+01,2.153017e+01,2.145408e+01,2.167528e+01,2.160621e+01,2.144024e+01,2.187534e+01,2.211625e+01,2.166838e+01,2.132944e+01,2.166838e+01,2.225367e+01,2.150943e+01,2.150251e+01,2.152326e+01,2.123933e+01,2.130173e+01,2.128093e+01,2.143332e+01,2.144024e+01,2.148868e+01,2.162694e+01,2.130865e+01,2.121852e+01,2.136408e+01,2.148868e+01,2.137101e+01,2.141255e+01,2.160621e+01,2.154400e+01,2.136408e+01,2.157166e+01,2.179950e+01,2.192356e+01,2.172361e+01,2.190290e+01,2.189601e+01,2.189601e+01,2.159239e+01,2.166147e+01,2.241146e+01,2.190290e+01,2.172361e+01,2.235661e+01,2.336678e+01,2.352966e+01,2.336678e+01,2.299935e+01,2.157166e+01,2.153017e+01,2.228113e+01,2.162003e+01,2.205436e+01,2.159930e+01,2.131559e+01,2.128786e+01,2.135715e+01,2.130173e+01,2.134330e+01,2.122546e+01,2.091287e+01,2.109360e+01,2.097547e+01,2.105192e+01,2.123240e+01,2.134330e+01,2.110748e+01,2.129479e+01,2.148868e+01,2.151634e+01,2.123933e+01,2.128093e+01,2.128093e+01,2.139178e+01,2.130865e+01,2.108665e+01,2.096156e+01,2.091287e+01,2.069697e+01,2.066908e+01,2.046663e+01,2.066908e+01,2.045266e+01,2.047362e+01,2.043169e+01,2.045964e+01,2.040372e+01,2.038974e+01,2.036875e+01,2.045266e+01,2.050855e+01,2.042470e+01,2.048759e+01,2.040372e+01,2.043868e+01,2.038974e+01,2.039673e+01,2.040372e+01,2.036875e+01,2.038974e+01,2.038274e+01,2.038274e+01,2.041770e+01,2.038974e+01,2.042470e+01,2.038274e+01,2.035476e+01,2.039673e+01,2.034777e+01,2.041770e+01,2.044567e+01,2.040372e+01,2.037575e+01,2.039673e+01,2.036875e+01,2.037575e+01,2.034777e+01,2.038974e+01,2.048759e+01,2.041770e+01,2.034077e+01,2.044567e+01,2.041770e+01,2.042470e+01,2.043868e+01,2.036875e+01,2.040372e+01,2.044567e+01,2.043868e+01,2.048061e+01,2.042470e+01,2.038274e+01,2.038274e+01,2.040372e+01,2.029178e+01,2.048759e+01,2.027778e+01,2.032678e+01,2.033377e+01,2.039673e+01,2.034077e+01,2.032678e+01,2.031978e+01,2.036176e+01,2.050855e+01,2.041071e+01,2.035476e+01,2.031978e+01,2.042470e+01,2.043868e+01,2.027078e+01,2.042470e+01,2.036875e+01,2.047362e+01,2.036176e+01,2.043868e+01,2.043169e+01,2.038974e+01,2.026378e+01,2.041770e+01,2.033377e+01,2.041770e+01,2.027078e+01,2.038274e+01,2.021475e+01,2.032678e+01,2.026378e+01,2.032678e+01,2.038974e+01,2.024977e+01,2.025677e+01,2.041071e+01,2.040372e+01,2.030578e+01,2.032678e+01,2.036875e+01,2.033377e+01,2.041071e+01,2.034077e+01,2.037575e+01,2.035476e+01,2.033377e+01,2.031278e+01,2.035476e+01,2.049458e+01,2.031278e+01,2.044567e+01,2.045964e+01,2.046663e+01,2.032678e+01,2.041071e+01,2.033377e+01,2.036875e+01,2.035476e+01,2.033377e+01,2.041071e+01,2.047362e+01,2.043169e+01,2.043868e+01,2.036176e+01,2.040372e+01,2.038274e+01,2.036875e+01,2.041770e+01,2.036176e+01,2.038974e+01,2.037575e+01,2.036176e+01,2.041071e+01,2.039673e+01,2.048061e+01,2.041770e+01,2.044567e+01,2.048061e+01,2.032678e+01,2.024277e+01,1.982871e+01,1.941999e+01,1.938468e+01,1.918670e+01,1.916546e+01,1.910173e+01,1.900960e+01,1.900960e+01,1.899541e+01,1.905922e+01,1.906630e+01,1.879666e+01,1.898832e+01,1.897414e+01,1.895286e+01,1.898832e+01,1.899541e+01,1.901669e+01,1.898123e+01,1.899541e+01,1.899541e+01,1.906630e+01,1.904504e+01,1.903087e+01,1.904504e+01,1.913006e+01,1.920793e+01,1.900251e+01,1.898832e+01,1.887479e+01,1.874691e+01,1.871135e+01,1.863309e+01,1.854765e+01,1.859038e+01,1.858326e+01,1.857614e+01,1.878955e+01,1.893867e+01,1.885349e+01,1.903795e+01,1.929281e+01,1.934229e+01,1.968796e+01,1.961047e+01,1.970909e+01,1.965979e+01,1.947647e+01,1.949058e+01,1.942705e+01,1.927160e+01,1.912298e+01,1.909464e+01,1.911590e+01,1.907339e+01,1.920085e+01,1.901669e+01,1.902378e+01,1.896704e+01,1.898832e+01,1.899541e+01,1.890318e+01,1.899541e+01,1.901669e+01,1.887479e+01,1.905922e+01,1.896704e+01,1.909464e+01,1.923623e+01,1.917962e+01,1.930695e+01,1.956817e+01,1.973725e+01,2.020774e+01,2.029878e+01,2.033377e+01,2.027078e+01,2.020774e+01,2.027078e+01,2.031278e+01,2.040372e+01,2.030578e+01,2.043169e+01,2.032678e+01,2.049458e+01,2.040372e+01,2.034777e+01,2.044567e+01,2.039673e+01,2.038974e+01,2.036176e+01,2.040372e+01,2.040372e+01,2.045266e+01,2.038274e+01,2.034077e+01,2.036875e+01,2.044567e+01,2.043868e+01,2.038974e+01,2.036176e+01,2.034777e+01,2.041770e+01,2.038274e+01,2.035476e+01,2.038974e+01,2.038274e+01,2.037575e+01,2.036176e+01,2.033377e+01,2.036875e+01,2.034077e+01,2.030578e+01,2.035476e+01,2.031278e+01,2.041071e+01,2.043868e+01,2.041770e+01,2.035476e+01,2.044567e+01,2.045964e+01,2.034777e+01,2.038274e+01,2.047362e+01,2.036176e+01,2.038974e+01,2.034777e+01,2.034077e+01,2.034777e+01,2.034077e+01,2.036176e+01,2.034777e+01,2.048759e+01,2.034777e+01,2.036875e+01,2.032678e+01,2.036176e+01,2.041071e+01,2.048061e+01,2.043169e+01,2.045266e+01,2.045266e+01,2.041071e+01,2.041071e+01,2.042470e+01,2.040372e+01,2.034777e+01,2.039673e+01,2.039673e+01,2.041770e+01,2.034777e+01,2.042470e+01,2.050855e+01,2.056442e+01,2.045964e+01,2.052950e+01,2.052252e+01,2.051554e+01,2.050157e+01,2.051554e+01,2.041071e+01,2.056442e+01,2.052950e+01,2.048759e+01,2.041071e+01,2.050855e+01,2.036875e+01,2.054347e+01,2.055045e+01,2.055743e+01,2.057838e+01,2.057140e+01,2.057838e+01,2.041071e+01,2.059932e+01,2.045964e+01,2.050157e+01,2.049458e+01,2.063420e+01,2.050157e+01,2.060629e+01,2.039673e+01,2.052950e+01,2.059932e+01,2.046663e+01,2.056442e+01,2.059234e+01,2.051554e+01,2.048759e+01,2.057140e+01,2.057140e+01,2.054347e+01,2.060629e+01,2.061327e+01,2.058536e+01,2.048759e+01,2.057838e+01,2.055743e+01,2.043169e+01,2.053649e+01,2.050157e+01,2.052950e+01,2.054347e+01,2.052252e+01,2.054347e+01,2.047362e+01,2.053649e+01,2.052950e+01,2.058536e+01,2.059234e+01,2.057140e+01,2.054347e+01,2.062025e+01,2.051554e+01,2.051554e+01,2.048759e+01,2.049458e+01,2.051554e+01,2.048759e+01,2.052252e+01,2.051554e+01,2.050855e+01,2.047362e+01,2.051554e+01,2.060629e+01,2.052252e+01,2.052252e+01,2.048759e+01,2.051554e+01,2.037575e+01,2.052252e+01,2.045964e+01,2.050157e+01,2.050157e+01,2.057838e+01,2.057140e+01,2.057140e+01,2.055743e+01,2.043868e+01,2.059932e+01,2.053649e+01,2.048759e+01,2.054347e+01,2.052252e+01,2.047362e+01,2.036875e+01,2.045964e+01,2.045964e+01,2.047362e+01,2.035476e+01,2.041770e+01,2.041770e+01,2.040372e+01,2.034077e+01,2.045266e+01,2.049458e+01,2.048061e+01,2.043169e+01,2.050157e+01,2.049458e+01,2.043868e+01,2.050157e+01,2.039673e+01,2.041071e+01,2.043868e+01,2.041071e+01,2.022176e+01,2.037575e+01,2.036875e+01,2.054347e+01,2.052950e+01,2.038274e+01,2.041770e+01,2.039673e+01,2.044567e+01,2.037575e+01,2.047362e+01,2.038974e+01,2.042470e+01,2.036176e+01,2.038274e+01,2.051554e+01,2.037575e+01,2.040372e+01,2.039673e+01,2.039673e+01,2.034077e+01,2.045266e+01,2.030578e+01,2.029878e+01,2.041071e+01,2.035476e+01,2.036176e+01,2.034077e+01,2.032678e+01,2.031278e+01,2.036875e+01,2.043868e+01,2.056442e+01,2.036875e+01,2.042470e+01,2.038274e+01,2.040372e+01,2.058536e+01,2.034777e+01,2.040372e+01,2.039673e+01,2.034077e+01,2.010961e+01,2.034777e+01,2.041770e+01,2.036875e+01,2.048061e+01,2.031978e+01,2.029878e+01,2.036176e+01,2.031978e+01,2.041770e+01,2.031978e+01,2.043169e+01,2.040372e+01,2.040372e+01,2.031278e+01,2.033377e+01,2.030578e+01,2.037575e+01,2.033377e+01,2.026378e+01,2.050855e+01,2.031978e+01,2.042470e+01,2.038274e+01,2.034077e+01,2.034777e+01,2.049458e+01,2.032678e+01,2.031978e+01,2.051554e+01,2.031278e+01,2.041071e+01,2.034777e+01,2.027078e+01,2.029878e+01,2.034077e+01,2.031278e+01,2.034077e+01,2.034077e+01,2.034777e+01,2.030578e+01,2.034777e+01,2.031278e+01,2.024277e+01,2.036176e+01,2.032678e+01,2.040372e+01,2.038974e+01,2.027078e+01,2.035476e+01,2.028478e+01,2.035476e+01,2.036875e+01,2.038274e+01,2.030578e+01,2.020074e+01,2.031978e+01,2.044567e+01,2.036875e+01,2.031278e+01,2.030578e+01,2.034077e+01,2.029878e+01,2.031278e+01,2.027078e+01,2.031978e+01,2.029178e+01,2.006753e+01,2.029178e+01,2.031278e+01,2.027778e+01,2.039673e+01,2.029878e+01,2.010961e+01
2.051554e+01,2.038274e+01,2.045964e+01,2.038274e+01,2.043169e+01,2.040372e+01,2.042470e+01,2.048061e+01,2.036875e+01,2.046663e+01,2.048759e+01,2.047362e+01,2.048759e+01,2.057838e+01,2.044567e+01,2.049458e+01,2.038274e+01,2.042470e+01,2.048759e+01,2.048759e+01,2.039673e+01,2.070394e+01,2.072486e+01,2.091287e+01,2.116996e+01,2.153709e+01,2.186155e+01,2.223307e+01,2.227426e+01,2.228113e+01,2.197865e+01,2.182019e+01,2.177881e+01,2.162694e+01,2.184776e+01,2.243888e+01,2.236346e+01,2.192356e+01,2.175811e+01,2.171671e+01,2.154400e+01,2.153017e+01,2.209563e+01,2.164075e+01,2.190979e+01,2.242517e+01,2.223307e+01,2.175121e+01,2.223993e+01,2.311516e+01,2.265797e+01,2.166147e+01,2.157166e+01,2.166147e+01,2.205436e+01,2.206812e+01,2.152326e+01,2.128093e+01,2.146792e+01,2.168219e+01,2.170980e+01,2.149559e+01,2.197177e+01,2.182019e+01,2.144716e+01,2.150251e+01,2.149559e+01,2.164075e+01,2.147484e+01,2.137101e+01,2.160621e+01,2.159930e+01,2.126013e+01,2.147484e+01,2.160621e+01,2.165457e+01,2.173051e+01,2.163385e+01,2.153709e+01,2.137793e+01,2.144024e+01,2.150251e+01,2.242517e+01,2.196489e+01,2.189601e+01,2.215063e+01,2.278782e+01,2.347540e+01,2.329204e+01,2.204060e+01,2.177191e+01,2.162003e+01,2.130865e+01,2.123933e+01,2.123240e+01,2.112831e+01,2.116302e+01,2.116996e+01,2.116996e+01,2.131559e+01,2.185466e+01,2.110054e+01,2.097547e+01,2.086416e+01,2.117690e+01,2.119771e+01,2.132944e+01,2.162694e+01,2.147484e+01,2.136408e+01,2.186155e+01,2.156474e+01,2.150943e+01,2.139178e+01,2.193045e+01,2.137793e+01,2.112831e+01,2.128093e+01,2.110748e+01,2.091287e+01,2.072486e+01,2.039673e+01,2.049458e+01,2.045266e+01,2.045266e+01,2.048759e+01,2.037575e+01,2.049458e+01,2.037575e+01,2.043868e+01,2.049458e+01,2.044567e+01,2.036875e+01,2.047362e+01,2.051554e+01,2.045266e+01,2.045266e+01,2.034777e+01,2.047362e+01,2.050157e+01,2.037575e+01,2.036176e+01,2.040372e+01,2.041770e+01,2.038274e+01,2.039673e+01,2.040372e+01,2.038274e+01,2.045964e+01,2.038274e+01,2.036176e+01,2.037575e+01,2.035476e+01,2.037575e+01,2.049458e+01,2.039673e+01,2.041071e+01,2.041071e+01,2.052950e+01,2.048061e+01,2.051554e+01,2.042470e+01,2.035476e+01,2.034077e+01,2.043868e+01,2.043169e+01,2.043169e+01,2.038974e+01,2.045266e+01,2.045964e+01,2.047362e+01,2.043169e+01,2.037575e+01,2.043169e+01,2.039673e+01,2.041071e+01,2.043169e+01,2.044567e+01,2.039673e+01,2.040372e+01,2.042470e+01,2.032678e+01,2.038974e+01,2.041071e+01,2.031278e+01,2.038974e+01,2.041071e+01,2.039673e+01,2.034077e+01,2.032678e+01,2.044567e+01,2.030578e+01,2.043868e+01,2.043868e+01,2.031978e+01,2.033377e+01,2.043868e+01,2.044567e+01,2.041770e+01,2.041071e+01,2.044567e+01,2.043169e+01,2.043169e+01,2.035476e+01,2.029178e+01,2.038274e+01,2.038274e+01,2.034777e+01,2.041770e+01,2.037575e+01,2.036875e+01,2.048759e+01,2.037575e+01,2.030578e+01,2.033377e+01,2.031278e+01,2.034077e+01,2.040372e+01,2.034777e+01,2.041770e+01,2.030578e+01,2.036875e+01,2.036176e+01,2.043868e+01,2.038274e+01,2.043169e+01,2.043868e+01,2.036176e+01,2.041071e+01,2.040372e+01,2.040372e+01,2.045266e+01,2.033377e+01,2.036176e+01,2.036176e+01,2.044567e+01,2.042470e+01,2.050157e+01,2.045964e+01,2.042470e+01,2.037575e+01,2.040372e+01,2.043169e+01,2.033377e+01,2.036875e+01,2.038974e+01,2.045964e+01,2.038974e+01,2.038974e+01,2.039673e+01,2.036875e+01,2.045964e+01,2.036176e+01,2.040372e+01,2.032678e+01,2.029178e+01,2.030578e+01,2.033377e+01,1.999735e+01,1.975836e+01,1.943411e+01,1.934936e+01,1.919378e+01,1.916546e+01,1.925038e+01,1.903087e+01,1.912298e+01,1.913714e+01,1.899541e+01,1.902378e+01,1.906630e+01,1.898832e+01,1.897414e+01,1.899541e+01,1.898123e+01,1.919378e+01,1.898123e+01,1.896704e+01,1.903795e+01,1.900960e+01,1.904504e+01,1.910173e+01,1.910881e+01,1.913006e+01,1.913714e+01,1.917962e+01,1.910881e+01,1.896704e+01,1.893867e+01,1.871847e+01,1.863309e+01,1.863309e+01,1.858326e+01,1.880376e+01,1.866867e+01,1.860462e+01,1.883928e+01,1.898832e+01,1.900251e+01,1.915838e+01,1.943411e+01,1.970909e+01,1.984277e+01,1.963161e+01,1.967388e+01,1.970205e+01,1.965979e+01,1.942705e+01,1.931402e+01,1.934936e+01,1.912298e+01,1.920793e+01,1.913006e+01,1.907339e+01,1.896704e+01,1.900251e+01,1.897414e+01,1.893157e+01,1.899541e+01,1.898123e+01,1.892448e+01,1.905922e+01,1.895286e+01,1.903087e+01,1.912298e+01,1.912298e+01,1.917962e+01,1.940587e+01,1.932109e+01,1.949058e+01,2.018673e+01,2.024277e+01,2.028478e+01,2.029178e+01,2.025677e+01,2.034777e+01,2.043868e+01,2.030578e+01,2.036875e+01,2.034777e+01,2.038274e+01,2.041770e+01,2.039673e+01,2.049458e+01,2.043169e+01,2.038274e+01,2.055045e+01,2.040372e+01,2.045266e+01,2.037575e+01,2.038274e+01,2.048061e+01,2.038974e+01,2.038974e+01,2.039673e+01,2.035476e+01,2.045964e+01,2.036875e+01,2.044567e+01,2.031278e+01,2.037575e+01,2.035476e+01,2.033377e+01,2.038974e+01,2.037575e+01,2.054347e+01,2.038974e+01,2.043868e+01,2.043868e+01,2.038274e+01,2.040372e+01,2.031278e+01,2.034077e+01,2.037575e+01,2.045266e+01,2.045964e+01,2.042470e+01,2.037575e+01,2.034077e+01,2.034077e+01,2.034777e+01,2.041770e+01,2.041071e+01,2.040372e+01,2.038274e+01,2.043169e+01,2.034777e+01,2.039673e+01,2.047362e+01,2.035476e+01,2.043169e+01,2.048759e+01,2.055743e+01,2.035476e+01,2.035476e+01,2.051554e+01,2.043868e+01,2.044567e+01,2.046663e+01,2.041770e+01,2.045964e+01,2.047362e+01,2.041770e+01,2.043868e+01,2.048759e+01,2.043868e+01,2.047362e+01,2.047362e+01,2.055045e+01,2.041071e+01,2.057838e+01,2.052252e+01,2.047362e+01,2.048061e+01,2.041071e+01,2.047362e+01,2.050855e+01,2.042470e+01,2.041770e+01,2.062025e+01,2.046663e+01,2.048759e+01,2.043169e+01,2.053649e+01,2.057838e+01,2.055743e+01,2.064118e+01,2.054347e+01,2.058536e+01,2.048759e+01,2.041071e+01,2.048061e+01,2.051554e+01,2.057140e+01,2.069000e+01,2.052950e+01,2.048061e+01,2.050855e+01,2.047362e+01,2.050157e+01,2.055743e+01,2.062025e+01,2.055045e+01,2.056442e+01,2.057838e+01,2.058536e+01,2.057140e+01,2.052252e+01,2.050855e+01,2.054347e+01,2.060629e+01,2.055045e+01,2.052252e+01,2.057140e+01,2.054347e+01,2.052950e+01,2.055045e+01,2.057838e+01,2.069697e+01,2.058536e+01,2.051554e+01,2.064816e+01,2.056442e+01,2.055743e+01,2.050855e+01,2.054347e+01,2.054347e+01,2.048061e+01,2.055045e+01,2.053649e+01,2.059932e+01,2.057140e+01,2.052252e+01,2.059932e+01,2.057140e+01,2.046663e+01,2.062025e+01,2.061327e+01,2.055045e+01,2.060629e+01,2.050855e+01,2.062025e+01,2.066908e+01,2.048759e+01,2.052252e+01,2.057140e+01,2.045964e+01,2.054347e+01,2.047362e+01,2.049458e+01,2.045266e+01,2.049458e+01,2.050855e+01,2.050855e+01,2.058536e+01,2.044567e+01,2.044567e+01,2.050157e+01,2.046663e+01,2.044567e+01,2.029878e+01,2.046663e+01,2.052950e+01,2.045964e+01,2.039673e+01,2.056442e+01,2.048759e+01,2.045266e+01,2.031978e+01,2.036875e+01,2.042470e+01,2.038974e+01,2.046663e+01,2.048061e+01,2.045266e+01,2.053649e+01,2.046663e+01,2.038274e+01,2.050855e+01,2.041071e+01,2.053649e+01,2.051554e+01,2.041770e+01,2.045266e+01,2.046663e+01,2.035476e+01,2.048061e+01,2.040372e+01,2.055743e+01,2.037575e+01,2.053649e+01,2.048061e+01,2.041770e+01,2.040372e+01,2.048061e+01,2.043868e+01,2.043868e+01,2.043868e+01,2.040372e+01,2.045964e+01,2.051554e+01,2.042470e+01,2.046663e+01,2.036875e+01,2.059234e+01,2.050855e+01,2.029178e+01,2.045266e+01,2.044567e+01,2.038974e+01,2.038274e+01,2.032678e+01,2.031978e+01,2.033377e+01,2.031978e+01,2.039673e+01,2.038274e+01,2.027078e+01,2.041770e+01,2.043169e+01,2.042470e+01,2.032678e+01,2.038274e+01,2.043169e+01,2.040372e+01,2.042470e+01,2.036875e+01,2.031278e+01,2.045964e+01,2.040372e+01,2.029878e+01,2.032678e+01,2.036875e+01,2.032678e+01,2.041770e+01,2.043169e+01,2.037575e+01,2.041071e+01,2.032678e+01,2.041770e+01,2.045964e+01,2.035476e+01,2.038974e+01,2.045266e+01,2.029878e+01,2.029878e+01,2.042470e+01,2.018673e+01,2.058536e+01,2.035476e+01,2.042470e+01,2.045964e+01,2.037575e+01,2.044567e+01,2.049458e+01,2.018673e+01,2.039673e+01,2.042470e+01,2.038274e+01,2.036176e+01,2.032678e+01,2.034777e+01,2.031278e+01,2.047362e+01,2.033377e+01,2.035476e+01,2.042470e+01,2.030578e+01,2.034077e+01,2.061327e+01,2.034077e+01,2.045964e+01,2.044567e+01,2.041770e+01,2.050855e+01,2.046663e+01,2.039673e+01,2.041071e+01,2.043868e+01,2.036875e+01,2.036875e+01,2.038274e+01,2.036176e+01,2.037575e+01,2.031978e+01,2.032678e+01,2.025677e+01,2.031978e+01,2.035476e+01,2.031278e+01,2.033377e+01,2.041770e+01,2.027778e+01,2.037575e+01,2.027778e+01,2.020774e+01,2.036176e+01,2.022876e+01,2.035476e+01,2.023577e+01
2.048759e+01,2.035476e+01,2.034777e+01,2.045964e+01,2.040372e+01,2.044567e+01,2.040372e+01,2.036875e+01,2.044567e+01,2.043868e+01,2.043868e+01,2.052950e+01,2.047362e+01,2.042470e+01,2.054347e+01,2.045964e+01,2.060629e+01,2.048759e+01,2.048759e+01,2.045964e+01,2.072486e+01,2.072486e+01,2.091287e+01,2.130173e+01,2.159930e+01,2.148176e+01,2.166838e+01,2.186844e+01,2.226740e+01,2.186155e+01,2.156474e+01,2.155783e+01,2.183398e+01,2.157166e+01,2.208875e+01,2.232231e+01,2.183398e+01,2.195111e+01,2.197177e+01,2.208187e+01,2.143332e+01,2.148176e+01,2.146100e+01,2.170980e+01,2.191668e+01,2.219872e+01,2.223993e+01,2.199931e+01,2.291070e+01,2.226740e+01,2.197865e+01,2.164766e+01,2.164766e+01,2.192356e+01,2.178571e+01,2.185466e+01,2.155783e+01,2.146792e+01,2.128093e+01,2.153017e+01,2.167528e+01,2.166147e+01,2.195111e+01,2.254848e+01,2.217124e+01,2.190979e+01,2.149559e+01,2.132944e+01,2.157166e+01,2.134330e+01,2.149559e+01,2.165457e+01,2.141948e+01,2.141948e+01,2.159930e+01,2.166838e+01,2.224680e+01,2.193045e+01,2.137793e+01,2.151634e+01,2.150943e+01,2.129479e+01,2.199931e+01,2.202684e+01,2.177191e+01,2.214375e+01,2.201307e+01,2.252109e+01,2.246629e+01,2.148868e+01,2.164075e+01,2.166838e+01,2.147484e+01,2.148176e+01,2.120465e+01,2.117690e+01,2.114914e+01,2.112831e+01,2.109360e+01,2.119771e+01,2.133637e+01,2.108665e+01,2.098937e+01,2.120465e+01,2.123240e+01,2.123240e+01,2.164075e+01,2.217124e+01,2.218498e+01,2.139871e+01,2.123240e+01,2.122546e+01,2.128786e+01,2.142640e+01,2.188912e+01,2.149559e+01,2.137793e+01,2.145408e+01,2.111443e+01,2.069000e+01,2.041770e+01,2.034777e+01,2.019373e+01,2.041770e+01,2.048759e+01,2.048061e+01,2.046663e+01,2.045266e+01,2.050157e+01,2.046663e+01,2.045964e+01,2.047362e+01,2.036875e+01,2.049458e+01,2.052950e+01,2.042470e+01,2.042470e+01,2.038974e+01,2.038974e+01,2.042470e+01,2.043169e+01,2.039673e+01,2.052252e+01,2.036875e+01,2.039673e+01,2.034077e+01,2.041071e+01,2.038974e+01,2.050855e+01,2.045964e+01,2.033377e+01,2.043868e+01,2.041071e+01,2.043169e+01,2.023577e+01,2.041071e+01,2.043868e+01,2.047362e+01,2.047362e+01,2.043169e+01,2.053649e+01,2.036875e+01,2.043868e+01,2.033377e+01,2.041770e+01,2.042470e+01,2.047362e+01,2.036875e+01,2.038974e+01,2.051554e+01,2.042470e+01,2.045964e+01,2.041071e+01,2.044567e+01,2.045964e+01,2.041071e+01,2.045964e+01,2.047362e+01,2.043169e+01,2.039673e+01,2.038274e+01,2.038974e+01,2.034077e+01,2.039673e+01,2.031978e+01,2.031978e+01,2.030578e+01,2.040372e+01,2.045266e+01,2.046663e+01,2.034777e+01,2.040372e+01,2.042470e+01,2.041770e+01,2.043169e+01,2.042470e+01,2.031278e+01,2.051554e+01,2.041770e+01,2.045266e+01,2.043868e+01,2.024977e+01,2.024977e+01,2.036176e+01,2.038274e+01,2.033377e+01,2.027078e+01,2.040372e+01,2.041770e+01,2.036176e+01,2.039673e+01,2.039673e+01,2.025677e+01,2.045964e+01,2.034077e+01,2.033377e+01,2.024277e+01,2.043169e+01,2.043169e+01,2.072486e+01,2.043169e+01,2.048061e+01,2.031278e+01,2.045964e+01,2.041770e+01,2.033377e+01,2.038274e+01,2.015168e+01,2.041071e+01,2.036875e+01,2.036875e+01,2.041770e+01,2.030578e+01,2.034077e+01,2.041071e+01,2.036176e+01,2.047362e+01,2.045266e+01,2.045266e+01,2.040372e+01,2.033377e+01,2.045266e+01,2.037575e+01,2.042470e+01,2.043169e+01,2.037575e+01,2.040372e+01,2.040372e+01,2.036176e+01,2.043868e+01,2.045964e+01,2.044567e+01,2.035476e+01,2.050855e+01,2.041770e+01,2.027778e+01,2.034777e+01,2.029178e+01,2.033377e+01,2.007454e+01,1.969500e+01,1.922208e+01,1.938468e+01,1.925038e+01,1.918670e+01,1.922208e+01,1.917962e+01,1.916546e+01,1.903087e+01,1.902378e+01,1.906630e+01,1.899541e+01,1.898123e+01,1.896704e+01,1.897414e+01,1.901669e+01,1.905213e+01,1.904504e+01,1.905922e+01,1.916546e+01,1.905922e+01,1.917254e+01,1.911590e+01,1.917254e+01,1.909464e+01,1.908047e+01,1.923623e+01,1.900251e+01,1.897414e+01,1.898832e+01,1.863309e+01,1.908047e+01,1.876112e+01,1.876112e+01,1.878955e+01,1.879666e+01,1.881087e+01,1.883218e+01,1.913714e+01,1.929988e+01,1.934936e+01,1.961751e+01,1.968092e+01,1.975836e+01,1.957522e+01,1.965979e+01,1.951175e+01,1.939881e+01,1.924331e+01,1.915838e+01,1.911590e+01,1.912298e+01,1.906630e+01,1.898123e+01,1.895995e+01,1.896704e+01,1.890318e+01,1.897414e+01,1.892448e+01,1.894576e+01,1.893157e+01,1.893157e+01,1.903087e+01,1.896704e+01,1.910881e+01,1.915130e+01,1.919378e+01,1.922916e+01,1.962456e+01,2.005350e+01,2.015168e+01,2.021475e+01,2.020774e+01,2.023577e+01,2.031278e+01,2.034777e+01,2.024277e+01,2.039673e+01,2.039673e+01,2.031278e+01,2.040372e+01,2.042470e+01,2.039673e+01,2.042470e+01,2.042470e+01,2.036875e+01,2.044567e+01,2.038274e+01,2.041770e+01,2.042470e+01,2.031978e+01,2.047362e+01,2.037575e+01,2.041071e+01,2.039673e+01,2.043169e+01,2.038274e+01,2.036875e+01,2.043868e+01,2.036176e+01,2.038974e+01,2.041770e+01,2.036875e+01,2.038974e+01,2.038974e+01,2.041770e+01,2.032678e+01,2.056442e+01,2.050855e+01,2.038974e+01,2.038974e+01,2.045964e+01,2.037575e+01,2.036176e+01,2.047362e+01,2.039673e+01,2.038974e+01,2.037575e+01,2.035476e+01,2.041770e+01,2.045964e+01,2.041071e+01,2.043868e+01,2.041770e+01,2.043868e+01,2.036875e+01,2.033377e+01,2.042470e+01,2.037575e+01,2.036875e+01,2.040372e+01,2.042470e+01,2.038274e+01,2.049458e+01,2.050855e+01,2.043169e+01,2.043169e+01,2.042470e+01,2.043868e+01,2.043868e+01,2.042470e+01,2.047362e+01,2.049458e+01,2.042470e+01,2.045266e+01,2.041770e+01,2.055045e+01,2.050855e+01,2.055743e+01,2.054347e+01,2.043868e+01,2.049458e+01,2.050855e+01,2.044567e+01,2.034777e+01,2.039673e+01,2.055045e+01,2.059932e+01,2.051554e+01,2.058536e+01,2.052950e+01,2.049458e+01,2.052950e+01,2.053649e+01,2.059234e+01,2.050855e+01,2.051554e+01,2.050157e+01,2.055045e+01,2.048061e+01,2.041071e+01,2.043169e+01,2.060629e+01,2.055045e+01,2.055743e+01,2.048061e+01,2.060629e+01,2.052252e+01,2.051554e+01,2.059932e+01,2.055045e+01,2.059932e+01,2.064816e+01,2.061327e+01,2.059932e+01,2.059234e+01,2.057140e+01,2.061327e+01,2.053649e+01,2.057140e+01,2.050157e+01,2.053649e+01,2.054347e+01,2.058536e+01,2.058536e+01,2.049458e+01,2.053649e+01,2.047362e+01,2.050157e+01,2.050157e+01,2.066211e+01,2.054347e+01,2.051554e+01,2.055743e+01,2.058536e+01,2.036875e+01,2.052950e+01,2.054347e+01,2.057140e+01,2.057838e+01,2.052950e+01,2.048759e+01,2.052950e+01,2.049458e+01,2.039673e+01,2.055743e+01,2.059234e+01,2.061327e+01,2.062723e+01,2.050855e+01,2.050157e+01,2.050157e+01,2.053649e+01,2.062025e+01,2.047362e+01,2.052950e+01,2.053649e+01,2.046663e+01,2.055045e+01,2.046663e+01,2.046663e+01,2.050855e+01,2.040372e+01,2.051554e+01,2.044567e+01,2.045964e+01,2.044567e+01,2.044567e+01,2.043868e+01,2.055045e+01,2.050855e+01,2.045964e+01,2.043169e+01,2.044567e+01,2.045964e+01,2.051554e+01,2.047362e+01,2.045266e+01,2.034777e+01,2.044567e+01,2.052950e+01,2.034777e+01,2.048061e+01,2.055743e+01,2.040372e+01,2.049458e+01,2.052252e+01,2.046663e+01,2.046663e+01,2.057140e+01,2.035476e+01,2.039673e+01,2.045266e+01,2.046663e+01,2.040372e+01,2.042470e+01,2.053649e+01,2.037575e+01,2.047362e+01,2.050855e+01,2.046663e+01,2.059234e+01,2.047362e+01,2.043868e+01,2.042470e+01,2.041071e+01,2.043868e+01,2.041071e+01,2.033377e+01,2.029878e+01,2.043169e+01,2.061327e+01,2.055743e+01,2.060629e+01,2.040372e+01,2.043169e+01,2.053649e+01,2.048061e+01,2.042470e+01,2.050855e+01,2.040372e+01,2.044567e+01,2.033377e+01,2.061327e+01,2.041770e+01,2.038974e+01,2.039673e+01,2.028478e+01,2.048061e+01,2.033377e+01,2.043169e+01,2.034777e+01,2.022876e+01,2.038274e+01,2.038974e+01,2.037575e+01,2.022176e+01,2.027778e+01,2.045266e+01,2.029178e+01,2.036176e+01,2.041071e+01,2.037575e+01,2.042470e+01,2.028478e+01,2.041770e+01,2.042470e+01,2.047362e+01,2.034077e+01,2.044567e+01,2.039673e+01,2.045266e+01,2.030578e+01,2.042470e+01,2.047362e+01,2.026378e+01,2.030578e+01,2.038974e+01,2.036176e+01,2.034777e+01,2.042470e+01,2.041770e+01,2.045266e+01,2.034077e+01,2.033377e+01,2.048759e+01,2.038274e+01,2.047362e+01,2.049458e+01,2.048061e+01,2.032678e+01,2.041071e+01,2.036875e+01,2.045266e+01,2.041071e+01,2.036176e+01,2.037575e+01,2.057838e+01,2.038274e+01,2.042470e+01,2.033377e+01,2.037575e+01,2.045266e+01,2.031978e+01,2.033377e+01,2.029878e+01,2.031278e+01,2.038974e+01,2.038274e+01,2.043169e+01,2.031978e+01,2.039673e+01,2.033377e+01,2.044567e+01,2.044567e+01,2.048759e+01,2.038974e+01,2.039673e+01,2.031978e+01,2.045964e+01,2.033377e+01,2.024277e+01,2.044567e+01,2.044567e+01,2.024277e+01,2.020774e+01,2.030578e+01,2.035476e+01,2.021475e+01,2.033377e+01
2.053649e+01,2.036176e+01,2.035476e+01,2.034777e+01,2.038974e+01,2.034077e+01,2.044567e+01,2.034777e+01,2.041770e+01,2.045964e+01,2.047362e+01,2.046663e+01,2.043169e+01,2.043868e+01,2.046663e+01,2.048759e+01,2.049458e+01,2.060629e+01,2.049458e+01,2.064816e+01,2.070394e+01,2.087112e+01,2.091983e+01,2.170290e+01,2.215750e+01,2.157166e+01,2.170290e+01,2.183398e+01,2.157857e+01,2.183398e+01,2.213688e+01,2.210938e+01,2.152326e+01,2.150251e+01,2.162003e+01,2.204748e+01,2.207499e+01,2.183398e+01,2.204748e+01,2.193734e+01,2.170980e+01,2.148868e+01,2.137793e+01,2.178571e+01,2.189601e+01,2.217811e+01,2.237032e+01,2.196489e+01,2.226053e+01,2.211625e+01,2.201307e+01,2.221933e+01,2.169600e+01,2.166838e+01,2.168219e+01,2.168219e+01,2.157166e+01,2.126013e+01,2.125320e+01,2.124627e+01,2.153017e+01,2.173051e+01,2.301298e+01,2.385466e+01,2.266480e+01,2.185466e+01,2.147484e+01,2.123240e+01,2.126707e+01,2.154400e+01,2.159930e+01,2.199931e+01,2.183398e+01,2.165457e+01,2.166838e+01,2.127400e+01,2.146792e+01,2.173741e+01,2.188912e+01,2.123933e+01,2.153017e+01,2.129479e+01,2.132252e+01,2.167528e+01,2.151634e+01,2.203372e+01,2.220559e+01,2.182708e+01,2.215750e+01,2.137101e+01,2.131559e+01,2.126013e+01,2.168219e+01,2.172361e+01,2.119078e+01,2.119771e+01,2.110748e+01,2.105887e+01,2.107276e+01,2.112831e+01,2.146792e+01,2.129479e+01,2.117690e+01,2.110054e+01,2.139178e+01,2.121159e+01,2.177191e+01,2.213000e+01,2.212313e+01,2.161312e+01,2.126013e+01,2.123933e+01,2.134330e+01,2.145408e+01,2.160621e+01,2.143332e+01,2.210250e+01,2.245259e+01,2.157166e+01,2.041770e+01,2.020774e+01,2.045266e+01,2.039673e+01,2.034077e+01,2.050855e+01,2.050157e+01,2.041071e+01,2.050157e+01,2.039673e+01,2.041071e+01,2.052252e+01,2.040372e+01,2.038274e+01,2.039673e+01,2.044567e+01,2.043868e+01,2.047362e+01,2.048061e+01,2.038974e+01,2.045964e+01,2.041071e+01,2.043169e+01,2.047362e+01,2.040372e+01,2.042470e+01,2.045266e+01,2.041071e+01,2.039673e+01,2.050855e+01,2.038274e+01,2.034777e+01,2.036176e+01,2.039673e+01,2.037575e+01,2.027778e+01,2.029178e+01,2.034777e+01,2.043868e+01,2.048061e+01,2.043868e+01,2.045266e+01,2.047362e+01,2.029878e+01,2.033377e+01,2.061327e+01,2.035476e+01,2.052252e+01,2.045964e+01,2.043868e+01,2.041770e+01,2.045964e+01,2.045266e+01,2.043169e+01,2.040372e+01,2.043868e+01,2.041071e+01,2.041770e+01,2.040372e+01,2.032678e+01,2.038274e+01,2.038974e+01,2.037575e+01,2.048759e+01,2.045964e+01,2.034777e+01,2.030578e+01,2.027078e+01,2.034777e+01,2.041071e+01,2.034777e+01,2.041071e+01,2.042470e+01,2.042470e+01,2.035476e+01,2.041770e+01,2.044567e+01,2.036875e+01,2.047362e+01,2.038974e+01,2.039673e+01,2.045964e+01,2.039673e+01,2.040372e+01,2.034077e+01,2.036875e+01,2.037575e+01,2.038274e+01,2.037575e+01,2.035476e+01,2.036875e+01,2.039673e+01,2.036176e+01,2.038974e+01,2.055743e+01,2.036875e+01,2.034777e+01,2.036875e+01,2.047362e+01,2.029178e+01,2.035476e+01,2.029178e+01,2.036176e+01,2.037575e+01,2.038974e+01,2.039673e+01,2.035476e+01,2.036875e+01,2.036875e+01,2.043868e+01,2.038974e+01,2.045266e+01,2.045964e+01,2.043169e+01,2.041071e+01,2.036176e+01,2.043868e+01,2.048061e+01,2.041071e+01,2.043169e+01,2.045964e+01,2.042470e+01,2.040372e+01,2.043169e+01,2.036875e+01,2.041071e+01,2.038274e+01,2.045266e+01,2.038974e+01,2.037575e+01,2.045964e+01,2.034777e+01,2.042470e+01,2.040372e+01,2.043868e+01,2.041071e+01,2.041071e+01,2.027778e+01,2.029878e+01,2.038974e+01,2.034077e+01,2.008857e+01,1.975836e+01,1.945529e+01,1.920085e+01,1.933522e+01,1.903795e+01,1.913714e+01,1.912298e+01,1.908047e+01,1.908756e+01,1.908047e+01,1.892448e+01,1.900251e+01,1.900251e+01,1.896704e+01,1.895995e+01,1.898123e+01,1.894576e+01,1.898123e+01,1.898832e+01,1.902378e+01,1.906630e+01,1.916546e+01,1.905922e+01,1.910173e+01,1.905213e+01,1.888899e+01,1.915130e+01,1.899541e+01,1.904504e+01,1.877534e+01,1.906630e+01,1.900251e+01,1.886059e+01,1.880376e+01,1.876112e+01,1.900251e+01,1.882508e+01,1.903087e+01,1.913714e+01,1.946235e+01,1.968092e+01,1.973725e+01,1.975132e+01,1.975132e+01,1.962456e+01,1.946235e+01,1.933522e+01,1.916546e+01,1.917962e+01,1.914422e+01,1.904504e+01,1.895286e+01,1.894576e+01,1.893157e+01,1.894576e+01,1.893867e+01,1.891738e+01,1.898123e+01,1.899541e+01,1.888899e+01,1.886059e+01,1.908047e+01,1.898123e+01,1.900251e+01,1.910881e+01,1.920793e+01,1.939174e+01,1.994117e+01,1.994819e+01,2.003946e+01,1.996926e+01,2.004648e+01,2.003946e+01,2.003946e+01,2.025677e+01,2.012364e+01,2.023577e+01,2.027078e+01,2.028478e+01,2.036176e+01,2.028478e+01,2.036176e+01,2.038274e+01,2.042470e+01,2.043868e+01,2.045266e+01,2.042470e+01,2.038974e+01,2.039673e+01,2.041770e+01,2.038974e+01,2.038274e+01,2.040372e+01,2.043169e+01,2.039673e+01,2.043169e+01,2.045266e+01,2.038274e+01,2.040372e+01,2.038974e+01,2.043868e+01,2.040372e+01,2.039673e+01,2.031278e+01,2.042470e+01,2.048061e+01,2.034077e+01,2.032678e+01,2.035476e+01,2.034777e+01,2.037575e+01,2.036875e+01,2.038974e+01,2.036875e+01,2.037575e+01,2.024277e+01,2.036176e+01,2.044567e+01,2.034777e+01,2.041770e+01,2.031278e+01,2.043868e+01,2.041770e+01,2.039673e+01,2.040372e+01,2.041770e+01,2.040372e+01,2.036875e+01,2.034777e+01,2.036875e+01,2.024277e+01,2.034077e+01,2.027778e+01,2.039673e+01,2.038974e+01,2.041071e+01,2.047362e+01,2.041071e+01,2.045964e+01,2.044567e+01,2.041071e+01,2.048759e+01,2.037575e+01,2.044567e+01,2.045266e+01,2.043169e+01,2.045266e+01,2.043169e+01,2.042470e+01,2.045266e+01,2.050855e+01,2.047362e+01,2.053649e+01,2.052252e+01,2.044567e+01,2.058536e+01,2.049458e+01,2.064118e+01,2.050855e+01,2.048061e+01,2.051554e+01,2.045964e+01,2.049458e+01,2.059932e+01,2.056442e+01,2.048759e+01,2.046663e+01,2.052252e+01,2.062723e+01,2.057140e+01,2.057838e+01,2.048061e+01,2.048759e+01,2.054347e+01,2.054347e+01,2.053649e+01,2.059932e+01,2.047362e+01,2.060629e+01,2.060629e+01,2.054347e+01,2.062025e+01,2.058536e+01,2.052950e+01,2.058536e+01,2.053649e+01,2.061327e+01,2.064816e+01,2.051554e+01,2.047362e+01,2.053649e+01,2.043169e+01,2.062025e+01,2.061327e+01,2.054347e+01,2.058536e+01,2.058536e+01,2.058536e+01,2.058536e+01,2.068303e+01,2.064816e+01,2.055045e+01,2.052252e+01,2.046663e+01,2.056442e+01,2.048759e+01,2.043169e+01,2.055743e+01,2.052950e+01,2.049458e+01,2.051554e+01,2.049458e+01,2.048759e+01,2.049458e+01,2.060629e+01,2.057838e+01,2.057140e+01,2.052252e+01,2.049458e+01,2.050855e+01,2.056442e+01,2.049458e+01,2.052252e+01,2.061327e+01,2.053649e+01,2.047362e+01,2.057838e+01,2.050855e+01,2.050855e+01,2.043868e+01,2.049458e+01,2.048759e+01,2.042470e+01,2.043868e+01,2.047362e+01,2.043169e+01,2.061327e+01,2.058536e+01,2.044567e+01,2.041071e+01,2.043169e+01,2.042470e+01,2.043169e+01,2.052950e+01,2.047362e+01,2.031278e+01,2.018673e+01,2.041770e+01,2.051554e+01,2.045964e+01,2.040372e+01,2.038274e+01,2.051554e+01,2.036176e+01,2.051554e+01,2.035476e+01,2.041770e+01,2.048061e+01,2.050855e+01,2.031278e+01,2.047362e+01,2.042470e+01,2.044567e+01,2.045266e+01,2.037575e+01,2.045266e+01,2.041071e+01,2.048759e+01,2.038274e+01,2.049458e+01,2.042470e+01,2.035476e+01,2.038974e+01,2.042470e+01,2.049458e+01,2.041071e+01,2.044567e+01,2.027078e+01,2.048759e+01,2.039673e+01,2.041071e+01,2.041770e+01,2.038274e+01,2.044567e+01,2.028478e+01,2.027078e+01,2.050855e+01,2.043868e+01,2.037575e+01,2.045964e+01,2.041071e+01,2.036875e+01,2.038274e+01,2.033377e+01,2.050855e+01,2.046663e+01,2.039673e+01,2.032678e+01,2.029878e+01,2.036176e+01,2.036875e+01,2.034777e+01,2.041770e+01,2.027778e+01,2.037575e+01,2.038974e+01,2.029178e+01,2.028478e+01,2.021475e+01,2.057140e+01,2.031278e+01,2.023577e+01,2.037575e+01,2.041770e+01,2.022176e+01,2.037575e+01,2.044567e+01,2.037575e+01,2.035476e+01,2.044567e+01,2.045964e+01,2.029178e+01,2.046663e+01,2.045266e+01,2.034777e+01,2.045266e+01,2.029178e+01,2.031978e+01,2.044567e+01,2.036875e+01,2.029178e+01,2.048061e+01,2.035476e+01,2.019373e+01,2.034077e+01,2.062025e+01,2.050855e+01,2.031278e+01,2.049458e+01,2.046663e+01,2.038274e+01,2.032678e+01,2.030578e+01,2.031978e+01,2.043169e+01,2.043169e+01,2.036875e+01,2.038974e+01,2.043868e+01,2.038274e+01,2.038974e+01,2.027778e+01,2.029178e+01,2.029178e+01,2.040372e+01,2.037575e+01,2.029178e+01,2.031278e+01,2.037575e+01,2.034777e+01,2.062025e+01,2.036875e+01,2.033377e+01,2.045964e+01,2.039673e+01,2.025677e+01,2.029878e+01,2.041071e+01,2.007454e+01,2.008156e+01,2.041071e+01,2.033377e+01,2.020774e+01,2.028478e+01,2.031278e+01,2.025677e+01,2.026378e+01,2.019373e+01,2.033377e+01
2.041071e+01,2.038274e+01,2.036875e+01,2.041770e+01,2.035476e+01,2.051554e+01,2.041071e+01,2.038974e+01,2.038974e+01,2.045266e+01,2.024977e+01,2.044567e+01,2.049458e+01,2.042470e+01,2.042470e+01,2.038974e+01,2.044567e+01,2.056442e+01,2.065513e+01,2.048061e+01,2.070394e+01,2.089896e+01,2.137101e+01,2.143332e+01,2.176501e+01,2.187534e+01,2.209563e+01,2.185466e+01,2.162003e+01,2.182708e+01,2.230858e+01,2.271950e+01,2.171671e+01,2.150251e+01,2.147484e+01,2.180640e+01,2.179260e+01,2.184087e+01,2.247315e+01,2.251425e+01,2.213688e+01,2.164766e+01,2.153709e+01,2.164766e+01,2.195111e+01,2.219872e+01,2.215063e+01,2.176501e+01,2.201995e+01,2.269216e+01,2.359745e+01,2.368552e+01,2.270583e+01,2.166147e+01,2.132944e+01,2.123240e+01,2.142640e+01,2.122546e+01,2.109360e+01,2.119078e+01,2.154400e+01,2.166147e+01,2.224680e+01,2.223993e+01,2.185466e+01,2.173741e+01,2.150251e+01,2.135023e+01,2.126013e+01,2.140563e+01,2.200619e+01,2.164766e+01,2.195111e+01,2.144024e+01,2.160621e+01,2.126013e+01,2.128786e+01,2.152326e+01,2.199931e+01,2.199931e+01,2.103802e+01,2.103802e+01,2.153709e+01,2.152326e+01,2.217811e+01,2.251425e+01,2.179260e+01,2.153017e+01,2.126707e+01,2.127400e+01,2.114914e+01,2.117690e+01,2.213688e+01,2.146792e+01,2.146792e+01,2.107276e+01,2.110054e+01,2.110748e+01,2.106581e+01,2.127400e+01,2.132252e+01,2.122546e+01,2.108665e+01,2.111443e+01,2.117690e+01,2.117690e+01,2.121852e+01,2.126013e+01,2.156474e+01,2.155092e+01,2.139178e+01,2.124627e+01,2.109360e+01,2.129479e+01,2.167528e+01,2.210250e+01,2.284928e+01,2.258271e+01,2.098937e+01,2.041071e+01,2.039673e+01,2.039673e+01,2.041770e+01,2.036176e+01,2.049458e+01,2.049458e+01,2.052252e+01,2.043169e+01,2.035476e+01,2.041770e+01,2.045266e+01,2.048061e+01,2.046663e+01,2.043868e+01,2.046663e+01,2.048061e+01,2.044567e+01,2.029878e+01,2.049458e+01,2.043868e+01,2.041770e+01,2.036176e+01,2.039673e+01,2.044567e+01,2.038974e+01,2.039673e+01,2.038974e+01,2.039673e+01,2.045266e+01,2.038974e+01,2.031978e+01,2.040372e+01,2.032678e+01,2.045266e+01,2.041770e+01,2.039673e+01,2.043169e+01,2.041071e+01,2.044567e+01,2.045964e+01,2.045964e+01,2.041770e+01,2.047362e+01,2.042470e+01,2.042470e+01,2.050157e+01,2.050855e+01,2.045266e+01,2.043868e+01,2.043868e+01,2.045964e+01,2.031978e+01,2.040372e+01,2.042470e+01,2.039673e+01,2.037575e+01,2.041770e+01,2.043868e+01,2.034777e+01,2.038274e+01,2.036875e+01,2.044567e+01,2.047362e+01,2.041071e+01,2.050157e+01,2.034777e+01,2.034077e+01,2.045964e+01,2.050157e+01,2.045964e+01,2.048061e+01,2.041071e+01,2.029878e+01,2.034777e+01,2.033377e+01,2.036875e+01,2.045964e+01,2.046663e+01,2.045964e+01,2.038974e+01,2.038974e+01,2.045266e+01,2.038274e+01,2.039673e+01,2.036875e+01,2.037575e+01,2.034777e+01,2.039673e+01,2.040372e+01,2.041770e+01,2.044567e+01,2.038274e+01,2.037575e+01,2.046663e+01,2.031978e+01,2.031278e+01,2.035476e+01,2.043169e+01,2.029178e+01,2.041071e+01,2.043169e+01,2.031978e+01,2.034077e+01,2.039673e+01,2.036875e+01,2.037575e+01,2.043169e+01,2.038274e+01,2.038274e+01,2.034077e+01,2.049458e+01,2.042470e+01,2.050855e+01,2.036875e+01,2.028478e+01,2.043169e+01,2.043868e+01,2.043169e+01,2.035476e+01,2.044567e+01,2.046663e+01,2.036875e+01,2.036875e+01,2.038274e+01,2.050157e+01,2.035476e+01,2.050855e+01,2.052252e+01,2.034077e+01,2.042470e+01,2.036875e+01,2.041071e+01,2.035476e+01,2.038274e+01,2.031978e+01,2.048759e+01,2.036176e+01,2.034777e+01,2.034777e+01,2.010961e+01,2.031278e+01,2.007454e+01,1.988495e+01,1.941293e+01,1.921501e+01,1.938468e+01,1.915838e+01,1.925038e+01,1.884638e+01,1.913006e+01,1.905213e+01,1.891738e+01,1.900251e+01,1.915838e+01,1.901669e+01,1.896704e+01,1.900960e+01,1.904504e+01,1.905922e+01,1.904504e+01,1.910173e+01,1.916546e+01,1.915130e+01,1.925038e+01,1.908756e+01,1.918670e+01,1.910173e+01,1.914422e+01,1.903795e+01,1.913714e+01,1.909464e+01,1.898123e+01,1.884638e+01,1.903087e+01,1.882508e+01,1.879666e+01,1.880376e+01,1.880376e+01,1.904504e+01,1.928574e+01,1.939174e+01,1.968796e+01,1.972317e+01,1.974428e+01,1.968092e+01,1.956817e+01,1.953291e+01,1.933522e+01,1.933522e+01,1.912298e+01,1.903087e+01,1.896704e+01,1.900960e+01,1.896704e+01,1.893157e+01,1.895286e+01,1.883928e+01,1.875401e+01,1.885349e+01,1.881797e+01,1.891738e+01,1.896704e+01,1.895995e+01,1.892448e+01,1.897414e+01,1.906630e+01,1.939174e+01,1.944823e+01,1.959637e+01,1.947647e+01,1.939174e+01,1.946235e+01,1.939881e+01,1.945529e+01,1.948352e+01,1.953291e+01,1.980058e+01,2.001841e+01,1.998330e+01,2.020774e+01,2.040372e+01,2.029878e+01,2.036176e+01,2.040372e+01,2.031278e+01,2.034077e+01,2.042470e+01,2.039673e+01,2.033377e+01,2.038274e+01,2.041071e+01,2.040372e+01,2.036875e+01,2.037575e+01,2.036875e+01,2.037575e+01,2.038974e+01,2.040372e+01,2.035476e+01,2.056442e+01,2.047362e+01,2.027778e+01,2.045964e+01,2.050157e+01,2.034777e+01,2.049458e+01,2.047362e+01,2.039673e+01,2.039673e+01,2.035476e+01,2.039673e+01,2.037575e+01,2.037575e+01,2.037575e+01,2.042470e+01,2.037575e+01,2.046663e+01,2.034077e+01,2.039673e+01,2.048759e+01,2.045964e+01,2.038274e+01,2.041770e+01,2.041770e+01,2.041071e+01,2.043868e+01,2.041770e+01,2.043169e+01,2.048759e+01,2.038274e+01,2.044567e+01,2.036176e+01,2.045266e+01,2.041770e+01,2.036875e+01,2.038974e+01,2.045266e+01,2.041071e+01,2.045266e+01,2.037575e+01,2.045964e+01,2.050157e+01,2.048759e+01,2.043169e+01,2.042470e+01,2.046663e+01,2.041770e+01,2.056442e+01,2.047362e+01,2.040372e+01,2.048061e+01,2.053649e+01,2.044567e+01,2.057838e+01,2.050157e+01,2.055045e+01,2.055743e+01,2.056442e+01,2.048061e+01,2.046663e+01,2.066211e+01,2.063420e+01,2.054347e+01,2.055743e+01,2.057140e+01,2.058536e+01,2.067605e+01,2.054347e+01,2.055743e+01,2.051554e+01,2.059234e+01,2.057838e+01,2.057140e+01,2.056442e+01,2.054347e+01,2.050855e+01,2.063420e+01,2.052950e+01,2.057140e+01,2.060629e+01,2.054347e+01,2.059932e+01,2.064118e+01,2.060629e+01,2.058536e+01,2.055743e+01,2.059234e+01,2.052950e+01,2.062723e+01,2.057838e+01,2.059234e+01,2.055045e+01,2.048759e+01,2.064118e+01,2.057140e+01,2.055743e+01,2.051554e+01,2.061327e+01,2.056442e+01,2.064118e+01,2.063420e+01,2.052950e+01,2.053649e+01,2.058536e+01,2.055045e+01,2.044567e+01,2.057140e+01,2.054347e+01,2.052950e+01,2.055743e+01,2.055743e+01,2.055045e+01,2.055045e+01,2.066211e+01,2.057140e+01,2.066908e+01,2.047362e+01,2.047362e+01,2.050157e+01,2.050157e+01,2.049458e+01,2.055045e+01,2.043868e+01,2.049458e+01,2.056442e+01,2.050855e+01,2.053649e+01,2.053649e+01,2.050855e+01,2.052950e+01,2.052252e+01,2.055045e+01,2.056442e+01,2.041770e+01,2.053649e+01,2.056442e+01,2.055743e+01,2.057838e+01,2.042470e+01,2.044567e+01,2.045964e+01,2.048759e+01,2.039673e+01,2.045266e+01,2.057140e+01,2.054347e+01,2.057838e+01,2.051554e+01,2.039673e+01,2.045964e+01,2.048061e+01,2.037575e+01,2.034777e+01,2.048061e+01,2.050157e+01,2.049458e+01,2.046663e+01,2.036875e+01,2.036875e+01,2.040372e+01,2.043169e+01,2.045266e+01,2.038974e+01,2.044567e+01,2.043868e+01,2.049458e+01,2.043169e+01,2.045266e+01,2.046663e+01,2.038274e+01,2.041770e+01,2.041770e+01,2.041770e+01,2.042470e+01,2.062723e+01,2.038274e+01,2.047362e+01,2.052950e+01,2.049458e+01,2.038974e+01,2.047362e+01,2.042470e+01,2.044567e+01,2.040372e+01,2.042470e+01,2.041071e+01,2.040372e+01,2.045964e+01,2.031978e+01,2.042470e+01,2.038974e+01,2.035476e+01,2.037575e+01,2.034777e+01,2.029178e+01,2.041770e+01,2.038974e+01,2.038974e+01,2.041071e+01,2.033377e+01,2.043868e+01,2.034777e+01,2.038274e+01,2.016570e+01,2.046663e+01,2.039673e+01,2.045964e+01,2.027778e+01,2.034777e+01,2.041071e+01,2.038274e+01,2.031978e+01,2.029878e+01,2.058536e+01,2.044567e+01,2.046663e+01,2.045964e+01,2.048061e+01,2.027778e+01,2.038974e+01,2.036875e+01,2.041770e+01,2.032678e+01,2.030578e+01,2.036176e+01,2.036875e+01,2.037575e+01,2.041071e+01,2.034777e+01,2.030578e+01,2.044567e+01,2.040372e+01,2.041770e+01,2.038274e+01,2.058536e+01,2.044567e+01,2.050855e+01,2.039673e+01,2.034777e+01,2.040372e+01,2.031978e+01,2.046663e+01,2.020774e+01,2.030578e+01,2.033377e+01,2.038274e+01,2.036176e+01,2.045964e+01,2.043868e+01,2.043169e+01,2.038974e+01,2.043868e+01,2.041071e+01,2.025677e+01,2.029178e+01,2.038974e+01,2.040372e+01,2.041071e+01,2.042470e+01,2.036176e+01,2.024277e+01,2.029878e+01,2.036875e+01,2.038274e+01,2.033377e+01,2.030578e+01,2.043169e+01,2.040372e+01,2.039673e+01,2.006753e+01,2.030578e+01,2.036176e+01,2.045266e+01,2.037575e+01,2.031978e+01,2.043868e+01,2.004648e+01,2.013065e+01,2.013766e+01,2.033377e+01
2.043169e+01,2.041071e+01,2.036176e+01,2.036875e+01,2.043169e+01,2.045266e+01,2.041770e+01,2.043868e+01,2.029878e+01,2.029878e+01,2.033377e+01,2.041770e+01,2.041071e+01,2.051554e+01,2.050157e+01,2.051554e+01,2.051554e+01,2.050855e+01,2.049458e+01,2.062723e+01,2.075970e+01,2.098242e+01,2.140563e+01,2.140563e+01,2.130865e+01,2.166147e+01,2.204060e+01,2.186844e+01,2.187534e+01,2.185466e+01,2.227426e+01,2.272633e+01,2.229486e+01,2.182019e+01,2.218498e+01,2.183398e+01,2.162694e+01,2.161312e+01,2.239775e+01,2.278782e+01,2.219185e+01,2.174431e+01,2.143332e+01,2.177191e+01,2.158548e+01,2.164766e+01,2.175811e+01,2.199242e+01,2.265113e+01,2.401003e+01,2.365166e+01,2.404377e+01,2.242517e+01,2.141948e+01,2.143332e+01,2.135023e+01,2.130173e+01,2.132252e+01,2.123240e+01,2.141948e+01,2.136408e+01,2.184776e+01,2.165457e+01,2.132944e+01,2.152326e+01,2.130173e+01,2.112831e+01,2.113526e+01,2.121159e+01,2.126707e+01,2.159930e+01,2.223993e+01,2.174431e+01,2.162694e+01,2.165457e+01,2.171671e+01,2.144024e+01,2.153709e+01,2.177191e+01,2.147484e+01,2.132252e+01,2.103802e+01,2.129479e+01,2.128786e+01,2.164075e+01,2.175811e+01,2.155783e+01,2.108665e+01,2.110748e+01,2.111443e+01,2.115608e+01,2.116302e+01,2.130865e+01,2.146100e+01,2.219872e+01,2.119771e+01,2.105887e+01,2.110748e+01,2.103802e+01,2.108665e+01,2.129479e+01,2.119771e+01,2.130865e+01,2.127400e+01,2.134330e+01,2.126707e+01,2.135715e+01,2.155783e+01,2.213000e+01,2.153709e+01,2.121852e+01,2.124627e+01,2.143332e+01,2.143332e+01,2.179260e+01,2.269216e+01,2.265113e+01,2.155783e+01,2.087808e+01,2.045266e+01,2.043169e+01,2.047362e+01,2.048759e+01,2.051554e+01,2.042470e+01,2.055743e+01,2.048759e+01,2.047362e+01,2.044567e+01,2.042470e+01,2.043868e+01,2.041770e+01,2.048061e+01,2.047362e+01,2.042470e+01,2.047362e+01,2.044567e+01,2.042470e+01,2.045964e+01,2.043868e+01,2.043868e+01,2.038274e+01,2.041071e+01,2.048061e+01,2.038974e+01,2.038974e+01,2.041071e+01,2.041071e+01,2.040372e+01,2.043169e+01,2.052252e+01,2.034077e+01,2.045266e+01,2.042470e+01,2.022176e+01,2.036176e+01,2.043868e+01,2.045266e+01,2.041770e+01,2.053649e+01,2.043169e+01,2.048759e+01,2.050157e+01,2.057140e+01,2.048061e+01,2.045964e+01,2.038274e+01,2.040372e+01,2.043169e+01,2.043169e+01,2.041770e+01,2.046663e+01,2.045266e+01,2.044567e+01,2.026378e+01,2.039673e+01,2.039673e+01,2.035476e+01,2.038274e+01,2.034777e+01,2.038274e+01,2.042470e+01,2.048759e+01,2.043868e+01,2.043169e+01,2.038974e+01,2.050157e+01,2.045266e+01,2.043169e+01,2.036875e+01,2.043169e+01,2.035476e+01,2.031978e+01,2.038974e+01,2.038974e+01,2.034777e+01,2.046663e+01,2.042470e+01,2.050157e+01,2.038974e+01,2.038974e+01,2.036875e+01,2.031978e+01,2.032678e+01,2.038974e+01,2.036875e+01,2.027778e+01,2.038974e+01,2.027778e+01,2.036875e+01,2.048759e+01,2.022876e+01,2.048061e+01,2.039673e+01,2.049458e+01,2.045266e+01,2.038274e+01,2.033377e+01,2.037575e+01,2.039673e+01,2.029178e+01,2.042470e+01,2.043169e+01,2.041071e+01,2.039673e+01,2.039673e+01,2.036176e+01,2.038974e+01,2.039673e+01,2.039673e+01,2.034777e+01,2.038274e+01,2.041770e+01,2.043169e+01,2.042470e+01,2.029178e+01,2.039673e+01,2.045964e+01,2.043169e+01,2.045964e+01,2.038974e+01,2.035476e+01,2.039673e+01,2.040372e+01,2.050855e+01,2.039673e+01,2.041071e+01,2.041770e+01,2.043169e+01,2.035476e+01,2.035476e+01,2.034777e+01,2.034777e+01,2.031278e+01,2.037575e+01,2.034077e+01,2.040372e+01,2.039673e+01,2.034777e+01,2.036875e+01,2.036176e+01,2.019373e+01,2.010260e+01,1.938468e+01,1.940587e+01,1.926452e+01,1.915838e+01,1.925038e+01,1.921501e+01,1.910881e+01,1.910881e+01,1.917254e+01,1.901669e+01,1.901669e+01,1.900251e+01,1.905213e+01,1.897414e+01,1.905922e+01,1.900960e+01,1.898832e+01,1.913714e+01,1.920793e+01,1.917962e+01,1.917254e+01,1.915838e+01,1.911590e+01,1.903795e+01,1.902378e+01,1.905922e+01,1.915838e+01,1.910881e+01,1.905922e+01,1.900960e+01,1.901669e+01,1.879666e+01,1.897414e+01,1.906630e+01,1.905922e+01,1.925745e+01,1.922208e+01,1.950469e+01,1.956817e+01,1.976540e+01,1.975132e+01,1.989198e+01,1.968796e+01,1.952586e+01,1.928574e+01,1.927867e+01,1.920085e+01,1.927160e+01,1.908047e+01,1.898123e+01,1.895995e+01,1.890318e+01,1.908047e+01,1.877534e+01,1.877534e+01,1.883928e+01,1.879666e+01,1.888189e+01,1.895286e+01,1.891028e+01,1.895286e+01,1.910173e+01,1.907339e+01,1.914422e+01,1.906630e+01,1.916546e+01,1.917962e+01,1.916546e+01,1.923623e+01,1.945529e+01,1.936349e+01,1.944823e+01,1.946941e+01,1.945529e+01,1.944823e+01,1.968796e+01,1.998330e+01,2.029178e+01,2.036176e+01,2.042470e+01,2.028478e+01,2.042470e+01,2.038274e+01,2.038274e+01,2.036875e+01,2.044567e+01,2.045266e+01,2.045266e+01,2.038274e+01,2.042470e+01,2.040372e+01,2.043169e+01,2.037575e+01,2.042470e+01,2.041071e+01,2.043169e+01,2.041071e+01,2.044567e+01,2.047362e+01,2.049458e+01,2.034777e+01,2.045964e+01,2.048061e+01,2.053649e+01,2.040372e+01,2.041071e+01,2.044567e+01,2.041770e+01,2.036875e+01,2.038274e+01,2.047362e+01,2.037575e+01,2.041770e+01,2.042470e+01,2.039673e+01,2.034777e+01,2.036875e+01,2.038974e+01,2.038274e+01,2.042470e+01,2.048759e+01,2.043169e+01,2.037575e+01,2.043868e+01,2.052252e+01,2.041071e+01,2.048759e+01,2.050157e+01,2.037575e+01,2.042470e+01,2.043868e+01,2.038274e+01,2.041770e+01,2.041770e+01,2.041071e+01,2.042470e+01,2.042470e+01,2.043169e+01,2.050855e+01,2.040372e+01,2.041770e+01,2.049458e+01,2.052252e+01,2.040372e+01,2.038974e+01,2.052252e+01,2.046663e+01,2.045266e+01,2.052252e+01,2.055743e+01,2.049458e+01,2.055743e+01,2.054347e+01,2.045266e+01,2.056442e+01,2.051554e+01,2.068303e+01,2.045266e+01,2.051554e+01,2.047362e+01,2.053649e+01,2.059932e+01,2.055743e+01,2.057140e+01,2.052252e+01,2.057838e+01,2.052950e+01,2.048759e+01,2.056442e+01,2.054347e+01,2.052950e+01,2.052252e+01,2.051554e+01,2.052252e+01,2.055045e+01,2.063420e+01,2.059932e+01,2.048061e+01,2.045964e+01,2.048061e+01,2.063420e+01,2.054347e+01,2.055045e+01,2.062025e+01,2.064816e+01,2.064118e+01,2.062723e+01,2.057838e+01,2.062723e+01,2.058536e+01,2.051554e+01,2.060629e+01,2.059234e+01,2.057838e+01,2.059234e+01,2.050855e+01,2.055045e+01,2.061327e+01,2.046663e+01,2.054347e+01,2.080846e+01,2.051554e+01,2.059932e+01,2.054347e+01,2.051554e+01,2.052950e+01,2.057838e+01,2.049458e+01,2.049458e+01,2.052252e+01,2.050855e+01,2.069000e+01,2.064816e+01,2.066211e+01,2.066211e+01,2.052252e+01,2.077363e+01,2.076667e+01,2.059234e+01,2.058536e+01,2.057140e+01,2.043169e+01,2.049458e+01,2.041071e+01,2.055045e+01,2.048759e+01,2.054347e+01,2.054347e+01,2.052950e+01,2.055045e+01,2.055743e+01,2.054347e+01,2.041071e+01,2.053649e+01,2.045266e+01,2.047362e+01,2.050157e+01,2.045266e+01,2.070394e+01,2.043868e+01,2.048061e+01,2.053649e+01,2.042470e+01,2.059932e+01,2.052252e+01,2.045964e+01,2.054347e+01,2.027078e+01,2.044567e+01,2.048061e+01,2.045964e+01,2.043169e+01,2.036176e+01,2.050855e+01,2.048759e+01,2.038974e+01,2.045266e+01,2.045964e+01,2.036176e+01,2.043169e+01,2.045266e+01,2.045964e+01,2.050157e+01,2.042470e+01,2.038974e+01,2.043169e+01,2.048759e+01,2.038274e+01,2.041770e+01,2.041071e+01,2.041071e+01,2.041071e+01,2.050855e+01,2.043169e+01,2.041071e+01,2.052950e+01,2.034777e+01,2.036875e+01,2.043868e+01,2.042470e+01,2.037575e+01,2.043169e+01,2.041770e+01,2.047362e+01,2.057140e+01,2.029878e+01,2.035476e+01,2.047362e+01,2.034077e+01,2.036875e+01,2.039673e+01,2.033377e+01,2.045964e+01,2.040372e+01,2.039673e+01,2.052252e+01,2.034077e+01,2.041071e+01,2.034777e+01,2.034077e+01,2.036875e+01,2.038974e+01,2.033377e+01,2.039673e+01,2.039673e+01,2.040372e+01,2.040372e+01,2.033377e+01,2.039673e+01,2.036176e+01,2.044567e+01,2.034077e+01,2.044567e+01,2.038974e+01,2.034077e+01,2.043868e+01,2.043169e+01,2.041770e+01,2.021475e+01,2.045964e+01,2.047362e+01,2.030578e+01,2.038274e+01,2.034077e+01,2.059932e+01,2.043868e+01,2.038274e+01,2.038274e+01,2.047362e+01,2.034077e+01,2.036176e+01,2.034077e+01,2.033377e+01,2.045266e+01,2.043868e+01,2.036176e+01,2.045964e+01,2.048759e+01,2.049458e+01,2.031978e+01,2.038974e+01,2.045964e+01,2.036176e+01,2.029878e+01,2.041071e+01,2.035476e+01,2.048061e+01,2.034077e+01,2.038274e+01,2.040372e+01,2.035476e+01,2.031978e+01,2.047362e+01,2.044567e+01,2.038274e+01,2.029878e+01,2.038274e+01,2.039673e+01,2.029878e+01,2.029878e+01,2.041770e+01,2.029178e+01,2.032678e+01,2.033377e+01,2.025677e+01,2.030578e+01,2.040372e+01,2.032678e+01,2.031278e+01,2.034777e+01,2.035476e+01,2.022876e+01,2.034077e+01,2.036875e+01,2.048061e+01,2.036176e+01,2.011663e+01
2.038974e+01,2.034777e+01,2.041770e+01,2.043868e+01,2.039673e+01,2.036875e+01,2.032678e+01,2.045964e+01,2.035476e+01,2.061327e+01,2.032678e+01,2.050157e+01,2.041770e+01,2.037575e+01,2.039673e+01,2.041071e+01,2.055045e+01,2.057838e+01,2.051554e+01,2.077363e+01,2.087112e+01,2.159239e+01,2.161312e+01,2.132252e+01,2.162003e+01,2.145408e+01,2.166838e+01,2.170290e+01,2.245259e+01,2.323085e+01,2.249370e+01,2.193045e+01,2.177881e+01,2.170290e+01,2.187534e+01,2.183398e+01,2.182019e+01,2.177191e+01,2.240461e+01,2.280832e+01,2.219872e+01,2.157857e+01,2.121852e+01,2.161312e+01,2.153709e+01,2.175121e+01,2.191668e+01,2.242517e+01,2.274000e+01,2.333281e+01,2.279465e+01,2.266480e+01,2.158548e+01,2.166147e+01,2.144716e+01,2.136408e+01,2.123240e+01,2.164766e+01,2.154400e+01,2.124627e+01,2.146100e+01,2.158548e+01,2.193734e+01,2.184087e+01,2.153709e+01,2.139871e+01,2.126707e+01,2.113526e+01,2.138486e+01,2.132944e+01,2.128093e+01,2.128093e+01,2.166838e+01,2.195800e+01,2.190979e+01,2.148868e+01,2.155783e+01,2.155783e+01,2.125320e+01,2.111443e+01,2.111443e+01,2.096156e+01,2.105887e+01,2.115608e+01,2.109360e+01,2.103107e+01,2.107971e+01,2.099632e+01,2.107971e+01,2.105192e+01,2.114220e+01,2.143332e+01,2.116302e+01,2.117690e+01,2.137101e+01,2.137793e+01,2.119078e+01,2.105887e+01,2.103802e+01,2.106581e+01,2.130865e+01,2.153017e+01,2.194423e+01,2.195800e+01,2.148868e+01,2.182019e+01,2.191668e+01,2.216437e+01,2.185466e+01,2.141948e+01,2.122546e+01,2.126707e+01,2.159930e+01,2.144024e+01,2.284928e+01,2.255533e+01,2.174431e+01,2.094765e+01,2.048759e+01,2.044567e+01,2.048061e+01,2.041071e+01,2.036875e+01,2.038274e+01,2.036875e+01,2.036875e+01,2.050157e+01,2.047362e+01,2.043169e+01,2.044567e+01,2.045266e+01,2.055743e+01,2.040372e+01,2.046663e+01,2.043868e+01,2.043868e+01,2.049458e+01,2.041770e+01,2.042470e+01,2.044567e+01,2.043868e+01,2.062025e+01,2.039673e+01,2.037575e+01,2.036875e+01,2.044567e+01,2.042470e+01,2.037575e+01,2.036875e+01,2.041770e+01,2.050855e+01,2.041071e+01,2.045964e+01,2.041770e+01,2.043169e+01,2.043169e+01,2.047362e+01,2.040372e+01,2.041071e+01,2.045266e+01,2.035476e+01,2.043169e+01,2.037575e+01,2.046663e+01,2.039673e+01,2.048061e+01,2.052950e+01,2.034777e+01,2.029178e+01,2.029878e+01,2.047362e+01,2.039673e+01,2.036176e+01,2.043868e+01,2.041071e+01,2.038274e+01,2.043868e+01,2.037575e+01,2.019373e+01,2.038274e+01,2.038274e+01,2.041071e+01,2.043868e+01,2.034077e+01,2.028478e+01,2.037575e+01,2.037575e+01,2.036176e+01,2.034777e+01,2.031278e+01,2.042470e+01,2.049458e+01,2.035476e+01,2.036875e+01,2.048759e+01,2.038274e+01,2.034077e+01,2.045964e+01,2.037575e+01,2.044567e+01,2.034777e+01,2.040372e+01,2.032678e+01,2.031278e+01,2.038274e+01,2.035476e+01,2.029878e+01,2.027078e+01,2.033377e+01,2.043868e+01,2.041770e+01,2.043868e+01,2.036176e+01,2.052950e+01,2.042470e+01,2.038974e+01,2.048759e+01,2.034077e+01,2.038974e+01,2.052950e+01,2.037575e+01,2.033377e+01,2.036176e+01,2.030578e+01,2.029178e+01,2.036176e+01,2.038974e+01,2.036176e+01,2.037575e+01,2.045964e+01,2.049458e+01,2.049458e+01,2.027778e+01,2.041770e+01,2.040372e+01,2.026378e+01,2.041770e+01,2.041770e+01,2.036176e+01,2.041071e+01,2.043169e+01,2.038274e+01,2.038274e+01,2.040372e+01,2.034777e+01,2.039673e+01,2.050157e+01,2.038274e+01,2.041071e+01,2.039673e+01,2.035476e+01,2.035476e+01,2.039673e+01,2.032678e+01,2.029178e+01,2.035476e+01,2.040372e+01,2.031978e+01,2.026378e+01,2.033377e+01,2.032678e+01,2.034777e+01,2.011663e+01,1.961047e+01,1.933522e+01,1.923623e+01,1.927867e+01,1.929281e+01,1.915838e+01,1.914422e+01,1.904504e+01,1.914422e+01,1.902378e+01,1.901669e+01,1.904504e+01,1.902378e+01,1.902378e+01,1.902378e+01,1.907339e+01,1.903795e+01,1.897414e+01,1.905213e+01,1.911590e+01,1.913006e+01,1.903795e+01,1.910173e+01,1.907339e+01,1.917254e+01,1.909464e+01,1.907339e+01,1.910173e+01,1.912298e+01,1.923623e+01,1.903795e+01,1.895286e+01,1.911590e+01,1.915130e+01,1.905213e+01,1.927160e+01,1.934229e+01,1.947647e+01,1.973725e+01,1.961751e+01,1.983574e+01,1.999033e+01,1.994117e+01,1.979354e+01,1.951175e+01,1.934229e+01,1.919378e+01,1.913006e+01,1.916546e+01,1.913714e+01,1.913006e+01,1.888899e+01,1.886769e+01,1.871847e+01,1.882508e+01,1.873980e+01,1.874691e+01,1.872558e+01,1.893867e+01,1.878245e+01,1.891738e+01,1.898123e+01,1.893867e+01,1.897414e+01,1.891738e+01,1.913006e+01,1.913006e+01,1.915130e+01,1.914422e+01,1.922208e+01,1.929281e+01,1.941293e+01,1.943411e+01,1.929281e+01,1.944118e+01,1.940587e+01,1.967388e+01,1.999033e+01,2.030578e+01,2.033377e+01,2.039673e+01,2.038274e+01,2.033377e+01,2.035476e+01,2.041071e+01,2.038274e+01,2.066908e+01,2.036875e+01,2.040372e+01,2.040372e+01,2.041770e+01,2.038274e+01,2.043868e+01,2.038274e+01,2.040372e+01,2.043868e+01,2.041770e+01,2.039673e+01,2.041071e+01,2.043169e+01,2.041071e+01,2.043169e+01,2.046663e+01,2.036875e+01,2.041770e+01,2.038974e+01,2.037575e+01,2.038274e+01,2.042470e+01,2.034777e+01,2.038974e+01,2.034777e+01,2.034077e+01,2.037575e+01,2.039673e+01,2.041770e+01,2.048759e+01,2.036875e+01,2.037575e+01,2.041071e+01,2.036875e+01,2.042470e+01,2.041071e+01,2.045964e+01,2.041770e+01,2.042470e+01,2.023577e+01,2.043169e+01,2.040372e+01,2.041770e+01,2.045266e+01,2.041071e+01,2.043169e+01,2.040372e+01,2.043169e+01,2.045266e+01,2.042470e+01,2.048061e+01,2.062025e+01,2.045964e+01,2.048759e+01,2.043868e+01,2.046663e+01,2.054347e+01,2.041770e+01,2.048759e+01,2.062723e+01,2.043868e+01,2.048061e+01,2.054347e+01,2.048061e+01,2.059234e+01,2.056442e+01,2.052252e+01,2.043868e+01,2.059932e+01,2.060629e+01,2.044567e+01,2.044567e+01,2.064118e+01,2.060629e+01,2.056442e+01,2.057838e+01,2.046663e+01,2.055743e+01,2.057140e+01,2.057140e+01,2.054347e+01,2.057838e+01,2.043169e+01,2.054347e+01,2.052950e+01,2.063420e+01,2.057838e+01,2.057140e+01,2.052950e+01,2.059234e+01,2.066908e+01,2.064118e+01,2.050157e+01,2.046663e+01,2.057140e+01,2.063420e+01,2.052950e+01,2.050157e+01,2.054347e+01,2.061327e+01,2.050157e+01,2.061327e+01,2.060629e+01,2.055743e+01,2.050157e+01,2.059234e+01,2.057140e+01,2.061327e+01,2.050855e+01,2.050855e+01,2.057838e+01,2.055045e+01,2.045964e+01,2.057838e+01,2.050855e+01,2.059932e+01,2.059234e+01,2.057140e+01,2.058536e+01,2.053649e+01,2.055045e+01,2.055045e+01,2.052950e+01,2.051554e+01,2.048061e+01,2.067605e+01,2.052950e+01,2.045964e+01,2.049458e+01,2.048061e+01,2.045964e+01,2.044567e+01,2.058536e+01,2.053649e+01,2.055045e+01,2.057140e+01,2.040372e+01,2.057838e+01,2.045266e+01,2.047362e+01,2.054347e+01,2.046663e+01,2.048061e+01,2.041071e+01,2.056442e+01,2.048759e+01,2.046663e+01,2.045266e+01,2.048759e+01,2.048759e+01,2.044567e+01,2.059234e+01,2.050855e+01,2.050157e+01,2.051554e+01,2.047362e+01,2.046663e+01,2.045266e+01,2.043169e+01,2.052950e+01,2.047362e+01,2.039673e+01,2.043169e+01,2.042470e+01,2.043868e+01,2.043169e+01,2.039673e+01,2.050855e+01,2.049458e+01,2.050157e+01,2.050157e+01,2.036176e+01,2.041071e+01,2.053649e+01,2.038274e+01,2.053649e+01,2.041770e+01,2.046663e+01,2.045964e+01,2.037575e+01,2.049458e+01,2.047362e+01,2.041071e+01,2.042470e+01,2.035476e+01,2.041770e+01,2.042470e+01,2.048759e+01,2.050855e+01,2.037575e+01,2.048759e+01,2.034077e+01,2.041770e+01,2.036176e+01,2.057838e+01,2.039673e+01,2.043868e+01,2.036875e+01,2.037575e+01,2.032678e+01,2.035476e+01,2.032678e+01,2.035476e+01,2.032678e+01,2.034777e+01,2.038274e+01,2.020774e+01,2.037575e+01,2.048759e+01,2.044567e+01,2.041071e+01,2.033377e+01,2.046663e+01,2.038274e+01,2.032678e+01,2.042470e+01,2.031978e+01,2.036176e+01,2.033377e+01,2.036176e+01,2.037575e+01,2.037575e+01,2.038274e+01,2.029178e+01,2.027078e+01,2.043868e+01,2.034077e+01,2.037575e+01,2.036176e+01,2.036176e+01,2.030578e+01,2.028478e+01,2.029178e+01,2.026378e+01,2.037575e+01,2.034777e+01,2.038274e+01,2.045964e+01,2.036176e+01,2.049458e+01,2.035476e+01,2.030578e+01,2.029878e+01,2.025677e+01,2.042470e+01,2.032678e+01,2.048061e+01,2.048061e+01,2.048061e+01,2.028478e+01,2.045266e+01,2.022176e+01,2.042470e+01,2.036176e+01,2.037575e+01,2.036176e+01,2.040372e+01,2.039673e+01,2.038974e+01,2.048061e+01,2.032678e+01,2.034077e+01,2.027078e+01,2.020074e+01,2.034777e+01,2.041770e+01,2.024277e+01,2.036176e+01,2.034077e+01,2.040372e+01,2.027778e+01,2.040372e+01,2.035476e+01,2.041071e+01,2.035476e+01,2.041770e+01,2.029878e+01,2.033377e+01,2.023577e+01,2.034077e+01,2.030578e+01,2.032678e+01,2.025677e+01,2.037575e+01,2.025677e+01,2.020774e+01,2.016570e+01,2.022876e+01,2.029878e+01,2.012364e+01
2.048061e+01,2.035476e+01,2.028478e+01,2.036875e+01,2.036176e+01,2.035476e+01,2.043868e+01,2.038974e+01,2.058536e+01,2.041770e+01,2.031278e+01,2.041071e+01,2.040372e+01,2.046663e+01,2.058536e+01,2.038274e+01,2.056442e+01,2.057140e+01,2.062723e+01,2.075273e+01,2.138486e+01,2.196489e+01,2.186155e+01,2.135023e+01,2.141255e+01,2.166147e+01,2.152326e+01,2.160621e+01,2.223307e+01,2.250055e+01,2.193045e+01,2.159239e+01,2.150943e+01,2.150251e+01,2.178571e+01,2.197865e+01,2.173051e+01,2.179950e+01,2.179950e+01,2.212313e+01,2.184776e+01,2.155092e+01,2.119078e+01,2.121159e+01,2.137101e+01,2.161312e+01,2.159239e+01,2.173741e+01,2.192356e+01,2.172361e+01,2.147484e+01,2.142640e+01,2.165457e+01,2.162694e+01,2.144024e+01,2.178571e+01,2.206124e+01,2.208187e+01,2.209563e+01,2.152326e+01,2.151634e+01,2.151634e+01,2.179260e+01,2.179950e+01,2.195111e+01,2.153017e+01,2.130865e+01,2.114914e+01,2.103802e+01,2.132944e+01,2.113526e+01,2.098242e+01,2.123933e+01,2.131559e+01,2.153017e+01,2.126013e+01,2.153709e+01,2.126013e+01,2.127400e+01,2.101718e+01,2.098937e+01,2.097547e+01,2.098937e+01,2.073879e+01,2.075970e+01,2.107276e+01,2.173741e+01,2.122546e+01,2.110748e+01,2.112137e+01,2.121852e+01,2.123933e+01,2.112137e+01,2.110054e+01,2.121852e+01,2.160621e+01,2.137793e+01,2.134330e+01,2.111443e+01,2.152326e+01,2.196489e+01,2.195111e+01,2.196489e+01,2.198554e+01,2.221246e+01,2.201995e+01,2.153017e+01,2.126013e+01,2.131559e+01,2.132252e+01,2.130173e+01,2.137101e+01,2.148868e+01,2.203372e+01,2.267848e+01,2.186155e+01,2.094070e+01,2.052950e+01,2.045964e+01,2.046663e+01,2.048061e+01,2.038974e+01,2.036176e+01,2.057140e+01,2.034077e+01,2.049458e+01,2.034077e+01,2.043868e+01,2.044567e+01,2.045266e+01,2.045266e+01,2.042470e+01,2.043169e+01,2.046663e+01,2.047362e+01,2.045964e+01,2.047362e+01,2.043169e+01,2.034077e+01,2.041071e+01,2.055045e+01,2.039673e+01,2.045964e+01,2.039673e+01,2.040372e+01,2.041770e+01,2.047362e+01,2.043868e+01,2.040372e+01,2.036875e+01,2.048061e+01,2.045266e+01,2.045964e+01,2.039673e+01,2.049458e+01,2.036176e+01,2.041071e+01,2.036875e+01,2.049458e+01,2.039673e+01,2.044567e+01,2.047362e+01,2.043868e+01,2.038974e+01,2.051554e+01,2.045964e+01,2.045266e+01,2.038274e+01,2.041770e+01,2.045964e+01,2.040372e+01,2.037575e+01,2.044567e+01,2.044567e+01,2.045964e+01,2.048759e+01,2.043169e+01,2.036176e+01,2.036875e+01,2.036176e+01,2.045964e+01,2.041770e+01,2.047362e+01,2.046663e+01,2.046663e+01,2.037575e+01,2.041770e+01,2.036176e+01,2.034077e+01,2.034777e+01,2.037575e+01,2.036176e+01,2.042470e+01,2.038274e+01,2.038274e+01,2.045266e+01,2.041770e+01,2.036176e+01,2.048759e+01,2.048061e+01,2.024277e+01,2.046663e+01,2.041770e+01,2.036176e+01,2.036176e+01,2.031278e+01,2.034077e+01,2.041770e+01,2.032678e+01,2.043868e+01,2.039673e+01,2.037575e+01,2.034777e+01,2.037575e+01,2.038274e+01,2.038274e+01,2.036176e+01,2.036875e+01,2.043868e+01,2.041071e+01,2.034777e+01,2.026378e+01,2.041770e+01,2.041770e+01,2.025677e+01,2.042470e+01,2.043169e+01,2.038274e+01,2.038274e+01,2.040372e+01,2.034777e+01,2.030578e+01,2.031278e+01,2.031978e+01,2.036176e+01,2.038974e+01,2.038974e+01,2.040372e+01,2.042470e+01,2.043868e+01,2.043169e+01,2.034777e+01,2.038274e+01,2.036875e+01,2.037575e+01,2.045266e+01,2.045266e+01,2.036875e+01,2.036875e+01,2.036875e+01,2.037575e+01,2.039673e+01,2.034777e+01,2.054347e+01,2.019373e+01,2.044567e+01,2.043868e+01,2.024277e+01,2.032678e+01,2.029878e+01,2.031978e+01,2.032678e+01,2.013065e+01,1.956817e+01,1.961751e+01,1.949764e+01,1.922916e+01,1.922916e+01,1.917254e+01,1.916546e+01,1.921501e+01,1.925745e+01,1.921501e+01,1.902378e+01,1.904504e+01,1.899541e+01,1.915838e+01,1.905213e+01,1.905922e+01,1.898123e+01,1.922208e+01,1.910173e+01,1.909464e+01,1.905922e+01,1.908756e+01,1.916546e+01,1.920793e+01,1.905922e+01,1.910173e+01,1.923623e+01,1.910173e+01,1.913006e+01,1.912298e+01,1.919378e+01,1.914422e+01,1.915130e+01,1.927867e+01,1.942705e+01,1.944823e+01,1.942705e+01,1.953291e+01,1.969500e+01,1.972317e+01,1.993414e+01,1.989901e+01,2.007454e+01,2.010961e+01,2.006051e+01,1.977243e+01,1.953291e+01,1.935642e+01,1.927160e+01,1.917254e+01,1.905922e+01,1.903087e+01,1.892448e+01,1.886059e+01,1.887479e+01,1.881087e+01,1.880376e+01,1.892448e+01,1.893867e+01,1.894576e+01,1.873980e+01,1.883218e+01,1.890318e+01,1.893867e+01,1.887479e+01,1.900251e+01,1.911590e+01,1.915130e+01,1.910881e+01,1.911590e+01,1.918670e+01,1.920085e+01,1.929988e+01,1.945529e+01,1.941293e+01,1.943411e+01,1.961047e+01,1.964570e+01,2.011663e+01,2.029178e+01,2.043169e+01,2.041770e+01,2.038274e+01,2.031978e+01,2.038974e+01,2.041071e+01,2.044567e+01,2.042470e+01,2.041071e+01,2.039673e+01,2.041071e+01,2.038974e+01,2.047362e+01,2.048061e+01,2.051554e+01,2.043868e+01,2.044567e+01,2.047362e+01,2.035476e+01,2.041071e+01,2.043868e+01,2.046663e+01,2.041770e+01,2.039673e+01,2.027078e+01,2.031278e+01,2.032678e+01,2.038974e+01,2.037575e+01,2.031978e+01,2.040372e+01,2.034077e+01,2.043868e+01,2.036176e+01,2.045266e+01,2.032678e+01,2.022176e+01,2.048759e+01,2.047362e+01,2.038274e+01,2.051554e+01,2.032678e+01,2.032678e+01,2.050157e+01,2.050855e+01,2.053649e+01,2.045964e+01,2.040372e+01,2.042470e+01,2.044567e+01,2.043169e+01,2.038974e+01,2.042470e+01,2.041071e+01,2.049458e+01,2.052252e+01,2.047362e+01,2.045964e+01,2.064816e+01,2.048759e+01,2.061327e+01,2.043169e+01,2.043868e+01,2.059932e+01,2.042470e+01,2.043169e+01,2.048061e+01,2.048759e+01,2.054347e+01,2.054347e+01,2.054347e+01,2.052950e+01,2.058536e+01,2.060629e+01,2.049458e+01,2.051554e+01,2.047362e+01,2.045266e+01,2.043868e+01,2.048061e+01,2.062025e+01,2.048061e+01,2.056442e+01,2.058536e+01,2.057838e+01,2.050157e+01,2.052252e+01,2.056442e+01,2.057838e+01,2.047362e+01,2.053649e+01,2.052950e+01,2.052950e+01,2.051554e+01,2.053649e+01,2.047362e+01,2.047362e+01,2.063420e+01,2.057838e+01,2.055045e+01,2.058536e+01,2.050157e+01,2.053649e+01,2.055743e+01,2.053649e+01,2.054347e+01,2.062723e+01,2.061327e+01,2.063420e+01,2.051554e+01,2.064118e+01,2.057838e+01,2.057140e+01,2.055045e+01,2.051554e+01,2.057140e+01,2.054347e+01,2.062025e+01,2.059932e+01,2.053649e+01,2.055743e+01,2.055743e+01,2.051554e+01,2.048759e+01,2.048759e+01,2.038274e+01,2.054347e+01,2.059234e+01,2.052252e+01,2.050157e+01,2.051554e+01,2.050855e+01,2.046663e+01,2.048759e+01,2.050855e+01,2.043868e+01,2.062025e+01,2.057838e+01,2.058536e+01,2.030578e+01,2.055743e+01,2.058536e+01,2.048759e+01,2.053649e+01,2.048061e+01,2.054347e+01,2.054347e+01,2.045266e+01,2.059932e+01,2.055045e+01,2.051554e+01,2.056442e+01,2.051554e+01,2.052950e+01,2.045266e+01,2.047362e+01,2.054347e+01,2.057838e+01,2.052950e+01,2.049458e+01,2.055743e+01,2.046663e+01,2.044567e+01,2.059932e+01,2.062025e+01,2.047362e+01,2.045266e+01,2.038274e+01,2.050855e+01,2.040372e+01,2.041770e+01,2.048061e+01,2.046663e+01,2.049458e+01,2.048061e+01,2.050855e+01,2.049458e+01,2.035476e+01,2.048061e+01,2.054347e+01,2.041071e+01,2.052950e+01,2.047362e+01,2.036875e+01,2.036176e+01,2.044567e+01,2.043169e+01,2.045964e+01,2.044567e+01,2.041770e+01,2.050855e+01,2.048061e+01,2.048061e+01,2.035476e+01,2.032678e+01,2.036176e+01,2.055743e+01,2.036875e+01,2.034077e+01,2.039673e+01,2.040372e+01,2.036875e+01,2.039673e+01,2.049458e+01,2.037575e+01,2.037575e+01,2.059932e+01,2.036875e+01,2.045266e+01,2.014467e+01,2.034077e+01,2.033377e+01,2.038974e+01,2.052950e+01,2.036875e+01,2.045964e+01,2.033377e+01,2.038974e+01,2.033377e+01,2.045266e+01,2.034077e+01,2.032678e+01,2.036176e+01,2.048061e+01,2.048061e+01,2.041770e+01,2.050157e+01,2.035476e+01,2.036875e+01,2.037575e+01,2.043169e+01,2.039673e+01,2.043169e+01,2.034077e+01,2.029178e+01,2.039673e+01,2.034777e+01,2.034077e+01,2.050157e+01,2.036176e+01,2.032678e+01,2.043169e+01,2.038274e+01,2.039673e+01,2.034777e+01,2.031278e+01,2.032678e+01,2.036875e+01,2.030578e+01,2.041071e+01,2.045964e+01,2.039673e+01,2.029878e+01,2.030578e+01,2.036875e+01,2.027078e+01,2.045964e+01,2.033377e+01,2.043169e+01,2.036875e+01,2.046663e+01,2.031978e+01,2.037575e+01,2.047362e+01,2.037575e+01,2.024977e+01,2.043169e+01,2.034077e+01,2.036176e+01,2.034077e+01,2.042470e+01,2.042470e+01,2.037575e+01,2.027078e+01,2.046663e+01,2.033377e+01,2.036176e+01,2.020074e+01,2.032678e+01,2.041071e+01,2.025677e+01,2.031978e+01,2.031978e+01,2.042470e+01,2.036875e+01,2.042470e+01,2.034077e+01,2.029178e+01,2.036176e+01,2.023577e+01,2.027778e+01,2.026378e+01,2.021475e+01,2.018673e+01,2.023577e+01,2.029878e+01,2.013065e+01
2.051554e+01,2.034077e+01,2.028478e+01,2.031278e+01,2.032678e+01,2.038274e+01,2.038274e+01,2.038974e+01,2.041071e+01,2.038274e+01,2.032678e+01,2.042470e+01,2.059932e+01,2.046663e+01,2.037575e+01,2.045964e+01,2.056442e+01,2.061327e+01,2.068303e+01,2.069000e+01,2.155783e+01,2.162694e+01,2.168219e+01,2.132252e+01,2.138486e+01,2.144024e+01,2.193734e+01,2.221246e+01,2.178571e+01,2.194423e+01,2.188912e+01,2.150251e+01,2.148868e+01,2.148868e+01,2.152326e+01,2.165457e+01,2.195111e+01,2.241146e+01,2.179260e+01,2.149559e+01,2.142640e+01,2.141948e+01,2.135023e+01,2.137101e+01,2.119771e+01,2.141948e+01,2.159239e+01,2.204748e+01,2.168219e+01,2.153017e+01,2.175811e+01,2.150251e+01,2.124627e+01,2.144716e+01,2.184087e+01,2.193734e+01,2.179950e+01,2.192356e+01,2.210938e+01,2.182019e+01,2.168219e+01,2.168219e+01,2.182708e+01,2.228799e+01,2.184087e+01,2.227426e+01,2.150251e+01,2.132944e+01,2.133637e+01,2.112137e+01,2.118384e+01,2.096156e+01,2.101023e+01,2.095461e+01,2.126013e+01,2.170290e+01,2.134330e+01,2.101023e+01,2.090592e+01,2.091983e+01,2.071789e+01,2.072486e+01,2.075273e+01,2.075273e+01,2.076667e+01,2.074576e+01,2.100327e+01,2.109360e+01,2.114220e+01,2.107971e+01,2.143332e+01,2.123933e+01,2.108665e+01,2.110054e+01,2.120465e+01,2.159239e+01,2.139871e+01,2.164766e+01,2.173741e+01,2.159930e+01,2.137101e+01,2.148176e+01,2.166147e+01,2.182708e+01,2.295162e+01,2.222620e+01,2.148868e+01,2.112831e+01,2.112831e+01,2.132252e+01,2.130173e+01,2.128786e+01,2.155092e+01,2.266480e+01,2.308792e+01,2.152326e+01,2.063420e+01,2.055743e+01,2.047362e+01,2.039673e+01,2.036875e+01,2.039673e+01,2.047362e+01,2.043169e+01,2.048061e+01,2.047362e+01,2.039673e+01,2.034777e+01,2.036176e+01,2.045964e+01,2.047362e+01,2.046663e+01,2.041770e+01,2.048759e+01,2.038974e+01,2.041071e+01,2.043169e+01,2.043868e+01,2.043868e+01,2.045964e+01,2.041770e+01,2.043169e+01,2.042470e+01,2.038274e+01,2.049458e+01,2.047362e+01,2.038974e+01,2.031978e+01,2.029178e+01,2.041770e+01,2.044567e+01,2.048759e+01,2.041071e+01,2.044567e+01,2.050157e+01,2.028478e+01,2.042470e+01,2.054347e+01,2.032678e+01,2.050157e+01,2.049458e+01,2.045266e+01,2.025677e+01,2.044567e+01,2.045266e+01,2.043169e+01,2.038974e+01,2.042470e+01,2.037575e+01,2.045266e+01,2.043868e+01,2.038274e+01,2.015168e+01,2.034777e+01,2.043868e+01,2.037575e+01,2.036875e+01,2.037575e+01,2.037575e+01,2.040372e+01,2.038974e+01,2.041770e+01,2.038974e+01,2.037575e+01,2.046663e+01,2.039673e+01,2.038274e+01,2.038274e+01,2.035476e+01,2.036875e+01,2.033377e+01,2.034077e+01,2.034077e+01,2.031278e+01,2.034077e+01,2.036176e+01,2.027078e+01,2.038274e+01,2.040372e+01,2.041770e+01,2.027078e+01,2.031278e+01,2.034077e+01,2.033377e+01,2.027778e+01,2.035476e+01,2.029878e+01,2.028478e+01,2.036176e+01,2.031278e+01,2.034777e+01,2.041071e+01,2.029878e+01,2.038274e+01,2.038974e+01,2.038274e+01,2.038274e+01,2.036176e+01,2.034777e+01,2.043868e+01,2.041770e+01,2.032678e+01,2.043868e+01,2.038974e+01,2.038274e+01,2.032678e+01,2.040372e+01,2.036176e+01,2.043868e+01,2.036176e+01,2.034777e+01,2.040372e+01,2.029878e+01,2.030578e+01,2.041071e+01,2.040372e+01,2.038274e+01,2.028478e+01,2.036176e+01,2.039673e+01,2.042470e+01,2.041770e+01,2.036875e+01,2.036875e+01,2.034777e+01,2.036176e+01,2.041770e+01,2.034777e+01,2.038974e+01,2.038274e+01,2.035476e+01,2.041770e+01,2.029878e+01,2.036875e+01,2.025677e+01,2.031278e+01,2.036176e+01,2.028478e+01,2.044567e+01,2.038274e+01,2.025677e+01,2.027078e+01,2.025677e+01,1.982871e+01,1.949764e+01,1.947647e+01,1.946235e+01,1.937055e+01,1.922916e+01,1.920793e+01,1.918670e+01,1.921501e+01,1.920085e+01,1.908047e+01,1.900960e+01,1.904504e+01,1.903795e+01,1.905213e+01,1.906630e+01,1.911590e+01,1.910173e+01,1.913714e+01,1.913714e+01,1.905213e+01,1.910881e+01,1.908756e+01,1.903795e+01,1.906630e+01,1.918670e+01,1.920085e+01,1.914422e+01,1.931402e+01,1.910173e+01,1.931402e+01,1.925038e+01,1.927160e+01,1.928574e+01,1.927867e+01,1.923623e+01,1.943411e+01,1.949058e+01,1.978650e+01,1.984980e+01,1.992009e+01,2.006753e+01,2.005350e+01,2.024277e+01,2.027778e+01,2.011663e+01,1.989901e+01,1.961047e+01,1.950469e+01,1.929281e+01,1.901669e+01,1.902378e+01,1.898832e+01,1.898832e+01,1.878955e+01,1.871847e+01,1.878955e+01,1.893157e+01,1.887479e+01,1.879666e+01,1.878245e+01,1.880376e+01,1.866867e+01,1.881087e+01,1.887479e+01,1.883928e+01,1.905922e+01,1.883218e+01,1.908047e+01,1.911590e+01,1.921501e+01,1.914422e+01,1.930695e+01,1.942705e+01,1.955407e+01,1.945529e+01,1.945529e+01,1.947647e+01,1.966683e+01,2.019373e+01,2.026378e+01,2.031278e+01,2.044567e+01,2.043868e+01,2.043868e+01,2.041071e+01,2.041071e+01,2.043868e+01,2.042470e+01,2.038974e+01,2.048759e+01,2.034077e+01,2.043868e+01,2.048061e+01,2.034077e+01,2.042470e+01,2.033377e+01,2.040372e+01,2.038274e+01,2.028478e+01,2.040372e+01,2.043169e+01,2.047362e+01,2.046663e+01,2.040372e+01,2.037575e+01,2.040372e+01,2.038274e+01,2.034777e+01,2.041071e+01,2.040372e+01,2.035476e+01,2.036875e+01,2.043868e+01,2.041071e+01,2.035476e+01,2.025677e+01,2.038274e+01,2.044567e+01,2.032678e+01,2.044567e+01,2.045266e+01,2.040372e+01,2.049458e+01,2.045266e+01,2.048061e+01,2.044567e+01,2.045964e+01,2.043169e+01,2.045266e+01,2.051554e+01,2.041071e+01,2.048061e+01,2.041071e+01,2.042470e+01,2.055045e+01,2.045964e+01,2.057838e+01,2.048759e+01,2.048061e+01,2.043169e+01,2.048759e+01,2.036875e+01,2.031278e+01,2.045266e+01,2.054347e+01,2.036176e+01,2.045964e+01,2.049458e+01,2.047362e+01,2.048061e+01,2.045266e+01,2.052950e+01,2.062723e+01,2.046663e+01,2.057838e+01,2.048061e+01,2.053649e+01,2.053649e+01,2.043169e+01,2.058536e+01,2.056442e+01,2.051554e+01,2.050157e+01,2.053649e+01,2.060629e+01,2.048759e+01,2.053649e+01,2.048061e+01,2.058536e+01,2.045266e+01,2.057140e+01,2.053649e+01,2.059234e+01,2.059932e+01,2.059234e+01,2.048759e+01,2.045266e+01,2.050157e+01,2.047362e+01,2.055743e+01,2.049458e+01,2.051554e+01,2.057838e+01,2.053649e+01,2.056442e+01,2.057140e+01,2.057140e+01,2.057140e+01,2.057838e+01,2.047362e+01,2.052252e+01,2.057140e+01,2.060629e+01,2.051554e+01,2.055045e+01,2.050157e+01,2.060629e+01,2.054347e+01,2.047362e+01,2.052950e+01,2.062025e+01,2.059932e+01,2.049458e+01,2.050855e+01,2.064118e+01,2.055045e+01,2.059932e+01,2.057140e+01,2.049458e+01,2.049458e+01,2.064816e+01,2.048061e+01,2.053649e+01,2.062025e+01,2.053649e+01,2.056442e+01,2.052950e+01,2.050855e+01,2.059234e+01,2.050855e+01,2.052950e+01,2.055743e+01,2.051554e+01,2.048061e+01,2.054347e+01,2.053649e+01,2.049458e+01,2.041770e+01,2.045266e+01,2.048061e+01,2.047362e+01,2.048061e+01,2.044567e+01,2.048061e+01,2.053649e+01,2.046663e+01,2.048759e+01,2.054347e+01,2.049458e+01,2.034077e+01,2.050855e+01,2.042470e+01,2.065513e+01,2.047362e+01,2.042470e+01,2.039673e+01,2.042470e+01,2.039673e+01,2.048061e+01,2.041770e+01,2.040372e+01,2.045266e+01,2.036176e+01,2.045964e+01,2.043169e+01,2.052950e+01,2.039673e+01,2.049458e+01,2.048759e+01,2.051554e+01,2.055743e+01,2.052950e+01,2.022876e+01,2.035476e+01,2.050157e+01,2.038274e+01,2.038274e+01,2.044567e+01,2.036875e+01,2.035476e+01,2.038274e+01,2.031278e+01,2.036176e+01,2.034777e+01,2.040372e+01,2.050855e+01,2.043868e+01,2.034077e+01,2.032678e+01,2.031278e+01,2.041770e+01,2.051554e+01,2.031978e+01,2.028478e+01,2.035476e+01,2.047362e+01,2.037575e+01,2.036176e+01,2.039673e+01,2.022876e+01,2.041770e+01,2.039673e+01,2.034777e+01,2.032678e+01,2.046663e+01,2.044567e+01,2.029878e+01,2.023577e+01,2.027778e+01,2.033377e+01,2.043868e+01,2.044567e+01,2.050157e+01,2.048759e+01,2.034777e+01,2.047362e+01,2.037575e+01,2.042470e+01,2.037575e+01,2.041071e+01,2.034777e+01,2.035476e+01,2.029178e+01,2.031278e+01,2.025677e+01,2.034077e+01,2.030578e+01,2.029178e+01,2.036176e+01,2.039673e+01,2.039673e+01,2.039673e+01,2.045964e+01,2.023577e+01,2.029178e+01,2.034077e+01,2.032678e+01,2.037575e+01,2.041071e+01,2.030578e+01,2.022176e+01,2.020774e+01,2.032678e+01,2.041071e+01,2.031978e+01,2.029878e+01,2.019373e+01,2.023577e+01,2.036875e+01,2.041071e+01,2.037575e+01,2.038974e+01,2.039673e+01,2.038274e+01,2.031278e+01,2.034077e+01,2.041071e+01,2.023577e+01,2.041071e+01,2.020774e+01,2.025677e+01,2.035476e+01,2.029878e+01,2.034077e+01,2.032678e+01,2.034077e+01,2.034777e+01,2.045964e+01,2.037575e+01,2.038974e+01,2.038274e+01,2.027778e+01,2.036176e+01,2.036875e+01,2.020774e+01,2.044567e+01,2.032678e+01,2.022876e+01,2.025677e+01,2.025677e+01,2.026378e+01,2.034077e+01,2.022876e+01,2.014467e+01,2.024277e+01,2.013065e+01
2.036875e+01,2.032678e+01,2.042470e+01,2.028478e+01,2.057838e+01,2.036176e+01,2.041071e+01,2.034077e+01,2.034077e+01,2.036875e+01,2.032678e+01,2.041770e+01,2.040372e+01,2.048759e+01,2.045266e+01,2.046663e+01,2.065513e+01,2.066908e+01,2.068303e+01,2.098937e+01,2.141948e+01,2.141948e+01,2.142640e+01,2.114914e+01,2.137101e+01,2.162003e+01,2.162694e+01,2.177191e+01,2.190979e+01,2.178571e+01,2.153017e+01,2.149559e+01,2.155783e+01,2.171671e+01,2.159930e+01,2.155783e+01,2.190979e+01,2.223307e+01,2.189601e+01,2.150251e+01,2.150943e+01,2.147484e+01,2.151634e+01,2.186844e+01,2.177881e+01,2.145408e+01,2.159930e+01,2.206124e+01,2.174431e+01,2.153709e+01,2.162694e+01,2.180640e+01,2.183398e+01,2.182708e+01,2.146100e+01,2.181329e+01,2.173051e+01,2.179950e+01,2.183398e+01,2.170980e+01,2.148868e+01,2.182019e+01,2.228113e+01,2.217811e+01,2.183398e+01,2.139871e+01,2.150251e+01,2.136408e+01,2.137793e+01,2.141948e+01,2.189601e+01,2.166147e+01,2.116996e+01,2.103802e+01,2.107276e+01,2.107276e+01,2.105192e+01,2.106581e+01,2.098937e+01,2.109360e+01,2.089200e+01,2.056442e+01,2.060629e+01,2.074576e+01,2.073879e+01,2.078060e+01,2.069697e+01,2.098242e+01,2.111443e+01,2.118384e+01,2.162694e+01,2.157857e+01,2.106581e+01,2.114914e+01,2.130173e+01,2.206124e+01,2.186844e+01,2.204748e+01,2.208875e+01,2.155092e+01,2.148176e+01,2.142640e+01,2.137793e+01,2.152326e+01,2.166147e+01,2.197177e+01,2.153017e+01,2.151634e+01,2.153017e+01,2.184776e+01,2.188223e+01,2.183398e+01,2.182708e+01,2.263061e+01,2.314240e+01,2.113526e+01,2.057140e+01,2.050855e+01,2.040372e+01,2.052252e+01,2.042470e+01,2.043169e+01,2.045964e+01,2.042470e+01,2.042470e+01,2.045964e+01,2.030578e+01,2.039673e+01,2.040372e+01,2.044567e+01,2.047362e+01,2.045266e+01,2.043868e+01,2.052252e+01,2.042470e+01,2.041071e+01,2.047362e+01,2.042470e+01,2.050157e+01,2.040372e+01,2.045964e+01,2.040372e+01,2.045964e+01,2.047362e+01,2.047362e+01,2.047362e+01,2.033377e+01,2.043169e+01,2.036875e+01,2.041770e+01,2.042470e+01,2.038274e+01,2.037575e+01,2.039673e+01,2.047362e+01,2.040372e+01,2.049458e+01,2.039673e+01,2.031978e+01,2.047362e+01,2.038274e+01,2.046663e+01,2.053649e+01,2.043169e+01,2.034077e+01,2.039673e+01,2.029178e+01,2.048759e+01,2.034077e+01,2.045964e+01,2.034077e+01,2.034077e+01,2.033377e+01,2.040372e+01,2.037575e+01,2.039673e+01,2.039673e+01,2.042470e+01,2.038974e+01,2.038274e+01,2.043169e+01,2.043868e+01,2.042470e+01,2.034777e+01,2.042470e+01,2.041770e+01,2.043868e+01,2.034777e+01,2.032678e+01,2.033377e+01,2.036176e+01,2.027078e+01,2.034077e+01,2.032678e+01,2.034777e+01,2.030578e+01,2.040372e+01,2.039673e+01,2.029178e+01,2.043169e+01,2.033377e+01,2.028478e+01,2.033377e+01,2.041071e+01,2.034777e+01,2.030578e+01,2.030578e+01,2.030578e+01,2.018673e+01,2.024277e+01,2.037575e+01,2.041770e+01,2.033377e+01,2.039673e+01,2.036875e+01,2.036176e+01,2.045266e+01,2.041071e+01,2.038974e+01,2.042470e+01,2.043169e+01,2.034777e+01,2.035476e+01,2.036875e+01,2.035476e+01,2.038974e+01,2.039673e+01,2.030578e+01,2.042470e+01,2.034777e+01,2.041770e+01,2.038274e+01,2.030578e+01,2.043169e+01,2.027078e+01,2.038274e+01,2.035476e+01,2.038974e+01,2.034777e+01,2.029878e+01,2.043868e+01,2.034077e+01,2.036875e+01,2.039673e+01,2.036176e+01,2.034777e+01,2.032678e+01,2.033377e+01,2.035476e+01,2.037575e+01,2.038974e+01,2.050157e+01,2.039673e+01,2.030578e+01,2.029878e+01,2.036875e+01,2.040372e+01,2.023577e+01,2.043868e+01,2.030578e+01,2.031978e+01,2.029178e+01,2.020074e+01,2.021475e+01,2.017972e+01,1.977243e+01,1.935642e+01,1.940587e+01,1.939174e+01,1.928574e+01,1.920085e+01,1.925745e+01,1.922208e+01,1.923623e+01,1.915130e+01,1.925745e+01,1.915130e+01,1.921501e+01,1.908047e+01,1.910173e+01,1.915838e+01,1.915838e+01,1.911590e+01,1.920085e+01,1.921501e+01,1.929281e+01,1.917962e+01,1.905922e+01,1.915130e+01,1.921501e+01,1.922208e+01,1.921501e+01,1.920793e+01,1.922916e+01,1.927867e+01,1.925745e+01,1.931402e+01,1.950469e+01,1.947647e+01,1.973021e+01,1.975836e+01,1.981464e+01,1.989901e+01,2.017972e+01,2.002542e+01,2.015168e+01,2.016570e+01,2.028478e+01,2.002542e+01,2.005350e+01,1.998330e+01,1.971613e+01,1.961047e+01,1.917254e+01,1.898123e+01,1.905213e+01,1.888899e+01,1.887479e+01,1.886769e+01,1.879666e+01,1.879666e+01,1.865444e+01,1.869713e+01,1.873980e+01,1.868290e+01,1.876823e+01,1.877534e+01,1.881797e+01,1.883928e+01,1.908756e+01,1.905213e+01,1.896704e+01,1.910173e+01,1.919378e+01,1.929281e+01,1.931402e+01,1.927867e+01,1.925745e+01,1.942705e+01,1.949058e+01,1.944823e+01,1.971613e+01,1.999735e+01,2.020774e+01,2.034777e+01,2.042470e+01,2.043169e+01,2.041770e+01,2.041770e+01,2.043868e+01,2.042470e+01,2.041770e+01,2.040372e+01,2.043868e+01,2.037575e+01,2.038974e+01,2.049458e+01,2.043169e+01,2.034777e+01,2.044567e+01,2.035476e+01,2.041071e+01,2.048759e+01,2.040372e+01,2.051554e+01,2.043868e+01,2.042470e+01,2.038274e+01,2.024277e+01,2.038274e+01,2.040372e+01,2.040372e+01,2.029878e+01,2.041071e+01,2.041071e+01,2.034777e+01,2.038974e+01,2.035476e+01,2.044567e+01,2.031278e+01,2.040372e+01,2.041071e+01,2.042470e+01,2.055743e+01,2.047362e+01,2.031978e+01,2.050855e+01,2.045266e+01,2.036875e+01,2.049458e+01,2.043868e+01,2.050157e+01,2.040372e+01,2.036176e+01,2.048061e+01,2.041770e+01,2.045266e+01,2.044567e+01,2.051554e+01,2.055045e+01,2.049458e+01,2.052950e+01,2.048061e+01,2.045964e+01,2.049458e+01,2.045266e+01,2.062025e+01,2.054347e+01,2.050855e+01,2.044567e+01,2.047362e+01,2.045964e+01,2.050855e+01,2.042470e+01,2.056442e+01,2.048061e+01,2.057838e+01,2.048759e+01,2.048759e+01,2.052252e+01,2.051554e+01,2.041770e+01,2.045266e+01,2.050855e+01,2.063420e+01,2.060629e+01,2.057140e+01,2.061327e+01,2.058536e+01,2.057838e+01,2.056442e+01,2.057140e+01,2.046663e+01,2.055045e+01,2.062723e+01,2.056442e+01,2.052252e+01,2.059932e+01,2.061327e+01,2.048759e+01,2.063420e+01,2.058536e+01,2.047362e+01,2.055743e+01,2.059932e+01,2.057838e+01,2.062025e+01,2.059234e+01,2.057838e+01,2.057140e+01,2.062723e+01,2.055045e+01,2.055045e+01,2.059234e+01,2.050157e+01,2.059932e+01,2.050157e+01,2.052252e+01,2.059932e+01,2.059234e+01,2.053649e+01,2.051554e+01,2.051554e+01,2.052252e+01,2.051554e+01,2.050855e+01,2.061327e+01,2.055743e+01,2.057140e+01,2.066908e+01,2.062025e+01,2.057838e+01,2.051554e+01,2.057838e+01,2.064816e+01,2.049458e+01,2.055743e+01,2.055045e+01,2.061327e+01,2.052950e+01,2.062723e+01,2.057838e+01,2.048061e+01,2.052950e+01,2.061327e+01,2.056442e+01,2.056442e+01,2.054347e+01,2.052950e+01,2.059932e+01,2.056442e+01,2.062025e+01,2.057838e+01,2.047362e+01,2.056442e+01,2.047362e+01,2.050855e+01,2.052950e+01,2.048061e+01,2.052950e+01,2.051554e+01,2.040372e+01,2.047362e+01,2.053649e+01,2.060629e+01,2.050855e+01,2.036176e+01,2.045266e+01,2.049458e+01,2.043169e+01,2.045266e+01,2.038974e+01,2.037575e+01,2.043169e+01,2.046663e+01,2.050157e+01,2.036176e+01,2.039673e+01,2.050855e+01,2.058536e+01,2.053649e+01,2.047362e+01,2.035476e+01,2.044567e+01,2.054347e+01,2.050157e+01,2.043169e+01,2.052252e+01,2.048061e+01,2.061327e+01,2.045266e+01,2.038974e+01,2.056442e+01,2.051554e+01,2.038274e+01,2.049458e+01,2.034777e+01,2.042470e+01,2.036176e+01,2.050855e+01,2.042470e+01,2.036176e+01,2.034077e+01,2.030578e+01,2.055743e+01,2.051554e+01,2.050157e+01,2.035476e+01,2.033377e+01,2.031278e+01,2.028478e+01,2.045266e+01,2.032678e+01,2.038274e+01,2.040372e+01,2.032678e+01,2.036176e+01,2.038274e+01,2.043169e+01,2.048759e+01,2.041770e+01,2.043868e+01,2.043868e+01,2.048061e+01,2.048061e+01,2.041071e+01,2.038274e+01,2.037575e+01,2.051554e+01,2.052950e+01,2.036176e+01,2.036176e+01,2.040372e+01,2.042470e+01,2.043169e+01,2.031278e+01,2.043169e+01,2.034077e+01,2.017271e+01,2.040372e+01,2.027778e+01,2.027778e+01,2.031278e+01,2.036875e+01,2.031278e+01,2.040372e+01,2.033377e+01,2.037575e+01,2.031978e+01,2.034077e+01,2.036176e+01,2.043169e+01,2.033377e+01,2.043868e+01,2.043868e+01,2.046663e+01,2.036875e+01,2.051554e+01,2.025677e+01,2.030578e+01,2.038274e+01,2.043169e+01,2.041770e+01,2.043868e+01,2.040372e+01,2.029878e+01,2.047362e+01,2.044567e+01,2.046663e+01,2.024977e+01,2.034777e+01,2.040372e+01,2.025677e+01,2.033377e+01,2.043169e+01,2.037575e+01,2.028478e+01,2.042470e+01,2.025677e+01,2.045266e+01,2.036176e+01,2.037575e+01,2.038974e+01,2.032678e+01,2.037575e+01,2.036875e+01,2.042470e+01,2.045266e+01,2.036875e+01,2.046663e+01,2.041071e+01,2.034777e+01,2.028478e+01,2.022876e+01,2.027778e+01,2.037575e+01,2.031278e+01,2.028478e+01,2.034077e+01,2.034777e+01
2.032678e+01,2.041071e+01,2.031978e+01,2.029178e+01,2.035476e+01,2.030578e+01,2.034077e+01,2.029878e+01,2.036176e+01,2.044567e+01,2.044567e+01,2.029178e+01,2.055743e+01,2.041071e+01,2.055045e+01,2.045964e+01,2.051554e+01,2.066211e+01,2.095461e+01,2.154400e+01,2.119078e+01,2.164075e+01,2.170980e+01,2.138486e+01,2.143332e+01,2.164075e+01,2.168219e+01,2.197177e+01,2.188223e+01,2.146792e+01,2.126707e+01,2.155092e+01,2.141255e+01,2.168219e+01,2.157857e+01,2.167528e+01,2.155092e+01,2.122546e+01,2.148868e+01,2.148868e+01,2.144716e+01,2.153709e+01,2.150943e+01,2.159930e+01,2.223307e+01,2.251425e+01,2.206124e+01,2.206124e+01,2.143332e+01,2.151634e+01,2.182019e+01,2.204748e+01,2.213000e+01,2.232231e+01,2.240461e+01,2.240461e+01,2.239775e+01,2.183398e+01,2.159930e+01,2.165457e+01,2.159930e+01,2.155783e+01,2.175121e+01,2.193734e+01,2.142640e+01,2.141255e+01,2.146792e+01,2.126707e+01,2.136408e+01,2.162694e+01,2.162694e+01,2.166147e+01,2.141255e+01,2.114914e+01,2.110054e+01,2.105192e+01,2.102413e+01,2.097547e+01,2.112137e+01,2.084328e+01,2.078757e+01,2.085720e+01,2.082239e+01,2.071091e+01,2.069697e+01,2.078757e+01,2.069697e+01,2.068303e+01,2.105887e+01,2.139178e+01,2.139871e+01,2.126013e+01,2.120465e+01,2.112137e+01,2.153709e+01,2.177881e+01,2.159930e+01,2.204060e+01,2.200619e+01,2.132944e+01,2.158548e+01,2.191668e+01,2.137101e+01,2.137101e+01,2.132944e+01,2.143332e+01,2.156474e+01,2.190290e+01,2.178571e+01,2.155783e+01,2.165457e+01,2.155783e+01,2.168909e+01,2.243888e+01,2.181329e+01,2.075273e+01,2.036875e+01,2.035476e+01,2.040372e+01,2.041071e+01,2.045964e+01,2.047362e+01,2.044567e+01,2.041071e+01,2.047362e+01,2.036875e+01,2.032678e+01,2.048061e+01,2.048061e+01,2.041071e+01,2.047362e+01,2.049458e+01,2.040372e+01,2.055743e+01,2.050855e+01,2.042470e+01,2.040372e+01,2.042470e+01,2.036176e+01,2.047362e+01,2.046663e+01,2.038974e+01,2.043868e+01,2.041071e+01,2.041770e+01,2.046663e+01,2.048061e+01,2.043169e+01,2.048061e+01,2.037575e+01,2.045266e+01,2.042470e+01,2.030578e+01,2.046663e+01,2.050157e+01,2.052950e+01,2.045964e+01,2.045266e+01,2.047362e+01,2.035476e+01,2.041071e+01,2.045964e+01,2.040372e+01,2.034777e+01,2.043868e+01,2.038274e+01,2.050855e+01,2.032678e+01,2.030578e+01,2.038274e+01,2.045964e+01,2.045964e+01,2.045266e+01,2.042470e+01,2.038974e+01,2.032678e+01,2.045964e+01,2.048759e+01,2.027778e+01,2.045266e+01,2.038974e+01,2.041770e+01,2.043868e+01,2.043868e+01,2.045964e+01,2.027778e+01,2.035476e+01,2.031278e+01,2.026378e+01,2.038274e+01,2.040372e+01,2.025677e+01,2.031978e+01,2.043868e+01,2.045266e+01,2.030578e+01,2.039673e+01,2.040372e+01,2.041071e+01,2.033377e+01,2.047362e+01,2.043169e+01,2.043169e+01,2.042470e+01,2.041770e+01,2.041071e+01,2.033377e+01,2.038274e+01,2.036875e+01,2.022876e+01,2.035476e+01,2.039673e+01,2.041071e+01,2.043868e+01,2.036176e+01,2.019373e+01,2.036875e+01,2.041770e+01,2.030578e+01,2.042470e+01,2.040372e+01,2.032678e+01,2.041071e+01,2.031978e+01,2.031278e+01,2.036176e+01,2.035476e+01,2.031278e+01,2.039673e+01,2.041770e+01,2.041071e+01,2.038974e+01,2.043868e+01,2.036176e+01,2.039673e+01,2.039673e+01,2.030578e+01,2.036875e+01,2.035476e+01,2.044567e+01,2.047362e+01,2.033377e+01,2.036176e+01,2.036176e+01,2.037575e+01,2.040372e+01,2.043169e+01,2.033377e+01,2.033377e+01,2.035476e+01,2.039673e+01,2.032678e+01,2.035476e+01,2.020774e+01,2.017271e+01,2.027778e+01,2.029878e+01,2.029878e+01,2.031278e+01,2.028478e+01,2.027078e+01,2.027778e+01,2.025677e+01,2.022876e+01,2.023577e+01,2.001139e+01,1.980058e+01,1.958227e+01,1.939881e+01,1.939174e+01,1.948352e+01,1.921501e+01,1.923623e+01,1.931402e+01,1.905213e+01,1.909464e+01,1.908047e+01,1.905922e+01,1.906630e+01,1.908756e+01,1.910173e+01,1.920793e+01,1.920793e+01,1.913006e+01,1.909464e+01,1.918670e+01,1.930695e+01,1.917254e+01,1.912298e+01,1.917962e+01,1.913006e+01,1.920085e+01,1.921501e+01,1.925038e+01,1.929988e+01,1.941999e+01,1.941999e+01,1.953996e+01,1.969500e+01,1.975132e+01,1.980761e+01,1.984980e+01,1.992009e+01,2.013065e+01,2.011663e+01,2.014467e+01,2.022876e+01,2.001841e+01,1.977243e+01,1.971613e+01,1.949764e+01,1.954701e+01,1.937762e+01,1.901669e+01,1.897414e+01,1.891028e+01,1.873980e+01,1.876823e+01,1.881797e+01,1.858326e+01,1.875401e+01,1.881797e+01,1.865444e+01,1.875401e+01,1.877534e+01,1.879666e+01,1.880376e+01,1.878955e+01,1.878955e+01,1.886059e+01,1.895995e+01,1.905922e+01,1.892448e+01,1.907339e+01,1.922916e+01,1.922208e+01,1.928574e+01,1.925038e+01,1.931402e+01,1.946235e+01,1.941293e+01,1.972317e+01,1.968092e+01,1.985683e+01,2.026378e+01,2.027078e+01,2.034077e+01,2.042470e+01,2.041770e+01,2.041770e+01,2.043868e+01,2.037575e+01,2.041770e+01,2.039673e+01,2.038974e+01,2.044567e+01,2.047362e+01,2.046663e+01,2.041770e+01,2.045266e+01,2.042470e+01,2.042470e+01,2.038274e+01,2.038974e+01,2.041071e+01,2.045964e+01,2.043169e+01,2.041770e+01,2.037575e+01,2.031978e+01,2.044567e+01,2.025677e+01,2.042470e+01,2.041770e+01,2.041770e+01,2.038974e+01,2.043868e+01,2.036176e+01,2.031978e+01,2.042470e+01,2.043169e+01,2.040372e+01,2.042470e+01,2.030578e+01,2.045266e+01,2.043868e+01,2.036875e+01,2.041071e+01,2.035476e+01,2.047362e+01,2.045964e+01,2.045964e+01,2.049458e+01,2.039673e+01,2.037575e+01,2.051554e+01,2.050157e+01,2.038974e+01,2.048759e+01,2.046663e+01,2.042470e+01,2.049458e+01,2.044567e+01,2.048759e+01,2.059234e+01,2.049458e+01,2.044567e+01,2.051554e+01,2.055743e+01,2.052950e+01,2.048759e+01,2.046663e+01,2.051554e+01,2.050157e+01,2.050855e+01,2.056442e+01,2.046663e+01,2.050157e+01,2.053649e+01,2.048759e+01,2.047362e+01,2.048759e+01,2.053649e+01,2.044567e+01,2.058536e+01,2.079453e+01,2.059234e+01,2.058536e+01,2.060629e+01,2.046663e+01,2.057838e+01,2.051554e+01,2.052950e+01,2.061327e+01,2.049458e+01,2.062025e+01,2.058536e+01,2.050855e+01,2.071091e+01,2.053649e+01,2.047362e+01,2.048759e+01,2.053649e+01,2.055045e+01,2.062025e+01,2.059932e+01,2.057140e+01,2.059234e+01,2.058536e+01,2.059234e+01,2.059932e+01,2.051554e+01,2.038274e+01,2.051554e+01,2.046663e+01,2.056442e+01,2.034777e+01,2.071789e+01,2.052252e+01,2.062025e+01,2.059234e+01,2.061327e+01,2.052252e+01,2.059234e+01,2.051554e+01,2.054347e+01,2.054347e+01,2.067605e+01,2.055045e+01,2.049458e+01,2.063420e+01,2.052950e+01,2.062723e+01,2.055045e+01,2.053649e+01,2.052950e+01,2.057838e+01,2.064118e+01,2.060629e+01,2.053649e+01,2.054347e+01,2.061327e+01,2.057838e+01,2.054347e+01,2.057140e+01,2.056442e+01,2.055045e+01,2.057140e+01,2.066211e+01,2.056442e+01,2.050855e+01,2.050157e+01,2.046663e+01,2.050855e+01,2.044567e+01,2.047362e+01,2.051554e+01,2.045964e+01,2.048061e+01,2.050855e+01,2.045266e+01,2.052252e+01,2.048759e+01,2.052950e+01,2.065513e+01,2.048759e+01,2.052950e+01,2.051554e+01,2.045266e+01,2.055743e+01,2.036875e+01,2.042470e+01,2.040372e+01,2.036176e+01,2.046663e+01,2.035476e+01,2.052252e+01,2.038274e+01,2.041071e+01,2.041770e+01,2.042470e+01,2.045266e+01,2.052252e+01,2.034077e+01,2.052252e+01,2.035476e+01,2.031978e+01,2.038974e+01,2.038274e+01,2.046663e+01,2.035476e+01,2.047362e+01,2.054347e+01,2.055045e+01,2.055743e+01,2.038274e+01,2.036875e+01,2.034777e+01,2.050855e+01,2.045964e+01,2.038274e+01,2.036875e+01,2.036176e+01,2.054347e+01,2.051554e+01,2.035476e+01,2.045964e+01,2.061327e+01,2.041071e+01,2.055743e+01,2.049458e+01,2.037575e+01,2.038274e+01,2.034777e+01,2.038974e+01,2.036875e+01,2.042470e+01,2.028478e+01,2.043169e+01,2.043868e+01,2.030578e+01,2.038274e+01,2.040372e+01,2.044567e+01,2.042470e+01,2.035476e+01,2.045964e+01,2.048061e+01,2.040372e+01,2.039673e+01,2.029178e+01,2.038974e+01,2.036875e+01,2.038274e+01,2.044567e+01,2.032678e+01,2.026378e+01,2.034077e+01,2.027778e+01,2.028478e+01,2.036176e+01,2.036176e+01,2.024277e+01,2.036875e+01,2.026378e+01,2.044567e+01,2.046663e+01,2.035476e+01,2.038274e+01,2.032678e+01,2.036875e+01,2.036176e+01,2.021475e+01,2.035476e+01,2.043868e+01,2.040372e+01,2.035476e+01,2.036875e+01,2.041770e+01,2.034777e+01,2.026378e+01,2.027778e+01,2.035476e+01,2.041071e+01,2.043868e+01,2.017271e+01,2.048061e+01,2.047362e+01,2.021475e+01,2.028478e+01,2.030578e+01,2.029178e+01,2.038974e+01,2.020774e+01,2.033377e+01,2.026378e+01,2.036176e+01,2.035476e+01,2.045266e+01,2.035476e+01,2.027078e+01,2.029178e+01,2.031278e+01,2.028478e+01,2.033377e+01,2.038274e+01,2.037575e+01,2.039673e+01,2.037575e+01,2.038974e+01,2.019373e+01,2.035476e+01,2.024277e+01,2.016570e+01,2.025677e+01,2.022876e+01,2.017271e+01,2.028478e+01,2.027078e+01,2.028478e+01
2.043169e+01,2.036875e+01,2.032678e+01,2.030578e+01,2.033377e+01,2.037575e+01,2.040372e+01,2.031978e+01,2.043169e+01,2.041770e+01,2.055743e+01,2.045964e+01,2.046663e+01,2.048759e+01,2.055045e+01,2.049458e+01,2.069697e+01,2.071091e+01,2.113526e+01,2.150943e+01,2.157857e+01,2.161312e+01,2.146100e+01,2.158548e+01,2.156474e+01,2.138486e+01,2.134330e+01,2.140563e+01,2.181329e+01,2.162694e+01,2.149559e+01,2.153017e+01,2.167528e+01,2.170980e+01,2.205436e+01,2.186155e+01,2.187534e+01,2.215750e+01,2.188912e+01,2.170290e+01,2.134330e+01,2.149559e+01,2.153017e+01,2.146100e+01,2.156474e+01,2.173051e+01,2.206812e+01,2.179950e+01,2.145408e+01,2.170980e+01,2.200619e+01,2.228799e+01,2.211625e+01,2.215750e+01,2.219872e+01,2.216437e+01,2.217124e+01,2.213000e+01,2.204748e+01,2.161312e+01,2.165457e+01,2.196489e+01,2.184776e+01,2.163385e+01,2.153017e+01,2.186155e+01,2.193045e+01,2.116996e+01,2.143332e+01,2.182708e+01,2.212313e+01,2.190290e+01,2.210938e+01,2.228799e+01,2.182708e+01,2.147484e+01,2.164075e+01,2.133637e+01,2.119078e+01,2.087808e+01,2.076667e+01,2.071091e+01,2.077363e+01,2.070394e+01,2.068303e+01,2.071091e+01,2.068303e+01,2.073879e+01,2.082935e+01,2.098242e+01,2.096156e+01,2.091287e+01,2.122546e+01,2.125320e+01,2.158548e+01,2.159239e+01,2.155783e+01,2.194423e+01,2.181329e+01,2.134330e+01,2.130865e+01,2.119078e+01,2.123240e+01,2.137793e+01,2.139178e+01,2.132944e+01,2.113526e+01,2.159930e+01,2.161312e+01,2.148176e+01,2.164075e+01,2.164075e+01,2.175811e+01,2.134330e+01,2.098937e+01,2.087808e+01,2.057140e+01,2.040372e+01,2.041770e+01,2.041770e+01,2.043169e+01,2.057838e+01,2.043868e+01,2.043169e+01,2.041770e+01,2.033377e+01,2.036176e+01,2.050157e+01,2.045964e+01,2.031978e+01,2.049458e+01,2.045964e+01,2.047362e+01,2.041770e+01,2.042470e+01,2.044567e+01,2.055743e+01,2.052950e+01,2.035476e+01,2.038274e+01,2.045266e+01,2.048759e+01,2.045266e+01,2.041770e+01,2.038974e+01,2.047362e+01,2.054347e+01,2.038274e+01,2.040372e+01,2.040372e+01,2.041770e+01,2.041770e+01,2.042470e+01,2.047362e+01,2.046663e+01,2.048061e+01,2.050855e+01,2.028478e+01,2.046663e+01,2.045964e+01,2.053649e+01,2.036875e+01,2.045266e+01,2.038974e+01,2.043868e+01,2.038274e+01,2.041770e+01,2.050855e+01,2.038974e+01,2.048759e+01,2.029178e+01,2.043868e+01,2.039673e+01,2.045964e+01,2.043868e+01,2.036176e+01,2.049458e+01,2.042470e+01,2.036875e+01,2.035476e+01,2.036875e+01,2.036176e+01,2.039673e+01,2.043169e+01,2.036176e+01,2.034777e+01,2.037575e+01,2.024977e+01,2.028478e+01,2.029878e+01,2.036875e+01,2.032678e+01,2.034777e+01,2.034777e+01,2.041071e+01,2.042470e+01,2.041071e+01,2.047362e+01,2.041071e+01,2.043169e+01,2.043868e+01,2.036875e+01,2.045266e+01,2.043169e+01,2.034777e+01,2.029878e+01,2.040372e+01,2.033377e+01,2.039673e+01,2.024277e+01,2.038274e+01,2.038974e+01,2.039673e+01,2.041770e+01,2.043169e+01,2.041071e+01,2.041770e+01,2.036176e+01,2.035476e+01,2.031978e+01,2.038274e+01,2.034777e+01,2.037575e+01,2.027778e+01,2.032678e+01,2.040372e+01,2.038274e+01,2.033377e+01,2.042470e+01,2.044567e+01,2.040372e+01,2.041770e+01,2.042470e+01,2.033377e+01,2.040372e+01,2.037575e+01,2.029878e+01,2.030578e+01,2.038974e+01,2.048061e+01,2.036176e+01,2.038974e+01,2.038274e+01,2.035476e+01,2.045266e+01,2.041071e+01,2.041071e+01,2.034777e+01,2.034777e+01,2.034077e+01,2.035476e+01,2.036875e+01,2.040372e+01,2.018673e+01,2.032678e+01,2.032678e+01,2.036176e+01,2.016570e+01,2.022176e+01,2.029878e+01,2.031278e+01,2.031278e+01,2.027778e+01,2.024277e+01,2.040372e+01,2.027078e+01,1.999033e+01,1.987792e+01,1.956112e+01,1.949764e+01,1.943411e+01,1.933522e+01,1.935642e+01,1.929988e+01,1.932815e+01,1.905922e+01,1.920085e+01,1.912298e+01,1.925745e+01,1.923623e+01,1.925745e+01,1.923623e+01,1.929988e+01,1.917254e+01,1.907339e+01,1.911590e+01,1.920085e+01,1.910173e+01,1.917254e+01,1.915838e+01,1.917962e+01,1.919378e+01,1.933522e+01,1.931402e+01,1.926452e+01,1.949058e+01,1.958932e+01,1.958932e+01,1.973725e+01,1.978650e+01,1.986386e+01,1.987090e+01,2.022176e+01,2.017972e+01,2.017271e+01,2.022876e+01,2.003946e+01,1.951175e+01,1.930695e+01,1.929281e+01,1.900960e+01,1.895995e+01,1.896704e+01,1.898123e+01,1.880376e+01,1.883928e+01,1.865444e+01,1.864021e+01,1.848352e+01,1.852628e+01,1.854765e+01,1.853340e+01,1.857614e+01,1.863309e+01,1.863309e+01,1.866867e+01,1.874691e+01,1.878245e+01,1.879666e+01,1.880376e+01,1.903795e+01,1.892448e+01,1.905213e+01,1.913714e+01,1.930695e+01,1.933522e+01,1.936349e+01,1.936349e+01,1.926452e+01,1.941999e+01,1.949764e+01,1.977947e+01,1.975836e+01,1.978650e+01,2.015869e+01,2.036176e+01,2.043169e+01,2.041770e+01,2.042470e+01,2.042470e+01,2.043169e+01,2.055045e+01,2.055045e+01,2.038974e+01,2.037575e+01,2.042470e+01,2.046663e+01,2.041770e+01,2.041071e+01,2.038974e+01,2.041071e+01,2.046663e+01,2.041770e+01,2.038974e+01,2.050157e+01,2.038274e+01,2.046663e+01,2.042470e+01,2.048759e+01,2.045266e+01,2.047362e+01,2.030578e+01,2.044567e+01,2.045266e+01,2.050157e+01,2.040372e+01,2.056442e+01,2.046663e+01,2.044567e+01,2.038974e+01,2.048061e+01,2.036176e+01,2.036875e+01,2.050855e+01,2.041071e+01,2.038274e+01,2.040372e+01,2.041071e+01,2.040372e+01,2.038974e+01,2.044567e+01,2.030578e+01,2.044567e+01,2.050157e+01,2.052252e+01,2.047362e+01,2.048061e+01,2.051554e+01,2.042470e+01,2.048061e+01,2.048759e+01,2.055743e+01,2.050157e+01,2.048061e+01,2.048061e+01,2.057838e+01,2.047362e+01,2.040372e+01,2.054347e+01,2.055045e+01,2.056442e+01,2.052252e+01,2.059234e+01,2.052252e+01,2.051554e+01,2.057140e+01,2.053649e+01,2.046663e+01,2.048061e+01,2.048061e+01,2.050855e+01,2.062025e+01,2.052252e+01,2.049458e+01,2.047362e+01,2.046663e+01,2.060629e+01,2.057838e+01,2.061327e+01,2.055045e+01,2.050855e+01,2.057140e+01,2.057838e+01,2.059932e+01,2.058536e+01,2.058536e+01,2.055743e+01,2.053649e+01,2.050855e+01,2.070394e+01,2.055743e+01,2.071091e+01,2.052252e+01,2.048759e+01,2.059932e+01,2.062723e+01,2.062723e+01,2.064118e+01,2.062025e+01,2.059234e+01,2.053649e+01,2.052950e+01,2.054347e+01,2.050157e+01,2.054347e+01,2.055045e+01,2.056442e+01,2.055743e+01,2.062025e+01,2.062723e+01,2.058536e+01,2.054347e+01,2.056442e+01,2.062723e+01,2.065513e+01,2.056442e+01,2.062723e+01,2.059932e+01,2.048061e+01,2.046663e+01,2.063420e+01,2.033377e+01,2.058536e+01,2.058536e+01,2.052252e+01,2.056442e+01,2.057140e+01,2.055045e+01,2.053649e+01,2.057838e+01,2.058536e+01,2.060629e+01,2.061327e+01,2.051554e+01,2.055743e+01,2.052950e+01,2.055045e+01,2.060629e+01,2.050157e+01,2.064118e+01,2.055743e+01,2.059234e+01,2.057140e+01,2.052252e+01,2.053649e+01,2.052252e+01,2.050157e+01,2.048759e+01,2.049458e+01,2.045964e+01,2.046663e+01,2.044567e+01,2.050157e+01,2.050855e+01,2.050855e+01,2.045266e+01,2.045266e+01,2.055743e+01,2.049458e+01,2.050157e+01,2.044567e+01,2.053649e+01,2.041770e+01,2.038974e+01,2.038274e+01,2.036176e+01,2.051554e+01,2.051554e+01,2.047362e+01,2.041770e+01,2.041770e+01,2.035476e+01,2.052252e+01,2.039673e+01,2.038974e+01,2.051554e+01,2.041770e+01,2.048061e+01,2.044567e+01,2.041770e+01,2.046663e+01,2.045964e+01,2.050157e+01,2.037575e+01,2.039673e+01,2.039673e+01,2.040372e+01,2.038274e+01,2.038274e+01,2.035476e+01,2.042470e+01,2.037575e+01,2.036176e+01,2.041770e+01,2.048061e+01,2.034777e+01,2.043868e+01,2.035476e+01,2.035476e+01,2.048759e+01,2.048759e+01,2.031978e+01,2.051554e+01,2.043169e+01,2.038974e+01,2.042470e+01,2.041770e+01,2.036176e+01,2.041071e+01,2.035476e+01,2.045266e+01,2.034077e+01,2.031978e+01,2.045964e+01,2.044567e+01,2.043868e+01,2.037575e+01,2.032678e+01,2.029178e+01,2.037575e+01,2.036875e+01,2.022876e+01,2.037575e+01,2.039673e+01,2.039673e+01,2.046663e+01,2.033377e+01,2.029878e+01,2.031978e+01,2.040372e+01,2.043169e+01,2.043868e+01,2.042470e+01,2.040372e+01,2.043169e+01,2.044567e+01,2.043169e+01,2.040372e+01,2.039673e+01,2.031978e+01,2.027778e+01,2.039673e+01,2.026378e+01,2.044567e+01,2.034777e+01,2.035476e+01,2.038274e+01,2.052252e+01,2.038274e+01,2.036875e+01,2.039673e+01,2.038274e+01,2.043868e+01,2.037575e+01,2.024277e+01,2.032678e+01,2.027078e+01,2.026378e+01,2.048759e+01,2.041770e+01,2.045266e+01,2.038974e+01,2.038974e+01,2.041770e+01,2.042470e+01,2.039673e+01,2.030578e+01,2.041071e+01,2.035476e+01,2.047362e+01,2.031978e+01,2.031978e+01,2.036875e+01,2.035476e+01,2.032678e+01,2.046663e+01,2.047362e+01,2.041770e+01,2.040372e+01,2.036176e+01,2.048759e+01,2.032678e+01,2.027078e+01,2.031978e+01,2.008156e+01,2.029878e+01,2.030578e+01,2.026378e+01,2.033377e+01,2.035476e+01
2.029178e+01,2.041071e+01,2.044567e+01,2.038974e+01,2.036176e+01,2.022176e+01,2.038274e+01,2.037575e+01,2.031278e+01,2.036875e+01,2.047362e+01,2.043868e+01,2.051554e+01,2.027078e+01,2.031978e+01,2.056442e+01,2.071789e+01,2.067605e+01,2.126707e+01,2.133637e+01,2.138486e+01,2.136408e+01,2.155092e+01,2.173051e+01,2.184776e+01,2.195800e+01,2.200619e+01,2.162694e+01,2.155092e+01,2.152326e+01,2.151634e+01,2.137101e+01,2.147484e+01,2.207499e+01,2.237718e+01,2.184776e+01,2.216437e+01,2.217811e+01,2.219185e+01,2.235661e+01,2.193734e+01,2.155092e+01,2.127400e+01,2.125320e+01,2.132944e+01,2.152326e+01,2.166147e+01,2.167528e+01,2.141948e+01,2.140563e+01,2.178571e+01,2.200619e+01,2.202684e+01,2.236346e+01,2.299935e+01,2.274684e+01,2.218498e+01,2.213000e+01,2.183398e+01,2.184087e+01,2.158548e+01,2.196489e+01,2.180640e+01,2.146100e+01,2.166147e+01,2.139871e+01,2.152326e+01,2.139178e+01,2.141255e+01,2.164766e+01,2.167528e+01,2.180640e+01,2.177881e+01,2.170290e+01,2.153709e+01,2.148176e+01,2.184776e+01,2.163385e+01,2.078757e+01,2.078757e+01,2.075273e+01,2.075273e+01,2.071789e+01,2.071789e+01,2.066908e+01,2.066211e+01,2.067605e+01,2.076667e+01,2.085720e+01,2.108665e+01,2.098937e+01,2.105192e+01,2.116302e+01,2.154400e+01,2.164075e+01,2.159930e+01,2.155783e+01,2.247315e+01,2.202684e+01,2.163385e+01,2.175121e+01,2.116996e+01,2.121159e+01,2.121159e+01,2.152326e+01,2.157857e+01,2.110054e+01,2.101023e+01,2.121852e+01,2.124627e+01,2.124627e+01,2.167528e+01,2.142640e+01,2.095461e+01,2.083632e+01,2.085024e+01,2.053649e+01,2.042470e+01,2.029878e+01,2.041770e+01,2.043169e+01,2.037575e+01,2.042470e+01,2.030578e+01,2.045266e+01,2.041071e+01,2.045266e+01,2.038274e+01,2.047362e+01,2.046663e+01,2.048061e+01,2.039673e+01,2.043169e+01,2.041770e+01,2.043868e+01,2.054347e+01,2.034777e+01,2.043169e+01,2.046663e+01,2.049458e+01,2.041770e+01,2.041770e+01,2.050855e+01,2.045266e+01,2.048759e+01,2.045964e+01,2.043169e+01,2.038974e+01,2.036875e+01,2.050157e+01,2.039673e+01,2.034777e+01,2.041770e+01,2.045964e+01,2.044567e+01,2.045964e+01,2.043868e+01,2.046663e+01,2.045964e+01,2.038974e+01,2.040372e+01,2.045266e+01,2.044567e+01,2.041071e+01,2.042470e+01,2.056442e+01,2.045266e+01,2.029178e+01,2.044567e+01,2.028478e+01,2.053649e+01,2.038274e+01,2.036875e+01,2.036875e+01,2.034077e+01,2.038974e+01,2.038274e+01,2.042470e+01,2.041770e+01,2.022876e+01,2.033377e+01,2.043868e+01,2.040372e+01,2.041071e+01,2.040372e+01,2.038274e+01,2.031978e+01,2.035476e+01,2.037575e+01,2.040372e+01,2.052252e+01,2.047362e+01,2.050855e+01,2.039673e+01,2.041071e+01,2.027778e+01,2.040372e+01,2.038274e+01,2.034777e+01,2.027078e+01,2.034077e+01,2.027078e+01,2.038274e+01,2.029178e+01,2.033377e+01,2.042470e+01,2.018673e+01,2.034777e+01,2.027778e+01,2.029878e+01,2.029878e+01,2.037575e+01,2.036875e+01,2.035476e+01,2.037575e+01,2.042470e+01,2.038274e+01,2.041071e+01,2.041770e+01,2.024977e+01,2.034077e+01,2.034077e+01,2.029178e+01,2.037575e+01,2.039673e+01,2.043169e+01,2.031978e+01,2.033377e+01,2.042470e+01,2.038274e+01,2.035476e+01,2.038974e+01,2.040372e+01,2.041071e+01,2.033377e+01,2.035476e+01,2.036875e+01,2.036176e+01,2.036176e+01,2.037575e+01,2.035476e+01,2.039673e+01,2.034777e+01,2.034077e+01,2.036875e+01,2.048759e+01,2.031278e+01,2.040372e+01,2.033377e+01,2.031978e+01,2.038274e+01,2.033377e+01,2.011663e+01,2.013065e+01,2.012364e+01,2.017972e+01,2.015168e+01,2.017972e+01,1.993414e+01,1.994819e+01,2.015869e+01,2.022176e+01,2.039673e+01,2.027778e+01,2.030578e+01,2.022876e+01,2.031278e+01,2.022176e+01,1.989901e+01,1.963865e+01,1.961047e+01,1.946941e+01,1.933522e+01,1.939174e+01,1.932815e+01,1.929988e+01,1.929988e+01,1.932109e+01,1.934229e+01,1.936349e+01,1.945529e+01,1.925038e+01,1.925038e+01,1.917254e+01,1.919378e+01,1.910881e+01,1.913006e+01,1.914422e+01,1.917254e+01,1.921501e+01,1.915838e+01,1.919378e+01,1.917254e+01,1.933522e+01,1.929281e+01,1.944823e+01,1.949764e+01,1.957522e+01,1.973725e+01,1.976540e+01,1.992009e+01,2.018673e+01,2.015869e+01,2.013065e+01,2.018673e+01,2.005350e+01,2.003244e+01,1.975132e+01,1.924331e+01,1.902378e+01,1.893157e+01,1.874691e+01,1.879666e+01,1.882508e+01,1.870424e+01,1.859038e+01,1.839794e+01,1.864021e+01,1.853340e+01,1.851203e+01,1.839794e+01,1.856190e+01,1.854053e+01,1.854765e+01,1.866156e+01,1.876823e+01,1.876823e+01,1.873269e+01,1.878955e+01,1.885349e+01,1.895995e+01,1.895995e+01,1.905922e+01,1.890318e+01,1.904504e+01,1.933522e+01,1.928574e+01,1.934936e+01,1.937762e+01,1.946941e+01,1.947647e+01,1.955407e+01,1.976540e+01,1.975132e+01,2.006753e+01,2.029878e+01,2.038274e+01,2.030578e+01,2.041770e+01,2.049458e+01,2.043169e+01,2.036875e+01,2.039673e+01,2.041770e+01,2.045266e+01,2.039673e+01,2.045266e+01,2.048759e+01,2.033377e+01,2.041071e+01,2.035476e+01,2.041770e+01,2.042470e+01,2.052950e+01,2.039673e+01,2.040372e+01,2.041071e+01,2.044567e+01,2.048061e+01,2.036875e+01,2.041770e+01,2.045964e+01,2.045964e+01,2.029878e+01,2.049458e+01,2.041770e+01,2.043169e+01,2.042470e+01,2.039673e+01,2.037575e+01,2.055743e+01,2.039673e+01,2.045964e+01,2.047362e+01,2.045266e+01,2.046663e+01,2.043868e+01,2.043868e+01,2.048061e+01,2.047362e+01,2.045964e+01,2.041770e+01,2.051554e+01,2.034777e+01,2.040372e+01,2.050157e+01,2.041770e+01,2.052950e+01,2.048759e+01,2.051554e+01,2.044567e+01,2.051554e+01,2.056442e+01,2.052252e+01,2.050157e+01,2.043868e+01,2.043169e+01,2.039673e+01,2.055743e+01,2.054347e+01,2.052252e+01,2.059234e+01,2.052950e+01,2.050855e+01,2.039673e+01,2.055045e+01,2.050855e+01,2.054347e+01,2.052252e+01,2.050855e+01,2.048061e+01,2.053649e+01,2.048759e+01,2.043868e+01,2.049458e+01,2.048061e+01,2.059932e+01,2.060629e+01,2.062025e+01,2.045964e+01,2.052252e+01,2.050855e+01,2.056442e+01,2.045964e+01,2.064816e+01,2.057838e+01,2.055045e+01,2.050855e+01,2.052950e+01,2.066908e+01,2.051554e+01,2.062025e+01,2.059932e+01,2.052950e+01,2.064118e+01,2.065513e+01,2.061327e+01,2.057140e+01,2.060629e+01,2.054347e+01,2.066211e+01,2.055045e+01,2.069697e+01,2.053649e+01,2.054347e+01,2.060629e+01,2.059234e+01,2.060629e+01,2.059932e+01,2.045964e+01,2.061327e+01,2.054347e+01,2.058536e+01,2.066908e+01,2.057838e+01,2.059932e+01,2.057140e+01,2.054347e+01,2.058536e+01,2.050855e+01,2.050855e+01,2.052950e+01,2.059234e+01,2.057140e+01,2.057838e+01,2.059932e+01,2.060629e+01,2.066211e+01,2.051554e+01,2.059234e+01,2.048759e+01,2.051554e+01,2.050157e+01,2.059932e+01,2.064118e+01,2.055743e+01,2.050855e+01,2.059234e+01,2.051554e+01,2.062025e+01,2.053649e+01,2.050855e+01,2.054347e+01,2.052252e+01,2.048061e+01,2.053649e+01,2.057140e+01,2.057140e+01,2.048061e+01,2.050157e+01,2.047362e+01,2.052252e+01,2.055743e+01,2.052950e+01,2.045266e+01,2.036875e+01,2.051554e+01,2.049458e+01,2.043169e+01,2.048061e+01,2.048061e+01,2.036176e+01,2.036176e+01,2.039673e+01,2.050157e+01,2.036875e+01,2.036176e+01,2.044567e+01,2.050157e+01,2.045266e+01,2.031978e+01,2.034077e+01,2.041071e+01,2.040372e+01,2.043868e+01,2.048061e+01,2.045964e+01,2.051554e+01,2.052950e+01,2.032678e+01,2.030578e+01,2.043169e+01,2.041071e+01,2.041071e+01,2.040372e+01,2.048759e+01,2.040372e+01,2.048759e+01,2.034077e+01,2.048759e+01,2.038974e+01,2.046663e+01,2.046663e+01,2.038274e+01,2.036875e+01,2.041770e+01,2.043868e+01,2.015869e+01,2.034077e+01,2.035476e+01,2.021475e+01,2.045266e+01,2.043868e+01,2.039673e+01,2.038274e+01,2.029178e+01,2.040372e+01,2.033377e+01,2.028478e+01,2.033377e+01,2.029178e+01,2.019373e+01,2.032678e+01,2.038274e+01,2.031278e+01,2.038974e+01,2.031278e+01,2.032678e+01,2.025677e+01,2.034777e+01,2.033377e+01,2.026378e+01,2.034077e+01,2.042470e+01,2.038274e+01,2.038974e+01,2.033377e+01,2.008857e+01,2.029178e+01,2.042470e+01,2.034777e+01,2.037575e+01,2.027078e+01,2.045964e+01,2.045266e+01,2.045964e+01,2.043169e+01,2.034777e+01,2.038274e+01,2.036875e+01,2.033377e+01,2.041071e+01,2.035476e+01,2.038974e+01,2.034777e+01,2.036176e+01,2.038974e+01,2.045266e+01,2.033377e+01,2.038974e+01,2.015869e+01,2.041770e+01,2.040372e+01,2.040372e+01,2.034077e+01,2.038274e+01,2.043868e+01,2.042470e+01,2.048061e+01,2.028478e+01,2.038974e+01,2.039673e+01,2.027078e+01,2.043868e+01,2.038274e+01,2.039673e+01,2.038974e+01,2.036875e+01,2.049458e+01,2.045964e+01,2.031978e+01,2.031278e+01,2.015168e+01,2.037575e+01,2.033377e+01,2.031278e+01,2.029178e+01,2.031278e+01,2.045964e+01,2.029878e+01,2.031978e+01,2.037575e+01,2.040372e+01,2.042470e+01,2.008156e+01,2.024977e+01,2.024277e+01,2.027078e+01,2.030578e+01,2.034777e+01
2.041071e+01,2.034777e+01,2.034777e+01,2.035476e+01,2.036875e+01,2.041770e+01,2.041071e+01,2.041071e+01,2.041071e+01,2.045266e+01,2.034077e+01,2.045266e+01,2.022876e+01,2.028478e+01,2.052950e+01,2.052950e+01,2.082935e+01,2.078060e+01,2.162694e+01,2.162694e+01,2.164075e+01,2.137101e+01,2.167528e+01,2.194423e+01,2.196489e+01,2.197865e+01,2.245259e+01,2.230172e+01,2.139871e+01,2.167528e+01,2.179950e+01,2.140563e+01,2.155092e+01,2.168219e+01,2.208875e+01,2.207499e+01,2.186844e+01,2.162694e+01,2.173051e+01,2.221246e+01,2.346861e+01,2.203372e+01,2.153709e+01,2.153017e+01,2.157166e+01,2.157857e+01,2.137793e+01,2.178571e+01,2.176501e+01,2.152326e+01,2.154400e+01,2.186155e+01,2.246629e+01,2.274000e+01,2.321724e+01,2.369229e+01,2.366520e+01,2.256218e+01,2.286293e+01,2.178571e+01,2.136408e+01,2.175121e+01,2.128786e+01,2.133637e+01,2.137101e+01,2.122546e+01,2.130173e+01,2.110054e+01,2.112137e+01,2.141255e+01,2.156474e+01,2.165457e+01,2.162694e+01,2.209563e+01,2.166147e+01,2.172361e+01,2.141948e+01,2.130865e+01,2.110054e+01,2.075273e+01,2.085720e+01,2.071091e+01,2.067605e+01,2.068303e+01,2.075970e+01,2.071091e+01,2.073879e+01,2.087112e+01,2.085024e+01,2.088504e+01,2.126013e+01,2.108665e+01,2.116996e+01,2.164075e+01,2.157857e+01,2.148176e+01,2.156474e+01,2.230858e+01,2.206124e+01,2.184776e+01,2.201995e+01,2.133637e+01,2.128786e+01,2.125320e+01,2.145408e+01,2.137793e+01,2.123240e+01,2.112831e+01,2.117690e+01,2.142640e+01,2.138486e+01,2.146100e+01,2.129479e+01,2.078060e+01,2.096156e+01,2.096852e+01,2.052252e+01,2.049458e+01,2.036176e+01,2.039673e+01,2.038974e+01,2.041071e+01,2.043868e+01,2.034077e+01,2.040372e+01,2.047362e+01,2.034077e+01,2.040372e+01,2.043868e+01,2.047362e+01,2.035476e+01,2.050855e+01,2.041770e+01,2.041770e+01,2.047362e+01,2.045266e+01,2.050157e+01,2.040372e+01,2.046663e+01,2.056442e+01,2.049458e+01,2.042470e+01,2.040372e+01,2.043169e+01,2.046663e+01,2.038974e+01,2.038274e+01,2.046663e+01,2.039673e+01,2.041770e+01,2.042470e+01,2.036176e+01,2.043868e+01,2.043868e+01,2.047362e+01,2.033377e+01,2.036875e+01,2.040372e+01,2.048061e+01,2.049458e+01,2.043169e+01,2.047362e+01,2.037575e+01,2.033377e+01,2.057140e+01,2.040372e+01,2.041770e+01,2.036875e+01,2.038274e+01,2.038274e+01,2.032678e+01,2.041071e+01,2.048759e+01,2.031978e+01,2.036875e+01,2.039673e+01,2.040372e+01,2.041071e+01,2.033377e+01,2.045964e+01,2.045964e+01,2.043868e+01,2.045964e+01,2.045964e+01,2.042470e+01,2.026378e+01,2.036176e+01,2.032678e+01,2.036176e+01,2.031978e+01,2.039673e+01,2.034777e+01,2.035476e+01,2.042470e+01,2.041071e+01,2.041071e+01,2.034077e+01,2.044567e+01,2.038974e+01,2.045964e+01,2.031278e+01,2.042470e+01,2.045266e+01,2.043169e+01,2.039673e+01,2.040372e+01,2.030578e+01,2.038974e+01,2.034077e+01,2.043868e+01,2.046663e+01,2.050855e+01,2.031978e+01,2.049458e+01,2.041770e+01,2.042470e+01,2.043868e+01,2.056442e+01,2.037575e+01,2.034077e+01,2.041071e+01,2.032678e+01,2.035476e+01,2.036176e+01,2.040372e+01,2.036176e+01,2.043868e+01,2.036176e+01,2.040372e+01,2.036176e+01,2.042470e+01,2.037575e+01,2.045964e+01,2.034777e+01,2.055045e+01,2.038274e+01,2.032678e+01,2.036875e+01,2.036875e+01,2.037575e+01,2.038274e+01,2.040372e+01,2.036176e+01,2.029878e+01,2.040372e+01,2.035476e+01,2.036176e+01,2.043868e+01,2.037575e+01,2.034077e+01,2.030578e+01,2.010260e+01,1.980058e+01,1.973725e+01,1.973021e+01,1.963161e+01,1.965274e+01,1.959637e+01,1.937762e+01,1.932109e+01,1.974428e+01,2.027778e+01,2.029878e+01,2.034077e+01,2.029178e+01,2.027778e+01,2.036875e+01,2.037575e+01,2.031978e+01,2.006753e+01,2.004648e+01,1.980761e+01,1.943411e+01,1.950469e+01,1.937055e+01,1.934229e+01,1.927867e+01,1.927867e+01,1.924331e+01,1.924331e+01,1.913006e+01,1.921501e+01,1.943411e+01,1.913006e+01,1.920793e+01,1.914422e+01,1.929988e+01,1.915838e+01,1.934936e+01,1.935642e+01,1.916546e+01,1.929281e+01,1.935642e+01,1.939881e+01,1.939174e+01,1.932109e+01,1.956112e+01,1.970205e+01,1.993414e+01,1.977243e+01,2.017271e+01,2.017972e+01,2.015869e+01,2.028478e+01,2.022176e+01,2.028478e+01,2.008857e+01,2.001841e+01,1.982871e+01,1.930695e+01,1.898832e+01,1.889609e+01,1.886059e+01,1.880376e+01,1.869002e+01,1.876823e+01,1.862598e+01,1.851203e+01,1.861174e+01,1.850490e+01,1.854765e+01,1.849777e+01,1.855477e+01,1.849064e+01,1.856190e+01,1.858326e+01,1.860462e+01,1.878245e+01,1.871135e+01,1.882508e+01,1.891028e+01,1.902378e+01,1.891028e+01,1.905213e+01,1.922208e+01,1.935642e+01,1.930695e+01,1.936349e+01,1.924331e+01,1.939881e+01,1.953291e+01,1.973725e+01,1.967388e+01,1.975132e+01,2.001139e+01,2.031278e+01,2.042470e+01,2.029178e+01,2.029878e+01,2.045266e+01,2.043169e+01,2.051554e+01,2.046663e+01,2.039673e+01,2.038974e+01,2.036875e+01,2.041071e+01,2.034077e+01,2.039673e+01,2.036176e+01,2.047362e+01,2.038974e+01,2.058536e+01,2.042470e+01,2.040372e+01,2.045266e+01,2.050157e+01,2.043868e+01,2.043169e+01,2.045266e+01,2.046663e+01,2.048759e+01,2.046663e+01,2.039673e+01,2.044567e+01,2.043868e+01,2.043169e+01,2.040372e+01,2.043169e+01,2.040372e+01,2.041071e+01,2.041071e+01,2.034077e+01,2.040372e+01,2.035476e+01,2.042470e+01,2.047362e+01,2.041770e+01,2.042470e+01,2.041770e+01,2.037575e+01,2.034777e+01,2.044567e+01,2.048061e+01,2.049458e+01,2.050855e+01,2.050157e+01,2.057140e+01,2.054347e+01,2.045964e+01,2.045964e+01,2.051554e+01,2.050855e+01,2.046663e+01,2.044567e+01,2.045266e+01,2.043868e+01,2.061327e+01,2.058536e+01,2.051554e+01,2.055743e+01,2.053649e+01,2.059932e+01,2.057140e+01,2.061327e+01,2.064816e+01,2.046663e+01,2.050157e+01,2.052950e+01,2.055045e+01,2.060629e+01,2.065513e+01,2.050855e+01,2.057140e+01,2.058536e+01,2.059234e+01,2.051554e+01,2.059932e+01,2.047362e+01,2.058536e+01,2.041770e+01,2.058536e+01,2.053649e+01,2.061327e+01,2.062025e+01,2.049458e+01,2.057838e+01,2.056442e+01,2.063420e+01,2.050855e+01,2.070394e+01,2.059932e+01,2.052252e+01,2.061327e+01,2.053649e+01,2.069697e+01,2.070394e+01,2.057838e+01,2.048061e+01,2.056442e+01,2.054347e+01,2.050157e+01,2.052950e+01,2.062025e+01,2.052252e+01,2.052252e+01,2.058536e+01,2.055045e+01,2.052252e+01,2.054347e+01,2.057838e+01,2.058536e+01,2.057140e+01,2.056442e+01,2.057140e+01,2.055045e+01,2.058536e+01,2.057838e+01,2.050855e+01,2.060629e+01,2.060629e+01,2.048061e+01,2.057838e+01,2.056442e+01,2.059234e+01,2.062723e+01,2.058536e+01,2.061327e+01,2.057140e+01,2.057140e+01,2.055045e+01,2.050855e+01,2.057838e+01,2.052950e+01,2.069697e+01,2.053649e+01,2.050157e+01,2.050855e+01,2.048061e+01,2.059932e+01,2.059234e+01,2.023577e+01,2.052252e+01,2.055743e+01,2.057838e+01,2.052950e+01,2.058536e+01,2.055045e+01,2.050855e+01,2.062723e+01,2.048061e+01,2.064816e+01,2.043868e+01,2.043169e+01,2.036875e+01,2.047362e+01,2.040372e+01,2.050855e+01,2.050157e+01,2.049458e+01,2.048061e+01,2.048759e+01,2.050855e+01,2.038274e+01,2.041071e+01,2.050855e+01,2.039673e+01,2.034777e+01,2.045964e+01,2.045266e+01,2.044567e+01,2.041071e+01,2.039673e+01,2.043868e+01,2.038974e+01,2.043169e+01,2.033377e+01,2.048061e+01,2.044567e+01,2.036176e+01,2.050157e+01,2.047362e+01,2.042470e+01,2.045964e+01,2.038274e+01,2.052252e+01,2.038274e+01,2.034777e+01,2.048759e+01,2.041770e+01,2.034777e+01,2.052950e+01,2.038274e+01,2.044567e+01,2.038274e+01,2.038974e+01,2.034077e+01,2.034077e+01,2.050855e+01,2.055045e+01,2.034777e+01,2.031278e+01,2.045266e+01,2.043169e+01,2.034077e+01,2.020074e+01,2.038974e+01,2.029178e+01,2.033377e+01,2.031978e+01,2.055045e+01,2.033377e+01,2.031278e+01,2.040372e+01,2.034777e+01,2.036176e+01,2.041071e+01,2.024277e+01,2.037575e+01,2.033377e+01,2.037575e+01,2.039673e+01,2.038274e+01,2.041770e+01,2.040372e+01,2.035476e+01,2.041071e+01,2.032678e+01,2.038974e+01,2.051554e+01,2.026378e+01,2.033377e+01,2.045266e+01,2.030578e+01,2.042470e+01,2.034077e+01,2.041071e+01,2.043169e+01,2.038274e+01,2.037575e+01,2.036875e+01,2.035476e+01,2.036176e+01,2.043868e+01,2.034077e+01,2.041071e+01,2.039673e+01,2.043169e+01,2.036875e+01,2.038274e+01,2.042470e+01,2.038974e+01,2.026378e+01,2.043868e+01,2.045266e+01,2.038974e+01,2.030578e+01,2.044567e+01,2.035476e+01,2.044567e+01,2.015869e+01,2.047362e+01,2.036875e+01,2.041071e+01,2.036176e+01,2.048759e+01,2.045964e+01,2.027078e+01,2.045964e+01,2.034777e+01,2.029178e+01,2.036875e+01,2.034077e+01,2.029178e+01,2.036875e+01,2.031978e+01,2.030578e+01,2.028478e+01,2.037575e+01,2.039673e+01,2.029178e+01,2.050157e+01,2.036176e+01,2.038274e+01,2.027778e+01,2.024977e+01,2.022176e+01,2.031278e+01,2.034777e+01,2.031278e+01
2.039673e+01,2.029878e+01,2.039673e+01,2.034777e+01,2.038974e+01,2.039673e+01,2.029178e+01,2.036875e+01,2.028478e+01,2.043169e+01,2.025677e+01,2.034077e+01,2.056442e+01,2.038974e+01,2.060629e+01,2.057838e+01,2.088504e+01,2.139871e+01,2.134330e+01,2.132944e+01,2.146100e+01,2.136408e+01,2.140563e+01,2.142640e+01,2.196489e+01,2.199242e+01,2.247315e+01,2.247315e+01,2.224680e+01,2.166147e+01,2.186844e+01,2.153709e+01,2.138486e+01,2.153017e+01,2.143332e+01,2.161312e+01,2.217124e+01,2.166838e+01,2.170980e+01,2.189601e+01,2.195800e+01,2.183398e+01,2.144716e+01,2.179950e+01,2.182708e+01,2.159239e+01,2.168909e+01,2.200619e+01,2.255533e+01,2.215063e+01,2.182708e+01,2.149559e+01,2.199931e+01,2.224680e+01,2.222620e+01,2.256218e+01,2.291752e+01,2.257586e+01,2.284245e+01,2.195111e+01,2.138486e+01,2.130865e+01,2.126013e+01,2.130173e+01,2.112831e+01,2.140563e+01,2.128093e+01,2.123933e+01,2.117690e+01,2.109360e+01,2.117690e+01,2.153709e+01,2.142640e+01,2.150251e+01,2.130865e+01,2.123240e+01,2.104497e+01,2.128093e+01,2.134330e+01,2.113526e+01,2.084328e+01,2.069697e+01,2.075970e+01,2.073182e+01,2.067605e+01,2.066908e+01,2.078757e+01,2.070394e+01,2.073182e+01,2.082935e+01,2.087808e+01,2.126707e+01,2.125320e+01,2.150251e+01,2.155783e+01,2.187534e+01,2.144024e+01,2.218498e+01,2.182019e+01,2.141948e+01,2.182708e+01,2.199931e+01,2.125320e+01,2.148868e+01,2.148868e+01,2.122546e+01,2.132252e+01,2.118384e+01,2.125320e+01,2.173741e+01,2.206124e+01,2.134330e+01,2.141255e+01,2.123933e+01,2.155783e+01,2.079453e+01,2.038274e+01,2.041770e+01,2.038974e+01,2.043169e+01,2.041071e+01,2.037575e+01,2.034077e+01,2.043868e+01,2.034777e+01,2.038974e+01,2.041071e+01,2.034077e+01,2.048061e+01,2.038274e+01,2.045266e+01,2.044567e+01,2.050157e+01,2.046663e+01,2.052252e+01,2.038974e+01,2.044567e+01,2.036176e+01,2.043169e+01,2.040372e+01,2.043169e+01,2.038274e+01,2.049458e+01,2.045266e+01,2.038974e+01,2.051554e+01,2.052950e+01,2.049458e+01,2.043868e+01,2.038974e+01,2.047362e+01,2.046663e+01,2.040372e+01,2.038274e+01,2.038974e+01,2.047362e+01,2.038274e+01,2.039673e+01,2.031978e+01,2.041770e+01,2.039673e+01,2.042470e+01,2.036875e+01,2.041770e+01,2.040372e+01,2.044567e+01,2.048061e+01,2.036176e+01,2.043868e+01,2.048061e+01,2.037575e+01,2.034777e+01,2.043868e+01,2.040372e+01,2.030578e+01,2.038274e+01,2.042470e+01,2.043868e+01,2.031278e+01,2.045266e+01,2.031278e+01,2.027778e+01,2.037575e+01,2.035476e+01,2.036176e+01,2.036176e+01,2.040372e+01,2.035476e+01,2.034077e+01,2.036176e+01,2.048061e+01,2.038274e+01,2.041071e+01,2.036875e+01,2.038274e+01,2.035476e+01,2.038974e+01,2.034777e+01,2.047362e+01,2.047362e+01,2.043868e+01,2.046663e+01,2.044567e+01,2.042470e+01,2.045266e+01,2.043169e+01,2.035476e+01,2.031978e+01,2.043868e+01,2.022176e+01,2.030578e+01,2.046663e+01,2.040372e+01,2.042470e+01,2.041770e+01,2.038974e+01,2.039673e+01,2.039673e+01,2.041770e+01,2.034777e+01,2.032678e+01,2.032678e+01,2.035476e+01,2.038974e+01,2.036176e+01,2.038274e+01,2.038974e+01,2.044567e+01,2.036875e+01,2.036875e+01,2.043868e+01,2.034077e+01,2.041071e+01,2.038974e+01,2.043868e+01,2.041770e+01,2.039673e+01,2.044567e+01,2.036875e+01,2.035476e+01,2.040372e+01,2.034777e+01,2.041770e+01,2.026378e+01,2.036176e+01,2.036176e+01,2.039673e+01,2.027078e+01,2.042470e+01,2.019373e+01,1.997628e+01,1.967388e+01,1.950469e+01,1.944118e+01,1.939881e+01,1.934936e+01,1.921501e+01,1.914422e+01,1.917254e+01,1.925745e+01,1.946235e+01,2.014467e+01,2.012364e+01,2.031978e+01,2.035476e+01,2.027078e+01,2.052950e+01,2.043868e+01,2.036875e+01,2.025677e+01,2.014467e+01,2.010961e+01,1.965979e+01,1.940587e+01,1.939881e+01,1.929281e+01,1.922208e+01,1.925745e+01,1.929281e+01,1.923623e+01,1.915130e+01,1.922916e+01,1.920793e+01,1.921501e+01,1.915130e+01,1.914422e+01,1.916546e+01,1.919378e+01,1.915130e+01,1.937055e+01,1.931402e+01,1.925745e+01,1.920085e+01,1.934936e+01,1.937055e+01,1.958932e+01,1.973725e+01,1.949058e+01,1.975836e+01,2.013065e+01,2.019373e+01,2.025677e+01,2.020074e+01,2.020074e+01,2.032678e+01,2.031278e+01,2.026378e+01,2.031978e+01,2.031978e+01,1.982168e+01,1.920793e+01,1.888899e+01,1.874691e+01,1.878955e+01,1.864733e+01,1.860462e+01,1.849777e+01,1.840508e+01,1.844074e+01,1.849777e+01,1.855477e+01,1.850490e+01,1.852628e+01,1.853340e+01,1.855477e+01,1.850490e+01,1.856902e+01,1.872558e+01,1.878245e+01,1.876112e+01,1.879666e+01,1.892448e+01,1.904504e+01,1.908047e+01,1.909464e+01,1.917962e+01,1.917962e+01,1.931402e+01,1.938468e+01,1.939881e+01,1.953291e+01,1.973021e+01,1.987090e+01,1.975836e+01,2.021475e+01,2.042470e+01,2.038274e+01,2.034777e+01,2.038274e+01,2.039673e+01,2.050157e+01,2.036176e+01,2.053649e+01,2.046663e+01,2.036176e+01,2.051554e+01,2.032678e+01,2.043868e+01,2.052950e+01,2.038274e+01,2.045266e+01,2.044567e+01,2.047362e+01,2.045266e+01,2.041071e+01,2.036875e+01,2.037575e+01,2.039673e+01,2.041071e+01,2.036176e+01,2.032678e+01,2.046663e+01,2.048759e+01,2.040372e+01,2.045266e+01,2.041071e+01,2.041071e+01,2.037575e+01,2.041071e+01,2.043169e+01,2.035476e+01,2.045266e+01,2.038274e+01,2.040372e+01,2.045266e+01,2.045266e+01,2.044567e+01,2.042470e+01,2.047362e+01,2.055743e+01,2.053649e+01,2.039673e+01,2.049458e+01,2.043868e+01,2.044567e+01,2.036875e+01,2.034077e+01,2.052950e+01,2.053649e+01,2.048061e+01,2.045964e+01,2.047362e+01,2.046663e+01,2.045964e+01,2.046663e+01,2.054347e+01,2.055743e+01,2.042470e+01,2.052950e+01,2.053649e+01,2.052950e+01,2.052950e+01,2.053649e+01,2.049458e+01,2.047362e+01,2.054347e+01,2.045266e+01,2.057838e+01,2.051554e+01,2.048759e+01,2.051554e+01,2.051554e+01,2.055743e+01,2.051554e+01,2.058536e+01,2.056442e+01,2.057838e+01,2.058536e+01,2.053649e+01,2.054347e+01,2.056442e+01,2.059932e+01,2.044567e+01,2.058536e+01,2.050157e+01,2.055743e+01,2.064816e+01,2.051554e+01,2.054347e+01,2.065513e+01,2.069000e+01,2.059932e+01,2.057140e+01,2.056442e+01,2.052950e+01,2.066908e+01,2.060629e+01,2.059234e+01,2.045964e+01,2.056442e+01,2.054347e+01,2.059234e+01,2.058536e+01,2.062025e+01,2.065513e+01,2.050855e+01,2.062723e+01,2.052252e+01,2.054347e+01,2.048061e+01,2.060629e+01,2.055743e+01,2.059234e+01,2.055045e+01,2.062025e+01,2.055045e+01,2.055743e+01,2.052950e+01,2.057140e+01,2.060629e+01,2.062025e+01,2.057140e+01,2.057838e+01,2.057140e+01,2.068303e+01,2.073879e+01,2.051554e+01,2.052950e+01,2.067605e+01,2.056442e+01,2.056442e+01,2.060629e+01,2.056442e+01,2.052252e+01,2.059234e+01,2.048759e+01,2.047362e+01,2.060629e+01,2.059932e+01,2.060629e+01,2.055045e+01,2.052252e+01,2.045266e+01,2.056442e+01,2.052252e+01,2.061327e+01,2.052950e+01,2.055743e+01,2.059234e+01,2.050855e+01,2.050855e+01,2.048061e+01,2.041071e+01,2.043169e+01,2.051554e+01,2.048759e+01,2.052950e+01,2.050855e+01,2.059932e+01,2.051554e+01,2.043169e+01,2.043169e+01,2.056442e+01,2.059932e+01,2.050855e+01,2.045964e+01,2.049458e+01,2.046663e+01,2.049458e+01,2.052252e+01,2.039673e+01,2.043868e+01,2.057140e+01,2.042470e+01,2.055743e+01,2.048061e+01,2.028478e+01,2.045266e+01,2.047362e+01,2.034077e+01,2.041071e+01,2.043868e+01,2.050157e+01,2.048759e+01,2.031278e+01,2.043169e+01,2.044567e+01,2.043868e+01,2.044567e+01,2.043868e+01,2.043169e+01,2.043868e+01,2.043169e+01,2.046663e+01,2.033377e+01,2.038274e+01,2.043169e+01,2.031278e+01,2.029178e+01,2.026378e+01,2.046663e+01,2.027078e+01,2.041071e+01,2.024977e+01,2.029878e+01,2.034777e+01,2.026378e+01,2.034077e+01,2.037575e+01,2.023577e+01,2.029178e+01,2.022876e+01,2.037575e+01,2.028478e+01,2.036875e+01,2.032678e+01,2.038274e+01,2.027078e+01,2.017972e+01,2.038974e+01,2.034077e+01,2.036176e+01,2.013766e+01,2.034777e+01,2.042470e+01,2.044567e+01,2.039673e+01,2.040372e+01,2.038274e+01,2.029878e+01,2.027078e+01,2.028478e+01,2.031978e+01,2.027078e+01,2.036875e+01,2.034077e+01,2.042470e+01,2.041071e+01,2.041770e+01,2.035476e+01,2.034077e+01,2.031978e+01,2.041071e+01,2.038974e+01,2.036875e+01,2.040372e+01,2.039673e+01,2.050855e+01,2.034777e+01,2.027078e+01,2.043868e+01,2.040372e+01,2.029178e+01,2.038974e+01,2.036875e+01,2.031278e+01,2.052950e+01,2.039673e+01,2.032678e+01,2.036875e+01,2.029878e+01,2.029178e+01,2.036875e+01,2.030578e+01,2.031978e+01,2.038974e+01,2.035476e+01,2.037575e+01,2.033377e+01,2.034077e+01,2.035476e+01,2.029878e+01,2.039673e+01,2.036875e+01,2.040372e+01,2.030578e+01,2.029878e+01,2.038274e+01,2.036875e+01,2.026378e+01,2.036176e+01,2.048759e+01,2.045266e+01,2.027778e+01,2.039673e+01,2.025677e+01,2.036875e+01,2.025677e+01,2.028478e+01,2.031978e+01
2.039673e+01,2.034077e+01,2.018673e+01,2.034777e+01,2.038274e+01,2.027078e+01,2.031278e+01,2.037575e+01,2.024277e+01,2.031278e+01,2.030578e+01,2.033377e+01,2.048061e+01,2.050157e+01,2.062025e+01,2.062723e+01,2.073879e+01,2.130865e+01,2.146100e+01,2.152326e+01,2.146100e+01,2.154400e+01,2.130173e+01,2.151634e+01,2.149559e+01,2.184776e+01,2.197177e+01,2.224680e+01,2.217124e+01,2.181329e+01,2.161312e+01,2.154400e+01,2.112831e+01,2.151634e+01,2.150943e+01,2.137101e+01,2.135023e+01,2.132944e+01,2.131559e+01,2.145408e+01,2.155783e+01,2.141948e+01,2.153709e+01,2.163385e+01,2.158548e+01,2.166147e+01,2.165457e+01,2.153709e+01,2.153017e+01,2.154400e+01,2.184087e+01,2.206812e+01,2.215063e+01,2.181329e+01,2.173051e+01,2.183398e+01,2.161312e+01,2.184087e+01,2.154400e+01,2.131559e+01,2.123240e+01,2.148176e+01,2.160621e+01,2.205436e+01,2.248000e+01,2.182019e+01,2.145408e+01,2.126707e+01,2.114914e+01,2.110748e+01,2.109360e+01,2.113526e+01,2.122546e+01,2.112137e+01,2.119078e+01,2.119771e+01,2.122546e+01,2.098242e+01,2.119078e+01,2.124627e+01,2.081543e+01,2.068303e+01,2.075970e+01,2.067605e+01,2.067605e+01,2.067605e+01,2.067605e+01,2.072486e+01,2.069697e+01,2.086416e+01,2.104497e+01,2.105887e+01,2.121159e+01,2.153017e+01,2.157166e+01,2.204748e+01,2.203372e+01,2.162003e+01,2.114220e+01,2.126013e+01,2.146100e+01,2.158548e+01,2.170290e+01,2.150943e+01,2.141255e+01,2.132252e+01,2.115608e+01,2.130865e+01,2.103802e+01,2.146100e+01,2.223993e+01,2.134330e+01,2.119078e+01,2.120465e+01,2.123933e+01,2.066908e+01,2.041071e+01,2.041071e+01,2.038274e+01,2.037575e+01,2.046663e+01,2.038974e+01,2.043169e+01,2.031978e+01,2.037575e+01,2.026378e+01,2.041770e+01,2.034077e+01,2.032678e+01,2.043868e+01,2.048061e+01,2.046663e+01,2.048061e+01,2.043868e+01,2.040372e+01,2.031278e+01,2.042470e+01,2.044567e+01,2.054347e+01,2.034077e+01,2.045266e+01,2.033377e+01,2.034077e+01,2.047362e+01,2.031978e+01,2.049458e+01,2.041071e+01,2.050157e+01,2.047362e+01,2.042470e+01,2.037575e+01,2.050855e+01,2.048061e+01,2.045266e+01,2.035476e+01,2.038974e+01,2.047362e+01,2.045964e+01,2.036875e+01,2.043169e+01,2.038274e+01,2.041770e+01,2.037575e+01,2.036875e+01,2.040372e+01,2.049458e+01,2.047362e+01,2.033377e+01,2.037575e+01,2.043868e+01,2.039673e+01,2.038274e+01,2.037575e+01,2.035476e+01,2.050855e+01,2.039673e+01,2.038974e+01,2.039673e+01,2.036875e+01,2.036875e+01,2.043868e+01,2.033377e+01,2.034077e+01,2.038274e+01,2.037575e+01,2.036176e+01,2.041071e+01,2.041770e+01,2.040372e+01,2.033377e+01,2.048061e+01,2.035476e+01,2.030578e+01,2.036875e+01,2.039673e+01,2.034077e+01,2.052252e+01,2.033377e+01,2.043868e+01,2.041071e+01,2.027778e+01,2.039673e+01,2.027778e+01,2.023577e+01,2.032678e+01,2.036176e+01,2.038974e+01,2.029878e+01,2.041770e+01,2.031278e+01,2.035476e+01,2.037575e+01,2.042470e+01,2.050157e+01,2.035476e+01,2.035476e+01,2.039673e+01,2.031278e+01,2.038274e+01,2.033377e+01,2.028478e+01,2.036176e+01,2.041071e+01,2.028478e+01,2.030578e+01,2.039673e+01,2.041770e+01,2.045964e+01,2.044567e+01,2.037575e+01,2.038274e+01,2.043868e+01,2.041770e+01,2.039673e+01,2.037575e+01,2.048061e+01,2.037575e+01,2.033377e+01,2.045964e+01,2.035476e+01,2.029178e+01,2.042470e+01,2.028478e+01,2.025677e+01,2.024977e+01,2.035476e+01,2.030578e+01,2.036875e+01,2.022176e+01,1.999033e+01,1.972317e+01,1.936349e+01,1.934229e+01,1.920085e+01,1.926452e+01,1.918670e+01,1.912298e+01,1.908047e+01,1.906630e+01,1.930695e+01,1.948352e+01,1.994117e+01,2.028478e+01,2.031978e+01,2.031278e+01,2.033377e+01,2.033377e+01,2.035476e+01,2.035476e+01,2.025677e+01,2.006051e+01,1.992711e+01,1.956112e+01,1.941999e+01,1.906630e+01,1.902378e+01,1.893157e+01,1.914422e+01,1.918670e+01,1.920085e+01,1.910881e+01,1.915130e+01,1.910881e+01,1.925745e+01,1.913006e+01,1.923623e+01,1.913714e+01,1.918670e+01,1.925038e+01,1.926452e+01,1.937055e+01,1.934229e+01,1.935642e+01,1.936349e+01,1.960342e+01,1.963865e+01,1.967388e+01,1.977243e+01,2.004648e+01,2.034777e+01,2.034777e+01,2.036875e+01,2.034077e+01,2.039673e+01,2.037575e+01,2.025677e+01,2.038974e+01,2.034077e+01,2.038974e+01,2.027078e+01,1.977947e+01,1.925038e+01,1.903087e+01,1.894576e+01,1.884638e+01,1.861174e+01,1.859750e+01,1.840508e+01,1.852628e+01,1.844787e+01,1.850490e+01,1.841934e+01,1.851915e+01,1.850490e+01,1.873269e+01,1.852628e+01,1.865444e+01,1.861174e+01,1.875401e+01,1.876823e+01,1.878245e+01,1.892448e+01,1.903087e+01,1.902378e+01,1.907339e+01,1.923623e+01,1.910881e+01,1.940587e+01,1.934936e+01,1.935642e+01,1.970205e+01,1.970909e+01,1.976540e+01,1.991306e+01,2.036875e+01,2.037575e+01,2.036875e+01,2.036176e+01,2.033377e+01,2.052950e+01,2.045964e+01,2.028478e+01,2.031978e+01,2.036176e+01,2.040372e+01,2.038974e+01,2.039673e+01,2.038974e+01,2.030578e+01,2.039673e+01,2.040372e+01,2.043169e+01,2.049458e+01,2.041071e+01,2.042470e+01,2.036176e+01,2.040372e+01,2.043169e+01,2.048759e+01,2.048061e+01,2.048061e+01,2.045266e+01,2.046663e+01,2.043868e+01,2.042470e+01,2.043169e+01,2.043169e+01,2.038974e+01,2.038974e+01,2.039673e+01,2.035476e+01,2.038974e+01,2.038974e+01,2.044567e+01,2.043868e+01,2.044567e+01,2.044567e+01,2.045964e+01,2.048061e+01,2.043169e+01,2.052252e+01,2.034777e+01,2.040372e+01,2.045964e+01,2.051554e+01,2.052252e+01,2.047362e+01,2.056442e+01,2.064118e+01,2.057838e+01,2.050855e+01,2.050157e+01,2.048061e+01,2.050157e+01,2.041770e+01,2.059234e+01,2.052252e+01,2.046663e+01,2.059932e+01,2.057838e+01,2.048061e+01,2.052252e+01,2.049458e+01,2.060629e+01,2.059234e+01,2.055045e+01,2.047362e+01,2.048759e+01,2.064118e+01,2.048759e+01,2.057838e+01,2.057140e+01,2.065513e+01,2.050157e+01,2.057140e+01,2.053649e+01,2.055743e+01,2.061327e+01,2.056442e+01,2.055045e+01,2.059234e+01,2.071091e+01,2.056442e+01,2.055045e+01,2.048061e+01,2.045964e+01,2.063420e+01,2.052950e+01,2.055045e+01,2.054347e+01,2.065513e+01,2.052950e+01,2.054347e+01,2.052950e+01,2.061327e+01,2.057140e+01,2.066908e+01,2.059932e+01,2.052252e+01,2.073182e+01,2.055743e+01,2.064816e+01,2.062025e+01,2.053649e+01,2.062025e+01,2.056442e+01,2.039673e+01,2.050855e+01,2.055743e+01,2.043868e+01,2.056442e+01,2.064118e+01,2.058536e+01,2.057838e+01,2.054347e+01,2.060629e+01,2.038974e+01,2.059932e+01,2.057140e+01,2.052950e+01,2.051554e+01,2.051554e+01,2.051554e+01,2.057140e+01,2.057838e+01,2.053649e+01,2.052252e+01,2.059932e+01,2.047362e+01,2.059234e+01,2.051554e+01,2.053649e+01,2.057838e+01,2.049458e+01,2.066211e+01,2.057838e+01,2.054347e+01,2.055743e+01,2.051554e+01,2.052950e+01,2.055743e+01,2.055045e+01,2.053649e+01,2.050855e+01,2.045964e+01,2.057140e+01,2.051554e+01,2.041071e+01,2.055045e+01,2.055743e+01,2.050855e+01,2.052252e+01,2.044567e+01,2.050855e+01,2.043868e+01,2.041071e+01,2.041071e+01,2.046663e+01,2.043169e+01,2.058536e+01,2.062025e+01,2.043169e+01,2.042470e+01,2.045964e+01,2.037575e+01,2.043868e+01,2.047362e+01,2.039673e+01,2.045266e+01,2.043169e+01,2.032678e+01,2.044567e+01,2.038974e+01,2.046663e+01,2.045964e+01,2.038974e+01,2.040372e+01,2.045266e+01,2.050855e+01,2.050157e+01,2.036176e+01,2.031278e+01,2.029878e+01,2.036176e+01,2.036176e+01,2.033377e+01,2.040372e+01,2.042470e+01,2.045266e+01,2.043169e+01,2.043868e+01,2.042470e+01,2.040372e+01,2.043169e+01,2.039673e+01,2.040372e+01,2.046663e+01,2.032678e+01,2.034077e+01,2.030578e+01,2.028478e+01,2.036875e+01,2.034077e+01,2.024277e+01,2.026378e+01,2.034777e+01,2.028478e+01,2.031978e+01,2.034777e+01,2.031278e+01,2.032678e+01,2.038274e+01,2.038274e+01,2.034077e+01,2.033377e+01,2.036875e+01,2.036176e+01,2.036176e+01,2.032678e+01,2.034777e+01,2.036176e+01,2.036875e+01,2.038974e+01,2.035476e+01,2.041071e+01,2.035476e+01,2.036176e+01,2.039673e+01,2.039673e+01,2.041071e+01,2.031978e+01,2.035476e+01,2.036176e+01,2.041071e+01,2.045266e+01,2.036176e+01,2.043169e+01,2.040372e+01,2.036875e+01,2.034777e+01,2.031978e+01,2.031978e+01,2.033377e+01,2.032678e+01,2.052950e+01,2.037575e+01,2.042470e+01,2.039673e+01,2.035476e+01,2.022176e+01,2.038974e+01,2.035476e+01,2.028478e+01,2.024977e+01,2.042470e+01,2.025677e+01,2.041071e+01,2.041071e+01,2.045964e+01,2.038974e+01,2.034077e+01,2.035476e+01,2.030578e+01,2.036176e+01,2.041071e+01,2.040372e+01,2.047362e+01,2.041770e+01,2.036875e+01,2.039673e+01,2.031278e+01,2.032678e+01,2.041770e+01,2.038974e+01,2.041770e+01,2.043868e+01,2.034077e+01,2.050855e+01,2.040372e+01,2.043169e+01,2.038974e+01,2.037575e+01,2.045266e+01,2.042470e+01,2.040372e+01,2.027778e+01,2.040372e+01,2.024277e+01,2.031978e+01,2.033377e+01
2.026378e+01,2.036875e+01,2.038274e+01,2.041770e+01,2.038274e+01,2.043169e+01,2.027078e+01,2.027078e+01,2.046663e+01,2.044567e+01,2.027778e+01,2.035476e+01,2.044567e+01,2.050157e+01,2.057140e+01,2.091983e+01,2.092679e+01,2.135023e+01,2.173741e+01,2.160621e+01,2.168909e+01,2.139178e+01,2.158548e+01,2.151634e+01,2.139178e+01,2.188223e+01,2.225367e+01,2.202684e+01,2.163385e+01,2.177881e+01,2.188223e+01,2.169600e+01,2.141948e+01,2.144716e+01,2.166838e+01,2.159930e+01,2.154400e+01,2.159239e+01,2.157166e+01,2.133637e+01,2.127400e+01,2.143332e+01,2.141255e+01,2.148176e+01,2.203372e+01,2.187534e+01,2.167528e+01,2.179260e+01,2.155092e+01,2.150943e+01,2.162003e+01,2.338715e+01,2.297890e+01,2.211625e+01,2.168909e+01,2.186844e+01,2.155783e+01,2.136408e+01,2.170290e+01,2.167528e+01,2.150943e+01,2.166147e+01,2.197177e+01,2.241146e+01,2.289023e+01,2.258955e+01,2.182019e+01,2.147484e+01,2.125320e+01,2.114220e+01,2.112831e+01,2.113526e+01,2.111443e+01,2.109360e+01,2.120465e+01,2.112831e+01,2.116302e+01,2.123240e+01,2.121852e+01,2.120465e+01,2.071789e+01,2.069697e+01,2.096852e+01,2.103802e+01,2.104497e+01,2.090592e+01,2.088504e+01,2.104497e+01,2.096156e+01,2.071789e+01,2.075273e+01,2.104497e+01,2.141948e+01,2.126013e+01,2.127400e+01,2.164766e+01,2.206124e+01,2.153017e+01,2.114220e+01,2.119771e+01,2.116302e+01,2.120465e+01,2.181329e+01,2.183398e+01,2.164075e+01,2.117690e+01,2.116996e+01,2.098937e+01,2.089200e+01,2.116996e+01,2.111443e+01,2.153709e+01,2.117690e+01,2.095461e+01,2.113526e+01,2.117690e+01,2.041770e+01,2.034077e+01,2.039673e+01,2.039673e+01,2.045964e+01,2.040372e+01,2.036875e+01,2.037575e+01,2.031978e+01,2.033377e+01,2.041071e+01,2.042470e+01,2.041770e+01,2.041770e+01,2.043169e+01,2.031978e+01,2.051554e+01,2.048759e+01,2.043868e+01,2.052950e+01,2.036176e+01,2.041770e+01,2.048061e+01,2.047362e+01,2.044567e+01,2.045964e+01,2.038974e+01,2.027778e+01,2.040372e+01,2.043868e+01,2.048759e+01,2.041770e+01,2.046663e+01,2.045266e+01,2.045266e+01,2.036875e+01,2.041071e+01,2.044567e+01,2.035476e+01,2.044567e+01,2.045964e+01,2.042470e+01,2.046663e+01,2.045964e+01,2.036875e+01,2.041071e+01,2.036176e+01,2.038274e+01,2.041071e+01,2.035476e+01,2.045266e+01,2.043169e+01,2.037575e+01,2.043169e+01,2.037575e+01,2.048061e+01,2.026378e+01,2.015869e+01,2.035476e+01,2.048061e+01,2.042470e+01,2.038274e+01,2.039673e+01,2.051554e+01,2.041770e+01,2.038974e+01,2.034777e+01,2.034077e+01,2.036875e+01,2.038274e+01,2.034777e+01,2.034077e+01,2.033377e+01,2.035476e+01,2.038974e+01,2.036875e+01,2.031278e+01,2.048759e+01,2.039673e+01,2.035476e+01,2.036176e+01,2.040372e+01,2.038974e+01,2.036176e+01,2.038974e+01,2.041071e+01,2.039673e+01,2.041071e+01,2.035476e+01,2.037575e+01,2.048061e+01,2.036176e+01,2.030578e+01,2.026378e+01,2.041071e+01,2.036875e+01,2.031278e+01,2.044567e+01,2.031978e+01,2.048061e+01,2.038974e+01,2.054347e+01,2.041071e+01,2.055743e+01,2.033377e+01,2.044567e+01,2.041071e+01,2.027778e+01,2.031978e+01,2.035476e+01,2.034777e+01,2.042470e+01,2.044567e+01,2.045964e+01,2.035476e+01,2.041770e+01,2.033377e+01,2.034777e+01,2.033377e+01,2.042470e+01,2.040372e+01,2.043868e+01,2.031978e+01,2.041770e+01,2.044567e+01,2.037575e+01,2.033377e+01,2.039673e+01,2.041770e+01,2.039673e+01,2.022876e+01,2.040372e+01,2.015168e+01,1.958227e+01,1.953996e+01,1.919378e+01,1.934936e+01,1.915838e+01,1.922208e+01,1.913006e+01,1.898123e+01,1.900960e+01,1.905922e+01,1.900251e+01,1.925745e+01,1.948352e+01,2.011663e+01,2.031978e+01,2.029178e+01,2.033377e+01,2.033377e+01,2.031978e+01,2.031278e+01,2.030578e+01,2.017972e+01,1.954701e+01,1.941293e+01,1.913714e+01,1.894576e+01,1.895286e+01,1.897414e+01,1.897414e+01,1.909464e+01,1.904504e+01,1.902378e+01,1.898832e+01,1.917962e+01,1.914422e+01,1.902378e+01,1.915130e+01,1.925745e+01,1.921501e+01,1.932109e+01,1.929281e+01,1.931402e+01,1.939881e+01,1.938468e+01,1.938468e+01,1.960342e+01,1.968092e+01,1.980058e+01,1.980058e+01,2.027778e+01,2.032678e+01,2.029178e+01,2.041071e+01,2.036176e+01,2.038974e+01,2.039673e+01,2.036176e+01,2.040372e+01,2.031278e+01,2.036875e+01,2.045266e+01,2.031278e+01,1.999735e+01,1.977947e+01,1.905922e+01,1.896704e+01,1.886769e+01,1.862598e+01,1.843361e+01,1.851203e+01,1.851915e+01,1.844787e+01,1.849064e+01,1.839081e+01,1.850490e+01,1.851915e+01,1.857614e+01,1.858326e+01,1.864733e+01,1.868290e+01,1.867579e+01,1.892448e+01,1.900960e+01,1.891028e+01,1.912298e+01,1.910173e+01,1.918670e+01,1.921501e+01,1.934229e+01,1.934936e+01,1.967388e+01,1.952586e+01,1.971613e+01,1.976540e+01,2.028478e+01,2.036176e+01,2.038274e+01,2.036176e+01,2.031978e+01,2.034077e+01,2.029178e+01,2.031978e+01,2.024977e+01,2.020774e+01,2.035476e+01,2.034777e+01,2.038974e+01,2.039673e+01,2.040372e+01,2.042470e+01,2.036875e+01,2.034777e+01,2.045266e+01,2.038974e+01,2.038274e+01,2.041770e+01,2.055743e+01,2.054347e+01,2.026378e+01,2.048759e+01,2.041071e+01,2.046663e+01,2.031278e+01,2.035476e+01,2.040372e+01,2.043169e+01,2.043868e+01,2.043868e+01,2.039673e+01,2.038274e+01,2.047362e+01,2.038974e+01,2.030578e+01,2.042470e+01,2.041770e+01,2.044567e+01,2.037575e+01,2.042470e+01,2.045964e+01,2.039673e+01,2.038274e+01,2.057838e+01,2.045964e+01,2.045964e+01,2.049458e+01,2.047362e+01,2.043169e+01,2.046663e+01,2.054347e+01,2.056442e+01,2.036875e+01,2.050855e+01,2.058536e+01,2.050157e+01,2.055045e+01,2.043868e+01,2.052950e+01,2.054347e+01,2.043868e+01,2.054347e+01,2.052950e+01,2.051554e+01,2.053649e+01,2.043868e+01,2.060629e+01,2.057140e+01,2.052950e+01,2.045964e+01,2.059234e+01,2.047362e+01,2.057140e+01,2.056442e+01,2.048759e+01,2.059234e+01,2.050855e+01,2.051554e+01,2.056442e+01,2.051554e+01,2.058536e+01,2.055743e+01,2.058536e+01,2.055045e+01,2.055743e+01,2.052252e+01,2.061327e+01,2.070394e+01,2.055045e+01,2.054347e+01,2.051554e+01,2.059234e+01,2.062025e+01,2.051554e+01,2.074576e+01,2.054347e+01,2.058536e+01,2.052950e+01,2.052950e+01,2.052950e+01,2.059234e+01,2.058536e+01,2.051554e+01,2.067605e+01,2.060629e+01,2.062723e+01,2.057838e+01,2.054347e+01,2.063420e+01,2.059932e+01,2.040372e+01,2.046663e+01,2.047362e+01,2.055045e+01,2.055045e+01,2.059932e+01,2.062723e+01,2.062025e+01,2.062723e+01,2.055045e+01,2.055045e+01,2.065513e+01,2.055045e+01,2.055743e+01,2.051554e+01,2.063420e+01,2.055743e+01,2.062723e+01,2.053649e+01,2.055743e+01,2.049458e+01,2.048061e+01,2.055743e+01,2.056442e+01,2.057140e+01,2.054347e+01,2.052252e+01,2.064816e+01,2.059932e+01,2.065513e+01,2.057140e+01,2.054347e+01,2.057140e+01,2.054347e+01,2.055045e+01,2.050157e+01,2.050855e+01,2.049458e+01,2.053649e+01,2.043868e+01,2.045266e+01,2.047362e+01,2.050157e+01,2.052252e+01,2.038274e+01,2.050157e+01,2.047362e+01,2.042470e+01,2.038974e+01,2.038974e+01,2.037575e+01,2.043169e+01,2.047362e+01,2.043169e+01,2.043169e+01,2.038974e+01,2.048759e+01,2.042470e+01,2.048061e+01,2.045964e+01,2.050855e+01,2.053649e+01,2.059234e+01,2.047362e+01,2.053649e+01,2.044567e+01,2.031278e+01,2.042470e+01,2.036176e+01,2.057140e+01,2.048759e+01,2.038974e+01,2.048061e+01,2.029878e+01,2.040372e+01,2.032678e+01,2.037575e+01,2.040372e+01,2.045266e+01,2.039673e+01,2.043868e+01,2.044567e+01,2.036176e+01,2.044567e+01,2.045266e+01,2.038974e+01,2.027778e+01,2.041071e+01,2.048759e+01,2.045964e+01,2.044567e+01,2.031278e+01,2.030578e+01,2.033377e+01,2.028478e+01,2.040372e+01,2.042470e+01,2.025677e+01,2.029178e+01,2.027778e+01,2.029878e+01,2.040372e+01,2.034777e+01,2.040372e+01,2.031978e+01,2.022176e+01,2.036176e+01,2.029878e+01,2.030578e+01,2.030578e+01,2.019373e+01,2.026378e+01,2.037575e+01,2.035476e+01,2.035476e+01,2.041071e+01,2.030578e+01,2.038974e+01,2.036875e+01,2.038974e+01,2.034777e+01,2.039673e+01,2.030578e+01,2.031978e+01,2.042470e+01,2.041071e+01,2.031978e+01,2.038974e+01,2.038274e+01,2.038974e+01,2.042470e+01,2.038974e+01,2.029878e+01,2.038974e+01,2.029178e+01,2.033377e+01,2.029878e+01,2.029178e+01,2.036176e+01,2.043169e+01,2.042470e+01,2.043868e+01,2.036875e+01,2.033377e+01,2.039673e+01,2.038274e+01,2.040372e+01,2.043169e+01,2.025677e+01,2.045964e+01,2.031978e+01,2.041071e+01,2.035476e+01,2.028478e+01,2.040372e+01,2.032678e+01,2.042470e+01,2.040372e+01,2.029178e+01,2.033377e+01,2.036875e+01,2.048061e+01,2.030578e+01,2.031978e+01,2.040372e+01,2.034777e+01,2.031278e+01,2.037575e+01,2.048759e+01,2.035476e+01,2.029178e+01,2.036176e+01,2.047362e+01,2.034777e+01,2.042470e+01,2.034077e+01,2.043169e+01,2.042470e+01,2.041770e+01,2.035476e+01,2.045266e+01,2.029178e+01,2.032678e+01
2.023577e+01,2.040372e+01,2.026378e+01,2.039673e+01,2.042470e+01,2.033377e+01,2.038974e+01,2.048759e+01,2.042470e+01,2.048759e+01,2.021475e+01,2.041770e+01,2.057838e+01,2.052252e+01,2.063420e+01,2.071789e+01,2.093374e+01,2.130173e+01,2.160621e+01,2.143332e+01,2.153017e+01,2.148868e+01,2.146100e+01,2.170290e+01,2.175811e+01,2.174431e+01,2.159930e+01,2.267164e+01,2.239090e+01,2.164075e+01,2.192356e+01,2.157857e+01,2.155092e+01,2.157857e+01,2.160621e+01,2.218498e+01,2.218498e+01,2.216437e+01,2.175121e+01,2.164075e+01,2.168219e+01,2.145408e+01,2.157166e+01,2.157857e+01,2.207499e+01,2.198554e+01,2.168219e+01,2.155092e+01,2.161312e+01,2.162003e+01,2.159930e+01,2.254164e+01,2.288341e+01,2.246629e+01,2.254164e+01,2.204060e+01,2.226053e+01,2.189601e+01,2.190290e+01,2.170290e+01,2.142640e+01,2.145408e+01,2.159239e+01,2.234289e+01,2.265113e+01,2.284928e+01,2.240461e+01,2.205436e+01,2.174431e+01,2.197865e+01,2.148176e+01,2.101718e+01,2.111443e+01,2.100327e+01,2.105192e+01,2.105887e+01,2.104497e+01,2.116996e+01,2.148176e+01,2.144024e+01,2.126013e+01,2.106581e+01,2.177191e+01,2.177191e+01,2.151634e+01,2.143332e+01,2.139871e+01,2.124627e+01,2.155092e+01,2.121852e+01,2.132944e+01,2.115608e+01,2.159239e+01,2.151634e+01,2.128786e+01,2.191668e+01,2.237718e+01,2.130865e+01,2.115608e+01,2.131559e+01,2.122546e+01,2.158548e+01,2.184087e+01,2.249370e+01,2.248000e+01,2.142640e+01,2.119771e+01,2.081543e+01,2.069000e+01,2.085720e+01,2.090592e+01,2.105192e+01,2.090592e+01,2.090592e+01,2.101023e+01,2.116302e+01,2.038974e+01,2.038974e+01,2.039673e+01,2.039673e+01,2.041770e+01,2.043169e+01,2.027778e+01,2.035476e+01,2.032678e+01,2.021475e+01,2.043868e+01,2.042470e+01,2.044567e+01,2.044567e+01,2.045266e+01,2.042470e+01,2.052252e+01,2.047362e+01,2.031278e+01,2.045964e+01,2.042470e+01,2.048061e+01,2.033377e+01,2.043169e+01,2.043868e+01,2.043169e+01,2.047362e+01,2.043169e+01,2.042470e+01,2.047362e+01,2.041071e+01,2.038974e+01,2.052950e+01,2.044567e+01,2.036176e+01,2.043169e+01,2.033377e+01,2.038974e+01,2.027778e+01,2.039673e+01,2.044567e+01,2.040372e+01,2.044567e+01,2.036875e+01,2.052252e+01,2.043169e+01,2.045964e+01,2.050157e+01,2.040372e+01,2.059234e+01,2.039673e+01,2.051554e+01,2.044567e+01,2.036176e+01,2.044567e+01,2.047362e+01,2.021475e+01,2.047362e+01,2.039673e+01,2.038274e+01,2.037575e+01,2.037575e+01,2.037575e+01,2.045964e+01,2.046663e+01,2.038974e+01,2.041770e+01,2.034077e+01,2.035476e+01,2.036875e+01,2.041071e+01,2.038974e+01,2.040372e+01,2.038974e+01,2.031278e+01,2.043868e+01,2.036875e+01,2.039673e+01,2.039673e+01,2.031278e+01,2.047362e+01,2.038974e+01,2.040372e+01,2.045266e+01,2.043169e+01,2.041071e+01,2.045964e+01,2.020074e+01,2.037575e+01,2.037575e+01,2.039673e+01,2.041071e+01,2.031278e+01,2.049458e+01,2.034777e+01,2.033377e+01,2.046663e+01,2.034777e+01,2.031278e+01,2.039673e+01,2.031278e+01,2.036176e+01,2.049458e+01,2.031278e+01,2.043868e+01,2.031278e+01,2.041071e+01,2.032678e+01,2.029178e+01,2.034777e+01,2.038974e+01,2.037575e+01,2.040372e+01,2.036875e+01,2.045266e+01,2.064816e+01,2.036875e+01,2.037575e+01,2.031978e+01,2.037575e+01,2.045266e+01,2.040372e+01,2.037575e+01,2.044567e+01,2.024277e+01,2.042470e+01,2.037575e+01,2.032678e+01,2.034077e+01,2.038974e+01,2.027078e+01,2.028478e+01,2.016570e+01,1.949764e+01,1.939881e+01,1.929988e+01,1.931402e+01,1.918670e+01,1.913006e+01,1.908756e+01,1.905922e+01,1.898832e+01,1.896704e+01,1.921501e+01,1.908047e+01,1.925038e+01,1.949058e+01,2.005350e+01,2.031278e+01,2.030578e+01,2.032678e+01,2.031278e+01,2.029178e+01,2.028478e+01,2.012364e+01,1.940587e+01,1.916546e+01,1.904504e+01,1.893157e+01,1.919378e+01,1.893867e+01,1.896704e+01,1.900251e+01,1.895995e+01,1.904504e+01,1.896704e+01,1.908047e+01,1.891738e+01,1.909464e+01,1.911590e+01,1.929281e+01,1.926452e+01,1.924331e+01,1.929988e+01,1.955407e+01,1.948352e+01,1.943411e+01,1.952586e+01,1.963161e+01,1.984277e+01,2.008857e+01,2.010260e+01,2.031278e+01,2.031978e+01,2.036176e+01,2.035476e+01,2.027078e+01,2.035476e+01,2.036875e+01,2.035476e+01,2.041770e+01,2.034077e+01,2.044567e+01,2.027078e+01,2.031978e+01,2.025677e+01,2.020774e+01,1.999735e+01,1.941293e+01,1.905922e+01,1.859750e+01,1.869002e+01,1.847639e+01,1.842648e+01,1.850490e+01,1.841934e+01,1.853340e+01,1.858326e+01,1.853340e+01,1.856902e+01,1.861174e+01,1.869002e+01,1.878955e+01,1.874691e+01,1.885349e+01,1.888189e+01,1.907339e+01,1.920085e+01,1.913714e+01,1.932109e+01,1.949764e+01,1.949764e+01,1.959637e+01,1.955407e+01,1.952586e+01,1.993414e+01,2.038274e+01,2.038974e+01,2.034777e+01,2.036875e+01,2.035476e+01,2.031278e+01,2.038974e+01,2.026378e+01,1.977243e+01,1.954701e+01,1.977243e+01,1.999033e+01,2.009559e+01,1.997628e+01,2.029178e+01,2.015869e+01,2.018673e+01,2.035476e+01,2.032678e+01,2.039673e+01,2.040372e+01,2.038274e+01,2.035476e+01,2.042470e+01,2.034777e+01,2.034077e+01,2.041071e+01,2.042470e+01,2.045266e+01,2.043868e+01,2.045964e+01,2.047362e+01,2.042470e+01,2.043169e+01,2.043169e+01,2.043868e+01,2.050157e+01,2.041071e+01,2.047362e+01,2.039673e+01,2.041770e+01,2.043868e+01,2.041770e+01,2.046663e+01,2.047362e+01,2.054347e+01,2.055045e+01,2.039673e+01,2.050855e+01,2.043868e+01,2.039673e+01,2.041071e+01,2.040372e+01,2.056442e+01,2.052950e+01,2.035476e+01,2.052950e+01,2.059932e+01,2.053649e+01,2.052950e+01,2.050855e+01,2.051554e+01,2.058536e+01,2.057838e+01,2.041071e+01,2.060629e+01,2.053649e+01,2.044567e+01,2.048061e+01,2.051554e+01,2.064118e+01,2.057140e+01,2.059234e+01,2.052950e+01,2.062025e+01,2.064816e+01,2.047362e+01,2.059234e+01,2.057140e+01,2.050157e+01,2.048759e+01,2.052950e+01,2.050855e+01,2.050855e+01,2.058536e+01,2.050855e+01,2.070394e+01,2.039673e+01,2.054347e+01,2.053649e+01,2.071091e+01,2.055045e+01,2.050855e+01,2.065513e+01,2.061327e+01,2.060629e+01,2.062025e+01,2.052252e+01,2.061327e+01,2.069000e+01,2.058536e+01,2.057838e+01,2.058536e+01,2.056442e+01,2.049458e+01,2.059234e+01,2.059932e+01,2.064118e+01,2.052950e+01,2.050157e+01,2.059234e+01,2.068303e+01,2.050157e+01,2.057140e+01,2.056442e+01,2.060629e+01,2.071789e+01,2.040372e+01,2.063420e+01,2.060629e+01,2.059234e+01,2.055045e+01,2.053649e+01,2.054347e+01,2.062723e+01,2.059234e+01,2.059234e+01,2.052252e+01,2.057838e+01,2.052950e+01,2.057838e+01,2.060629e+01,2.053649e+01,2.051554e+01,2.054347e+01,2.052252e+01,2.050157e+01,2.056442e+01,2.059234e+01,2.059234e+01,2.050157e+01,2.036875e+01,2.061327e+01,2.060629e+01,2.061327e+01,2.062723e+01,2.055045e+01,2.057838e+01,2.055743e+01,2.041770e+01,2.050855e+01,2.046663e+01,2.062025e+01,2.060629e+01,2.040372e+01,2.057140e+01,2.057140e+01,2.050855e+01,2.055045e+01,2.043868e+01,2.048061e+01,2.045266e+01,2.050855e+01,2.044567e+01,2.053649e+01,2.055045e+01,2.049458e+01,2.054347e+01,2.042470e+01,2.043868e+01,2.040372e+01,2.058536e+01,2.049458e+01,2.041770e+01,2.041770e+01,2.036875e+01,2.043169e+01,2.047362e+01,2.042470e+01,2.047362e+01,2.055045e+01,2.038274e+01,2.038974e+01,2.046663e+01,2.048061e+01,2.040372e+01,2.047362e+01,2.048061e+01,2.041071e+01,2.034077e+01,2.031978e+01,2.038974e+01,2.038974e+01,2.044567e+01,2.046663e+01,2.045266e+01,2.036176e+01,2.042470e+01,2.043169e+01,2.044567e+01,2.043868e+01,2.049458e+01,2.043868e+01,2.034777e+01,2.043868e+01,2.031978e+01,2.047362e+01,2.028478e+01,2.040372e+01,2.030578e+01,2.034077e+01,2.031978e+01,2.033377e+01,2.029178e+01,2.036875e+01,2.032678e+01,2.027778e+01,2.044567e+01,2.037575e+01,2.037575e+01,2.034777e+01,2.030578e+01,2.031278e+01,2.028478e+01,2.038974e+01,2.032678e+01,2.043169e+01,2.038274e+01,2.036176e+01,2.039673e+01,2.038274e+01,2.038274e+01,2.048759e+01,2.039673e+01,2.017972e+01,2.034077e+01,2.032678e+01,2.046663e+01,2.037575e+01,2.032678e+01,2.038974e+01,2.031978e+01,2.028478e+01,2.043868e+01,2.045266e+01,2.043169e+01,2.036176e+01,2.032678e+01,2.042470e+01,2.026378e+01,2.052252e+01,2.032678e+01,2.032678e+01,2.045266e+01,2.065513e+01,2.038974e+01,2.029878e+01,2.038974e+01,2.050157e+01,2.020074e+01,2.031278e+01,2.029878e+01,2.025677e+01,2.026378e+01,2.040372e+01,2.031978e+01,2.043868e+01,2.041770e+01,2.040372e+01,2.034077e+01,2.035476e+01,2.027778e+01,2.022176e+01,2.043169e+01,2.036176e+01,2.036875e+01,2.041071e+01,2.042470e+01,2.041770e+01,2.038974e+01,2.032678e+01,2.038274e+01,2.038274e+01,2.030578e+01,2.059932e+01,2.042470e+01,2.037575e+01,2.036176e+01,2.043169e+01,2.038274e+01,2.044567e+01,2.036875e+01,2.034077e+01,2.040372e+01,2.041770e+01,2.043169e+01,2.043169e+01,2.038274e+01
2.040372e+01,2.026378e+01,2.037575e+01,2.029878e+01,2.026378e+01,2.034077e+01,2.036176e+01,2.045266e+01,2.039673e+01,2.036176e+01,2.045964e+01,2.044567e+01,2.047362e+01,2.068303e+01,2.057140e+01,2.072486e+01,2.111443e+01,2.132252e+01,2.159930e+01,2.128093e+01,2.163385e+01,2.167528e+01,2.149559e+01,2.146792e+01,2.141255e+01,2.173741e+01,2.160621e+01,2.148176e+01,2.190290e+01,2.172361e+01,2.159930e+01,2.161312e+01,2.167528e+01,2.156474e+01,2.134330e+01,2.183398e+01,2.296526e+01,2.198554e+01,2.218498e+01,2.162003e+01,2.184087e+01,2.148176e+01,2.153709e+01,2.184776e+01,2.199931e+01,2.204060e+01,2.161312e+01,2.146100e+01,2.161312e+01,2.152326e+01,2.154400e+01,2.180640e+01,2.199242e+01,2.195800e+01,2.197177e+01,2.230172e+01,2.265797e+01,2.263745e+01,2.297890e+01,2.253479e+01,2.189601e+01,2.152326e+01,2.159930e+01,2.155783e+01,2.187534e+01,2.284245e+01,2.342789e+01,2.307430e+01,2.241146e+01,2.171671e+01,2.148868e+01,2.137101e+01,2.119771e+01,2.109360e+01,2.102413e+01,2.090592e+01,2.087112e+01,2.089200e+01,2.123240e+01,2.121159e+01,2.123240e+01,2.123933e+01,2.129479e+01,2.149559e+01,2.150251e+01,2.150943e+01,2.171671e+01,2.168219e+01,2.179260e+01,2.175811e+01,2.160621e+01,2.143332e+01,2.130865e+01,2.142640e+01,2.155783e+01,2.206124e+01,2.217811e+01,2.135715e+01,2.123240e+01,2.146100e+01,2.158548e+01,2.203372e+01,2.182708e+01,2.261692e+01,2.279465e+01,2.159930e+01,2.110054e+01,2.136408e+01,2.144716e+01,2.107971e+01,2.064816e+01,2.063420e+01,2.063420e+01,2.057838e+01,2.073879e+01,2.046663e+01,2.044567e+01,2.038974e+01,2.038974e+01,2.037575e+01,2.044567e+01,2.038274e+01,2.040372e+01,2.036176e+01,2.039673e+01,2.031278e+01,2.034777e+01,2.036176e+01,2.046663e+01,2.045266e+01,2.045266e+01,2.035476e+01,2.034077e+01,2.044567e+01,2.045266e+01,2.044567e+01,2.029878e+01,2.044567e+01,2.036176e+01,2.045964e+01,2.038974e+01,2.038974e+01,2.036875e+01,2.048061e+01,2.036176e+01,2.041770e+01,2.031978e+01,2.038274e+01,2.051554e+01,2.037575e+01,2.049458e+01,2.033377e+01,2.045266e+01,2.031978e+01,2.031978e+01,2.052950e+01,2.038274e+01,2.043868e+01,2.037575e+01,2.038274e+01,2.035476e+01,2.048061e+01,2.041770e+01,2.038974e+01,2.041071e+01,2.038274e+01,2.030578e+01,2.037575e+01,2.043169e+01,2.044567e+01,2.045266e+01,2.038974e+01,2.045266e+01,2.036176e+01,2.040372e+01,2.040372e+01,2.032678e+01,2.039673e+01,2.041071e+01,2.040372e+01,2.040372e+01,2.041770e+01,2.040372e+01,2.036875e+01,2.037575e+01,2.028478e+01,2.038274e+01,2.036176e+01,2.036176e+01,2.037575e+01,2.036176e+01,2.046663e+01,2.032678e+01,2.040372e+01,2.034777e+01,2.036176e+01,2.048061e+01,2.036875e+01,2.045964e+01,2.040372e+01,2.034777e+01,2.035476e+01,2.038974e+01,2.041770e+01,2.033377e+01,2.037575e+01,2.035476e+01,2.051554e+01,2.034777e+01,2.030578e+01,2.031978e+01,2.041071e+01,2.031278e+01,2.034777e+01,2.035476e+01,2.038274e+01,2.038974e+01,2.034777e+01,2.040372e+01,2.048061e+01,2.038974e+01,2.042470e+01,2.044567e+01,2.029878e+01,2.031278e+01,2.028478e+01,2.036176e+01,2.036176e+01,2.040372e+01,2.038274e+01,2.036176e+01,2.034777e+01,2.032678e+01,2.039673e+01,2.040372e+01,2.035476e+01,2.040372e+01,2.038974e+01,2.050157e+01,2.045266e+01,2.040372e+01,2.040372e+01,2.035476e+01,2.037575e+01,2.041071e+01,2.024277e+01,2.034077e+01,2.015168e+01,1.984277e+01,1.939881e+01,1.923623e+01,1.917962e+01,1.919378e+01,1.916546e+01,1.905213e+01,1.901669e+01,1.896704e+01,1.895286e+01,1.896704e+01,1.903087e+01,1.906630e+01,1.918670e+01,1.921501e+01,1.951175e+01,2.010961e+01,2.028478e+01,2.029178e+01,2.030578e+01,2.027078e+01,2.030578e+01,1.992009e+01,1.937762e+01,1.896704e+01,1.903087e+01,1.886769e+01,1.900960e+01,1.894576e+01,1.899541e+01,1.895995e+01,1.891028e+01,1.888899e+01,1.895995e+01,1.891028e+01,1.891028e+01,1.921501e+01,1.953291e+01,1.938468e+01,1.936349e+01,1.933522e+01,1.938468e+01,1.953996e+01,1.961047e+01,1.936349e+01,1.942705e+01,1.956817e+01,1.977243e+01,2.013065e+01,2.030578e+01,2.029178e+01,2.031278e+01,2.036176e+01,2.033377e+01,2.036875e+01,2.038974e+01,2.038274e+01,2.037575e+01,2.041071e+01,2.038974e+01,2.045266e+01,2.044567e+01,2.041770e+01,2.029178e+01,2.043868e+01,2.028478e+01,2.020774e+01,1.969500e+01,1.904504e+01,1.882508e+01,1.870424e+01,1.849064e+01,1.843361e+01,1.845500e+01,1.854053e+01,1.852628e+01,1.856902e+01,1.881087e+01,1.867579e+01,1.864733e+01,1.868290e+01,1.881797e+01,1.895995e+01,1.930695e+01,1.906630e+01,1.933522e+01,1.924331e+01,1.944118e+01,1.961751e+01,1.961047e+01,1.964570e+01,1.982871e+01,2.000437e+01,2.025677e+01,2.036875e+01,2.011663e+01,2.034077e+01,2.043169e+01,2.038974e+01,2.029878e+01,2.000437e+01,1.945529e+01,1.918670e+01,1.929988e+01,1.932109e+01,1.946941e+01,1.939881e+01,1.941293e+01,1.952586e+01,1.965274e+01,1.966683e+01,1.978650e+01,1.991306e+01,2.037575e+01,2.038974e+01,2.041071e+01,2.051554e+01,2.041071e+01,2.031278e+01,2.048061e+01,2.047362e+01,2.029178e+01,2.036875e+01,2.054347e+01,2.047362e+01,2.041071e+01,2.034077e+01,2.040372e+01,2.046663e+01,2.044567e+01,2.045266e+01,2.043169e+01,2.037575e+01,2.047362e+01,2.041770e+01,2.040372e+01,2.034777e+01,2.041071e+01,2.046663e+01,2.047362e+01,2.042470e+01,2.044567e+01,2.040372e+01,2.043169e+01,2.038274e+01,2.040372e+01,2.037575e+01,2.055743e+01,2.037575e+01,2.035476e+01,2.037575e+01,2.045964e+01,2.052252e+01,2.045266e+01,2.046663e+01,2.043868e+01,2.043169e+01,2.044567e+01,2.045266e+01,2.044567e+01,2.052252e+01,2.045964e+01,2.050855e+01,2.050855e+01,2.038274e+01,2.056442e+01,2.059234e+01,2.059932e+01,2.062025e+01,2.049458e+01,2.061327e+01,2.052252e+01,2.052252e+01,2.050855e+01,2.048061e+01,2.053649e+01,2.069697e+01,2.053649e+01,2.056442e+01,2.052252e+01,2.056442e+01,2.053649e+01,2.052950e+01,2.055045e+01,2.054347e+01,2.050855e+01,2.071789e+01,2.063420e+01,2.059932e+01,2.056442e+01,2.057838e+01,2.057140e+01,2.059932e+01,2.059932e+01,2.054347e+01,2.066211e+01,2.052252e+01,2.059932e+01,2.050157e+01,2.056442e+01,2.055045e+01,2.056442e+01,2.058536e+01,2.050855e+01,2.058536e+01,2.055743e+01,2.059932e+01,2.057140e+01,2.043868e+01,2.055743e+01,2.074576e+01,2.055743e+01,2.052252e+01,2.042470e+01,2.065513e+01,2.061327e+01,2.057140e+01,2.052950e+01,2.050157e+01,2.052252e+01,2.070394e+01,2.052252e+01,2.050855e+01,2.055045e+01,2.057838e+01,2.050157e+01,2.057838e+01,2.055743e+01,2.052950e+01,2.051554e+01,2.050855e+01,2.055045e+01,2.052252e+01,2.052252e+01,2.057838e+01,2.065513e+01,2.062025e+01,2.054347e+01,2.050157e+01,2.057838e+01,2.038274e+01,2.056442e+01,2.057838e+01,2.057838e+01,2.049458e+01,2.050855e+01,2.062723e+01,2.057140e+01,2.057838e+01,2.046663e+01,2.045266e+01,2.050157e+01,2.045266e+01,2.049458e+01,2.045964e+01,2.050855e+01,2.051554e+01,2.047362e+01,2.041071e+01,2.043169e+01,2.019373e+01,2.042470e+01,2.062025e+01,2.045266e+01,2.047362e+01,2.054347e+01,2.048759e+01,2.048759e+01,2.048759e+01,2.041071e+01,2.048759e+01,2.043868e+01,2.036875e+01,2.045964e+01,2.035476e+01,2.043169e+01,2.036875e+01,2.045266e+01,2.047362e+01,2.034777e+01,2.036875e+01,2.035476e+01,2.033377e+01,2.041071e+01,2.034077e+01,2.038274e+01,2.038974e+01,2.041071e+01,2.041071e+01,2.041770e+01,2.045266e+01,2.048061e+01,2.045266e+01,2.029178e+01,2.048061e+01,2.045964e+01,2.039673e+01,2.034777e+01,2.036176e+01,2.041071e+01,2.033377e+01,2.036176e+01,2.036875e+01,2.024977e+01,2.036176e+01,2.031978e+01,2.031278e+01,2.038974e+01,2.039673e+01,2.028478e+01,2.033377e+01,2.028478e+01,2.030578e+01,2.036176e+01,2.024277e+01,2.024277e+01,2.027778e+01,2.029878e+01,2.034777e+01,2.039673e+01,2.025677e+01,2.033377e+01,2.031978e+01,2.039673e+01,2.028478e+01,2.025677e+01,2.042470e+01,2.038974e+01,2.042470e+01,2.042470e+01,2.030578e+01,2.027078e+01,2.046663e+01,2.038974e+01,2.052950e+01,2.038274e+01,2.036176e+01,2.034777e+01,2.045266e+01,2.039673e+01,2.037575e+01,2.041071e+01,2.024277e+01,2.032678e+01,2.033377e+01,2.031978e+01,2.029878e+01,2.031278e+01,2.035476e+01,2.045964e+01,2.039673e+01,2.031278e+01,2.040372e+01,2.027778e+01,2.036875e+01,2.056442e+01,2.042470e+01,2.047362e+01,2.048759e+01,2.041071e+01,2.028478e+01,2.029878e+01,2.032678e+01,2.043169e+01,2.036875e+01,2.017271e+01,2.027078e+01,2.041071e+01,2.029878e+01,2.023577e+01,2.034777e+01,2.041071e+01,2.041770e+01,2.038274e+01,2.060629e+01,2.053649e+01,2.047362e+01,2.029878e+01,2.043868e+01,2.034777e+01,2.041071e+01,2.041071e+01,2.036875e+01,2.049458e+01,2.036875e+01,2.034777e+01,2.038274e+01,2.031278e+01,2.029178e+01,2.037575e+01,2.041770e+01,2.031278e+01
2.067605e+01,2.041770e+01,2.037575e+01,2.037575e+01,2.042470e+01,2.034777e+01,2.036176e+01,2.036875e+01,2.038974e+01,2.038274e+01,2.038274e+01,2.050157e+01,2.048759e+01,2.056442e+01,2.076667e+01,2.094070e+01,2.129479e+01,2.176501e+01,2.161312e+01,2.159239e+01,2.162003e+01,2.166147e+01,2.199931e+01,2.234975e+01,2.198554e+01,2.150943e+01,2.148176e+01,2.161312e+01,2.170290e+01,2.170980e+01,2.153709e+01,2.148868e+01,2.156474e+01,2.127400e+01,2.125320e+01,2.132944e+01,2.186155e+01,2.226740e+01,2.202684e+01,2.219872e+01,2.184776e+01,2.197865e+01,2.144024e+01,2.139178e+01,2.158548e+01,2.159930e+01,2.153017e+01,2.194423e+01,2.193734e+01,2.152326e+01,2.132944e+01,2.147484e+01,2.196489e+01,2.210250e+01,2.201995e+01,2.202684e+01,2.192356e+01,2.230858e+01,2.229486e+01,2.229486e+01,2.229486e+01,2.177191e+01,2.195800e+01,2.172361e+01,2.177191e+01,2.193734e+01,2.210938e+01,2.242517e+01,2.200619e+01,2.217124e+01,2.177881e+01,2.162694e+01,2.190290e+01,2.135715e+01,2.117690e+01,2.104497e+01,2.095461e+01,2.102413e+01,2.104497e+01,2.103107e+01,2.111443e+01,2.103802e+01,2.117690e+01,2.134330e+01,2.175121e+01,2.206124e+01,2.208875e+01,2.207499e+01,2.310835e+01,2.254164e+01,2.150943e+01,2.146100e+01,2.141948e+01,2.157166e+01,2.201995e+01,2.240461e+01,2.153709e+01,2.128093e+01,2.141948e+01,2.152326e+01,2.234975e+01,2.262377e+01,2.284928e+01,2.256218e+01,2.329204e+01,2.172361e+01,2.125320e+01,2.196489e+01,2.269216e+01,2.161312e+01,2.087112e+01,2.090592e+01,2.059234e+01,2.055743e+01,2.069697e+01,2.052252e+01,2.044567e+01,2.045964e+01,2.037575e+01,2.038974e+01,2.034077e+01,2.041071e+01,2.043169e+01,2.039673e+01,2.045964e+01,2.033377e+01,2.029178e+01,2.047362e+01,2.048061e+01,2.044567e+01,2.034077e+01,2.043868e+01,2.043169e+01,2.051554e+01,2.036176e+01,2.049458e+01,2.045964e+01,2.058536e+01,2.049458e+01,2.043868e+01,2.042470e+01,2.041770e+01,2.045266e+01,2.045266e+01,2.041770e+01,2.041071e+01,2.044567e+01,2.036176e+01,2.035476e+01,2.050157e+01,2.043169e+01,2.043169e+01,2.033377e+01,2.038274e+01,2.048759e+01,2.046663e+01,2.036875e+01,2.044567e+01,2.040372e+01,2.041770e+01,2.040372e+01,2.053649e+01,2.050855e+01,2.048061e+01,2.039673e+01,2.040372e+01,2.045964e+01,2.037575e+01,2.044567e+01,2.045964e+01,2.049458e+01,2.036875e+01,2.038974e+01,2.038974e+01,2.048061e+01,2.040372e+01,2.031278e+01,2.039673e+01,2.032678e+01,2.037575e+01,2.037575e+01,2.044567e+01,2.044567e+01,2.041770e+01,2.038274e+01,2.031978e+01,2.029878e+01,2.036176e+01,2.038274e+01,2.036875e+01,2.031978e+01,2.038274e+01,2.037575e+01,2.037575e+01,2.039673e+01,2.040372e+01,2.037575e+01,2.039673e+01,2.044567e+01,2.042470e+01,2.032678e+01,2.046663e+01,2.038974e+01,2.042470e+01,2.047362e+01,2.038974e+01,2.035476e+01,2.033377e+01,2.029178e+01,2.036875e+01,2.037575e+01,2.049458e+01,2.036176e+01,2.041071e+01,2.036875e+01,2.036875e+01,2.041071e+01,2.047362e+01,2.034077e+01,2.046663e+01,2.035476e+01,2.045266e+01,2.036176e+01,2.042470e+01,2.028478e+01,2.042470e+01,2.029178e+01,2.039673e+01,2.043868e+01,2.033377e+01,2.036176e+01,2.038274e+01,2.036875e+01,2.036176e+01,2.038274e+01,2.039673e+01,2.040372e+01,2.039673e+01,2.045266e+01,2.044567e+01,2.042470e+01,2.037575e+01,2.045266e+01,2.038274e+01,2.042470e+01,2.041770e+01,2.035476e+01,1.991306e+01,1.950469e+01,1.928574e+01,1.921501e+01,1.903795e+01,1.906630e+01,1.909464e+01,1.904504e+01,1.906630e+01,1.899541e+01,1.886769e+01,1.897414e+01,1.879666e+01,1.904504e+01,1.905922e+01,1.905922e+01,1.936349e+01,1.966683e+01,2.026378e+01,2.023577e+01,2.029178e+01,2.029878e+01,2.015869e+01,1.969500e+01,1.905213e+01,1.896704e+01,1.899541e+01,1.897414e+01,1.895286e+01,1.891738e+01,1.891738e+01,1.889609e+01,1.890318e+01,1.893867e+01,1.883928e+01,1.891028e+01,1.903795e+01,1.931402e+01,1.953996e+01,1.944823e+01,1.937762e+01,1.929281e+01,1.933522e+01,1.929988e+01,1.930695e+01,1.949058e+01,1.939881e+01,1.939881e+01,1.952586e+01,1.995521e+01,2.017972e+01,2.032678e+01,2.038974e+01,2.032678e+01,2.041071e+01,2.036875e+01,2.036875e+01,2.036176e+01,2.042470e+01,2.041770e+01,2.043169e+01,2.041071e+01,2.043868e+01,2.031278e+01,2.036875e+01,2.034077e+01,2.039673e+01,2.043868e+01,2.027778e+01,1.985683e+01,1.952586e+01,1.903087e+01,1.898123e+01,1.871847e+01,1.849777e+01,1.854053e+01,1.871847e+01,1.850490e+01,1.867579e+01,1.861174e+01,1.872558e+01,1.868290e+01,1.879666e+01,1.903087e+01,1.984277e+01,1.977243e+01,2.003244e+01,1.989901e+01,2.018673e+01,2.008156e+01,2.007454e+01,2.029878e+01,2.029178e+01,2.032678e+01,2.035476e+01,2.023577e+01,2.027778e+01,2.032678e+01,2.006051e+01,2.006753e+01,1.975836e+01,1.939174e+01,1.915130e+01,1.922208e+01,1.912298e+01,1.929988e+01,1.921501e+01,1.913714e+01,1.938468e+01,1.940587e+01,1.942705e+01,1.946941e+01,1.949764e+01,1.961047e+01,1.980058e+01,2.016570e+01,2.041071e+01,2.041770e+01,2.042470e+01,2.034077e+01,2.032678e+01,2.040372e+01,2.039673e+01,2.045266e+01,2.042470e+01,2.043868e+01,2.042470e+01,2.034777e+01,2.045266e+01,2.059932e+01,2.045964e+01,2.044567e+01,2.042470e+01,2.041770e+01,2.039673e+01,2.048759e+01,2.045964e+01,2.037575e+01,2.050855e+01,2.049458e+01,2.055743e+01,2.053649e+01,2.040372e+01,2.048759e+01,2.035476e+01,2.045266e+01,2.043169e+01,2.041071e+01,2.040372e+01,2.052950e+01,2.041770e+01,2.046663e+01,2.048061e+01,2.045964e+01,2.054347e+01,2.047362e+01,2.055743e+01,2.051554e+01,2.048061e+01,2.049458e+01,2.053649e+01,2.057838e+01,2.049458e+01,2.036875e+01,2.052950e+01,2.063420e+01,2.065513e+01,2.062723e+01,2.049458e+01,2.046663e+01,2.063420e+01,2.041071e+01,2.064816e+01,2.048061e+01,2.052950e+01,2.056442e+01,2.053649e+01,2.055743e+01,2.052950e+01,2.058536e+01,2.062723e+01,2.054347e+01,2.047362e+01,2.045964e+01,2.051554e+01,2.055045e+01,2.052252e+01,2.062723e+01,2.058536e+01,2.055743e+01,2.057140e+01,2.057140e+01,2.054347e+01,2.059932e+01,2.064816e+01,2.057140e+01,2.064816e+01,2.060629e+01,2.056442e+01,2.061327e+01,2.051554e+01,2.053649e+01,2.052950e+01,2.057838e+01,2.062025e+01,2.051554e+01,2.054347e+01,2.054347e+01,2.056442e+01,2.053649e+01,2.059234e+01,2.056442e+01,2.050157e+01,2.050157e+01,2.053649e+01,2.058536e+01,2.064118e+01,2.048759e+01,2.062025e+01,2.054347e+01,2.050855e+01,2.052252e+01,2.052252e+01,2.052950e+01,2.058536e+01,2.061327e+01,2.055045e+01,2.055045e+01,2.055743e+01,2.053649e+01,2.048061e+01,2.059234e+01,2.057838e+01,2.052252e+01,2.055743e+01,2.058536e+01,2.059932e+01,2.057140e+01,2.048759e+01,2.059234e+01,2.058536e+01,2.054347e+01,2.056442e+01,2.056442e+01,2.060629e+01,2.044567e+01,2.052252e+01,2.065513e+01,2.054347e+01,2.059932e+01,2.058536e+01,2.056442e+01,2.050157e+01,2.050855e+01,2.051554e+01,2.041770e+01,2.037575e+01,2.039673e+01,2.038974e+01,2.047362e+01,2.044567e+01,2.041770e+01,2.042470e+01,2.048759e+01,2.030578e+01,2.044567e+01,2.043169e+01,2.041770e+01,2.039673e+01,2.045266e+01,2.044567e+01,2.046663e+01,2.046663e+01,2.045964e+01,2.031278e+01,2.041770e+01,2.043868e+01,2.051554e+01,2.042470e+01,2.036875e+01,2.055743e+01,2.050157e+01,2.043868e+01,2.033377e+01,2.048061e+01,2.037575e+01,2.038974e+01,2.041071e+01,2.042470e+01,2.042470e+01,2.041071e+01,2.042470e+01,2.054347e+01,2.042470e+01,2.056442e+01,2.034777e+01,2.036176e+01,2.037575e+01,2.052950e+01,2.053649e+01,2.042470e+01,2.033377e+01,2.052252e+01,2.036875e+01,2.035476e+01,2.035476e+01,2.038274e+01,2.034077e+01,2.037575e+01,2.041071e+01,2.026378e+01,2.042470e+01,2.037575e+01,2.035476e+01,2.031278e+01,2.030578e+01,2.029878e+01,2.031278e+01,2.028478e+01,2.036176e+01,2.040372e+01,2.025677e+01,2.034077e+01,2.037575e+01,2.041071e+01,2.029178e+01,2.037575e+01,2.038974e+01,2.033377e+01,2.046663e+01,2.024277e+01,2.032678e+01,2.022876e+01,2.029878e+01,2.044567e+01,2.034777e+01,2.046663e+01,2.031278e+01,2.047362e+01,2.045964e+01,2.045964e+01,2.045266e+01,2.039673e+01,2.038274e+01,2.044567e+01,2.031978e+01,2.035476e+01,2.037575e+01,2.034777e+01,2.027078e+01,2.038274e+01,2.037575e+01,2.038974e+01,2.038974e+01,2.038974e+01,2.041071e+01,2.034777e+01,2.022876e+01,2.043868e+01,2.041071e+01,2.043868e+01,2.040372e+01,2.033377e+01,2.036176e+01,2.037575e+01,2.052950e+01,2.035476e+01,2.035476e+01,2.052252e+01,2.019373e+01,2.051554e+01,2.043868e+01,2.043868e+01,2.055045e+01,2.023577e+01,2.038274e+01,2.054347e+01,2.050855e+01,2.052950e+01,2.032678e+01,2.046663e+01,2.047362e+01,2.052950e+01,2.037575e+01,2.051554e+01,2.052950e+01,2.034077e+01,2.042470e+01,2.054347e+01,2.045964e+01,2.038974e+01,2.020774e+01,2.022176e+01
2.041071e+01,2.029878e+01,2.040372e+01,2.021475e+01,2.038974e+01,2.036176e+01,2.041071e+01,2.035476e+01,2.036176e+01,2.047362e+01,2.037575e+01,2.038974e+01,2.052950e+01,2.055743e+01,2.069697e+01,2.092679e+01,2.132944e+01,2.189601e+01,2.177191e+01,2.173051e+01,2.194423e+01,2.168219e+01,2.167528e+01,2.168909e+01,2.141948e+01,2.143332e+01,2.173741e+01,2.202684e+01,2.171671e+01,2.170980e+01,2.173051e+01,2.166838e+01,2.123933e+01,2.130173e+01,2.130865e+01,2.126013e+01,2.137101e+01,2.206124e+01,2.221246e+01,2.204060e+01,2.158548e+01,2.188912e+01,2.150943e+01,2.147484e+01,2.157166e+01,2.164766e+01,2.208875e+01,2.221933e+01,2.221933e+01,2.148176e+01,2.108665e+01,2.101718e+01,2.157166e+01,2.186155e+01,2.176501e+01,2.182019e+01,2.221933e+01,2.228113e+01,2.228799e+01,2.218498e+01,2.178571e+01,2.168909e+01,2.148176e+01,2.155783e+01,2.193045e+01,2.193045e+01,2.148176e+01,2.146792e+01,2.164075e+01,2.146792e+01,2.164075e+01,2.141948e+01,2.184776e+01,2.176501e+01,2.141948e+01,2.128786e+01,2.094765e+01,2.096156e+01,2.107276e+01,2.103107e+01,2.112137e+01,2.107276e+01,2.114220e+01,2.128093e+01,2.179260e+01,2.217124e+01,2.219185e+01,2.213688e+01,2.248000e+01,2.251425e+01,2.164075e+01,2.142640e+01,2.123240e+01,2.123933e+01,2.153709e+01,2.173741e+01,2.155092e+01,2.154400e+01,2.144024e+01,2.164075e+01,2.297208e+01,2.245944e+01,2.257586e+01,2.329204e+01,2.248000e+01,2.244574e+01,2.147484e+01,2.130173e+01,2.166838e+01,2.110054e+01,2.089200e+01,2.063420e+01,2.059932e+01,2.052950e+01,2.053649e+01,2.047362e+01,2.035476e+01,2.036176e+01,2.041071e+01,2.038974e+01,2.044567e+01,2.043169e+01,2.038274e+01,2.034777e+01,2.041071e+01,2.034077e+01,2.052252e+01,2.043169e+01,2.042470e+01,2.039673e+01,2.048759e+01,2.039673e+01,2.041770e+01,2.036176e+01,2.036875e+01,2.041071e+01,2.038974e+01,2.034777e+01,2.050157e+01,2.043169e+01,2.045266e+01,2.045266e+01,2.043868e+01,2.045964e+01,2.034077e+01,2.034777e+01,2.036176e+01,2.034777e+01,2.040372e+01,2.036176e+01,2.038974e+01,2.031978e+01,2.042470e+01,2.038974e+01,2.039673e+01,2.036875e+01,2.037575e+01,2.038274e+01,2.039673e+01,2.042470e+01,2.036176e+01,2.055045e+01,2.043868e+01,2.039673e+01,2.038274e+01,2.038274e+01,2.038274e+01,2.045266e+01,2.045266e+01,2.043169e+01,2.046663e+01,2.045964e+01,2.036875e+01,2.038274e+01,2.038974e+01,2.056442e+01,2.032678e+01,2.043868e+01,2.031278e+01,2.041770e+01,2.039673e+01,2.045266e+01,2.041071e+01,2.038274e+01,2.050855e+01,2.048759e+01,2.033377e+01,2.037575e+01,2.034777e+01,2.031978e+01,2.033377e+01,2.034777e+01,2.036875e+01,2.034077e+01,2.048759e+01,2.037575e+01,2.041071e+01,2.043868e+01,2.045266e+01,2.036875e+01,2.041770e+01,2.044567e+01,2.038274e+01,2.038974e+01,2.033377e+01,2.034077e+01,2.029178e+01,2.048759e+01,2.033377e+01,2.037575e+01,2.036176e+01,2.041770e+01,2.040372e+01,2.041071e+01,2.039673e+01,2.040372e+01,2.034077e+01,2.043169e+01,2.037575e+01,2.038274e+01,2.031978e+01,2.038974e+01,2.035476e+01,2.042470e+01,2.039673e+01,2.041071e+01,2.036875e+01,2.037575e+01,2.041770e+01,2.039673e+01,2.020774e+01,2.038974e+01,2.040372e+01,2.036176e+01,2.041071e+01,2.038974e+01,2.032678e+01,2.034077e+01,2.043169e+01,2.023577e+01,2.041071e+01,2.041071e+01,2.036176e+01,2.041071e+01,2.036176e+01,2.028478e+01,2.023577e+01,1.984277e+01,1.937055e+01,1.926452e+01,1.936349e+01,1.905922e+01,1.917254e+01,1.915838e+01,1.903795e+01,1.896704e+01,1.881087e+01,1.888189e+01,1.886059e+01,1.894576e+01,1.905213e+01,1.897414e+01,1.900251e+01,1.913006e+01,1.951880e+01,2.008156e+01,2.026378e+01,2.022176e+01,2.019373e+01,2.001139e+01,1.944823e+01,1.898123e+01,1.893867e+01,1.888189e+01,1.901669e+01,1.893157e+01,1.887479e+01,1.889609e+01,1.888899e+01,1.892448e+01,1.891738e+01,1.887479e+01,1.891028e+01,1.900251e+01,1.949058e+01,1.939174e+01,1.940587e+01,1.934229e+01,1.930695e+01,1.933522e+01,1.929988e+01,1.935642e+01,1.935642e+01,1.932815e+01,1.954701e+01,1.951175e+01,1.954701e+01,2.006753e+01,2.031978e+01,2.052252e+01,2.031278e+01,2.041071e+01,2.037575e+01,2.039673e+01,2.036875e+01,2.037575e+01,2.043169e+01,2.044567e+01,2.045964e+01,2.034777e+01,2.047362e+01,2.036176e+01,2.035476e+01,2.040372e+01,2.041770e+01,2.031278e+01,2.036176e+01,2.027078e+01,1.987090e+01,1.931402e+01,1.895995e+01,1.863309e+01,1.875401e+01,1.872558e+01,1.853340e+01,1.859750e+01,1.862598e+01,1.878955e+01,1.878955e+01,1.882508e+01,1.944823e+01,2.019373e+01,2.022876e+01,2.047362e+01,2.025677e+01,2.031978e+01,2.031978e+01,2.036875e+01,2.035476e+01,2.028478e+01,2.013065e+01,2.005350e+01,1.996224e+01,2.003946e+01,2.005350e+01,1.941293e+01,1.906630e+01,1.903087e+01,1.906630e+01,1.898123e+01,1.893867e+01,1.900960e+01,1.899541e+01,1.895286e+01,1.900960e+01,1.901669e+01,1.922916e+01,1.915838e+01,1.922208e+01,1.943411e+01,1.951175e+01,1.952586e+01,1.991306e+01,2.035476e+01,2.038274e+01,2.037575e+01,2.045266e+01,2.042470e+01,2.031978e+01,2.040372e+01,2.029178e+01,2.041770e+01,2.048061e+01,2.045266e+01,2.043868e+01,2.042470e+01,2.045964e+01,2.042470e+01,2.041770e+01,2.045266e+01,2.045266e+01,2.045266e+01,2.036875e+01,2.051554e+01,2.036875e+01,2.038974e+01,2.036875e+01,2.048759e+01,2.039673e+01,2.043868e+01,2.047362e+01,2.048061e+01,2.031278e+01,2.045964e+01,2.040372e+01,2.043868e+01,2.041071e+01,2.044567e+01,2.043169e+01,2.045266e+01,2.048061e+01,2.053649e+01,2.046663e+01,2.052950e+01,2.041071e+01,2.054347e+01,2.050157e+01,2.054347e+01,2.055045e+01,2.048759e+01,2.048061e+01,2.061327e+01,2.043169e+01,2.057140e+01,2.059932e+01,2.064118e+01,2.059234e+01,2.048759e+01,2.051554e+01,2.045964e+01,2.051554e+01,2.045964e+01,2.050855e+01,2.051554e+01,2.050157e+01,2.067605e+01,2.056442e+01,2.059234e+01,2.052252e+01,2.055743e+01,2.050157e+01,2.050157e+01,2.051554e+01,2.054347e+01,2.051554e+01,2.059234e+01,2.057140e+01,2.056442e+01,2.057140e+01,2.055743e+01,2.062723e+01,2.062723e+01,2.046663e+01,2.056442e+01,2.059234e+01,2.056442e+01,2.059234e+01,2.056442e+01,2.051554e+01,2.062025e+01,2.058536e+01,2.055045e+01,2.057140e+01,2.056442e+01,2.047362e+01,2.066908e+01,2.066908e+01,2.057140e+01,2.061327e+01,2.056442e+01,2.051554e+01,2.055045e+01,2.053649e+01,2.063420e+01,2.059234e+01,2.055743e+01,2.053649e+01,2.050157e+01,2.052252e+01,2.064118e+01,2.052252e+01,2.050157e+01,2.058536e+01,2.059234e+01,2.054347e+01,2.053649e+01,2.048061e+01,2.048061e+01,2.048759e+01,2.048759e+01,2.047362e+01,2.058536e+01,2.052252e+01,2.063420e+01,2.053649e+01,2.046663e+01,2.055045e+01,2.059234e+01,2.042470e+01,2.050157e+01,2.046663e+01,2.060629e+01,2.046663e+01,2.046663e+01,2.056442e+01,2.052252e+01,2.046663e+01,2.057140e+01,2.051554e+01,2.053649e+01,2.050157e+01,2.058536e+01,2.042470e+01,2.041770e+01,2.046663e+01,2.038974e+01,2.046663e+01,2.047362e+01,2.041071e+01,2.043868e+01,2.046663e+01,2.048061e+01,2.044567e+01,2.037575e+01,2.041770e+01,2.041770e+01,2.047362e+01,2.047362e+01,2.045266e+01,2.045266e+01,2.053649e+01,2.038274e+01,2.042470e+01,2.043868e+01,2.038274e+01,2.039673e+01,2.041770e+01,2.035476e+01,2.038274e+01,2.038974e+01,2.050157e+01,2.036176e+01,2.045266e+01,2.037575e+01,2.036176e+01,2.034777e+01,2.041770e+01,2.044567e+01,2.039673e+01,2.037575e+01,2.036176e+01,2.037575e+01,2.038274e+01,2.038974e+01,2.048061e+01,2.043868e+01,2.036875e+01,2.041071e+01,2.027078e+01,2.044567e+01,2.031978e+01,2.038974e+01,2.043169e+01,2.038974e+01,2.029878e+01,2.034077e+01,2.040372e+01,2.026378e+01,2.031278e+01,2.029178e+01,2.038974e+01,2.034077e+01,2.029178e+01,2.035476e+01,2.026378e+01,2.038274e+01,2.041071e+01,2.038274e+01,2.026378e+01,2.029178e+01,2.029878e+01,2.044567e+01,2.029878e+01,2.031978e+01,2.048759e+01,2.049458e+01,2.045964e+01,2.022876e+01,2.038274e+01,2.041071e+01,2.027778e+01,2.036875e+01,2.040372e+01,2.030578e+01,2.041770e+01,2.029878e+01,2.045964e+01,2.031278e+01,2.043868e+01,2.043868e+01,2.019373e+01,2.043169e+01,2.035476e+01,2.051554e+01,2.048061e+01,2.031278e+01,2.053649e+01,2.036875e+01,2.036875e+01,2.024277e+01,2.037575e+01,2.036176e+01,2.038274e+01,2.037575e+01,2.032678e+01,2.031278e+01,2.040372e+01,2.038274e+01,2.039673e+01,2.038274e+01,2.036875e+01,2.035476e+01,2.035476e+01,2.034077e+01,2.038974e+01,2.050157e+01,2.020074e+01,2.053649e+01,2.037575e+01,2.042470e+01,2.046663e+01,2.043169e+01,2.043868e+01,2.032678e+01,2.055045e+01,2.043169e+01,2.031278e+01,2.049458e+01,2.032678e+01,2.042470e+01,2.037575e+01,2.053649e+01,2.045964e+01,2.054347e+01,2.045266e+01,2.039673e+01,2.034077e+01,2.042470e+01,2.036176e+01,2.017972e+01
2.040372e+01,2.025677e+01,2.028478e+01,2.035476e+01,2.035476e+01,2.022176e+01,2.034077e+01,2.036176e+01,2.035476e+01,2.041071e+01,2.038974e+01,2.038974e+01,2.041770e+01,2.060629e+01,2.071789e+01,2.127400e+01,2.158548e+01,2.173741e+01,2.162694e+01,2.167528e+01,2.228113e+01,2.227426e+01,2.166147e+01,2.167528e+01,2.123933e+01,2.139178e+01,2.166838e+01,2.146792e+01,2.170980e+01,2.172361e+01,2.197865e+01,2.162003e+01,2.160621e+01,2.159239e+01,2.163385e+01,2.154400e+01,2.171671e+01,2.159239e+01,2.160621e+01,2.159930e+01,2.150251e+01,2.206812e+01,2.258271e+01,2.194423e+01,2.162003e+01,2.205436e+01,2.200619e+01,2.185466e+01,2.165457e+01,2.175121e+01,2.131559e+01,2.133637e+01,2.143332e+01,2.156474e+01,2.193045e+01,2.157857e+01,2.179950e+01,2.224680e+01,2.293798e+01,2.227426e+01,2.219185e+01,2.150251e+01,2.148868e+01,2.180640e+01,2.201307e+01,2.191668e+01,2.141255e+01,2.158548e+01,2.166147e+01,2.160621e+01,2.166838e+01,2.142640e+01,2.141948e+01,2.163385e+01,2.146100e+01,2.135715e+01,2.127400e+01,2.122546e+01,2.128786e+01,2.141948e+01,2.113526e+01,2.114220e+01,2.121159e+01,2.117690e+01,2.145408e+01,2.142640e+01,2.183398e+01,2.191668e+01,2.174431e+01,2.170290e+01,2.164075e+01,2.171671e+01,2.131559e+01,2.162694e+01,2.141948e+01,2.170980e+01,2.162694e+01,2.148868e+01,2.170290e+01,2.184776e+01,2.262377e+01,2.240461e+01,2.235661e+01,2.367197e+01,2.339394e+01,2.234975e+01,2.166838e+01,2.135715e+01,2.167528e+01,2.141948e+01,2.112831e+01,2.110748e+01,2.101718e+01,2.065513e+01,2.048061e+01,2.045266e+01,2.036176e+01,2.042470e+01,2.038974e+01,2.037575e+01,2.038974e+01,2.038974e+01,2.044567e+01,2.034077e+01,2.034777e+01,2.032678e+01,2.036176e+01,2.034077e+01,2.039673e+01,2.045266e+01,2.031278e+01,2.031278e+01,2.051554e+01,2.048061e+01,2.051554e+01,2.044567e+01,2.045964e+01,2.037575e+01,2.036875e+01,2.041770e+01,2.044567e+01,2.043169e+01,2.045266e+01,2.036875e+01,2.034777e+01,2.032678e+01,2.037575e+01,2.034077e+01,2.040372e+01,2.044567e+01,2.041071e+01,2.031978e+01,2.041071e+01,2.037575e+01,2.042470e+01,2.042470e+01,2.034077e+01,2.040372e+01,2.043169e+01,2.047362e+01,2.037575e+01,2.036176e+01,2.049458e+01,2.039673e+01,2.037575e+01,2.037575e+01,2.045266e+01,2.047362e+01,2.046663e+01,2.050855e+01,2.044567e+01,2.034777e+01,2.048061e+01,2.036875e+01,2.035476e+01,2.056442e+01,2.031278e+01,2.035476e+01,2.048061e+01,2.046663e+01,2.043868e+01,2.041071e+01,2.046663e+01,2.025677e+01,2.027078e+01,2.020774e+01,2.040372e+01,2.034077e+01,2.036875e+01,2.032678e+01,2.032678e+01,2.031278e+01,2.038974e+01,2.034077e+01,2.044567e+01,2.038274e+01,2.038274e+01,2.039673e+01,2.043169e+01,2.030578e+01,2.045964e+01,2.039673e+01,2.039673e+01,2.034777e+01,2.036176e+01,2.038974e+01,2.031278e+01,2.033377e+01,2.027078e+01,2.036176e+01,2.042470e+01,2.035476e+01,2.042470e+01,2.036875e+01,2.038974e+01,2.046663e+01,2.045266e+01,2.040372e+01,2.037575e+01,2.041071e+01,2.031978e+01,2.037575e+01,2.030578e+01,2.037575e+01,2.041770e+01,2.038274e+01,2.041770e+01,2.041770e+01,2.037575e+01,2.038974e+01,2.041770e+01,2.034777e+01,2.038974e+01,2.036875e+01,2.037575e+01,2.034077e+01,2.046663e+01,2.037575e+01,2.048061e+01,2.029178e+01,2.028478e+01,2.034077e+01,2.038974e+01,2.045964e+01,2.038974e+01,2.025677e+01,2.007454e+01,1.951880e+01,1.924331e+01,1.926452e+01,1.930695e+01,1.904504e+01,1.903087e+01,1.907339e+01,1.902378e+01,1.883218e+01,1.879666e+01,1.885349e+01,1.889609e+01,1.898832e+01,1.891028e+01,1.900960e+01,1.904504e+01,1.915838e+01,1.917254e+01,1.958227e+01,2.027078e+01,2.026378e+01,2.018673e+01,1.967388e+01,1.910881e+01,1.894576e+01,1.893867e+01,1.902378e+01,1.900251e+01,1.891028e+01,1.888899e+01,1.889609e+01,1.888189e+01,1.893867e+01,1.893867e+01,1.899541e+01,1.898832e+01,1.924331e+01,1.937055e+01,1.937055e+01,1.925745e+01,1.915130e+01,1.928574e+01,1.925038e+01,1.928574e+01,1.936349e+01,1.937762e+01,1.937762e+01,1.944823e+01,1.956817e+01,1.966683e+01,1.984277e+01,2.024977e+01,2.036176e+01,2.029878e+01,2.036176e+01,2.036176e+01,2.050855e+01,2.038974e+01,2.045964e+01,2.043868e+01,2.038274e+01,2.045964e+01,2.042470e+01,2.047362e+01,2.044567e+01,2.046663e+01,2.037575e+01,2.044567e+01,2.038274e+01,2.053649e+01,2.036875e+01,2.037575e+01,2.003946e+01,1.956817e+01,1.934229e+01,1.897414e+01,1.878955e+01,1.874691e+01,1.874691e+01,1.880376e+01,1.884638e+01,1.890318e+01,1.910881e+01,1.975836e+01,2.024977e+01,2.036875e+01,2.046663e+01,2.030578e+01,2.027778e+01,2.031278e+01,2.022176e+01,2.034077e+01,1.994117e+01,1.944118e+01,1.940587e+01,1.944823e+01,1.905213e+01,1.917254e+01,1.898123e+01,1.886769e+01,1.897414e+01,1.891028e+01,1.898832e+01,1.891738e+01,1.897414e+01,1.895995e+01,1.898832e+01,1.896704e+01,1.888189e+01,1.902378e+01,1.905213e+01,1.918670e+01,1.920793e+01,1.942705e+01,1.942705e+01,1.974428e+01,2.014467e+01,2.031278e+01,2.041071e+01,2.042470e+01,2.041770e+01,2.041071e+01,2.051554e+01,2.034777e+01,2.043169e+01,2.047362e+01,2.035476e+01,2.034077e+01,2.043169e+01,2.043169e+01,2.042470e+01,2.043868e+01,2.043868e+01,2.043868e+01,2.051554e+01,2.037575e+01,2.045266e+01,2.044567e+01,2.043169e+01,2.049458e+01,2.029878e+01,2.040372e+01,2.034777e+01,2.044567e+01,2.057838e+01,2.043169e+01,2.037575e+01,2.041071e+01,2.055045e+01,2.052252e+01,2.057140e+01,2.059234e+01,2.044567e+01,2.045266e+01,2.054347e+01,2.057140e+01,2.044567e+01,2.057140e+01,2.052950e+01,2.053649e+01,2.052950e+01,2.052950e+01,2.055743e+01,2.039673e+01,2.043169e+01,2.054347e+01,2.036875e+01,2.056442e+01,2.056442e+01,2.059932e+01,2.055045e+01,2.050855e+01,2.059932e+01,2.048759e+01,2.065513e+01,2.058536e+01,2.049458e+01,2.054347e+01,2.064118e+01,2.058536e+01,2.064118e+01,2.057140e+01,2.059234e+01,2.051554e+01,2.054347e+01,2.058536e+01,2.075970e+01,2.053649e+01,2.052950e+01,2.057838e+01,2.055045e+01,2.059234e+01,2.056442e+01,2.048759e+01,2.064118e+01,2.047362e+01,2.063420e+01,2.066908e+01,2.056442e+01,2.045964e+01,2.048759e+01,2.059234e+01,2.057140e+01,2.051554e+01,2.054347e+01,2.064816e+01,2.064118e+01,2.056442e+01,2.062025e+01,2.059234e+01,2.053649e+01,2.047362e+01,2.057838e+01,2.062025e+01,2.039673e+01,2.060629e+01,2.061327e+01,2.057838e+01,2.050855e+01,2.058536e+01,2.062025e+01,2.052950e+01,2.054347e+01,2.055743e+01,2.063420e+01,2.057140e+01,2.055743e+01,2.049458e+01,2.048759e+01,2.047362e+01,2.048061e+01,2.048061e+01,2.049458e+01,2.049458e+01,2.055743e+01,2.059932e+01,2.058536e+01,2.055743e+01,2.050157e+01,2.045266e+01,2.044567e+01,2.049458e+01,2.049458e+01,2.051554e+01,2.055045e+01,2.048061e+01,2.047362e+01,2.051554e+01,2.048061e+01,2.057140e+01,2.055743e+01,2.057140e+01,2.057140e+01,2.056442e+01,2.043169e+01,2.054347e+01,2.054347e+01,2.045964e+01,2.041770e+01,2.043868e+01,2.044567e+01,2.040372e+01,2.017972e+01,2.048759e+01,2.060629e+01,2.038274e+01,2.038974e+01,2.050157e+01,2.045964e+01,2.042470e+01,2.036176e+01,2.049458e+01,2.042470e+01,2.040372e+01,2.034077e+01,2.038274e+01,2.038274e+01,2.038274e+01,2.040372e+01,2.040372e+01,2.042470e+01,2.036875e+01,2.041770e+01,2.046663e+01,2.042470e+01,2.041071e+01,2.036176e+01,2.045266e+01,2.043169e+01,2.036875e+01,2.041071e+01,2.040372e+01,2.031278e+01,2.038974e+01,2.037575e+01,2.050855e+01,2.037575e+01,2.044567e+01,2.037575e+01,2.043868e+01,2.038274e+01,2.036875e+01,2.037575e+01,2.033377e+01,2.038974e+01,2.041770e+01,2.041071e+01,2.031978e+01,2.029878e+01,2.034077e+01,2.024277e+01,2.028478e+01,2.038274e+01,2.041071e+01,2.038974e+01,2.039673e+01,2.038974e+01,2.036875e+01,2.035476e+01,2.029878e+01,2.043169e+01,2.034077e+01,2.028478e+01,2.045266e+01,2.045964e+01,2.029878e+01,2.029178e+01,2.045266e+01,2.033377e+01,2.045266e+01,2.030578e+01,2.026378e+01,2.029178e+01,2.043868e+01,2.036176e+01,2.044567e+01,2.050157e+01,2.048759e+01,2.042470e+01,2.028478e+01,2.041071e+01,2.038974e+01,2.023577e+01,2.040372e+01,2.039673e+01,2.036875e+01,2.048061e+01,2.047362e+01,2.034777e+01,2.053649e+01,2.036176e+01,2.015869e+01,2.040372e+01,2.036176e+01,2.031278e+01,2.029178e+01,2.030578e+01,2.031978e+01,2.029178e+01,2.045266e+01,2.043169e+01,2.035476e+01,2.034077e+01,2.034777e+01,2.032678e+01,2.033377e+01,2.036176e+01,2.048759e+01,2.043169e+01,2.047362e+01,2.045266e+01,2.060629e+01,2.052950e+01,2.046663e+01,2.044567e+01,2.052950e+01,2.050157e+01,2.053649e+01,2.047362e+01,2.045964e+01,2.047362e+01,2.045266e+01,2.052252e+01,2.042470e+01,2.049458e+01,2.032678e+01,2.052252e+01,2.045266e+01,2.033377e+01,2.036875e+01,2.042470e+01,2.021475e+01,2.041770e+01
2.038974e+01,2.042470e+01,2.035476e+01,2.030578e+01,2.037575e+01,2.036875e+01,2.034777e+01,2.034777e+01,2.047362e+01,2.038274e+01,2.039673e+01,2.050855e+01,2.070394e+01,2.066211e+01,2.071789e+01,2.150251e+01,2.186155e+01,2.180640e+01,2.158548e+01,2.153709e+01,2.190290e+01,2.224680e+01,2.191668e+01,2.191668e+01,2.182019e+01,2.126013e+01,2.147484e+01,2.179950e+01,2.173051e+01,2.148176e+01,2.149559e+01,2.150943e+01,2.153017e+01,2.199242e+01,2.188223e+01,2.165457e+01,2.175121e+01,2.164075e+01,2.144024e+01,2.144716e+01,2.162003e+01,2.226053e+01,2.258271e+01,2.166147e+01,2.159930e+01,2.161312e+01,2.167528e+01,2.199931e+01,2.232231e+01,2.191668e+01,2.177191e+01,2.133637e+01,2.138486e+01,2.153709e+01,2.192356e+01,2.191668e+01,2.156474e+01,2.186844e+01,2.197177e+01,2.186844e+01,2.175811e+01,2.171671e+01,2.177881e+01,2.182708e+01,2.177191e+01,2.131559e+01,2.128093e+01,2.144024e+01,2.164766e+01,2.141948e+01,2.163385e+01,2.144024e+01,2.147484e+01,2.176501e+01,2.223993e+01,2.124627e+01,2.170980e+01,2.155783e+01,2.119771e+01,2.158548e+01,2.218498e+01,2.201995e+01,2.194423e+01,2.206812e+01,2.193045e+01,2.139871e+01,2.131559e+01,2.166147e+01,2.144716e+01,2.133637e+01,2.139871e+01,2.175121e+01,2.179950e+01,2.123933e+01,2.132252e+01,2.146792e+01,2.182708e+01,2.168219e+01,2.187534e+01,2.188912e+01,2.235661e+01,2.239090e+01,2.184776e+01,2.340073e+01,2.433353e+01,2.324445e+01,2.223993e+01,2.157166e+01,2.181329e+01,2.254164e+01,2.218498e+01,2.172361e+01,2.162694e+01,2.096156e+01,2.109360e+01,2.031278e+01,2.047362e+01,2.040372e+01,2.041770e+01,2.041770e+01,2.040372e+01,2.039673e+01,2.034077e+01,2.036875e+01,2.033377e+01,2.044567e+01,2.033377e+01,2.041770e+01,2.037575e+01,2.022176e+01,2.043169e+01,2.048759e+01,2.036176e+01,2.047362e+01,2.044567e+01,2.045266e+01,2.041071e+01,2.037575e+01,2.048061e+01,2.044567e+01,2.047362e+01,2.044567e+01,2.045266e+01,2.049458e+01,2.037575e+01,2.034777e+01,2.043169e+01,2.035476e+01,2.041071e+01,2.041071e+01,2.035476e+01,2.036176e+01,2.038274e+01,2.038974e+01,2.055045e+01,2.042470e+01,2.044567e+01,2.034077e+01,2.044567e+01,2.046663e+01,2.048061e+01,2.048061e+01,2.038274e+01,2.046663e+01,2.037575e+01,2.064118e+01,2.063420e+01,2.043169e+01,2.038974e+01,2.048061e+01,2.040372e+01,2.042470e+01,2.038974e+01,2.045964e+01,2.053649e+01,2.050855e+01,2.034077e+01,2.052950e+01,2.047362e+01,2.035476e+01,2.045266e+01,2.046663e+01,2.043169e+01,2.046663e+01,2.044567e+01,2.036176e+01,2.034077e+01,2.038274e+01,2.038274e+01,2.031978e+01,2.048759e+01,2.028478e+01,2.044567e+01,2.037575e+01,2.038274e+01,2.038274e+01,2.045266e+01,2.046663e+01,2.038274e+01,2.043868e+01,2.038974e+01,2.037575e+01,2.036176e+01,2.039673e+01,2.039673e+01,2.039673e+01,2.036176e+01,2.031978e+01,2.041071e+01,2.037575e+01,2.041770e+01,2.041071e+01,2.038974e+01,2.058536e+01,2.041770e+01,2.045964e+01,2.050855e+01,2.045964e+01,2.040372e+01,2.040372e+01,2.038974e+01,2.039673e+01,2.041770e+01,2.041071e+01,2.039673e+01,2.039673e+01,2.039673e+01,2.046663e+01,2.038974e+01,2.041770e+01,2.043169e+01,2.039673e+01,2.042470e+01,2.041770e+01,2.043868e+01,2.040372e+01,2.037575e+01,2.044567e+01,2.040372e+01,2.040372e+01,2.035476e+01,2.038974e+01,2.038974e+01,2.035476e+01,2.032678e+01,2.029178e+01,2.009559e+01,1.950469e+01,1.927867e+01,1.922916e+01,1.920085e+01,1.907339e+01,1.902378e+01,1.901669e+01,1.889609e+01,1.895286e+01,1.891028e+01,1.881797e+01,1.899541e+01,1.895995e+01,1.899541e+01,1.898832e+01,1.897414e+01,1.905213e+01,1.911590e+01,1.917254e+01,1.987090e+01,2.021475e+01,2.022176e+01,1.967388e+01,1.912298e+01,1.904504e+01,1.895995e+01,1.896704e+01,1.890318e+01,1.909464e+01,1.897414e+01,1.893157e+01,1.899541e+01,1.890318e+01,1.895995e+01,1.896704e+01,1.923623e+01,1.925038e+01,1.929988e+01,1.925038e+01,1.915130e+01,1.918670e+01,1.927867e+01,1.919378e+01,1.929281e+01,1.937055e+01,1.934229e+01,1.941999e+01,1.950469e+01,1.952586e+01,1.984980e+01,1.991306e+01,1.994117e+01,2.015168e+01,2.021475e+01,2.018673e+01,2.036176e+01,2.045266e+01,2.043868e+01,2.036875e+01,2.044567e+01,2.044567e+01,2.044567e+01,2.038274e+01,2.045964e+01,2.037575e+01,2.048061e+01,2.059932e+01,2.038974e+01,2.038274e+01,2.034077e+01,2.043169e+01,2.035476e+01,2.042470e+01,2.003244e+01,1.984277e+01,1.947647e+01,1.901669e+01,1.905213e+01,1.895286e+01,1.908756e+01,1.910173e+01,1.944823e+01,1.958227e+01,2.006051e+01,2.033377e+01,2.043868e+01,2.044567e+01,2.038274e+01,2.029878e+01,2.033377e+01,2.036176e+01,1.982871e+01,1.944823e+01,1.919378e+01,1.903087e+01,1.905213e+01,1.903795e+01,1.902378e+01,1.885349e+01,1.898123e+01,1.889609e+01,1.873269e+01,1.887479e+01,1.887479e+01,1.891028e+01,1.889609e+01,1.903795e+01,1.888899e+01,1.912298e+01,1.905213e+01,1.916546e+01,1.893867e+01,1.918670e+01,1.925038e+01,1.951175e+01,1.956112e+01,2.018673e+01,2.031278e+01,2.034777e+01,2.041770e+01,2.043868e+01,2.043868e+01,2.050855e+01,2.043169e+01,2.044567e+01,2.050855e+01,2.047362e+01,2.046663e+01,2.054347e+01,2.043868e+01,2.041770e+01,2.045964e+01,2.044567e+01,2.043868e+01,2.042470e+01,2.049458e+01,2.044567e+01,2.042470e+01,2.044567e+01,2.043169e+01,2.050855e+01,2.031278e+01,2.045266e+01,2.048759e+01,2.039673e+01,2.038974e+01,2.046663e+01,2.050855e+01,2.052252e+01,2.045964e+01,2.054347e+01,2.042470e+01,2.050855e+01,2.050157e+01,2.065513e+01,2.054347e+01,2.055743e+01,2.054347e+01,2.046663e+01,2.042470e+01,2.052252e+01,2.043169e+01,2.041071e+01,2.055045e+01,2.053649e+01,2.059234e+01,2.052950e+01,2.055045e+01,2.059932e+01,2.053649e+01,2.050855e+01,2.050855e+01,2.050157e+01,2.061327e+01,2.050855e+01,2.050157e+01,2.053649e+01,2.048061e+01,2.054347e+01,2.057838e+01,2.063420e+01,2.050157e+01,2.045964e+01,2.050157e+01,2.054347e+01,2.062723e+01,2.061327e+01,2.057838e+01,2.055743e+01,2.060629e+01,2.049458e+01,2.054347e+01,2.057838e+01,2.062723e+01,2.050855e+01,2.047362e+01,2.052950e+01,2.052950e+01,2.061327e+01,2.055045e+01,2.056442e+01,2.059932e+01,2.055045e+01,2.059234e+01,2.052252e+01,2.055743e+01,2.054347e+01,2.054347e+01,2.058536e+01,2.060629e+01,2.048061e+01,2.047362e+01,2.058536e+01,2.057140e+01,2.058536e+01,2.056442e+01,2.057838e+01,2.053649e+01,2.056442e+01,2.055743e+01,2.059234e+01,2.057140e+01,2.052252e+01,2.057838e+01,2.053649e+01,2.045266e+01,2.052950e+01,2.055045e+01,2.056442e+01,2.049458e+01,2.048759e+01,2.048061e+01,2.048061e+01,2.057140e+01,2.050855e+01,2.064816e+01,2.057140e+01,2.062723e+01,2.036176e+01,2.070394e+01,2.047362e+01,2.050157e+01,2.048061e+01,2.060629e+01,2.053649e+01,2.041770e+01,2.048759e+01,2.051554e+01,2.056442e+01,2.044567e+01,2.061327e+01,2.049458e+01,2.057838e+01,2.052252e+01,2.063420e+01,2.038274e+01,2.052252e+01,2.041071e+01,2.052950e+01,2.043868e+01,2.045964e+01,2.045266e+01,2.049458e+01,2.036875e+01,2.044567e+01,2.036176e+01,2.051554e+01,2.048759e+01,2.044567e+01,2.047362e+01,2.048061e+01,2.045964e+01,2.047362e+01,2.042470e+01,2.043169e+01,2.022176e+01,2.049458e+01,2.034777e+01,2.036176e+01,2.048061e+01,2.037575e+01,2.050855e+01,2.052252e+01,2.047362e+01,2.042470e+01,2.045964e+01,2.037575e+01,2.049458e+01,2.041770e+01,2.043169e+01,2.036875e+01,2.041770e+01,2.034077e+01,2.050855e+01,2.038274e+01,2.055743e+01,2.057838e+01,2.052252e+01,2.047362e+01,2.033377e+01,2.044567e+01,2.041071e+01,2.041071e+01,2.040372e+01,2.045964e+01,2.031978e+01,2.035476e+01,2.043169e+01,2.038274e+01,2.038274e+01,2.036875e+01,2.032678e+01,2.034077e+01,2.038274e+01,2.037575e+01,2.041770e+01,2.043868e+01,2.041071e+01,2.048061e+01,2.032678e+01,2.041770e+01,2.042470e+01,2.031978e+01,2.030578e+01,2.035476e+01,2.030578e+01,2.029878e+01,2.032678e+01,2.036875e+01,2.052252e+01,2.027778e+01,2.030578e+01,2.025677e+01,2.041770e+01,2.043169e+01,2.044567e+01,2.044567e+01,2.035476e+01,2.030578e+01,2.049458e+01,2.036176e+01,2.049458e+01,2.041770e+01,2.039673e+01,2.040372e+01,2.039673e+01,2.038974e+01,2.040372e+01,2.037575e+01,2.037575e+01,2.036176e+01,2.035476e+01,2.035476e+01,2.039673e+01,2.033377e+01,2.040372e+01,2.030578e+01,2.039673e+01,2.038974e+01,2.045266e+01,2.046663e+01,2.038974e+01,2.036176e+01,2.038974e+01,2.046663e+01,2.048759e+01,2.031978e+01,2.049458e+01,2.050855e+01,2.044567e+01,2.043868e+01,2.052252e+01,2.051554e+01,2.054347e+01,2.055045e+01,2.055045e+01,2.056442e+01,2.055743e+01,2.055743e+01,2.045964e+01,2.057140e+01,2.051554e+01,2.046663e+01,2.057838e+01,2.052252e+01,2.055045e+01,2.048061e+01,2.028478e+01,2.053649e+01,2.038274e+01,2.038274e+01,2.027078e+01,2.041071e+01
2.031278e+01,2.036875e+01,2.041770e+01,2.034077e+01,2.031278e+01,2.027778e+01,2.042470e+01,2.020074e+01,2.028478e+01,2.033377e+01,2.050855e+01,2.059932e+01,2.055743e+01,2.068303e+01,2.099632e+01,2.150943e+01,2.247315e+01,2.250740e+01,2.153709e+01,2.134330e+01,2.139871e+01,2.159239e+01,2.167528e+01,2.226053e+01,2.260324e+01,2.168909e+01,2.151634e+01,2.208187e+01,2.202684e+01,2.146100e+01,2.150251e+01,2.202684e+01,2.166838e+01,2.180640e+01,2.188223e+01,2.165457e+01,2.173741e+01,2.177191e+01,2.148868e+01,2.135023e+01,2.150943e+01,2.223307e+01,2.278099e+01,2.208187e+01,2.168219e+01,2.165457e+01,2.162003e+01,2.182708e+01,2.179950e+01,2.223993e+01,2.257586e+01,2.151634e+01,2.166838e+01,2.143332e+01,2.153017e+01,2.202684e+01,2.157857e+01,2.157166e+01,2.124627e+01,2.153709e+01,2.192356e+01,2.181329e+01,2.177881e+01,2.179950e+01,2.158548e+01,2.129479e+01,2.126707e+01,2.135715e+01,2.128093e+01,2.127400e+01,2.114220e+01,2.135715e+01,2.135023e+01,2.153709e+01,2.142640e+01,2.112831e+01,2.116996e+01,2.123240e+01,2.139871e+01,2.146100e+01,2.215063e+01,2.323085e+01,2.236346e+01,2.171671e+01,2.183398e+01,2.155783e+01,2.144716e+01,2.141255e+01,2.136408e+01,2.138486e+01,2.130865e+01,2.135715e+01,2.172361e+01,2.182708e+01,2.155783e+01,2.153017e+01,2.182019e+01,2.148868e+01,2.162694e+01,2.190979e+01,2.240461e+01,2.241832e+01,2.184776e+01,2.264429e+01,2.433353e+01,2.455536e+01,2.267164e+01,2.159930e+01,2.213000e+01,2.330563e+01,2.294481e+01,2.213688e+01,2.163385e+01,2.119771e+01,2.063420e+01,2.050157e+01,2.034077e+01,2.036176e+01,2.048759e+01,2.037575e+01,2.041071e+01,2.036875e+01,2.036875e+01,2.038274e+01,2.034777e+01,2.040372e+01,2.037575e+01,2.040372e+01,2.041770e+01,2.041071e+01,2.048759e+01,2.037575e+01,2.047362e+01,2.046663e+01,2.048061e+01,2.043868e+01,2.042470e+01,2.038274e+01,2.038974e+01,2.038974e+01,2.043868e+01,2.038974e+01,2.045964e+01,2.039673e+01,2.046663e+01,2.039673e+01,2.039673e+01,2.036875e+01,2.042470e+01,2.040372e+01,2.061327e+01,2.050157e+01,2.031978e+01,2.037575e+01,2.055743e+01,2.033377e+01,2.045266e+01,2.042470e+01,2.043868e+01,2.042470e+01,2.036176e+01,2.041770e+01,2.038274e+01,2.036875e+01,2.038274e+01,2.046663e+01,2.052252e+01,2.048759e+01,2.038974e+01,2.041071e+01,2.047362e+01,2.045266e+01,2.031278e+01,2.031278e+01,2.035476e+01,2.051554e+01,2.050855e+01,2.046663e+01,2.043868e+01,2.048759e+01,2.030578e+01,2.039673e+01,2.045964e+01,2.038974e+01,2.045964e+01,2.049458e+01,2.044567e+01,2.040372e+01,2.048759e+01,2.031978e+01,2.036176e+01,2.042470e+01,2.050157e+01,2.041770e+01,2.050157e+01,2.043868e+01,2.034077e+01,2.036176e+01,2.040372e+01,2.039673e+01,2.048759e+01,2.041071e+01,2.039673e+01,2.036875e+01,2.040372e+01,2.039673e+01,2.036875e+01,2.040372e+01,2.039673e+01,2.055743e+01,2.020074e+01,2.037575e+01,2.041071e+01,2.038274e+01,2.032678e+01,2.038974e+01,2.047362e+01,2.041770e+01,2.049458e+01,2.039673e+01,2.036176e+01,2.042470e+01,2.041770e+01,2.041071e+01,2.043868e+01,2.038974e+01,2.041071e+01,2.040372e+01,2.039673e+01,2.039673e+01,2.037575e+01,2.042470e+01,2.045964e+01,2.047362e+01,2.043169e+01,2.048759e+01,2.035476e+01,2.043169e+01,2.041071e+01,2.047362e+01,2.032678e+01,2.033377e+01,2.028478e+01,2.043868e+01,2.036176e+01,2.037575e+01,2.038974e+01,1.955407e+01,1.932109e+01,1.931402e+01,1.905213e+01,1.905213e+01,1.900960e+01,1.903795e+01,1.900960e+01,1.882508e+01,1.900251e+01,1.884638e+01,1.883218e+01,1.887479e+01,1.900251e+01,1.900251e+01,1.903795e+01,1.904504e+01,1.913714e+01,1.910173e+01,1.937762e+01,2.018673e+01,2.014467e+01,1.970205e+01,1.917254e+01,1.900251e+01,1.908756e+01,1.910881e+01,1.896704e+01,1.892448e+01,1.897414e+01,1.893157e+01,1.903795e+01,1.914422e+01,1.915838e+01,1.909464e+01,1.914422e+01,1.911590e+01,1.926452e+01,1.919378e+01,1.925038e+01,1.922916e+01,1.915130e+01,1.926452e+01,1.925038e+01,1.929281e+01,1.937762e+01,1.958227e+01,1.955407e+01,1.951880e+01,1.953996e+01,1.969500e+01,1.992711e+01,2.007454e+01,2.038974e+01,2.035476e+01,2.040372e+01,2.047362e+01,2.053649e+01,2.048061e+01,2.045964e+01,2.048759e+01,2.034077e+01,2.045964e+01,2.044567e+01,2.044567e+01,2.039673e+01,2.034777e+01,2.047362e+01,2.044567e+01,2.038974e+01,2.045266e+01,2.037575e+01,2.039673e+01,2.039673e+01,2.034077e+01,1.985683e+01,1.949058e+01,1.913714e+01,1.933522e+01,1.946941e+01,1.951175e+01,1.961751e+01,1.999033e+01,2.029178e+01,2.027778e+01,2.045964e+01,2.043868e+01,2.040372e+01,2.037575e+01,2.025677e+01,1.996926e+01,1.930695e+01,1.908047e+01,1.912298e+01,1.901669e+01,1.898832e+01,1.873980e+01,1.882508e+01,1.880376e+01,1.881087e+01,1.883928e+01,1.864733e+01,1.890318e+01,1.892448e+01,1.899541e+01,1.877534e+01,1.880376e+01,1.895286e+01,1.892448e+01,1.896704e+01,1.893157e+01,1.908047e+01,1.911590e+01,1.926452e+01,1.932815e+01,1.956112e+01,2.027078e+01,2.041071e+01,2.039673e+01,2.034077e+01,2.045266e+01,2.049458e+01,2.043868e+01,2.034077e+01,2.036176e+01,2.041770e+01,2.050157e+01,2.036176e+01,2.043169e+01,2.043169e+01,2.043868e+01,2.052950e+01,2.043169e+01,2.045964e+01,2.041770e+01,2.041071e+01,2.043169e+01,2.050855e+01,2.039673e+01,2.041071e+01,2.034077e+01,2.036875e+01,2.034777e+01,2.047362e+01,2.045964e+01,2.046663e+01,2.059234e+01,2.041071e+01,2.048759e+01,2.052950e+01,2.052950e+01,2.052950e+01,2.062025e+01,2.042470e+01,2.058536e+01,2.047362e+01,2.055045e+01,2.051554e+01,2.057838e+01,2.050157e+01,2.052252e+01,2.047362e+01,2.063420e+01,2.046663e+01,2.054347e+01,2.058536e+01,2.044567e+01,2.063420e+01,2.059234e+01,2.039673e+01,2.050157e+01,2.057140e+01,2.051554e+01,2.055743e+01,2.059234e+01,2.048759e+01,2.054347e+01,2.063420e+01,2.066908e+01,2.057838e+01,2.063420e+01,2.059932e+01,2.057838e+01,2.059932e+01,2.059932e+01,2.053649e+01,2.050157e+01,2.062025e+01,2.057838e+01,2.055045e+01,2.062723e+01,2.055743e+01,2.062723e+01,2.052252e+01,2.061327e+01,2.062723e+01,2.057140e+01,2.053649e+01,2.048061e+01,2.065513e+01,2.057140e+01,2.064118e+01,2.055045e+01,2.052950e+01,2.052252e+01,2.052950e+01,2.059234e+01,2.064118e+01,2.056442e+01,2.050855e+01,2.057838e+01,2.042470e+01,2.054347e+01,2.062025e+01,2.058536e+01,2.063420e+01,2.058536e+01,2.053649e+01,2.058536e+01,2.059932e+01,2.057838e+01,2.062025e+01,2.062723e+01,2.064816e+01,2.048061e+01,2.057838e+01,2.065513e+01,2.050157e+01,2.045266e+01,2.048061e+01,2.046663e+01,2.062025e+01,2.059234e+01,2.044567e+01,2.052252e+01,2.048061e+01,2.057838e+01,2.058536e+01,2.058536e+01,2.066908e+01,2.048061e+01,2.048061e+01,2.049458e+01,2.044567e+01,2.052252e+01,2.055045e+01,2.050157e+01,2.044567e+01,2.052252e+01,2.050855e+01,2.052252e+01,2.057140e+01,2.043868e+01,2.064816e+01,2.062025e+01,2.038274e+01,2.057140e+01,2.048759e+01,2.045964e+01,2.050855e+01,2.046663e+01,2.038974e+01,2.046663e+01,2.034777e+01,2.062025e+01,2.036176e+01,2.048061e+01,2.037575e+01,2.045266e+01,2.031978e+01,2.045266e+01,2.044567e+01,2.043169e+01,2.046663e+01,2.043868e+01,2.040372e+01,2.039673e+01,2.042470e+01,2.036176e+01,2.041071e+01,2.042470e+01,2.036875e+01,2.040372e+01,2.043868e+01,2.048759e+01,2.045266e+01,2.040372e+01,2.052252e+01,2.044567e+01,2.059234e+01,2.043868e+01,2.055743e+01,2.042470e+01,2.049458e+01,2.031278e+01,2.026378e+01,2.052950e+01,2.030578e+01,2.036176e+01,2.038974e+01,2.036176e+01,2.045964e+01,2.038974e+01,2.039673e+01,2.038974e+01,2.037575e+01,2.041071e+01,2.035476e+01,2.036176e+01,2.036176e+01,2.034777e+01,2.038274e+01,2.038274e+01,2.043169e+01,2.034777e+01,2.036176e+01,2.022876e+01,2.043868e+01,2.037575e+01,2.033377e+01,2.051554e+01,2.032678e+01,2.027078e+01,2.035476e+01,2.031978e+01,2.031278e+01,2.031978e+01,2.032678e+01,2.051554e+01,2.039673e+01,2.049458e+01,2.044567e+01,2.036176e+01,2.040372e+01,2.040372e+01,2.041071e+01,2.036875e+01,2.047362e+01,2.029878e+01,2.047362e+01,2.026378e+01,2.036875e+01,2.043868e+01,2.041071e+01,2.038974e+01,2.034777e+01,2.038274e+01,2.035476e+01,2.038274e+01,2.056442e+01,2.055045e+01,2.056442e+01,2.034777e+01,2.020774e+01,2.038974e+01,2.040372e+01,2.040372e+01,2.038274e+01,2.043169e+01,2.033377e+01,2.048759e+01,2.043868e+01,2.048061e+01,2.055045e+01,2.057838e+01,2.043868e+01,2.061327e+01,2.043169e+01,2.052252e+01,2.043169e+01,2.055045e+01,2.049458e+01,2.048061e+01,2.038974e+01,2.051554e+01,2.054347e+01,2.052950e+01,2.037575e+01,2.041071e+01,2.045266e+01,2.042470e+01,2.055045e+01,2.057838e+01,2.052252e+01,2.052950e+01,2.044567e+01,2.052252e+01,2.041770e+01,2.051554e+01,2.057838e+01,2.034077e+01,2.033377e+01,2.038974e+01
2.040372e+01,2.040372e+01,2.028478e+01,2.027778e+01,2.033377e+01,2.019373e+01,2.018673e+01,2.031978e+01,2.030578e+01,2.048759e+01,2.036176e+01,2.038274e+01,2.039673e+01,2.070394e+01,2.132944e+01,2.168909e+01,2.211625e+01,2.201307e+01,2.138486e+01,2.119078e+01,2.135715e+01,2.136408e+01,2.170980e+01,2.286293e+01,2.291070e+01,2.210938e+01,2.171671e+01,2.157166e+01,2.147484e+01,2.155783e+01,2.153017e+01,2.175811e+01,2.221933e+01,2.171671e+01,2.169600e+01,2.177191e+01,2.189601e+01,2.172361e+01,2.149559e+01,2.130173e+01,2.157166e+01,2.182019e+01,2.225367e+01,2.186155e+01,2.155783e+01,2.166147e+01,2.155783e+01,2.155783e+01,2.152326e+01,2.152326e+01,2.144716e+01,2.143332e+01,2.141948e+01,2.137101e+01,2.128786e+01,2.116302e+01,2.154400e+01,2.138486e+01,2.116302e+01,2.130865e+01,2.173741e+01,2.198554e+01,2.165457e+01,2.165457e+01,2.148176e+01,2.127400e+01,2.132944e+01,2.129479e+01,2.132252e+01,2.144024e+01,2.129479e+01,2.114220e+01,2.128786e+01,2.122546e+01,2.117690e+01,2.126013e+01,2.114914e+01,2.129479e+01,2.160621e+01,2.147484e+01,2.187534e+01,2.175121e+01,2.141255e+01,2.141948e+01,2.208187e+01,2.180640e+01,2.137793e+01,2.186844e+01,2.219185e+01,2.186844e+01,2.139871e+01,2.128786e+01,2.141255e+01,2.152326e+01,2.213000e+01,2.213688e+01,2.259640e+01,2.217124e+01,2.164766e+01,2.217811e+01,2.218498e+01,2.170980e+01,2.188223e+01,2.214375e+01,2.240461e+01,2.324445e+01,2.221933e+01,2.148176e+01,2.211625e+01,2.227426e+01,2.254164e+01,2.184776e+01,2.144024e+01,2.066211e+01,2.068303e+01,2.041071e+01,2.041770e+01,2.038974e+01,2.037575e+01,2.031978e+01,2.034777e+01,2.034777e+01,2.034077e+01,2.036875e+01,2.029178e+01,2.023577e+01,2.041770e+01,2.034777e+01,2.045964e+01,2.041770e+01,2.043868e+01,2.048759e+01,2.043868e+01,2.042470e+01,2.036875e+01,2.039673e+01,2.042470e+01,2.044567e+01,2.043868e+01,2.046663e+01,2.046663e+01,2.041071e+01,2.041071e+01,2.037575e+01,2.043868e+01,2.034777e+01,2.045266e+01,2.045266e+01,2.036176e+01,2.056442e+01,2.048759e+01,2.051554e+01,2.050855e+01,2.044567e+01,2.035476e+01,2.048061e+01,2.049458e+01,2.045266e+01,2.046663e+01,2.036176e+01,2.038974e+01,2.044567e+01,2.041071e+01,2.036875e+01,2.035476e+01,2.043169e+01,2.053649e+01,2.032678e+01,2.050157e+01,2.034077e+01,2.044567e+01,2.033377e+01,2.036875e+01,2.038974e+01,2.044567e+01,2.036176e+01,2.044567e+01,2.038274e+01,2.041770e+01,2.046663e+01,2.046663e+01,2.035476e+01,2.028478e+01,2.043868e+01,2.049458e+01,2.041071e+01,2.038274e+01,2.038974e+01,2.051554e+01,2.038974e+01,2.040372e+01,2.050855e+01,2.050157e+01,2.036176e+01,2.037575e+01,2.038974e+01,2.038274e+01,2.038974e+01,2.051554e+01,2.035476e+01,2.037575e+01,2.037575e+01,2.045266e+01,2.037575e+01,2.036176e+01,2.038974e+01,2.039673e+01,2.041071e+01,2.039673e+01,2.041770e+01,2.044567e+01,2.041071e+01,2.039673e+01,2.045964e+01,2.042470e+01,2.041071e+01,2.041071e+01,2.039673e+01,2.040372e+01,2.048061e+01,2.041071e+01,2.044567e+01,2.033377e+01,2.040372e+01,2.035476e+01,2.044567e+01,2.042470e+01,2.044567e+01,2.048759e+01,2.041770e+01,2.036176e+01,2.041770e+01,2.031978e+01,2.045266e+01,2.049458e+01,2.034777e+01,2.029178e+01,2.038274e+01,2.031978e+01,2.036875e+01,2.043169e+01,2.037575e+01,2.024977e+01,2.032678e+01,2.040372e+01,2.038274e+01,2.024277e+01,1.975132e+01,1.905922e+01,1.907339e+01,1.907339e+01,1.893157e+01,1.899541e+01,1.899541e+01,1.900251e+01,1.874691e+01,1.884638e+01,1.876823e+01,1.881087e+01,1.880376e+01,1.888899e+01,1.895286e+01,1.881087e+01,1.893867e+01,1.907339e+01,1.912298e+01,1.924331e+01,1.974428e+01,2.006753e+01,1.963865e+01,1.927867e+01,1.916546e+01,1.901669e+01,1.907339e+01,1.900251e+01,1.911590e+01,1.902378e+01,1.888899e+01,1.905922e+01,1.897414e+01,1.903087e+01,1.916546e+01,1.917962e+01,1.927867e+01,1.907339e+01,1.911590e+01,1.910881e+01,1.911590e+01,1.920793e+01,1.919378e+01,1.918670e+01,1.925745e+01,1.941999e+01,1.941293e+01,1.944118e+01,1.957522e+01,1.951880e+01,1.966683e+01,1.994117e+01,2.026378e+01,2.038974e+01,2.040372e+01,2.036176e+01,2.045964e+01,2.043169e+01,2.048061e+01,2.048759e+01,2.029878e+01,2.036875e+01,2.040372e+01,2.044567e+01,2.043868e+01,2.044567e+01,2.031278e+01,2.034077e+01,2.029878e+01,2.039673e+01,2.034077e+01,2.043169e+01,2.035476e+01,2.032678e+01,2.040372e+01,2.027778e+01,1.987090e+01,1.961047e+01,1.956112e+01,1.956112e+01,1.961047e+01,1.997628e+01,2.027778e+01,2.032678e+01,2.032678e+01,2.035476e+01,2.038974e+01,2.034777e+01,2.038974e+01,2.020774e+01,1.949058e+01,1.917254e+01,1.915838e+01,1.900960e+01,1.879666e+01,1.876112e+01,1.885349e+01,1.871135e+01,1.867579e+01,1.854053e+01,1.872558e+01,1.865444e+01,1.869002e+01,1.857614e+01,1.886059e+01,1.878245e+01,1.882508e+01,1.866156e+01,1.866867e+01,1.890318e+01,1.889609e+01,1.900251e+01,1.920085e+01,1.927867e+01,1.938468e+01,1.979354e+01,2.019373e+01,2.037575e+01,2.043169e+01,2.042470e+01,2.044567e+01,2.041770e+01,2.045964e+01,2.049458e+01,2.036176e+01,2.040372e+01,2.036176e+01,2.042470e+01,2.036176e+01,2.044567e+01,2.043169e+01,2.045964e+01,2.045964e+01,2.043868e+01,2.041071e+01,2.037575e+01,2.057838e+01,2.043169e+01,2.027778e+01,2.038274e+01,2.038274e+01,2.036875e+01,2.038274e+01,2.042470e+01,2.038274e+01,2.045964e+01,2.048759e+01,2.051554e+01,2.039673e+01,2.042470e+01,2.044567e+01,2.041770e+01,2.045964e+01,2.048759e+01,2.055743e+01,2.056442e+01,2.044567e+01,2.056442e+01,2.053649e+01,2.050855e+01,2.050157e+01,2.047362e+01,2.051554e+01,2.045964e+01,2.052252e+01,2.055743e+01,2.052950e+01,2.061327e+01,2.050157e+01,2.052252e+01,2.057140e+01,2.051554e+01,2.055743e+01,2.052950e+01,2.048759e+01,2.052950e+01,2.056442e+01,2.055045e+01,2.053649e+01,2.055045e+01,2.055743e+01,2.039673e+01,2.057838e+01,2.048061e+01,2.055045e+01,2.059234e+01,2.053649e+01,2.049458e+01,2.055743e+01,2.054347e+01,2.055743e+01,2.058536e+01,2.051554e+01,2.057838e+01,2.052252e+01,2.054347e+01,2.052252e+01,2.054347e+01,2.065513e+01,2.059932e+01,2.059932e+01,2.052252e+01,2.057140e+01,2.051554e+01,2.063420e+01,2.057140e+01,2.068303e+01,2.055743e+01,2.060629e+01,2.050855e+01,2.053649e+01,2.055743e+01,2.062025e+01,2.059932e+01,2.061327e+01,2.058536e+01,2.055743e+01,2.055743e+01,2.060629e+01,2.064118e+01,2.070394e+01,2.059932e+01,2.062723e+01,2.052950e+01,2.052950e+01,2.055045e+01,2.045964e+01,2.045964e+01,2.045964e+01,2.075970e+01,2.054347e+01,2.055743e+01,2.052252e+01,2.050157e+01,2.052950e+01,2.048759e+01,2.058536e+01,2.066908e+01,2.057140e+01,2.050157e+01,2.055743e+01,2.050855e+01,2.059234e+01,2.059234e+01,2.057838e+01,2.048061e+01,2.049458e+01,2.054347e+01,2.056442e+01,2.044567e+01,2.047362e+01,2.055045e+01,2.062025e+01,2.053649e+01,2.053649e+01,2.044567e+01,2.044567e+01,2.043169e+01,2.045266e+01,2.047362e+01,2.043868e+01,2.046663e+01,2.050855e+01,2.061327e+01,2.059234e+01,2.039673e+01,2.036875e+01,2.046663e+01,2.045964e+01,2.047362e+01,2.048759e+01,2.048759e+01,2.045266e+01,2.048061e+01,2.043868e+01,2.042470e+01,2.041770e+01,2.043169e+01,2.049458e+01,2.041770e+01,2.048759e+01,2.037575e+01,2.043868e+01,2.045266e+01,2.036176e+01,2.043169e+01,2.041071e+01,2.045266e+01,2.036176e+01,2.042470e+01,2.043169e+01,2.041770e+01,2.045266e+01,2.043169e+01,2.025677e+01,2.054347e+01,2.043169e+01,2.041770e+01,2.031278e+01,2.033377e+01,2.041071e+01,2.029178e+01,2.024277e+01,2.039673e+01,2.041770e+01,2.039673e+01,2.043868e+01,2.034077e+01,2.034777e+01,2.034777e+01,2.031278e+01,2.031278e+01,2.042470e+01,2.039673e+01,2.035476e+01,2.039673e+01,2.036875e+01,2.036176e+01,2.038974e+01,2.036176e+01,2.016570e+01,2.030578e+01,2.036176e+01,2.034077e+01,2.026378e+01,2.045964e+01,2.028478e+01,2.031978e+01,2.041770e+01,2.037575e+01,2.036176e+01,2.028478e+01,2.035476e+01,2.022876e+01,2.041071e+01,2.031978e+01,2.029878e+01,2.042470e+01,2.043169e+01,2.025677e+01,2.038274e+01,2.041770e+01,2.059932e+01,2.056442e+01,2.041071e+01,2.043868e+01,2.040372e+01,2.033377e+01,2.039673e+01,2.038274e+01,2.031278e+01,2.040372e+01,2.035476e+01,2.022176e+01,2.043169e+01,2.031978e+01,2.029178e+01,2.029878e+01,2.050855e+01,2.049458e+01,2.041770e+01,2.045964e+01,2.051554e+01,2.048759e+01,2.038974e+01,2.048061e+01,2.053649e+01,2.052252e+01,2.038974e+01,2.044567e+01,2.043868e+01,2.058536e+01,2.045964e+01,2.045266e+01,2.053649e+01,2.050855e+01,2.053649e+01,2.055743e+01,2.045964e+01,2.054347e+01,2.055045e+01,2.048061e+01,2.046663e+01,2.038274e+01,2.048759e+01,2.043868e+01,2.051554e+01,2.044567e+01,2.031978e+01,2.029178e+01,2.029178e+01,2.027078e+01,2.021475e+01
2.039673e+01,2.041770e+01,2.032678e+01,2.031978e+01,2.027078e+01,2.026378e+01,2.030578e+01,2.039673e+01,2.048061e+01,2.036875e+01,2.047362e+01,2.046663e+01,2.073182e+01,2.075273e+01,2.108665e+01,2.138486e+01,2.189601e+01,2.196489e+01,2.141255e+01,2.118384e+01,2.136408e+01,2.169600e+01,2.175121e+01,2.174431e+01,2.175811e+01,2.170980e+01,2.139178e+01,2.150943e+01,2.143332e+01,2.173741e+01,2.180640e+01,2.150251e+01,2.183398e+01,2.206812e+01,2.145408e+01,2.155783e+01,2.147484e+01,2.138486e+01,2.130173e+01,2.105887e+01,2.135715e+01,2.132944e+01,2.155092e+01,2.179950e+01,2.155783e+01,2.173741e+01,2.157166e+01,2.131559e+01,2.126707e+01,2.135023e+01,2.149559e+01,2.132252e+01,2.129479e+01,2.128786e+01,2.153017e+01,2.123240e+01,2.137101e+01,2.116996e+01,2.124627e+01,2.128786e+01,2.147484e+01,2.135023e+01,2.167528e+01,2.146100e+01,2.132944e+01,2.132252e+01,2.145408e+01,2.137793e+01,2.208187e+01,2.207499e+01,2.218498e+01,2.129479e+01,2.123933e+01,2.123933e+01,2.135023e+01,2.173051e+01,2.119771e+01,2.137793e+01,2.141948e+01,2.185466e+01,2.122546e+01,2.113526e+01,2.112831e+01,2.107971e+01,2.105192e+01,2.130865e+01,2.131559e+01,2.139178e+01,2.141948e+01,2.163385e+01,2.159930e+01,2.136408e+01,2.132944e+01,2.154400e+01,2.264429e+01,2.394251e+01,2.356356e+01,2.264429e+01,2.219185e+01,2.219185e+01,2.217811e+01,2.167528e+01,2.216437e+01,2.192356e+01,2.154400e+01,2.114914e+01,2.096852e+01,2.126707e+01,2.127400e+01,2.175811e+01,2.231544e+01,2.143332e+01,2.062723e+01,2.057838e+01,2.053649e+01,2.048759e+01,2.041071e+01,2.045266e+01,2.042470e+01,2.029878e+01,2.049458e+01,2.038274e+01,2.029178e+01,2.039673e+01,2.037575e+01,2.034777e+01,2.035476e+01,2.030578e+01,2.048061e+01,2.038974e+01,2.042470e+01,2.046663e+01,2.040372e+01,2.040372e+01,2.030578e+01,2.033377e+01,2.041071e+01,2.048759e+01,2.048759e+01,2.053649e+01,2.038274e+01,2.045266e+01,2.041071e+01,2.038974e+01,2.045266e+01,2.044567e+01,2.045266e+01,2.037575e+01,2.044567e+01,2.042470e+01,2.041071e+01,2.037575e+01,2.057838e+01,2.049458e+01,2.034777e+01,2.053649e+01,2.034777e+01,2.035476e+01,2.040372e+01,2.044567e+01,2.041071e+01,2.039673e+01,2.043169e+01,2.039673e+01,2.034777e+01,2.033377e+01,2.036875e+01,2.031978e+01,2.032678e+01,2.034077e+01,2.045266e+01,2.038274e+01,2.034077e+01,2.045964e+01,2.037575e+01,2.045964e+01,2.051554e+01,2.046663e+01,2.038274e+01,2.045266e+01,2.043868e+01,2.044567e+01,2.041071e+01,2.047362e+01,2.036176e+01,2.040372e+01,2.034077e+01,2.051554e+01,2.038274e+01,2.034777e+01,2.036176e+01,2.041770e+01,2.039673e+01,2.036176e+01,2.035476e+01,2.052252e+01,2.036176e+01,2.044567e+01,2.050157e+01,2.038974e+01,2.042470e+01,2.040372e+01,2.038274e+01,2.040372e+01,2.031978e+01,2.040372e+01,2.041071e+01,2.038974e+01,2.045266e+01,2.032678e+01,2.043868e+01,2.045266e+01,2.044567e+01,2.048759e+01,2.055045e+01,2.039673e+01,2.045266e+01,2.046663e+01,2.041770e+01,2.046663e+01,2.041071e+01,2.041071e+01,2.040372e+01,2.041071e+01,2.041770e+01,2.042470e+01,2.038274e+01,2.044567e+01,2.043868e+01,2.045266e+01,2.049458e+01,2.044567e+01,2.045266e+01,2.036875e+01,2.045266e+01,2.041071e+01,2.040372e+01,2.035476e+01,2.038274e+01,2.034777e+01,2.038274e+01,2.036176e+01,2.035476e+01,2.033377e+01,2.027078e+01,2.041071e+01,2.041071e+01,2.017271e+01,1.956112e+01,1.923623e+01,1.904504e+01,1.904504e+01,1.905213e+01,1.898123e+01,1.894576e+01,1.875401e+01,1.891028e+01,1.875401e+01,1.881087e+01,1.881087e+01,1.893867e+01,1.887479e+01,1.888899e+01,1.895286e+01,1.900251e+01,1.895286e+01,1.922208e+01,1.929988e+01,1.981464e+01,1.975132e+01,1.937762e+01,1.928574e+01,1.906630e+01,1.919378e+01,1.910881e+01,1.913714e+01,1.913006e+01,1.913714e+01,1.929988e+01,1.911590e+01,1.920793e+01,1.920793e+01,1.912298e+01,1.912298e+01,1.925038e+01,1.912298e+01,1.919378e+01,1.922916e+01,1.921501e+01,1.920085e+01,1.923623e+01,1.929988e+01,1.933522e+01,1.935642e+01,1.941293e+01,1.927867e+01,1.955407e+01,1.962456e+01,2.012364e+01,2.036176e+01,2.045266e+01,2.039673e+01,2.050157e+01,2.044567e+01,2.051554e+01,2.056442e+01,2.056442e+01,2.045964e+01,2.043169e+01,2.045964e+01,2.041071e+01,2.042470e+01,2.036176e+01,2.040372e+01,2.032678e+01,2.024277e+01,2.048759e+01,2.031278e+01,2.038974e+01,2.040372e+01,2.036875e+01,2.048061e+01,2.033377e+01,2.023577e+01,1.989198e+01,1.987792e+01,1.988495e+01,2.014467e+01,2.027078e+01,2.049458e+01,2.049458e+01,2.034077e+01,2.042470e+01,2.040372e+01,2.035476e+01,2.030578e+01,1.970205e+01,1.938468e+01,1.918670e+01,1.894576e+01,1.891738e+01,1.890318e+01,1.883218e+01,1.870424e+01,1.865444e+01,1.875401e+01,1.864733e+01,1.866156e+01,1.869002e+01,1.869002e+01,1.872558e+01,1.872558e+01,1.885349e+01,1.878245e+01,1.879666e+01,1.871135e+01,1.877534e+01,1.875401e+01,1.898123e+01,1.922208e+01,1.908756e+01,1.929988e+01,1.979354e+01,2.020774e+01,2.031978e+01,2.034777e+01,2.043868e+01,2.041770e+01,2.039673e+01,2.038974e+01,2.040372e+01,2.036176e+01,2.040372e+01,2.044567e+01,2.044567e+01,2.045964e+01,2.043868e+01,2.043868e+01,2.036875e+01,2.044567e+01,2.061327e+01,2.041071e+01,2.042470e+01,2.048061e+01,2.037575e+01,2.062723e+01,2.031978e+01,2.045964e+01,2.038274e+01,2.038974e+01,2.045266e+01,2.043169e+01,2.048061e+01,2.054347e+01,2.049458e+01,2.045964e+01,2.036176e+01,2.039673e+01,2.049458e+01,2.052950e+01,2.043169e+01,2.053649e+01,2.043868e+01,2.056442e+01,2.045964e+01,2.050157e+01,2.046663e+01,2.059932e+01,2.052252e+01,2.057140e+01,2.044567e+01,2.053649e+01,2.051554e+01,2.052950e+01,2.057140e+01,2.053649e+01,2.055045e+01,2.047362e+01,2.050157e+01,2.045964e+01,2.052950e+01,2.056442e+01,2.062025e+01,2.054347e+01,2.056442e+01,2.050855e+01,2.055045e+01,2.058536e+01,2.058536e+01,2.055743e+01,2.055045e+01,2.063420e+01,2.068303e+01,2.053649e+01,2.045964e+01,2.047362e+01,2.043868e+01,2.051554e+01,2.055743e+01,2.057140e+01,2.053649e+01,2.051554e+01,2.056442e+01,2.060629e+01,2.056442e+01,2.062025e+01,2.059932e+01,2.066211e+01,2.061327e+01,2.056442e+01,2.055743e+01,2.064118e+01,2.051554e+01,2.052252e+01,2.056442e+01,2.052950e+01,2.056442e+01,2.055743e+01,2.048061e+01,2.060629e+01,2.055743e+01,2.057838e+01,2.059932e+01,2.056442e+01,2.054347e+01,2.052252e+01,2.061327e+01,2.050157e+01,2.063420e+01,2.065513e+01,2.067605e+01,2.060629e+01,2.058536e+01,2.053649e+01,2.049458e+01,2.055045e+01,2.059234e+01,2.045964e+01,2.060629e+01,2.052252e+01,2.062025e+01,2.046663e+01,2.063420e+01,2.044567e+01,2.046663e+01,2.052252e+01,2.057140e+01,2.039673e+01,2.060629e+01,2.059932e+01,2.060629e+01,2.055045e+01,2.053649e+01,2.057140e+01,2.055743e+01,2.043868e+01,2.048061e+01,2.052950e+01,2.053649e+01,2.050855e+01,2.053649e+01,2.050157e+01,2.043169e+01,2.049458e+01,2.046663e+01,2.045964e+01,2.044567e+01,2.049458e+01,2.052252e+01,2.052252e+01,2.054347e+01,2.043868e+01,2.042470e+01,2.041770e+01,2.038974e+01,2.048759e+01,2.034777e+01,2.047362e+01,2.044567e+01,2.052950e+01,2.034077e+01,2.047362e+01,2.037575e+01,2.041770e+01,2.038274e+01,2.054347e+01,2.039673e+01,2.045964e+01,2.034777e+01,2.045266e+01,2.038974e+01,2.038274e+01,2.044567e+01,2.031978e+01,2.050855e+01,2.055743e+01,2.041770e+01,2.045266e+01,2.045266e+01,2.048061e+01,2.045266e+01,2.050157e+01,2.042470e+01,2.030578e+01,2.049458e+01,2.038974e+01,2.039673e+01,2.050855e+01,2.031278e+01,2.035476e+01,2.038274e+01,2.033377e+01,2.032678e+01,2.041770e+01,2.026378e+01,2.025677e+01,2.032678e+01,2.036875e+01,2.030578e+01,2.035476e+01,2.053649e+01,2.029878e+01,2.038974e+01,2.036875e+01,2.041770e+01,2.033377e+01,2.036176e+01,2.037575e+01,2.024277e+01,2.040372e+01,2.029878e+01,2.034077e+01,2.045266e+01,2.031278e+01,2.037575e+01,2.038974e+01,2.036176e+01,2.036875e+01,2.034777e+01,2.049458e+01,2.038274e+01,2.037575e+01,2.028478e+01,2.043169e+01,2.029178e+01,2.045266e+01,2.045266e+01,2.027778e+01,2.044567e+01,2.034777e+01,2.045266e+01,2.042470e+01,2.033377e+01,2.034077e+01,2.036176e+01,2.035476e+01,2.056442e+01,2.038974e+01,2.041770e+01,2.038274e+01,2.038274e+01,2.036875e+01,2.040372e+01,2.048061e+01,2.044567e+01,2.052252e+01,2.040372e+01,2.048759e+01,2.046663e+01,2.050855e+01,2.020774e+01,2.060629e+01,2.045266e+01,2.049458e+01,2.054347e+01,2.038974e+01,2.036875e+01,2.043868e+01,2.050157e+01,2.062723e+01,2.046663e+01,2.048061e+01,2.050855e+01,2.052950e+01,2.049458e+01,2.053649e+01,2.051554e+01,2.050157e+01,2.045964e+01,2.037575e+01,2.045964e+01,2.038974e+01,2.052252e+01,2.057140e+01,2.038274e+01,2.029878e+01,2.033377e+01,2.038274e+01,2.031278e+01,2.031278e+01
2.025677e+01,2.029178e+01,2.029878e+01,2.025677e+01,2.039673e+01,2.036176e+01,2.022876e+01,2.029178e+01,2.035476e+01,2.036176e+01,2.029878e+01,2.048061e+01,2.042470e+01,2.066908e+01,2.101023e+01,2.135715e+01,2.131559e+01,2.140563e+01,2.125320e+01,2.139871e+01,2.137101e+01,2.137101e+01,2.146100e+01,2.141255e+01,2.113526e+01,2.132944e+01,2.155783e+01,2.147484e+01,2.134330e+01,2.150943e+01,2.271266e+01,2.213688e+01,2.150943e+01,2.137101e+01,2.157857e+01,2.175811e+01,2.168909e+01,2.130865e+01,2.127400e+01,2.114220e+01,2.110054e+01,2.131559e+01,2.133637e+01,2.176501e+01,2.157857e+01,2.130865e+01,2.128093e+01,2.149559e+01,2.132252e+01,2.146100e+01,2.152326e+01,2.127400e+01,2.121852e+01,2.126013e+01,2.127400e+01,2.156474e+01,2.126707e+01,2.120465e+01,2.118384e+01,2.156474e+01,2.153017e+01,2.135023e+01,2.130173e+01,2.143332e+01,2.182708e+01,2.182019e+01,2.179950e+01,2.166838e+01,2.141255e+01,2.131559e+01,2.126707e+01,2.105192e+01,2.116996e+01,2.116302e+01,2.123933e+01,2.132944e+01,2.135023e+01,2.121852e+01,2.144024e+01,2.186844e+01,2.116996e+01,2.116302e+01,2.119771e+01,2.144716e+01,2.105192e+01,2.110054e+01,2.128093e+01,2.146792e+01,2.156474e+01,2.204748e+01,2.210938e+01,2.191668e+01,2.152326e+01,2.123933e+01,2.199242e+01,2.368552e+01,2.321724e+01,2.265113e+01,2.216437e+01,2.166838e+01,2.169600e+01,2.201995e+01,2.150943e+01,2.197865e+01,2.221246e+01,2.128786e+01,2.102413e+01,2.100327e+01,2.116302e+01,2.150251e+01,2.206124e+01,2.142640e+01,2.046663e+01,2.045964e+01,2.050157e+01,2.045266e+01,2.042470e+01,2.034777e+01,2.027778e+01,2.022176e+01,2.049458e+01,2.030578e+01,2.040372e+01,2.029878e+01,2.031978e+01,2.038974e+01,2.059234e+01,2.039673e+01,2.045266e+01,2.039673e+01,2.045964e+01,2.027778e+01,2.040372e+01,2.041071e+01,2.042470e+01,2.031978e+01,2.034777e+01,2.050157e+01,2.041071e+01,2.059234e+01,2.041071e+01,2.037575e+01,2.041071e+01,2.035476e+01,2.033377e+01,2.034777e+01,2.042470e+01,2.036875e+01,2.036875e+01,2.036875e+01,2.034777e+01,2.047362e+01,2.038974e+01,2.050855e+01,2.034777e+01,2.047362e+01,2.042470e+01,2.041071e+01,2.043868e+01,2.045964e+01,2.037575e+01,2.043169e+01,2.043169e+01,2.034077e+01,2.031978e+01,2.050855e+01,2.038974e+01,2.040372e+01,2.036875e+01,2.035476e+01,2.035476e+01,2.041770e+01,2.038974e+01,2.044567e+01,2.036875e+01,2.038274e+01,2.036176e+01,2.044567e+01,2.042470e+01,2.029878e+01,2.039673e+01,2.048061e+01,2.041770e+01,2.038274e+01,2.036875e+01,2.051554e+01,2.050855e+01,2.041770e+01,2.043868e+01,2.036875e+01,2.041770e+01,2.044567e+01,2.040372e+01,2.034077e+01,2.050855e+01,2.050157e+01,2.038974e+01,2.040372e+01,2.037575e+01,2.045964e+01,2.038274e+01,2.043868e+01,2.034777e+01,2.030578e+01,2.039673e+01,2.036875e+01,2.035476e+01,2.034077e+01,2.036176e+01,2.047362e+01,2.026378e+01,2.043868e+01,2.032678e+01,2.048061e+01,2.051554e+01,2.041071e+01,2.049458e+01,2.038974e+01,2.043169e+01,2.032678e+01,2.029178e+01,2.035476e+01,2.031978e+01,2.029878e+01,2.037575e+01,2.041071e+01,2.037575e+01,2.047362e+01,2.043868e+01,2.049458e+01,2.029878e+01,2.036176e+01,2.031978e+01,2.038974e+01,2.036875e+01,2.040372e+01,2.034777e+01,2.050855e+01,2.038274e+01,2.048061e+01,2.049458e+01,2.033377e+01,2.024977e+01,2.022876e+01,2.035476e+01,2.031978e+01,2.019373e+01,2.028478e+01,1.992711e+01,1.941293e+01,1.917962e+01,1.909464e+01,1.904504e+01,1.895995e+01,1.892448e+01,1.893157e+01,1.876823e+01,1.876112e+01,1.874691e+01,1.881087e+01,1.888189e+01,1.891028e+01,1.874691e+01,1.890318e+01,1.895286e+01,1.895286e+01,1.899541e+01,1.925038e+01,1.975132e+01,1.994117e+01,1.944118e+01,1.919378e+01,1.917254e+01,1.917254e+01,1.920085e+01,1.913006e+01,1.932815e+01,1.915838e+01,1.919378e+01,1.921501e+01,1.915130e+01,1.916546e+01,1.914422e+01,1.908047e+01,1.919378e+01,1.917962e+01,1.910173e+01,1.912298e+01,1.914422e+01,1.925745e+01,1.925745e+01,1.918670e+01,1.930695e+01,1.929988e+01,1.946941e+01,1.939881e+01,1.951175e+01,1.996224e+01,2.031278e+01,2.038274e+01,2.034077e+01,2.043169e+01,2.045964e+01,2.048061e+01,2.044567e+01,2.048061e+01,2.048061e+01,2.045964e+01,2.045266e+01,2.043169e+01,2.041071e+01,2.041770e+01,2.030578e+01,2.009559e+01,2.000437e+01,2.000437e+01,2.015168e+01,2.014467e+01,2.024977e+01,2.034077e+01,2.031278e+01,2.045266e+01,2.028478e+01,2.029878e+01,2.022876e+01,1.989901e+01,1.981464e+01,2.018673e+01,2.022176e+01,2.030578e+01,2.038274e+01,2.048759e+01,2.054347e+01,2.037575e+01,2.032678e+01,2.022876e+01,1.963865e+01,1.934229e+01,1.920085e+01,1.910173e+01,1.897414e+01,1.878245e+01,1.899541e+01,1.874691e+01,1.867579e+01,1.867579e+01,1.851915e+01,1.867579e+01,1.853340e+01,1.859038e+01,1.861174e+01,1.861886e+01,1.877534e+01,1.873980e+01,1.881797e+01,1.873269e+01,1.878955e+01,1.879666e+01,1.895286e+01,1.893157e+01,1.905213e+01,1.940587e+01,1.979354e+01,2.027778e+01,2.027778e+01,2.024277e+01,2.029178e+01,2.036176e+01,2.031278e+01,2.034077e+01,2.034777e+01,2.033377e+01,2.035476e+01,2.038274e+01,2.028478e+01,2.050855e+01,2.044567e+01,2.040372e+01,2.037575e+01,2.041770e+01,2.041071e+01,2.035476e+01,2.050157e+01,2.048061e+01,2.039673e+01,2.045964e+01,2.049458e+01,2.038274e+01,2.043868e+01,2.038974e+01,2.042470e+01,2.029878e+01,2.042470e+01,2.046663e+01,2.035476e+01,2.041770e+01,2.040372e+01,2.048759e+01,2.039673e+01,2.038274e+01,2.049458e+01,2.059234e+01,2.057140e+01,2.048061e+01,2.042470e+01,2.043868e+01,2.029878e+01,2.057838e+01,2.045964e+01,2.057140e+01,2.058536e+01,2.050855e+01,2.034777e+01,2.057838e+01,2.050157e+01,2.048759e+01,2.048759e+01,2.049458e+01,2.050855e+01,2.058536e+01,2.054347e+01,2.045964e+01,2.057838e+01,2.032678e+01,2.055743e+01,2.055045e+01,2.050855e+01,2.064118e+01,2.055743e+01,2.055743e+01,2.055743e+01,2.052252e+01,2.071789e+01,2.052950e+01,2.057838e+01,2.051554e+01,2.058536e+01,2.057838e+01,2.049458e+01,2.053649e+01,2.059932e+01,2.057838e+01,2.061327e+01,2.060629e+01,2.060629e+01,2.057140e+01,2.067605e+01,2.057838e+01,2.057140e+01,2.051554e+01,2.052252e+01,2.051554e+01,2.050157e+01,2.053649e+01,2.050157e+01,2.057140e+01,2.049458e+01,2.048061e+01,2.050157e+01,2.049458e+01,2.041071e+01,2.037575e+01,2.048759e+01,2.052950e+01,2.033377e+01,2.050157e+01,2.063420e+01,2.050855e+01,2.050855e+01,2.045266e+01,2.053649e+01,2.053649e+01,2.062025e+01,2.048759e+01,2.045266e+01,2.048759e+01,2.046663e+01,2.059234e+01,2.048759e+01,2.057838e+01,2.045964e+01,2.049458e+01,2.045964e+01,2.059932e+01,2.043169e+01,2.059234e+01,2.059234e+01,2.050855e+01,2.053649e+01,2.053649e+01,2.049458e+01,2.057838e+01,2.050855e+01,2.055045e+01,2.044567e+01,2.050855e+01,2.054347e+01,2.050855e+01,2.050855e+01,2.059234e+01,2.052252e+01,2.047362e+01,2.045964e+01,2.045266e+01,2.064816e+01,2.044567e+01,2.040372e+01,2.048759e+01,2.055045e+01,2.051554e+01,2.050855e+01,2.047362e+01,2.039673e+01,2.043169e+01,2.048759e+01,2.052252e+01,2.048061e+01,2.043868e+01,2.040372e+01,2.036176e+01,2.044567e+01,2.038274e+01,2.038274e+01,2.046663e+01,2.035476e+01,2.038274e+01,2.052252e+01,2.038274e+01,2.036875e+01,2.041071e+01,2.035476e+01,2.045964e+01,2.035476e+01,2.041770e+01,2.054347e+01,2.044567e+01,2.031978e+01,2.044567e+01,2.043868e+01,2.038274e+01,2.031278e+01,2.045964e+01,2.024977e+01,2.038974e+01,2.037575e+01,2.040372e+01,2.034777e+01,2.040372e+01,2.041071e+01,2.036875e+01,2.035476e+01,2.036176e+01,2.035476e+01,2.032678e+01,2.043169e+01,2.035476e+01,2.023577e+01,2.022176e+01,2.036875e+01,2.039673e+01,2.036176e+01,2.031978e+01,2.036875e+01,2.029878e+01,2.034077e+01,2.030578e+01,2.023577e+01,2.037575e+01,2.029178e+01,2.034777e+01,2.033377e+01,2.036875e+01,2.036176e+01,2.034077e+01,2.034777e+01,2.038974e+01,2.036875e+01,2.031278e+01,2.033377e+01,2.022876e+01,2.024977e+01,2.038274e+01,2.017271e+01,2.024277e+01,2.022876e+01,2.017972e+01,2.038274e+01,2.039673e+01,2.030578e+01,2.041071e+01,2.042470e+01,2.028478e+01,2.037575e+01,2.043868e+01,2.037575e+01,2.045266e+01,2.038974e+01,2.029878e+01,2.036176e+01,2.021475e+01,2.027078e+01,2.039673e+01,2.022876e+01,2.041071e+01,2.044567e+01,2.047362e+01,2.056442e+01,2.054347e+01,2.051554e+01,2.057140e+01,2.043868e+01,2.056442e+01,2.055045e+01,2.041770e+01,2.036875e+01,2.045266e+01,2.051554e+01,2.052950e+01,2.068303e+01,2.053649e+01,2.054347e+01,2.039673e+01,2.054347e+01,2.037575e+01,2.050157e+01,2.039673e+01,2.037575e+01,2.048061e+01,2.047362e+01,2.042470e+01,2.034077e+01,2.034777e+01,2.040372e+01,2.049458e+01,2.050855e+01,2.029878e+01,2.037575e+01,2.029178e+01,2.028478e+01,2.034077e+01
2.026378e+01,2.031978e+01,2.031278e+01,2.034077e+01,2.031978e+01,2.033377e+01,2.020074e+01,2.040372e+01,2.034777e+01,2.030578e+01,2.047362e+01,2.048759e+01,2.073879e+01,2.071091e+01,2.114914e+01,2.116302e+01,2.135023e+01,2.116996e+01,2.140563e+01,2.122546e+01,2.145408e+01,2.207499e+01,2.144024e+01,2.144024e+01,2.123240e+01,2.124627e+01,2.126013e+01,2.132944e+01,2.121852e+01,2.128786e+01,2.151634e+01,2.154400e+01,2.145408e+01,2.167528e+01,2.169600e+01,2.168909e+01,2.173741e+01,2.160621e+01,2.155092e+01,2.133637e+01,2.130173e+01,2.130173e+01,2.136408e+01,2.157166e+01,2.157166e+01,2.198554e+01,2.195800e+01,2.215063e+01,2.258271e+01,2.196489e+01,2.141948e+01,2.181329e+01,2.135715e+01,2.112831e+01,2.115608e+01,2.123933e+01,2.122546e+01,2.116302e+01,2.141948e+01,2.180640e+01,2.190290e+01,2.138486e+01,2.145408e+01,2.164766e+01,2.179950e+01,2.208187e+01,2.208187e+01,2.168219e+01,2.136408e+01,2.128786e+01,2.121159e+01,2.105192e+01,2.105887e+01,2.128786e+01,2.133637e+01,2.160621e+01,2.245944e+01,2.188223e+01,2.150943e+01,2.128786e+01,2.127400e+01,2.130173e+01,2.147484e+01,2.142640e+01,2.142640e+01,2.162694e+01,2.183398e+01,2.137101e+01,2.116996e+01,2.152326e+01,2.188912e+01,2.188912e+01,2.131559e+01,2.123933e+01,2.135023e+01,2.173741e+01,2.219872e+01,2.195111e+01,2.141255e+01,2.167528e+01,2.177191e+01,2.219872e+01,2.175811e+01,2.190979e+01,2.151634e+01,2.110748e+01,2.127400e+01,2.150251e+01,2.167528e+01,2.197865e+01,2.230858e+01,2.141948e+01,2.055045e+01,2.043169e+01,2.051554e+01,2.032678e+01,2.052252e+01,2.035476e+01,2.033377e+01,2.023577e+01,2.045964e+01,2.041071e+01,2.036176e+01,2.039673e+01,2.036875e+01,2.038274e+01,2.027078e+01,2.037575e+01,2.036176e+01,2.037575e+01,2.030578e+01,2.036875e+01,2.036875e+01,2.038974e+01,2.034077e+01,2.041770e+01,2.036176e+01,2.038974e+01,2.037575e+01,2.051554e+01,2.051554e+01,2.039673e+01,2.038274e+01,2.037575e+01,2.033377e+01,2.037575e+01,2.036875e+01,2.041071e+01,2.038974e+01,2.037575e+01,2.043868e+01,2.038274e+01,2.041770e+01,2.041770e+01,2.041071e+01,2.034077e+01,2.036875e+01,2.038974e+01,2.041770e+01,2.033377e+01,2.044567e+01,2.036875e+01,2.038974e+01,2.041071e+01,2.041071e+01,2.045266e+01,2.035476e+01,2.052950e+01,2.045964e+01,2.043169e+01,2.040372e+01,2.043169e+01,2.036176e+01,2.014467e+01,2.043868e+01,2.036176e+01,2.036875e+01,2.038274e+01,2.038274e+01,2.039673e+01,2.048759e+01,2.041071e+01,2.043169e+01,2.045964e+01,2.031278e+01,2.045266e+01,2.026378e+01,2.029178e+01,2.049458e+01,2.043169e+01,2.046663e+01,2.045964e+01,2.040372e+01,2.035476e+01,2.039673e+01,2.050855e+01,2.041770e+01,2.034777e+01,2.046663e+01,2.049458e+01,2.048061e+01,2.041770e+01,2.034077e+01,2.043169e+01,2.033377e+01,2.042470e+01,2.037575e+01,2.039673e+01,2.038274e+01,2.041071e+01,2.042470e+01,2.032678e+01,2.044567e+01,2.050157e+01,2.035476e+01,2.041770e+01,2.039673e+01,2.053649e+01,2.041071e+01,2.045266e+01,2.038274e+01,2.043868e+01,2.045266e+01,2.027078e+01,2.036875e+01,2.041071e+01,2.048759e+01,2.048759e+01,2.041071e+01,2.048061e+01,2.041071e+01,2.037575e+01,2.044567e+01,2.021475e+01,2.039673e+01,2.028478e+01,2.031978e+01,2.032678e+01,2.028478e+01,2.029878e+01,2.027778e+01,2.030578e+01,1.999735e+01,1.977243e+01,1.987792e+01,1.994117e+01,2.017271e+01,2.014467e+01,2.013766e+01,1.998330e+01,1.949058e+01,1.922208e+01,1.914422e+01,1.886059e+01,1.877534e+01,1.876112e+01,1.891028e+01,1.886059e+01,1.883928e+01,1.881087e+01,1.872558e+01,1.880376e+01,1.893867e+01,1.880376e+01,1.901669e+01,1.899541e+01,1.895286e+01,1.925038e+01,1.976540e+01,2.019373e+01,1.978650e+01,1.942705e+01,1.941293e+01,1.929988e+01,1.922916e+01,1.922916e+01,1.941999e+01,1.913714e+01,1.940587e+01,1.922208e+01,1.918670e+01,1.912298e+01,1.918670e+01,1.921501e+01,1.927160e+01,1.908756e+01,1.925038e+01,1.919378e+01,1.924331e+01,1.918670e+01,1.929281e+01,1.926452e+01,1.928574e+01,1.941293e+01,1.937762e+01,1.934229e+01,1.975836e+01,2.010260e+01,2.041071e+01,2.034077e+01,2.038274e+01,2.043868e+01,2.049458e+01,2.055045e+01,2.051554e+01,2.048759e+01,2.045964e+01,2.041770e+01,2.040372e+01,2.040372e+01,2.040372e+01,2.036176e+01,2.031278e+01,1.989901e+01,1.958932e+01,1.957522e+01,1.960342e+01,1.982168e+01,1.998330e+01,2.024977e+01,2.024977e+01,2.026378e+01,2.024977e+01,2.025677e+01,2.025677e+01,1.992711e+01,2.014467e+01,2.037575e+01,2.032678e+01,2.037575e+01,2.030578e+01,2.030578e+01,2.031978e+01,2.027778e+01,2.030578e+01,2.024277e+01,1.964570e+01,1.946941e+01,1.915130e+01,1.904504e+01,1.900960e+01,1.897414e+01,1.893157e+01,1.875401e+01,1.876823e+01,1.871135e+01,1.867579e+01,1.866156e+01,1.860462e+01,1.860462e+01,1.862598e+01,1.875401e+01,1.874691e+01,1.879666e+01,1.870424e+01,1.870424e+01,1.892448e+01,1.891738e+01,1.894576e+01,1.886769e+01,1.913006e+01,1.942705e+01,2.009559e+01,2.015869e+01,1.995521e+01,1.975132e+01,1.977947e+01,1.993414e+01,2.033377e+01,2.003946e+01,2.012364e+01,2.008156e+01,2.030578e+01,2.017271e+01,2.033377e+01,2.042470e+01,2.035476e+01,2.044567e+01,2.056442e+01,2.043169e+01,2.057838e+01,2.028478e+01,2.043868e+01,2.044567e+01,2.037575e+01,2.048061e+01,2.049458e+01,2.048061e+01,2.039673e+01,2.036176e+01,2.046663e+01,2.043169e+01,2.035476e+01,2.050157e+01,2.037575e+01,2.041071e+01,2.045964e+01,2.056442e+01,2.038974e+01,2.052252e+01,2.046663e+01,2.053649e+01,2.050855e+01,2.048759e+01,2.048061e+01,2.050157e+01,2.040372e+01,2.045266e+01,2.050157e+01,2.057140e+01,2.042470e+01,2.063420e+01,2.054347e+01,2.052950e+01,2.061327e+01,2.050157e+01,2.048061e+01,2.045266e+01,2.045964e+01,2.052950e+01,2.064118e+01,2.043169e+01,2.056442e+01,2.050855e+01,2.050855e+01,2.052950e+01,2.052252e+01,2.052252e+01,2.046663e+01,2.049458e+01,2.053649e+01,2.057838e+01,2.054347e+01,2.055045e+01,2.050157e+01,2.065513e+01,2.058536e+01,2.052950e+01,2.051554e+01,2.061327e+01,2.058536e+01,2.055045e+01,2.060629e+01,2.057140e+01,2.057838e+01,2.059234e+01,2.050157e+01,2.058536e+01,2.058536e+01,2.057140e+01,2.059932e+01,2.058536e+01,2.063420e+01,2.043169e+01,2.049458e+01,2.055045e+01,2.052950e+01,2.056442e+01,2.051554e+01,2.066211e+01,2.057140e+01,2.054347e+01,2.054347e+01,2.055743e+01,2.050855e+01,2.056442e+01,2.056442e+01,2.048061e+01,2.054347e+01,2.052950e+01,2.052950e+01,2.059234e+01,2.049458e+01,2.048061e+01,2.048759e+01,2.065513e+01,2.052252e+01,2.057140e+01,2.049458e+01,2.057140e+01,2.048061e+01,2.046663e+01,2.062723e+01,2.048061e+01,2.055743e+01,2.059234e+01,2.057838e+01,2.058536e+01,2.051554e+01,2.057838e+01,2.055045e+01,2.052252e+01,2.042470e+01,2.045964e+01,2.043868e+01,2.046663e+01,2.051554e+01,2.057838e+01,2.048061e+01,2.049458e+01,2.051554e+01,2.043868e+01,2.050157e+01,2.049458e+01,2.043868e+01,2.045266e+01,2.052252e+01,2.046663e+01,2.050157e+01,2.051554e+01,2.048061e+01,2.041071e+01,2.041770e+01,2.048759e+01,2.050157e+01,2.039673e+01,2.052252e+01,2.049458e+01,2.036875e+01,2.051554e+01,2.038274e+01,2.043868e+01,2.042470e+01,2.035476e+01,2.055743e+01,2.038274e+01,2.036176e+01,2.035476e+01,2.050855e+01,2.046663e+01,2.043868e+01,2.034077e+01,2.038974e+01,2.037575e+01,2.060629e+01,2.045964e+01,2.031978e+01,2.043868e+01,2.042470e+01,2.044567e+01,2.052252e+01,2.045266e+01,2.027078e+01,2.045266e+01,2.040372e+01,2.038974e+01,2.037575e+01,2.041770e+01,2.040372e+01,2.031978e+01,2.037575e+01,2.033377e+01,2.040372e+01,2.033377e+01,2.038274e+01,2.028478e+01,2.029178e+01,2.031978e+01,2.031278e+01,2.031978e+01,2.036875e+01,2.055743e+01,2.034077e+01,2.030578e+01,2.036176e+01,2.031978e+01,2.032678e+01,2.037575e+01,2.036875e+01,2.029878e+01,2.040372e+01,2.039673e+01,2.030578e+01,2.041071e+01,2.036875e+01,2.041071e+01,2.036875e+01,2.036875e+01,2.034077e+01,2.039673e+01,2.032678e+01,2.034077e+01,2.036875e+01,2.041770e+01,2.044567e+01,2.044567e+01,2.042470e+01,2.035476e+01,2.042470e+01,2.031278e+01,2.038974e+01,2.035476e+01,2.033377e+01,2.043169e+01,2.045266e+01,2.034777e+01,2.044567e+01,2.037575e+01,2.021475e+01,2.041071e+01,2.043169e+01,2.020074e+01,2.031978e+01,2.046663e+01,2.055743e+01,2.048759e+01,2.048061e+01,2.045266e+01,2.041071e+01,2.051554e+01,2.048061e+01,2.053649e+01,2.055743e+01,2.050855e+01,2.046663e+01,2.042470e+01,2.049458e+01,2.049458e+01,2.034777e+01,2.041770e+01,2.043169e+01,2.055743e+01,2.045266e+01,2.046663e+01,2.038974e+01,2.045266e+01,2.050157e+01,2.040372e+01,2.034777e+01,2.043169e+01,2.036875e+01,2.035476e+01,2.043169e+01,2.038274e+01,2.036875e+01,2.038974e+01,2.038274e+01,2.029178e+01,2.017972e+01,2.021475e+01
2.033377e+01,2.030578e+01,2.031978e+01,2.038274e+01,2.022176e+01,2.034777e+01,2.036875e+01,2.038274e+01,2.036176e+01,2.048061e+01,2.049458e+01,2.051554e+01,2.050157e+01,2.087112e+01,2.103802e+01,2.157166e+01,2.110748e+01,2.116302e+01,2.110748e+01,2.114914e+01,2.121852e+01,2.135715e+01,2.118384e+01,2.116302e+01,2.118384e+01,2.119771e+01,2.126013e+01,2.146792e+01,2.150251e+01,2.151634e+01,2.142640e+01,2.144716e+01,2.148868e+01,2.146792e+01,2.149559e+01,2.156474e+01,2.157166e+01,2.161312e+01,2.151634e+01,2.159930e+01,2.154400e+01,2.169600e+01,2.154400e+01,2.158548e+01,2.156474e+01,2.219185e+01,2.268532e+01,2.193734e+01,2.132944e+01,2.140563e+01,2.128786e+01,2.142640e+01,2.135715e+01,2.123933e+01,2.107971e+01,2.127400e+01,2.126013e+01,2.141948e+01,2.130865e+01,2.166838e+01,2.210250e+01,2.173741e+01,2.168909e+01,2.208187e+01,2.192356e+01,2.168219e+01,2.166147e+01,2.166838e+01,2.132944e+01,2.132944e+01,2.125320e+01,2.105887e+01,2.130865e+01,2.125320e+01,2.147484e+01,2.163385e+01,2.307430e+01,2.336678e+01,2.281514e+01,2.154400e+01,2.130865e+01,2.119078e+01,2.146100e+01,2.148868e+01,2.212313e+01,2.272633e+01,2.174431e+01,2.148868e+01,2.141948e+01,2.141255e+01,2.144024e+01,2.141948e+01,2.134330e+01,2.112137e+01,2.113526e+01,2.135715e+01,2.128786e+01,2.132252e+01,2.169600e+01,2.180640e+01,2.140563e+01,2.136408e+01,2.144716e+01,2.105887e+01,2.111443e+01,2.105887e+01,2.110054e+01,2.150943e+01,2.209563e+01,2.225367e+01,2.210938e+01,2.144716e+01,2.048061e+01,2.041071e+01,2.055045e+01,2.036176e+01,2.031978e+01,2.032678e+01,2.034777e+01,2.045964e+01,2.039673e+01,2.030578e+01,2.033377e+01,2.024977e+01,2.029878e+01,2.040372e+01,2.045964e+01,2.043868e+01,2.045266e+01,2.040372e+01,2.044567e+01,2.040372e+01,2.037575e+01,2.040372e+01,2.038274e+01,2.038974e+01,2.039673e+01,2.030578e+01,2.036176e+01,2.041071e+01,2.041770e+01,2.038274e+01,2.046663e+01,2.038974e+01,2.045266e+01,2.045266e+01,2.035476e+01,2.048061e+01,2.037575e+01,2.050855e+01,2.044567e+01,2.043868e+01,2.036176e+01,2.046663e+01,2.047362e+01,2.045266e+01,2.048759e+01,2.038974e+01,2.040372e+01,2.042470e+01,2.043868e+01,2.045964e+01,2.047362e+01,2.043868e+01,2.049458e+01,2.041071e+01,2.035476e+01,2.051554e+01,2.029178e+01,2.026378e+01,2.045266e+01,2.041071e+01,2.045266e+01,2.040372e+01,2.037575e+01,2.049458e+01,2.043169e+01,2.049458e+01,2.043169e+01,2.040372e+01,2.047362e+01,2.041770e+01,2.041071e+01,2.038974e+01,2.036875e+01,2.041071e+01,2.038974e+01,2.038274e+01,2.043868e+01,2.040372e+01,2.048061e+01,2.043868e+01,2.050855e+01,2.049458e+01,2.052950e+01,2.048759e+01,2.051554e+01,2.047362e+01,2.041770e+01,2.045964e+01,2.041770e+01,2.046663e+01,2.043169e+01,2.036875e+01,2.050855e+01,2.037575e+01,2.039673e+01,2.042470e+01,2.033377e+01,2.042470e+01,2.046663e+01,2.038974e+01,2.039673e+01,2.037575e+01,2.034777e+01,2.038974e+01,2.042470e+01,2.040372e+01,2.038974e+01,2.050157e+01,2.029178e+01,2.041071e+01,2.033377e+01,2.041770e+01,2.036176e+01,2.038274e+01,2.040372e+01,2.049458e+01,2.043169e+01,2.045964e+01,2.035476e+01,2.036176e+01,2.034777e+01,2.034077e+01,2.037575e+01,2.038974e+01,2.054347e+01,2.041071e+01,2.051554e+01,2.043169e+01,2.019373e+01,1.992009e+01,1.964570e+01,1.957522e+01,1.958932e+01,1.946941e+01,1.944823e+01,1.984277e+01,1.989901e+01,2.003244e+01,2.001841e+01,1.969500e+01,1.932109e+01,1.903087e+01,1.893867e+01,1.891738e+01,1.888189e+01,1.889609e+01,1.883218e+01,1.885349e+01,1.885349e+01,1.897414e+01,1.889609e+01,1.891028e+01,1.894576e+01,1.896704e+01,1.915838e+01,1.923623e+01,1.980761e+01,2.032678e+01,2.029178e+01,1.993414e+01,1.962456e+01,1.944823e+01,1.956817e+01,1.949764e+01,1.941293e+01,1.940587e+01,1.926452e+01,1.916546e+01,1.891028e+01,1.920793e+01,1.920085e+01,1.905213e+01,1.920085e+01,1.921501e+01,1.919378e+01,1.920085e+01,1.927867e+01,1.917962e+01,1.928574e+01,1.925038e+01,1.922208e+01,1.927867e+01,1.964570e+01,1.967388e+01,2.034777e+01,2.037575e+01,2.042470e+01,2.045964e+01,2.052950e+01,2.048061e+01,2.061327e+01,2.063420e+01,2.053649e+01,2.076667e+01,2.054347e+01,2.052950e+01,2.043868e+01,2.050855e+01,2.057838e+01,2.044567e+01,2.023577e+01,1.965274e+01,1.945529e+01,1.953291e+01,1.937762e+01,1.963865e+01,1.962456e+01,1.979354e+01,1.999033e+01,2.001139e+01,2.001139e+01,2.022876e+01,2.022876e+01,1.997628e+01,2.006753e+01,2.025677e+01,2.027778e+01,2.025677e+01,2.039673e+01,2.033377e+01,2.033377e+01,2.039673e+01,2.027778e+01,2.027078e+01,1.965979e+01,1.941999e+01,1.939881e+01,1.913006e+01,1.908047e+01,1.906630e+01,1.903795e+01,1.892448e+01,1.876112e+01,1.870424e+01,1.862598e+01,1.871135e+01,1.865444e+01,1.870424e+01,1.871135e+01,1.873980e+01,1.873980e+01,1.879666e+01,1.871135e+01,1.872558e+01,1.873980e+01,1.888189e+01,1.889609e+01,1.892448e+01,1.893867e+01,1.951880e+01,1.987792e+01,1.979354e+01,1.970909e+01,1.931402e+01,1.947647e+01,1.948352e+01,1.968796e+01,1.992009e+01,1.988495e+01,1.976540e+01,1.982168e+01,1.991306e+01,2.008857e+01,2.029178e+01,2.043868e+01,2.047362e+01,2.041770e+01,2.050855e+01,2.047362e+01,2.025677e+01,2.046663e+01,2.043868e+01,2.045964e+01,2.050157e+01,2.042470e+01,2.050855e+01,2.038274e+01,2.049458e+01,2.043868e+01,2.050157e+01,2.046663e+01,2.051554e+01,2.046663e+01,2.038274e+01,2.040372e+01,2.059932e+01,2.038274e+01,2.059932e+01,2.066211e+01,2.059234e+01,2.048061e+01,2.058536e+01,2.057838e+01,2.043868e+01,2.053649e+01,2.046663e+01,2.061327e+01,2.047362e+01,2.041071e+01,2.050855e+01,2.056442e+01,2.055743e+01,2.051554e+01,2.051554e+01,2.050855e+01,2.048061e+01,2.055743e+01,2.060629e+01,2.055045e+01,2.041770e+01,2.055045e+01,2.059932e+01,2.077363e+01,2.053649e+01,2.050855e+01,2.052252e+01,2.052252e+01,2.055743e+01,2.060629e+01,2.055045e+01,2.052252e+01,2.055045e+01,2.057838e+01,2.062025e+01,2.059234e+01,2.053649e+01,2.055743e+01,2.051554e+01,2.057838e+01,2.055045e+01,2.061327e+01,2.059234e+01,2.064816e+01,2.061327e+01,2.061327e+01,2.061327e+01,2.069697e+01,2.056442e+01,2.057838e+01,2.060629e+01,2.055743e+01,2.052950e+01,2.056442e+01,2.056442e+01,2.052950e+01,2.050855e+01,2.041770e+01,2.060629e+01,2.049458e+01,2.062723e+01,2.056442e+01,2.066211e+01,2.055045e+01,2.055045e+01,2.057838e+01,2.053649e+01,2.053649e+01,2.054347e+01,2.055743e+01,2.055045e+01,2.047362e+01,2.064816e+01,2.063420e+01,2.051554e+01,2.045964e+01,2.055045e+01,2.057838e+01,2.056442e+01,2.052950e+01,2.048759e+01,2.062025e+01,2.073879e+01,2.045266e+01,2.049458e+01,2.054347e+01,2.050855e+01,2.052252e+01,2.050157e+01,2.058536e+01,2.057838e+01,2.041071e+01,2.063420e+01,2.053649e+01,2.059932e+01,2.051554e+01,2.048759e+01,2.063420e+01,2.050157e+01,2.054347e+01,2.050855e+01,2.055743e+01,2.048061e+01,2.048061e+01,2.045964e+01,2.048061e+01,2.041071e+01,2.053649e+01,2.041770e+01,2.058536e+01,2.053649e+01,2.043868e+01,2.053649e+01,2.050157e+01,2.035476e+01,2.031978e+01,2.045266e+01,2.038974e+01,2.044567e+01,2.041770e+01,2.038974e+01,2.041071e+01,2.033377e+01,2.043169e+01,2.042470e+01,2.041071e+01,2.040372e+01,2.048061e+01,2.042470e+01,2.046663e+01,2.043868e+01,2.045964e+01,2.040372e+01,2.032678e+01,2.050855e+01,2.052950e+01,2.046663e+01,2.048759e+01,2.057140e+01,2.048759e+01,2.049458e+01,2.032678e+01,2.050855e+01,2.044567e+01,2.037575e+01,2.041071e+01,2.038974e+01,2.037575e+01,2.039673e+01,2.030578e+01,2.037575e+01,2.041770e+01,2.032678e+01,2.033377e+01,2.022876e+01,2.025677e+01,2.034077e+01,2.034777e+01,2.034077e+01,2.032678e+01,2.037575e+01,2.031978e+01,2.030578e+01,2.029178e+01,2.037575e+01,2.031278e+01,2.040372e+01,2.048759e+01,2.030578e+01,2.031278e+01,2.029878e+01,2.036176e+01,2.043868e+01,2.050157e+01,2.035476e+01,2.037575e+01,2.035476e+01,2.010260e+01,2.043169e+01,2.031278e+01,2.034077e+01,2.033377e+01,2.034077e+01,2.044567e+01,2.039673e+01,2.042470e+01,2.034777e+01,2.041071e+01,2.037575e+01,2.036875e+01,2.044567e+01,2.044567e+01,2.035476e+01,2.038274e+01,2.048061e+01,2.038974e+01,2.037575e+01,2.036875e+01,2.041071e+01,2.047362e+01,2.043868e+01,2.043868e+01,2.057140e+01,2.050157e+01,2.046663e+01,2.038274e+01,2.051554e+01,2.045964e+01,2.051554e+01,2.059234e+01,2.057140e+01,2.049458e+01,2.046663e+01,2.046663e+01,2.060629e+01,2.058536e+01,2.045964e+01,2.052252e+01,2.040372e+01,2.053649e+01,2.047362e+01,2.055743e+01,2.046663e+01,2.052252e+01,2.038974e+01,2.049458e+01,2.040372e+01,2.043868e+01,2.052252e+01,2.034077e+01,2.034777e+01,2.034777e+01,2.041071e+01,2.036176e+01,2.039673e+01,2.030578e+01,2.029178e+01,2.019373e+01,2.036875e+01
2.034077e+01,2.038274e+01,2.013766e+01,2.038974e+01,2.029178e+01,2.026378e+01,2.022876e+01,2.033377e+01,2.036875e+01,2.043169e+01,2.031978e+01,2.052252e+01,2.055743e+01,2.063420e+01,2.089200e+01,2.100327e+01,2.151634e+01,2.139178e+01,2.117690e+01,2.098242e+01,2.116302e+01,2.103107e+01,2.118384e+01,2.101023e+01,2.103802e+01,2.119771e+01,2.126013e+01,2.126013e+01,2.128786e+01,2.135023e+01,2.148868e+01,2.126013e+01,2.126707e+01,2.126707e+01,2.159930e+01,2.140563e+01,2.165457e+01,2.171671e+01,2.184087e+01,2.158548e+01,2.161312e+01,2.155783e+01,2.152326e+01,2.157166e+01,2.183398e+01,2.157857e+01,2.129479e+01,2.142640e+01,2.128786e+01,2.118384e+01,2.139178e+01,2.138486e+01,2.141948e+01,2.132944e+01,2.130173e+01,2.113526e+01,2.137101e+01,2.121159e+01,2.113526e+01,2.149559e+01,2.207499e+01,2.219185e+01,2.167528e+01,2.137101e+01,2.147484e+01,2.168219e+01,2.139871e+01,2.123240e+01,2.123933e+01,2.119771e+01,2.132252e+01,2.126013e+01,2.126013e+01,2.144716e+01,2.136408e+01,2.150251e+01,2.203372e+01,2.279465e+01,2.286976e+01,2.243203e+01,2.173051e+01,2.166147e+01,2.157857e+01,2.152326e+01,2.180640e+01,2.271950e+01,2.303343e+01,2.179260e+01,2.178571e+01,2.200619e+01,2.207499e+01,2.146100e+01,2.141255e+01,2.144716e+01,2.114914e+01,2.086416e+01,2.099632e+01,2.130865e+01,2.121852e+01,2.139178e+01,2.113526e+01,2.096852e+01,2.135023e+01,2.096156e+01,2.096156e+01,2.071091e+01,2.098937e+01,2.107971e+01,2.114914e+01,2.142640e+01,2.146100e+01,2.123933e+01,2.043868e+01,2.041770e+01,2.041770e+01,2.032678e+01,2.034777e+01,2.036875e+01,2.034777e+01,2.036176e+01,2.037575e+01,2.028478e+01,2.046663e+01,2.036875e+01,2.031278e+01,2.025677e+01,2.029178e+01,2.035476e+01,2.028478e+01,2.040372e+01,2.028478e+01,2.047362e+01,2.036875e+01,2.036875e+01,2.038274e+01,2.036875e+01,2.029878e+01,2.044567e+01,2.052252e+01,2.038974e+01,2.049458e+01,2.039673e+01,2.037575e+01,2.044567e+01,2.041770e+01,2.029178e+01,2.031978e+01,2.046663e+01,2.048061e+01,2.042470e+01,2.034777e+01,2.050855e+01,2.041770e+01,2.046663e+01,2.044567e+01,2.038974e+01,2.036176e+01,2.052950e+01,2.041770e+01,2.038974e+01,2.034077e+01,2.031978e+01,2.048061e+01,2.041071e+01,2.031978e+01,2.046663e+01,2.049458e+01,2.043868e+01,2.034077e+01,2.050855e+01,2.042470e+01,2.044567e+01,2.044567e+01,2.044567e+01,2.043169e+01,2.047362e+01,2.043868e+01,2.044567e+01,2.045266e+01,2.041770e+01,2.042470e+01,2.037575e+01,2.040372e+01,2.050855e+01,2.046663e+01,2.043868e+01,2.031978e+01,2.033377e+01,2.028478e+01,2.043169e+01,2.046663e+01,2.045964e+01,2.050157e+01,2.046663e+01,2.034077e+01,2.041770e+01,2.049458e+01,2.038974e+01,2.045266e+01,2.043169e+01,2.042470e+01,2.044567e+01,2.042470e+01,2.045266e+01,2.038974e+01,2.036875e+01,2.034077e+01,2.038974e+01,2.041770e+01,2.050157e+01,2.041770e+01,2.038274e+01,2.042470e+01,2.042470e+01,2.036176e+01,2.050855e+01,2.038274e+01,2.041071e+01,2.041071e+01,2.045964e+01,2.035476e+01,2.042470e+01,2.045266e+01,2.036875e+01,2.043169e+01,2.046663e+01,2.050157e+01,2.048061e+01,2.036176e+01,2.036176e+01,2.046663e+01,2.043169e+01,2.038274e+01,2.024977e+01,2.038274e+01,2.031978e+01,2.032678e+01,2.030578e+01,2.029178e+01,2.022876e+01,1.980058e+01,1.968092e+01,1.946941e+01,1.949764e+01,1.939881e+01,1.925038e+01,1.929988e+01,1.937055e+01,1.941999e+01,1.943411e+01,1.968796e+01,1.968796e+01,1.968796e+01,1.932815e+01,1.890318e+01,1.882508e+01,1.884638e+01,1.881087e+01,1.883218e+01,1.883928e+01,1.891028e+01,1.890318e+01,1.890318e+01,1.898832e+01,1.894576e+01,1.902378e+01,1.912298e+01,1.921501e+01,1.980761e+01,2.015869e+01,2.031978e+01,2.014467e+01,2.015869e+01,1.970909e+01,1.945529e+01,1.949764e+01,1.940587e+01,1.941999e+01,1.931402e+01,1.928574e+01,1.924331e+01,1.908756e+01,1.917254e+01,1.934936e+01,1.922208e+01,1.920085e+01,1.920793e+01,1.923623e+01,1.939881e+01,1.919378e+01,1.933522e+01,1.929988e+01,1.936349e+01,1.941999e+01,1.970909e+01,2.010961e+01,2.041071e+01,2.041071e+01,2.041770e+01,2.038974e+01,2.042470e+01,2.045964e+01,2.055743e+01,2.056442e+01,2.063420e+01,2.054347e+01,2.058536e+01,2.060629e+01,2.057838e+01,2.053649e+01,2.061327e+01,2.036176e+01,2.029178e+01,1.963161e+01,1.939881e+01,1.924331e+01,1.925745e+01,1.920793e+01,1.941293e+01,1.941293e+01,1.934936e+01,1.943411e+01,1.968092e+01,1.963161e+01,1.970205e+01,1.982168e+01,1.984277e+01,2.011663e+01,2.000437e+01,2.008857e+01,2.022876e+01,2.027778e+01,2.024977e+01,2.027778e+01,2.028478e+01,2.025677e+01,1.972317e+01,1.949058e+01,1.936349e+01,1.934936e+01,1.926452e+01,1.905213e+01,1.881087e+01,1.894576e+01,1.875401e+01,1.878955e+01,1.871135e+01,1.841934e+01,1.866156e+01,1.869713e+01,1.873269e+01,1.875401e+01,1.875401e+01,1.868290e+01,1.872558e+01,1.869002e+01,1.878955e+01,1.877534e+01,1.878955e+01,1.881087e+01,1.898123e+01,1.908047e+01,1.944823e+01,1.937762e+01,1.920793e+01,1.917962e+01,1.929281e+01,1.913714e+01,1.942705e+01,1.948352e+01,1.949764e+01,1.968796e+01,1.964570e+01,1.979354e+01,1.991306e+01,2.028478e+01,2.059932e+01,2.036875e+01,2.046663e+01,2.041770e+01,2.053649e+01,2.045266e+01,2.045964e+01,2.055045e+01,2.039673e+01,2.039673e+01,2.039673e+01,2.042470e+01,2.054347e+01,2.031278e+01,2.036176e+01,2.054347e+01,2.050157e+01,2.041071e+01,2.046663e+01,2.050157e+01,2.064816e+01,2.041071e+01,2.055743e+01,2.043169e+01,2.045266e+01,2.057838e+01,2.056442e+01,2.048759e+01,2.052950e+01,2.053649e+01,2.059932e+01,2.054347e+01,2.058536e+01,2.052252e+01,2.057140e+01,2.055743e+01,2.053649e+01,2.059932e+01,2.048759e+01,2.052252e+01,2.059234e+01,2.045964e+01,2.050157e+01,2.051554e+01,2.045964e+01,2.051554e+01,2.055743e+01,2.052950e+01,2.055743e+01,2.052252e+01,2.052252e+01,2.052950e+01,2.053649e+01,2.057838e+01,2.057838e+01,2.055743e+01,2.059932e+01,2.061327e+01,2.055743e+01,2.048759e+01,2.051554e+01,2.052950e+01,2.043868e+01,2.082239e+01,2.052252e+01,2.050855e+01,2.059234e+01,2.062025e+01,2.062723e+01,2.057838e+01,2.070394e+01,2.048759e+01,2.055743e+01,2.058536e+01,2.056442e+01,2.063420e+01,2.046663e+01,2.055743e+01,2.043868e+01,2.056442e+01,2.053649e+01,2.065513e+01,2.055743e+01,2.057838e+01,2.064816e+01,2.050855e+01,2.049458e+01,2.056442e+01,2.057838e+01,2.061327e+01,2.054347e+01,2.067605e+01,2.052950e+01,2.052252e+01,2.048759e+01,2.052252e+01,2.050157e+01,2.048759e+01,2.043169e+01,2.041770e+01,2.055743e+01,2.045266e+01,2.055045e+01,2.055743e+01,2.053649e+01,2.048759e+01,2.056442e+01,2.057140e+01,2.052950e+01,2.069697e+01,2.048759e+01,2.052950e+01,2.058536e+01,2.053649e+01,2.050855e+01,2.047362e+01,2.057140e+01,2.053649e+01,2.054347e+01,2.052950e+01,2.053649e+01,2.056442e+01,2.051554e+01,2.054347e+01,2.044567e+01,2.045266e+01,2.043868e+01,2.050157e+01,2.048061e+01,2.046663e+01,2.044567e+01,2.048061e+01,2.048061e+01,2.050157e+01,2.024977e+01,2.043169e+01,2.043868e+01,2.048759e+01,2.046663e+01,2.047362e+01,2.047362e+01,2.041071e+01,2.055743e+01,2.045266e+01,2.043169e+01,2.042470e+01,2.036176e+01,2.036176e+01,2.036176e+01,2.040372e+01,2.048061e+01,2.049458e+01,2.033377e+01,2.048061e+01,2.045266e+01,2.041071e+01,2.036875e+01,2.050157e+01,2.038974e+01,2.052950e+01,2.052252e+01,2.050157e+01,2.058536e+01,2.050855e+01,2.047362e+01,2.046663e+01,2.026378e+01,2.039673e+01,2.038974e+01,2.036875e+01,2.036176e+01,2.041770e+01,2.031978e+01,2.040372e+01,2.041770e+01,2.043868e+01,2.047362e+01,2.037575e+01,2.026378e+01,2.032678e+01,2.040372e+01,2.034077e+01,2.033377e+01,2.040372e+01,2.040372e+01,2.031278e+01,2.051554e+01,2.025677e+01,2.031978e+01,2.031278e+01,2.038974e+01,2.039673e+01,2.038274e+01,2.024977e+01,2.024277e+01,2.038274e+01,2.031978e+01,2.029878e+01,2.049458e+01,2.044567e+01,2.051554e+01,2.035476e+01,2.042470e+01,2.039673e+01,2.037575e+01,2.036875e+01,2.038274e+01,2.032678e+01,2.030578e+01,2.032678e+01,2.038974e+01,2.043868e+01,2.033377e+01,2.034077e+01,2.043169e+01,2.049458e+01,2.046663e+01,2.043169e+01,2.033377e+01,2.035476e+01,2.036176e+01,2.039673e+01,2.045266e+01,2.031978e+01,2.057140e+01,2.062025e+01,2.046663e+01,2.049458e+01,2.041770e+01,2.044567e+01,2.047362e+01,2.039673e+01,2.062025e+01,2.062723e+01,2.052252e+01,2.041770e+01,2.035476e+01,2.048759e+01,2.059234e+01,2.046663e+01,2.045964e+01,2.043169e+01,2.041770e+01,2.047362e+01,2.034777e+01,2.041770e+01,2.041071e+01,2.042470e+01,2.052950e+01,2.043169e+01,2.041770e+01,2.027078e+01,2.039673e+01,2.051554e+01,2.036176e+01,2.031278e+01,2.033377e+01,2.029878e+01,2.031978e+01,2.028478e+01,2.044567e+01,2.040372e+01,2.040372e+01,2.019373e+01
2.034077e+01,2.031278e+01,2.035476e+01,2.032678e+01,2.024977e+01,2.035476e+01,2.034777e+01,2.035476e+01,2.035476e+01,2.029878e+01,2.040372e+01,2.033377e+01,2.050855e+01,2.054347e+01,2.076667e+01,2.099632e+01,2.105192e+01,2.108665e+01,2.108665e+01,2.101023e+01,2.117690e+01,2.117690e+01,2.117690e+01,2.101718e+01,2.112137e+01,2.080846e+01,2.110748e+01,2.101023e+01,2.105887e+01,2.147484e+01,2.125320e+01,2.107971e+01,2.126013e+01,2.117690e+01,2.137101e+01,2.138486e+01,2.148176e+01,2.139178e+01,2.150943e+01,2.180640e+01,2.186155e+01,2.188223e+01,2.164766e+01,2.128786e+01,2.129479e+01,2.126013e+01,2.119771e+01,2.111443e+01,2.138486e+01,2.123240e+01,2.110054e+01,2.142640e+01,2.139871e+01,2.138486e+01,2.123240e+01,2.114220e+01,2.114914e+01,2.153709e+01,2.134330e+01,2.132944e+01,2.134330e+01,2.135023e+01,2.116302e+01,2.116996e+01,2.126707e+01,2.137101e+01,2.122546e+01,2.139178e+01,2.121852e+01,2.137793e+01,2.127400e+01,2.130173e+01,2.148868e+01,2.107276e+01,2.106581e+01,2.123240e+01,2.193045e+01,2.193045e+01,2.195111e+01,2.266480e+01,2.290388e+01,2.180640e+01,2.186844e+01,2.203372e+01,2.179950e+01,2.155092e+01,2.181329e+01,2.202684e+01,2.204748e+01,2.256902e+01,2.355000e+01,2.253479e+01,2.141255e+01,2.138486e+01,2.128093e+01,2.101718e+01,2.084328e+01,2.085720e+01,2.085024e+01,2.092679e+01,2.093374e+01,2.093374e+01,2.114914e+01,2.095461e+01,2.091983e+01,2.099632e+01,2.098937e+01,2.101023e+01,2.127400e+01,2.188912e+01,2.237032e+01,2.192356e+01,2.083632e+01,2.048759e+01,2.023577e+01,2.036875e+01,2.032678e+01,2.032678e+01,2.034777e+01,2.034777e+01,2.039673e+01,2.024977e+01,2.045266e+01,2.034777e+01,2.023577e+01,2.042470e+01,2.029178e+01,2.044567e+01,2.036176e+01,2.042470e+01,2.040372e+01,2.030578e+01,2.040372e+01,2.041071e+01,2.037575e+01,2.029178e+01,2.036875e+01,2.036176e+01,2.039673e+01,2.048759e+01,2.045266e+01,2.047362e+01,2.038274e+01,2.046663e+01,2.044567e+01,2.043169e+01,2.041770e+01,2.045266e+01,2.042470e+01,2.043169e+01,2.037575e+01,2.047362e+01,2.042470e+01,2.036176e+01,2.044567e+01,2.028478e+01,2.038974e+01,2.052252e+01,2.034077e+01,2.032678e+01,2.035476e+01,2.036176e+01,2.045266e+01,2.045964e+01,2.045964e+01,2.047362e+01,2.031278e+01,2.044567e+01,2.048061e+01,2.050855e+01,2.072486e+01,2.038274e+01,2.044567e+01,2.038974e+01,2.044567e+01,2.047362e+01,2.039673e+01,2.038974e+01,2.038274e+01,2.037575e+01,2.043169e+01,2.037575e+01,2.036875e+01,2.034777e+01,2.063420e+01,2.038274e+01,2.045964e+01,2.041770e+01,2.044567e+01,2.031278e+01,2.044567e+01,2.035476e+01,2.039673e+01,2.050157e+01,2.043868e+01,2.036875e+01,2.038274e+01,2.045266e+01,2.045964e+01,2.044567e+01,2.038974e+01,2.039673e+01,2.043868e+01,2.044567e+01,2.042470e+01,2.038974e+01,2.035476e+01,2.034077e+01,2.037575e+01,2.048759e+01,2.043169e+01,2.038274e+01,2.035476e+01,2.041770e+01,2.038274e+01,2.034777e+01,2.034077e+01,2.038974e+01,2.035476e+01,2.046663e+01,2.046663e+01,2.041071e+01,2.038974e+01,2.036875e+01,2.044567e+01,2.045266e+01,2.041071e+01,2.030578e+01,2.031978e+01,2.046663e+01,2.037575e+01,2.035476e+01,2.043868e+01,2.027778e+01,2.031978e+01,2.031278e+01,2.031978e+01,2.027778e+01,2.000437e+01,1.992009e+01,1.971613e+01,1.941999e+01,1.939174e+01,1.941293e+01,1.922916e+01,1.917962e+01,1.939881e+01,1.937762e+01,1.930695e+01,1.921501e+01,1.943411e+01,1.927160e+01,1.937762e+01,1.927160e+01,1.891738e+01,1.893157e+01,1.884638e+01,1.884638e+01,1.894576e+01,1.887479e+01,1.894576e+01,1.889609e+01,1.895286e+01,1.895286e+01,1.900251e+01,1.914422e+01,1.921501e+01,1.953291e+01,2.001139e+01,2.034077e+01,2.032678e+01,2.019373e+01,2.027778e+01,2.011663e+01,1.970205e+01,1.953291e+01,1.961047e+01,1.931402e+01,1.926452e+01,1.919378e+01,1.927160e+01,1.916546e+01,1.937055e+01,1.932109e+01,1.937762e+01,1.934229e+01,1.931402e+01,1.944118e+01,1.956112e+01,1.948352e+01,1.945529e+01,1.950469e+01,1.953996e+01,1.975132e+01,2.003244e+01,2.025677e+01,2.043868e+01,2.038274e+01,2.042470e+01,2.047362e+01,2.041770e+01,2.048759e+01,2.061327e+01,2.064816e+01,2.066908e+01,2.065513e+01,2.072486e+01,2.062723e+01,2.051554e+01,2.068303e+01,2.067605e+01,2.062723e+01,2.031978e+01,1.991306e+01,1.945529e+01,1.921501e+01,1.918670e+01,1.918670e+01,1.919378e+01,1.917254e+01,1.915130e+01,1.913006e+01,1.920793e+01,1.923623e+01,1.943411e+01,1.941999e+01,1.943411e+01,1.979354e+01,1.980761e+01,1.985683e+01,1.982168e+01,1.994819e+01,1.982168e+01,2.012364e+01,2.008857e+01,2.004648e+01,1.988495e+01,1.949058e+01,1.935642e+01,1.933522e+01,1.910881e+01,1.903795e+01,1.902378e+01,1.884638e+01,1.885349e+01,1.882508e+01,1.881087e+01,1.872558e+01,1.856902e+01,1.871135e+01,1.876112e+01,1.878955e+01,1.877534e+01,1.854053e+01,1.858326e+01,1.866156e+01,1.857614e+01,1.857614e+01,1.857614e+01,1.856902e+01,1.861174e+01,1.885349e+01,1.892448e+01,1.908756e+01,1.917962e+01,1.909464e+01,1.920793e+01,1.921501e+01,1.920085e+01,1.944118e+01,1.950469e+01,1.945529e+01,1.965274e+01,1.977243e+01,1.974428e+01,1.995521e+01,2.032678e+01,2.041071e+01,2.048061e+01,2.039673e+01,2.031278e+01,2.038974e+01,2.039673e+01,2.051554e+01,2.043868e+01,2.050855e+01,2.036875e+01,2.037575e+01,2.037575e+01,2.052950e+01,2.050157e+01,2.048061e+01,2.048061e+01,2.048061e+01,2.036176e+01,2.037575e+01,2.066211e+01,2.049458e+01,2.041071e+01,2.048759e+01,2.045964e+01,2.050157e+01,2.044567e+01,2.061327e+01,2.057140e+01,2.050855e+01,2.052950e+01,2.045266e+01,2.047362e+01,2.048061e+01,2.053649e+01,2.069697e+01,2.053649e+01,2.050855e+01,2.052252e+01,2.050157e+01,2.059234e+01,2.060629e+01,2.055045e+01,2.055045e+01,2.060629e+01,2.054347e+01,2.052950e+01,2.052252e+01,2.048061e+01,2.053649e+01,2.052252e+01,2.055045e+01,2.052950e+01,2.053649e+01,2.057140e+01,2.045964e+01,2.051554e+01,2.057838e+01,2.058536e+01,2.048061e+01,2.050855e+01,2.061327e+01,2.057838e+01,2.052252e+01,2.055743e+01,2.057838e+01,2.058536e+01,2.056442e+01,2.062025e+01,2.046663e+01,2.058536e+01,2.058536e+01,2.058536e+01,2.064118e+01,2.052950e+01,2.058536e+01,2.064118e+01,2.049458e+01,2.048759e+01,2.058536e+01,2.055045e+01,2.051554e+01,2.057838e+01,2.057140e+01,2.052252e+01,2.052252e+01,2.034077e+01,2.065513e+01,2.056442e+01,2.056442e+01,2.052252e+01,2.057140e+01,2.056442e+01,2.053649e+01,2.052950e+01,2.055743e+01,2.050855e+01,2.048061e+01,2.051554e+01,2.052950e+01,2.049458e+01,2.054347e+01,2.049458e+01,2.048061e+01,2.045964e+01,2.058536e+01,2.056442e+01,2.060629e+01,2.050157e+01,2.060629e+01,2.057140e+01,2.059932e+01,2.063420e+01,2.059932e+01,2.056442e+01,2.057140e+01,2.054347e+01,2.041770e+01,2.052950e+01,2.054347e+01,2.052950e+01,2.054347e+01,2.046663e+01,2.050855e+01,2.048061e+01,2.070394e+01,2.044567e+01,2.050855e+01,2.042470e+01,2.043868e+01,2.054347e+01,2.052252e+01,2.048061e+01,2.048061e+01,2.050855e+01,2.050855e+01,2.040372e+01,2.050157e+01,2.048759e+01,2.044567e+01,2.036875e+01,2.045266e+01,2.048061e+01,2.043169e+01,2.043169e+01,2.041770e+01,2.038974e+01,2.033377e+01,2.049458e+01,2.049458e+01,2.043169e+01,2.041770e+01,2.044567e+01,2.042470e+01,2.043868e+01,2.044567e+01,2.030578e+01,2.039673e+01,2.036875e+01,2.033377e+01,2.040372e+01,2.027078e+01,2.048061e+01,2.049458e+01,2.045266e+01,2.040372e+01,2.045964e+01,2.034077e+01,2.043169e+01,2.041770e+01,2.041770e+01,2.046663e+01,2.038974e+01,2.027078e+01,2.044567e+01,2.043868e+01,2.043169e+01,2.034777e+01,2.034077e+01,2.029878e+01,2.041071e+01,2.043868e+01,2.034077e+01,2.042470e+01,2.038274e+01,2.035476e+01,2.033377e+01,2.030578e+01,2.031978e+01,2.030578e+01,2.026378e+01,2.040372e+01,2.038974e+01,2.025677e+01,2.027078e+01,2.029878e+01,2.034077e+01,2.030578e+01,2.034077e+01,2.035476e+01,2.041770e+01,2.041071e+01,2.038274e+01,2.040372e+01,2.039673e+01,2.040372e+01,2.038274e+01,2.031978e+01,2.036176e+01,2.041770e+01,2.036875e+01,2.042470e+01,2.042470e+01,2.036176e+01,2.040372e+01,2.054347e+01,2.045266e+01,2.046663e+01,2.044567e+01,2.047362e+01,2.051554e+01,2.041770e+01,2.029178e+01,2.030578e+01,2.055743e+01,2.048759e+01,2.032678e+01,2.050157e+01,2.042470e+01,2.048759e+01,2.059932e+01,2.064816e+01,2.036875e+01,2.050855e+01,2.050157e+01,2.055743e+01,2.049458e+01,2.048759e+01,2.051554e+01,2.047362e+01,2.052950e+01,2.039673e+01,2.053649e+01,2.033377e+01,2.036875e+01,2.035476e+01,2.041770e+01,2.044567e+01,2.045964e+01,2.041071e+01,2.041071e+01,2.036176e+01,2.040372e+01,2.036875e+01,2.052950e+01,2.043868e+01,2.038274e+01,2.034077e+01,2.039673e+01,2.031278e+01,2.036875e+01,2.042470e+01,2.017972e+01,2.019373e+01
2.032678e+01,2.039673e+01,2.038974e+01,2.032678e+01,2.032678e+01,2.015869e+01,2.019373e+01,2.030578e+01,2.035476e+01,2.029878e+01,2.030578e+01,2.049458e+01,2.051554e+01,2.048061e+01,2.057838e+01,2.095461e+01,2.104497e+01,2.098242e+01,2.100327e+01,2.097547e+01,2.096156e+01,2.126013e+01,2.116996e+01,2.112137e+01,2.098242e+01,2.097547e+01,2.091287e+01,2.087112e+01,2.077363e+01,2.090592e+01,2.094070e+01,2.105192e+01,2.103802e+01,2.110054e+01,2.123933e+01,2.113526e+01,2.144024e+01,2.142640e+01,2.139178e+01,2.168909e+01,2.189601e+01,2.174431e+01,2.160621e+01,2.154400e+01,2.126707e+01,2.114220e+01,2.109360e+01,2.137793e+01,2.135715e+01,2.159930e+01,2.140563e+01,2.137793e+01,2.136408e+01,2.111443e+01,2.111443e+01,2.144716e+01,2.168909e+01,2.132944e+01,2.172361e+01,2.173051e+01,2.135023e+01,2.175121e+01,2.168909e+01,2.137101e+01,2.116302e+01,2.128786e+01,2.123933e+01,2.116996e+01,2.136408e+01,2.123240e+01,2.130865e+01,2.144024e+01,2.170290e+01,2.105887e+01,2.146100e+01,2.141948e+01,2.204748e+01,2.268532e+01,2.235661e+01,2.266480e+01,2.363811e+01,2.311516e+01,2.220559e+01,2.306749e+01,2.200619e+01,2.201307e+01,2.205436e+01,2.220559e+01,2.210938e+01,2.256218e+01,2.231544e+01,2.229486e+01,2.188223e+01,2.188223e+01,2.155783e+01,2.130173e+01,2.087808e+01,2.093374e+01,2.076667e+01,2.091983e+01,2.110748e+01,2.101718e+01,2.130173e+01,2.110748e+01,2.099632e+01,2.144716e+01,2.153709e+01,2.137793e+01,2.150943e+01,2.233603e+01,2.310835e+01,2.272633e+01,2.073182e+01,2.046663e+01,2.027078e+01,2.036875e+01,2.032678e+01,2.027778e+01,2.031978e+01,2.042470e+01,2.028478e+01,2.034777e+01,2.025677e+01,2.027078e+01,2.027778e+01,2.039673e+01,2.034777e+01,2.030578e+01,2.041071e+01,2.047362e+01,2.039673e+01,2.033377e+01,2.041071e+01,2.036176e+01,2.038974e+01,2.038274e+01,2.037575e+01,2.035476e+01,2.045266e+01,2.041770e+01,2.045964e+01,2.043169e+01,2.033377e+01,2.043169e+01,2.030578e+01,2.042470e+01,2.045266e+01,2.045964e+01,2.043169e+01,2.041071e+01,2.038274e+01,2.048759e+01,2.032678e+01,2.041770e+01,2.055743e+01,2.038274e+01,2.052950e+01,2.033377e+01,2.038274e+01,2.045964e+01,2.039673e+01,2.034077e+01,2.042470e+01,2.034077e+01,2.045964e+01,2.042470e+01,2.034777e+01,2.047362e+01,2.047362e+01,2.050157e+01,2.048061e+01,2.030578e+01,2.037575e+01,2.044567e+01,2.038274e+01,2.042470e+01,2.048061e+01,2.036875e+01,2.048759e+01,2.042470e+01,2.045964e+01,2.046663e+01,2.042470e+01,2.045964e+01,2.046663e+01,2.043169e+01,2.048061e+01,2.047362e+01,2.029878e+01,2.042470e+01,2.042470e+01,2.037575e+01,2.035476e+01,2.035476e+01,2.043169e+01,2.040372e+01,2.048759e+01,2.040372e+01,2.055045e+01,2.038974e+01,2.045266e+01,2.049458e+01,2.048759e+01,2.041770e+01,2.042470e+01,2.050157e+01,2.039673e+01,2.033377e+01,2.030578e+01,2.038974e+01,2.035476e+01,2.038274e+01,2.038974e+01,2.039673e+01,2.038274e+01,2.045964e+01,2.035476e+01,2.036875e+01,2.051554e+01,2.035476e+01,2.032678e+01,2.045266e+01,2.034777e+01,2.036176e+01,2.037575e+01,2.034077e+01,2.041071e+01,2.029878e+01,2.044567e+01,2.027078e+01,2.036176e+01,2.040372e+01,2.034777e+01,2.036176e+01,2.031278e+01,1.996926e+01,1.969500e+01,1.971613e+01,1.948352e+01,1.954701e+01,1.941293e+01,1.934229e+01,1.927867e+01,1.924331e+01,1.923623e+01,1.928574e+01,1.925038e+01,1.929281e+01,1.929281e+01,1.900960e+01,1.928574e+01,1.922208e+01,1.901669e+01,1.898123e+01,1.891028e+01,1.876112e+01,1.878245e+01,1.873980e+01,1.887479e+01,1.889609e+01,1.895286e+01,1.905922e+01,1.896704e+01,1.916546e+01,1.918670e+01,1.918670e+01,1.937762e+01,1.946941e+01,2.013065e+01,2.017271e+01,2.031978e+01,2.032678e+01,2.017972e+01,2.011663e+01,1.970205e+01,1.968092e+01,1.964570e+01,1.937055e+01,1.933522e+01,1.938468e+01,1.937762e+01,1.939174e+01,1.943411e+01,1.949058e+01,1.968796e+01,1.982871e+01,1.989901e+01,1.988495e+01,1.985683e+01,2.003946e+01,2.003244e+01,2.006753e+01,2.010260e+01,2.021475e+01,2.025677e+01,2.046663e+01,2.048061e+01,2.057140e+01,2.038974e+01,2.067605e+01,2.038974e+01,2.051554e+01,2.065513e+01,2.073879e+01,2.067605e+01,2.069697e+01,2.068303e+01,2.064816e+01,2.066211e+01,2.066211e+01,2.062723e+01,2.043868e+01,2.048061e+01,2.005350e+01,1.958227e+01,1.931402e+01,1.919378e+01,1.903087e+01,1.927160e+01,1.906630e+01,1.902378e+01,1.902378e+01,1.913006e+01,1.908756e+01,1.917254e+01,1.922208e+01,1.915130e+01,1.915838e+01,1.942705e+01,1.949058e+01,1.947647e+01,1.930695e+01,1.955407e+01,1.959637e+01,1.974428e+01,1.972317e+01,1.961751e+01,1.949058e+01,1.948352e+01,1.933522e+01,1.927160e+01,1.905213e+01,1.904504e+01,1.893867e+01,1.893157e+01,1.885349e+01,1.884638e+01,1.900251e+01,1.876112e+01,1.878245e+01,1.876823e+01,1.871135e+01,1.861886e+01,1.852628e+01,1.857614e+01,1.860462e+01,1.863309e+01,1.856190e+01,1.859038e+01,1.858326e+01,1.858326e+01,1.869002e+01,1.871135e+01,1.863309e+01,1.894576e+01,1.905213e+01,1.916546e+01,1.915130e+01,1.919378e+01,1.925745e+01,1.929281e+01,1.945529e+01,1.929988e+01,1.968796e+01,1.994117e+01,1.999735e+01,2.031978e+01,2.036176e+01,2.048759e+01,2.030578e+01,2.034077e+01,2.036176e+01,2.047362e+01,2.043868e+01,2.038974e+01,2.043868e+01,2.040372e+01,2.043169e+01,2.046663e+01,2.038974e+01,2.041770e+01,2.040372e+01,2.048061e+01,2.040372e+01,2.043169e+01,2.055045e+01,2.050157e+01,2.050157e+01,2.046663e+01,2.064816e+01,2.044567e+01,2.044567e+01,2.052950e+01,2.053649e+01,2.052950e+01,2.057838e+01,2.046663e+01,2.052252e+01,2.050157e+01,2.050855e+01,2.056442e+01,2.053649e+01,2.050157e+01,2.051554e+01,2.049458e+01,2.052950e+01,2.052252e+01,2.057140e+01,2.054347e+01,2.057838e+01,2.053649e+01,2.051554e+01,2.057838e+01,2.059932e+01,2.060629e+01,2.050157e+01,2.059932e+01,2.065513e+01,2.064118e+01,2.052950e+01,2.044567e+01,2.059932e+01,2.057140e+01,2.052950e+01,2.060629e+01,2.050157e+01,2.048759e+01,2.049458e+01,2.051554e+01,2.059932e+01,2.045964e+01,2.071091e+01,2.059932e+01,2.059234e+01,2.061327e+01,2.059932e+01,2.058536e+01,2.061327e+01,2.052252e+01,2.053649e+01,2.048759e+01,2.042470e+01,2.050855e+01,2.054347e+01,2.054347e+01,2.051554e+01,2.061327e+01,2.059234e+01,2.057838e+01,2.056442e+01,2.055045e+01,2.050855e+01,2.055045e+01,2.055743e+01,2.055743e+01,2.058536e+01,2.054347e+01,2.048061e+01,2.067605e+01,2.059234e+01,2.059234e+01,2.048759e+01,2.058536e+01,2.061327e+01,2.050855e+01,2.063420e+01,2.047362e+01,2.052950e+01,2.052950e+01,2.049458e+01,2.045964e+01,2.055743e+01,2.052950e+01,2.054347e+01,2.048759e+01,2.052252e+01,2.050157e+01,2.057838e+01,2.056442e+01,2.059234e+01,2.054347e+01,2.054347e+01,2.046663e+01,2.053649e+01,2.048061e+01,2.055045e+01,2.056442e+01,2.050157e+01,2.047362e+01,2.046663e+01,2.045266e+01,2.064816e+01,2.043169e+01,2.043868e+01,2.047362e+01,2.051554e+01,2.049458e+01,2.052950e+01,2.043868e+01,2.045964e+01,2.043868e+01,2.043868e+01,2.054347e+01,2.045964e+01,2.046663e+01,2.045964e+01,2.048061e+01,2.041770e+01,2.038974e+01,2.043169e+01,2.039673e+01,2.041071e+01,2.041071e+01,2.035476e+01,2.035476e+01,2.050157e+01,2.046663e+01,2.034777e+01,2.045964e+01,2.044567e+01,2.046663e+01,2.016570e+01,2.033377e+01,2.054347e+01,2.038274e+01,2.036875e+01,2.034077e+01,2.041770e+01,2.053649e+01,2.046663e+01,2.042470e+01,2.040372e+01,2.034777e+01,2.039673e+01,2.051554e+01,2.052252e+01,2.047362e+01,2.046663e+01,2.044567e+01,2.043868e+01,2.029878e+01,2.038274e+01,2.043868e+01,2.036176e+01,2.035476e+01,2.036875e+01,2.035476e+01,2.035476e+01,2.041770e+01,2.036875e+01,2.034077e+01,2.035476e+01,2.028478e+01,2.036176e+01,2.035476e+01,2.037575e+01,2.038974e+01,2.027778e+01,2.050855e+01,2.033377e+01,2.031978e+01,2.033377e+01,2.032678e+01,2.031278e+01,2.034777e+01,2.026378e+01,2.040372e+01,2.041770e+01,2.041770e+01,2.038274e+01,2.042470e+01,2.045266e+01,2.038974e+01,2.038974e+01,2.030578e+01,2.033377e+01,2.033377e+01,2.034777e+01,2.034777e+01,2.038274e+01,2.036875e+01,2.041770e+01,2.043169e+01,2.054347e+01,2.045266e+01,2.041071e+01,2.049458e+01,2.039673e+01,2.038274e+01,2.041770e+01,2.048759e+01,2.057140e+01,2.045266e+01,2.055743e+01,2.057838e+01,2.048061e+01,2.049458e+01,2.063420e+01,2.050157e+01,2.050157e+01,2.035476e+01,2.057838e+01,2.062025e+01,2.055045e+01,2.046663e+01,2.055743e+01,2.048759e+01,2.041071e+01,2.039673e+01,2.042470e+01,2.036176e+01,2.043169e+01,2.037575e+01,2.048759e+01,2.048759e+01,2.036875e+01,2.037575e+01,2.037575e+01,2.056442e+01,2.042470e+01,2.039673e+01,2.041071e+01,2.032678e+01,2.040372e+01,2.037575e+01,2.031978e+01,2.034077e+01,2.029178e+01,2.015869e+01,2.020074e+01
2.039673e+01,2.038974e+01,2.032678e+01,2.030578e+01,2.034777e+01,2.013065e+01,2.030578e+01,2.025677e+01,2.035476e+01,2.043169e+01,2.042470e+01,2.032678e+01,2.036875e+01,2.037575e+01,2.048759e+01,2.098242e+01,2.083632e+01,2.094765e+01,2.094070e+01,2.096852e+01,2.096156e+01,2.090592e+01,2.078060e+01,2.071789e+01,2.064118e+01,2.063420e+01,2.092679e+01,2.080846e+01,2.095461e+01,2.090592e+01,2.072486e+01,2.085720e+01,2.115608e+01,2.109360e+01,2.103107e+01,2.111443e+01,2.119078e+01,2.140563e+01,2.123240e+01,2.149559e+01,2.140563e+01,2.156474e+01,2.172361e+01,2.191668e+01,2.154400e+01,2.155092e+01,2.131559e+01,2.136408e+01,2.136408e+01,2.127400e+01,2.116302e+01,2.126707e+01,2.137101e+01,2.119078e+01,2.121159e+01,2.134330e+01,2.136408e+01,2.161312e+01,2.132252e+01,2.154400e+01,2.146100e+01,2.135715e+01,2.134330e+01,2.118384e+01,2.119771e+01,2.114220e+01,2.117690e+01,2.114220e+01,2.119078e+01,2.141255e+01,2.161312e+01,2.131559e+01,2.155092e+01,2.129479e+01,2.114220e+01,2.143332e+01,2.205436e+01,2.256218e+01,2.252109e+01,2.316281e+01,2.384114e+01,2.314920e+01,2.245259e+01,2.204748e+01,2.226740e+01,2.244574e+01,2.219185e+01,2.214375e+01,2.177191e+01,2.168219e+01,2.258955e+01,2.260324e+01,2.237718e+01,2.225367e+01,2.221246e+01,2.173741e+01,2.211625e+01,2.166838e+01,2.131559e+01,2.076667e+01,2.095461e+01,2.112137e+01,2.105192e+01,2.128093e+01,2.144716e+01,2.137101e+01,2.158548e+01,2.139871e+01,2.164766e+01,2.213000e+01,2.192356e+01,2.133637e+01,2.059234e+01,2.037575e+01,2.038974e+01,2.028478e+01,2.040372e+01,2.036176e+01,2.029878e+01,2.030578e+01,2.045266e+01,2.031278e+01,2.027078e+01,2.034077e+01,2.030578e+01,2.032678e+01,2.045266e+01,2.042470e+01,2.041770e+01,2.034077e+01,2.034777e+01,2.037575e+01,2.034077e+01,2.039673e+01,2.036875e+01,2.037575e+01,2.048061e+01,2.037575e+01,2.028478e+01,2.035476e+01,2.045964e+01,2.035476e+01,2.046663e+01,2.031278e+01,2.031278e+01,2.044567e+01,2.039673e+01,2.044567e+01,2.038974e+01,2.041071e+01,2.045266e+01,2.044567e+01,2.037575e+01,2.034077e+01,2.045266e+01,2.032678e+01,2.043169e+01,2.041770e+01,2.049458e+01,2.035476e+01,2.035476e+01,2.046663e+01,2.044567e+01,2.030578e+01,2.035476e+01,2.045266e+01,2.050855e+01,2.045964e+01,2.034777e+01,2.031278e+01,2.042470e+01,2.037575e+01,2.046663e+01,2.034777e+01,2.042470e+01,2.045964e+01,2.038974e+01,2.035476e+01,2.047362e+01,2.043868e+01,2.043169e+01,2.041071e+01,2.040372e+01,2.038974e+01,2.041071e+01,2.048759e+01,2.034077e+01,2.047362e+01,2.032678e+01,2.031278e+01,2.031978e+01,2.046663e+01,2.036875e+01,2.050157e+01,2.037575e+01,2.040372e+01,2.042470e+01,2.042470e+01,2.042470e+01,2.038974e+01,2.041071e+01,2.044567e+01,2.041071e+01,2.042470e+01,2.052252e+01,2.045266e+01,2.038274e+01,2.028478e+01,2.033377e+01,2.038274e+01,2.041770e+01,2.042470e+01,2.038974e+01,2.037575e+01,2.032678e+01,2.038974e+01,2.051554e+01,2.034777e+01,2.023577e+01,2.029878e+01,2.038274e+01,2.041770e+01,2.038274e+01,2.035476e+01,2.032678e+01,2.042470e+01,2.036176e+01,2.037575e+01,2.041071e+01,2.033377e+01,2.036176e+01,2.037575e+01,2.023577e+01,1.989198e+01,1.970909e+01,1.963161e+01,1.965979e+01,1.943411e+01,1.945529e+01,1.942705e+01,1.940587e+01,1.932109e+01,1.934229e+01,1.915130e+01,1.909464e+01,1.915838e+01,1.916546e+01,1.905213e+01,1.914422e+01,1.894576e+01,1.925038e+01,1.894576e+01,1.893157e+01,1.889609e+01,1.866867e+01,1.884638e+01,1.882508e+01,1.886769e+01,1.883218e+01,1.895995e+01,1.895286e+01,1.913006e+01,1.900960e+01,1.894576e+01,1.918670e+01,1.933522e+01,1.937762e+01,1.944823e+01,2.000437e+01,2.017271e+01,2.010260e+01,2.007454e+01,1.999033e+01,2.010961e+01,1.963161e+01,1.970909e+01,1.958932e+01,1.962456e+01,1.962456e+01,1.959637e+01,1.965274e+01,1.970909e+01,1.970205e+01,1.979354e+01,1.996926e+01,1.990604e+01,1.999735e+01,1.997628e+01,2.004648e+01,2.001841e+01,2.008156e+01,2.038274e+01,2.038974e+01,2.041770e+01,2.043868e+01,2.058536e+01,2.045964e+01,2.046663e+01,2.048061e+01,2.068303e+01,2.044567e+01,2.043868e+01,2.065513e+01,2.074576e+01,2.072486e+01,2.069697e+01,2.066908e+01,2.063420e+01,2.066908e+01,2.059932e+01,2.068303e+01,2.043868e+01,2.055743e+01,2.018673e+01,1.976540e+01,1.927160e+01,1.905213e+01,1.917254e+01,1.910173e+01,1.890318e+01,1.900251e+01,1.880376e+01,1.898123e+01,1.915130e+01,1.914422e+01,1.899541e+01,1.899541e+01,1.883928e+01,1.896704e+01,1.914422e+01,1.926452e+01,1.926452e+01,1.929988e+01,1.933522e+01,1.932109e+01,1.944118e+01,1.949764e+01,1.949764e+01,1.950469e+01,1.927867e+01,1.929988e+01,1.906630e+01,1.911590e+01,1.903795e+01,1.898832e+01,1.894576e+01,1.883218e+01,1.893157e+01,1.898832e+01,1.878245e+01,1.874691e+01,1.867579e+01,1.861886e+01,1.849064e+01,1.850490e+01,1.848352e+01,1.850490e+01,1.839081e+01,1.841221e+01,1.856902e+01,1.864733e+01,1.859750e+01,1.856190e+01,1.861886e+01,1.886769e+01,1.891738e+01,1.888899e+01,1.916546e+01,1.918670e+01,1.917254e+01,1.920085e+01,1.924331e+01,1.941293e+01,1.948352e+01,1.958932e+01,1.999033e+01,2.038974e+01,2.032678e+01,2.034777e+01,2.035476e+01,2.041071e+01,2.038974e+01,2.043868e+01,2.039673e+01,2.048061e+01,2.045964e+01,2.048061e+01,2.050157e+01,2.045964e+01,2.044567e+01,2.036176e+01,2.041770e+01,2.055743e+01,2.062723e+01,2.043169e+01,2.049458e+01,2.050855e+01,2.050157e+01,2.046663e+01,2.053649e+01,2.048061e+01,2.059932e+01,2.050855e+01,2.055045e+01,2.056442e+01,2.055045e+01,2.051554e+01,2.053649e+01,2.045964e+01,2.068303e+01,2.046663e+01,2.067605e+01,2.048759e+01,2.061327e+01,2.052950e+01,2.050855e+01,2.049458e+01,2.051554e+01,2.044567e+01,2.045266e+01,2.057838e+01,2.053649e+01,2.052950e+01,2.047362e+01,2.054347e+01,2.048759e+01,2.049458e+01,2.047362e+01,2.051554e+01,2.048759e+01,2.045964e+01,2.046663e+01,2.045266e+01,2.049458e+01,2.059932e+01,2.060629e+01,2.057838e+01,2.054347e+01,2.050157e+01,2.050157e+01,2.053649e+01,2.054347e+01,2.053649e+01,2.066908e+01,2.060629e+01,2.058536e+01,2.057140e+01,2.057140e+01,2.050855e+01,2.053649e+01,2.055045e+01,2.049458e+01,2.052252e+01,2.046663e+01,2.049458e+01,2.048061e+01,2.050855e+01,2.052252e+01,2.051554e+01,2.050855e+01,2.052252e+01,2.060629e+01,2.050855e+01,2.058536e+01,2.050855e+01,2.052252e+01,2.052950e+01,2.048759e+01,2.052252e+01,2.056442e+01,2.060629e+01,2.053649e+01,2.050855e+01,2.055743e+01,2.057838e+01,2.055045e+01,2.046663e+01,2.059234e+01,2.048061e+01,2.060629e+01,2.049458e+01,2.052252e+01,2.048759e+01,2.055045e+01,2.051554e+01,2.059932e+01,2.065513e+01,2.066908e+01,2.057838e+01,2.055743e+01,2.064816e+01,2.061327e+01,2.049458e+01,2.056442e+01,2.048759e+01,2.055045e+01,2.048061e+01,2.045964e+01,2.046663e+01,2.045266e+01,2.048759e+01,2.044567e+01,2.050855e+01,2.050157e+01,2.044567e+01,2.045266e+01,2.038974e+01,2.042470e+01,2.041071e+01,2.048759e+01,2.050855e+01,2.041071e+01,2.049458e+01,2.047362e+01,2.050157e+01,2.041071e+01,2.034777e+01,2.038974e+01,2.042470e+01,2.042470e+01,2.034777e+01,2.031978e+01,2.034777e+01,2.035476e+01,2.050157e+01,2.038974e+01,2.034777e+01,2.033377e+01,2.038274e+01,2.057140e+01,2.057140e+01,2.055045e+01,2.042470e+01,2.053649e+01,2.051554e+01,2.050157e+01,2.037575e+01,2.041071e+01,2.048759e+01,2.037575e+01,2.042470e+01,2.031978e+01,2.052950e+01,2.034777e+01,2.039673e+01,2.027778e+01,2.035476e+01,2.043169e+01,2.040372e+01,2.034777e+01,2.034777e+01,2.040372e+01,2.038974e+01,2.040372e+01,2.035476e+01,2.036875e+01,2.035476e+01,2.031278e+01,2.033377e+01,2.035476e+01,2.038274e+01,2.033377e+01,2.022176e+01,2.035476e+01,2.033377e+01,2.034077e+01,2.025677e+01,2.016570e+01,2.034777e+01,2.038974e+01,2.026378e+01,2.031278e+01,2.034777e+01,2.026378e+01,2.027078e+01,2.038974e+01,2.056442e+01,2.034077e+01,2.017271e+01,2.040372e+01,2.024277e+01,2.038274e+01,2.032678e+01,2.032678e+01,2.038274e+01,2.032678e+01,2.032678e+01,2.040372e+01,2.039673e+01,2.035476e+01,2.029178e+01,2.036176e+01,2.041071e+01,2.055045e+01,2.043169e+01,2.045964e+01,2.042470e+01,2.046663e+01,2.042470e+01,2.045266e+01,2.053649e+01,2.050157e+01,2.045266e+01,2.047362e+01,2.050855e+01,2.042470e+01,2.049458e+01,2.040372e+01,2.052252e+01,2.046663e+01,2.047362e+01,2.055743e+01,2.047362e+01,2.032678e+01,2.048759e+01,2.048061e+01,2.043169e+01,2.042470e+01,2.038274e+01,2.041770e+01,2.058536e+01,2.038974e+01,2.043169e+01,2.048759e+01,2.032678e+01,2.050855e+01,2.049458e+01,2.034777e+01,2.038974e+01,2.036176e+01,2.036176e+01,2.034077e+01,2.043868e+01,2.027778e+01,2.022876e+01,2.038974e+01,2.027778e+01,2.042470e+01,2.024977e+01,2.018673e+01
2.038974e+01,2.023577e+01,2.019373e+01,2.029878e+01,2.037575e+01,2.020774e+01,2.026378e+01,2.025677e+01,2.024277e+01,2.032678e+01,2.035476e+01,2.034777e+01,2.045266e+01,2.058536e+01,2.049458e+01,2.057140e+01,2.083632e+01,2.095461e+01,2.099632e+01,2.069000e+01,2.075970e+01,2.066211e+01,2.048061e+01,2.066211e+01,2.055045e+01,2.080150e+01,2.068303e+01,2.066211e+01,2.075970e+01,2.074576e+01,2.106581e+01,2.085024e+01,2.105887e+01,2.096156e+01,2.090592e+01,2.110054e+01,2.112831e+01,2.139178e+01,2.181329e+01,2.164766e+01,2.145408e+01,2.114914e+01,2.155092e+01,2.191668e+01,2.193734e+01,2.154400e+01,2.154400e+01,2.137793e+01,2.162694e+01,2.162003e+01,2.136408e+01,2.150251e+01,2.150943e+01,2.143332e+01,2.126013e+01,2.164075e+01,2.128093e+01,2.126707e+01,2.127400e+01,2.128786e+01,2.124627e+01,2.135715e+01,2.116302e+01,2.119771e+01,2.133637e+01,2.121159e+01,2.132252e+01,2.130173e+01,2.116996e+01,2.120465e+01,2.164075e+01,2.173051e+01,2.139871e+01,2.132944e+01,2.126013e+01,2.192356e+01,2.172361e+01,2.172361e+01,2.174431e+01,2.210938e+01,2.224680e+01,2.248000e+01,2.195800e+01,2.181329e+01,2.162694e+01,2.139178e+01,2.169600e+01,2.212313e+01,2.219872e+01,2.179260e+01,2.158548e+01,2.292434e+01,2.294481e+01,2.219872e+01,2.252794e+01,2.208187e+01,2.155092e+01,2.177191e+01,2.181329e+01,2.155092e+01,2.182708e+01,2.186844e+01,2.132944e+01,2.158548e+01,2.197865e+01,2.154400e+01,2.121852e+01,2.142640e+01,2.175811e+01,2.240461e+01,2.172361e+01,2.093374e+01,2.045266e+01,2.030578e+01,2.029878e+01,2.040372e+01,2.036176e+01,2.031978e+01,2.034777e+01,2.031278e+01,2.035476e+01,2.036875e+01,2.024977e+01,2.038974e+01,2.022876e+01,2.035476e+01,2.028478e+01,2.038274e+01,2.045266e+01,2.046663e+01,2.035476e+01,2.035476e+01,2.040372e+01,2.040372e+01,2.042470e+01,2.038974e+01,2.046663e+01,2.036875e+01,2.026378e+01,2.040372e+01,2.043169e+01,2.031278e+01,2.029878e+01,2.041071e+01,2.044567e+01,2.045964e+01,2.044567e+01,2.038974e+01,2.041071e+01,2.032678e+01,2.035476e+01,2.042470e+01,2.040372e+01,2.050157e+01,2.036176e+01,2.036176e+01,2.032678e+01,2.040372e+01,2.034077e+01,2.042470e+01,2.038974e+01,2.048061e+01,2.053649e+01,2.033377e+01,2.036875e+01,2.048061e+01,2.044567e+01,2.047362e+01,2.041770e+01,2.031978e+01,2.036176e+01,2.038274e+01,2.039673e+01,2.038274e+01,2.038974e+01,2.044567e+01,2.043868e+01,2.042470e+01,2.041770e+01,2.043868e+01,2.038974e+01,2.043868e+01,2.032678e+01,2.038974e+01,2.041770e+01,2.034077e+01,2.035476e+01,2.036875e+01,2.031278e+01,2.045266e+01,2.038974e+01,2.056442e+01,2.034077e+01,2.036875e+01,2.038974e+01,2.044567e+01,2.045964e+01,2.044567e+01,2.049458e+01,2.041770e+01,2.036176e+01,2.048061e+01,2.046663e+01,2.031978e+01,2.034777e+01,2.034077e+01,2.033377e+01,2.034777e+01,2.046663e+01,2.034077e+01,2.038974e+01,2.040372e+01,2.047362e+01,2.041071e+01,2.042470e+01,2.038974e+01,2.041071e+01,2.043868e+01,2.039673e+01,2.043169e+01,2.052252e+01,2.038974e+01,2.038274e+01,2.029878e+01,2.043868e+01,2.032678e+01,2.032678e+01,2.031978e+01,2.035476e+01,2.031978e+01,2.028478e+01,1.998330e+01,1.977243e+01,1.958227e+01,1.965979e+01,1.944118e+01,1.946235e+01,1.944823e+01,1.941999e+01,1.916546e+01,1.927160e+01,1.929281e+01,1.917254e+01,1.911590e+01,1.908756e+01,1.916546e+01,1.916546e+01,1.908047e+01,1.891738e+01,1.894576e+01,1.892448e+01,1.898832e+01,1.883218e+01,1.873980e+01,1.861886e+01,1.866867e+01,1.866867e+01,1.870424e+01,1.887479e+01,1.890318e+01,1.886769e+01,1.905213e+01,1.891738e+01,1.898123e+01,1.901669e+01,1.915838e+01,1.932815e+01,1.939881e+01,1.951880e+01,1.952586e+01,1.961751e+01,1.964570e+01,1.965979e+01,1.964570e+01,1.963161e+01,1.959637e+01,1.975836e+01,1.958932e+01,1.956112e+01,1.965274e+01,1.965274e+01,1.950469e+01,1.977243e+01,1.984277e+01,1.987090e+01,1.968092e+01,1.961751e+01,1.962456e+01,1.967388e+01,1.989198e+01,2.022876e+01,2.028478e+01,2.034777e+01,2.036875e+01,2.048759e+01,2.042470e+01,2.053649e+01,2.043169e+01,2.059932e+01,2.065513e+01,2.063420e+01,2.059932e+01,2.065513e+01,2.065513e+01,2.063420e+01,2.057140e+01,2.067605e+01,2.060629e+01,2.069000e+01,2.042470e+01,2.045266e+01,2.039673e+01,2.040372e+01,2.034077e+01,2.008857e+01,1.957522e+01,1.927867e+01,1.903087e+01,1.902378e+01,1.911590e+01,1.901669e+01,1.905213e+01,1.899541e+01,1.899541e+01,1.913714e+01,1.897414e+01,1.894576e+01,1.888189e+01,1.884638e+01,1.893867e+01,1.913714e+01,1.919378e+01,1.906630e+01,1.903795e+01,1.902378e+01,1.916546e+01,1.922916e+01,1.932815e+01,1.932109e+01,1.932815e+01,1.925745e+01,1.921501e+01,1.928574e+01,1.908047e+01,1.908756e+01,1.913006e+01,1.895286e+01,1.893157e+01,1.880376e+01,1.856902e+01,1.865444e+01,1.868290e+01,1.859750e+01,1.846213e+01,1.864733e+01,1.849064e+01,1.846213e+01,1.851915e+01,1.837654e+01,1.837654e+01,1.848352e+01,1.854765e+01,1.857614e+01,1.852628e+01,1.846213e+01,1.874691e+01,1.870424e+01,1.891738e+01,1.888899e+01,1.915838e+01,1.906630e+01,1.919378e+01,1.925745e+01,1.939174e+01,1.951880e+01,1.970909e+01,2.022176e+01,2.043868e+01,2.032678e+01,2.041071e+01,2.041071e+01,2.039673e+01,2.043169e+01,2.039673e+01,2.040372e+01,2.042470e+01,2.036176e+01,2.045266e+01,2.046663e+01,2.031978e+01,2.048061e+01,2.049458e+01,2.045964e+01,2.037575e+01,2.043169e+01,2.042470e+01,2.045266e+01,2.049458e+01,2.044567e+01,2.047362e+01,2.043868e+01,2.042470e+01,2.059932e+01,2.048759e+01,2.054347e+01,2.050855e+01,2.045964e+01,2.047362e+01,2.052252e+01,2.050855e+01,2.057140e+01,2.051554e+01,2.054347e+01,2.059932e+01,2.050157e+01,2.056442e+01,2.055743e+01,2.051554e+01,2.056442e+01,2.053649e+01,2.055743e+01,2.050855e+01,2.052950e+01,2.056442e+01,2.043868e+01,2.050157e+01,2.059234e+01,2.062723e+01,2.050157e+01,2.048061e+01,2.050157e+01,2.046663e+01,2.046663e+01,2.042470e+01,2.043169e+01,2.057838e+01,2.047362e+01,2.052252e+01,2.062025e+01,2.050157e+01,2.049458e+01,2.052950e+01,2.052252e+01,2.058536e+01,2.059932e+01,2.061327e+01,2.057838e+01,2.057140e+01,2.057838e+01,2.045266e+01,2.051554e+01,2.047362e+01,2.050855e+01,2.049458e+01,2.044567e+01,2.045964e+01,2.046663e+01,2.050157e+01,2.040372e+01,2.052252e+01,2.062025e+01,2.052950e+01,2.041071e+01,2.048759e+01,2.055743e+01,2.056442e+01,2.055743e+01,2.059234e+01,2.048759e+01,2.049458e+01,2.051554e+01,2.044567e+01,2.045266e+01,2.045964e+01,2.045964e+01,2.044567e+01,2.043868e+01,2.059234e+01,2.060629e+01,2.048759e+01,2.045964e+01,2.048759e+01,2.045266e+01,2.041770e+01,2.050157e+01,2.055045e+01,2.051554e+01,2.038274e+01,2.047362e+01,2.048759e+01,2.054347e+01,2.057838e+01,2.052950e+01,2.045266e+01,2.055743e+01,2.043868e+01,2.048061e+01,2.052950e+01,2.045964e+01,2.047362e+01,2.045964e+01,2.042470e+01,2.043868e+01,2.054347e+01,2.045266e+01,2.048061e+01,2.048061e+01,2.048759e+01,2.050157e+01,2.041770e+01,2.043868e+01,2.059234e+01,2.050855e+01,2.048759e+01,2.042470e+01,2.035476e+01,2.042470e+01,2.031278e+01,2.041770e+01,2.036875e+01,2.038274e+01,2.036875e+01,2.037575e+01,2.037575e+01,2.047362e+01,2.045266e+01,2.039673e+01,2.031978e+01,2.053649e+01,2.040372e+01,2.034777e+01,2.031978e+01,2.032678e+01,2.033377e+01,2.022876e+01,2.041770e+01,2.040372e+01,2.043169e+01,2.038974e+01,2.042470e+01,2.038974e+01,2.038974e+01,2.040372e+01,2.039673e+01,2.035476e+01,2.041071e+01,2.052252e+01,2.027078e+01,2.037575e+01,2.035476e+01,2.040372e+01,2.035476e+01,2.038274e+01,2.037575e+01,2.035476e+01,2.034077e+01,2.038274e+01,2.036875e+01,2.038274e+01,2.020774e+01,2.034077e+01,2.031278e+01,2.030578e+01,2.034777e+01,2.031978e+01,2.034077e+01,2.022176e+01,2.032678e+01,2.046663e+01,2.025677e+01,2.033377e+01,2.034777e+01,2.035476e+01,2.033377e+01,2.034777e+01,2.036176e+01,2.031978e+01,2.036875e+01,2.042470e+01,2.044567e+01,2.036176e+01,2.029178e+01,2.036875e+01,2.043868e+01,2.024977e+01,2.030578e+01,2.031278e+01,2.036875e+01,2.038274e+01,2.038274e+01,2.039673e+01,2.038274e+01,2.046663e+01,2.029178e+01,2.043868e+01,2.048759e+01,2.042470e+01,2.052252e+01,2.041770e+01,2.042470e+01,2.053649e+01,2.043169e+01,2.045964e+01,2.044567e+01,2.043169e+01,2.045964e+01,2.052950e+01,2.049458e+01,2.048061e+01,2.052252e+01,2.038274e+01,2.050157e+01,2.043868e+01,2.045964e+01,2.031978e+01,2.043868e+01,2.036176e+01,2.043868e+01,2.050855e+01,2.042470e+01,2.048061e+01,2.047362e+01,2.042470e+01,2.044567e+01,2.039673e+01,2.048061e+01,2.034077e+01,2.049458e+01,2.038274e+01,2.013065e+01,2.029178e+01,2.029878e+01,2.046663e+01,2.046663e+01,2.030578e+01,2.040372e+01,2.036176e+01,2.036176e+01,2.019373e+01,2.036875e+01
2.031978e+01,2.029178e+01,2.030578e+01,2.031278e+01,2.024977e+01,2.038274e+01,2.038274e+01,2.035476e+01,2.025677e+01,2.032678e+01,2.033377e+01,2.036875e+01,2.042470e+01,2.054347e+01,2.046663e+01,2.057838e+01,2.078060e+01,2.087112e+01,2.071789e+01,2.085720e+01,2.055743e+01,2.077363e+01,2.054347e+01,2.052950e+01,2.059932e+01,2.068303e+01,2.067605e+01,2.069697e+01,2.073879e+01,2.081543e+01,2.075273e+01,2.085720e+01,2.088504e+01,2.105192e+01,2.105192e+01,2.118384e+01,2.135023e+01,2.140563e+01,2.128093e+01,2.129479e+01,2.119771e+01,2.141255e+01,2.159239e+01,2.169600e+01,2.156474e+01,2.146792e+01,2.170290e+01,2.159930e+01,2.177881e+01,2.176501e+01,2.155783e+01,2.156474e+01,2.153709e+01,2.150943e+01,2.183398e+01,2.186844e+01,2.135023e+01,2.129479e+01,2.128786e+01,2.131559e+01,2.126707e+01,2.105887e+01,2.128093e+01,2.134330e+01,2.164766e+01,2.183398e+01,2.153017e+01,2.170980e+01,2.183398e+01,2.153709e+01,2.173741e+01,2.165457e+01,2.208187e+01,2.204748e+01,2.210250e+01,2.203372e+01,2.167528e+01,2.168219e+01,2.188912e+01,2.168219e+01,2.195111e+01,2.226740e+01,2.176501e+01,2.148868e+01,2.198554e+01,2.169600e+01,2.164075e+01,2.203372e+01,2.274000e+01,2.213000e+01,2.177881e+01,2.269216e+01,2.248685e+01,2.222620e+01,2.248000e+01,2.210938e+01,2.126707e+01,2.130865e+01,2.175811e+01,2.141255e+01,2.242517e+01,2.304705e+01,2.223307e+01,2.182708e+01,2.167528e+01,2.164766e+01,2.137101e+01,2.105192e+01,2.133637e+01,2.107276e+01,2.144024e+01,2.108665e+01,2.045266e+01,2.038974e+01,2.038974e+01,2.032678e+01,2.039673e+01,2.040372e+01,2.033377e+01,2.039673e+01,2.038974e+01,2.029878e+01,2.041071e+01,2.038974e+01,2.036176e+01,2.025677e+01,2.041071e+01,2.042470e+01,2.040372e+01,2.050855e+01,2.035476e+01,2.036176e+01,2.042470e+01,2.038274e+01,2.041071e+01,2.042470e+01,2.042470e+01,2.031978e+01,2.036875e+01,2.046663e+01,2.050855e+01,2.036176e+01,2.031278e+01,2.033377e+01,2.041770e+01,2.047362e+01,2.038974e+01,2.041770e+01,2.042470e+01,2.039673e+01,2.041071e+01,2.043169e+01,2.051554e+01,2.043868e+01,2.031278e+01,2.040372e+01,2.052252e+01,2.037575e+01,2.039673e+01,2.051554e+01,2.043169e+01,2.036875e+01,2.036875e+01,2.048061e+01,2.050157e+01,2.048759e+01,2.045964e+01,2.046663e+01,2.041770e+01,2.039673e+01,2.039673e+01,2.038974e+01,2.040372e+01,2.040372e+01,2.040372e+01,2.034077e+01,2.043169e+01,2.038274e+01,2.038274e+01,2.038974e+01,2.040372e+01,2.038274e+01,2.038274e+01,2.038274e+01,2.041770e+01,2.045964e+01,2.036176e+01,2.048759e+01,2.036176e+01,2.036176e+01,2.035476e+01,2.036176e+01,2.041071e+01,2.038274e+01,2.041770e+01,2.045964e+01,2.043169e+01,2.041770e+01,2.057838e+01,2.042470e+01,2.039673e+01,2.048061e+01,2.038274e+01,2.043868e+01,2.045266e+01,2.033377e+01,2.037575e+01,2.039673e+01,2.035476e+01,2.045266e+01,2.034777e+01,2.036176e+01,2.044567e+01,2.045266e+01,2.040372e+01,2.043868e+01,2.038274e+01,2.046663e+01,2.050855e+01,2.039673e+01,2.043169e+01,2.050855e+01,2.057140e+01,2.036176e+01,2.045266e+01,2.032678e+01,2.034077e+01,2.033377e+01,2.034777e+01,2.029878e+01,1.994117e+01,1.991306e+01,1.958227e+01,1.956112e+01,1.955407e+01,1.951880e+01,1.938468e+01,1.942705e+01,1.920085e+01,1.913006e+01,1.916546e+01,1.910881e+01,1.903795e+01,1.908756e+01,1.911590e+01,1.905922e+01,1.910173e+01,1.891028e+01,1.888899e+01,1.888899e+01,1.889609e+01,1.879666e+01,1.872558e+01,1.861174e+01,1.866867e+01,1.869002e+01,1.866867e+01,1.866156e+01,1.889609e+01,1.888899e+01,1.900960e+01,1.907339e+01,1.914422e+01,1.921501e+01,1.932109e+01,1.933522e+01,1.922916e+01,1.938468e+01,1.939174e+01,1.947647e+01,1.947647e+01,1.967388e+01,1.951880e+01,1.963865e+01,1.949764e+01,1.958932e+01,1.956817e+01,1.972317e+01,1.958227e+01,1.954701e+01,1.946235e+01,1.948352e+01,1.957522e+01,1.944823e+01,1.948352e+01,1.946941e+01,1.951880e+01,1.963161e+01,1.949058e+01,1.960342e+01,1.992009e+01,2.013766e+01,2.034777e+01,2.043868e+01,2.049458e+01,2.050157e+01,2.050855e+01,2.050157e+01,2.066908e+01,2.069000e+01,2.070394e+01,2.062723e+01,2.062025e+01,2.063420e+01,2.061327e+01,2.062025e+01,2.068303e+01,2.072486e+01,2.042470e+01,2.042470e+01,2.038974e+01,2.044567e+01,2.062025e+01,2.036875e+01,2.029878e+01,1.977947e+01,1.940587e+01,1.922916e+01,1.921501e+01,1.915838e+01,1.920085e+01,1.920793e+01,1.903087e+01,1.910881e+01,1.913714e+01,1.898123e+01,1.885349e+01,1.883928e+01,1.889609e+01,1.891028e+01,1.906630e+01,1.910881e+01,1.900251e+01,1.915130e+01,1.902378e+01,1.901669e+01,1.894576e+01,1.900251e+01,1.902378e+01,1.929281e+01,1.922916e+01,1.922916e+01,1.932109e+01,1.911590e+01,1.926452e+01,1.908047e+01,1.895286e+01,1.902378e+01,1.878245e+01,1.874691e+01,1.862598e+01,1.869002e+01,1.846213e+01,1.862598e+01,1.844074e+01,1.852628e+01,1.853340e+01,1.820513e+01,1.846213e+01,1.846926e+01,1.849064e+01,1.844074e+01,1.844787e+01,1.845500e+01,1.864733e+01,1.875401e+01,1.889609e+01,1.877534e+01,1.892448e+01,1.893157e+01,1.912298e+01,1.901669e+01,1.917962e+01,1.941293e+01,1.953291e+01,1.970909e+01,2.010961e+01,2.036875e+01,2.039673e+01,2.041770e+01,2.045266e+01,2.041071e+01,2.041071e+01,2.041770e+01,2.035476e+01,2.041770e+01,2.045964e+01,2.052252e+01,2.049458e+01,2.038974e+01,2.043169e+01,2.049458e+01,2.065513e+01,2.057140e+01,2.043169e+01,2.044567e+01,2.051554e+01,2.048061e+01,2.052950e+01,2.058536e+01,2.047362e+01,2.055045e+01,2.055743e+01,2.054347e+01,2.053649e+01,2.048759e+01,2.055045e+01,2.050157e+01,2.059932e+01,2.050855e+01,2.041071e+01,2.057838e+01,2.058536e+01,2.060629e+01,2.057838e+01,2.054347e+01,2.050855e+01,2.047362e+01,2.052950e+01,2.052252e+01,2.058536e+01,2.052950e+01,2.052252e+01,2.054347e+01,2.051554e+01,2.058536e+01,2.053649e+01,2.050157e+01,2.048759e+01,2.057140e+01,2.046663e+01,2.048759e+01,2.054347e+01,2.052252e+01,2.056442e+01,2.054347e+01,2.055045e+01,2.056442e+01,2.046663e+01,2.052950e+01,2.053649e+01,2.048061e+01,2.051554e+01,2.056442e+01,2.057140e+01,2.059234e+01,2.068303e+01,2.044567e+01,2.059234e+01,2.045266e+01,2.060629e+01,2.058536e+01,2.048061e+01,2.046663e+01,2.048061e+01,2.048759e+01,2.038974e+01,2.047362e+01,2.052950e+01,2.048061e+01,2.050855e+01,2.053649e+01,2.048759e+01,2.060629e+01,2.055045e+01,2.050157e+01,2.048759e+01,2.053649e+01,2.055743e+01,2.051554e+01,2.047362e+01,2.052252e+01,2.046663e+01,2.044567e+01,2.056442e+01,2.045266e+01,2.059234e+01,2.057140e+01,2.048759e+01,2.056442e+01,2.049458e+01,2.042470e+01,2.052252e+01,2.045266e+01,2.052950e+01,2.050855e+01,2.052252e+01,2.053649e+01,2.050855e+01,2.061327e+01,2.044567e+01,2.055045e+01,2.050157e+01,2.054347e+01,2.045964e+01,2.045964e+01,2.046663e+01,2.046663e+01,2.045964e+01,2.062025e+01,2.052950e+01,2.048061e+01,2.043868e+01,2.050855e+01,2.044567e+01,2.049458e+01,2.055045e+01,2.040372e+01,2.045266e+01,2.040372e+01,2.045964e+01,2.049458e+01,2.038274e+01,2.044567e+01,2.040372e+01,2.043169e+01,2.038274e+01,2.045964e+01,2.039673e+01,2.057140e+01,2.041071e+01,2.044567e+01,2.036176e+01,2.037575e+01,2.033377e+01,2.041770e+01,2.045266e+01,2.043868e+01,2.031278e+01,2.037575e+01,2.036176e+01,2.014467e+01,2.054347e+01,2.030578e+01,2.026378e+01,2.037575e+01,2.028478e+01,2.063420e+01,2.034777e+01,2.031978e+01,2.064118e+01,2.044567e+01,2.043868e+01,2.042470e+01,2.041071e+01,2.057140e+01,2.050157e+01,2.027778e+01,2.029178e+01,2.036875e+01,2.034777e+01,2.031278e+01,2.031278e+01,2.037575e+01,2.035476e+01,2.043868e+01,2.035476e+01,2.041071e+01,2.032678e+01,2.038274e+01,2.035476e+01,2.029878e+01,2.027778e+01,2.034777e+01,2.034777e+01,2.034777e+01,2.038974e+01,2.019373e+01,2.020774e+01,2.024277e+01,2.041770e+01,2.031278e+01,2.038974e+01,2.036875e+01,2.037575e+01,2.036875e+01,2.062025e+01,2.035476e+01,2.046663e+01,2.043169e+01,2.040372e+01,2.032678e+01,2.026378e+01,2.043868e+01,2.043169e+01,2.036875e+01,2.035476e+01,2.052252e+01,2.039673e+01,2.042470e+01,2.039673e+01,2.040372e+01,2.048759e+01,2.055045e+01,2.048759e+01,2.043868e+01,2.049458e+01,2.048061e+01,2.047362e+01,2.046663e+01,2.048061e+01,2.050157e+01,2.050855e+01,2.048759e+01,2.051554e+01,2.062025e+01,2.045266e+01,2.045964e+01,2.046663e+01,2.048759e+01,2.047362e+01,2.041071e+01,2.043868e+01,2.042470e+01,2.058536e+01,2.041770e+01,2.038974e+01,2.052950e+01,2.041770e+01,2.052950e+01,2.038974e+01,2.046663e+01,2.041071e+01,2.045964e+01,2.045266e+01,2.043169e+01,2.048061e+01,2.041770e+01,2.038974e+01,2.042470e+01,2.035476e+01,2.034777e+01,2.034777e+01,2.043169e+01,2.024977e+01,2.040372e+01,2.038974e+01,2.025677e+01,2.026378e+01,2.025677e+01
2.020074e+01,2.030578e+01,2.031978e+01,2.029178e+01,2.024277e+01,2.021475e+01,2.018673e+01,2.021475e+01,2.021475e+01,2.036875e+01,2.032678e+01,2.036176e+01,2.034077e+01,2.035476e+01,2.038274e+01,2.053649e+01,2.052950e+01,2.059234e+01,2.066211e+01,2.078757e+01,2.064816e+01,2.057140e+01,2.050855e+01,2.041770e+01,2.048759e+01,2.056442e+01,2.051554e+01,2.042470e+01,2.066908e+01,2.080846e+01,2.072486e+01,2.059932e+01,2.075273e+01,2.079453e+01,2.098937e+01,2.104497e+01,2.106581e+01,2.106581e+01,2.105192e+01,2.112137e+01,2.118384e+01,2.115608e+01,2.150943e+01,2.170290e+01,2.171671e+01,2.138486e+01,2.119078e+01,2.157166e+01,2.179950e+01,2.197865e+01,2.156474e+01,2.157857e+01,2.155092e+01,2.144024e+01,2.147484e+01,2.170980e+01,2.132252e+01,2.126707e+01,2.172361e+01,2.197865e+01,2.156474e+01,2.154400e+01,2.132252e+01,2.134330e+01,2.171671e+01,2.184087e+01,2.174431e+01,2.165457e+01,2.201995e+01,2.190979e+01,2.189601e+01,2.201307e+01,2.187534e+01,2.179260e+01,2.144716e+01,2.204060e+01,2.173741e+01,2.168909e+01,2.195111e+01,2.212313e+01,2.194423e+01,2.171671e+01,2.193045e+01,2.178571e+01,2.186844e+01,2.241832e+01,2.245259e+01,2.221933e+01,2.229486e+01,2.183398e+01,2.164766e+01,2.222620e+01,2.199242e+01,2.146100e+01,2.210938e+01,2.166838e+01,2.135715e+01,2.127400e+01,2.130865e+01,2.158548e+01,2.155783e+01,2.195111e+01,2.183398e+01,2.175121e+01,2.155783e+01,2.218498e+01,2.182019e+01,2.112137e+01,2.116302e+01,2.091983e+01,2.080846e+01,2.045964e+01,2.044567e+01,2.031978e+01,2.033377e+01,2.030578e+01,2.033377e+01,2.035476e+01,2.029178e+01,2.029178e+01,2.041071e+01,2.034777e+01,2.029178e+01,2.039673e+01,2.034777e+01,2.036875e+01,2.036176e+01,2.037575e+01,2.038274e+01,2.038974e+01,2.034777e+01,2.033377e+01,2.031278e+01,2.038274e+01,2.044567e+01,2.027778e+01,2.042470e+01,2.031278e+01,2.031978e+01,2.045964e+01,2.047362e+01,2.037575e+01,2.050855e+01,2.045266e+01,2.047362e+01,2.047362e+01,2.039673e+01,2.035476e+01,2.032678e+01,2.034077e+01,2.041770e+01,2.041770e+01,2.040372e+01,2.042470e+01,2.038974e+01,2.040372e+01,2.037575e+01,2.042470e+01,2.050855e+01,2.045266e+01,2.045964e+01,2.041770e+01,2.043169e+01,2.044567e+01,2.045964e+01,2.033377e+01,2.038974e+01,2.037575e+01,2.041770e+01,2.041071e+01,2.035476e+01,2.038974e+01,2.043169e+01,2.034077e+01,2.045964e+01,2.043868e+01,2.044567e+01,2.037575e+01,2.038274e+01,2.038274e+01,2.035476e+01,2.032678e+01,2.045266e+01,2.039673e+01,2.036176e+01,2.042470e+01,2.043169e+01,2.038974e+01,2.021475e+01,2.036875e+01,2.036875e+01,2.043169e+01,2.043868e+01,2.041770e+01,2.039673e+01,2.042470e+01,2.044567e+01,2.043868e+01,2.046663e+01,2.051554e+01,2.041770e+01,2.050157e+01,2.045964e+01,2.037575e+01,2.035476e+01,2.037575e+01,2.039673e+01,2.034777e+01,2.043169e+01,2.044567e+01,2.039673e+01,2.045964e+01,2.031978e+01,2.041071e+01,2.039673e+01,2.052950e+01,2.045266e+01,2.038974e+01,2.040372e+01,2.022176e+01,2.043169e+01,2.043868e+01,2.043868e+01,2.038274e+01,2.045964e+01,2.035476e+01,2.039673e+01,2.034077e+01,2.028478e+01,2.002542e+01,1.989198e+01,1.973021e+01,1.965274e+01,1.943411e+01,1.937762e+01,1.938468e+01,1.933522e+01,1.922916e+01,1.911590e+01,1.929988e+01,1.906630e+01,1.904504e+01,1.897414e+01,1.903795e+01,1.908047e+01,1.901669e+01,1.898123e+01,1.902378e+01,1.871135e+01,1.874691e+01,1.870424e+01,1.872558e+01,1.871847e+01,1.882508e+01,1.864021e+01,1.865444e+01,1.885349e+01,1.866156e+01,1.889609e+01,1.896704e+01,1.899541e+01,1.913714e+01,1.927160e+01,1.926452e+01,1.917962e+01,1.929988e+01,1.932815e+01,1.934229e+01,1.935642e+01,1.939174e+01,1.965979e+01,1.953291e+01,1.951175e+01,1.944118e+01,1.932815e+01,1.937762e+01,1.935642e+01,1.938468e+01,1.948352e+01,1.949058e+01,1.934936e+01,1.946941e+01,1.946235e+01,1.944823e+01,1.946235e+01,1.923623e+01,1.939174e+01,1.944118e+01,1.934936e+01,1.943411e+01,1.945529e+01,2.001841e+01,2.041770e+01,2.041071e+01,2.046663e+01,2.050157e+01,2.052950e+01,2.066211e+01,2.068303e+01,2.048061e+01,2.062025e+01,2.064816e+01,2.069697e+01,2.070394e+01,2.062723e+01,2.064816e+01,2.059932e+01,2.054347e+01,2.047362e+01,2.045964e+01,2.047362e+01,2.043868e+01,2.058536e+01,2.043169e+01,2.039673e+01,2.022876e+01,1.980761e+01,1.950469e+01,1.941293e+01,1.953996e+01,1.938468e+01,1.941999e+01,1.919378e+01,1.915838e+01,1.917962e+01,1.907339e+01,1.883218e+01,1.897414e+01,1.887479e+01,1.890318e+01,1.884638e+01,1.901669e+01,1.904504e+01,1.884638e+01,1.899541e+01,1.896704e+01,1.887479e+01,1.879666e+01,1.885349e+01,1.886059e+01,1.913714e+01,1.920085e+01,1.918670e+01,1.913006e+01,1.926452e+01,1.910173e+01,1.915130e+01,1.893867e+01,1.902378e+01,1.876823e+01,1.873980e+01,1.872558e+01,1.866867e+01,1.849777e+01,1.854053e+01,1.844787e+01,1.846213e+01,1.838367e+01,1.839081e+01,1.844074e+01,1.841221e+01,1.854765e+01,1.844787e+01,1.857614e+01,1.866867e+01,1.869002e+01,1.876112e+01,1.873980e+01,1.877534e+01,1.893867e+01,1.904504e+01,1.908756e+01,1.922916e+01,1.922208e+01,1.952586e+01,1.954701e+01,2.013766e+01,2.021475e+01,2.038974e+01,2.042470e+01,2.038974e+01,2.041770e+01,2.043868e+01,2.055743e+01,2.040372e+01,2.047362e+01,2.043868e+01,2.042470e+01,2.050157e+01,2.045964e+01,2.036176e+01,2.046663e+01,2.049458e+01,2.046663e+01,2.043868e+01,2.046663e+01,2.050855e+01,2.043169e+01,2.047362e+01,2.053649e+01,2.055743e+01,2.056442e+01,2.052950e+01,2.054347e+01,2.048061e+01,2.056442e+01,2.054347e+01,2.054347e+01,2.056442e+01,2.057838e+01,2.055045e+01,2.055045e+01,2.059932e+01,2.045964e+01,2.048759e+01,2.052950e+01,2.057838e+01,2.050157e+01,2.059234e+01,2.052252e+01,2.054347e+01,2.053649e+01,2.045964e+01,2.055743e+01,2.048759e+01,2.060629e+01,2.060629e+01,2.052950e+01,2.048759e+01,2.048759e+01,2.047362e+01,2.045964e+01,2.050855e+01,2.051554e+01,2.053649e+01,2.056442e+01,2.055045e+01,2.056442e+01,2.056442e+01,2.057140e+01,2.055743e+01,2.051554e+01,2.055045e+01,2.057140e+01,2.050157e+01,2.058536e+01,2.071091e+01,2.042470e+01,2.043169e+01,2.042470e+01,2.043169e+01,2.057838e+01,2.056442e+01,2.050157e+01,2.055743e+01,2.055743e+01,2.054347e+01,2.047362e+01,2.068303e+01,2.052950e+01,2.062723e+01,2.045964e+01,2.048759e+01,2.057838e+01,2.050157e+01,2.059234e+01,2.058536e+01,2.058536e+01,2.048061e+01,2.047362e+01,2.056442e+01,2.045266e+01,2.051554e+01,2.048061e+01,2.048759e+01,2.054347e+01,2.045964e+01,2.049458e+01,2.055743e+01,2.049458e+01,2.051554e+01,2.039673e+01,2.051554e+01,2.051554e+01,2.040372e+01,2.050157e+01,2.051554e+01,2.065513e+01,2.055743e+01,2.066908e+01,2.050157e+01,2.060629e+01,2.040372e+01,2.042470e+01,2.048061e+01,2.046663e+01,2.048759e+01,2.043868e+01,2.047362e+01,2.057838e+01,2.054347e+01,2.044567e+01,2.050157e+01,2.042470e+01,2.050855e+01,2.038974e+01,2.041770e+01,2.052252e+01,2.048061e+01,2.036176e+01,2.038274e+01,2.041071e+01,2.040372e+01,2.044567e+01,2.048759e+01,2.024277e+01,2.040372e+01,2.049458e+01,2.041770e+01,2.044567e+01,2.044567e+01,2.037575e+01,2.035476e+01,2.036176e+01,2.035476e+01,2.035476e+01,2.045266e+01,2.032678e+01,2.041770e+01,2.060629e+01,2.039673e+01,2.037575e+01,2.039673e+01,2.038974e+01,2.036176e+01,2.034777e+01,2.048061e+01,2.038974e+01,2.038974e+01,2.042470e+01,2.029178e+01,2.029878e+01,2.067605e+01,2.050855e+01,2.034777e+01,2.049458e+01,2.044567e+01,2.035476e+01,2.034777e+01,2.038274e+01,2.036875e+01,2.036176e+01,2.038974e+01,2.033377e+01,2.036176e+01,2.038974e+01,2.039673e+01,2.034777e+01,2.036875e+01,2.044567e+01,2.034077e+01,2.032678e+01,2.048061e+01,2.028478e+01,2.034777e+01,2.027778e+01,2.033377e+01,2.034777e+01,2.027078e+01,2.033377e+01,2.019373e+01,2.028478e+01,2.035476e+01,2.034077e+01,2.035476e+01,2.034777e+01,2.038974e+01,2.036875e+01,2.038274e+01,2.038274e+01,2.041770e+01,2.048061e+01,2.038974e+01,2.025677e+01,2.037575e+01,2.048061e+01,2.053649e+01,2.036176e+01,2.034077e+01,2.050157e+01,2.041770e+01,2.047362e+01,2.041071e+01,2.039673e+01,2.042470e+01,2.052252e+01,2.041770e+01,2.041071e+01,2.040372e+01,2.045266e+01,2.045964e+01,2.051554e+01,2.047362e+01,2.039673e+01,2.045964e+01,2.054347e+01,2.052950e+01,2.048061e+01,2.039673e+01,2.036875e+01,2.050157e+01,2.050855e+01,2.051554e+01,2.043169e+01,2.030578e+01,2.041770e+01,2.036875e+01,2.038974e+01,2.034077e+01,2.050157e+01,2.034777e+01,2.035476e+01,2.049458e+01,2.049458e+01,2.048759e+01,2.041770e+01,2.037575e+01,2.041770e+01,2.055045e+01,2.037575e+01,2.018673e+01,2.024277e+01,2.043169e+01,2.034777e+01,2.041071e+01,2.043169e+01,2.030578e+01,2.031278e+01,2.022176e+01,2.025677e+01
2.032678e+01,2.029878e+01,2.017271e+01,2.027778e+01,2.029878e+01,2.031978e+01,2.026378e+01,2.028478e+01,2.036875e+01,2.036176e+01,2.036176e+01,2.043868e+01,2.032678e+01,2.038274e+01,2.041770e+01,2.043169e+01,2.056442e+01,2.064816e+01,2.043169e+01,2.045266e+01,2.036875e+01,2.037575e+01,2.045964e+01,2.037575e+01,2.056442e+01,2.039673e+01,2.045266e+01,2.031978e+01,2.044567e+01,2.068303e+01,2.078757e+01,2.070394e+01,2.071091e+01,2.080846e+01,2.081543e+01,2.078060e+01,2.098937e+01,2.073182e+01,2.101718e+01,2.109360e+01,2.121159e+01,2.131559e+01,2.142640e+01,2.160621e+01,2.157166e+01,2.129479e+01,2.116302e+01,2.134330e+01,2.150251e+01,2.187534e+01,2.157166e+01,2.149559e+01,2.186155e+01,2.155783e+01,2.167528e+01,2.132944e+01,2.151634e+01,2.188223e+01,2.190979e+01,2.228799e+01,2.207499e+01,2.171671e+01,2.157857e+01,2.165457e+01,2.135715e+01,2.235661e+01,2.190979e+01,2.166838e+01,2.175811e+01,2.199242e+01,2.254164e+01,2.167528e+01,2.160621e+01,2.153017e+01,2.163385e+01,2.153017e+01,2.191668e+01,2.166838e+01,2.159930e+01,2.162003e+01,2.153709e+01,2.127400e+01,2.168219e+01,2.228113e+01,2.212313e+01,2.179260e+01,2.207499e+01,2.233603e+01,2.277416e+01,2.221246e+01,2.197177e+01,2.178571e+01,2.140563e+01,2.126013e+01,2.126707e+01,2.153709e+01,2.161312e+01,2.159930e+01,2.155783e+01,2.219872e+01,2.220559e+01,2.203372e+01,2.150251e+01,2.137793e+01,2.162003e+01,2.170980e+01,2.133637e+01,2.131559e+01,2.136408e+01,2.108665e+01,2.104497e+01,2.050855e+01,2.048759e+01,2.043868e+01,2.037575e+01,2.056442e+01,2.034077e+01,2.031278e+01,2.028478e+01,2.034077e+01,2.039673e+01,2.036875e+01,2.030578e+01,2.029878e+01,2.040372e+01,2.036176e+01,2.041071e+01,2.043169e+01,2.038974e+01,2.041770e+01,2.041071e+01,2.043868e+01,2.038274e+01,2.033377e+01,2.043868e+01,2.041071e+01,2.034077e+01,2.038974e+01,2.044567e+01,2.046663e+01,2.050855e+01,2.048759e+01,2.045266e+01,2.042470e+01,2.042470e+01,2.045266e+01,2.036176e+01,2.045266e+01,2.035476e+01,2.045266e+01,2.036875e+01,2.038974e+01,2.034077e+01,2.036875e+01,2.042470e+01,2.040372e+01,2.041770e+01,2.039673e+01,2.048759e+01,2.047362e+01,2.045964e+01,2.043868e+01,2.038274e+01,2.043169e+01,2.048759e+01,2.034077e+01,2.036176e+01,2.043868e+01,2.045964e+01,2.043868e+01,2.045964e+01,2.045266e+01,2.041071e+01,2.050157e+01,2.041071e+01,2.038974e+01,2.036176e+01,2.036875e+01,2.044567e+01,2.050157e+01,2.036875e+01,2.039673e+01,2.030578e+01,2.045964e+01,2.043169e+01,2.038974e+01,2.042470e+01,2.050157e+01,2.038974e+01,2.039673e+01,2.047362e+01,2.039673e+01,2.051554e+01,2.036875e+01,2.040372e+01,2.042470e+01,2.060629e+01,2.062723e+01,2.055743e+01,2.052950e+01,2.052252e+01,2.043169e+01,2.037575e+01,2.037575e+01,2.038974e+01,2.045266e+01,2.052950e+01,2.046663e+01,2.037575e+01,2.044567e+01,2.041071e+01,2.044567e+01,2.039673e+01,2.034077e+01,2.042470e+01,2.052950e+01,2.050855e+01,2.040372e+01,2.051554e+01,2.043169e+01,2.043868e+01,2.048759e+01,2.050157e+01,2.045266e+01,2.047362e+01,2.042470e+01,2.050157e+01,2.037575e+01,2.027778e+01,1.989198e+01,1.977243e+01,1.954701e+01,1.951175e+01,1.957522e+01,1.940587e+01,1.917254e+01,1.922916e+01,1.910881e+01,1.933522e+01,1.913714e+01,1.902378e+01,1.903087e+01,1.905213e+01,1.895995e+01,1.900960e+01,1.886769e+01,1.895995e+01,1.895286e+01,1.887479e+01,1.891028e+01,1.876823e+01,1.869002e+01,1.879666e+01,1.880376e+01,1.869713e+01,1.859038e+01,1.871135e+01,1.893867e+01,1.898123e+01,1.895286e+01,1.907339e+01,1.906630e+01,1.926452e+01,1.924331e+01,1.927867e+01,1.930695e+01,1.923623e+01,1.937762e+01,1.959637e+01,1.942705e+01,1.953996e+01,1.941999e+01,1.928574e+01,1.922208e+01,1.907339e+01,1.911590e+01,1.908047e+01,1.910881e+01,1.913714e+01,1.916546e+01,1.929281e+01,1.918670e+01,1.928574e+01,1.940587e+01,1.932109e+01,1.927867e+01,1.941293e+01,1.929281e+01,1.936349e+01,1.957522e+01,1.944823e+01,1.958227e+01,2.008156e+01,2.045964e+01,2.048061e+01,2.047362e+01,2.051554e+01,2.044567e+01,2.058536e+01,2.071091e+01,2.064816e+01,2.068303e+01,2.069697e+01,2.070394e+01,2.059932e+01,2.068303e+01,2.066908e+01,2.062025e+01,2.042470e+01,2.043868e+01,2.047362e+01,2.045266e+01,2.050855e+01,2.043169e+01,2.044567e+01,2.028478e+01,2.005350e+01,2.001139e+01,1.997628e+01,2.003244e+01,2.004648e+01,1.961047e+01,1.938468e+01,1.913714e+01,1.912298e+01,1.905922e+01,1.886769e+01,1.878955e+01,1.877534e+01,1.884638e+01,1.876823e+01,1.876823e+01,1.888189e+01,1.893867e+01,1.907339e+01,1.871847e+01,1.879666e+01,1.876823e+01,1.872558e+01,1.871847e+01,1.877534e+01,1.882508e+01,1.893157e+01,1.890318e+01,1.916546e+01,1.921501e+01,1.911590e+01,1.910881e+01,1.893157e+01,1.888899e+01,1.878955e+01,1.870424e+01,1.861886e+01,1.849064e+01,1.851203e+01,1.849777e+01,1.848352e+01,1.843361e+01,1.847639e+01,1.838367e+01,1.838367e+01,1.861886e+01,1.843361e+01,1.842648e+01,1.848352e+01,1.845500e+01,1.857614e+01,1.872558e+01,1.868290e+01,1.881087e+01,1.879666e+01,1.895995e+01,1.901669e+01,1.922916e+01,1.941999e+01,1.951175e+01,1.992009e+01,2.029178e+01,2.035476e+01,2.036875e+01,2.045266e+01,2.042470e+01,2.042470e+01,2.055045e+01,2.044567e+01,2.047362e+01,2.044567e+01,2.047362e+01,2.044567e+01,2.055045e+01,2.047362e+01,2.050855e+01,2.057140e+01,2.062723e+01,2.043169e+01,2.044567e+01,2.044567e+01,2.048759e+01,2.054347e+01,2.045964e+01,2.052950e+01,2.056442e+01,2.052252e+01,2.053649e+01,2.052252e+01,2.057140e+01,2.050855e+01,2.062025e+01,2.060629e+01,2.053649e+01,2.060629e+01,2.049458e+01,2.061327e+01,2.049458e+01,2.051554e+01,2.057838e+01,2.055045e+01,2.053649e+01,2.052950e+01,2.052950e+01,2.055045e+01,2.057838e+01,2.049458e+01,2.050855e+01,2.043169e+01,2.050157e+01,2.059932e+01,2.050855e+01,2.062723e+01,2.050157e+01,2.057140e+01,2.052950e+01,2.057140e+01,2.054347e+01,2.054347e+01,2.057838e+01,2.055045e+01,2.054347e+01,2.053649e+01,2.067605e+01,2.063420e+01,2.056442e+01,2.059234e+01,2.055045e+01,2.059932e+01,2.055743e+01,2.057838e+01,2.058536e+01,2.041071e+01,2.056442e+01,2.057838e+01,2.062723e+01,2.059932e+01,2.059932e+01,2.046663e+01,2.052950e+01,2.054347e+01,2.051554e+01,2.062025e+01,2.045266e+01,2.048759e+01,2.051554e+01,2.053649e+01,2.059932e+01,2.055045e+01,2.060629e+01,2.055743e+01,2.041071e+01,2.048061e+01,2.052950e+01,2.055743e+01,2.055045e+01,2.053649e+01,2.059234e+01,2.059932e+01,2.057838e+01,2.066908e+01,2.046663e+01,2.052252e+01,2.060629e+01,2.049458e+01,2.056442e+01,2.040372e+01,2.043868e+01,2.048061e+01,2.048061e+01,2.062723e+01,2.045964e+01,2.064118e+01,2.061327e+01,2.059932e+01,2.050855e+01,2.056442e+01,2.055045e+01,2.052950e+01,2.052252e+01,2.050157e+01,2.045266e+01,2.052950e+01,2.061327e+01,2.055743e+01,2.057140e+01,2.041071e+01,2.054347e+01,2.046663e+01,2.054347e+01,2.048061e+01,2.044567e+01,2.043868e+01,2.057838e+01,2.046663e+01,2.042470e+01,2.053649e+01,2.045964e+01,2.045266e+01,2.050157e+01,2.027778e+01,2.051554e+01,2.047362e+01,2.038974e+01,2.042470e+01,2.036875e+01,2.040372e+01,2.041770e+01,2.048759e+01,2.044567e+01,2.035476e+01,2.050855e+01,2.042470e+01,2.041071e+01,2.040372e+01,2.038974e+01,2.041071e+01,2.036875e+01,2.048061e+01,2.045964e+01,2.038974e+01,2.044567e+01,2.028478e+01,2.045266e+01,2.040372e+01,2.043868e+01,2.049458e+01,2.062025e+01,2.046663e+01,2.041071e+01,2.045964e+01,2.041770e+01,2.043169e+01,2.045266e+01,2.041770e+01,2.036176e+01,2.035476e+01,2.031278e+01,2.034777e+01,2.041770e+01,2.034077e+01,2.038974e+01,2.029878e+01,2.038274e+01,2.050855e+01,2.040372e+01,2.035476e+01,2.027778e+01,2.037575e+01,2.042470e+01,2.043169e+01,2.031278e+01,2.041071e+01,2.036176e+01,2.038974e+01,2.022876e+01,2.032678e+01,2.039673e+01,2.041071e+01,2.029178e+01,2.037575e+01,2.037575e+01,2.036176e+01,2.041071e+01,2.043868e+01,2.041071e+01,2.044567e+01,2.048759e+01,2.030578e+01,2.055743e+01,2.036176e+01,2.052950e+01,2.042470e+01,2.050855e+01,2.053649e+01,2.054347e+01,2.050157e+01,2.047362e+01,2.049458e+01,2.055045e+01,2.048759e+01,2.054347e+01,2.053649e+01,2.052252e+01,2.045964e+01,2.043868e+01,2.045266e+01,2.038274e+01,2.053649e+01,2.046663e+01,2.057838e+01,2.029178e+01,2.041071e+01,2.061327e+01,2.039673e+01,2.045964e+01,2.046663e+01,2.037575e+01,2.061327e+01,2.038274e+01,2.057140e+01,2.037575e+01,2.038974e+01,2.038974e+01,2.050855e+01,2.047362e+01,2.045266e+01,2.037575e+01,2.047362e+01,2.039673e+01,2.035476e+01,2.045266e+01,2.043868e+01,2.048759e+01,2.053649e+01,2.044567e+01,2.039673e+01,2.036875e+01,2.036176e+01,2.038974e+01,2.032678e+01,2.027778e+01,2.031978e+01,2.023577e+01
2.017271e+01,2.028478e+01,2.020774e+01,2.028478e+01,2.031278e+01,2.034777e+01,2.023577e+01,2.028478e+01,2.024277e+01,2.030578e+01,2.039673e+01,2.029878e+01,2.041770e+01,2.031278e+01,2.037575e+01,2.026378e+01,2.031978e+01,2.040372e+01,2.017972e+01,2.038974e+01,2.030578e+01,2.035476e+01,2.031978e+01,2.029178e+01,2.025677e+01,2.027078e+01,2.029878e+01,2.025677e+01,2.032678e+01,2.047362e+01,2.062723e+01,2.058536e+01,2.059932e+01,2.070394e+01,2.077363e+01,2.073182e+01,2.070394e+01,2.075273e+01,2.075970e+01,2.075970e+01,2.080846e+01,2.114914e+01,2.105887e+01,2.139178e+01,2.112137e+01,2.121159e+01,2.110054e+01,2.118384e+01,2.107276e+01,2.149559e+01,2.164766e+01,2.150943e+01,2.149559e+01,2.144716e+01,2.126707e+01,2.132252e+01,2.151634e+01,2.199931e+01,2.228799e+01,2.195111e+01,2.226740e+01,2.204748e+01,2.174431e+01,2.159239e+01,2.178571e+01,2.181329e+01,2.220559e+01,2.173741e+01,2.158548e+01,2.153017e+01,2.160621e+01,2.196489e+01,2.188223e+01,2.190979e+01,2.226740e+01,2.258955e+01,2.191668e+01,2.163385e+01,2.135023e+01,2.153017e+01,2.128786e+01,2.123933e+01,2.121159e+01,2.151634e+01,2.155092e+01,2.149559e+01,2.148868e+01,2.165457e+01,2.182708e+01,2.172361e+01,2.160621e+01,2.162003e+01,2.148176e+01,2.144024e+01,2.106581e+01,2.152326e+01,2.157166e+01,2.156474e+01,2.152326e+01,2.219872e+01,2.220559e+01,2.184776e+01,2.182019e+01,2.164075e+01,2.124627e+01,2.113526e+01,2.089200e+01,2.109360e+01,2.112831e+01,2.104497e+01,2.110748e+01,2.052252e+01,2.031978e+01,2.034777e+01,2.022176e+01,2.034077e+01,2.036875e+01,2.027778e+01,2.034077e+01,2.040372e+01,2.037575e+01,2.038974e+01,2.034077e+01,2.029178e+01,2.034077e+01,2.041071e+01,2.033377e+01,2.043169e+01,2.043868e+01,2.031978e+01,2.031278e+01,2.031978e+01,2.038274e+01,2.041770e+01,2.031278e+01,2.042470e+01,2.036176e+01,2.048759e+01,2.034777e+01,2.039673e+01,2.040372e+01,2.045266e+01,2.036176e+01,2.043169e+01,2.039673e+01,2.046663e+01,2.048061e+01,2.034777e+01,2.039673e+01,2.036875e+01,2.028478e+01,2.033377e+01,2.038974e+01,2.041071e+01,2.042470e+01,2.051554e+01,2.039673e+01,2.030578e+01,2.042470e+01,2.046663e+01,2.050855e+01,2.042470e+01,2.042470e+01,2.042470e+01,2.044567e+01,2.045964e+01,2.045964e+01,2.041770e+01,2.043169e+01,2.045266e+01,2.045266e+01,2.050157e+01,2.041770e+01,2.043169e+01,2.041770e+01,2.046663e+01,2.046663e+01,2.037575e+01,2.035476e+01,2.039673e+01,2.049458e+01,2.050157e+01,2.039673e+01,2.045964e+01,2.048759e+01,2.045266e+01,2.036875e+01,2.044567e+01,2.038974e+01,2.045964e+01,2.048061e+01,2.041071e+01,2.041071e+01,2.041770e+01,2.038974e+01,2.041071e+01,2.060629e+01,2.043868e+01,2.050157e+01,2.055045e+01,2.045266e+01,2.040372e+01,2.050157e+01,2.037575e+01,2.038274e+01,2.033377e+01,2.035476e+01,2.031978e+01,2.052950e+01,2.041071e+01,2.039673e+01,2.040372e+01,2.028478e+01,2.042470e+01,2.043868e+01,2.040372e+01,2.044567e+01,2.039673e+01,2.045964e+01,2.043868e+01,2.049458e+01,2.051554e+01,2.048061e+01,2.043169e+01,2.048061e+01,2.048061e+01,2.031978e+01,2.034077e+01,1.990604e+01,1.972317e+01,1.963865e+01,1.947647e+01,1.950469e+01,1.943411e+01,1.920085e+01,1.925745e+01,1.903795e+01,1.912298e+01,1.909464e+01,1.909464e+01,1.902378e+01,1.901669e+01,1.902378e+01,1.900251e+01,1.888189e+01,1.903795e+01,1.900251e+01,1.880376e+01,1.872558e+01,1.877534e+01,1.871847e+01,1.874691e+01,1.868290e+01,1.862598e+01,1.871847e+01,1.882508e+01,1.885349e+01,1.893157e+01,1.891028e+01,1.905213e+01,1.910881e+01,1.920085e+01,1.903795e+01,1.922208e+01,1.924331e+01,1.915838e+01,1.929281e+01,1.924331e+01,1.944118e+01,1.917254e+01,1.940587e+01,1.920793e+01,1.925038e+01,1.898123e+01,1.887479e+01,1.882508e+01,1.894576e+01,1.898832e+01,1.922208e+01,1.907339e+01,1.912298e+01,1.916546e+01,1.917962e+01,1.931402e+01,1.933522e+01,1.922208e+01,1.925745e+01,1.921501e+01,1.925038e+01,1.939174e+01,1.941293e+01,1.944823e+01,2.019373e+01,2.033377e+01,2.033377e+01,2.038974e+01,2.043868e+01,2.049458e+01,2.042470e+01,2.053649e+01,2.049458e+01,2.065513e+01,2.062723e+01,2.065513e+01,2.066908e+01,2.059234e+01,2.045964e+01,2.058536e+01,2.049458e+01,2.048061e+01,2.046663e+01,2.049458e+01,2.044567e+01,2.043169e+01,2.046663e+01,2.048759e+01,2.046663e+01,2.031978e+01,2.036875e+01,2.037575e+01,2.037575e+01,1.978650e+01,1.937055e+01,1.931402e+01,1.924331e+01,1.917254e+01,1.903087e+01,1.876112e+01,1.873269e+01,1.875401e+01,1.873980e+01,1.874691e+01,1.889609e+01,1.879666e+01,1.897414e+01,1.883218e+01,1.881797e+01,1.868290e+01,1.870424e+01,1.866867e+01,1.867579e+01,1.865444e+01,1.873269e+01,1.866867e+01,1.886059e+01,1.891028e+01,1.906630e+01,1.910173e+01,1.913006e+01,1.897414e+01,1.876823e+01,1.871135e+01,1.869713e+01,1.869002e+01,1.847639e+01,1.848352e+01,1.851203e+01,1.841221e+01,1.841221e+01,1.844787e+01,1.844787e+01,1.841221e+01,1.841221e+01,1.846926e+01,1.844787e+01,1.865444e+01,1.862598e+01,1.864733e+01,1.869002e+01,1.881797e+01,1.876112e+01,1.886059e+01,1.897414e+01,1.922208e+01,1.944118e+01,1.940587e+01,1.975132e+01,2.001139e+01,2.041071e+01,2.027778e+01,2.038974e+01,2.050855e+01,2.034777e+01,2.044567e+01,2.045964e+01,2.045266e+01,2.047362e+01,2.049458e+01,2.053649e+01,2.053649e+01,2.048061e+01,2.054347e+01,2.059932e+01,2.045266e+01,2.047362e+01,2.048061e+01,2.052252e+01,2.044567e+01,2.044567e+01,2.047362e+01,2.061327e+01,2.050855e+01,2.049458e+01,2.054347e+01,2.052950e+01,2.053649e+01,2.057838e+01,2.044567e+01,2.052252e+01,2.043169e+01,2.055743e+01,2.058536e+01,2.047362e+01,2.058536e+01,2.041071e+01,2.046663e+01,2.052252e+01,2.052252e+01,2.056442e+01,2.057838e+01,2.059932e+01,2.049458e+01,2.053649e+01,2.053649e+01,2.047362e+01,2.053649e+01,2.058536e+01,2.056442e+01,2.059932e+01,2.053649e+01,2.049458e+01,2.052252e+01,2.050157e+01,2.046663e+01,2.056442e+01,2.056442e+01,2.045964e+01,2.059234e+01,2.045266e+01,2.055045e+01,2.054347e+01,2.054347e+01,2.054347e+01,2.050855e+01,2.059234e+01,2.055045e+01,2.058536e+01,2.052950e+01,2.053649e+01,2.053649e+01,2.053649e+01,2.048061e+01,2.050157e+01,2.055045e+01,2.051554e+01,2.051554e+01,2.053649e+01,2.051554e+01,2.050157e+01,2.049458e+01,2.047362e+01,2.048759e+01,2.052252e+01,2.049458e+01,2.053649e+01,2.056442e+01,2.049458e+01,2.045964e+01,2.059932e+01,2.054347e+01,2.049458e+01,2.055045e+01,2.052950e+01,2.051554e+01,2.057140e+01,2.057838e+01,2.052950e+01,2.053649e+01,2.059234e+01,2.048061e+01,2.045964e+01,2.040372e+01,2.050157e+01,2.048759e+01,2.050855e+01,2.047362e+01,2.045964e+01,2.046663e+01,2.053649e+01,2.059234e+01,2.055045e+01,2.056442e+01,2.055045e+01,2.038974e+01,2.054347e+01,2.039673e+01,2.045266e+01,2.051554e+01,2.047362e+01,2.047362e+01,2.050157e+01,2.048759e+01,2.040372e+01,2.031978e+01,2.049458e+01,2.049458e+01,2.039673e+01,2.049458e+01,2.028478e+01,2.044567e+01,2.045266e+01,2.045266e+01,2.048061e+01,2.037575e+01,2.046663e+01,2.046663e+01,2.041770e+01,2.048759e+01,2.040372e+01,2.038974e+01,2.035476e+01,2.037575e+01,2.035476e+01,2.038274e+01,2.046663e+01,2.041770e+01,2.045266e+01,2.041770e+01,2.036176e+01,2.034777e+01,2.056442e+01,2.057140e+01,2.041770e+01,2.036875e+01,2.041071e+01,2.052252e+01,2.041071e+01,2.036875e+01,2.033377e+01,2.048759e+01,2.034777e+01,2.036176e+01,2.045964e+01,2.044567e+01,2.028478e+01,2.041071e+01,2.043868e+01,2.037575e+01,2.044567e+01,2.039673e+01,2.029878e+01,2.040372e+01,2.031978e+01,2.030578e+01,2.023577e+01,2.036875e+01,2.034777e+01,2.026378e+01,2.011663e+01,2.032678e+01,2.034777e+01,2.041770e+01,2.040372e+01,2.029878e+01,2.036875e+01,2.041770e+01,2.031278e+01,2.029178e+01,2.054347e+01,2.024977e+01,2.040372e+01,2.019373e+01,2.029878e+01,2.041071e+01,2.031978e+01,2.041770e+01,2.034077e+01,2.029878e+01,2.032678e+01,2.035476e+01,2.043868e+01,2.039673e+01,2.036176e+01,2.034077e+01,2.054347e+01,2.049458e+01,2.056442e+01,2.038274e+01,2.055045e+01,2.041770e+01,2.038974e+01,2.037575e+01,2.040372e+01,2.051554e+01,2.042470e+01,2.043169e+01,2.065513e+01,2.053649e+01,2.036875e+01,2.058536e+01,2.041770e+01,2.048759e+01,2.045964e+01,2.048061e+01,2.050157e+01,2.045266e+01,2.046663e+01,2.055045e+01,2.047362e+01,2.042470e+01,2.037575e+01,2.045266e+01,2.046663e+01,2.043169e+01,2.034777e+01,2.041770e+01,2.038974e+01,2.039673e+01,2.041770e+01,2.042470e+01,2.052950e+01,2.044567e+01,2.044567e+01,2.040372e+01,2.055045e+01,2.036176e+01,2.034777e+01,2.039673e+01,2.053649e+01,2.052252e+01,2.048061e+01,2.040372e+01,2.037575e+01,2.036176e+01,2.024977e+01,2.031978e+01,2.029178e+01,2.029878e+01,2.031278e+01,2.020774e+01
2.032678e+01,2.022176e+01,2.026378e+01,2.025677e+01,2.035476e+01,2.019373e+01,2.022876e+01,2.034777e+01,2.022176e+01,2.030578e+01,2.045266e+01,2.029878e+01,2.031278e+01,2.028478e+01,2.031978e+01,2.026378e+01,2.035476e+01,2.035476e+01,2.015869e+01,2.020774e+01,2.020774e+01,2.045266e+01,2.024977e+01,2.019373e+01,2.027778e+01,2.028478e+01,2.033377e+01,2.037575e+01,2.040372e+01,2.049458e+01,2.042470e+01,2.058536e+01,2.071091e+01,2.062723e+01,2.075273e+01,2.070394e+01,2.062025e+01,2.078757e+01,2.076667e+01,2.078757e+01,2.082239e+01,2.096852e+01,2.084328e+01,2.086416e+01,2.108665e+01,2.088504e+01,2.090592e+01,2.101718e+01,2.086416e+01,2.115608e+01,2.134330e+01,2.133637e+01,2.154400e+01,2.153709e+01,2.152326e+01,2.135023e+01,2.132944e+01,2.172361e+01,2.201995e+01,2.179260e+01,2.174431e+01,2.208187e+01,2.204060e+01,2.210250e+01,2.248000e+01,2.239090e+01,2.190290e+01,2.158548e+01,2.161312e+01,2.160621e+01,2.164075e+01,2.192356e+01,2.233603e+01,2.228113e+01,2.271266e+01,2.314240e+01,2.266480e+01,2.199242e+01,2.144716e+01,2.130173e+01,2.127400e+01,2.164766e+01,2.163385e+01,2.146792e+01,2.158548e+01,2.143332e+01,2.164075e+01,2.132252e+01,2.140563e+01,2.157166e+01,2.140563e+01,2.139871e+01,2.153017e+01,2.148868e+01,2.153709e+01,2.150251e+01,2.155783e+01,2.155092e+01,2.151634e+01,2.134330e+01,2.158548e+01,2.141255e+01,2.158548e+01,2.130865e+01,2.086416e+01,2.054347e+01,2.065513e+01,2.069697e+01,2.086416e+01,2.086416e+01,2.082935e+01,2.051554e+01,2.034077e+01,2.034777e+01,2.030578e+01,2.023577e+01,2.036875e+01,2.036176e+01,2.041071e+01,2.030578e+01,2.038974e+01,2.036176e+01,2.040372e+01,2.028478e+01,2.040372e+01,2.030578e+01,2.029178e+01,2.038274e+01,2.048759e+01,2.040372e+01,2.034777e+01,2.036176e+01,2.037575e+01,2.043169e+01,2.044567e+01,2.035476e+01,2.040372e+01,2.038274e+01,2.050157e+01,2.041770e+01,2.041770e+01,2.039673e+01,2.037575e+01,2.043169e+01,2.035476e+01,2.033377e+01,2.035476e+01,2.032678e+01,2.027778e+01,2.041071e+01,2.034777e+01,2.038974e+01,2.042470e+01,2.038974e+01,2.043868e+01,2.038974e+01,2.040372e+01,2.045964e+01,2.043868e+01,2.036176e+01,2.042470e+01,2.042470e+01,2.041770e+01,2.046663e+01,2.054347e+01,2.041071e+01,2.038974e+01,2.028478e+01,2.029878e+01,2.045266e+01,2.045964e+01,2.048759e+01,2.038274e+01,2.028478e+01,2.034777e+01,2.053649e+01,2.038274e+01,2.044567e+01,2.041071e+01,2.041770e+01,2.041071e+01,2.044567e+01,2.042470e+01,2.038274e+01,2.043868e+01,2.036875e+01,2.042470e+01,2.038274e+01,2.040372e+01,2.036176e+01,2.041071e+01,2.036176e+01,2.041770e+01,2.045964e+01,2.040372e+01,2.040372e+01,2.044567e+01,2.053649e+01,2.038274e+01,2.056442e+01,2.040372e+01,2.036875e+01,2.038274e+01,2.036875e+01,2.040372e+01,2.048759e+01,2.033377e+01,2.034077e+01,2.041770e+01,2.045266e+01,2.038974e+01,2.043169e+01,2.041071e+01,2.042470e+01,2.041071e+01,2.038274e+01,2.048759e+01,2.036176e+01,2.045266e+01,2.034777e+01,2.041770e+01,2.036176e+01,2.045266e+01,2.032678e+01,2.031278e+01,2.045266e+01,2.020774e+01,2.018673e+01,1.988495e+01,1.975836e+01,1.949058e+01,1.942705e+01,1.941999e+01,1.936349e+01,1.922916e+01,1.917962e+01,1.910881e+01,1.906630e+01,1.897414e+01,1.896704e+01,1.893867e+01,1.897414e+01,1.893157e+01,1.890318e+01,1.888899e+01,1.893157e+01,1.893157e+01,1.892448e+01,1.888899e+01,1.871847e+01,1.879666e+01,1.876823e+01,1.881797e+01,1.891028e+01,1.887479e+01,1.881797e+01,1.886059e+01,1.894576e+01,1.903795e+01,1.901669e+01,1.903795e+01,1.907339e+01,1.901669e+01,1.915838e+01,1.906630e+01,1.923623e+01,1.920085e+01,1.910173e+01,1.902378e+01,1.910881e+01,1.913714e+01,1.893157e+01,1.888899e+01,1.870424e+01,1.888899e+01,1.874691e+01,1.885349e+01,1.901669e+01,1.908756e+01,1.907339e+01,1.913714e+01,1.915838e+01,1.915838e+01,1.920793e+01,1.928574e+01,1.923623e+01,1.925038e+01,1.923623e+01,1.925038e+01,1.941293e+01,1.947647e+01,1.970205e+01,1.999735e+01,2.027078e+01,2.025677e+01,2.044567e+01,2.026378e+01,2.040372e+01,2.050855e+01,2.050855e+01,2.047362e+01,2.063420e+01,2.070394e+01,2.064816e+01,2.059932e+01,2.061327e+01,2.060629e+01,2.043169e+01,2.044567e+01,2.041770e+01,2.044567e+01,2.036176e+01,2.043868e+01,2.042470e+01,2.031278e+01,2.035476e+01,2.041071e+01,2.050157e+01,2.027778e+01,2.041770e+01,2.032678e+01,2.027078e+01,1.962456e+01,1.946235e+01,1.930695e+01,1.921501e+01,1.918670e+01,1.900251e+01,1.878955e+01,1.878245e+01,1.874691e+01,1.872558e+01,1.881797e+01,1.891028e+01,1.894576e+01,1.881087e+01,1.878245e+01,1.868290e+01,1.874691e+01,1.866156e+01,1.878245e+01,1.867579e+01,1.859750e+01,1.849064e+01,1.868290e+01,1.867579e+01,1.879666e+01,1.892448e+01,1.893867e+01,1.892448e+01,1.895995e+01,1.885349e+01,1.877534e+01,1.871135e+01,1.866156e+01,1.856902e+01,1.865444e+01,1.852628e+01,1.837654e+01,1.843361e+01,1.856902e+01,1.859750e+01,1.849777e+01,1.850490e+01,1.851915e+01,1.848352e+01,1.863309e+01,1.850490e+01,1.872558e+01,1.871847e+01,1.876823e+01,1.883218e+01,1.900251e+01,1.915130e+01,1.939881e+01,1.946941e+01,1.953996e+01,1.963161e+01,2.002542e+01,2.041071e+01,2.026378e+01,2.034777e+01,2.038274e+01,2.036875e+01,2.044567e+01,2.044567e+01,2.055045e+01,2.052950e+01,2.043169e+01,2.041071e+01,2.048759e+01,2.045266e+01,2.046663e+01,2.041770e+01,2.045266e+01,2.043868e+01,2.045266e+01,2.043868e+01,2.048061e+01,2.046663e+01,2.044567e+01,2.059234e+01,2.048759e+01,2.062723e+01,2.036176e+01,2.037575e+01,2.043868e+01,2.050855e+01,2.051554e+01,2.043868e+01,2.053649e+01,2.039673e+01,2.048759e+01,2.048759e+01,2.041770e+01,2.052950e+01,2.051554e+01,2.050157e+01,2.053649e+01,2.057838e+01,2.057838e+01,2.041770e+01,2.047362e+01,2.052950e+01,2.052950e+01,2.055045e+01,2.061327e+01,2.052252e+01,2.055045e+01,2.043169e+01,2.047362e+01,2.057140e+01,2.048061e+01,2.041071e+01,2.052252e+01,2.052950e+01,2.054347e+01,2.047362e+01,2.046663e+01,2.058536e+01,2.048759e+01,2.046663e+01,2.054347e+01,2.059234e+01,2.062025e+01,2.044567e+01,2.058536e+01,2.056442e+01,2.055743e+01,2.057838e+01,2.057140e+01,2.048061e+01,2.057838e+01,2.057838e+01,2.048759e+01,2.053649e+01,2.052252e+01,2.044567e+01,2.047362e+01,2.047362e+01,2.048061e+01,2.047362e+01,2.050157e+01,2.054347e+01,2.041071e+01,2.055743e+01,2.043868e+01,2.048759e+01,2.048759e+01,2.046663e+01,2.050157e+01,2.056442e+01,2.048061e+01,2.055743e+01,2.054347e+01,2.052950e+01,2.047362e+01,2.052252e+01,2.043868e+01,2.052252e+01,2.043169e+01,2.043868e+01,2.044567e+01,2.049458e+01,2.051554e+01,2.048759e+01,2.034077e+01,2.052950e+01,2.053649e+01,2.051554e+01,2.045266e+01,2.050157e+01,2.048759e+01,2.042470e+01,2.059932e+01,2.055743e+01,2.056442e+01,2.045964e+01,2.050157e+01,2.041071e+01,2.047362e+01,2.053649e+01,2.046663e+01,2.041071e+01,2.048061e+01,2.041770e+01,2.047362e+01,2.036176e+01,2.043169e+01,2.047362e+01,2.041770e+01,2.047362e+01,2.036176e+01,2.043868e+01,2.059932e+01,2.044567e+01,2.042470e+01,2.042470e+01,2.039673e+01,2.042470e+01,2.039673e+01,2.023577e+01,2.040372e+01,2.043169e+01,2.036875e+01,2.038274e+01,2.036875e+01,2.039673e+01,2.041071e+01,2.017972e+01,2.035476e+01,2.043868e+01,2.041770e+01,2.034077e+01,2.046663e+01,2.035476e+01,2.037575e+01,2.040372e+01,2.034077e+01,2.042470e+01,2.043868e+01,2.043169e+01,2.027078e+01,2.039673e+01,2.035476e+01,2.040372e+01,2.036875e+01,2.036875e+01,2.036875e+01,2.045266e+01,2.034777e+01,2.034777e+01,2.033377e+01,2.027078e+01,2.024277e+01,2.032678e+01,2.020074e+01,2.025677e+01,2.031978e+01,2.034077e+01,2.031978e+01,2.027078e+01,2.042470e+01,2.025677e+01,2.041770e+01,2.027078e+01,2.031278e+01,2.031278e+01,2.029178e+01,2.041071e+01,2.038974e+01,2.026378e+01,2.029878e+01,2.032678e+01,2.038974e+01,2.038974e+01,2.037575e+01,2.038274e+01,2.046663e+01,2.036875e+01,2.022876e+01,2.041770e+01,2.029178e+01,2.042470e+01,2.052950e+01,2.051554e+01,2.057140e+01,2.052950e+01,2.044567e+01,2.045266e+01,2.050855e+01,2.037575e+01,2.054347e+01,2.036875e+01,2.059932e+01,2.037575e+01,2.048759e+01,2.054347e+01,2.034077e+01,2.048061e+01,2.046663e+01,2.023577e+01,2.040372e+01,2.045266e+01,2.047362e+01,2.047362e+01,2.047362e+01,2.045266e+01,2.039673e+01,2.050157e+01,2.041770e+01,2.039673e+01,2.043868e+01,2.041770e+01,2.023577e+01,2.037575e+01,2.039673e+01,2.046663e+01,2.043868e+01,2.043868e+01,2.037575e+01,2.036176e+01,2.042470e+01,2.031978e+01,2.048759e+01,2.037575e+01,2.038274e+01,2.050855e+01,2.052950e+01,2.050855e+01,2.043868e+01,2.026378e+01,2.037575e+01,2.044567e+01,2.031978e+01,2.035476e+01,2.030578e+01,2.030578e+01,2.026378e+01,2.024277e+01
2.021475e+01,2.023577e+01,2.021475e+01,2.029178e+01,2.027778e+01,2.021475e+01,2.035476e+01,2.030578e+01,2.023577e+01,2.024977e+01,2.028478e+01,2.024977e+01,2.031278e+01,2.017972e+01,2.026378e+01,2.022876e+01,2.018673e+01,2.019373e+01,2.014467e+01,2.030578e+01,2.029178e+01,2.017972e+01,2.040372e+01,2.017271e+01,2.017972e+01,2.022176e+01,2.052950e+01,2.031978e+01,2.034777e+01,2.045964e+01,2.034777e+01,2.050157e+01,2.059234e+01,2.066211e+01,2.073182e+01,2.073879e+01,2.071789e+01,2.059932e+01,2.074576e+01,2.078060e+01,2.079453e+01,2.077363e+01,2.083632e+01,2.080846e+01,2.071091e+01,2.082935e+01,2.086416e+01,2.094070e+01,2.106581e+01,2.130173e+01,2.134330e+01,2.146792e+01,2.131559e+01,2.144024e+01,2.147484e+01,2.134330e+01,2.151634e+01,2.159930e+01,2.169600e+01,2.164075e+01,2.170290e+01,2.157857e+01,2.155092e+01,2.177191e+01,2.206124e+01,2.210250e+01,2.153017e+01,2.157857e+01,2.149559e+01,2.154400e+01,2.163385e+01,2.167528e+01,2.218498e+01,2.270583e+01,2.272633e+01,2.275367e+01,2.226053e+01,2.192356e+01,2.158548e+01,2.166838e+01,2.154400e+01,2.162694e+01,2.199242e+01,2.173741e+01,2.154400e+01,2.150251e+01,2.165457e+01,2.184087e+01,2.228799e+01,2.153709e+01,2.157857e+01,2.162003e+01,2.142640e+01,2.119771e+01,2.133637e+01,2.105887e+01,2.116302e+01,2.106581e+01,2.104497e+01,2.095461e+01,2.112137e+01,2.143332e+01,2.159239e+01,2.128786e+01,2.087112e+01,2.052950e+01,2.052252e+01,2.052252e+01,2.032678e+01,2.048759e+01,2.052950e+01,2.036875e+01,2.031278e+01,2.034077e+01,2.036176e+01,2.028478e+01,2.031978e+01,2.028478e+01,2.039673e+01,2.031278e+01,2.032678e+01,2.026378e+01,2.031978e+01,2.037575e+01,2.038274e+01,2.038274e+01,2.036875e+01,2.040372e+01,2.035476e+01,2.029878e+01,2.033377e+01,2.047362e+01,2.033377e+01,2.031278e+01,2.031978e+01,2.048061e+01,2.043868e+01,2.038274e+01,2.036176e+01,2.038274e+01,2.035476e+01,2.037575e+01,2.043868e+01,2.034777e+01,2.034077e+01,2.043868e+01,2.032678e+01,2.032678e+01,2.031978e+01,2.044567e+01,2.041770e+01,2.047362e+01,2.043868e+01,2.043169e+01,2.034777e+01,2.045266e+01,2.048759e+01,2.038974e+01,2.043868e+01,2.040372e+01,2.043868e+01,2.039673e+01,2.043169e+01,2.034777e+01,2.036875e+01,2.041071e+01,2.040372e+01,2.038974e+01,2.041770e+01,2.038274e+01,2.042470e+01,2.040372e+01,2.038274e+01,2.040372e+01,2.033377e+01,2.036176e+01,2.038974e+01,2.041071e+01,2.042470e+01,2.037575e+01,2.038974e+01,2.041071e+01,2.041071e+01,2.040372e+01,2.037575e+01,2.038974e+01,2.039673e+01,2.041770e+01,2.048759e+01,2.039673e+01,2.045266e+01,2.041071e+01,2.022176e+01,2.045964e+01,2.022176e+01,2.023577e+01,2.045964e+01,2.036176e+01,2.045964e+01,2.055743e+01,2.046663e+01,2.039673e+01,2.038974e+01,2.038274e+01,2.032678e+01,2.033377e+01,2.035476e+01,2.039673e+01,2.041071e+01,2.037575e+01,2.037575e+01,2.031978e+01,2.035476e+01,2.040372e+01,2.048061e+01,2.050157e+01,2.027778e+01,2.060629e+01,2.040372e+01,2.051554e+01,2.045964e+01,2.029178e+01,2.045266e+01,2.038974e+01,2.040372e+01,2.046663e+01,2.046663e+01,2.020774e+01,1.980761e+01,1.944823e+01,1.944823e+01,1.939174e+01,1.926452e+01,1.913714e+01,1.908756e+01,1.915838e+01,1.903795e+01,1.908756e+01,1.899541e+01,1.903795e+01,1.893157e+01,1.888189e+01,1.893867e+01,1.895995e+01,1.888899e+01,1.888189e+01,1.881797e+01,1.880376e+01,1.886769e+01,1.881797e+01,1.879666e+01,1.883218e+01,1.866156e+01,1.882508e+01,1.881087e+01,1.887479e+01,1.889609e+01,1.891028e+01,1.899541e+01,1.910881e+01,1.910173e+01,1.893867e+01,1.908756e+01,1.898832e+01,1.908047e+01,1.893157e+01,1.898123e+01,1.893157e+01,1.905213e+01,1.888899e+01,1.896704e+01,1.892448e+01,1.864733e+01,1.868290e+01,1.868290e+01,1.886769e+01,1.901669e+01,1.904504e+01,1.894576e+01,1.907339e+01,1.909464e+01,1.913714e+01,1.913006e+01,1.916546e+01,1.921501e+01,1.917962e+01,1.918670e+01,1.919378e+01,1.921501e+01,1.936349e+01,1.929988e+01,1.965979e+01,2.008857e+01,2.041770e+01,2.023577e+01,2.045266e+01,2.046663e+01,2.041071e+01,2.038974e+01,2.057838e+01,2.054347e+01,2.062025e+01,2.055743e+01,2.057838e+01,2.061327e+01,2.062025e+01,2.057140e+01,2.059234e+01,2.044567e+01,2.047362e+01,2.044567e+01,2.048061e+01,2.043169e+01,2.045964e+01,2.031278e+01,2.044567e+01,2.042470e+01,2.043169e+01,2.051554e+01,2.045266e+01,2.051554e+01,2.034777e+01,1.996926e+01,1.966683e+01,1.968796e+01,1.933522e+01,1.943411e+01,1.894576e+01,1.888189e+01,1.873269e+01,1.856902e+01,1.872558e+01,1.876823e+01,1.886059e+01,1.899541e+01,1.889609e+01,1.891028e+01,1.867579e+01,1.865444e+01,1.866156e+01,1.872558e+01,1.873269e+01,1.855477e+01,1.866867e+01,1.860462e+01,1.844787e+01,1.863309e+01,1.884638e+01,1.886059e+01,1.894576e+01,1.893157e+01,1.888899e+01,1.878955e+01,1.884638e+01,1.887479e+01,1.873269e+01,1.877534e+01,1.855477e+01,1.849064e+01,1.861886e+01,1.877534e+01,1.851915e+01,1.851915e+01,1.848352e+01,1.848352e+01,1.854053e+01,1.855477e+01,1.864733e+01,1.869002e+01,1.881087e+01,1.870424e+01,1.881087e+01,1.891738e+01,1.910173e+01,1.913714e+01,1.934936e+01,1.953291e+01,1.941293e+01,1.963865e+01,1.987792e+01,2.010260e+01,2.025677e+01,2.041071e+01,2.043169e+01,2.045964e+01,2.041770e+01,2.048061e+01,2.043169e+01,2.049458e+01,2.051554e+01,2.041770e+01,2.041071e+01,2.038974e+01,2.048061e+01,2.044567e+01,2.048061e+01,2.043169e+01,2.052950e+01,2.044567e+01,2.044567e+01,2.046663e+01,2.048759e+01,2.046663e+01,2.053649e+01,2.053649e+01,2.053649e+01,2.057140e+01,2.056442e+01,2.056442e+01,2.052950e+01,2.057140e+01,2.049458e+01,2.053649e+01,2.046663e+01,2.048061e+01,2.048759e+01,2.049458e+01,2.055045e+01,2.055045e+01,2.053649e+01,2.057140e+01,2.050855e+01,2.043868e+01,2.052950e+01,2.052950e+01,2.055045e+01,2.043868e+01,2.050855e+01,2.055743e+01,2.052950e+01,2.057838e+01,2.031278e+01,2.036176e+01,2.046663e+01,2.052950e+01,2.055743e+01,2.056442e+01,2.050855e+01,2.050157e+01,2.058536e+01,2.054347e+01,2.044567e+01,2.054347e+01,2.043169e+01,2.045266e+01,2.059932e+01,2.057140e+01,2.038274e+01,2.038274e+01,2.041770e+01,2.047362e+01,2.058536e+01,2.047362e+01,2.048759e+01,2.052252e+01,2.051554e+01,2.053649e+01,2.050855e+01,2.049458e+01,2.050157e+01,2.050855e+01,2.046663e+01,2.055045e+01,2.046663e+01,2.049458e+01,2.054347e+01,2.039673e+01,2.050157e+01,2.060629e+01,2.056442e+01,2.050855e+01,2.050855e+01,2.043868e+01,2.054347e+01,2.044567e+01,2.052252e+01,2.051554e+01,2.050157e+01,2.052252e+01,2.046663e+01,2.051554e+01,2.045266e+01,2.050157e+01,2.048759e+01,2.056442e+01,2.047362e+01,2.052252e+01,2.052950e+01,2.059932e+01,2.055743e+01,2.050855e+01,2.055743e+01,2.041770e+01,2.053649e+01,2.040372e+01,2.050855e+01,2.039673e+01,2.049458e+01,2.049458e+01,2.045266e+01,2.030578e+01,2.050855e+01,2.044567e+01,2.043169e+01,2.041071e+01,2.034777e+01,2.043169e+01,2.052252e+01,2.040372e+01,2.042470e+01,2.041770e+01,2.043169e+01,2.038274e+01,2.039673e+01,2.047362e+01,2.042470e+01,2.041071e+01,2.055045e+01,2.039673e+01,2.040372e+01,2.043169e+01,2.038274e+01,2.036176e+01,2.033377e+01,2.041770e+01,2.036176e+01,2.040372e+01,2.039673e+01,2.041770e+01,2.041770e+01,2.041071e+01,2.057838e+01,2.043868e+01,2.047362e+01,2.041770e+01,2.036875e+01,2.037575e+01,2.047362e+01,2.066908e+01,2.043868e+01,2.048061e+01,2.044567e+01,2.042470e+01,2.029178e+01,2.032678e+01,2.036176e+01,2.025677e+01,2.031278e+01,2.020774e+01,2.036875e+01,2.041071e+01,2.043169e+01,2.041071e+01,2.038274e+01,2.032678e+01,2.034777e+01,2.035476e+01,2.030578e+01,2.035476e+01,2.039673e+01,2.027778e+01,2.036875e+01,2.036875e+01,2.036176e+01,2.042470e+01,2.033377e+01,2.032678e+01,2.030578e+01,2.030578e+01,2.037575e+01,2.030578e+01,2.044567e+01,2.028478e+01,2.028478e+01,2.031978e+01,2.039673e+01,2.034077e+01,2.043169e+01,2.035476e+01,2.044567e+01,2.043169e+01,2.033377e+01,2.041071e+01,2.048061e+01,2.040372e+01,2.049458e+01,2.054347e+01,2.043868e+01,2.049458e+01,2.048759e+01,2.050855e+01,2.055743e+01,2.058536e+01,2.038974e+01,2.059234e+01,2.054347e+01,2.049458e+01,2.045266e+01,2.052950e+01,2.036875e+01,2.054347e+01,2.038974e+01,2.052252e+01,2.048759e+01,2.034077e+01,2.042470e+01,2.045964e+01,2.037575e+01,2.041770e+01,2.038974e+01,2.045266e+01,2.050157e+01,2.041770e+01,2.041071e+01,2.040372e+01,2.039673e+01,2.041071e+01,2.038974e+01,2.044567e+01,2.043868e+01,2.035476e+01,2.036875e+01,2.053649e+01,2.038974e+01,2.034777e+01,2.055045e+01,2.035476e+01,2.050157e+01,2.037575e+01,2.041770e+01,2.053649e+01,2.043169e+01,2.038274e+01,2.047362e+01,2.022176e+01,2.031978e+01,2.027078e+01,2.024977e+01,2.024277e+01,2.029178e+01
2.022176e+01,2.026378e+01,2.020774e+01,2.037575e+01,2.024977e+01,2.029178e+01,2.024277e+01,2.022176e+01,2.027778e+01,2.026378e+01,2.023577e+01,2.026378e+01,2.026378e+01,2.024977e+01,2.024977e+01,2.024277e+01,2.022876e+01,2.024977e+01,2.013766e+01,2.013065e+01,2.031978e+01,1.999033e+01,2.029878e+01,2.022176e+01,2.019373e+01,2.017972e+01,2.025677e+01,2.022876e+01,2.027778e+01,2.038974e+01,2.020774e+01,2.029178e+01,2.038274e+01,2.051554e+01,2.071091e+01,2.069000e+01,2.073879e+01,2.073879e+01,2.075970e+01,2.059932e+01,2.079453e+01,2.075970e+01,2.066908e+01,2.069000e+01,2.085024e+01,2.090592e+01,2.101023e+01,2.105192e+01,2.159930e+01,2.107971e+01,2.112831e+01,2.108665e+01,2.085024e+01,2.110748e+01,2.153709e+01,2.141948e+01,2.130173e+01,2.153017e+01,2.153709e+01,2.168909e+01,2.163385e+01,2.150943e+01,2.132944e+01,2.173051e+01,2.191668e+01,2.173741e+01,2.153709e+01,2.156474e+01,2.147484e+01,2.162694e+01,2.164766e+01,2.165457e+01,2.190290e+01,2.224680e+01,2.223307e+01,2.220559e+01,2.210250e+01,2.190979e+01,2.190290e+01,2.164075e+01,2.160621e+01,2.159930e+01,2.154400e+01,2.154400e+01,2.151634e+01,2.132944e+01,2.123933e+01,2.162003e+01,2.206812e+01,2.144024e+01,2.116996e+01,2.116302e+01,2.112137e+01,2.120465e+01,2.135023e+01,2.148868e+01,2.127400e+01,2.111443e+01,2.101718e+01,2.071091e+01,2.103802e+01,2.093374e+01,2.083632e+01,2.087112e+01,2.085720e+01,2.067605e+01,2.075273e+01,2.054347e+01,2.034777e+01,2.033377e+01,2.047362e+01,2.031278e+01,2.043169e+01,2.050157e+01,2.034777e+01,2.031978e+01,2.043169e+01,2.027778e+01,2.035476e+01,2.033377e+01,2.027078e+01,2.040372e+01,2.038974e+01,2.037575e+01,2.040372e+01,2.040372e+01,2.037575e+01,2.038974e+01,2.038274e+01,2.043868e+01,2.036875e+01,2.048061e+01,2.040372e+01,2.036176e+01,2.041770e+01,2.054347e+01,2.045266e+01,2.044567e+01,2.044567e+01,2.043169e+01,2.039673e+01,2.036875e+01,2.053649e+01,2.027078e+01,2.031278e+01,2.031278e+01,2.045964e+01,2.047362e+01,2.041071e+01,2.040372e+01,2.031978e+01,2.041770e+01,2.029178e+01,2.042470e+01,2.034077e+01,2.041770e+01,2.031978e+01,2.040372e+01,2.039673e+01,2.048061e+01,2.042470e+01,2.040372e+01,2.041770e+01,2.038974e+01,2.039673e+01,2.042470e+01,2.042470e+01,2.044567e+01,2.043169e+01,2.049458e+01,2.041071e+01,2.043868e+01,2.034777e+01,2.045266e+01,2.044567e+01,2.059932e+01,2.038974e+01,2.045964e+01,2.039673e+01,2.041071e+01,2.039673e+01,2.040372e+01,2.036176e+01,2.038974e+01,2.041770e+01,2.043868e+01,2.039673e+01,2.049458e+01,2.036875e+01,2.043868e+01,2.051554e+01,2.048759e+01,2.046663e+01,2.050855e+01,2.031978e+01,2.046663e+01,2.038974e+01,2.043169e+01,2.046663e+01,2.054347e+01,2.036176e+01,2.037575e+01,2.029178e+01,2.046663e+01,2.045266e+01,2.048061e+01,2.041770e+01,2.031278e+01,2.029878e+01,2.040372e+01,2.036176e+01,2.044567e+01,2.036176e+01,2.046663e+01,2.050855e+01,2.035476e+01,2.046663e+01,2.052950e+01,2.035476e+01,2.045964e+01,2.047362e+01,2.041071e+01,2.047362e+01,2.042470e+01,2.032678e+01,2.037575e+01,2.036176e+01,2.044567e+01,1.977947e+01,1.973725e+01,1.944823e+01,1.928574e+01,1.926452e+01,1.906630e+01,1.903087e+01,1.907339e+01,1.898832e+01,1.903087e+01,1.890318e+01,1.895286e+01,1.873980e+01,1.892448e+01,1.895286e+01,1.900251e+01,1.893867e+01,1.877534e+01,1.881797e+01,1.888189e+01,1.881797e+01,1.881087e+01,1.896704e+01,1.883928e+01,1.885349e+01,1.886059e+01,1.883928e+01,1.883928e+01,1.896704e+01,1.895995e+01,1.893867e+01,1.893867e+01,1.909464e+01,1.891028e+01,1.903795e+01,1.879666e+01,1.894576e+01,1.903795e+01,1.904504e+01,1.900251e+01,1.889609e+01,1.896704e+01,1.891028e+01,1.865444e+01,1.865444e+01,1.866867e+01,1.883218e+01,1.898832e+01,1.889609e+01,1.908756e+01,1.908047e+01,1.907339e+01,1.908047e+01,1.899541e+01,1.921501e+01,1.920085e+01,1.921501e+01,1.922916e+01,1.920085e+01,1.926452e+01,1.922208e+01,1.932109e+01,1.942705e+01,1.970909e+01,2.031278e+01,2.031278e+01,2.048061e+01,2.044567e+01,2.049458e+01,2.047362e+01,2.038274e+01,2.047362e+01,2.044567e+01,2.058536e+01,2.059932e+01,2.055045e+01,2.062723e+01,2.058536e+01,2.061327e+01,2.052950e+01,2.050157e+01,2.045964e+01,2.043868e+01,2.041770e+01,2.043169e+01,2.037575e+01,2.045266e+01,2.048759e+01,2.050855e+01,2.033377e+01,2.048759e+01,2.045964e+01,2.031278e+01,2.043169e+01,2.038974e+01,2.029178e+01,2.008857e+01,1.989901e+01,1.970205e+01,1.898832e+01,1.882508e+01,1.876112e+01,1.880376e+01,1.869713e+01,1.879666e+01,1.881797e+01,1.898832e+01,1.895995e+01,1.887479e+01,1.879666e+01,1.881087e+01,1.866867e+01,1.879666e+01,1.872558e+01,1.870424e+01,1.854765e+01,1.864021e+01,1.850490e+01,1.858326e+01,1.851203e+01,1.878245e+01,1.891028e+01,1.886769e+01,1.890318e+01,1.891028e+01,1.889609e+01,1.891738e+01,1.891028e+01,1.864733e+01,1.862598e+01,1.853340e+01,1.877534e+01,1.860462e+01,1.867579e+01,1.851915e+01,1.862598e+01,1.864021e+01,1.862598e+01,1.852628e+01,1.866156e+01,1.869713e+01,1.871847e+01,1.888899e+01,1.889609e+01,1.893157e+01,1.906630e+01,1.904504e+01,1.915838e+01,1.937762e+01,1.933522e+01,1.946235e+01,1.939174e+01,1.982871e+01,2.021475e+01,2.043169e+01,2.038274e+01,2.045964e+01,2.048061e+01,2.044567e+01,2.051554e+01,2.035476e+01,2.045266e+01,2.053649e+01,2.048759e+01,2.050157e+01,2.050855e+01,2.043868e+01,2.052950e+01,2.039673e+01,2.045964e+01,2.042470e+01,2.045964e+01,2.061327e+01,2.048061e+01,2.064816e+01,2.062025e+01,2.041770e+01,2.041770e+01,2.054347e+01,2.039673e+01,2.056442e+01,2.054347e+01,2.052252e+01,2.053649e+01,2.043169e+01,2.049458e+01,2.038974e+01,2.049458e+01,2.050157e+01,2.050157e+01,2.052950e+01,2.050157e+01,2.055045e+01,2.051554e+01,2.051554e+01,2.056442e+01,2.050855e+01,2.052252e+01,2.068303e+01,2.052950e+01,2.052950e+01,2.060629e+01,2.038974e+01,2.049458e+01,2.049458e+01,2.048759e+01,2.056442e+01,2.044567e+01,2.051554e+01,2.048759e+01,2.052252e+01,2.050157e+01,2.066211e+01,2.048759e+01,2.054347e+01,2.055045e+01,2.053649e+01,2.055045e+01,2.051554e+01,2.051554e+01,2.050855e+01,2.050855e+01,2.040372e+01,2.050157e+01,2.041770e+01,2.054347e+01,2.050157e+01,2.053649e+01,2.042470e+01,2.052950e+01,2.052950e+01,2.047362e+01,2.050855e+01,2.046663e+01,2.056442e+01,2.054347e+01,2.053649e+01,2.052252e+01,2.049458e+01,2.043169e+01,2.043868e+01,2.050855e+01,2.046663e+01,2.046663e+01,2.055045e+01,2.044567e+01,2.057140e+01,2.044567e+01,2.048061e+01,2.073182e+01,2.049458e+01,2.052950e+01,2.047362e+01,2.052950e+01,2.056442e+01,2.047362e+01,2.051554e+01,2.048061e+01,2.046663e+01,2.053649e+01,2.055045e+01,2.062025e+01,2.050855e+01,2.049458e+01,2.055045e+01,2.045266e+01,2.046663e+01,2.054347e+01,2.048061e+01,2.040372e+01,2.041770e+01,2.048061e+01,2.048759e+01,2.050855e+01,2.050855e+01,2.041071e+01,2.044567e+01,2.038274e+01,2.050855e+01,2.049458e+01,2.042470e+01,2.045266e+01,2.035476e+01,2.041770e+01,2.043169e+01,2.036176e+01,2.044567e+01,2.039673e+01,2.043868e+01,2.047362e+01,2.037575e+01,2.042470e+01,2.041770e+01,2.041071e+01,2.043868e+01,2.029178e+01,2.041770e+01,2.038974e+01,2.049458e+01,2.041770e+01,2.038974e+01,2.038274e+01,2.038274e+01,2.038274e+01,2.042470e+01,2.044567e+01,2.038974e+01,2.046663e+01,2.036875e+01,2.043169e+01,2.048759e+01,2.048061e+01,2.040372e+01,2.032678e+01,2.042470e+01,2.040372e+01,2.036176e+01,2.034777e+01,2.033377e+01,2.042470e+01,2.041071e+01,2.047362e+01,2.038274e+01,2.038974e+01,2.034777e+01,2.037575e+01,2.020774e+01,2.033377e+01,2.035476e+01,2.032678e+01,2.024277e+01,2.031278e+01,2.042470e+01,2.040372e+01,2.034077e+01,2.037575e+01,2.030578e+01,2.036176e+01,2.034077e+01,2.038274e+01,2.029878e+01,2.030578e+01,2.031978e+01,2.021475e+01,2.028478e+01,2.034077e+01,2.027078e+01,2.027778e+01,2.051554e+01,2.042470e+01,2.045964e+01,2.047362e+01,2.034077e+01,2.043868e+01,2.049458e+01,2.055045e+01,2.058536e+01,2.049458e+01,2.045964e+01,2.058536e+01,2.050855e+01,2.053649e+01,2.054347e+01,2.042470e+01,2.052252e+01,2.047362e+01,2.052252e+01,2.041071e+01,2.048061e+01,2.045964e+01,2.041770e+01,2.039673e+01,2.050157e+01,2.045266e+01,2.047362e+01,2.059932e+01,2.049458e+01,2.044567e+01,2.039673e+01,2.047362e+01,2.028478e+01,2.046663e+01,2.064118e+01,2.052252e+01,2.042470e+01,2.039673e+01,2.038974e+01,2.045964e+01,2.045964e+01,2.043169e+01,2.050855e+01,2.055743e+01,2.039673e+01,2.039673e+01,2.040372e+01,2.038974e+01,2.059234e+01,2.041071e+01,2.041071e+01,2.034777e+01,2.045266e+01,2.042470e+01,2.038974e+01,2.043868e+01,2.040372e+01,2.038974e+01,2.036176e+01,2.030578e+01,2.030578e+01,2.026378e+01,2.027778e+01,2.043868e+01
2.024277e+01,2.027778e+01,2.026378e+01,2.023577e+01,2.031978e+01,2.029878e+01,2.023577e+01,2.022876e+01,2.023577e+01,2.025677e+01,2.028478e+01,2.030578e+01,2.026378e+01,2.016570e+01,2.025677e+01,2.017271e+01,2.017271e+01,2.017972e+01,2.037575e+01,2.022176e+01,2.016570e+01,2.018673e+01,2.027778e+01,2.028478e+01,2.025677e+01,2.024977e+01,2.024277e+01,2.023577e+01,2.027078e+01,2.020774e+01,2.027078e+01,2.019373e+01,2.027778e+01,2.034077e+01,2.030578e+01,2.062723e+01,2.073879e+01,2.055743e+01,2.074576e+01,2.070394e+01,2.082935e+01,2.082239e+01,2.083632e+01,2.082935e+01,2.084328e+01,2.078757e+01,2.094070e+01,2.092679e+01,2.103107e+01,2.090592e+01,2.107276e+01,2.079453e+01,2.068303e+01,2.055045e+01,2.079453e+01,2.153017e+01,2.155092e+01,2.150251e+01,2.153017e+01,2.198554e+01,2.199931e+01,2.162694e+01,2.139178e+01,2.134330e+01,2.153709e+01,2.143332e+01,2.148176e+01,2.197177e+01,2.213688e+01,2.212313e+01,2.190979e+01,2.161312e+01,2.170290e+01,2.194423e+01,2.230858e+01,2.221933e+01,2.237718e+01,2.223993e+01,2.212313e+01,2.185466e+01,2.163385e+01,2.136408e+01,2.160621e+01,2.146100e+01,2.141255e+01,2.130173e+01,2.112137e+01,2.118384e+01,2.137793e+01,2.177881e+01,2.132944e+01,2.099632e+01,2.080846e+01,2.077363e+01,2.098937e+01,2.156474e+01,2.121852e+01,2.157166e+01,2.122546e+01,2.076667e+01,2.110054e+01,2.107971e+01,2.081543e+01,2.054347e+01,2.049458e+01,2.050855e+01,2.066908e+01,2.052950e+01,2.056442e+01,2.038274e+01,2.043868e+01,2.042470e+01,2.045964e+01,2.036176e+01,2.034777e+01,2.035476e+01,2.038274e+01,2.037575e+01,2.038974e+01,2.024277e+01,2.044567e+01,2.039673e+01,2.031978e+01,2.032678e+01,2.029878e+01,2.035476e+01,2.035476e+01,2.039673e+01,2.038974e+01,2.051554e+01,2.044567e+01,2.038274e+01,2.045266e+01,2.045266e+01,2.043868e+01,2.039673e+01,2.043169e+01,2.035476e+01,2.048759e+01,2.044567e+01,2.038974e+01,2.043868e+01,2.041770e+01,2.036176e+01,2.043868e+01,2.035476e+01,2.038974e+01,2.031978e+01,2.045266e+01,2.044567e+01,2.044567e+01,2.044567e+01,2.040372e+01,2.046663e+01,2.043868e+01,2.035476e+01,2.036875e+01,2.043169e+01,2.040372e+01,2.053649e+01,2.034077e+01,2.042470e+01,2.042470e+01,2.043169e+01,2.043169e+01,2.044567e+01,2.043169e+01,2.040372e+01,2.035476e+01,2.041770e+01,2.038274e+01,2.034777e+01,2.038274e+01,2.045964e+01,2.040372e+01,2.046663e+01,2.040372e+01,2.040372e+01,2.036875e+01,2.040372e+01,2.040372e+01,2.047362e+01,2.047362e+01,2.038274e+01,2.041770e+01,2.040372e+01,2.042470e+01,2.045266e+01,2.033377e+01,2.030578e+01,2.034077e+01,2.045964e+01,2.049458e+01,2.048759e+01,2.043169e+01,2.047362e+01,2.041770e+01,2.048061e+01,2.037575e+01,2.039673e+01,2.049458e+01,2.038274e+01,2.038274e+01,2.044567e+01,2.047362e+01,2.038274e+01,2.041770e+01,2.043169e+01,2.042470e+01,2.036875e+01,2.024277e+01,2.043169e+01,2.043169e+01,2.043169e+01,2.045266e+01,2.040372e+01,2.038274e+01,2.046663e+01,2.048759e+01,2.045266e+01,2.048061e+01,2.041770e+01,2.046663e+01,2.033377e+01,2.045266e+01,2.031278e+01,2.041071e+01,2.027778e+01,2.020074e+01,1.973725e+01,1.938468e+01,1.926452e+01,1.923623e+01,1.908047e+01,1.890318e+01,1.889609e+01,1.895286e+01,1.888189e+01,1.895286e+01,1.895286e+01,1.872558e+01,1.873980e+01,1.886769e+01,1.893867e+01,1.874691e+01,1.882508e+01,1.886769e+01,1.883928e+01,1.878955e+01,1.881797e+01,1.894576e+01,1.896704e+01,1.882508e+01,1.881797e+01,1.883928e+01,1.881087e+01,1.888189e+01,1.878245e+01,1.892448e+01,1.888899e+01,1.884638e+01,1.878955e+01,1.879666e+01,1.873980e+01,1.897414e+01,1.888899e+01,1.891738e+01,1.891738e+01,1.889609e+01,1.893867e+01,1.897414e+01,1.891028e+01,1.903795e+01,1.886059e+01,1.893157e+01,1.909464e+01,1.894576e+01,1.916546e+01,1.908047e+01,1.908756e+01,1.914422e+01,1.920085e+01,1.910173e+01,1.913006e+01,1.913006e+01,1.928574e+01,1.923623e+01,1.920085e+01,1.923623e+01,1.942705e+01,1.943411e+01,1.975836e+01,2.031278e+01,2.031978e+01,2.036176e+01,2.043868e+01,2.043868e+01,2.038274e+01,2.040372e+01,2.045964e+01,2.042470e+01,2.057140e+01,2.055045e+01,2.056442e+01,2.072486e+01,2.055743e+01,2.048759e+01,2.047362e+01,2.048061e+01,2.046663e+01,2.050157e+01,2.045266e+01,2.044567e+01,2.045964e+01,2.029878e+01,2.043868e+01,2.048759e+01,2.053649e+01,2.042470e+01,2.043868e+01,2.045266e+01,2.041770e+01,2.045266e+01,2.041770e+01,2.027078e+01,2.029878e+01,1.996926e+01,1.898123e+01,1.892448e+01,1.881797e+01,1.874691e+01,1.871135e+01,1.860462e+01,1.866867e+01,1.884638e+01,1.896704e+01,1.903087e+01,1.895286e+01,1.878245e+01,1.883218e+01,1.902378e+01,1.893157e+01,1.877534e+01,1.870424e+01,1.859038e+01,1.856190e+01,1.858326e+01,1.859038e+01,1.878955e+01,1.878245e+01,1.877534e+01,1.895286e+01,1.897414e+01,1.886769e+01,1.895995e+01,1.892448e+01,1.878955e+01,1.869002e+01,1.882508e+01,1.864733e+01,1.871135e+01,1.861174e+01,1.861174e+01,1.869713e+01,1.869002e+01,1.854765e+01,1.861886e+01,1.867579e+01,1.867579e+01,1.887479e+01,1.883928e+01,1.883218e+01,1.895995e+01,1.910881e+01,1.917254e+01,1.906630e+01,1.932815e+01,1.939174e+01,1.941293e+01,1.945529e+01,1.961751e+01,1.985683e+01,2.036176e+01,2.042470e+01,2.036176e+01,2.038974e+01,2.047362e+01,2.046663e+01,2.047362e+01,2.045964e+01,2.050157e+01,2.052252e+01,2.053649e+01,2.051554e+01,2.050855e+01,2.045964e+01,2.048061e+01,2.048759e+01,2.042470e+01,2.045266e+01,2.061327e+01,2.054347e+01,2.057838e+01,2.055743e+01,2.055743e+01,2.057140e+01,2.058536e+01,2.056442e+01,2.058536e+01,2.055045e+01,2.046663e+01,2.053649e+01,2.053649e+01,2.050855e+01,2.045964e+01,2.048759e+01,2.054347e+01,2.055743e+01,2.053649e+01,2.046663e+01,2.052252e+01,2.043169e+01,2.045964e+01,2.054347e+01,2.038974e+01,2.052950e+01,2.044567e+01,2.037575e+01,2.058536e+01,2.062025e+01,2.050855e+01,2.043169e+01,2.052252e+01,2.047362e+01,2.050157e+01,2.055743e+01,2.050855e+01,2.045266e+01,2.050157e+01,2.064118e+01,2.064118e+01,2.052950e+01,2.055743e+01,2.037575e+01,2.048759e+01,2.055045e+01,2.054347e+01,2.052252e+01,2.050157e+01,2.055743e+01,2.052252e+01,2.046663e+01,2.044567e+01,2.045266e+01,2.052950e+01,2.054347e+01,2.055743e+01,2.055045e+01,2.050855e+01,2.050157e+01,2.050157e+01,2.041770e+01,2.045266e+01,2.045964e+01,2.050157e+01,2.048759e+01,2.047362e+01,2.050855e+01,2.052950e+01,2.046663e+01,2.055045e+01,2.048061e+01,2.045964e+01,2.044567e+01,2.065513e+01,2.045964e+01,2.050157e+01,2.048759e+01,2.045964e+01,2.050157e+01,2.055045e+01,2.041770e+01,2.050157e+01,2.055045e+01,2.053649e+01,2.055743e+01,2.048061e+01,2.049458e+01,2.051554e+01,2.074576e+01,2.044567e+01,2.048061e+01,2.047362e+01,2.049458e+01,2.045266e+01,2.041770e+01,2.042470e+01,2.047362e+01,2.042470e+01,2.041770e+01,2.048061e+01,2.050855e+01,2.051554e+01,2.043169e+01,2.045964e+01,2.041770e+01,2.054347e+01,2.030578e+01,2.042470e+01,2.038274e+01,2.033377e+01,2.041071e+01,2.043868e+01,2.043169e+01,2.036875e+01,2.038274e+01,2.039673e+01,2.041071e+01,2.040372e+01,2.031278e+01,2.041071e+01,2.034777e+01,2.041071e+01,2.041071e+01,2.031278e+01,2.039673e+01,2.043868e+01,2.041071e+01,2.038274e+01,2.038274e+01,2.037575e+01,2.038974e+01,2.038274e+01,2.045964e+01,2.044567e+01,2.049458e+01,2.038974e+01,2.024277e+01,2.040372e+01,2.044567e+01,2.042470e+01,2.039673e+01,2.042470e+01,2.038274e+01,2.039673e+01,2.045964e+01,2.034777e+01,2.035476e+01,2.043169e+01,2.041071e+01,2.040372e+01,2.031978e+01,2.042470e+01,2.034077e+01,2.033377e+01,2.031278e+01,2.031978e+01,2.033377e+01,2.029878e+01,2.040372e+01,2.034777e+01,2.028478e+01,2.042470e+01,2.041071e+01,2.037575e+01,2.039673e+01,2.029178e+01,2.031978e+01,2.042470e+01,2.032678e+01,2.043169e+01,2.036176e+01,2.030578e+01,2.040372e+01,2.036176e+01,2.048759e+01,2.043169e+01,2.045964e+01,2.050855e+01,2.036875e+01,2.045964e+01,2.045964e+01,2.047362e+01,2.047362e+01,2.055045e+01,2.046663e+01,2.050157e+01,2.052950e+01,2.057140e+01,2.055743e+01,2.053649e+01,2.055743e+01,2.044567e+01,2.045266e+01,2.051554e+01,2.047362e+01,2.047362e+01,2.044567e+01,2.055045e+01,2.045964e+01,2.052252e+01,2.043169e+01,2.043169e+01,2.041770e+01,2.046663e+01,2.051554e+01,2.050855e+01,2.044567e+01,2.049458e+01,2.040372e+01,2.038974e+01,2.052950e+01,2.065513e+01,2.045266e+01,2.045964e+01,2.050855e+01,2.053649e+01,2.052252e+01,2.055743e+01,2.041071e+01,2.053649e+01,2.053649e+01,2.037575e+01,2.041770e+01,2.044567e+01,2.057140e+01,2.038274e+01,2.041770e+01,2.041071e+01,2.043868e+01,2.031278e+01,2.039673e+01,2.035476e+01,2.040372e+01,2.029878e+01,2.029878e+01,2.024977e+01,2.045266e+01,2.023577e+01,2.031978e+01
2.023577e+01,2.023577e+01,2.024277e+01,2.020074e+01,2.018673e+01,2.024277e+01,2.016570e+01,2.021475e+01,2.028478e+01,2.008857e+01,2.026378e+01,2.028478e+01,2.021475e+01,2.027078e+01,2.009559e+01,2.016570e+01,2.010260e+01,2.009559e+01,2.013065e+01,2.020074e+01,2.021475e+01,2.018673e+01,2.009559e+01,2.029878e+01,2.022176e+01,2.015168e+01,2.028478e+01,2.020774e+01,2.015869e+01,2.022876e+01,2.021475e+01,2.024977e+01,2.029178e+01,2.010961e+01,2.033377e+01,2.036176e+01,2.053649e+01,2.032678e+01,2.052252e+01,2.066908e+01,2.055743e+01,2.073182e+01,2.072486e+01,2.082239e+01,2.075273e+01,2.081543e+01,2.076667e+01,2.071091e+01,2.088504e+01,2.075970e+01,2.069697e+01,2.053649e+01,2.038274e+01,2.044567e+01,2.042470e+01,2.072486e+01,2.107276e+01,2.138486e+01,2.129479e+01,2.152326e+01,2.164075e+01,2.159239e+01,2.162003e+01,2.161312e+01,2.127400e+01,2.149559e+01,2.150251e+01,2.221246e+01,2.166147e+01,2.190290e+01,2.220559e+01,2.198554e+01,2.192356e+01,2.177191e+01,2.177881e+01,2.200619e+01,2.192356e+01,2.219872e+01,2.188912e+01,2.143332e+01,2.137101e+01,2.183398e+01,2.190979e+01,2.153017e+01,2.150251e+01,2.129479e+01,2.102413e+01,2.105887e+01,2.118384e+01,2.177881e+01,2.114220e+01,2.113526e+01,2.098242e+01,2.090592e+01,2.091287e+01,2.110748e+01,2.135715e+01,2.205436e+01,2.248685e+01,2.166147e+01,2.118384e+01,2.135715e+01,2.083632e+01,2.098937e+01,2.055743e+01,2.051554e+01,2.050157e+01,2.059932e+01,2.040372e+01,2.050157e+01,2.036176e+01,2.027078e+01,2.035476e+01,2.032678e+01,2.022876e+01,2.033377e+01,2.031978e+01,2.037575e+01,2.037575e+01,2.039673e+01,2.035476e+01,2.020774e+01,2.034777e+01,2.034777e+01,2.037575e+01,2.028478e+01,2.034777e+01,2.045266e+01,2.040372e+01,2.039673e+01,2.036875e+01,2.036875e+01,2.037575e+01,2.025677e+01,2.036875e+01,2.045964e+01,2.047362e+01,2.034777e+01,2.034077e+01,2.035476e+01,2.036875e+01,2.034777e+01,2.042470e+01,2.024977e+01,2.035476e+01,2.045964e+01,2.041770e+01,2.035476e+01,2.040372e+01,2.042470e+01,2.034077e+01,2.034777e+01,2.034077e+01,2.038274e+01,2.050157e+01,2.041071e+01,2.036875e+01,2.033377e+01,2.041770e+01,2.052252e+01,2.036875e+01,2.031978e+01,2.045266e+01,2.035476e+01,2.043868e+01,2.041770e+01,2.040372e+01,2.036875e+01,2.034077e+01,2.043868e+01,2.036875e+01,2.035476e+01,2.040372e+01,2.042470e+01,2.041071e+01,2.039673e+01,2.045964e+01,2.037575e+01,2.032678e+01,2.048061e+01,2.025677e+01,2.042470e+01,2.041071e+01,2.038274e+01,2.035476e+01,2.041071e+01,2.046663e+01,2.048061e+01,2.033377e+01,2.034077e+01,2.057140e+01,2.049458e+01,2.035476e+01,2.038974e+01,2.057140e+01,2.038974e+01,2.033377e+01,2.040372e+01,2.043169e+01,2.037575e+01,2.034777e+01,2.042470e+01,2.038274e+01,2.038274e+01,2.048061e+01,2.045266e+01,2.034077e+01,2.043868e+01,2.038274e+01,2.036875e+01,2.041770e+01,2.038274e+01,2.039673e+01,2.038274e+01,2.043169e+01,2.041770e+01,2.037575e+01,2.036875e+01,2.031278e+01,2.047362e+01,2.046663e+01,2.033377e+01,2.036875e+01,2.049458e+01,2.032678e+01,2.030578e+01,2.030578e+01,2.039673e+01,2.025677e+01,2.003946e+01,1.933522e+01,1.921501e+01,1.903087e+01,1.888899e+01,1.886769e+01,1.886059e+01,1.881797e+01,1.888189e+01,1.887479e+01,1.881797e+01,1.886769e+01,1.872558e+01,1.883928e+01,1.870424e+01,1.876112e+01,1.872558e+01,1.876823e+01,1.874691e+01,1.881087e+01,1.885349e+01,1.888899e+01,1.885349e+01,1.880376e+01,1.883218e+01,1.881797e+01,1.883928e+01,1.883928e+01,1.871135e+01,1.878245e+01,1.878245e+01,1.893867e+01,1.861174e+01,1.876112e+01,1.871135e+01,1.878955e+01,1.870424e+01,1.876112e+01,1.895286e+01,1.910173e+01,1.910173e+01,1.903795e+01,1.912298e+01,1.898123e+01,1.905922e+01,1.897414e+01,1.897414e+01,1.899541e+01,1.901669e+01,1.908047e+01,1.892448e+01,1.902378e+01,1.901669e+01,1.917962e+01,1.910881e+01,1.913006e+01,1.917254e+01,1.926452e+01,1.917254e+01,1.920085e+01,1.930695e+01,1.942705e+01,1.996926e+01,2.030578e+01,2.031978e+01,2.038274e+01,2.040372e+01,2.050855e+01,2.040372e+01,2.043169e+01,2.036176e+01,2.042470e+01,2.049458e+01,2.050157e+01,2.058536e+01,2.054347e+01,2.057140e+01,2.052950e+01,2.047362e+01,2.056442e+01,2.039673e+01,2.041770e+01,2.048759e+01,2.041770e+01,2.031278e+01,2.030578e+01,2.038274e+01,2.031978e+01,2.043868e+01,2.046663e+01,2.029178e+01,2.045266e+01,2.042470e+01,2.042470e+01,2.038274e+01,2.029878e+01,2.040372e+01,1.995521e+01,1.927867e+01,1.893157e+01,1.883928e+01,1.866867e+01,1.861886e+01,1.867579e+01,1.868290e+01,1.871135e+01,1.897414e+01,1.895995e+01,1.899541e+01,1.898123e+01,1.883218e+01,1.903087e+01,1.898123e+01,1.886769e+01,1.878955e+01,1.871135e+01,1.857614e+01,1.854765e+01,1.858326e+01,1.862598e+01,1.876823e+01,1.872558e+01,1.870424e+01,1.871847e+01,1.886059e+01,1.879666e+01,1.881797e+01,1.876112e+01,1.888899e+01,1.877534e+01,1.886769e+01,1.864733e+01,1.871847e+01,1.867579e+01,1.856190e+01,1.863309e+01,1.864733e+01,1.868290e+01,1.873980e+01,1.869713e+01,1.868290e+01,1.871847e+01,1.883218e+01,1.892448e+01,1.901669e+01,1.895995e+01,1.924331e+01,1.929988e+01,1.916546e+01,1.925038e+01,1.931402e+01,1.944118e+01,1.965274e+01,1.986386e+01,2.023577e+01,2.031278e+01,2.048061e+01,2.048061e+01,2.048061e+01,2.048061e+01,2.040372e+01,2.057838e+01,2.047362e+01,2.052950e+01,2.038274e+01,2.049458e+01,2.048759e+01,2.048061e+01,2.042470e+01,2.044567e+01,2.062025e+01,2.058536e+01,2.062723e+01,2.057838e+01,2.055045e+01,2.056442e+01,2.044567e+01,2.057140e+01,2.055743e+01,2.057140e+01,2.044567e+01,2.045964e+01,2.045266e+01,2.050157e+01,2.046663e+01,2.052252e+01,2.053649e+01,2.047362e+01,2.056442e+01,2.052252e+01,2.043868e+01,2.044567e+01,2.049458e+01,2.060629e+01,2.050157e+01,2.049458e+01,2.045964e+01,2.054347e+01,2.052950e+01,2.057140e+01,2.045266e+01,2.036875e+01,2.037575e+01,2.050157e+01,2.048759e+01,2.047362e+01,2.048061e+01,2.046663e+01,2.048759e+01,2.039673e+01,2.066908e+01,2.043868e+01,2.058536e+01,2.052950e+01,2.044567e+01,2.052252e+01,2.051554e+01,2.049458e+01,2.049458e+01,2.052252e+01,2.049458e+01,2.050855e+01,2.048061e+01,2.041770e+01,2.053649e+01,2.041770e+01,2.050157e+01,2.049458e+01,2.061327e+01,2.052252e+01,2.055045e+01,2.042470e+01,2.042470e+01,2.048759e+01,2.044567e+01,2.050157e+01,2.047362e+01,2.049458e+01,2.044567e+01,2.045964e+01,2.042470e+01,2.050157e+01,2.050157e+01,2.049458e+01,2.044567e+01,2.045964e+01,2.046663e+01,2.048759e+01,2.048061e+01,2.048759e+01,2.050157e+01,2.043868e+01,2.055045e+01,2.045266e+01,2.047362e+01,2.045266e+01,2.046663e+01,2.051554e+01,2.051554e+01,2.050855e+01,2.041770e+01,2.048759e+01,2.066211e+01,2.042470e+01,2.047362e+01,2.047362e+01,2.025677e+01,2.043169e+01,2.057140e+01,2.048759e+01,2.048759e+01,2.038974e+01,2.041071e+01,2.044567e+01,2.040372e+01,2.047362e+01,2.041770e+01,2.042470e+01,2.040372e+01,2.040372e+01,2.040372e+01,2.037575e+01,2.029178e+01,2.040372e+01,2.031978e+01,2.037575e+01,2.039673e+01,2.042470e+01,2.039673e+01,2.038974e+01,2.043868e+01,2.042470e+01,2.029178e+01,2.036875e+01,2.037575e+01,2.036176e+01,2.035476e+01,2.036176e+01,2.034077e+01,2.034777e+01,2.037575e+01,2.036875e+01,2.036875e+01,2.036176e+01,2.034777e+01,2.032678e+01,2.048759e+01,2.035476e+01,2.039673e+01,2.043169e+01,2.043169e+01,2.044567e+01,2.043868e+01,2.033377e+01,2.038974e+01,2.034077e+01,2.062025e+01,2.034077e+01,2.031278e+01,2.036176e+01,2.032678e+01,2.038274e+01,2.036875e+01,2.039673e+01,2.039673e+01,2.038974e+01,2.032678e+01,2.025677e+01,2.029878e+01,2.034777e+01,2.024277e+01,2.026378e+01,2.022876e+01,2.030578e+01,2.039673e+01,2.036176e+01,2.034777e+01,2.036176e+01,2.028478e+01,2.029878e+01,2.030578e+01,2.041770e+01,2.034777e+01,2.034777e+01,2.036875e+01,2.030578e+01,2.034077e+01,2.031278e+01,2.047362e+01,2.052252e+01,2.047362e+01,2.034077e+01,2.038274e+01,2.050157e+01,2.050855e+01,2.064118e+01,2.048759e+01,2.040372e+01,2.041071e+01,2.054347e+01,2.045964e+01,2.048061e+01,2.051554e+01,2.059932e+01,2.037575e+01,2.053649e+01,2.054347e+01,2.043868e+01,2.045964e+01,2.044567e+01,2.046663e+01,2.043169e+01,2.041071e+01,2.055045e+01,2.031978e+01,2.045266e+01,2.048759e+01,2.038274e+01,2.053649e+01,2.047362e+01,2.035476e+01,2.045964e+01,2.055045e+01,2.040372e+01,2.041071e+01,2.043868e+01,2.027778e+01,2.041071e+01,2.050855e+01,2.048061e+01,2.040372e+01,2.051554e+01,2.055045e+01,2.045964e+01,2.041770e+01,2.035476e+01,2.043868e+01,2.038974e+01,2.039673e+01,2.031278e+01,2.037575e+01,2.029878e+01,2.038274e+01,2.036875e+01,2.035476e+01,2.043169e+01,2.035476e+01,2.028478e+01,2.029178e+01,2.008156e+01,2.030578e+01
2.029878e+01,2.025677e+01,2.036875e+01,2.028478e+01,2.024977e+01,2.019373e+01,2.020774e+01,2.024977e+01,2.016570e+01,2.017271e+01,2.020774e+01,2.026378e+01,2.018673e+01,2.008857e+01,2.015869e+01,2.026378e+01,2.010260e+01,2.010260e+01,2.024977e+01,2.031278e+01,2.013065e+01,2.016570e+01,2.024977e+01,2.012364e+01,2.024277e+01,2.020774e+01,2.025677e+01,2.024977e+01,2.018673e+01,2.022176e+01,2.041071e+01,2.022876e+01,2.023577e+01,2.015168e+01,2.027078e+01,2.047362e+01,2.022876e+01,2.029878e+01,2.048061e+01,2.049458e+01,2.053649e+01,2.048759e+01,2.078060e+01,2.068303e+01,2.071091e+01,2.079453e+01,2.087112e+01,2.076667e+01,2.078060e+01,2.080846e+01,2.064118e+01,2.063420e+01,2.064816e+01,2.064118e+01,2.064816e+01,2.073879e+01,2.075273e+01,2.095461e+01,2.102413e+01,2.124627e+01,2.152326e+01,2.166838e+01,2.168909e+01,2.213000e+01,2.191668e+01,2.170980e+01,2.196489e+01,2.247315e+01,2.196489e+01,2.189601e+01,2.162694e+01,2.172361e+01,2.223307e+01,2.223307e+01,2.222620e+01,2.211625e+01,2.187534e+01,2.155783e+01,2.155783e+01,2.155092e+01,2.162694e+01,2.164075e+01,2.173051e+01,2.160621e+01,2.159239e+01,2.128786e+01,2.132252e+01,2.111443e+01,2.112137e+01,2.208875e+01,2.216437e+01,2.139178e+01,2.108665e+01,2.121852e+01,2.094765e+01,2.107971e+01,2.167528e+01,2.237032e+01,2.273317e+01,2.195800e+01,2.153709e+01,2.112137e+01,2.135023e+01,2.141948e+01,2.119771e+01,2.066211e+01,2.064118e+01,2.036176e+01,2.043169e+01,2.031978e+01,2.044567e+01,2.027778e+01,2.036176e+01,2.035476e+01,2.031278e+01,2.020774e+01,2.034777e+01,2.043868e+01,2.036875e+01,2.048759e+01,2.038274e+01,2.029878e+01,2.036875e+01,2.030578e+01,2.033377e+01,2.041770e+01,2.036176e+01,2.039673e+01,2.050157e+01,2.034777e+01,2.027078e+01,2.041770e+01,2.043169e+01,2.045964e+01,2.044567e+01,2.043868e+01,2.034077e+01,2.046663e+01,2.036875e+01,2.047362e+01,2.058536e+01,2.037575e+01,2.022876e+01,2.031978e+01,2.032678e+01,2.040372e+01,2.047362e+01,2.031978e+01,2.044567e+01,2.046663e+01,2.034777e+01,2.031978e+01,2.033377e+01,2.035476e+01,2.034077e+01,2.031978e+01,2.048759e+01,2.031278e+01,2.031978e+01,2.039673e+01,2.045266e+01,2.043868e+01,2.042470e+01,2.041770e+01,2.039673e+01,2.048061e+01,2.036176e+01,2.046663e+01,2.048759e+01,2.041071e+01,2.039673e+01,2.040372e+01,2.040372e+01,2.039673e+01,2.040372e+01,2.038274e+01,2.029878e+01,2.036875e+01,2.034777e+01,2.022876e+01,2.058536e+01,2.049458e+01,2.033377e+01,2.039673e+01,2.045266e+01,2.047362e+01,2.044567e+01,2.040372e+01,2.054347e+01,2.031978e+01,2.057838e+01,2.032678e+01,2.033377e+01,2.029878e+01,2.029178e+01,2.038274e+01,2.039673e+01,2.044567e+01,2.035476e+01,2.038974e+01,2.043868e+01,2.043868e+01,2.050855e+01,2.038974e+01,2.043868e+01,2.043169e+01,2.030578e+01,2.034777e+01,2.052950e+01,2.031978e+01,2.043868e+01,2.038974e+01,2.050855e+01,2.035476e+01,2.039673e+01,2.052950e+01,2.041770e+01,2.034077e+01,2.030578e+01,2.041770e+01,2.026378e+01,2.041770e+01,2.021475e+01,2.037575e+01,2.031278e+01,2.031978e+01,2.029878e+01,2.029178e+01,2.029178e+01,2.008156e+01,1.934936e+01,1.920085e+01,1.889609e+01,1.872558e+01,1.873269e+01,1.877534e+01,1.891028e+01,1.883928e+01,1.886769e+01,1.884638e+01,1.879666e+01,1.882508e+01,1.875401e+01,1.873980e+01,1.878955e+01,1.874691e+01,1.880376e+01,1.887479e+01,1.879666e+01,1.881797e+01,1.866867e+01,1.883218e+01,1.883928e+01,1.882508e+01,1.881797e+01,1.878955e+01,1.872558e+01,1.878245e+01,1.874691e+01,1.888189e+01,1.886769e+01,1.880376e+01,1.878245e+01,1.878245e+01,1.884638e+01,1.888899e+01,1.881087e+01,1.895286e+01,1.917254e+01,1.910881e+01,1.906630e+01,1.909464e+01,1.912298e+01,1.902378e+01,1.906630e+01,1.912298e+01,1.908047e+01,1.905213e+01,1.914422e+01,1.911590e+01,1.899541e+01,1.899541e+01,1.905922e+01,1.922916e+01,1.920085e+01,1.911590e+01,1.916546e+01,1.925038e+01,1.944118e+01,1.943411e+01,1.976540e+01,1.999033e+01,2.023577e+01,2.032678e+01,2.032678e+01,2.031278e+01,2.045266e+01,2.044567e+01,2.045266e+01,2.037575e+01,2.045266e+01,2.050855e+01,2.055743e+01,2.055045e+01,2.057140e+01,2.049458e+01,2.052252e+01,2.050855e+01,2.049458e+01,2.040372e+01,2.041071e+01,2.034777e+01,2.032678e+01,2.041770e+01,2.039673e+01,2.042470e+01,2.044567e+01,2.041770e+01,2.036176e+01,2.045266e+01,2.045266e+01,2.041071e+01,2.042470e+01,2.043169e+01,2.045964e+01,2.041770e+01,2.026378e+01,1.938468e+01,1.898832e+01,1.873980e+01,1.872558e+01,1.868290e+01,1.864021e+01,1.854765e+01,1.859038e+01,1.881797e+01,1.898123e+01,1.900960e+01,1.899541e+01,1.900960e+01,1.880376e+01,1.898832e+01,1.906630e+01,1.905922e+01,1.890318e+01,1.877534e+01,1.863309e+01,1.859750e+01,1.861174e+01,1.862598e+01,1.864021e+01,1.870424e+01,1.864733e+01,1.900251e+01,1.865444e+01,1.865444e+01,1.881087e+01,1.877534e+01,1.886769e+01,1.897414e+01,1.874691e+01,1.866156e+01,1.860462e+01,1.871135e+01,1.878245e+01,1.870424e+01,1.871847e+01,1.864733e+01,1.877534e+01,1.883218e+01,1.868290e+01,1.889609e+01,1.899541e+01,1.894576e+01,1.896704e+01,1.917254e+01,1.930695e+01,1.932815e+01,1.919378e+01,1.932109e+01,1.933522e+01,1.951880e+01,1.950469e+01,1.984980e+01,1.984277e+01,2.033377e+01,2.043868e+01,2.036176e+01,2.050855e+01,2.045266e+01,2.039673e+01,2.050855e+01,2.052950e+01,2.039673e+01,2.047362e+01,2.050855e+01,2.042470e+01,2.043169e+01,2.053649e+01,2.047362e+01,2.052252e+01,2.050157e+01,2.059932e+01,2.055045e+01,2.045964e+01,2.045964e+01,2.045964e+01,2.055743e+01,2.057838e+01,2.041770e+01,2.061327e+01,2.049458e+01,2.043169e+01,2.046663e+01,2.045964e+01,2.039673e+01,2.051554e+01,2.055045e+01,2.050855e+01,2.044567e+01,2.043868e+01,2.048061e+01,2.046663e+01,2.051554e+01,2.047362e+01,2.048759e+01,2.045964e+01,2.052252e+01,2.048061e+01,2.041770e+01,2.034077e+01,2.048759e+01,2.044567e+01,2.050855e+01,2.036875e+01,2.049458e+01,2.048759e+01,2.045964e+01,2.046663e+01,2.051554e+01,2.048759e+01,2.055045e+01,2.053649e+01,2.049458e+01,2.050157e+01,2.048759e+01,2.052950e+01,2.043868e+01,2.042470e+01,2.047362e+01,2.045266e+01,2.054347e+01,2.062723e+01,2.060629e+01,2.044567e+01,2.048759e+01,2.065513e+01,2.050157e+01,2.052252e+01,2.036875e+01,2.048759e+01,2.041770e+01,2.048759e+01,2.051554e+01,2.038974e+01,2.045266e+01,2.053649e+01,2.052950e+01,2.052950e+01,2.047362e+01,2.062723e+01,2.045964e+01,2.055045e+01,2.062723e+01,2.048061e+01,2.052252e+01,2.048061e+01,2.050157e+01,2.049458e+01,2.047362e+01,2.042470e+01,2.047362e+01,2.052950e+01,2.047362e+01,2.046663e+01,2.056442e+01,2.042470e+01,2.052252e+01,2.052950e+01,2.048061e+01,2.046663e+01,2.045266e+01,2.048061e+01,2.050157e+01,2.036875e+01,2.044567e+01,2.060629e+01,2.041770e+01,2.041071e+01,2.036176e+01,2.038274e+01,2.036875e+01,2.045266e+01,2.038274e+01,2.043868e+01,2.042470e+01,2.041071e+01,2.039673e+01,2.037575e+01,2.043868e+01,2.041071e+01,2.043868e+01,2.037575e+01,2.038274e+01,2.033377e+01,2.036875e+01,2.039673e+01,2.043169e+01,2.041071e+01,2.043169e+01,2.041071e+01,2.025677e+01,2.036875e+01,2.038274e+01,2.037575e+01,2.032678e+01,2.038274e+01,2.035476e+01,2.036875e+01,2.037575e+01,2.036875e+01,2.036875e+01,2.042470e+01,2.032678e+01,2.025677e+01,2.034077e+01,2.038274e+01,2.020774e+01,2.043868e+01,2.044567e+01,2.030578e+01,2.050855e+01,2.038974e+01,2.034777e+01,2.031978e+01,2.038974e+01,2.033377e+01,2.048061e+01,2.031978e+01,2.036176e+01,2.037575e+01,2.039673e+01,2.041071e+01,2.037575e+01,2.020074e+01,2.022876e+01,2.031978e+01,2.022176e+01,2.027078e+01,2.034777e+01,2.038274e+01,2.043868e+01,2.029178e+01,2.025677e+01,2.031278e+01,2.030578e+01,2.029878e+01,2.032678e+01,2.043868e+01,2.033377e+01,2.031978e+01,2.029178e+01,2.031278e+01,2.036176e+01,2.033377e+01,2.034077e+01,2.043868e+01,2.037575e+01,2.044567e+01,2.046663e+01,2.047362e+01,2.034077e+01,2.045266e+01,2.055045e+01,2.057140e+01,2.052252e+01,2.029178e+01,2.057838e+01,2.056442e+01,2.046663e+01,2.037575e+01,2.050855e+01,2.043868e+01,2.049458e+01,2.053649e+01,2.057140e+01,2.049458e+01,2.045266e+01,2.052252e+01,2.045964e+01,2.050855e+01,2.055045e+01,2.041071e+01,2.048759e+01,2.048061e+01,2.045964e+01,2.049458e+01,2.050855e+01,2.036875e+01,2.038974e+01,2.043868e+01,2.054347e+01,2.042470e+01,2.051554e+01,2.050157e+01,2.050157e+01,2.048061e+01,2.046663e+01,2.044567e+01,2.045964e+01,2.034777e+01,2.049458e+01,2.049458e+01,2.051554e+01,2.050855e+01,2.036875e+01,2.055045e+01,2.037575e+01,2.043868e+01,2.053649e+01,2.041770e+01,2.044567e+01,2.042470e+01,2.035476e+01,2.043169e+01,2.038274e+01,2.010961e+01,2.034077e+01,2.029878e+01,2.024977e+01
2.024277e+01,2.024977e+01,2.026378e+01,2.024277e+01,2.024977e+01,2.022876e+01,2.012364e+01,2.017972e+01,2.022876e+01,2.025677e+01,2.013766e+01,2.017972e+01,2.022176e+01,2.019373e+01,2.013766e+01,2.013065e+01,2.015869e+01,2.009559e+01,2.015869e+01,2.008857e+01,2.027078e+01,2.008156e+01,2.012364e+01,2.008857e+01,2.027778e+01,2.022876e+01,2.015869e+01,2.026378e+01,2.015168e+01,2.005350e+01,2.008156e+01,2.017972e+01,2.022176e+01,2.015168e+01,2.011663e+01,2.013766e+01,2.024277e+01,2.032678e+01,2.024277e+01,2.013065e+01,2.020074e+01,2.046663e+01,2.048061e+01,2.040372e+01,2.058536e+01,2.062025e+01,2.064118e+01,2.071789e+01,2.072486e+01,2.053649e+01,2.064816e+01,2.070394e+01,2.071091e+01,2.070394e+01,2.067605e+01,2.063420e+01,2.072486e+01,2.065513e+01,2.079453e+01,2.085024e+01,2.121159e+01,2.151634e+01,2.148176e+01,2.217124e+01,2.166838e+01,2.183398e+01,2.222620e+01,2.300617e+01,2.297890e+01,2.245944e+01,2.225367e+01,2.217811e+01,2.238404e+01,2.221933e+01,2.219872e+01,2.253479e+01,2.219185e+01,2.193734e+01,2.153709e+01,2.153017e+01,2.153017e+01,2.158548e+01,2.162003e+01,2.142640e+01,2.126013e+01,2.124627e+01,2.105192e+01,2.109360e+01,2.112137e+01,2.112831e+01,2.151634e+01,2.150943e+01,2.150943e+01,2.111443e+01,2.104497e+01,2.132944e+01,2.166147e+01,2.163385e+01,2.164766e+01,2.125320e+01,2.108665e+01,2.091983e+01,2.103802e+01,2.126013e+01,2.122546e+01,2.120465e+01,2.082239e+01,2.063420e+01,2.045266e+01,2.045266e+01,2.033377e+01,2.043868e+01,2.027078e+01,2.033377e+01,2.038274e+01,2.030578e+01,2.038274e+01,2.024977e+01,2.035476e+01,2.039673e+01,2.029178e+01,2.032678e+01,2.036875e+01,2.031278e+01,2.034077e+01,2.040372e+01,2.016570e+01,2.032678e+01,2.034777e+01,2.039673e+01,2.042470e+01,2.042470e+01,2.038974e+01,2.027778e+01,2.045266e+01,2.033377e+01,2.033377e+01,2.036176e+01,2.037575e+01,2.042470e+01,2.034777e+01,2.040372e+01,2.031278e+01,2.041770e+01,2.036176e+01,2.035476e+01,2.040372e+01,2.043169e+01,2.041770e+01,2.031978e+01,2.043169e+01,2.041071e+01,2.032678e+01,2.037575e+01,2.034777e+01,2.033377e+01,2.041071e+01,2.041770e+01,2.034077e+01,2.035476e+01,2.043169e+01,2.041071e+01,2.044567e+01,2.041071e+01,2.035476e+01,2.036176e+01,2.038274e+01,2.038974e+01,2.041770e+01,2.041770e+01,2.038974e+01,2.039673e+01,2.036176e+01,2.042470e+01,2.036176e+01,2.043169e+01,2.042470e+01,2.038974e+01,2.038974e+01,2.035476e+01,2.035476e+01,2.041071e+01,2.038274e+01,2.048061e+01,2.038274e+01,2.034077e+01,2.041071e+01,2.038274e+01,2.050157e+01,2.032678e+01,2.034077e+01,2.034777e+01,2.036176e+01,2.036176e+01,2.034077e+01,2.040372e+01,2.042470e+01,2.053649e+01,2.039673e+01,2.036875e+01,2.036875e+01,2.038974e+01,2.048759e+01,2.044567e+01,2.047362e+01,2.041770e+01,2.034777e+01,2.033377e+01,2.033377e+01,2.043169e+01,2.031978e+01,2.052950e+01,2.052252e+01,2.037575e+01,2.052950e+01,2.050157e+01,2.047362e+01,2.035476e+01,2.034077e+01,2.035476e+01,2.031278e+01,2.032678e+01,2.033377e+01,2.036176e+01,2.034777e+01,2.034777e+01,2.032678e+01,2.029878e+01,2.016570e+01,2.005350e+01,1.922916e+01,1.906630e+01,1.889609e+01,1.887479e+01,1.864021e+01,1.860462e+01,1.873980e+01,1.883218e+01,1.882508e+01,1.876823e+01,1.875401e+01,1.876823e+01,1.878955e+01,1.873980e+01,1.871135e+01,1.866156e+01,1.856190e+01,1.883928e+01,1.876112e+01,1.886059e+01,1.882508e+01,1.879666e+01,1.854765e+01,1.883218e+01,1.878955e+01,1.878245e+01,1.876823e+01,1.871847e+01,1.873269e+01,1.890318e+01,1.883928e+01,1.874691e+01,1.878245e+01,1.889609e+01,1.884638e+01,1.894576e+01,1.895286e+01,1.892448e+01,1.915838e+01,1.905213e+01,1.913714e+01,1.907339e+01,1.898123e+01,1.904504e+01,1.898832e+01,1.912298e+01,1.915130e+01,1.912298e+01,1.907339e+01,1.910173e+01,1.900960e+01,1.905213e+01,1.900960e+01,1.916546e+01,1.916546e+01,1.914422e+01,1.915130e+01,1.924331e+01,1.922916e+01,1.945529e+01,1.952586e+01,1.998330e+01,2.017972e+01,2.019373e+01,2.041071e+01,2.043169e+01,2.039673e+01,2.041071e+01,2.034777e+01,2.048759e+01,2.051554e+01,2.050157e+01,2.057140e+01,2.052950e+01,2.051554e+01,2.057838e+01,2.057838e+01,2.057140e+01,2.052252e+01,2.036176e+01,2.038274e+01,2.042470e+01,2.041071e+01,2.041071e+01,2.036875e+01,2.048061e+01,2.045266e+01,2.041071e+01,2.047362e+01,2.041770e+01,2.031978e+01,2.043868e+01,2.041770e+01,2.042470e+01,2.025677e+01,2.029878e+01,2.025677e+01,1.956112e+01,1.898832e+01,1.874691e+01,1.868290e+01,1.854053e+01,1.858326e+01,1.857614e+01,1.861886e+01,1.867579e+01,1.894576e+01,1.898832e+01,1.893157e+01,1.886059e+01,1.898832e+01,1.893157e+01,1.893157e+01,1.891028e+01,1.887479e+01,1.886769e+01,1.885349e+01,1.880376e+01,1.881797e+01,1.867579e+01,1.866156e+01,1.863309e+01,1.873980e+01,1.888899e+01,1.867579e+01,1.866867e+01,1.878245e+01,1.858326e+01,1.866156e+01,1.891028e+01,1.868290e+01,1.885349e+01,1.878245e+01,1.881797e+01,1.871847e+01,1.860462e+01,1.869713e+01,1.867579e+01,1.864733e+01,1.855477e+01,1.876823e+01,1.866867e+01,1.874691e+01,1.897414e+01,1.894576e+01,1.896704e+01,1.902378e+01,1.917254e+01,1.929281e+01,1.916546e+01,1.933522e+01,1.942705e+01,1.951880e+01,1.949058e+01,1.984980e+01,2.019373e+01,2.042470e+01,2.033377e+01,2.039673e+01,2.038974e+01,2.049458e+01,2.051554e+01,2.050855e+01,2.037575e+01,2.046663e+01,2.045266e+01,2.050157e+01,2.045266e+01,2.047362e+01,2.058536e+01,2.058536e+01,2.048061e+01,2.052950e+01,2.047362e+01,2.052950e+01,2.058536e+01,2.059932e+01,2.047362e+01,2.057140e+01,2.057140e+01,2.050855e+01,2.050855e+01,2.054347e+01,2.046663e+01,2.053649e+01,2.048061e+01,2.057140e+01,2.041071e+01,2.052252e+01,2.046663e+01,2.045266e+01,2.046663e+01,2.045964e+01,2.047362e+01,2.046663e+01,2.050157e+01,2.037575e+01,2.053649e+01,2.047362e+01,2.046663e+01,2.045266e+01,2.053649e+01,2.042470e+01,2.050157e+01,2.048759e+01,2.048759e+01,2.039673e+01,2.048061e+01,2.049458e+01,2.052950e+01,2.052252e+01,2.053649e+01,2.046663e+01,2.054347e+01,2.053649e+01,2.039673e+01,2.038974e+01,2.052950e+01,2.039673e+01,2.038974e+01,2.051554e+01,2.050157e+01,2.046663e+01,2.055743e+01,2.045266e+01,2.045964e+01,2.050855e+01,2.034077e+01,2.050855e+01,2.034077e+01,2.057140e+01,2.048759e+01,2.053649e+01,2.052950e+01,2.044567e+01,2.052252e+01,2.054347e+01,2.052950e+01,2.050855e+01,2.048061e+01,2.048759e+01,2.047362e+01,2.046663e+01,2.051554e+01,2.046663e+01,2.045964e+01,2.042470e+01,2.047362e+01,2.048759e+01,2.046663e+01,2.043868e+01,2.051554e+01,2.050157e+01,2.039673e+01,2.042470e+01,2.050855e+01,2.047362e+01,2.044567e+01,2.043169e+01,2.050157e+01,2.045266e+01,2.048759e+01,2.051554e+01,2.051554e+01,2.060629e+01,2.040372e+01,2.051554e+01,2.043169e+01,2.043868e+01,2.043868e+01,2.039673e+01,2.038274e+01,2.044567e+01,2.050855e+01,2.039673e+01,2.029878e+01,2.042470e+01,2.040372e+01,2.040372e+01,2.039673e+01,2.038274e+01,2.038974e+01,2.030578e+01,2.033377e+01,2.031978e+01,2.030578e+01,2.037575e+01,2.040372e+01,2.053649e+01,2.024977e+01,2.036875e+01,2.030578e+01,2.039673e+01,2.043868e+01,2.031278e+01,2.037575e+01,2.032678e+01,2.031278e+01,2.035476e+01,2.036875e+01,2.035476e+01,2.043868e+01,2.028478e+01,2.035476e+01,2.035476e+01,2.038274e+01,2.035476e+01,2.046663e+01,2.022876e+01,2.041770e+01,2.043868e+01,2.030578e+01,2.033377e+01,2.036875e+01,2.032678e+01,2.042470e+01,2.037575e+01,2.032678e+01,2.039673e+01,2.034077e+01,2.038274e+01,2.033377e+01,2.036875e+01,2.037575e+01,2.038974e+01,2.042470e+01,2.041770e+01,2.027778e+01,2.024277e+01,2.034077e+01,2.030578e+01,2.027078e+01,2.027078e+01,2.037575e+01,2.026378e+01,2.028478e+01,2.037575e+01,2.015869e+01,2.029178e+01,2.031278e+01,2.033377e+01,2.038974e+01,2.029178e+01,2.033377e+01,2.046663e+01,2.032678e+01,2.033377e+01,2.034077e+01,2.036875e+01,2.045266e+01,2.055743e+01,2.057838e+01,2.049458e+01,2.050157e+01,2.051554e+01,2.045964e+01,2.057838e+01,2.055045e+01,2.057140e+01,2.059234e+01,2.047362e+01,2.042470e+01,2.048061e+01,2.050157e+01,2.041770e+01,2.046663e+01,2.049458e+01,2.041071e+01,2.045964e+01,2.052252e+01,2.054347e+01,2.043169e+01,2.050855e+01,2.050855e+01,2.046663e+01,2.045964e+01,2.030578e+01,2.062025e+01,2.038974e+01,2.040372e+01,2.038274e+01,2.045964e+01,2.031978e+01,2.041770e+01,2.036176e+01,2.046663e+01,2.044567e+01,2.045266e+01,2.050855e+01,2.049458e+01,2.051554e+01,2.042470e+01,2.050855e+01,2.041770e+01,2.037575e+01,2.036875e+01,2.034777e+01,2.035476e+01,2.035476e+01,2.040372e+01,2.040372e+01,2.038274e+01,2.052252e+01,2.042470e+01,2.037575e+01,2.037575e+01,2.033377e+01,2.020774e+01,2.026378e+01,2.036176e+01
2.025677e+01,2.017972e+01,2.017972e+01,2.023577e+01,2.019373e+01,2.024277e+01,2.014467e+01,2.017271e+01,2.022876e+01,2.016570e+01,2.016570e+01,2.021475e+01,2.019373e+01,2.017972e+01,2.009559e+01,2.019373e+01,2.017271e+01,2.008156e+01,2.006753e+01,2.015869e+01,2.015168e+01,2.020074e+01,2.010260e+01,2.012364e+01,2.016570e+01,2.016570e+01,2.019373e+01,2.017271e+01,2.011663e+01,2.012364e+01,2.015869e+01,2.019373e+01,2.025677e+01,2.017271e+01,2.020074e+01,2.014467e+01,2.015168e+01,2.019373e+01,2.014467e+01,2.040372e+01,2.029878e+01,2.024977e+01,2.030578e+01,2.048061e+01,2.055045e+01,2.064118e+01,2.056442e+01,2.051554e+01,2.050855e+01,2.060629e+01,2.064816e+01,2.080150e+01,2.057140e+01,2.058536e+01,2.073182e+01,2.067605e+01,2.062723e+01,2.062723e+01,2.065513e+01,2.083632e+01,2.079453e+01,2.110054e+01,2.111443e+01,2.098937e+01,2.116996e+01,2.167528e+01,2.181329e+01,2.192356e+01,2.295844e+01,2.263061e+01,2.226740e+01,2.196489e+01,2.246629e+01,2.221933e+01,2.219872e+01,2.254848e+01,2.229486e+01,2.217124e+01,2.211625e+01,2.153017e+01,2.152326e+01,2.123933e+01,2.155783e+01,2.199931e+01,2.183398e+01,2.137101e+01,2.103802e+01,2.106581e+01,2.116996e+01,2.108665e+01,2.107971e+01,2.140563e+01,2.173741e+01,2.205436e+01,2.165457e+01,2.126707e+01,2.130173e+01,2.112831e+01,2.139178e+01,2.127400e+01,2.095461e+01,2.095461e+01,2.109360e+01,2.097547e+01,2.116996e+01,2.101718e+01,2.089896e+01,2.096852e+01,2.049458e+01,2.039673e+01,2.030578e+01,2.031278e+01,2.029178e+01,2.034077e+01,2.034077e+01,2.034077e+01,2.028478e+01,2.037575e+01,2.050855e+01,2.035476e+01,2.033377e+01,2.034077e+01,2.033377e+01,2.034077e+01,2.041071e+01,2.033377e+01,2.038974e+01,2.039673e+01,2.037575e+01,2.043169e+01,2.038274e+01,2.034777e+01,2.028478e+01,2.028478e+01,2.031278e+01,2.043169e+01,2.043868e+01,2.034777e+01,2.041071e+01,2.048061e+01,2.034077e+01,2.037575e+01,2.035476e+01,2.026378e+01,2.043169e+01,2.041071e+01,2.039673e+01,2.044567e+01,2.036176e+01,2.034077e+01,2.041770e+01,2.036176e+01,2.035476e+01,2.034777e+01,2.041770e+01,2.031278e+01,2.034777e+01,2.032678e+01,2.032678e+01,2.038974e+01,2.040372e+01,2.038274e+01,2.037575e+01,2.049458e+01,2.036875e+01,2.037575e+01,2.037575e+01,2.041071e+01,2.030578e+01,2.030578e+01,2.028478e+01,2.040372e+01,2.043169e+01,2.036875e+01,2.035476e+01,2.039673e+01,2.035476e+01,2.042470e+01,2.045964e+01,2.029878e+01,2.038274e+01,2.054347e+01,2.037575e+01,2.040372e+01,2.040372e+01,2.042470e+01,2.040372e+01,2.031278e+01,2.038274e+01,2.036875e+01,2.037575e+01,2.035476e+01,2.038974e+01,2.037575e+01,2.038974e+01,2.031278e+01,2.042470e+01,2.038274e+01,2.033377e+01,2.047362e+01,2.034077e+01,2.038274e+01,2.046663e+01,2.034777e+01,2.041770e+01,2.036875e+01,2.034077e+01,2.039673e+01,2.043169e+01,2.031278e+01,2.036176e+01,2.038274e+01,2.038274e+01,2.031278e+01,2.038974e+01,2.051554e+01,2.040372e+01,2.041071e+01,2.045964e+01,2.036176e+01,2.032678e+01,2.030578e+01,2.022876e+01,2.033377e+01,2.031978e+01,2.031278e+01,2.031278e+01,2.015869e+01,1.975132e+01,1.920085e+01,1.910173e+01,1.905213e+01,1.898123e+01,1.867579e+01,1.879666e+01,1.866867e+01,1.873980e+01,1.881797e+01,1.879666e+01,1.879666e+01,1.876823e+01,1.873269e+01,1.869713e+01,1.873980e+01,1.866156e+01,1.876823e+01,1.866156e+01,1.873269e+01,1.876112e+01,1.866156e+01,1.878955e+01,1.879666e+01,1.881087e+01,1.865444e+01,1.865444e+01,1.864021e+01,1.878245e+01,1.868290e+01,1.896704e+01,1.874691e+01,1.874691e+01,1.881087e+01,1.878245e+01,1.894576e+01,1.892448e+01,1.895286e+01,1.895995e+01,1.898123e+01,1.895995e+01,1.897414e+01,1.894576e+01,1.907339e+01,1.894576e+01,1.896704e+01,1.890318e+01,1.897414e+01,1.905213e+01,1.910881e+01,1.915838e+01,1.922916e+01,1.910173e+01,1.904504e+01,1.913714e+01,1.905213e+01,1.917962e+01,1.917254e+01,1.927867e+01,1.939174e+01,1.937055e+01,1.941293e+01,1.945529e+01,1.984277e+01,1.999735e+01,2.011663e+01,2.031978e+01,2.031978e+01,2.042470e+01,2.034777e+01,2.027778e+01,2.035476e+01,2.045964e+01,2.050855e+01,2.051554e+01,2.050855e+01,2.052950e+01,2.048759e+01,2.048759e+01,2.047362e+01,2.054347e+01,2.048061e+01,2.038974e+01,2.037575e+01,2.030578e+01,2.041770e+01,2.032678e+01,2.036176e+01,2.042470e+01,2.033377e+01,2.041071e+01,2.038974e+01,2.045266e+01,2.046663e+01,2.046663e+01,2.037575e+01,2.038274e+01,2.034077e+01,2.028478e+01,1.984277e+01,1.920085e+01,1.898832e+01,1.881087e+01,1.877534e+01,1.881087e+01,1.863309e+01,1.862598e+01,1.878245e+01,1.892448e+01,1.883218e+01,1.898832e+01,1.900251e+01,1.898832e+01,1.887479e+01,1.878245e+01,1.877534e+01,1.881087e+01,1.878245e+01,1.881087e+01,1.883218e+01,1.883218e+01,1.878245e+01,1.861174e+01,1.855477e+01,1.864021e+01,1.863309e+01,1.865444e+01,1.885349e+01,1.863309e+01,1.868290e+01,1.869002e+01,1.867579e+01,1.891028e+01,1.890318e+01,1.876112e+01,1.869002e+01,1.870424e+01,1.869713e+01,1.864021e+01,1.860462e+01,1.856902e+01,1.868290e+01,1.876823e+01,1.864021e+01,1.893157e+01,1.891738e+01,1.893157e+01,1.900960e+01,1.902378e+01,1.922208e+01,1.915838e+01,1.914422e+01,1.917962e+01,1.945529e+01,1.940587e+01,1.958932e+01,1.959637e+01,1.987792e+01,2.018673e+01,2.036176e+01,2.045964e+01,2.038274e+01,2.051554e+01,2.046663e+01,2.044567e+01,2.050855e+01,2.041770e+01,2.048759e+01,2.056442e+01,2.043868e+01,2.045266e+01,2.055045e+01,2.052950e+01,2.052950e+01,2.047362e+01,2.045964e+01,2.048061e+01,2.048061e+01,2.045964e+01,2.043868e+01,2.055045e+01,2.051554e+01,2.052252e+01,2.048759e+01,2.048759e+01,2.050157e+01,2.043169e+01,2.049458e+01,2.054347e+01,2.041770e+01,2.051554e+01,2.059234e+01,2.045964e+01,2.048759e+01,2.048061e+01,2.047362e+01,2.047362e+01,2.044567e+01,2.044567e+01,2.036875e+01,2.038974e+01,2.046663e+01,2.052950e+01,2.050855e+01,2.052950e+01,2.049458e+01,2.048061e+01,2.048759e+01,2.041770e+01,2.048061e+01,2.046663e+01,2.051554e+01,2.045964e+01,2.052950e+01,2.049458e+01,2.054347e+01,2.057838e+01,2.045964e+01,2.050157e+01,2.043868e+01,2.043868e+01,2.050157e+01,2.055045e+01,2.055743e+01,2.034077e+01,2.041770e+01,2.048061e+01,2.046663e+01,2.050855e+01,2.038974e+01,2.038274e+01,2.055743e+01,2.048759e+01,2.041071e+01,2.041770e+01,2.043868e+01,2.045964e+01,2.051554e+01,2.050855e+01,2.041770e+01,2.043169e+01,2.041071e+01,2.046663e+01,2.049458e+01,2.041071e+01,2.048759e+01,2.045266e+01,2.045964e+01,2.052252e+01,2.040372e+01,2.049458e+01,2.068303e+01,2.044567e+01,2.038974e+01,2.046663e+01,2.038974e+01,2.049458e+01,2.050855e+01,2.042470e+01,2.041071e+01,2.043868e+01,2.048759e+01,2.041770e+01,2.040372e+01,2.038974e+01,2.052252e+01,2.044567e+01,2.041770e+01,2.047362e+01,2.054347e+01,2.041071e+01,2.037575e+01,2.050855e+01,2.040372e+01,2.043868e+01,2.031278e+01,2.041071e+01,2.039673e+01,2.035476e+01,2.039673e+01,2.041071e+01,2.043169e+01,2.046663e+01,2.030578e+01,2.031278e+01,2.032678e+01,2.034077e+01,2.032678e+01,2.028478e+01,2.043868e+01,2.042470e+01,2.041770e+01,2.035476e+01,2.031978e+01,2.059234e+01,2.036176e+01,2.031278e+01,2.022876e+01,2.034077e+01,2.022176e+01,2.038274e+01,2.034077e+01,2.041071e+01,2.043169e+01,2.041770e+01,2.035476e+01,2.037575e+01,2.035476e+01,2.041071e+01,2.044567e+01,2.043169e+01,2.036875e+01,2.041071e+01,2.041770e+01,2.047362e+01,2.038274e+01,2.034777e+01,2.045964e+01,2.050157e+01,2.020774e+01,2.036875e+01,2.028478e+01,2.020074e+01,2.039673e+01,2.032678e+01,2.043169e+01,2.027778e+01,2.026378e+01,2.038974e+01,2.029178e+01,2.017271e+01,2.030578e+01,2.036176e+01,2.028478e+01,2.041071e+01,2.028478e+01,2.030578e+01,2.030578e+01,2.030578e+01,2.031978e+01,2.031278e+01,2.028478e+01,2.028478e+01,2.031278e+01,2.030578e+01,2.045964e+01,2.045964e+01,2.041770e+01,2.034777e+01,2.041071e+01,2.043868e+01,2.052950e+01,2.057838e+01,2.056442e+01,2.048759e+01,2.059234e+01,2.057838e+01,2.043868e+01,2.055743e+01,2.043868e+01,2.048061e+01,2.033377e+01,2.045964e+01,2.044567e+01,2.043169e+01,2.048759e+01,2.045964e+01,2.048759e+01,2.048759e+01,2.047362e+01,2.038974e+01,2.049458e+01,2.046663e+01,2.043169e+01,2.043868e+01,2.045266e+01,2.027778e+01,2.046663e+01,2.045266e+01,2.055045e+01,2.056442e+01,2.048759e+01,2.031278e+01,2.041770e+01,2.055045e+01,2.046663e+01,2.047362e+01,2.048061e+01,2.047362e+01,2.047362e+01,2.048061e+01,2.045964e+01,2.048061e+01,2.050157e+01,2.038974e+01,2.043169e+01,2.039673e+01,2.039673e+01,2.038974e+01,2.041071e+01,2.042470e+01,2.049458e+01,2.028478e+01,2.042470e+01,2.041770e+01,2.038274e+01,2.041071e+01,2.029878e+01,2.038974e+01,2.038974e+01,2.024977e+01,2.037575e+01
2.013065e+01,2.029878e+01,2.017271e+01,2.018673e+01,2.019373e+01,2.016570e+01,2.015168e+01,2.016570e+01,2.017972e+01,2.012364e+01,2.017972e+01,2.014467e+01,2.018673e+01,2.013065e+01,2.016570e+01,2.009559e+01,2.022876e+01,2.008156e+01,2.008156e+01,2.020774e+01,2.006753e+01,2.010961e+01,2.010961e+01,2.010961e+01,2.019373e+01,2.022876e+01,2.034077e+01,2.027778e+01,2.009559e+01,2.013766e+01,2.019373e+01,2.022176e+01,2.012364e+01,2.014467e+01,2.015168e+01,2.013766e+01,2.016570e+01,2.011663e+01,2.014467e+01,2.011663e+01,2.023577e+01,2.035476e+01,2.033377e+01,2.017271e+01,2.039673e+01,2.020074e+01,2.045266e+01,2.045964e+01,2.064816e+01,2.044567e+01,2.059932e+01,2.060629e+01,2.057140e+01,2.064118e+01,2.076667e+01,2.068303e+01,2.059234e+01,2.064118e+01,2.064816e+01,2.062723e+01,2.082935e+01,2.080150e+01,2.080846e+01,2.075970e+01,2.086416e+01,2.119078e+01,2.167528e+01,2.164075e+01,2.136408e+01,2.144024e+01,2.174431e+01,2.187534e+01,2.183398e+01,2.186155e+01,2.211625e+01,2.209563e+01,2.245259e+01,2.220559e+01,2.191668e+01,2.155783e+01,2.132944e+01,2.140563e+01,2.184776e+01,2.216437e+01,2.195800e+01,2.136408e+01,2.119771e+01,2.128093e+01,2.131559e+01,2.146792e+01,2.137793e+01,2.132944e+01,2.141948e+01,2.175121e+01,2.205436e+01,2.170980e+01,2.130865e+01,2.114220e+01,2.130173e+01,2.179260e+01,2.135715e+01,2.153017e+01,2.112831e+01,2.086416e+01,2.117690e+01,2.102413e+01,2.062723e+01,2.095461e+01,2.054347e+01,2.034777e+01,2.038274e+01,2.029178e+01,2.030578e+01,2.027778e+01,2.033377e+01,2.029878e+01,2.037575e+01,2.029178e+01,2.030578e+01,2.035476e+01,2.033377e+01,2.031978e+01,2.030578e+01,2.031978e+01,2.036176e+01,2.038274e+01,2.038274e+01,2.036875e+01,2.041770e+01,2.032678e+01,2.040372e+01,2.036875e+01,2.036875e+01,2.029178e+01,2.035476e+01,2.034077e+01,2.031278e+01,2.036176e+01,2.041071e+01,2.034777e+01,2.040372e+01,2.031978e+01,2.034077e+01,2.028478e+01,2.046663e+01,2.035476e+01,2.037575e+01,2.038274e+01,2.034777e+01,2.044567e+01,2.033377e+01,2.041071e+01,2.038974e+01,2.035476e+01,2.034077e+01,2.036176e+01,2.034777e+01,2.033377e+01,2.051554e+01,2.034777e+01,2.040372e+01,2.047362e+01,2.046663e+01,2.036176e+01,2.045964e+01,2.043868e+01,2.043868e+01,2.035476e+01,2.034077e+01,2.043169e+01,2.041071e+01,2.035476e+01,2.043868e+01,2.038274e+01,2.036176e+01,2.043169e+01,2.038974e+01,2.040372e+01,2.043868e+01,2.039673e+01,2.040372e+01,2.034777e+01,2.038974e+01,2.034777e+01,2.041071e+01,2.039673e+01,2.035476e+01,2.044567e+01,2.043868e+01,2.049458e+01,2.035476e+01,2.042470e+01,2.038274e+01,2.036176e+01,2.038974e+01,2.037575e+01,2.042470e+01,2.040372e+01,2.035476e+01,2.045964e+01,2.057838e+01,2.038274e+01,2.035476e+01,2.036875e+01,2.048061e+01,2.037575e+01,2.037575e+01,2.040372e+01,2.029878e+01,2.041071e+01,2.045964e+01,2.052950e+01,2.034077e+01,2.036875e+01,2.036875e+01,2.047362e+01,2.038274e+01,2.037575e+01,2.036176e+01,2.036176e+01,2.031278e+01,2.034077e+01,2.033377e+01,2.031278e+01,2.029878e+01,2.022176e+01,2.015869e+01,1.975132e+01,1.913714e+01,1.912298e+01,1.891738e+01,1.915130e+01,1.904504e+01,1.906630e+01,1.895995e+01,1.900960e+01,1.890318e+01,1.886769e+01,1.873980e+01,1.871847e+01,1.876112e+01,1.874691e+01,1.866156e+01,1.872558e+01,1.872558e+01,1.871847e+01,1.852628e+01,1.856190e+01,1.853340e+01,1.850490e+01,1.869002e+01,1.850490e+01,1.849777e+01,1.850490e+01,1.852628e+01,1.863309e+01,1.864021e+01,1.866867e+01,1.865444e+01,1.871135e+01,1.878245e+01,1.877534e+01,1.881087e+01,1.878955e+01,1.886059e+01,1.895286e+01,1.888189e+01,1.895995e+01,1.889609e+01,1.891028e+01,1.886769e+01,1.891738e+01,1.896704e+01,1.910881e+01,1.897414e+01,1.901669e+01,1.896704e+01,1.918670e+01,1.918670e+01,1.918670e+01,1.916546e+01,1.916546e+01,1.918670e+01,1.933522e+01,1.920085e+01,1.936349e+01,1.929281e+01,1.928574e+01,1.943411e+01,1.944823e+01,1.951880e+01,1.985683e+01,1.999033e+01,2.001841e+01,2.015168e+01,2.038274e+01,2.038274e+01,2.044567e+01,2.038274e+01,2.043169e+01,2.045964e+01,2.045964e+01,2.041071e+01,2.053649e+01,2.045266e+01,2.048759e+01,2.060629e+01,2.057140e+01,2.044567e+01,2.043868e+01,2.045266e+01,2.036875e+01,2.047362e+01,2.054347e+01,2.046663e+01,2.041071e+01,2.045266e+01,2.044567e+01,2.041770e+01,2.034077e+01,2.045266e+01,2.038274e+01,2.038974e+01,2.040372e+01,2.042470e+01,2.031978e+01,2.036176e+01,1.985683e+01,1.927160e+01,1.928574e+01,1.922208e+01,1.886769e+01,1.863309e+01,1.863309e+01,1.860462e+01,1.865444e+01,1.878955e+01,1.896704e+01,1.898832e+01,1.898832e+01,1.898832e+01,1.902378e+01,1.888899e+01,1.878955e+01,1.866867e+01,1.866867e+01,1.876112e+01,1.881797e+01,1.901669e+01,1.875401e+01,1.881087e+01,1.857614e+01,1.842648e+01,1.871135e+01,1.873980e+01,1.874691e+01,1.869002e+01,1.867579e+01,1.867579e+01,1.872558e+01,1.879666e+01,1.872558e+01,1.876112e+01,1.882508e+01,1.883218e+01,1.886769e+01,1.862598e+01,1.851203e+01,1.857614e+01,1.855477e+01,1.864733e+01,1.876112e+01,1.876112e+01,1.887479e+01,1.893867e+01,1.891028e+01,1.903795e+01,1.900251e+01,1.915130e+01,1.913714e+01,1.918670e+01,1.920085e+01,1.937055e+01,1.962456e+01,1.951175e+01,1.985683e+01,2.010260e+01,2.041071e+01,2.045266e+01,2.038274e+01,2.044567e+01,2.041071e+01,2.052950e+01,2.048061e+01,2.041770e+01,2.045964e+01,2.056442e+01,2.046663e+01,2.051554e+01,2.054347e+01,2.051554e+01,2.054347e+01,2.052252e+01,2.052950e+01,2.061327e+01,2.047362e+01,2.057838e+01,2.052252e+01,2.045266e+01,2.055045e+01,2.048759e+01,2.052950e+01,2.045266e+01,2.058536e+01,2.042470e+01,2.057140e+01,2.064118e+01,2.054347e+01,2.047362e+01,2.047362e+01,2.064816e+01,2.062025e+01,2.057838e+01,2.045964e+01,2.047362e+01,2.049458e+01,2.043868e+01,2.050855e+01,2.047362e+01,2.054347e+01,2.041071e+01,2.041770e+01,2.047362e+01,2.038974e+01,2.050157e+01,2.046663e+01,2.045964e+01,2.045964e+01,2.044567e+01,2.049458e+01,2.051554e+01,2.057838e+01,2.056442e+01,2.050855e+01,2.040372e+01,2.039673e+01,2.042470e+01,2.041071e+01,2.052950e+01,2.043868e+01,2.052950e+01,2.055045e+01,2.051554e+01,2.045266e+01,2.048759e+01,2.047362e+01,2.043169e+01,2.038274e+01,2.035476e+01,2.052252e+01,2.042470e+01,2.045266e+01,2.044567e+01,2.040372e+01,2.040372e+01,2.045266e+01,2.044567e+01,2.040372e+01,2.045266e+01,2.045266e+01,2.042470e+01,2.050157e+01,2.049458e+01,2.040372e+01,2.048061e+01,2.045964e+01,2.034077e+01,2.044567e+01,2.043868e+01,2.039673e+01,2.043169e+01,2.045266e+01,2.040372e+01,2.046663e+01,2.044567e+01,2.040372e+01,2.050855e+01,2.042470e+01,2.052950e+01,2.048759e+01,2.049458e+01,2.041770e+01,2.053649e+01,2.031978e+01,2.039673e+01,2.052252e+01,2.029878e+01,2.041770e+01,2.041071e+01,2.036875e+01,2.042470e+01,2.036875e+01,2.036176e+01,2.038974e+01,2.036875e+01,2.043868e+01,2.041071e+01,2.044567e+01,2.027078e+01,2.042470e+01,2.039673e+01,2.039673e+01,2.029878e+01,2.031278e+01,2.033377e+01,2.034077e+01,2.046663e+01,2.032678e+01,2.045266e+01,2.031978e+01,2.026378e+01,2.037575e+01,2.033377e+01,2.036176e+01,2.031278e+01,2.027078e+01,2.039673e+01,2.021475e+01,2.034777e+01,2.035476e+01,2.033377e+01,2.034777e+01,2.040372e+01,2.021475e+01,2.036176e+01,2.017972e+01,2.023577e+01,2.025677e+01,2.039673e+01,2.046663e+01,2.043169e+01,2.049458e+01,2.045266e+01,2.036875e+01,2.040372e+01,2.038274e+01,2.023577e+01,2.043169e+01,2.045964e+01,2.040372e+01,2.039673e+01,2.036875e+01,2.033377e+01,2.024977e+01,2.021475e+01,2.030578e+01,2.028478e+01,2.015869e+01,2.024277e+01,2.031978e+01,2.031978e+01,2.029878e+01,2.024277e+01,2.027778e+01,2.027078e+01,2.029178e+01,2.017972e+01,2.031278e+01,2.038974e+01,2.037575e+01,2.036176e+01,2.048061e+01,2.038274e+01,2.048759e+01,2.050855e+01,2.025677e+01,2.048061e+01,2.032678e+01,2.032678e+01,2.050855e+01,2.048759e+01,2.047362e+01,2.059234e+01,2.058536e+01,2.049458e+01,2.043169e+01,2.050855e+01,2.053649e+01,2.056442e+01,2.053649e+01,2.050157e+01,2.043868e+01,2.046663e+01,2.048061e+01,2.046663e+01,2.043868e+01,2.062723e+01,2.045964e+01,2.041071e+01,2.034777e+01,2.034077e+01,2.057140e+01,2.055045e+01,2.071789e+01,2.056442e+01,2.047362e+01,2.052950e+01,2.055743e+01,2.041071e+01,2.048061e+01,2.038274e+01,2.059234e+01,2.040372e+01,2.057140e+01,2.050855e+01,2.043868e+01,2.045266e+01,2.051554e+01,2.052252e+01,2.049458e+01,2.045964e+01,2.047362e+01,2.049458e+01,2.037575e+01,2.049458e+01,2.040372e+01,2.037575e+01,2.034077e+01,2.045964e+01,2.041770e+01,2.047362e+01,2.036176e+01,2.038274e+01,2.049458e+01,2.038274e+01,2.036875e+01,2.031278e+01,2.034777e+01,2.025677e+01,2.038974e+01
2.024277e+01,2.014467e+01,2.016570e+01,2.020074e+01,2.016570e+01,2.008857e+01,2.017271e+01,2.014467e+01,2.020074e+01,2.015168e+01,2.016570e+01,2.019373e+01,2.017972e+01,2.015168e+01,2.012364e+01,2.015168e+01,2.026378e+01,2.005350e+01,2.006051e+01,2.008857e+01,2.008857e+01,2.011663e+01,2.013065e+01,2.010260e+01,2.010260e+01,2.030578e+01,2.020774e+01,2.010260e+01,2.010260e+01,2.010260e+01,2.010260e+01,2.009559e+01,2.014467e+01,2.013065e+01,2.013065e+01,2.013065e+01,2.006051e+01,2.024277e+01,2.018673e+01,2.006753e+01,2.019373e+01,2.024977e+01,2.028478e+01,2.021475e+01,2.001841e+01,2.016570e+01,2.020774e+01,2.029178e+01,2.024977e+01,2.044567e+01,2.045964e+01,2.053649e+01,2.056442e+01,2.064816e+01,2.070394e+01,2.062025e+01,2.064816e+01,2.082239e+01,2.063420e+01,2.079453e+01,2.078060e+01,2.078757e+01,2.080846e+01,2.083632e+01,2.064118e+01,2.088504e+01,2.090592e+01,2.137793e+01,2.179950e+01,2.131559e+01,2.141948e+01,2.128093e+01,2.130173e+01,2.144716e+01,2.177881e+01,2.174431e+01,2.211625e+01,2.232231e+01,2.230858e+01,2.190290e+01,2.126707e+01,2.136408e+01,2.146792e+01,2.179950e+01,2.121852e+01,2.120465e+01,2.112831e+01,2.121159e+01,2.144716e+01,2.123933e+01,2.184087e+01,2.159930e+01,2.137101e+01,2.173741e+01,2.224680e+01,2.238404e+01,2.177191e+01,2.146792e+01,2.135023e+01,2.133637e+01,2.166838e+01,2.135715e+01,2.126013e+01,2.156474e+01,2.112137e+01,2.110054e+01,2.120465e+01,2.089896e+01,2.119771e+01,2.085024e+01,2.030578e+01,2.041071e+01,2.033377e+01,2.031278e+01,2.020074e+01,2.014467e+01,2.029178e+01,2.040372e+01,2.029878e+01,2.029178e+01,2.031978e+01,2.033377e+01,2.042470e+01,2.040372e+01,2.034777e+01,2.041770e+01,2.037575e+01,2.037575e+01,2.043169e+01,2.038974e+01,2.034777e+01,2.036176e+01,2.038274e+01,2.036176e+01,2.040372e+01,2.031978e+01,2.028478e+01,2.034077e+01,2.033377e+01,2.034777e+01,2.053649e+01,2.034077e+01,2.046663e+01,2.029878e+01,2.033377e+01,2.049458e+01,2.038274e+01,2.038974e+01,2.036176e+01,2.041770e+01,2.043868e+01,2.043169e+01,2.034077e+01,2.033377e+01,2.036176e+01,2.031978e+01,2.045266e+01,2.041071e+01,2.037575e+01,2.045964e+01,2.035476e+01,2.052252e+01,2.036176e+01,2.040372e+01,2.038274e+01,2.048759e+01,2.036176e+01,2.045266e+01,2.021475e+01,2.037575e+01,2.037575e+01,2.041071e+01,2.038274e+01,2.029178e+01,2.036176e+01,2.038274e+01,2.044567e+01,2.045964e+01,2.041071e+01,2.030578e+01,2.030578e+01,2.040372e+01,2.036176e+01,2.036176e+01,2.037575e+01,2.036875e+01,2.038274e+01,2.032678e+01,2.048759e+01,2.034077e+01,2.044567e+01,2.038974e+01,2.039673e+01,2.039673e+01,2.039673e+01,2.040372e+01,2.038974e+01,2.039673e+01,2.043169e+01,2.047362e+01,2.035476e+01,2.033377e+01,2.038974e+01,2.043868e+01,2.046663e+01,2.050157e+01,2.029878e+01,2.043868e+01,2.050855e+01,2.050157e+01,2.048061e+01,2.052252e+01,2.052252e+01,2.038274e+01,2.038974e+01,2.038274e+01,2.038274e+01,2.034777e+01,2.041071e+01,2.027078e+01,2.030578e+01,2.032678e+01,2.048061e+01,2.028478e+01,2.029178e+01,1.995521e+01,1.957522e+01,1.925038e+01,1.915838e+01,1.914422e+01,1.906630e+01,1.910173e+01,1.905213e+01,1.908047e+01,1.915130e+01,1.903087e+01,1.911590e+01,1.888899e+01,1.888189e+01,1.877534e+01,1.883928e+01,1.872558e+01,1.874691e+01,1.882508e+01,1.867579e+01,1.847639e+01,1.856902e+01,1.856190e+01,1.850490e+01,1.866156e+01,1.849777e+01,1.848352e+01,1.850490e+01,1.852628e+01,1.842648e+01,1.855477e+01,1.855477e+01,1.854053e+01,1.850490e+01,1.873980e+01,1.866156e+01,1.876823e+01,1.876112e+01,1.876112e+01,1.878955e+01,1.893157e+01,1.891738e+01,1.900960e+01,1.898832e+01,1.888899e+01,1.891738e+01,1.895286e+01,1.896704e+01,1.908047e+01,1.896704e+01,1.900960e+01,1.908756e+01,1.928574e+01,1.919378e+01,1.921501e+01,1.927160e+01,1.915838e+01,1.922916e+01,1.934229e+01,1.935642e+01,1.928574e+01,1.932109e+01,1.934936e+01,1.939881e+01,1.962456e+01,1.956817e+01,1.972317e+01,1.999735e+01,2.013065e+01,2.006051e+01,2.029178e+01,2.027078e+01,2.029178e+01,2.036176e+01,2.045964e+01,2.048061e+01,2.047362e+01,2.050157e+01,2.062025e+01,2.049458e+01,2.055045e+01,2.059932e+01,2.046663e+01,2.044567e+01,2.042470e+01,2.047362e+01,2.041071e+01,2.048759e+01,2.046663e+01,2.040372e+01,2.035476e+01,2.043169e+01,2.040372e+01,2.040372e+01,2.036875e+01,2.055045e+01,2.041071e+01,2.025677e+01,2.041770e+01,2.049458e+01,2.022176e+01,2.011663e+01,1.990604e+01,1.941999e+01,1.927867e+01,1.927867e+01,1.908756e+01,1.884638e+01,1.869002e+01,1.862598e+01,1.868290e+01,1.875401e+01,1.897414e+01,1.891028e+01,1.898832e+01,1.901669e+01,1.901669e+01,1.905213e+01,1.883928e+01,1.872558e+01,1.866156e+01,1.849777e+01,1.882508e+01,1.878245e+01,1.899541e+01,1.893867e+01,1.864733e+01,1.861174e+01,1.870424e+01,1.871847e+01,1.863309e+01,1.876823e+01,1.866867e+01,1.866867e+01,1.868290e+01,1.867579e+01,1.876823e+01,1.886059e+01,1.883928e+01,1.883928e+01,1.866156e+01,1.868290e+01,1.859750e+01,1.861174e+01,1.877534e+01,1.860462e+01,1.874691e+01,1.886769e+01,1.876823e+01,1.891028e+01,1.894576e+01,1.900251e+01,1.900960e+01,1.911590e+01,1.916546e+01,1.920085e+01,1.918670e+01,1.925745e+01,1.942705e+01,1.951175e+01,1.994117e+01,1.994117e+01,2.041071e+01,2.050157e+01,2.050855e+01,2.048061e+01,2.043169e+01,2.043868e+01,2.048061e+01,2.052950e+01,2.048061e+01,2.045266e+01,2.051554e+01,2.053649e+01,2.052950e+01,2.049458e+01,2.053649e+01,2.053649e+01,2.054347e+01,2.048061e+01,2.047362e+01,2.054347e+01,2.050855e+01,2.050855e+01,2.048759e+01,2.052950e+01,2.055743e+01,2.055743e+01,2.052252e+01,2.055045e+01,2.057140e+01,2.052950e+01,2.045266e+01,2.046663e+01,2.062025e+01,2.048759e+01,2.054347e+01,2.059234e+01,2.055743e+01,2.055743e+01,2.053649e+01,2.041770e+01,2.053649e+01,2.050157e+01,2.048061e+01,2.040372e+01,2.036176e+01,2.048759e+01,2.031978e+01,2.046663e+01,2.043868e+01,2.043169e+01,2.045266e+01,2.046663e+01,2.048759e+01,2.050157e+01,2.050855e+01,2.052950e+01,2.053649e+01,2.056442e+01,2.052252e+01,2.041770e+01,2.055045e+01,2.041770e+01,2.052252e+01,2.038274e+01,2.050855e+01,2.050855e+01,2.056442e+01,2.045964e+01,2.050855e+01,2.039673e+01,2.052950e+01,2.035476e+01,2.038274e+01,2.040372e+01,2.038274e+01,2.042470e+01,2.044567e+01,2.043169e+01,2.042470e+01,2.047362e+01,2.041770e+01,2.052252e+01,2.051554e+01,2.041770e+01,2.041770e+01,2.043169e+01,2.044567e+01,2.045266e+01,2.039673e+01,2.045964e+01,2.063420e+01,2.055743e+01,2.044567e+01,2.040372e+01,2.042470e+01,2.040372e+01,2.045266e+01,2.059932e+01,2.057838e+01,2.041770e+01,2.050855e+01,2.048061e+01,2.055045e+01,2.038974e+01,2.048061e+01,2.041770e+01,2.041770e+01,2.044567e+01,2.041770e+01,2.046663e+01,2.064118e+01,2.042470e+01,2.047362e+01,2.043169e+01,2.041071e+01,2.041071e+01,2.042470e+01,2.037575e+01,2.039673e+01,2.039673e+01,2.043868e+01,2.042470e+01,2.037575e+01,2.041770e+01,2.029178e+01,2.045964e+01,2.033377e+01,2.043169e+01,2.043868e+01,2.046663e+01,2.043868e+01,2.033377e+01,2.032678e+01,2.030578e+01,2.034077e+01,2.036875e+01,2.024277e+01,2.034077e+01,2.023577e+01,2.033377e+01,2.036875e+01,2.033377e+01,2.034777e+01,2.042470e+01,2.034777e+01,2.038974e+01,2.048759e+01,2.028478e+01,2.039673e+01,2.028478e+01,2.041071e+01,2.036875e+01,2.043868e+01,2.034077e+01,2.033377e+01,2.032678e+01,2.024977e+01,2.043868e+01,2.034077e+01,2.035476e+01,2.043169e+01,2.046663e+01,2.036875e+01,2.038274e+01,2.023577e+01,2.041770e+01,2.035476e+01,2.036875e+01,2.033377e+01,2.015168e+01,2.033377e+01,2.040372e+01,2.035476e+01,2.021475e+01,2.024977e+01,2.024977e+01,2.026378e+01,2.036176e+01,2.024977e+01,2.035476e+01,2.022176e+01,2.027078e+01,2.014467e+01,2.044567e+01,2.027778e+01,2.031278e+01,2.033377e+01,2.051554e+01,2.052950e+01,2.050855e+01,2.052252e+01,2.044567e+01,2.030578e+01,2.049458e+01,2.052252e+01,2.055743e+01,2.052252e+01,2.050855e+01,2.052950e+01,2.037575e+01,2.042470e+01,2.038974e+01,2.039673e+01,2.050157e+01,2.045964e+01,2.039673e+01,2.048061e+01,2.055743e+01,2.037575e+01,2.048759e+01,2.055045e+01,2.051554e+01,2.038974e+01,2.041071e+01,2.042470e+01,2.057140e+01,2.054347e+01,2.048759e+01,2.051554e+01,2.043868e+01,2.049458e+01,2.045964e+01,2.045266e+01,2.039673e+01,2.061327e+01,2.041071e+01,2.059234e+01,2.042470e+01,2.050855e+01,2.045266e+01,2.032678e+01,2.050855e+01,2.054347e+01,2.046663e+01,2.053649e+01,2.052950e+01,2.050157e+01,2.047362e+01,2.047362e+01,2.052252e+01,2.048759e+01,2.045964e+01,2.033377e+01,2.035476e+01,2.045266e+01,2.064816e+01,2.033377e+01,2.038274e+01,2.036176e+01,2.043868e+01,2.029878e+01,2.024977e+01,2.020774e+01
2.016570e+01,2.015869e+01,2.013065e+01,2.018673e+01,2.022876e+01,2.022176e+01,2.019373e+01,2.006051e+01,2.020774e+01,2.009559e+01,2.018673e+01,2.022876e+01,2.017271e+01,2.021475e+01,2.009559e+01,2.015869e+01,2.008156e+01,2.012364e+01,2.006753e+01,2.000437e+01,2.005350e+01,1.999033e+01,2.008156e+01,2.013065e+01,2.015869e+01,2.017271e+01,2.013065e+01,2.012364e+01,2.010260e+01,2.017271e+01,2.015168e+01,2.008857e+01,2.011663e+01,2.010961e+01,2.013766e+01,2.013065e+01,2.030578e+01,2.015869e+01,2.015869e+01,2.012364e+01,2.003946e+01,2.008156e+01,2.012364e+01,2.013766e+01,2.027778e+01,2.029178e+01,2.020074e+01,2.038274e+01,2.023577e+01,2.026378e+01,2.055743e+01,2.039673e+01,2.057838e+01,2.059932e+01,2.062723e+01,2.044567e+01,2.064118e+01,2.078757e+01,2.082935e+01,2.074576e+01,2.080150e+01,2.082239e+01,2.078757e+01,2.080150e+01,2.078757e+01,2.085024e+01,2.088504e+01,2.098242e+01,2.090592e+01,2.105887e+01,2.146100e+01,2.181329e+01,2.147484e+01,2.126013e+01,2.133637e+01,2.154400e+01,2.147484e+01,2.187534e+01,2.241832e+01,2.167528e+01,2.127400e+01,2.119078e+01,2.126013e+01,2.117690e+01,2.088504e+01,2.102413e+01,2.119078e+01,2.124627e+01,2.122546e+01,2.117690e+01,2.116996e+01,2.111443e+01,2.135715e+01,2.184087e+01,2.177191e+01,2.222620e+01,2.182708e+01,2.130865e+01,2.133637e+01,2.114914e+01,2.110748e+01,2.128093e+01,2.109360e+01,2.087808e+01,2.082935e+01,2.104497e+01,2.150251e+01,2.147484e+01,2.117690e+01,2.119771e+01,2.049458e+01,2.038274e+01,2.031978e+01,2.026378e+01,2.020774e+01,2.034077e+01,2.057140e+01,2.027778e+01,2.030578e+01,2.031278e+01,2.043169e+01,2.038274e+01,2.031978e+01,2.041071e+01,2.026378e+01,2.043868e+01,2.036176e+01,2.037575e+01,2.038974e+01,2.036875e+01,2.042470e+01,2.036875e+01,2.035476e+01,2.034777e+01,2.040372e+01,2.036176e+01,2.031278e+01,2.034077e+01,2.045266e+01,2.042470e+01,2.046663e+01,2.035476e+01,2.040372e+01,2.030578e+01,2.036176e+01,2.041770e+01,2.042470e+01,2.041071e+01,2.041770e+01,2.045964e+01,2.034777e+01,2.038274e+01,2.031278e+01,2.043868e+01,2.031278e+01,2.036176e+01,2.048759e+01,2.038974e+01,2.041770e+01,2.027078e+01,2.045266e+01,2.034077e+01,2.027778e+01,2.044567e+01,2.036875e+01,2.038974e+01,2.041770e+01,2.038974e+01,2.029178e+01,2.025677e+01,2.029178e+01,2.042470e+01,2.038974e+01,2.041770e+01,2.043169e+01,2.036176e+01,2.038974e+01,2.042470e+01,2.038274e+01,2.047362e+01,2.033377e+01,2.038274e+01,2.048061e+01,2.045964e+01,2.041071e+01,2.047362e+01,2.034777e+01,2.044567e+01,2.031978e+01,2.036176e+01,2.039673e+01,2.029178e+01,2.038274e+01,2.038974e+01,2.038974e+01,2.038274e+01,2.037575e+01,2.041770e+01,2.045266e+01,2.041071e+01,2.043169e+01,2.037575e+01,2.045964e+01,2.035476e+01,2.032678e+01,2.036176e+01,2.038974e+01,2.050157e+01,2.029178e+01,2.050157e+01,2.028478e+01,2.031278e+01,2.043868e+01,2.038974e+01,2.036875e+01,2.048759e+01,2.040372e+01,2.038274e+01,2.030578e+01,2.027078e+01,2.043169e+01,2.029878e+01,2.029878e+01,2.008857e+01,1.994117e+01,1.946941e+01,1.915130e+01,1.908047e+01,1.918670e+01,1.924331e+01,1.924331e+01,1.923623e+01,1.908756e+01,1.915838e+01,1.909464e+01,1.906630e+01,1.905922e+01,1.892448e+01,1.888189e+01,1.887479e+01,1.884638e+01,1.878955e+01,1.863309e+01,1.857614e+01,1.844074e+01,1.850490e+01,1.842648e+01,1.846213e+01,1.846213e+01,1.850490e+01,1.846926e+01,1.849064e+01,1.839081e+01,1.856902e+01,1.835513e+01,1.856902e+01,1.844787e+01,1.861886e+01,1.867579e+01,1.873269e+01,1.863309e+01,1.876112e+01,1.878955e+01,1.873980e+01,1.875401e+01,1.886769e+01,1.879666e+01,1.887479e+01,1.904504e+01,1.889609e+01,1.907339e+01,1.904504e+01,1.883218e+01,1.898123e+01,1.901669e+01,1.900960e+01,1.926452e+01,1.924331e+01,1.922916e+01,1.938468e+01,1.927867e+01,1.932109e+01,1.938468e+01,1.928574e+01,1.934936e+01,1.938468e+01,1.936349e+01,1.951880e+01,1.944823e+01,1.948352e+01,1.965274e+01,1.981464e+01,1.963865e+01,1.977947e+01,2.003244e+01,2.011663e+01,2.015168e+01,2.015869e+01,2.019373e+01,2.045964e+01,2.046663e+01,2.050855e+01,2.048061e+01,2.082935e+01,2.048759e+01,2.052950e+01,2.054347e+01,2.048759e+01,2.048061e+01,2.044567e+01,2.036875e+01,2.042470e+01,2.043169e+01,2.047362e+01,2.040372e+01,2.037575e+01,2.042470e+01,2.041071e+01,2.038974e+01,2.052950e+01,2.041770e+01,2.037575e+01,2.041071e+01,2.034777e+01,2.007454e+01,2.005350e+01,1.987792e+01,1.946941e+01,1.927867e+01,1.928574e+01,1.926452e+01,1.922916e+01,1.907339e+01,1.871847e+01,1.875401e+01,1.872558e+01,1.890318e+01,1.900251e+01,1.901669e+01,1.892448e+01,1.897414e+01,1.899541e+01,1.900960e+01,1.900251e+01,1.886059e+01,1.875401e+01,1.876823e+01,1.861886e+01,1.866867e+01,1.896704e+01,1.892448e+01,1.881797e+01,1.864021e+01,1.863309e+01,1.874691e+01,1.866156e+01,1.870424e+01,1.866867e+01,1.866156e+01,1.862598e+01,1.854765e+01,1.864021e+01,1.871847e+01,1.868290e+01,1.869002e+01,1.873980e+01,1.859038e+01,1.869002e+01,1.861174e+01,1.878245e+01,1.857614e+01,1.869713e+01,1.877534e+01,1.886059e+01,1.898832e+01,1.888899e+01,1.891738e+01,1.893157e+01,1.912298e+01,1.905213e+01,1.920085e+01,1.917962e+01,1.920085e+01,1.926452e+01,1.945529e+01,1.964570e+01,2.007454e+01,2.008156e+01,2.047362e+01,2.046663e+01,2.038974e+01,2.044567e+01,2.043868e+01,2.055743e+01,2.036875e+01,2.052950e+01,2.049458e+01,2.046663e+01,2.043868e+01,2.048759e+01,2.055743e+01,2.045964e+01,2.048759e+01,2.050157e+01,2.062723e+01,2.059234e+01,2.052950e+01,2.050855e+01,2.050157e+01,2.041770e+01,2.055045e+01,2.043868e+01,2.053649e+01,2.052950e+01,2.039673e+01,2.052252e+01,2.051554e+01,2.055743e+01,2.045964e+01,2.058536e+01,2.061327e+01,2.048759e+01,2.053649e+01,2.043169e+01,2.056442e+01,2.038974e+01,2.049458e+01,2.056442e+01,2.045964e+01,2.042470e+01,2.049458e+01,2.043868e+01,2.053649e+01,2.047362e+01,2.050855e+01,2.049458e+01,2.048061e+01,2.045266e+01,2.050855e+01,2.052252e+01,2.052252e+01,2.052950e+01,2.058536e+01,2.052950e+01,2.041071e+01,2.054347e+01,2.052252e+01,2.053649e+01,2.051554e+01,2.052950e+01,2.045266e+01,2.052252e+01,2.049458e+01,2.048759e+01,2.041770e+01,2.042470e+01,2.061327e+01,2.036875e+01,2.046663e+01,2.048759e+01,2.043169e+01,2.043868e+01,2.043169e+01,2.042470e+01,2.047362e+01,2.038974e+01,2.042470e+01,2.043169e+01,2.041071e+01,2.041770e+01,2.044567e+01,2.042470e+01,2.050855e+01,2.051554e+01,2.050157e+01,2.037575e+01,2.047362e+01,2.047362e+01,2.048061e+01,2.057838e+01,2.050855e+01,2.057838e+01,2.043169e+01,2.043169e+01,2.058536e+01,2.037575e+01,2.041071e+01,2.046663e+01,2.043868e+01,2.055045e+01,2.043169e+01,2.041071e+01,2.041770e+01,2.050157e+01,2.050855e+01,2.041770e+01,2.045964e+01,2.041071e+01,2.043169e+01,2.037575e+01,2.036875e+01,2.043868e+01,2.035476e+01,2.035476e+01,2.045964e+01,2.042470e+01,2.044567e+01,2.045266e+01,2.039673e+01,2.035476e+01,2.031978e+01,2.034077e+01,2.030578e+01,2.044567e+01,2.026378e+01,2.041071e+01,2.045964e+01,2.043868e+01,2.048061e+01,2.029178e+01,2.030578e+01,2.043169e+01,2.037575e+01,2.028478e+01,2.032678e+01,2.031978e+01,2.041770e+01,2.036875e+01,2.043868e+01,2.037575e+01,2.043868e+01,2.039673e+01,2.042470e+01,2.031978e+01,2.038974e+01,2.043169e+01,2.038274e+01,2.043868e+01,2.029178e+01,2.040372e+01,2.029878e+01,2.046663e+01,2.043868e+01,2.032678e+01,2.034077e+01,2.031978e+01,2.043169e+01,2.041071e+01,2.044567e+01,2.041071e+01,2.034777e+01,2.021475e+01,2.032678e+01,2.034777e+01,2.033377e+01,2.040372e+01,2.028478e+01,2.016570e+01,2.036875e+01,2.035476e+01,2.038974e+01,2.029878e+01,2.025677e+01,2.026378e+01,2.025677e+01,2.029878e+01,2.029878e+01,2.029878e+01,2.031278e+01,2.033377e+01,2.036875e+01,2.041770e+01,2.043868e+01,2.047362e+01,2.047362e+01,2.048061e+01,2.054347e+01,2.049458e+01,2.052252e+01,2.047362e+01,2.049458e+01,2.050855e+01,2.052252e+01,2.053649e+01,2.046663e+01,2.055045e+01,2.055743e+01,2.050855e+01,2.048759e+01,2.050157e+01,2.050157e+01,2.043169e+01,2.048759e+01,2.041071e+01,2.043169e+01,2.040372e+01,2.041770e+01,2.045266e+01,2.040372e+01,2.038274e+01,2.050855e+01,2.044567e+01,2.042470e+01,2.046663e+01,2.053649e+01,2.048061e+01,2.046663e+01,2.057140e+01,2.056442e+01,2.053649e+01,2.059234e+01,2.043169e+01,2.045964e+01,2.049458e+01,2.061327e+01,2.053649e+01,2.052950e+01,2.046663e+01,2.045964e+01,2.049458e+01,2.055045e+01,2.049458e+01,2.049458e+01,2.041071e+01,2.051554e+01,2.048759e+01,2.048061e+01,2.048759e+01,2.039673e+01,2.043169e+01,2.029878e+01,2.044567e+01,2.046663e+01,2.069000e+01,2.043169e+01,2.023577e+01,2.029178e+01,2.028478e+01,2.024977e+01,2.020774e+01
2.016570e+01,2.017972e+01,2.018673e+01,2.015869e+01,2.018673e+01,2.007454e+01,2.019373e+01,2.019373e+01,2.021475e+01,2.022876e+01,2.023577e+01,2.019373e+01,2.013766e+01,2.013766e+01,2.013065e+01,2.014467e+01,2.013065e+01,2.008857e+01,2.016570e+01,2.009559e+01,2.012364e+01,2.014467e+01,2.013766e+01,2.013065e+01,2.004648e+01,2.017271e+01,2.010260e+01,2.008857e+01,2.023577e+01,2.008156e+01,2.021475e+01,2.015168e+01,2.010260e+01,2.013766e+01,2.017271e+01,2.026378e+01,2.006051e+01,2.015168e+01,2.004648e+01,2.015168e+01,2.010961e+01,2.008857e+01,2.015869e+01,2.024977e+01,2.014467e+01,2.018673e+01,2.023577e+01,2.023577e+01,2.022876e+01,2.030578e+01,2.025677e+01,2.039673e+01,2.052252e+01,2.059932e+01,2.036875e+01,2.027078e+01,2.053649e+01,2.078757e+01,2.077363e+01,2.066908e+01,2.064816e+01,2.065513e+01,2.066908e+01,2.074576e+01,2.077363e+01,2.081543e+01,2.066908e+01,2.078757e+01,2.084328e+01,2.090592e+01,2.085024e+01,2.080150e+01,2.116302e+01,2.114914e+01,2.126707e+01,2.159930e+01,2.165457e+01,2.215750e+01,2.168219e+01,2.121852e+01,2.094070e+01,2.073182e+01,2.082935e+01,2.077363e+01,2.117690e+01,2.122546e+01,2.130173e+01,2.130865e+01,2.114220e+01,2.102413e+01,2.131559e+01,2.111443e+01,2.110054e+01,2.141255e+01,2.128786e+01,2.128093e+01,2.130865e+01,2.113526e+01,2.111443e+01,2.082935e+01,2.082935e+01,2.076667e+01,2.082239e+01,2.060629e+01,2.053649e+01,2.071091e+01,2.168219e+01,2.123933e+01,2.048061e+01,2.043868e+01,2.043868e+01,2.032678e+01,2.014467e+01,2.023577e+01,2.016570e+01,2.032678e+01,2.032678e+01,2.033377e+01,2.034777e+01,2.017972e+01,2.027778e+01,2.033377e+01,2.027078e+01,2.031978e+01,2.034777e+01,2.042470e+01,2.044567e+01,2.034777e+01,2.039673e+01,2.036875e+01,2.036176e+01,2.037575e+01,2.033377e+01,2.038274e+01,2.028478e+01,2.029178e+01,2.033377e+01,2.033377e+01,2.029878e+01,2.043169e+01,2.054347e+01,2.038974e+01,2.038974e+01,2.041071e+01,2.029178e+01,2.041770e+01,2.033377e+01,2.040372e+01,2.035476e+01,2.036875e+01,2.037575e+01,2.046663e+01,2.036176e+01,2.041071e+01,2.035476e+01,2.036176e+01,2.043169e+01,2.043169e+01,2.036875e+01,2.058536e+01,2.042470e+01,2.055743e+01,2.049458e+01,2.038274e+01,2.037575e+01,2.038274e+01,2.037575e+01,2.041071e+01,2.041071e+01,2.035476e+01,2.038274e+01,2.036875e+01,2.043169e+01,2.041071e+01,2.042470e+01,2.037575e+01,2.043868e+01,2.042470e+01,2.042470e+01,2.042470e+01,2.014467e+01,2.038274e+01,2.041770e+01,2.041071e+01,2.050157e+01,2.040372e+01,2.043868e+01,2.041770e+01,2.037575e+01,2.032678e+01,2.040372e+01,2.031278e+01,2.045266e+01,2.036875e+01,2.039673e+01,2.043169e+01,2.035476e+01,2.034077e+01,2.038274e+01,2.045964e+01,2.041071e+01,2.034777e+01,2.034777e+01,2.030578e+01,2.050855e+01,2.034077e+01,2.032678e+01,2.031278e+01,2.027078e+01,2.045266e+01,2.038274e+01,2.038274e+01,2.040372e+01,2.040372e+01,2.037575e+01,2.035476e+01,2.036875e+01,2.031278e+01,2.037575e+01,2.038274e+01,2.043868e+01,2.029878e+01,2.020074e+01,1.994117e+01,1.940587e+01,1.898832e+01,1.895995e+01,1.891028e+01,1.905213e+01,1.921501e+01,1.923623e+01,1.908047e+01,1.905213e+01,1.907339e+01,1.905922e+01,1.902378e+01,1.893157e+01,1.891738e+01,1.891028e+01,1.871135e+01,1.869713e+01,1.862598e+01,1.864021e+01,1.841934e+01,1.842648e+01,1.846213e+01,1.835513e+01,1.856902e+01,1.844074e+01,1.840508e+01,1.851203e+01,1.842648e+01,1.841221e+01,1.861174e+01,1.850490e+01,1.856902e+01,1.858326e+01,1.869002e+01,1.854053e+01,1.862598e+01,1.858326e+01,1.869002e+01,1.876823e+01,1.862598e+01,1.883218e+01,1.887479e+01,1.882508e+01,1.892448e+01,1.891028e+01,1.881087e+01,1.881797e+01,1.902378e+01,1.893867e+01,1.903087e+01,1.897414e+01,1.905213e+01,1.924331e+01,1.926452e+01,1.932815e+01,1.949764e+01,1.948352e+01,1.925745e+01,1.938468e+01,1.931402e+01,1.956112e+01,1.934229e+01,1.958932e+01,1.937762e+01,1.953291e+01,1.963865e+01,1.965979e+01,1.969500e+01,1.968092e+01,1.974428e+01,1.982168e+01,2.001139e+01,2.000437e+01,1.995521e+01,2.014467e+01,2.032678e+01,2.045964e+01,2.059932e+01,2.045964e+01,2.056442e+01,2.060629e+01,2.048759e+01,2.067605e+01,2.054347e+01,2.050157e+01,2.047362e+01,2.039673e+01,2.043169e+01,2.043169e+01,2.042470e+01,2.042470e+01,2.042470e+01,2.044567e+01,2.046663e+01,2.048061e+01,2.045266e+01,2.021475e+01,2.035476e+01,2.034777e+01,2.008156e+01,2.006051e+01,1.968796e+01,1.945529e+01,1.946941e+01,1.929281e+01,1.925038e+01,1.929281e+01,1.927160e+01,1.908756e+01,1.903795e+01,1.884638e+01,1.873980e+01,1.876823e+01,1.886769e+01,1.892448e+01,1.888899e+01,1.897414e+01,1.896704e+01,1.895995e+01,1.901669e+01,1.899541e+01,1.891028e+01,1.867579e+01,1.863309e+01,1.863309e+01,1.875401e+01,1.880376e+01,1.869713e+01,1.880376e+01,1.874691e+01,1.877534e+01,1.877534e+01,1.866156e+01,1.864021e+01,1.862598e+01,1.859038e+01,1.857614e+01,1.855477e+01,1.861174e+01,1.873980e+01,1.881797e+01,1.880376e+01,1.874691e+01,1.871847e+01,1.871135e+01,1.874691e+01,1.874691e+01,1.878245e+01,1.881087e+01,1.880376e+01,1.886059e+01,1.889609e+01,1.892448e+01,1.886059e+01,1.890318e+01,1.911590e+01,1.912298e+01,1.916546e+01,1.924331e+01,1.919378e+01,1.944118e+01,1.971613e+01,1.993414e+01,2.041770e+01,2.048061e+01,2.045266e+01,2.052252e+01,2.043169e+01,2.043868e+01,2.051554e+01,2.049458e+01,2.045964e+01,2.038974e+01,2.052252e+01,2.045266e+01,2.038274e+01,2.050855e+01,2.045964e+01,2.047362e+01,2.059932e+01,2.050157e+01,2.049458e+01,2.051554e+01,2.048061e+01,2.055743e+01,2.043868e+01,2.041770e+01,2.055743e+01,2.052950e+01,2.051554e+01,2.055045e+01,2.045964e+01,2.052950e+01,2.048061e+01,2.053649e+01,2.043169e+01,2.052950e+01,2.056442e+01,2.044567e+01,2.053649e+01,2.044567e+01,2.054347e+01,2.041770e+01,2.050157e+01,2.048061e+01,2.050855e+01,2.047362e+01,2.043169e+01,2.040372e+01,2.047362e+01,2.053649e+01,2.048759e+01,2.048061e+01,2.049458e+01,2.050157e+01,2.048061e+01,2.055045e+01,2.050855e+01,2.044567e+01,2.048759e+01,2.040372e+01,2.055743e+01,2.038974e+01,2.043169e+01,2.041071e+01,2.042470e+01,2.039673e+01,2.045964e+01,2.036875e+01,2.050157e+01,2.037575e+01,2.036176e+01,2.045964e+01,2.045964e+01,2.033377e+01,2.036875e+01,2.041071e+01,2.028478e+01,2.042470e+01,2.043169e+01,2.042470e+01,2.041071e+01,2.038974e+01,2.043169e+01,2.037575e+01,2.041071e+01,2.048759e+01,2.041770e+01,2.043868e+01,2.045266e+01,2.041770e+01,2.041770e+01,2.045266e+01,2.038274e+01,2.043868e+01,2.044567e+01,2.042470e+01,2.043868e+01,2.043169e+01,2.038274e+01,2.039673e+01,2.050157e+01,2.045266e+01,2.031978e+01,2.044567e+01,2.043868e+01,2.045266e+01,2.048759e+01,2.038274e+01,2.036875e+01,2.039673e+01,2.043868e+01,2.041071e+01,2.038974e+01,2.038974e+01,2.036176e+01,2.041770e+01,2.045266e+01,2.038274e+01,2.037575e+01,2.035476e+01,2.043868e+01,2.037575e+01,2.043169e+01,2.038274e+01,2.034777e+01,2.038274e+01,2.041770e+01,2.028478e+01,2.040372e+01,2.040372e+01,2.034777e+01,2.028478e+01,2.034077e+01,2.024977e+01,2.033377e+01,2.027778e+01,2.047362e+01,2.038974e+01,2.034077e+01,2.041071e+01,2.030578e+01,2.030578e+01,2.034077e+01,2.041770e+01,2.030578e+01,2.043868e+01,2.031978e+01,2.040372e+01,2.045266e+01,2.039673e+01,2.041770e+01,2.039673e+01,2.036176e+01,2.042470e+01,2.041770e+01,2.031978e+01,2.042470e+01,2.030578e+01,2.038274e+01,2.039673e+01,2.029878e+01,2.029878e+01,2.038274e+01,2.039673e+01,2.035476e+01,2.043169e+01,2.029178e+01,2.031278e+01,2.039673e+01,2.031278e+01,2.027078e+01,2.034777e+01,2.028478e+01,2.034777e+01,2.036176e+01,2.046663e+01,2.038974e+01,2.042470e+01,2.037575e+01,2.029878e+01,2.036176e+01,2.039673e+01,2.037575e+01,2.032678e+01,2.031978e+01,2.036176e+01,2.049458e+01,2.044567e+01,2.051554e+01,2.033377e+01,2.041770e+01,2.052950e+01,2.051554e+01,2.057140e+01,2.049458e+01,2.050855e+01,2.057140e+01,2.052252e+01,2.058536e+01,2.052950e+01,2.060629e+01,2.057838e+01,2.044567e+01,2.056442e+01,2.052252e+01,2.047362e+01,2.043868e+01,2.050157e+01,2.048061e+01,2.050855e+01,2.044567e+01,2.037575e+01,2.054347e+01,2.038274e+01,2.040372e+01,2.039673e+01,2.043868e+01,2.048061e+01,2.048759e+01,2.052950e+01,2.050157e+01,2.052252e+01,2.055743e+01,2.052252e+01,2.051554e+01,2.059234e+01,2.045266e+01,2.043868e+01,2.043868e+01,2.045964e+01,2.044567e+01,2.050157e+01,2.053649e+01,2.048759e+01,2.051554e+01,2.050855e+01,2.052950e+01,2.053649e+01,2.037575e+01,2.041770e+01,2.050157e+01,2.045266e+01,2.041770e+01,2.030578e+01,2.029878e+01,2.031278e+01,2.045266e+01,2.034077e+01,2.035476e+01,2.040372e+01,2.036176e+01,2.044567e+01,2.026378e+01,2.028478e+01,2.022876e+01
2.023577e+01,2.021475e+01,2.004648e+01,2.014467e+01,2.017972e+01,2.013766e+01,2.016570e+01,2.017271e+01,2.024977e+01,2.020774e+01,2.010260e+01,2.021475e+01,2.015869e+01,2.016570e+01,2.010260e+01,2.008156e+01,2.008156e+01,2.008857e+01,2.008156e+01,2.007454e+01,2.013766e+01,2.007454e+01,2.012364e+01,2.005350e+01,2.015168e+01,2.003244e+01,2.010260e+01,2.003244e+01,2.015869e+01,2.015168e+01,2.003244e+01,2.002542e+01,2.007454e+01,2.013065e+01,2.010260e+01,2.010961e+01,2.014467e+01,2.017271e+01,2.001841e+01,2.011663e+01,2.006051e+01,2.027078e+01,2.010260e+01,2.009559e+01,2.020074e+01,2.032678e+01,2.017972e+01,2.001139e+01,2.000437e+01,2.018673e+01,2.024977e+01,1.997628e+01,2.028478e+01,2.028478e+01,2.027078e+01,2.022876e+01,2.022876e+01,2.054347e+01,2.069697e+01,2.066211e+01,2.062723e+01,2.051554e+01,2.066908e+01,2.059234e+01,2.062723e+01,2.078757e+01,2.081543e+01,2.073879e+01,2.079453e+01,2.085024e+01,2.079453e+01,2.066908e+01,2.087112e+01,2.057838e+01,2.118384e+01,2.120465e+01,2.160621e+01,2.157857e+01,2.155092e+01,2.098242e+01,2.077363e+01,2.064118e+01,2.090592e+01,2.073879e+01,2.075970e+01,2.110748e+01,2.091983e+01,2.103107e+01,2.106581e+01,2.107971e+01,2.107276e+01,2.112137e+01,2.113526e+01,2.080846e+01,2.080846e+01,2.078060e+01,2.075273e+01,2.073879e+01,2.094070e+01,2.085024e+01,2.110054e+01,2.079453e+01,2.062025e+01,2.033377e+01,2.044567e+01,2.044567e+01,2.041770e+01,2.053649e+01,2.032678e+01,2.036875e+01,2.026378e+01,2.029178e+01,2.038274e+01,2.019373e+01,2.027078e+01,2.028478e+01,2.022176e+01,2.029178e+01,2.023577e+01,2.039673e+01,2.026378e+01,2.036875e+01,2.034777e+01,2.038974e+01,2.036875e+01,2.034777e+01,2.033377e+01,2.036176e+01,2.036875e+01,2.031278e+01,2.043868e+01,2.034077e+01,2.040372e+01,2.041770e+01,2.033377e+01,2.041770e+01,2.031978e+01,2.034077e+01,2.031978e+01,2.038274e+01,2.036176e+01,2.030578e+01,2.039673e+01,2.032678e+01,2.034777e+01,2.032678e+01,2.032678e+01,2.041770e+01,2.034077e+01,2.045266e+01,2.033377e+01,2.045964e+01,2.013065e+01,2.041071e+01,2.038274e+01,2.038974e+01,2.042470e+01,2.039673e+01,2.039673e+01,2.037575e+01,2.041071e+01,2.039673e+01,2.040372e+01,2.053649e+01,2.031278e+01,2.040372e+01,2.036176e+01,2.043169e+01,2.036875e+01,2.037575e+01,2.036176e+01,2.035476e+01,2.042470e+01,2.040372e+01,2.043169e+01,2.044567e+01,2.029178e+01,2.045266e+01,2.036176e+01,2.035476e+01,2.036875e+01,2.038274e+01,2.036875e+01,2.038274e+01,2.037575e+01,2.034077e+01,2.037575e+01,2.036875e+01,2.037575e+01,2.033377e+01,2.039673e+01,2.034777e+01,2.040372e+01,2.038274e+01,2.036875e+01,2.043169e+01,2.043169e+01,2.033377e+01,2.032678e+01,2.037575e+01,2.038274e+01,2.034077e+01,2.037575e+01,2.035476e+01,2.034077e+01,2.032678e+01,2.034777e+01,2.032678e+01,2.033377e+01,2.037575e+01,2.037575e+01,2.035476e+01,2.041770e+01,2.038974e+01,2.042470e+01,2.041071e+01,2.024277e+01,2.027778e+01,2.032678e+01,2.023577e+01,2.023577e+01,2.001139e+01,2.001841e+01,1.942705e+01,1.895995e+01,1.909464e+01,1.892448e+01,1.903087e+01,1.916546e+01,1.923623e+01,1.915130e+01,1.918670e+01,1.908047e+01,1.899541e+01,1.904504e+01,1.891028e+01,1.895995e+01,1.890318e+01,1.865444e+01,1.869713e+01,1.846213e+01,1.849064e+01,1.851915e+01,1.847639e+01,1.841934e+01,1.851203e+01,1.841934e+01,1.841934e+01,1.842648e+01,1.846926e+01,1.845500e+01,1.841221e+01,1.833372e+01,1.848352e+01,1.835513e+01,1.861174e+01,1.857614e+01,1.864021e+01,1.868290e+01,1.866156e+01,1.854053e+01,1.865444e+01,1.862598e+01,1.872558e+01,1.878955e+01,1.876823e+01,1.902378e+01,1.884638e+01,1.889609e+01,1.895286e+01,1.883218e+01,1.899541e+01,1.888899e+01,1.890318e+01,1.891738e+01,1.893157e+01,1.895995e+01,1.932815e+01,1.944823e+01,1.950469e+01,1.959637e+01,1.940587e+01,1.958932e+01,1.956817e+01,1.962456e+01,1.961047e+01,1.963161e+01,1.959637e+01,1.968796e+01,1.984277e+01,1.967388e+01,1.970205e+01,1.965979e+01,1.970205e+01,1.965979e+01,1.967388e+01,1.984277e+01,2.003244e+01,1.995521e+01,2.030578e+01,2.039673e+01,2.041770e+01,2.050157e+01,2.059234e+01,2.062025e+01,2.050157e+01,2.052252e+01,2.063420e+01,2.072486e+01,2.052252e+01,2.041770e+01,2.041071e+01,2.040372e+01,2.039673e+01,2.039673e+01,2.044567e+01,2.043868e+01,2.039673e+01,2.043169e+01,2.043169e+01,2.045964e+01,2.016570e+01,2.020774e+01,1.969500e+01,1.963865e+01,1.932109e+01,1.925745e+01,1.922208e+01,1.929281e+01,1.927867e+01,1.930695e+01,1.929988e+01,1.934936e+01,1.922208e+01,1.885349e+01,1.906630e+01,1.883218e+01,1.885349e+01,1.876823e+01,1.886769e+01,1.886059e+01,1.902378e+01,1.892448e+01,1.893157e+01,1.891738e+01,1.898832e+01,1.882508e+01,1.864733e+01,1.862598e+01,1.875401e+01,1.883928e+01,1.898832e+01,1.900960e+01,1.899541e+01,1.881087e+01,1.883928e+01,1.866156e+01,1.860462e+01,1.859750e+01,1.859038e+01,1.853340e+01,1.856190e+01,1.859038e+01,1.881087e+01,1.866867e+01,1.892448e+01,1.871847e+01,1.893157e+01,1.878245e+01,1.877534e+01,1.869713e+01,1.878245e+01,1.891028e+01,1.886059e+01,1.897414e+01,1.891028e+01,1.889609e+01,1.900251e+01,1.898832e+01,1.913714e+01,1.898123e+01,1.918670e+01,1.925038e+01,1.929988e+01,1.941999e+01,1.964570e+01,1.993414e+01,2.046663e+01,2.046663e+01,2.048759e+01,2.043169e+01,2.049458e+01,2.038274e+01,2.050855e+01,2.047362e+01,2.055045e+01,2.050157e+01,2.050855e+01,2.041770e+01,2.051554e+01,2.041770e+01,2.049458e+01,2.048759e+01,2.047362e+01,2.061327e+01,2.050855e+01,2.048759e+01,2.055045e+01,2.048759e+01,2.048759e+01,2.052950e+01,2.052950e+01,2.039673e+01,2.051554e+01,2.052950e+01,2.054347e+01,2.048759e+01,2.050157e+01,2.052252e+01,2.045964e+01,2.054347e+01,2.056442e+01,2.052252e+01,2.053649e+01,2.045266e+01,2.045266e+01,2.048061e+01,2.048759e+01,2.067605e+01,2.053649e+01,2.052252e+01,2.052252e+01,2.048061e+01,2.052252e+01,2.052950e+01,2.046663e+01,2.050157e+01,2.045266e+01,2.045964e+01,2.045964e+01,2.046663e+01,2.050855e+01,2.051554e+01,2.051554e+01,2.062025e+01,2.039673e+01,2.042470e+01,2.041770e+01,2.051554e+01,2.041071e+01,2.037575e+01,2.041770e+01,2.042470e+01,2.054347e+01,2.040372e+01,2.038974e+01,2.048759e+01,2.043169e+01,2.038274e+01,2.041071e+01,2.015869e+01,2.041071e+01,2.042470e+01,2.041071e+01,2.042470e+01,2.043868e+01,2.042470e+01,2.043868e+01,2.038274e+01,2.045964e+01,2.043169e+01,2.034077e+01,2.050855e+01,2.041770e+01,2.049458e+01,2.054347e+01,2.042470e+01,2.036176e+01,2.045964e+01,2.044567e+01,2.041770e+01,2.052950e+01,2.051554e+01,2.047362e+01,2.052252e+01,2.051554e+01,2.045964e+01,2.045266e+01,2.043868e+01,2.036875e+01,2.055743e+01,2.035476e+01,2.039673e+01,2.041071e+01,2.041071e+01,2.043169e+01,2.042470e+01,2.038274e+01,2.048061e+01,2.041071e+01,2.038974e+01,2.041770e+01,2.036176e+01,2.039673e+01,2.038274e+01,2.043868e+01,2.036875e+01,2.035476e+01,2.036176e+01,2.034077e+01,2.037575e+01,2.041071e+01,2.030578e+01,2.034777e+01,2.041071e+01,2.035476e+01,2.038274e+01,2.028478e+01,2.026378e+01,2.024977e+01,2.032678e+01,2.030578e+01,2.034077e+01,2.032678e+01,2.034777e+01,2.038274e+01,2.039673e+01,2.041071e+01,2.030578e+01,2.034077e+01,2.043169e+01,2.039673e+01,2.044567e+01,2.043169e+01,2.028478e+01,2.041770e+01,2.036875e+01,2.043868e+01,2.031978e+01,2.042470e+01,2.041770e+01,2.028478e+01,2.034077e+01,2.044567e+01,2.045266e+01,2.037575e+01,2.031278e+01,2.036875e+01,2.026378e+01,2.041071e+01,2.043868e+01,2.038274e+01,2.040372e+01,2.030578e+01,2.032678e+01,2.030578e+01,2.029878e+01,2.029178e+01,2.027778e+01,2.033377e+01,2.011663e+01,2.034777e+01,2.010961e+01,2.038274e+01,2.043169e+01,2.037575e+01,2.036875e+01,2.037575e+01,2.050157e+01,2.028478e+01,2.038974e+01,2.035476e+01,2.041770e+01,2.036875e+01,2.049458e+01,2.043169e+01,2.060629e+01,2.045964e+01,2.039673e+01,2.059234e+01,2.045964e+01,2.045266e+01,2.047362e+01,2.058536e+01,2.048061e+01,2.059234e+01,2.048061e+01,2.059932e+01,2.045964e+01,2.052950e+01,2.048061e+01,2.055045e+01,2.048061e+01,2.048061e+01,2.052950e+01,2.049458e+01,2.041770e+01,2.043169e+01,2.043868e+01,2.064816e+01,2.040372e+01,2.041071e+01,2.049458e+01,2.050855e+01,2.052950e+01,2.053649e+01,2.042470e+01,2.050855e+01,2.052950e+01,2.049458e+01,2.047362e+01,2.060629e+01,2.055743e+01,2.055743e+01,2.056442e+01,2.045964e+01,2.055743e+01,2.055743e+01,2.055743e+01,2.052252e+01,2.064118e+01,2.057838e+01,2.058536e+01,2.052950e+01,2.051554e+01,2.041770e+01,2.040372e+01,2.027078e+01,2.047362e+01,2.039673e+01,2.034777e+01,2.045266e+01,2.042470e+01,2.044567e+01,2.046663e+01,2.034077e+01,2.028478e+01,2.034777e+01,2.043169e+01,2.034777e+01
2.017972e+01,2.014467e+01,2.010260e+01,2.010961e+01,2.007454e+01,2.007454e+01,2.013766e+01,2.010260e+01,2.013766e+01,2.012364e+01,2.018673e+01,2.020074e+01,2.020074e+01,2.013065e+01,2.015869e+01,2.010260e+01,2.014467e+01,2.020774e+01,1.999033e+01,2.001841e+01,2.006051e+01,2.006753e+01,2.014467e+01,2.006753e+01,2.011663e+01,2.013766e+01,2.016570e+01,2.020074e+01,1.971613e+01,2.016570e+01,2.016570e+01,2.011663e+01,2.015168e+01,1.999735e+01,2.017271e+01,2.021475e+01,2.001841e+01,2.010961e+01,2.008156e+01,2.010961e+01,2.008857e+01,2.001841e+01,2.008857e+01,2.001139e+01,2.012364e+01,2.017972e+01,2.015869e+01,2.001841e+01,2.008857e+01,2.001841e+01,2.017972e+01,2.008857e+01,2.015869e+01,2.003244e+01,2.015168e+01,2.024277e+01,2.023577e+01,2.022876e+01,2.050855e+01,2.037575e+01,2.035476e+01,2.063420e+01,2.043868e+01,2.050855e+01,2.067605e+01,2.078060e+01,2.071789e+01,2.067605e+01,2.082239e+01,2.054347e+01,2.069000e+01,2.076667e+01,2.082239e+01,2.067605e+01,2.070394e+01,2.086416e+01,2.105192e+01,2.117690e+01,2.094070e+01,2.078060e+01,2.073182e+01,2.064816e+01,2.069000e+01,2.059932e+01,2.045964e+01,2.057140e+01,2.042470e+01,2.065513e+01,2.043169e+01,2.066211e+01,2.067605e+01,2.069000e+01,2.070394e+01,2.076667e+01,2.071789e+01,2.053649e+01,2.061327e+01,2.062723e+01,2.089896e+01,2.150943e+01,2.141948e+01,2.082935e+01,2.067605e+01,2.052950e+01,2.030578e+01,2.042470e+01,2.031278e+01,2.017972e+01,2.034777e+01,2.041071e+01,2.044567e+01,2.038274e+01,2.039673e+01,2.014467e+01,2.014467e+01,2.026378e+01,2.034777e+01,2.027078e+01,2.029878e+01,2.032678e+01,2.030578e+01,2.030578e+01,2.024277e+01,2.034777e+01,2.028478e+01,2.029878e+01,2.041071e+01,2.036875e+01,2.036176e+01,2.034777e+01,2.032678e+01,2.036875e+01,2.041770e+01,2.038274e+01,2.033377e+01,2.062025e+01,2.042470e+01,2.043169e+01,2.029178e+01,2.034777e+01,2.040372e+01,2.030578e+01,2.043169e+01,2.041770e+01,2.038974e+01,2.041071e+01,2.041071e+01,2.033377e+01,2.034777e+01,2.034077e+01,2.038274e+01,2.033377e+01,2.034077e+01,2.035476e+01,2.041770e+01,2.043868e+01,2.036176e+01,2.042470e+01,2.039673e+01,2.040372e+01,2.045266e+01,2.035476e+01,2.041770e+01,2.035476e+01,2.039673e+01,2.044567e+01,2.034077e+01,2.043868e+01,2.038974e+01,2.038274e+01,2.030578e+01,2.043868e+01,2.041770e+01,2.030578e+01,2.044567e+01,2.044567e+01,2.043169e+01,2.045266e+01,2.043868e+01,2.047362e+01,2.045964e+01,2.041071e+01,2.041071e+01,2.042470e+01,2.046663e+01,2.041071e+01,2.036875e+01,2.039673e+01,2.032678e+01,2.029178e+01,2.033377e+01,2.038274e+01,2.028478e+01,2.038274e+01,2.031278e+01,2.036875e+01,2.034777e+01,2.033377e+01,2.036875e+01,2.049458e+01,2.038274e+01,2.034777e+01,2.035476e+01,2.043868e+01,2.034077e+01,2.029178e+01,2.032678e+01,2.034777e+01,2.036176e+01,2.043868e+01,2.034077e+01,2.029178e+01,2.036875e+01,2.038974e+01,2.040372e+01,2.039673e+01,2.029178e+01,2.024977e+01,2.020074e+01,2.018673e+01,2.034077e+01,2.003244e+01,1.943411e+01,1.899541e+01,1.886059e+01,1.893157e+01,1.904504e+01,1.906630e+01,1.917962e+01,1.913714e+01,1.922208e+01,1.905213e+01,1.905213e+01,1.877534e+01,1.886769e+01,1.892448e+01,1.890318e+01,1.870424e+01,1.867579e+01,1.866156e+01,1.864733e+01,1.843361e+01,1.844074e+01,1.844074e+01,1.835513e+01,1.848352e+01,1.849777e+01,1.836227e+01,1.836940e+01,1.842648e+01,1.838367e+01,1.836227e+01,1.830515e+01,1.832658e+01,1.836940e+01,1.859038e+01,1.862598e+01,1.866156e+01,1.868290e+01,1.857614e+01,1.858326e+01,1.868290e+01,1.866156e+01,1.868290e+01,1.867579e+01,1.875401e+01,1.877534e+01,1.887479e+01,1.904504e+01,1.895995e+01,1.878955e+01,1.886769e+01,1.882508e+01,1.890318e+01,1.890318e+01,1.894576e+01,1.907339e+01,1.940587e+01,1.954701e+01,1.946941e+01,1.944823e+01,1.944118e+01,1.961047e+01,1.946941e+01,1.957522e+01,1.961047e+01,1.965274e+01,1.963865e+01,1.965979e+01,1.966683e+01,1.968796e+01,1.970205e+01,1.968092e+01,1.968796e+01,1.967388e+01,1.978650e+01,1.981464e+01,2.012364e+01,2.017271e+01,2.032678e+01,2.033377e+01,2.041071e+01,2.053649e+01,2.055045e+01,2.057140e+01,2.058536e+01,2.055743e+01,2.070394e+01,2.053649e+01,2.055743e+01,2.055045e+01,2.039673e+01,2.038974e+01,2.040372e+01,2.041071e+01,2.037575e+01,2.044567e+01,2.042470e+01,2.043868e+01,2.039673e+01,2.037575e+01,2.009559e+01,1.979354e+01,1.951880e+01,1.940587e+01,1.943411e+01,1.929988e+01,1.925745e+01,1.924331e+01,1.919378e+01,1.927867e+01,1.949764e+01,1.939174e+01,1.928574e+01,1.905213e+01,1.892448e+01,1.879666e+01,1.881087e+01,1.878955e+01,1.868290e+01,1.883218e+01,1.866156e+01,1.878955e+01,1.900960e+01,1.897414e+01,1.898832e+01,1.874691e+01,1.861886e+01,1.863309e+01,1.861174e+01,1.862598e+01,1.898123e+01,1.897414e+01,1.894576e+01,1.901669e+01,1.873980e+01,1.867579e+01,1.862598e+01,1.865444e+01,1.860462e+01,1.858326e+01,1.846926e+01,1.853340e+01,1.864733e+01,1.851203e+01,1.863309e+01,1.867579e+01,1.873980e+01,1.875401e+01,1.885349e+01,1.878245e+01,1.881087e+01,1.900251e+01,1.893157e+01,1.894576e+01,1.891028e+01,1.891028e+01,1.889609e+01,1.861174e+01,1.886059e+01,1.894576e+01,1.906630e+01,1.919378e+01,1.911590e+01,1.922916e+01,1.958932e+01,2.013065e+01,2.034777e+01,2.045964e+01,2.043169e+01,2.048759e+01,2.043169e+01,2.041071e+01,2.052950e+01,2.052950e+01,2.036176e+01,2.038274e+01,2.050157e+01,2.045266e+01,2.045964e+01,2.043169e+01,2.050157e+01,2.050855e+01,2.057838e+01,2.050157e+01,2.050157e+01,2.043169e+01,2.057838e+01,2.058536e+01,2.048061e+01,2.055743e+01,2.053649e+01,2.045964e+01,2.052252e+01,2.049458e+01,2.052252e+01,2.052252e+01,2.043868e+01,2.045964e+01,2.047362e+01,2.047362e+01,2.054347e+01,2.048759e+01,2.050855e+01,2.044567e+01,2.048759e+01,2.041071e+01,2.055743e+01,2.050855e+01,2.042470e+01,2.052252e+01,2.045964e+01,2.053649e+01,2.058536e+01,2.056442e+01,2.063420e+01,2.051554e+01,2.049458e+01,2.052252e+01,2.047362e+01,2.053649e+01,2.043868e+01,2.031278e+01,2.031978e+01,2.040372e+01,2.041770e+01,2.048759e+01,2.039673e+01,2.043868e+01,2.041770e+01,2.057838e+01,2.041071e+01,2.040372e+01,2.045964e+01,2.040372e+01,2.050157e+01,2.030578e+01,2.043169e+01,2.046663e+01,2.032678e+01,2.038274e+01,2.044567e+01,2.038974e+01,2.039673e+01,2.034077e+01,2.039673e+01,2.051554e+01,2.038274e+01,2.038974e+01,2.046663e+01,2.050157e+01,2.045964e+01,2.041770e+01,2.039673e+01,2.047362e+01,2.036176e+01,2.043868e+01,2.038974e+01,2.037575e+01,2.047362e+01,2.040372e+01,2.027078e+01,2.034777e+01,2.044567e+01,2.050855e+01,2.050157e+01,2.048759e+01,2.037575e+01,2.037575e+01,2.040372e+01,2.037575e+01,2.038974e+01,2.036176e+01,2.036875e+01,2.031978e+01,2.033377e+01,2.039673e+01,2.045964e+01,2.031278e+01,2.037575e+01,2.037575e+01,2.038274e+01,2.038974e+01,2.034777e+01,2.038974e+01,2.036875e+01,2.038274e+01,2.044567e+01,2.037575e+01,2.034077e+01,2.032678e+01,2.036176e+01,2.041071e+01,2.034077e+01,2.036875e+01,2.037575e+01,2.039673e+01,2.026378e+01,2.027078e+01,2.030578e+01,2.030578e+01,2.029178e+01,2.026378e+01,2.031978e+01,2.032678e+01,2.031978e+01,2.034077e+01,2.031278e+01,2.040372e+01,2.036176e+01,2.044567e+01,2.043868e+01,2.043169e+01,2.033377e+01,2.039673e+01,2.040372e+01,2.026378e+01,2.041071e+01,2.034777e+01,2.031278e+01,2.034777e+01,2.029878e+01,2.034077e+01,2.035476e+01,2.029178e+01,2.038974e+01,2.030578e+01,2.032678e+01,2.029178e+01,2.042470e+01,2.039673e+01,2.034077e+01,2.038274e+01,2.031978e+01,2.029878e+01,2.029878e+01,2.031978e+01,2.029178e+01,2.038974e+01,2.040372e+01,2.034077e+01,2.046663e+01,2.037575e+01,2.037575e+01,2.041071e+01,2.034777e+01,2.041770e+01,2.034777e+01,2.044567e+01,2.044567e+01,2.038974e+01,2.035476e+01,2.038974e+01,2.050855e+01,2.049458e+01,2.046663e+01,2.043868e+01,2.043868e+01,2.057838e+01,2.059932e+01,2.049458e+01,2.043169e+01,2.045266e+01,2.043169e+01,2.043169e+01,2.046663e+01,2.052950e+01,2.046663e+01,2.046663e+01,2.048759e+01,2.047362e+01,2.043169e+01,2.046663e+01,2.050157e+01,2.048759e+01,2.045964e+01,2.052950e+01,2.055045e+01,2.054347e+01,2.045266e+01,2.046663e+01,2.049458e+01,2.039673e+01,2.035476e+01,2.052252e+01,2.031278e+01,2.055743e+01,2.048061e+01,2.049458e+01,2.046663e+01,2.046663e+01,2.048759e+01,2.048061e+01,2.045266e+01,2.047362e+01,2.049458e+01,2.052252e+01,2.043169e+01,2.056442e+01,2.053649e+01,2.044567e+01,2.055743e+01,2.046663e+01,2.040372e+01,2.039673e+01,2.040372e+01,2.043169e+01,2.036176e+01,2.052950e+01,2.045266e+01,2.028478e+01,2.041770e+01,2.046663e+01,2.049458e+01,2.043868e+01,2.031978e+01,2.030578e+01,2.025677e+01,2.031978e+01,2.030578e+01
2.017972e+01,2.015869e+01,2.013065e+01,2.015869e+01,2.008857e+01,2.013766e+01,2.006051e+01,2.015168e+01,2.011663e+01,1.999033e+01,2.007454e+01,2.038974e+01,2.014467e+01,2.000437e+01,1.998330e+01,2.014467e+01,2.003244e+01,2.008156e+01,2.017972e+01,2.002542e+01,2.029178e+01,2.003946e+01,2.020074e+01,2.004648e+01,2.010260e+01,2.013065e+01,2.006753e+01,2.008156e+01,2.008857e+01,2.021475e+01,2.012364e+01,2.022176e+01,2.003946e+01,2.017271e+01,2.018673e+01,2.012364e+01,2.010260e+01,2.008857e+01,2.014467e+01,2.010961e+01,2.009559e+01,2.002542e+01,2.011663e+01,2.009559e+01,2.011663e+01,2.003244e+01,2.016570e+01,2.003244e+01,1.993414e+01,2.010961e+01,2.017271e+01,2.006051e+01,2.020074e+01,1.997628e+01,2.017271e+01,2.008857e+01,2.021475e+01,2.016570e+01,2.022176e+01,2.019373e+01,2.033377e+01,2.024277e+01,2.031978e+01,2.056442e+01,2.059234e+01,2.070394e+01,2.057140e+01,2.071789e+01,2.073879e+01,2.072486e+01,2.062025e+01,2.073182e+01,2.075970e+01,2.069000e+01,2.070394e+01,2.090592e+01,2.076667e+01,2.073182e+01,2.071789e+01,2.075970e+01,2.075970e+01,2.061327e+01,2.055045e+01,2.062025e+01,2.026378e+01,2.024277e+01,2.028478e+01,2.040372e+01,2.036875e+01,2.029878e+01,2.045266e+01,2.045964e+01,2.033377e+01,2.050157e+01,2.054347e+01,2.049458e+01,2.071091e+01,2.055743e+01,2.088504e+01,2.084328e+01,2.089896e+01,2.102413e+01,2.048759e+01,2.044567e+01,2.048061e+01,2.031278e+01,2.038974e+01,2.025677e+01,2.034777e+01,2.028478e+01,2.030578e+01,2.033377e+01,2.031978e+01,2.022176e+01,2.023577e+01,2.026378e+01,2.026378e+01,2.025677e+01,2.031978e+01,2.033377e+01,2.031278e+01,2.026378e+01,2.031978e+01,2.031278e+01,2.034077e+01,2.033377e+01,2.033377e+01,2.033377e+01,2.043868e+01,2.031978e+01,2.023577e+01,2.029178e+01,2.041770e+01,2.039673e+01,2.039673e+01,2.038974e+01,2.050157e+01,2.041770e+01,2.043868e+01,2.031978e+01,2.043169e+01,2.043169e+01,2.035476e+01,2.031978e+01,2.035476e+01,2.035476e+01,2.032678e+01,2.034077e+01,2.051554e+01,2.036875e+01,2.034777e+01,2.032678e+01,2.039673e+01,2.038974e+01,2.040372e+01,2.041071e+01,2.039673e+01,2.046663e+01,2.033377e+01,2.055743e+01,2.038974e+01,2.039673e+01,2.038974e+01,2.035476e+01,2.036176e+01,2.031978e+01,2.034777e+01,2.033377e+01,2.038274e+01,2.038274e+01,2.043868e+01,2.037575e+01,2.034777e+01,2.043169e+01,2.032678e+01,2.035476e+01,2.036875e+01,2.046663e+01,2.029178e+01,2.031978e+01,2.045964e+01,2.040372e+01,2.043169e+01,2.037575e+01,2.036176e+01,2.042470e+01,2.035476e+01,2.042470e+01,2.037575e+01,2.036176e+01,2.036176e+01,2.035476e+01,2.034777e+01,2.038974e+01,2.036875e+01,2.045266e+01,2.036176e+01,2.037575e+01,2.032678e+01,2.038274e+01,2.034077e+01,2.041770e+01,2.032678e+01,2.027078e+01,2.029878e+01,2.033377e+01,2.032678e+01,2.038974e+01,2.030578e+01,2.033377e+01,2.028478e+01,2.038274e+01,2.028478e+01,2.043169e+01,2.029878e+01,2.045964e+01,2.029878e+01,2.029178e+01,2.028478e+01,2.005350e+01,1.999735e+01,1.965979e+01,1.911590e+01,1.886769e+01,1.896704e+01,1.900960e+01,1.898832e+01,1.907339e+01,1.901669e+01,1.922208e+01,1.903795e+01,1.895286e+01,1.898832e+01,1.903087e+01,1.881087e+01,1.881087e+01,1.861886e+01,1.865444e+01,1.871135e+01,1.866156e+01,1.844787e+01,1.858326e+01,1.846926e+01,1.841934e+01,1.853340e+01,1.846213e+01,1.839081e+01,1.838367e+01,1.840508e+01,1.834799e+01,1.841221e+01,1.841934e+01,1.830515e+01,1.831944e+01,1.834085e+01,1.840508e+01,1.846926e+01,1.858326e+01,1.860462e+01,1.858326e+01,1.857614e+01,1.861886e+01,1.858326e+01,1.866867e+01,1.883218e+01,1.891738e+01,1.884638e+01,1.891738e+01,1.888899e+01,1.872558e+01,1.900960e+01,1.888899e+01,1.903087e+01,1.901669e+01,1.893157e+01,1.910881e+01,1.908047e+01,1.930695e+01,1.949764e+01,1.963865e+01,1.957522e+01,1.953996e+01,1.942705e+01,1.961047e+01,1.968092e+01,1.981464e+01,1.961751e+01,1.965274e+01,1.965274e+01,1.985683e+01,1.972317e+01,1.985683e+01,1.972317e+01,1.988495e+01,1.988495e+01,1.996926e+01,2.013065e+01,2.017271e+01,2.038274e+01,2.055743e+01,2.047362e+01,2.047362e+01,2.041770e+01,2.073182e+01,2.057838e+01,2.060629e+01,2.057838e+01,2.059234e+01,2.061327e+01,2.056442e+01,2.042470e+01,2.038974e+01,2.040372e+01,2.040372e+01,2.036875e+01,2.034777e+01,2.035476e+01,2.033377e+01,2.045964e+01,2.028478e+01,2.028478e+01,2.005350e+01,1.962456e+01,1.953996e+01,1.947647e+01,1.935642e+01,1.934229e+01,1.924331e+01,1.927160e+01,1.923623e+01,1.931402e+01,1.925038e+01,1.926452e+01,1.927867e+01,1.917254e+01,1.898832e+01,1.883928e+01,1.881797e+01,1.870424e+01,1.873269e+01,1.883928e+01,1.862598e+01,1.859750e+01,1.873980e+01,1.873980e+01,1.876112e+01,1.877534e+01,1.854053e+01,1.844787e+01,1.863309e+01,1.854765e+01,1.876112e+01,1.894576e+01,1.894576e+01,1.900960e+01,1.886059e+01,1.889609e+01,1.866156e+01,1.864733e+01,1.864021e+01,1.856190e+01,1.856902e+01,1.864733e+01,1.855477e+01,1.866867e+01,1.866867e+01,1.854765e+01,1.856902e+01,1.875401e+01,1.876823e+01,1.889609e+01,1.881087e+01,1.895286e+01,1.900960e+01,1.888189e+01,1.894576e+01,1.909464e+01,1.884638e+01,1.891028e+01,1.906630e+01,1.900251e+01,1.900251e+01,1.904504e+01,1.920793e+01,1.931402e+01,1.968796e+01,2.015168e+01,2.048759e+01,2.040372e+01,2.046663e+01,2.045266e+01,2.041770e+01,2.046663e+01,2.046663e+01,2.050855e+01,2.048061e+01,2.049458e+01,2.052252e+01,2.050157e+01,2.043169e+01,2.048061e+01,2.048061e+01,2.049458e+01,2.055045e+01,2.050855e+01,2.048759e+01,2.046663e+01,2.053649e+01,2.052950e+01,2.055743e+01,2.057838e+01,2.059932e+01,2.057838e+01,2.052252e+01,2.048759e+01,2.055743e+01,2.045266e+01,2.043868e+01,2.055045e+01,2.046663e+01,2.053649e+01,2.054347e+01,2.037575e+01,2.050157e+01,2.047362e+01,2.038274e+01,2.041071e+01,2.050855e+01,2.051554e+01,2.053649e+01,2.052252e+01,2.049458e+01,2.042470e+01,2.046663e+01,2.046663e+01,2.046663e+01,2.045964e+01,2.049458e+01,2.047362e+01,2.045964e+01,2.045964e+01,2.044567e+01,2.045266e+01,2.049458e+01,2.054347e+01,2.036176e+01,2.041071e+01,2.060629e+01,2.044567e+01,2.035476e+01,2.040372e+01,2.043868e+01,2.042470e+01,2.038274e+01,2.045964e+01,2.041071e+01,2.046663e+01,2.036875e+01,2.037575e+01,2.042470e+01,2.047362e+01,2.027778e+01,2.040372e+01,2.040372e+01,2.043868e+01,2.043169e+01,2.041770e+01,2.052252e+01,2.038974e+01,2.051554e+01,2.038274e+01,2.041071e+01,2.043169e+01,2.055743e+01,2.045964e+01,2.036875e+01,2.034777e+01,2.051554e+01,2.034777e+01,2.042470e+01,2.033377e+01,2.046663e+01,2.051554e+01,2.052950e+01,2.032678e+01,2.055045e+01,2.034077e+01,2.034077e+01,2.038974e+01,2.035476e+01,2.038274e+01,2.036875e+01,2.034077e+01,2.052252e+01,2.044567e+01,2.032678e+01,2.049458e+01,2.033377e+01,2.042470e+01,2.031978e+01,2.037575e+01,2.031278e+01,2.029878e+01,2.022876e+01,2.034777e+01,2.038274e+01,2.031978e+01,2.035476e+01,2.041071e+01,2.031278e+01,2.027078e+01,2.024977e+01,2.033377e+01,2.041770e+01,2.044567e+01,2.030578e+01,2.028478e+01,2.048759e+01,2.026378e+01,2.035476e+01,2.031278e+01,2.041770e+01,2.034777e+01,2.035476e+01,2.031278e+01,2.039673e+01,2.029878e+01,2.030578e+01,2.029178e+01,2.029878e+01,2.036875e+01,2.029878e+01,2.043169e+01,2.037575e+01,2.024977e+01,2.039673e+01,2.039673e+01,2.041770e+01,2.037575e+01,2.038274e+01,2.034077e+01,2.034777e+01,2.034077e+01,2.025677e+01,2.036176e+01,2.034777e+01,2.041770e+01,2.044567e+01,2.030578e+01,2.034777e+01,2.027078e+01,2.027778e+01,2.026378e+01,2.041071e+01,2.029878e+01,2.027778e+01,2.030578e+01,2.030578e+01,2.029178e+01,2.031978e+01,2.041071e+01,2.031278e+01,2.034077e+01,2.037575e+01,2.040372e+01,2.041071e+01,2.034777e+01,2.036176e+01,2.037575e+01,2.043868e+01,2.036875e+01,2.069697e+01,2.039673e+01,2.050157e+01,2.052252e+01,2.050855e+01,2.047362e+01,2.053649e+01,2.050157e+01,2.048061e+01,2.049458e+01,2.031978e+01,2.050157e+01,2.049458e+01,2.047362e+01,2.053649e+01,2.057838e+01,2.038974e+01,2.048061e+01,2.064816e+01,2.061327e+01,2.048061e+01,2.040372e+01,2.045266e+01,2.037575e+01,2.047362e+01,2.050157e+01,2.041071e+01,2.044567e+01,2.055743e+01,2.049458e+01,2.048759e+01,2.045266e+01,2.051554e+01,2.034077e+01,2.049458e+01,2.053649e+01,2.053649e+01,2.052252e+01,2.055045e+01,2.067605e+01,2.055743e+01,2.046663e+01,2.063420e+01,2.045266e+01,2.052950e+01,2.052950e+01,2.055045e+01,2.048759e+01,2.043169e+01,2.045964e+01,2.046663e+01,2.055045e+01,2.055045e+01,2.044567e+01,2.054347e+01,2.036176e+01,2.041770e+01,2.038974e+01,2.031978e+01,2.038974e+01,2.030578e+01,2.045964e+01,2.045266e+01,2.043868e+01,2.028478e+01,2.032678e+01,2.016570e+01,2.032678e+01,2.031278e+01
2.017972e+01,2.007454e+01,2.018673e+01,2.007454e+01,2.008857e+01,2.006051e+01,2.010961e+01,2.010961e+01,2.008857e+01,2.007454e+01,2.017972e+01,2.003244e+01,2.006753e+01,2.015869e+01,2.009559e+01,2.005350e+01,2.006051e+01,2.011663e+01,2.010260e+01,2.001139e+01,2.013766e+01,1.990604e+01,2.014467e+01,2.013766e+01,2.005350e+01,2.003244e+01,2.005350e+01,2.011663e+01,1.984980e+01,1.996926e+01,2.011663e+01,1.989901e+01,2.010260e+01,2.003244e+01,2.016570e+01,2.009559e+01,2.006753e+01,2.006051e+01,2.010961e+01,2.000437e+01,2.010260e+01,2.010961e+01,2.010260e+01,2.001841e+01,2.001139e+01,2.001841e+01,2.035476e+01,2.013766e+01,2.004648e+01,2.008156e+01,2.019373e+01,1.999735e+01,2.012364e+01,2.015168e+01,2.015168e+01,2.008857e+01,2.005350e+01,2.013766e+01,2.012364e+01,2.016570e+01,2.017271e+01,2.019373e+01,2.022876e+01,2.029178e+01,2.034777e+01,2.043169e+01,2.056442e+01,2.054347e+01,2.079453e+01,2.062025e+01,2.074576e+01,2.073879e+01,2.073182e+01,2.074576e+01,2.074576e+01,2.071789e+01,2.078060e+01,2.071091e+01,2.073182e+01,2.074576e+01,2.073182e+01,2.073182e+01,2.068303e+01,2.059932e+01,2.058536e+01,2.033377e+01,2.027078e+01,2.026378e+01,2.036875e+01,2.020074e+01,2.037575e+01,2.017271e+01,2.016570e+01,2.017972e+01,2.035476e+01,2.036875e+01,2.038274e+01,2.032678e+01,2.037575e+01,2.079453e+01,2.045266e+01,2.060629e+01,2.036176e+01,2.046663e+01,2.046663e+01,2.027078e+01,2.031278e+01,2.023577e+01,2.036875e+01,2.027078e+01,2.034077e+01,2.036176e+01,2.018673e+01,2.017271e+01,2.025677e+01,2.029878e+01,2.019373e+01,2.026378e+01,2.037575e+01,2.028478e+01,2.029178e+01,2.031978e+01,2.026378e+01,2.031978e+01,2.028478e+01,2.031278e+01,2.029178e+01,2.035476e+01,2.038974e+01,2.027778e+01,2.037575e+01,2.031978e+01,2.036875e+01,2.043169e+01,2.044567e+01,2.045964e+01,2.033377e+01,2.034777e+01,2.034077e+01,2.041770e+01,2.041770e+01,2.029878e+01,2.024977e+01,2.031978e+01,2.038274e+01,2.035476e+01,2.032678e+01,2.031278e+01,2.037575e+01,2.033377e+01,2.034777e+01,2.035476e+01,2.037575e+01,2.037575e+01,2.037575e+01,2.034777e+01,2.041071e+01,2.034077e+01,2.034077e+01,2.041770e+01,2.038974e+01,2.044567e+01,2.034777e+01,2.036176e+01,2.031978e+01,2.050855e+01,2.045964e+01,2.045964e+01,2.038974e+01,2.043169e+01,2.043169e+01,2.038274e+01,2.034777e+01,2.038274e+01,2.040372e+01,2.034777e+01,2.036176e+01,2.037575e+01,2.031978e+01,2.032678e+01,2.037575e+01,2.044567e+01,2.041770e+01,2.036176e+01,2.046663e+01,2.039673e+01,2.031978e+01,2.039673e+01,2.033377e+01,2.032678e+01,2.034777e+01,2.029878e+01,2.033377e+01,2.033377e+01,2.038274e+01,2.038974e+01,2.044567e+01,2.044567e+01,2.036875e+01,2.037575e+01,2.036176e+01,2.034777e+01,2.031278e+01,2.030578e+01,2.031278e+01,2.034077e+01,2.034777e+01,2.032678e+01,2.029178e+01,2.037575e+01,2.038974e+01,2.038974e+01,2.031278e+01,2.035476e+01,2.036176e+01,2.028478e+01,2.022176e+01,2.028478e+01,2.017271e+01,2.027778e+01,2.003244e+01,1.927867e+01,1.898832e+01,1.888899e+01,1.896704e+01,1.896704e+01,1.902378e+01,1.902378e+01,1.919378e+01,1.901669e+01,1.910173e+01,1.895286e+01,1.896704e+01,1.893157e+01,1.868290e+01,1.873980e+01,1.859038e+01,1.867579e+01,1.866156e+01,1.866156e+01,1.846213e+01,1.859750e+01,1.847639e+01,1.849064e+01,1.848352e+01,1.840508e+01,1.840508e+01,1.837654e+01,1.836227e+01,1.824087e+01,1.833372e+01,1.821228e+01,1.832658e+01,1.819798e+01,1.833372e+01,1.834799e+01,1.841221e+01,1.849777e+01,1.848352e+01,1.859038e+01,1.869002e+01,1.865444e+01,1.883928e+01,1.883928e+01,1.878245e+01,1.889609e+01,1.895286e+01,1.898832e+01,1.895286e+01,1.897414e+01,1.895286e+01,1.904504e+01,1.908756e+01,1.912298e+01,1.908756e+01,1.917254e+01,1.913714e+01,1.925745e+01,1.947647e+01,1.947647e+01,1.979354e+01,1.973725e+01,1.984980e+01,1.982871e+01,1.982871e+01,1.985683e+01,1.973725e+01,1.973021e+01,1.985683e+01,2.001841e+01,1.992711e+01,1.989198e+01,1.990604e+01,2.015869e+01,2.010961e+01,2.034777e+01,2.029878e+01,2.042470e+01,2.043868e+01,2.045266e+01,2.056442e+01,2.041071e+01,2.055045e+01,2.057838e+01,2.055045e+01,2.057838e+01,2.059234e+01,2.058536e+01,2.056442e+01,2.058536e+01,2.044567e+01,2.052252e+01,2.036176e+01,2.041071e+01,2.032678e+01,2.042470e+01,2.044567e+01,2.034777e+01,2.034777e+01,2.036875e+01,2.021475e+01,1.980058e+01,1.968796e+01,1.951175e+01,1.939174e+01,1.927160e+01,1.932109e+01,1.924331e+01,1.932815e+01,1.927160e+01,1.946235e+01,1.925745e+01,1.941293e+01,1.932815e+01,1.923623e+01,1.908047e+01,1.877534e+01,1.865444e+01,1.873980e+01,1.864733e+01,1.871135e+01,1.873269e+01,1.859038e+01,1.865444e+01,1.866156e+01,1.870424e+01,1.873980e+01,1.878955e+01,1.862598e+01,1.859750e+01,1.848352e+01,1.847639e+01,1.888189e+01,1.881797e+01,1.893157e+01,1.895286e+01,1.880376e+01,1.864733e+01,1.861886e+01,1.867579e+01,1.863309e+01,1.846926e+01,1.851915e+01,1.847639e+01,1.859750e+01,1.860462e+01,1.868290e+01,1.859750e+01,1.861886e+01,1.876112e+01,1.888899e+01,1.904504e+01,1.908756e+01,1.891738e+01,1.908047e+01,1.903795e+01,1.899541e+01,1.893157e+01,1.913714e+01,1.898832e+01,1.903087e+01,1.898123e+01,1.900960e+01,1.905922e+01,1.925038e+01,1.973021e+01,2.041071e+01,2.027078e+01,2.039673e+01,2.042470e+01,2.042470e+01,2.046663e+01,2.044567e+01,2.045964e+01,2.049458e+01,2.046663e+01,2.047362e+01,2.045266e+01,2.043169e+01,2.050855e+01,2.048061e+01,2.046663e+01,2.046663e+01,2.051554e+01,2.056442e+01,2.042470e+01,2.041770e+01,2.056442e+01,2.049458e+01,2.045266e+01,2.061327e+01,2.047362e+01,2.050157e+01,2.048759e+01,2.046663e+01,2.063420e+01,2.052252e+01,2.043169e+01,2.043868e+01,2.044567e+01,2.060629e+01,2.045964e+01,2.043868e+01,2.052950e+01,2.049458e+01,2.052950e+01,2.041071e+01,2.052950e+01,2.055045e+01,2.055045e+01,2.055743e+01,2.044567e+01,2.046663e+01,2.035476e+01,2.052950e+01,2.034777e+01,2.036875e+01,2.052252e+01,2.046663e+01,2.041770e+01,2.045964e+01,2.046663e+01,2.034077e+01,2.034777e+01,2.041071e+01,2.041770e+01,2.062025e+01,2.034777e+01,2.050157e+01,2.038974e+01,2.038974e+01,2.038974e+01,2.036875e+01,2.039673e+01,2.043868e+01,2.038274e+01,2.034777e+01,2.045266e+01,2.038274e+01,2.039673e+01,2.066211e+01,2.048759e+01,2.048061e+01,2.041071e+01,2.036875e+01,2.046663e+01,2.035476e+01,2.036176e+01,2.048061e+01,2.051554e+01,2.041071e+01,2.036176e+01,2.038274e+01,2.038974e+01,2.045266e+01,2.043868e+01,2.034777e+01,2.034077e+01,2.029178e+01,2.037575e+01,2.032678e+01,2.050855e+01,2.035476e+01,2.031978e+01,2.057838e+01,2.045266e+01,2.035476e+01,2.042470e+01,2.028478e+01,2.036176e+01,2.037575e+01,2.038274e+01,2.035476e+01,2.041071e+01,2.052252e+01,2.040372e+01,2.031978e+01,2.035476e+01,2.034777e+01,2.031278e+01,2.041071e+01,2.041071e+01,2.036875e+01,2.035476e+01,2.036176e+01,2.048061e+01,2.029878e+01,2.050855e+01,2.038274e+01,2.029178e+01,2.027778e+01,2.035476e+01,2.041770e+01,2.027778e+01,2.034077e+01,2.031278e+01,2.026378e+01,2.034077e+01,2.036176e+01,2.036875e+01,2.037575e+01,2.038274e+01,2.037575e+01,2.031978e+01,2.037575e+01,2.033377e+01,2.034777e+01,2.034777e+01,2.031278e+01,2.041071e+01,2.038974e+01,2.029878e+01,2.031978e+01,2.043868e+01,2.037575e+01,2.034077e+01,2.036875e+01,2.045266e+01,2.042470e+01,2.036875e+01,2.031978e+01,2.032678e+01,2.034077e+01,2.031978e+01,2.039673e+01,2.040372e+01,2.041770e+01,2.034777e+01,2.024277e+01,2.038274e+01,2.041770e+01,2.038274e+01,2.040372e+01,2.038974e+01,2.038274e+01,2.034777e+01,2.036176e+01,2.039673e+01,2.034777e+01,2.042470e+01,2.037575e+01,2.032678e+01,2.038274e+01,2.038974e+01,2.035476e+01,2.038274e+01,2.042470e+01,2.045266e+01,2.043169e+01,2.040372e+01,2.051554e+01,2.052252e+01,2.043868e+01,2.057838e+01,2.057838e+01,2.050855e+01,2.045266e+01,2.056442e+01,2.050157e+01,2.043868e+01,2.051554e+01,2.059932e+01,2.047362e+01,2.045964e+01,2.048759e+01,2.055743e+01,2.050157e+01,2.042470e+01,2.046663e+01,2.057140e+01,2.045964e+01,2.045266e+01,2.043868e+01,2.047362e+01,2.029178e+01,2.048759e+01,2.045964e+01,2.046663e+01,2.048759e+01,2.052252e+01,2.039673e+01,2.040372e+01,2.052252e+01,2.034077e+01,2.037575e+01,2.042470e+01,2.055045e+01,2.058536e+01,2.055045e+01,2.056442e+01,2.054347e+01,2.052252e+01,2.057838e+01,2.032678e+01,2.055743e+01,2.052252e+01,2.052252e+01,2.045964e+01,2.045266e+01,2.050157e+01,2.043169e+01,2.043169e+01,2.055045e+01,2.046663e+01,2.046663e+01,2.049458e+01,2.048061e+01,2.040372e+01,2.038974e+01,2.042470e+01,2.041071e+01,2.031978e+01,2.037575e+01,2.039673e+01,2.033377e+01,2.035476e+01,2.041071e+01,2.035476e+01,2.032678e+01,2.037575e+01
2.011663e+01,2.005350e+01,2.008156e+01,2.020074e+01,2.012364e+01,2.008857e+01,2.015168e+01,2.003946e+01,2.021475e+01,2.011663e+01,2.008156e+01,2.006753e+01,2.003244e+01,2.004648e+01,2.019373e+01,2.009559e+01,2.016570e+01,1.989901e+01,2.003244e+01,2.008857e+01,2.003946e+01,2.003946e+01,1.987090e+01,2.008156e+01,1.994819e+01,2.010961e+01,2.012364e+01,2.005350e+01,2.008156e+01,2.001139e+01,2.009559e+01,2.010961e+01,1.998330e+01,2.022876e+01,2.014467e+01,2.003244e+01,2.003244e+01,2.006051e+01,2.019373e+01,2.007454e+01,1.999735e+01,1.998330e+01,2.008156e+01,2.004648e+01,2.003946e+01,2.013766e+01,2.012364e+01,2.008156e+01,2.005350e+01,2.003946e+01,2.001139e+01,2.019373e+01,2.020774e+01,1.997628e+01,2.006753e+01,2.010260e+01,2.009559e+01,2.014467e+01,2.005350e+01,2.024277e+01,2.017271e+01,2.020774e+01,2.027778e+01,2.025677e+01,2.046663e+01,2.073879e+01,2.069000e+01,2.074576e+01,2.076667e+01,2.062025e+01,2.036176e+01,2.065513e+01,2.064816e+01,2.062723e+01,2.074576e+01,2.075273e+01,2.074576e+01,2.082239e+01,2.069000e+01,2.071789e+01,2.075970e+01,2.070394e+01,2.067605e+01,2.067605e+01,2.066908e+01,2.046663e+01,2.016570e+01,2.014467e+01,2.020074e+01,2.026378e+01,2.024977e+01,2.021475e+01,2.044567e+01,2.022176e+01,2.017271e+01,2.029178e+01,2.034777e+01,2.036875e+01,2.020774e+01,2.032678e+01,2.023577e+01,2.026378e+01,2.022176e+01,2.033377e+01,2.024277e+01,2.029878e+01,2.027778e+01,2.024277e+01,2.037575e+01,2.024277e+01,2.034077e+01,2.037575e+01,2.029878e+01,2.017972e+01,2.025677e+01,2.015869e+01,2.031978e+01,2.021475e+01,2.030578e+01,2.023577e+01,2.031978e+01,2.030578e+01,2.026378e+01,2.029178e+01,2.035476e+01,2.038974e+01,2.030578e+01,2.035476e+01,2.046663e+01,2.045266e+01,2.030578e+01,2.040372e+01,2.038974e+01,2.039673e+01,2.028478e+01,2.034777e+01,2.031978e+01,2.017271e+01,2.034777e+01,2.036176e+01,2.029878e+01,2.046663e+01,2.036875e+01,2.034077e+01,2.037575e+01,2.038274e+01,2.037575e+01,2.014467e+01,2.036176e+01,2.033377e+01,2.033377e+01,2.031278e+01,2.036875e+01,2.034777e+01,2.041071e+01,2.038974e+01,2.041770e+01,2.038974e+01,2.042470e+01,2.033377e+01,2.043868e+01,2.037575e+01,2.033377e+01,2.030578e+01,2.034077e+01,2.032678e+01,2.031978e+01,2.034777e+01,2.037575e+01,2.037575e+01,2.045964e+01,2.038974e+01,2.030578e+01,2.034077e+01,2.036176e+01,2.029878e+01,2.035476e+01,2.043868e+01,2.033377e+01,2.036176e+01,2.038274e+01,2.038974e+01,2.036176e+01,2.038274e+01,2.036875e+01,2.042470e+01,2.038274e+01,2.044567e+01,2.036875e+01,2.024977e+01,2.037575e+01,2.026378e+01,2.034077e+01,2.034777e+01,2.029878e+01,2.043169e+01,2.041071e+01,2.028478e+01,2.038974e+01,2.040372e+01,2.037575e+01,2.045266e+01,2.045266e+01,2.028478e+01,2.025677e+01,2.029178e+01,2.032678e+01,2.030578e+01,2.024977e+01,2.054347e+01,2.034077e+01,2.035476e+01,2.030578e+01,2.038974e+01,2.031278e+01,2.023577e+01,2.006753e+01,2.030578e+01,2.003244e+01,1.980761e+01,1.939174e+01,1.893867e+01,1.894576e+01,1.890318e+01,1.901669e+01,1.898123e+01,1.898123e+01,1.899541e+01,1.900960e+01,1.908756e+01,1.901669e+01,1.894576e+01,1.885349e+01,1.881087e+01,1.873269e+01,1.871847e+01,1.866867e+01,1.861886e+01,1.858326e+01,1.863309e+01,1.849064e+01,1.847639e+01,1.843361e+01,1.839794e+01,1.831944e+01,1.850490e+01,1.843361e+01,1.841221e+01,1.840508e+01,1.840508e+01,1.827659e+01,1.835513e+01,1.827659e+01,1.829801e+01,1.839081e+01,1.835513e+01,1.838367e+01,1.841934e+01,1.844787e+01,1.865444e+01,1.863309e+01,1.868290e+01,1.876112e+01,1.883218e+01,1.893157e+01,1.882508e+01,1.896704e+01,1.906630e+01,1.906630e+01,1.911590e+01,1.905213e+01,1.907339e+01,1.909464e+01,1.915838e+01,1.915130e+01,1.912298e+01,1.915130e+01,1.944823e+01,1.946941e+01,1.958227e+01,1.982871e+01,1.978650e+01,1.985683e+01,1.982871e+01,1.966683e+01,1.989901e+01,1.990604e+01,1.988495e+01,1.988495e+01,1.984277e+01,2.001139e+01,1.993414e+01,1.999735e+01,2.022876e+01,2.034777e+01,2.041770e+01,2.038974e+01,2.043868e+01,2.041770e+01,2.057140e+01,2.052950e+01,2.059234e+01,2.052950e+01,2.057140e+01,2.058536e+01,2.060629e+01,2.059234e+01,2.055045e+01,2.057838e+01,2.047362e+01,2.043868e+01,2.044567e+01,2.043169e+01,2.046663e+01,2.046663e+01,2.034777e+01,2.032678e+01,2.034777e+01,2.032678e+01,2.034077e+01,2.024277e+01,2.001841e+01,1.970205e+01,1.961047e+01,1.956817e+01,1.941293e+01,1.944118e+01,1.931402e+01,1.921501e+01,1.929988e+01,1.937055e+01,1.939174e+01,1.937762e+01,1.929281e+01,1.925038e+01,1.919378e+01,1.916546e+01,1.879666e+01,1.877534e+01,1.873980e+01,1.844787e+01,1.859038e+01,1.857614e+01,1.863309e+01,1.851915e+01,1.868290e+01,1.877534e+01,1.876823e+01,1.841934e+01,1.844787e+01,1.859038e+01,1.859750e+01,1.883218e+01,1.894576e+01,1.889609e+01,1.890318e+01,1.893867e+01,1.877534e+01,1.879666e+01,1.871135e+01,1.860462e+01,1.853340e+01,1.856902e+01,1.861886e+01,1.850490e+01,1.859750e+01,1.864021e+01,1.859038e+01,1.870424e+01,1.862598e+01,1.881087e+01,1.879666e+01,1.896704e+01,1.905213e+01,1.909464e+01,1.913006e+01,1.912298e+01,1.915838e+01,1.915838e+01,1.900960e+01,1.893867e+01,1.888899e+01,1.910881e+01,1.922208e+01,1.921501e+01,2.009559e+01,2.037575e+01,2.041770e+01,2.044567e+01,2.050855e+01,2.041770e+01,2.042470e+01,2.045964e+01,2.056442e+01,2.047362e+01,2.051554e+01,2.049458e+01,2.043169e+01,2.047362e+01,2.043169e+01,2.050855e+01,2.052950e+01,2.057140e+01,2.051554e+01,2.053649e+01,2.056442e+01,2.060629e+01,2.051554e+01,2.050855e+01,2.048759e+01,2.049458e+01,2.057140e+01,2.059932e+01,2.045964e+01,2.054347e+01,2.072486e+01,2.044567e+01,2.040372e+01,2.055743e+01,2.050855e+01,2.043169e+01,2.044567e+01,2.045964e+01,2.044567e+01,2.043169e+01,2.052252e+01,2.053649e+01,2.045964e+01,2.053649e+01,2.049458e+01,2.034777e+01,2.043169e+01,2.053649e+01,2.049458e+01,2.053649e+01,2.039673e+01,2.041071e+01,2.042470e+01,2.041770e+01,2.046663e+01,2.047362e+01,2.036875e+01,2.036176e+01,2.034077e+01,2.042470e+01,2.054347e+01,2.031978e+01,2.038274e+01,2.055045e+01,2.036176e+01,2.039673e+01,2.040372e+01,2.036875e+01,2.041770e+01,2.037575e+01,2.044567e+01,2.038274e+01,2.031278e+01,2.035476e+01,2.033377e+01,2.029178e+01,2.035476e+01,2.036875e+01,2.038974e+01,2.037575e+01,2.041071e+01,2.043169e+01,2.045266e+01,2.039673e+01,2.048061e+01,2.036875e+01,2.037575e+01,2.045964e+01,2.043169e+01,2.040372e+01,2.043868e+01,2.038974e+01,2.041071e+01,2.044567e+01,2.048061e+01,2.034077e+01,2.048759e+01,2.044567e+01,2.048759e+01,2.038974e+01,2.046663e+01,2.038974e+01,2.041770e+01,2.048759e+01,2.034777e+01,2.039673e+01,2.042470e+01,2.035476e+01,2.042470e+01,2.038274e+01,2.049458e+01,2.034077e+01,2.025677e+01,2.045266e+01,2.045964e+01,2.029178e+01,2.040372e+01,2.034777e+01,2.029878e+01,2.041071e+01,2.029178e+01,2.034077e+01,2.028478e+01,2.047362e+01,2.027078e+01,2.040372e+01,2.027778e+01,2.041770e+01,2.034077e+01,2.040372e+01,2.041770e+01,2.031278e+01,2.031278e+01,2.029178e+01,2.027078e+01,2.027778e+01,2.025677e+01,2.030578e+01,2.030578e+01,2.029178e+01,2.031978e+01,2.031978e+01,2.046663e+01,2.038274e+01,2.038274e+01,2.039673e+01,2.036176e+01,2.042470e+01,2.034777e+01,2.026378e+01,2.040372e+01,2.038974e+01,2.036176e+01,2.050157e+01,2.051554e+01,2.031278e+01,2.032678e+01,2.037575e+01,2.039673e+01,2.039673e+01,2.041770e+01,2.035476e+01,2.036176e+01,2.042470e+01,2.029878e+01,2.038974e+01,2.031978e+01,2.031978e+01,2.040372e+01,2.043868e+01,2.013065e+01,2.034077e+01,2.030578e+01,2.027078e+01,2.031278e+01,2.044567e+01,2.022876e+01,2.025677e+01,2.046663e+01,2.022176e+01,2.036176e+01,2.041770e+01,2.044567e+01,2.040372e+01,2.038274e+01,2.034077e+01,2.038274e+01,2.046663e+01,2.055045e+01,2.052252e+01,2.055045e+01,2.052252e+01,2.049458e+01,2.042470e+01,2.047362e+01,2.048759e+01,2.048759e+01,2.046663e+01,2.052950e+01,2.043169e+01,2.042470e+01,2.043868e+01,2.045964e+01,2.050157e+01,2.052252e+01,2.043868e+01,2.045266e+01,2.041770e+01,2.050855e+01,2.050157e+01,2.049458e+01,2.052252e+01,2.036875e+01,2.048061e+01,2.045964e+01,2.041071e+01,2.052950e+01,2.043169e+01,2.052252e+01,2.047362e+01,2.055045e+01,2.049458e+01,2.040372e+01,2.043169e+01,2.045266e+01,2.049458e+01,2.063420e+01,2.061327e+01,2.047362e+01,2.045266e+01,2.056442e+01,2.045266e+01,2.043169e+01,2.043868e+01,2.047362e+01,2.044567e+01,2.048759e+01,2.050157e+01,2.049458e+01,2.036875e+01,2.048061e+01,2.045964e+01,2.041071e+01,2.034777e+01,2.047362e+01,2.031278e+01,2.035476e+01,2.039673e+01,2.041071e+01,2.036875e+01,2.031978e+01,2.026378e+01,2.036176e+01,2.020074e+01,2.036875e+01
2.001139e+01,2.017972e+01,2.003244e+01,2.003946e+01,2.003946e+01,2.006051e+01,2.000437e+01,2.003244e+01,2.008857e+01,2.004648e+01,2.007454e+01,2.006753e+01,2.003946e+01,2.007454e+01,2.017972e+01,2.020774e+01,1.994117e+01,1.995521e+01,2.003244e+01,2.004648e+01,2.015168e+01,2.009559e+01,1.989901e+01,2.007454e+01,2.007454e+01,2.008156e+01,2.005350e+01,2.005350e+01,2.003946e+01,2.005350e+01,1.997628e+01,1.992711e+01,1.995521e+01,2.004648e+01,2.001139e+01,2.019373e+01,2.001139e+01,2.006051e+01,2.008156e+01,2.002542e+01,2.001841e+01,1.999033e+01,2.006753e+01,2.010260e+01,2.001139e+01,2.010260e+01,2.004648e+01,2.003946e+01,2.004648e+01,2.007454e+01,2.014467e+01,2.000437e+01,1.999735e+01,1.999735e+01,2.001139e+01,2.008857e+01,2.004648e+01,2.003946e+01,2.000437e+01,2.001841e+01,1.996926e+01,2.001139e+01,2.005350e+01,2.030578e+01,2.062025e+01,2.058536e+01,2.079453e+01,2.066908e+01,2.068303e+01,2.065513e+01,2.060629e+01,2.057140e+01,2.073182e+01,2.062723e+01,2.075273e+01,2.075970e+01,2.064118e+01,2.064816e+01,2.070394e+01,2.068303e+01,2.066211e+01,2.066211e+01,2.066211e+01,2.066908e+01,2.060629e+01,2.057140e+01,2.022876e+01,2.024277e+01,2.027078e+01,2.013766e+01,2.024277e+01,2.020774e+01,2.018673e+01,2.008156e+01,2.016570e+01,2.015168e+01,2.029878e+01,2.024977e+01,2.013065e+01,2.024277e+01,2.024277e+01,2.025677e+01,2.022176e+01,2.025677e+01,2.017271e+01,2.017972e+01,2.016570e+01,2.017271e+01,2.009559e+01,2.021475e+01,2.023577e+01,2.035476e+01,2.025677e+01,2.031978e+01,2.017271e+01,2.024277e+01,2.019373e+01,2.027778e+01,2.021475e+01,2.027078e+01,2.031978e+01,2.027078e+01,2.026378e+01,2.027778e+01,2.027778e+01,2.031278e+01,2.028478e+01,2.028478e+01,2.025677e+01,2.031278e+01,2.036875e+01,2.034077e+01,2.031278e+01,2.036176e+01,2.027778e+01,2.031978e+01,2.041071e+01,2.042470e+01,2.028478e+01,2.034077e+01,2.029878e+01,2.029178e+01,2.031278e+01,2.041770e+01,2.041770e+01,2.031278e+01,2.031978e+01,2.034777e+01,2.036176e+01,2.037575e+01,2.032678e+01,2.038274e+01,2.035476e+01,2.043169e+01,2.036875e+01,2.034777e+01,2.036875e+01,2.032678e+01,2.040372e+01,2.032678e+01,2.030578e+01,2.037575e+01,2.034777e+01,2.034077e+01,2.033377e+01,2.030578e+01,2.035476e+01,2.029878e+01,2.036176e+01,2.038274e+01,2.029178e+01,2.029878e+01,2.038274e+01,2.041770e+01,2.038274e+01,2.037575e+01,2.034077e+01,2.033377e+01,2.032678e+01,2.031978e+01,2.025677e+01,2.034777e+01,2.042470e+01,2.043868e+01,2.029878e+01,2.024277e+01,2.025677e+01,2.022176e+01,2.036176e+01,2.034077e+01,2.031278e+01,2.029878e+01,2.029878e+01,2.035476e+01,2.036875e+01,2.035476e+01,2.041071e+01,2.029878e+01,2.031278e+01,2.041770e+01,2.033377e+01,2.024977e+01,2.038974e+01,2.030578e+01,2.029878e+01,2.031978e+01,2.031978e+01,2.023577e+01,2.031978e+01,2.031978e+01,2.029178e+01,2.035476e+01,2.028478e+01,2.030578e+01,2.024977e+01,2.036176e+01,2.028478e+01,2.027778e+01,1.986386e+01,1.939174e+01,1.922208e+01,1.892448e+01,1.891028e+01,1.894576e+01,1.892448e+01,1.894576e+01,1.878245e+01,1.898123e+01,1.905922e+01,1.899541e+01,1.910173e+01,1.889609e+01,1.884638e+01,1.878955e+01,1.873980e+01,1.861174e+01,1.856190e+01,1.853340e+01,1.852628e+01,1.848352e+01,1.846926e+01,1.846926e+01,1.840508e+01,1.842648e+01,1.839794e+01,1.849064e+01,1.840508e+01,1.829801e+01,1.833372e+01,1.838367e+01,1.843361e+01,1.832658e+01,1.834799e+01,1.831230e+01,1.842648e+01,1.837654e+01,1.848352e+01,1.846926e+01,1.864733e+01,1.864733e+01,1.876112e+01,1.887479e+01,1.891028e+01,1.886059e+01,1.893157e+01,1.896704e+01,1.913006e+01,1.908047e+01,1.905213e+01,1.905213e+01,1.915130e+01,1.905922e+01,1.912298e+01,1.912298e+01,1.915130e+01,1.912298e+01,1.915838e+01,1.927160e+01,1.949764e+01,1.977243e+01,1.974428e+01,1.991306e+01,1.986386e+01,1.994819e+01,1.977947e+01,1.989901e+01,1.989901e+01,1.989198e+01,1.982871e+01,2.000437e+01,1.987090e+01,2.007454e+01,2.017972e+01,2.013766e+01,2.024977e+01,2.035476e+01,2.034077e+01,2.031278e+01,2.033377e+01,2.036176e+01,2.062723e+01,2.040372e+01,2.052950e+01,2.062025e+01,2.050157e+01,2.050157e+01,2.059234e+01,2.057838e+01,2.052950e+01,2.054347e+01,2.050157e+01,2.039673e+01,2.043169e+01,2.043169e+01,2.033377e+01,2.015869e+01,2.037575e+01,2.028478e+01,2.022176e+01,2.024277e+01,2.008156e+01,1.993414e+01,1.970205e+01,1.951175e+01,1.951175e+01,1.939174e+01,1.936349e+01,1.925745e+01,1.940587e+01,1.924331e+01,1.934229e+01,1.933522e+01,1.929988e+01,1.945529e+01,1.936349e+01,1.922916e+01,1.886059e+01,1.875401e+01,1.863309e+01,1.849777e+01,1.863309e+01,1.852628e+01,1.851203e+01,1.852628e+01,1.831230e+01,1.837654e+01,1.841221e+01,1.867579e+01,1.843361e+01,1.843361e+01,1.841934e+01,1.856902e+01,1.856190e+01,1.871847e+01,1.885349e+01,1.889609e+01,1.890318e+01,1.887479e+01,1.893157e+01,1.895995e+01,1.871135e+01,1.854765e+01,1.856902e+01,1.856190e+01,1.856902e+01,1.841221e+01,1.851915e+01,1.845500e+01,1.861886e+01,1.861174e+01,1.877534e+01,1.890318e+01,1.894576e+01,1.902378e+01,1.890318e+01,1.893157e+01,1.902378e+01,1.905922e+01,1.897414e+01,1.895995e+01,1.887479e+01,1.897414e+01,1.902378e+01,1.900251e+01,1.929988e+01,1.961047e+01,2.013065e+01,2.029178e+01,2.029878e+01,2.041770e+01,2.032678e+01,2.043169e+01,2.027778e+01,2.048061e+01,2.045964e+01,2.045964e+01,2.045266e+01,2.043868e+01,2.043169e+01,2.039673e+01,2.056442e+01,2.048759e+01,2.045266e+01,2.039673e+01,2.052252e+01,2.034077e+01,2.044567e+01,2.056442e+01,2.038274e+01,2.044567e+01,2.054347e+01,2.048759e+01,2.048759e+01,2.048061e+01,2.047362e+01,2.043169e+01,2.033377e+01,2.039673e+01,2.047362e+01,2.043169e+01,2.047362e+01,2.046663e+01,2.049458e+01,2.048759e+01,2.042470e+01,2.047362e+01,2.038974e+01,2.047362e+01,2.037575e+01,2.055045e+01,2.041071e+01,2.048061e+01,2.040372e+01,2.044567e+01,2.040372e+01,2.040372e+01,2.034777e+01,2.046663e+01,2.038274e+01,2.041770e+01,2.031978e+01,2.034077e+01,2.058536e+01,2.038274e+01,2.036875e+01,2.036176e+01,2.042470e+01,2.031978e+01,2.037575e+01,2.041071e+01,2.041071e+01,2.036176e+01,2.036176e+01,2.038274e+01,2.040372e+01,2.039673e+01,2.042470e+01,2.040372e+01,2.036875e+01,2.027778e+01,2.025677e+01,2.038274e+01,2.033377e+01,2.033377e+01,2.035476e+01,2.025677e+01,2.047362e+01,2.033377e+01,2.033377e+01,2.031278e+01,2.035476e+01,2.037575e+01,2.033377e+01,2.033377e+01,2.026378e+01,2.041770e+01,2.042470e+01,2.035476e+01,2.037575e+01,2.040372e+01,2.034777e+01,2.032678e+01,2.031278e+01,2.039673e+01,2.038274e+01,2.043868e+01,2.024277e+01,2.024277e+01,2.040372e+01,2.038274e+01,2.039673e+01,2.037575e+01,2.040372e+01,2.033377e+01,2.038274e+01,2.041770e+01,2.043169e+01,2.040372e+01,2.025677e+01,2.044567e+01,2.041770e+01,2.031278e+01,2.036176e+01,2.034077e+01,2.036176e+01,2.029878e+01,2.034077e+01,2.038974e+01,2.031278e+01,2.027778e+01,2.026378e+01,2.032678e+01,2.036176e+01,2.030578e+01,2.027078e+01,2.033377e+01,2.026378e+01,2.025677e+01,2.034777e+01,2.035476e+01,2.038274e+01,2.034777e+01,2.022176e+01,2.032678e+01,2.030578e+01,2.031278e+01,2.030578e+01,2.031278e+01,2.030578e+01,2.035476e+01,2.040372e+01,2.028478e+01,2.039673e+01,2.037575e+01,2.035476e+01,2.036875e+01,2.038974e+01,2.024277e+01,2.033377e+01,2.034777e+01,2.032678e+01,2.038974e+01,2.033377e+01,2.031978e+01,2.027078e+01,2.031978e+01,2.032678e+01,2.031278e+01,2.036875e+01,2.034077e+01,2.027778e+01,2.024277e+01,2.051554e+01,2.039673e+01,2.029178e+01,2.020774e+01,2.033377e+01,2.034777e+01,2.029878e+01,2.027078e+01,2.029178e+01,2.033377e+01,2.022176e+01,2.031278e+01,2.021475e+01,2.017271e+01,2.030578e+01,2.041770e+01,2.035476e+01,2.048061e+01,2.055045e+01,2.036875e+01,2.050855e+01,2.048759e+01,2.054347e+01,2.048061e+01,2.047362e+01,2.050157e+01,2.046663e+01,2.050157e+01,2.045964e+01,2.036875e+01,2.044567e+01,2.055045e+01,2.038274e+01,2.040372e+01,2.048759e+01,2.040372e+01,2.048759e+01,2.044567e+01,2.049458e+01,2.029878e+01,2.045266e+01,2.043868e+01,2.050855e+01,2.052950e+01,2.032678e+01,2.045964e+01,2.050157e+01,2.038274e+01,2.046663e+01,2.043169e+01,2.050855e+01,2.040372e+01,2.045964e+01,2.043868e+01,2.041770e+01,2.046663e+01,2.048759e+01,2.043169e+01,2.034077e+01,2.036176e+01,2.069697e+01,2.043868e+01,2.043868e+01,2.043169e+01,2.043868e+01,2.044567e+01,2.036875e+01,2.038274e+01,2.057838e+01,2.038974e+01,2.048061e+01,2.046663e+01,2.045964e+01,2.043868e+01,2.051554e+01,2.033377e+01,2.038274e+01,2.043169e+01,2.028478e+01,2.031978e+01,2.022876e+01,2.038274e+01,2.032678e+01,2.025677e+01,2.039673e+01,2.024977e+01,2.036875e+01,2.036875e+01
1.998330e+01,2.004648e+01,2.002542e+01,2.006051e+01,2.001841e+01,2.001841e+01,1.999735e+01,2.014467e+01,2.003244e+01,2.004648e+01,2.003946e+01,2.005350e+01,2.004648e+01,2.012364e+01,2.006051e+01,1.990604e+01,1.994117e+01,2.008857e+01,1.993414e+01,2.005350e+01,2.006051e+01,1.989901e+01,2.008156e+01,2.011663e+01,2.007454e+01,2.000437e+01,2.010260e+01,2.005350e+01,1.999033e+01,2.006753e+01,2.004648e+01,2.011663e+01,1.996224e+01,1.999735e+01,1.997628e+01,2.015869e+01,2.000437e+01,2.008156e+01,2.010260e+01,2.006051e+01,2.008156e+01,2.001841e+01,2.004648e+01,2.009559e+01,2.010961e+01,1.995521e+01,1.999735e+01,1.996224e+01,2.001841e+01,2.015168e+01,2.003244e+01,2.008857e+01,1.999033e+01,2.002542e+01,2.008857e+01,2.005350e+01,2.008156e+01,2.006051e+01,2.007454e+01,2.002542e+01,2.003244e+01,2.024977e+01,2.015869e+01,2.035476e+01,2.053649e+01,2.060629e+01,2.074576e+01,2.078060e+01,2.078060e+01,2.067605e+01,2.067605e+01,2.063420e+01,2.066908e+01,2.060629e+01,2.075970e+01,2.078757e+01,2.078060e+01,2.066211e+01,2.063420e+01,2.064816e+01,2.067605e+01,2.067605e+01,2.067605e+01,2.062025e+01,2.068303e+01,2.055743e+01,2.038974e+01,2.019373e+01,2.042470e+01,2.014467e+01,2.027078e+01,2.015869e+01,2.018673e+01,2.005350e+01,2.015168e+01,2.016570e+01,2.013766e+01,2.022876e+01,2.024977e+01,2.024277e+01,2.023577e+01,2.023577e+01,2.015168e+01,2.020774e+01,2.019373e+01,2.020074e+01,2.011663e+01,2.023577e+01,2.012364e+01,2.020074e+01,2.019373e+01,2.027078e+01,2.020074e+01,2.017271e+01,2.017972e+01,2.019373e+01,2.017271e+01,2.025677e+01,2.017972e+01,2.028478e+01,2.024977e+01,2.031278e+01,2.024977e+01,2.019373e+01,2.027078e+01,2.022176e+01,2.025677e+01,2.031978e+01,2.036875e+01,2.047362e+01,2.022876e+01,2.034077e+01,2.028478e+01,2.028478e+01,2.031278e+01,2.027078e+01,2.026378e+01,2.029878e+01,2.031278e+01,2.042470e+01,2.029178e+01,2.043169e+01,2.045266e+01,2.031278e+01,2.030578e+01,2.036176e+01,2.033377e+01,2.039673e+01,2.031278e+01,2.031278e+01,2.033377e+01,2.032678e+01,2.034077e+01,2.036875e+01,2.035476e+01,2.035476e+01,2.037575e+01,2.030578e+01,2.038274e+01,2.032678e+01,2.033377e+01,2.038274e+01,2.027778e+01,2.031978e+01,2.034777e+01,2.031278e+01,2.032678e+01,2.034777e+01,2.034777e+01,2.038274e+01,2.031278e+01,2.029178e+01,2.031278e+01,2.029878e+01,2.036875e+01,2.033377e+01,2.026378e+01,2.038274e+01,2.034077e+01,2.036875e+01,2.038274e+01,2.034077e+01,2.029878e+01,2.039673e+01,2.027078e+01,2.045964e+01,2.039673e+01,2.037575e+01,2.020774e+01,2.036176e+01,2.035476e+01,2.022876e+01,2.036875e+01,2.037575e+01,2.027778e+01,2.025677e+01,2.032678e+01,2.040372e+01,2.041770e+01,2.038274e+01,2.027778e+01,2.029878e+01,2.024977e+01,2.028478e+01,2.027778e+01,2.027078e+01,2.026378e+01,2.032678e+01,2.024977e+01,2.031278e+01,2.031978e+01,2.031278e+01,2.019373e+01,2.033377e+01,2.031278e+01,2.028478e+01,2.022876e+01,1.988495e+01,1.964570e+01,1.930695e+01,1.905922e+01,1.888899e+01,1.891028e+01,1.890318e+01,1.892448e+01,1.894576e+01,1.897414e+01,1.888899e+01,1.896704e+01,1.903795e+01,1.913006e+01,1.900251e+01,1.899541e+01,1.882508e+01,1.882508e+01,1.878955e+01,1.855477e+01,1.856190e+01,1.849777e+01,1.847639e+01,1.848352e+01,1.845500e+01,1.857614e+01,1.850490e+01,1.841221e+01,1.846213e+01,1.854765e+01,1.837654e+01,1.832658e+01,1.857614e+01,1.854053e+01,1.859750e+01,1.849777e+01,1.851203e+01,1.851915e+01,1.851915e+01,1.867579e+01,1.866156e+01,1.865444e+01,1.881087e+01,1.898832e+01,1.890318e+01,1.906630e+01,1.899541e+01,1.919378e+01,1.908047e+01,1.904504e+01,1.915130e+01,1.918670e+01,1.900251e+01,1.903795e+01,1.915838e+01,1.925745e+01,1.926452e+01,1.914422e+01,1.907339e+01,1.917254e+01,1.946235e+01,1.953291e+01,1.986386e+01,1.983574e+01,2.006051e+01,1.992009e+01,2.003244e+01,1.992711e+01,1.994117e+01,2.006753e+01,1.992711e+01,2.005350e+01,2.007454e+01,1.996926e+01,2.005350e+01,2.025677e+01,2.020774e+01,2.038974e+01,2.029178e+01,2.029878e+01,2.030578e+01,2.030578e+01,2.045266e+01,2.036176e+01,2.054347e+01,2.053649e+01,2.055045e+01,2.061327e+01,2.055743e+01,2.038974e+01,2.024977e+01,2.038974e+01,2.041071e+01,2.045266e+01,2.052252e+01,2.043868e+01,2.039673e+01,2.033377e+01,2.033377e+01,2.036176e+01,2.028478e+01,2.025677e+01,2.008156e+01,1.996926e+01,1.994117e+01,1.968796e+01,1.973725e+01,1.972317e+01,1.949764e+01,1.937055e+01,1.938468e+01,1.939174e+01,1.929281e+01,1.940587e+01,1.944118e+01,1.942705e+01,1.941999e+01,1.929988e+01,1.925745e+01,1.915130e+01,1.881087e+01,1.873980e+01,1.851915e+01,1.856190e+01,1.834799e+01,1.833372e+01,1.833372e+01,1.836940e+01,1.838367e+01,1.840508e+01,1.844074e+01,1.844074e+01,1.849777e+01,1.826944e+01,1.842648e+01,1.847639e+01,1.858326e+01,1.883218e+01,1.876823e+01,1.915130e+01,1.915130e+01,1.914422e+01,1.910881e+01,1.876823e+01,1.861174e+01,1.857614e+01,1.858326e+01,1.854765e+01,1.859038e+01,1.856190e+01,1.851203e+01,1.844787e+01,1.872558e+01,1.872558e+01,1.883218e+01,1.888899e+01,1.908047e+01,1.899541e+01,1.915838e+01,1.906630e+01,1.918670e+01,1.895995e+01,1.895995e+01,1.895995e+01,1.912298e+01,1.897414e+01,1.900960e+01,1.922208e+01,1.937762e+01,1.979354e+01,2.026378e+01,2.036875e+01,2.044567e+01,2.020774e+01,2.042470e+01,2.043868e+01,2.044567e+01,2.039673e+01,2.043169e+01,2.038974e+01,2.045964e+01,2.041770e+01,2.048061e+01,2.043868e+01,2.045964e+01,2.052252e+01,2.050855e+01,2.050157e+01,2.041071e+01,2.047362e+01,2.046663e+01,2.048061e+01,2.046663e+01,2.045964e+01,2.048061e+01,2.045266e+01,2.046663e+01,2.043868e+01,2.047362e+01,2.048061e+01,2.045266e+01,2.044567e+01,2.052950e+01,2.050855e+01,2.045964e+01,2.045964e+01,2.040372e+01,2.045964e+01,2.045266e+01,2.045266e+01,2.039673e+01,2.034777e+01,2.033377e+01,2.033377e+01,2.043169e+01,2.047362e+01,2.035476e+01,2.038974e+01,2.052950e+01,2.041770e+01,2.041770e+01,2.042470e+01,2.042470e+01,2.038974e+01,2.037575e+01,2.035476e+01,2.036875e+01,2.037575e+01,2.038274e+01,2.034077e+01,2.031978e+01,2.036176e+01,2.035476e+01,2.044567e+01,2.042470e+01,2.049458e+01,2.038974e+01,2.042470e+01,2.036176e+01,2.028478e+01,2.024277e+01,2.038274e+01,2.031278e+01,2.041071e+01,2.038974e+01,2.036875e+01,2.036176e+01,2.024277e+01,2.041071e+01,2.041770e+01,2.040372e+01,2.036875e+01,2.031278e+01,2.032678e+01,2.032678e+01,2.034777e+01,2.027078e+01,2.024977e+01,2.031978e+01,2.040372e+01,2.036176e+01,2.034077e+01,2.035476e+01,2.032678e+01,2.040372e+01,2.038274e+01,2.037575e+01,2.031978e+01,2.037575e+01,2.036176e+01,2.037575e+01,2.027778e+01,2.034777e+01,2.037575e+01,2.038974e+01,2.036875e+01,2.036875e+01,2.029178e+01,2.029878e+01,2.041071e+01,2.041071e+01,2.023577e+01,2.019373e+01,2.026378e+01,2.030578e+01,2.031978e+01,2.037575e+01,2.031278e+01,2.030578e+01,2.034777e+01,2.027778e+01,2.025677e+01,2.029178e+01,2.027078e+01,2.026378e+01,2.028478e+01,2.034777e+01,2.030578e+01,2.034777e+01,2.033377e+01,2.017271e+01,2.033377e+01,2.028478e+01,2.038974e+01,2.027078e+01,2.028478e+01,2.029878e+01,2.029178e+01,2.032678e+01,2.030578e+01,2.030578e+01,2.048061e+01,2.027078e+01,2.031978e+01,2.035476e+01,2.041071e+01,2.038274e+01,2.043868e+01,2.041770e+01,2.039673e+01,2.033377e+01,2.037575e+01,2.039673e+01,2.044567e+01,2.036875e+01,2.045266e+01,2.035476e+01,2.031978e+01,2.034077e+01,2.039673e+01,2.040372e+01,2.024977e+01,2.031278e+01,2.031978e+01,2.037575e+01,2.029878e+01,2.027078e+01,2.034777e+01,2.031278e+01,2.032678e+01,2.036176e+01,2.032678e+01,2.029878e+01,2.025677e+01,2.025677e+01,2.032678e+01,2.034777e+01,2.033377e+01,2.032678e+01,2.022176e+01,2.029178e+01,2.016570e+01,2.042470e+01,2.046663e+01,2.043169e+01,2.056442e+01,2.036875e+01,2.062025e+01,2.057838e+01,2.048759e+01,2.040372e+01,2.051554e+01,2.046663e+01,2.044567e+01,2.034777e+01,2.039673e+01,2.057838e+01,2.043169e+01,2.043169e+01,2.044567e+01,2.045964e+01,2.045266e+01,2.052252e+01,2.044567e+01,2.045266e+01,2.024977e+01,2.039673e+01,2.030578e+01,2.048061e+01,2.044567e+01,2.034077e+01,2.051554e+01,2.039673e+01,2.037575e+01,2.044567e+01,2.043868e+01,2.036875e+01,2.054347e+01,2.045964e+01,2.043169e+01,2.051554e+01,2.046663e+01,2.045266e+01,2.052950e+01,2.062723e+01,2.066211e+01,2.047362e+01,2.064118e+01,2.044567e+01,2.045266e+01,2.050855e+01,2.059234e+01,2.039673e+01,2.046663e+01,2.048061e+01,2.046663e+01,2.040372e+01,2.068303e+01,2.045964e+01,2.044567e+01,2.045964e+01,2.038974e+01,2.041071e+01,2.043169e+01,2.043169e+01,2.029878e+01,2.034777e+01,2.041071e+01,2.043169e+01,2.040372e+01,2.044567e+01,2.033377e+01,2.010961e+01
2.004648e+01,2.001139e+01,2.008156e+01,2.002542e+01,2.009559e+01,2.010961e+01,1.996224e+01,2.000437e+01,2.003244e+01,2.005350e+01,2.003946e+01,2.001841e+01,2.001139e+01,2.008156e+01,2.008156e+01,2.002542e+01,2.003946e+01,1.999033e+01,1.996224e+01,2.003946e+01,2.003244e+01,2.007454e+01,2.003946e+01,2.006753e+01,1.999033e+01,2.002542e+01,2.003244e+01,2.001841e+01,1.994117e+01,2.008156e+01,1.999735e+01,1.995521e+01,2.007454e+01,2.011663e+01,1.999735e+01,1.996224e+01,2.001841e+01,2.002542e+01,2.008156e+01,2.007454e+01,2.006051e+01,2.003244e+01,2.015168e+01,2.004648e+01,1.999735e+01,1.997628e+01,2.003244e+01,2.014467e+01,2.006051e+01,2.003946e+01,2.001139e+01,2.015168e+01,1.999735e+01,2.000437e+01,2.001841e+01,2.004648e+01,2.005350e+01,2.007454e+01,2.027778e+01,2.001139e+01,2.015168e+01,2.021475e+01,2.006753e+01,2.052252e+01,2.058536e+01,2.076667e+01,2.073879e+01,2.061327e+01,2.060629e+01,2.065513e+01,2.064118e+01,2.062025e+01,2.065513e+01,2.062723e+01,2.076667e+01,2.078060e+01,2.067605e+01,2.063420e+01,2.062723e+01,2.066211e+01,2.065513e+01,2.069000e+01,2.073182e+01,2.071789e+01,2.069697e+01,2.068303e+01,2.065513e+01,2.046663e+01,2.024277e+01,2.031278e+01,2.023577e+01,2.010260e+01,2.016570e+01,2.017271e+01,2.009559e+01,2.017972e+01,2.016570e+01,2.014467e+01,2.011663e+01,2.021475e+01,2.013766e+01,2.015869e+01,2.011663e+01,2.014467e+01,2.015869e+01,2.015168e+01,2.012364e+01,2.024277e+01,2.024277e+01,2.019373e+01,2.030578e+01,2.025677e+01,2.020074e+01,2.037575e+01,2.020774e+01,2.019373e+01,2.015869e+01,2.018673e+01,2.017271e+01,2.015168e+01,2.024277e+01,2.022176e+01,2.027078e+01,2.020774e+01,2.027078e+01,2.029878e+01,2.037575e+01,2.030578e+01,2.029878e+01,2.029878e+01,2.027778e+01,2.034077e+01,2.022176e+01,2.034077e+01,2.037575e+01,2.034077e+01,2.030578e+01,2.030578e+01,2.036176e+01,2.034077e+01,2.037575e+01,2.044567e+01,2.031278e+01,2.029878e+01,2.024277e+01,2.036875e+01,2.033377e+01,2.042470e+01,2.030578e+01,2.050157e+01,2.029178e+01,2.024977e+01,2.026378e+01,2.034077e+01,2.045964e+01,2.032678e+01,2.036875e+01,2.031978e+01,2.037575e+01,2.036875e+01,2.031278e+01,2.027078e+01,2.035476e+01,2.034077e+01,2.034077e+01,2.035476e+01,2.041770e+01,2.031978e+01,2.032678e+01,2.041770e+01,2.030578e+01,2.028478e+01,2.034077e+01,2.032678e+01,2.035476e+01,2.037575e+01,2.032678e+01,2.031278e+01,2.042470e+01,2.027778e+01,2.038274e+01,2.037575e+01,2.038974e+01,2.026378e+01,2.048061e+01,2.030578e+01,2.029878e+01,2.036875e+01,2.021475e+01,2.030578e+01,2.023577e+01,2.036176e+01,2.024277e+01,2.037575e+01,2.036176e+01,2.034077e+01,2.036875e+01,2.039673e+01,2.027778e+01,2.038974e+01,2.038274e+01,2.036875e+01,2.024277e+01,2.032678e+01,2.034777e+01,2.027078e+01,2.021475e+01,2.023577e+01,2.029878e+01,2.031278e+01,2.034777e+01,2.024977e+01,2.032678e+01,2.034777e+01,2.031278e+01,2.017271e+01,2.010961e+01,1.966683e+01,1.932109e+01,1.891028e+01,1.893157e+01,1.886769e+01,1.888899e+01,1.890318e+01,1.891028e+01,1.894576e+01,1.896704e+01,1.895995e+01,1.888899e+01,1.896704e+01,1.898832e+01,1.888899e+01,1.897414e+01,1.892448e+01,1.883218e+01,1.886059e+01,1.856190e+01,1.868290e+01,1.850490e+01,1.849777e+01,1.848352e+01,1.866156e+01,1.860462e+01,1.854053e+01,1.859750e+01,1.860462e+01,1.859750e+01,1.854765e+01,1.858326e+01,1.854765e+01,1.869713e+01,1.878955e+01,1.873980e+01,1.855477e+01,1.854765e+01,1.866867e+01,1.871847e+01,1.873980e+01,1.900960e+01,1.903795e+01,1.912298e+01,1.910881e+01,1.932109e+01,1.921501e+01,1.920085e+01,1.925745e+01,1.918670e+01,1.937055e+01,1.917962e+01,1.934936e+01,1.920085e+01,1.934936e+01,1.923623e+01,1.929988e+01,1.936349e+01,1.942705e+01,1.951175e+01,1.957522e+01,1.965274e+01,1.987090e+01,2.006051e+01,2.009559e+01,2.012364e+01,1.998330e+01,2.001139e+01,2.007454e+01,2.011663e+01,1.990604e+01,2.007454e+01,2.003946e+01,2.019373e+01,2.028478e+01,2.022876e+01,2.027078e+01,2.030578e+01,2.027078e+01,2.036176e+01,2.040372e+01,2.044567e+01,2.038974e+01,2.035476e+01,2.050855e+01,2.050157e+01,2.048061e+01,2.045266e+01,2.023577e+01,2.015168e+01,2.010961e+01,2.023577e+01,2.041071e+01,2.045266e+01,2.038974e+01,2.040372e+01,2.049458e+01,2.032678e+01,2.040372e+01,2.029878e+01,2.031978e+01,2.031978e+01,2.017271e+01,2.007454e+01,2.007454e+01,1.993414e+01,1.994819e+01,1.968092e+01,1.968092e+01,1.937055e+01,1.945529e+01,1.938468e+01,1.939174e+01,1.931402e+01,1.946235e+01,1.946941e+01,1.957522e+01,1.930695e+01,1.934936e+01,1.929988e+01,1.908047e+01,1.869713e+01,1.855477e+01,1.853340e+01,1.841934e+01,1.832658e+01,1.841221e+01,1.846926e+01,1.831230e+01,1.821228e+01,1.838367e+01,1.835513e+01,1.822657e+01,1.824087e+01,1.841221e+01,1.841221e+01,1.845500e+01,1.864021e+01,1.900960e+01,1.895286e+01,1.888189e+01,1.898123e+01,1.910173e+01,1.911590e+01,1.888189e+01,1.856902e+01,1.856902e+01,1.863309e+01,1.860462e+01,1.852628e+01,1.849064e+01,1.856902e+01,1.845500e+01,1.871847e+01,1.886769e+01,1.895286e+01,1.895995e+01,1.888899e+01,1.898123e+01,1.919378e+01,1.899541e+01,1.917254e+01,1.908756e+01,1.899541e+01,1.893867e+01,1.899541e+01,1.899541e+01,1.903087e+01,1.922916e+01,1.951880e+01,2.012364e+01,2.039673e+01,2.035476e+01,2.043868e+01,2.046663e+01,2.050855e+01,2.044567e+01,2.033377e+01,2.048061e+01,2.043868e+01,2.043169e+01,2.045266e+01,2.045266e+01,2.049458e+01,2.048061e+01,2.049458e+01,2.043868e+01,2.048759e+01,2.045964e+01,2.034077e+01,2.043868e+01,2.036176e+01,2.043169e+01,2.042470e+01,2.048061e+01,2.043868e+01,2.044567e+01,2.045964e+01,2.043169e+01,2.042470e+01,2.043868e+01,2.043868e+01,2.046663e+01,2.043169e+01,2.042470e+01,2.052252e+01,2.048759e+01,2.043169e+01,2.038974e+01,2.053649e+01,2.050157e+01,2.041071e+01,2.033377e+01,2.036875e+01,2.048759e+01,2.043169e+01,2.043169e+01,2.036875e+01,2.036875e+01,2.040372e+01,2.041071e+01,2.043169e+01,2.038974e+01,2.041071e+01,2.041770e+01,2.046663e+01,2.036875e+01,2.044567e+01,2.041770e+01,2.043868e+01,2.039673e+01,2.041071e+01,2.034077e+01,2.030578e+01,2.032678e+01,2.031278e+01,2.048061e+01,2.037575e+01,2.041071e+01,2.034777e+01,2.031278e+01,2.029178e+01,2.040372e+01,2.031978e+01,2.030578e+01,2.038274e+01,2.044567e+01,2.029178e+01,2.028478e+01,2.031978e+01,2.037575e+01,2.033377e+01,2.032678e+01,2.034077e+01,2.035476e+01,2.034077e+01,2.029878e+01,2.037575e+01,2.040372e+01,2.039673e+01,2.026378e+01,2.036176e+01,2.034077e+01,2.031278e+01,2.031978e+01,2.034777e+01,2.031978e+01,2.034077e+01,2.038974e+01,2.034777e+01,2.036875e+01,2.036176e+01,2.038274e+01,2.033377e+01,2.036176e+01,2.038974e+01,2.041071e+01,2.034777e+01,2.039673e+01,2.034077e+01,2.037575e+01,2.031978e+01,2.040372e+01,2.029878e+01,2.016570e+01,2.031278e+01,2.015168e+01,2.038274e+01,2.017972e+01,2.036875e+01,2.025677e+01,2.039673e+01,2.026378e+01,2.031978e+01,2.025677e+01,2.026378e+01,2.029178e+01,2.031978e+01,2.024277e+01,2.031278e+01,2.033377e+01,2.028478e+01,2.032678e+01,2.029178e+01,2.031978e+01,2.032678e+01,2.031978e+01,2.034077e+01,2.031978e+01,2.029878e+01,2.024977e+01,2.038274e+01,2.031978e+01,2.041770e+01,2.029878e+01,2.026378e+01,2.031978e+01,2.037575e+01,2.043169e+01,2.034777e+01,2.032678e+01,2.027078e+01,2.048759e+01,2.050157e+01,2.033377e+01,2.038974e+01,2.038974e+01,2.041071e+01,2.033377e+01,2.041770e+01,2.040372e+01,2.043169e+01,2.024977e+01,2.028478e+01,2.030578e+01,2.024277e+01,2.038974e+01,2.036176e+01,2.034077e+01,2.038274e+01,2.029878e+01,2.027078e+01,2.031978e+01,2.027778e+01,2.032678e+01,2.032678e+01,2.029178e+01,2.036176e+01,2.041770e+01,2.032678e+01,2.042470e+01,2.046663e+01,2.043868e+01,2.044567e+01,2.048759e+01,2.041071e+01,2.032678e+01,2.046663e+01,2.043868e+01,2.038974e+01,2.045964e+01,2.041071e+01,2.048061e+01,2.050855e+01,2.045964e+01,2.042470e+01,2.044567e+01,2.042470e+01,2.035476e+01,2.051554e+01,2.043868e+01,2.041770e+01,2.043169e+01,2.052950e+01,2.045266e+01,2.036176e+01,2.048759e+01,2.048061e+01,2.049458e+01,2.052252e+01,2.045266e+01,2.041770e+01,2.033377e+01,2.045266e+01,2.051554e+01,2.052950e+01,2.020774e+01,2.046663e+01,2.042470e+01,2.046663e+01,2.048759e+01,2.049458e+01,2.044567e+01,2.050157e+01,2.056442e+01,2.064118e+01,2.040372e+01,2.044567e+01,2.041770e+01,2.043169e+01,2.057838e+01,2.046663e+01,2.062025e+01,2.062723e+01,2.041071e+01,2.040372e+01,2.050855e+01,2.035476e+01,2.036176e+01,2.041770e+01,2.044567e+01,2.039673e+01,2.034077e+01,2.034777e+01,2.034777e+01,2.041770e+01,2.043868e+01,2.037575e+01,2.022176e+01,2.032678e+01,2.037575e+01,2.036875e+01,2.035476e+01
1.998330e+01,2.010961e+01,2.010961e+01,2.017271e+01,2.002542e+01,2.006753e+01,1.997628e+01,2.004648e+01,2.008857e+01,2.004648e+01,2.001841e+01,2.003946e+01,2.006753e+01,2.001841e+01,2.008156e+01,2.001139e+01,2.006753e+01,2.001841e+01,2.001139e+01,2.009559e+01,1.995521e+01,2.006051e+01,2.017271e+01,2.020774e+01,1.996224e+01,2.003244e+01,1.996224e+01,2.001841e+01,2.004648e+01,2.001841e+01,2.004648e+01,2.002542e+01,2.008857e+01,2.012364e+01,2.006051e+01,2.006051e+01,2.008156e+01,2.010961e+01,2.003946e+01,2.002542e+01,2.004648e+01,2.010260e+01,2.006051e+01,2.010961e+01,1.999033e+01,1.996926e+01,2.005350e+01,2.016570e+01,2.008156e+01,2.003946e+01,2.022876e+01,2.013065e+01,2.002542e+01,2.001139e+01,2.006051e+01,2.001841e+01,2.015168e+01,2.008857e+01,2.003946e+01,2.002542e+01,2.002542e+01,2.019373e+01,2.008857e+01,2.016570e+01,2.055045e+01,2.057140e+01,2.057140e+01,2.055045e+01,2.064118e+01,2.059932e+01,2.069000e+01,2.069000e+01,2.069697e+01,2.065513e+01,2.062723e+01,2.067605e+01,2.069000e+01,2.062723e+01,2.066908e+01,2.066908e+01,2.065513e+01,2.062025e+01,2.050855e+01,2.048759e+01,2.069697e+01,2.068303e+01,2.067605e+01,2.064816e+01,2.038274e+01,2.013766e+01,2.022176e+01,2.018673e+01,2.006753e+01,2.006051e+01,2.009559e+01,2.012364e+01,2.015168e+01,2.008857e+01,2.014467e+01,2.013065e+01,2.014467e+01,2.022176e+01,2.022876e+01,2.023577e+01,2.029878e+01,2.010961e+01,2.025677e+01,2.022876e+01,2.010260e+01,2.008156e+01,2.020074e+01,2.021475e+01,2.020074e+01,2.022176e+01,2.018673e+01,2.014467e+01,2.019373e+01,2.018673e+01,2.017271e+01,2.014467e+01,2.017271e+01,2.016570e+01,2.024977e+01,2.023577e+01,2.025677e+01,2.031278e+01,2.027778e+01,2.027778e+01,2.029178e+01,2.030578e+01,2.029178e+01,2.037575e+01,2.034077e+01,2.029178e+01,2.023577e+01,2.034077e+01,2.028478e+01,2.031278e+01,2.034077e+01,2.029878e+01,2.032678e+01,2.019373e+01,2.036875e+01,2.036176e+01,2.033377e+01,2.041071e+01,2.036875e+01,2.033377e+01,2.034777e+01,2.031278e+01,2.032678e+01,2.038274e+01,2.028478e+01,2.030578e+01,2.026378e+01,2.035476e+01,2.038274e+01,2.039673e+01,2.038274e+01,2.033377e+01,2.035476e+01,2.031278e+01,2.029878e+01,2.030578e+01,2.043868e+01,2.033377e+01,2.036176e+01,2.029878e+01,2.038274e+01,2.032678e+01,2.029878e+01,2.034777e+01,2.026378e+01,2.034777e+01,2.036875e+01,2.037575e+01,2.030578e+01,2.034077e+01,2.028478e+01,2.024977e+01,2.033377e+01,2.032678e+01,2.032678e+01,2.027078e+01,2.027078e+01,2.026378e+01,2.030578e+01,2.027778e+01,2.022876e+01,2.031278e+01,2.025677e+01,2.024977e+01,2.023577e+01,2.034777e+01,2.029178e+01,2.031278e+01,2.027778e+01,2.023577e+01,2.029878e+01,2.040372e+01,2.027778e+01,2.031278e+01,2.029878e+01,2.034077e+01,2.029878e+01,2.033377e+01,2.029178e+01,2.026378e+01,2.029878e+01,2.031278e+01,2.027778e+01,2.029178e+01,2.031978e+01,2.030578e+01,2.031278e+01,2.017972e+01,1.968092e+01,1.937762e+01,1.905213e+01,1.905213e+01,1.889609e+01,1.886059e+01,1.888899e+01,1.891028e+01,1.890318e+01,1.886059e+01,1.916546e+01,1.893157e+01,1.897414e+01,1.894576e+01,1.896704e+01,1.905213e+01,1.894576e+01,1.908047e+01,1.892448e+01,1.903087e+01,1.882508e+01,1.876112e+01,1.849064e+01,1.869002e+01,1.873980e+01,1.866867e+01,1.865444e+01,1.865444e+01,1.875401e+01,1.882508e+01,1.882508e+01,1.881087e+01,1.883928e+01,1.877534e+01,1.881797e+01,1.881087e+01,1.877534e+01,1.881797e+01,1.876823e+01,1.895286e+01,1.888189e+01,1.886769e+01,1.913006e+01,1.915838e+01,1.903795e+01,1.932109e+01,1.928574e+01,1.928574e+01,1.928574e+01,1.936349e+01,1.926452e+01,1.949764e+01,1.939174e+01,1.949058e+01,1.943411e+01,1.942705e+01,1.942705e+01,1.950469e+01,1.980058e+01,1.977947e+01,1.984980e+01,2.006753e+01,2.020074e+01,2.007454e+01,2.020074e+01,2.020074e+01,2.011663e+01,2.009559e+01,2.024277e+01,2.011663e+01,2.010961e+01,2.024277e+01,2.015869e+01,2.030578e+01,2.020074e+01,2.033377e+01,2.022876e+01,2.031278e+01,2.036875e+01,2.040372e+01,2.034077e+01,2.031278e+01,2.041071e+01,2.040372e+01,2.046663e+01,2.027778e+01,2.020074e+01,2.041770e+01,2.015869e+01,2.013065e+01,2.012364e+01,2.006051e+01,2.008857e+01,2.034777e+01,2.043169e+01,2.041071e+01,2.047362e+01,2.036176e+01,2.037575e+01,2.029178e+01,2.029878e+01,2.034077e+01,2.029878e+01,2.029178e+01,2.029178e+01,2.034077e+01,2.029178e+01,2.015168e+01,2.007454e+01,1.994117e+01,1.979354e+01,1.970909e+01,1.948352e+01,1.934229e+01,1.936349e+01,1.961047e+01,1.945529e+01,1.947647e+01,1.937055e+01,1.936349e+01,1.930695e+01,1.913006e+01,1.872558e+01,1.858326e+01,1.861174e+01,1.847639e+01,1.836227e+01,1.841934e+01,1.825516e+01,1.821943e+01,1.839794e+01,1.842648e+01,1.820513e+01,1.830515e+01,1.841221e+01,1.832658e+01,1.846926e+01,1.844787e+01,1.851203e+01,1.872558e+01,1.910173e+01,1.898123e+01,1.903087e+01,1.899541e+01,1.900251e+01,1.901669e+01,1.861174e+01,1.862598e+01,1.859038e+01,1.852628e+01,1.854053e+01,1.838367e+01,1.849777e+01,1.849064e+01,1.862598e+01,1.877534e+01,1.886769e+01,1.890318e+01,1.901669e+01,1.903087e+01,1.898123e+01,1.900960e+01,1.898832e+01,1.915838e+01,1.916546e+01,1.898832e+01,1.898123e+01,1.896704e+01,1.901669e+01,1.893867e+01,1.927867e+01,1.980058e+01,2.037575e+01,2.040372e+01,2.039673e+01,2.040372e+01,2.043868e+01,2.037575e+01,2.048061e+01,2.035476e+01,2.036875e+01,2.024277e+01,2.045266e+01,2.043169e+01,2.046663e+01,2.042470e+01,2.045964e+01,2.041071e+01,2.043169e+01,2.043868e+01,2.038974e+01,2.046663e+01,2.041071e+01,2.038974e+01,2.044567e+01,2.046663e+01,2.044567e+01,2.041071e+01,2.041071e+01,2.046663e+01,2.043169e+01,2.043169e+01,2.045266e+01,2.037575e+01,2.048759e+01,2.048061e+01,2.048061e+01,2.055045e+01,2.045964e+01,2.041071e+01,2.041071e+01,2.037575e+01,2.041770e+01,2.039673e+01,2.034777e+01,2.027778e+01,2.040372e+01,2.034777e+01,2.034077e+01,2.032678e+01,2.038274e+01,2.048759e+01,2.041071e+01,2.043868e+01,2.041071e+01,2.038974e+01,2.036875e+01,2.044567e+01,2.037575e+01,2.041071e+01,2.038274e+01,2.038974e+01,2.041071e+01,2.046663e+01,2.040372e+01,2.035476e+01,2.031978e+01,2.040372e+01,2.039673e+01,2.036176e+01,2.041071e+01,2.041071e+01,2.027778e+01,2.031278e+01,2.031278e+01,2.031978e+01,2.037575e+01,2.041770e+01,2.036875e+01,2.037575e+01,2.028478e+01,2.037575e+01,2.035476e+01,2.035476e+01,2.034077e+01,2.034077e+01,2.036875e+01,2.037575e+01,2.038274e+01,2.045964e+01,2.036875e+01,2.039673e+01,2.037575e+01,2.034777e+01,2.030578e+01,2.029178e+01,2.032678e+01,2.033377e+01,2.038974e+01,2.036176e+01,2.037575e+01,2.035476e+01,2.034777e+01,2.036875e+01,2.031278e+01,2.040372e+01,2.038274e+01,2.035476e+01,2.039673e+01,2.027078e+01,2.038274e+01,2.023577e+01,2.033377e+01,2.034777e+01,2.038974e+01,2.041071e+01,2.031978e+01,2.024277e+01,2.017972e+01,2.030578e+01,2.040372e+01,2.031978e+01,2.040372e+01,2.041071e+01,2.035476e+01,2.031978e+01,2.034077e+01,2.034077e+01,2.023577e+01,2.030578e+01,2.035476e+01,2.036176e+01,2.028478e+01,2.020774e+01,2.020774e+01,2.032678e+01,2.027778e+01,2.026378e+01,2.028478e+01,2.038274e+01,2.027778e+01,2.043169e+01,2.027778e+01,2.038274e+01,2.035476e+01,2.026378e+01,2.029878e+01,2.031978e+01,2.038274e+01,2.039673e+01,2.038974e+01,2.034777e+01,2.029178e+01,2.031978e+01,2.021475e+01,2.034777e+01,2.031278e+01,2.052950e+01,2.036176e+01,2.034077e+01,2.033377e+01,2.035476e+01,2.035476e+01,2.042470e+01,2.039673e+01,2.039673e+01,2.039673e+01,2.036875e+01,2.027078e+01,2.033377e+01,2.027778e+01,2.033377e+01,2.027778e+01,2.025677e+01,2.028478e+01,2.031978e+01,2.030578e+01,2.031978e+01,2.037575e+01,2.036875e+01,2.041770e+01,2.051554e+01,2.039673e+01,2.042470e+01,2.043169e+01,2.044567e+01,2.045266e+01,2.035476e+01,2.070394e+01,2.044567e+01,2.055045e+01,2.041770e+01,2.043169e+01,2.043169e+01,2.059234e+01,2.043169e+01,2.041770e+01,2.054347e+01,2.049458e+01,2.045266e+01,2.047362e+01,2.046663e+01,2.039673e+01,2.034077e+01,2.046663e+01,2.043868e+01,2.045964e+01,2.045964e+01,2.048759e+01,2.041770e+01,2.043868e+01,2.042470e+01,2.041770e+01,2.046663e+01,2.047362e+01,2.043868e+01,2.050855e+01,2.037575e+01,2.060629e+01,2.047362e+01,2.047362e+01,2.048759e+01,2.063420e+01,2.039673e+01,2.037575e+01,2.065513e+01,2.036176e+01,2.050157e+01,2.041770e+01,2.063420e+01,2.043169e+01,2.059234e+01,2.050157e+01,2.044567e+01,2.045266e+01,2.045266e+01,2.045964e+01,2.043868e+01,2.044567e+01,2.048061e+01,2.049458e+01,2.054347e+01,2.040372e+01,2.048759e+01,2.038274e+01,2.038974e+01,2.044567e+01,2.032678e+01,2.041071e+01,2.038974e+01,2.045266e+01,2.038974e+01,2.048759e+01,2.058536e+01
2.002542e+01,2.009559e+01,2.001841e+01,2.013065e+01,2.006753e+01,2.005350e+01,1.996224e+01,1.992009e+01,2.010961e+01,2.005350e+01,1.996926e+01,2.004648e+01,2.004648e+01,2.010260e+01,2.015168e+01,2.013766e+01,2.012364e+01,2.001841e+01,1.991306e+01,1.996926e+01,1.998330e+01,2.006051e+01,1.996926e+01,1.996926e+01,1.999735e+01,1.995521e+01,1.996926e+01,2.004648e+01,2.013065e+01,2.006753e+01,2.001139e+01,2.002542e+01,1.984277e+01,2.001139e+01,2.009559e+01,2.001841e+01,2.000437e+01,2.008156e+01,2.008857e+01,2.010260e+01,1.998330e+01,2.003946e+01,1.999735e+01,2.003244e+01,1.999033e+01,1.992711e+01,1.997628e+01,1.995521e+01,2.010961e+01,2.015168e+01,2.000437e+01,2.003244e+01,1.999735e+01,2.000437e+01,2.000437e+01,2.005350e+01,2.003946e+01,2.005350e+01,2.006051e+01,2.002542e+01,2.005350e+01,2.006753e+01,2.004648e+01,2.010260e+01,2.013065e+01,2.041770e+01,2.047362e+01,2.058536e+01,2.057140e+01,2.051554e+01,2.056442e+01,2.052950e+01,2.059234e+01,2.050855e+01,2.062025e+01,2.065513e+01,2.064118e+01,2.062025e+01,2.062723e+01,2.064118e+01,2.061327e+01,2.031978e+01,2.043868e+01,2.038974e+01,2.052950e+01,2.043868e+01,2.032678e+01,2.034777e+01,2.036176e+01,2.024977e+01,2.006753e+01,2.009559e+01,2.008857e+01,2.013065e+01,2.009559e+01,2.014467e+01,2.012364e+01,2.009559e+01,2.005350e+01,2.014467e+01,2.016570e+01,2.011663e+01,2.018673e+01,2.018673e+01,2.016570e+01,2.018673e+01,2.015168e+01,2.000437e+01,2.016570e+01,2.015869e+01,2.020774e+01,2.021475e+01,2.019373e+01,2.015869e+01,2.020074e+01,2.018673e+01,2.020074e+01,2.017972e+01,2.016570e+01,2.027778e+01,2.016570e+01,2.017972e+01,2.023577e+01,2.023577e+01,2.021475e+01,2.026378e+01,2.026378e+01,2.028478e+01,2.029878e+01,2.024977e+01,2.033377e+01,2.032678e+01,2.024277e+01,2.038274e+01,2.025677e+01,2.031978e+01,2.027778e+01,2.031978e+01,2.030578e+01,2.032678e+01,2.034777e+01,2.028478e+01,2.017972e+01,2.027078e+01,2.038274e+01,2.038274e+01,2.032678e+01,2.020774e+01,2.029878e+01,2.030578e+01,2.029878e+01,2.035476e+01,2.034077e+01,2.038274e+01,2.024977e+01,2.026378e+01,2.031278e+01,2.029878e+01,2.031978e+01,2.034777e+01,2.030578e+01,2.039673e+01,2.027778e+01,2.038974e+01,2.031978e+01,2.036176e+01,2.043868e+01,2.031978e+01,2.030578e+01,2.036176e+01,2.034777e+01,2.031278e+01,2.034777e+01,2.025677e+01,2.034077e+01,2.036875e+01,2.025677e+01,2.036176e+01,2.043169e+01,2.031278e+01,2.031278e+01,2.029878e+01,2.029178e+01,2.025677e+01,2.034777e+01,2.038974e+01,2.029178e+01,2.027078e+01,2.035476e+01,2.037575e+01,2.027078e+01,2.028478e+01,2.022176e+01,2.024977e+01,2.036176e+01,2.031978e+01,2.034777e+01,2.039673e+01,2.024277e+01,2.034777e+01,2.029178e+01,2.029178e+01,2.034777e+01,2.033377e+01,2.027078e+01,2.033377e+01,2.026378e+01,2.028478e+01,2.026378e+01,2.028478e+01,2.025677e+01,2.024277e+01,2.034077e+01,2.012364e+01,2.013065e+01,2.001841e+01,1.956817e+01,1.910881e+01,1.904504e+01,1.887479e+01,1.898123e+01,1.878955e+01,1.886769e+01,1.888899e+01,1.884638e+01,1.900960e+01,1.893157e+01,1.899541e+01,1.887479e+01,1.896704e+01,1.893157e+01,1.899541e+01,1.890318e+01,1.903087e+01,1.898123e+01,1.908047e+01,1.888899e+01,1.885349e+01,1.871847e+01,1.883218e+01,1.882508e+01,1.865444e+01,1.868290e+01,1.873980e+01,1.866867e+01,1.898832e+01,1.896704e+01,1.901669e+01,1.897414e+01,1.886059e+01,1.903795e+01,1.882508e+01,1.909464e+01,1.888189e+01,1.886059e+01,1.894576e+01,1.907339e+01,1.906630e+01,1.912298e+01,1.920793e+01,1.932815e+01,1.922916e+01,1.929281e+01,1.934936e+01,1.928574e+01,1.936349e+01,1.925745e+01,1.951175e+01,1.943411e+01,1.963865e+01,1.976540e+01,1.977243e+01,1.975836e+01,2.007454e+01,1.982168e+01,1.998330e+01,2.017271e+01,2.013766e+01,2.020774e+01,2.007454e+01,2.021475e+01,2.005350e+01,2.011663e+01,2.019373e+01,2.010260e+01,2.013766e+01,2.010260e+01,2.011663e+01,2.010961e+01,2.014467e+01,2.015869e+01,2.020774e+01,2.026378e+01,2.033377e+01,2.028478e+01,2.036875e+01,2.015869e+01,2.052950e+01,2.040372e+01,2.038974e+01,2.041770e+01,2.033377e+01,2.010961e+01,2.008156e+01,2.006753e+01,2.006051e+01,1.990604e+01,1.987792e+01,2.000437e+01,2.016570e+01,2.034077e+01,2.041770e+01,2.041071e+01,2.032678e+01,2.028478e+01,2.038274e+01,2.037575e+01,2.029178e+01,2.029878e+01,2.029178e+01,2.031278e+01,2.028478e+01,2.030578e+01,2.023577e+01,2.020774e+01,2.023577e+01,2.012364e+01,1.996224e+01,1.971613e+01,1.937762e+01,1.949764e+01,1.964570e+01,1.965274e+01,1.953291e+01,1.957522e+01,1.952586e+01,1.934229e+01,1.916546e+01,1.897414e+01,1.878245e+01,1.876112e+01,1.867579e+01,1.853340e+01,1.848352e+01,1.836940e+01,1.840508e+01,1.834799e+01,1.836227e+01,1.831944e+01,1.830515e+01,1.833372e+01,1.827659e+01,1.830515e+01,1.836940e+01,1.827659e+01,1.866867e+01,1.871135e+01,1.892448e+01,1.908756e+01,1.904504e+01,1.900960e+01,1.880376e+01,1.863309e+01,1.858326e+01,1.863309e+01,1.853340e+01,1.847639e+01,1.854053e+01,1.849064e+01,1.853340e+01,1.860462e+01,1.859750e+01,1.889609e+01,1.883928e+01,1.886059e+01,1.894576e+01,1.894576e+01,1.895995e+01,1.900960e+01,1.913714e+01,1.908756e+01,1.899541e+01,1.900960e+01,1.900251e+01,1.893157e+01,1.897414e+01,1.909464e+01,1.973021e+01,2.013065e+01,2.018673e+01,2.039673e+01,2.041071e+01,2.043169e+01,2.040372e+01,2.036176e+01,2.044567e+01,2.043868e+01,2.043868e+01,2.041071e+01,2.043169e+01,2.048061e+01,2.045266e+01,2.046663e+01,2.038974e+01,2.043169e+01,2.045964e+01,2.047362e+01,2.044567e+01,2.044567e+01,2.045266e+01,2.043169e+01,2.045266e+01,2.037575e+01,2.039673e+01,2.041071e+01,2.036176e+01,2.036875e+01,2.045266e+01,2.034777e+01,2.050157e+01,2.043868e+01,2.043868e+01,2.040372e+01,2.052252e+01,2.040372e+01,2.038274e+01,2.041770e+01,2.038274e+01,2.038274e+01,2.035476e+01,2.042470e+01,2.034777e+01,2.037575e+01,2.039673e+01,2.036176e+01,2.036875e+01,2.042470e+01,2.040372e+01,2.039673e+01,2.042470e+01,2.042470e+01,2.037575e+01,2.029178e+01,2.031978e+01,2.038974e+01,2.042470e+01,2.041071e+01,2.034077e+01,2.046663e+01,2.031978e+01,2.034077e+01,2.038274e+01,2.029878e+01,2.036176e+01,2.038974e+01,2.041770e+01,2.026378e+01,2.030578e+01,2.026378e+01,2.027778e+01,2.032678e+01,2.034777e+01,2.028478e+01,2.034777e+01,2.039673e+01,2.039673e+01,2.036875e+01,2.033377e+01,2.031278e+01,2.029878e+01,2.034077e+01,2.037575e+01,2.038274e+01,2.034777e+01,2.038974e+01,2.031278e+01,2.022176e+01,2.036176e+01,2.027078e+01,2.010961e+01,2.031278e+01,2.045964e+01,2.031978e+01,2.036176e+01,2.034077e+01,2.040372e+01,2.038974e+01,2.035476e+01,2.029178e+01,2.027078e+01,2.035476e+01,2.036875e+01,2.025677e+01,2.032678e+01,2.025677e+01,2.030578e+01,2.026378e+01,2.021475e+01,2.018673e+01,2.027778e+01,2.031278e+01,2.017972e+01,2.027078e+01,2.018673e+01,2.019373e+01,2.021475e+01,2.020774e+01,2.024277e+01,2.030578e+01,2.027078e+01,2.033377e+01,2.021475e+01,2.034077e+01,2.026378e+01,2.030578e+01,2.024977e+01,2.025677e+01,2.035476e+01,2.040372e+01,2.034777e+01,2.032678e+01,2.033377e+01,2.028478e+01,2.026378e+01,2.024977e+01,2.034777e+01,2.027778e+01,2.027778e+01,2.025677e+01,2.022876e+01,2.027778e+01,2.030578e+01,2.031278e+01,2.034777e+01,2.030578e+01,2.040372e+01,2.033377e+01,2.023577e+01,2.043169e+01,2.031278e+01,2.044567e+01,2.029178e+01,2.023577e+01,2.034777e+01,2.037575e+01,2.034077e+01,2.036875e+01,2.024277e+01,2.029878e+01,2.029878e+01,2.032678e+01,2.029878e+01,2.035476e+01,2.032678e+01,2.036176e+01,2.025677e+01,2.036176e+01,2.020774e+01,2.033377e+01,2.034077e+01,2.029878e+01,2.031978e+01,2.028478e+01,2.027078e+01,2.043169e+01,2.038274e+01,2.037575e+01,2.041770e+01,2.044567e+01,2.038974e+01,2.047362e+01,2.054347e+01,2.051554e+01,2.045266e+01,2.043868e+01,2.048061e+01,2.041071e+01,2.035476e+01,2.055045e+01,2.057140e+01,2.046663e+01,2.041071e+01,2.042470e+01,2.034077e+01,2.050855e+01,2.036176e+01,2.045964e+01,2.045266e+01,2.041071e+01,2.043169e+01,2.039673e+01,2.037575e+01,2.029878e+01,2.046663e+01,2.024277e+01,2.047362e+01,2.043169e+01,2.041770e+01,2.042470e+01,2.036176e+01,2.045964e+01,2.049458e+01,2.037575e+01,2.047362e+01,2.049458e+01,2.050855e+01,2.061327e+01,2.050855e+01,2.043868e+01,2.067605e+01,2.052252e+01,2.054347e+01,2.053649e+01,2.038274e+01,2.043868e+01,2.056442e+01,2.045266e+01,2.057838e+01,2.048061e+01,2.045266e+01,2.036176e+01,2.046663e+01,2.044567e+01,2.039673e+01,2.045266e+01,2.056442e+01,2.053649e+01,2.054347e+01,2.043868e+01,2.047362e+01,2.038974e+01,2.038974e+01,2.043169e+01,2.054347e+01,2.031978e+01,2.026378e+01,2.034077e+01,2.045266e+01,2.026378e+01,2.033377e+01
2.015869e+01,2.011663e+01,2.003244e+01,1.999033e+01,1.999033e+01,1.999033e+01,2.007454e+01,2.000437e+01,2.006051e+01,2.006051e+01,2.002542e+01,2.004648e+01,2.003244e+01,2.001139e+01,2.010961e+01,1.987792e+01,2.000437e+01,2.008156e+01,1.994819e+01,2.000437e+01,1.996926e+01,1.999735e+01,1.999033e+01,2.007454e+01,1.996926e+01,2.001841e+01,2.006051e+01,1.999033e+01,1.997628e+01,2.003244e+01,2.003946e+01,1.998330e+01,2.000437e+01,2.001841e+01,1.998330e+01,2.010260e+01,2.006051e+01,2.000437e+01,2.015869e+01,2.006753e+01,2.003244e+01,1.998330e+01,2.012364e+01,2.012364e+01,1.998330e+01,2.016570e+01,1.997628e+01,2.016570e+01,1.999033e+01,2.008156e+01,2.017972e+01,1.995521e+01,2.000437e+01,1.999033e+01,2.005350e+01,2.006753e+01,2.007454e+01,2.005350e+01,2.014467e+01,2.003244e+01,2.002542e+01,2.001841e+01,1.997628e+01,2.011663e+01,2.010260e+01,2.005350e+01,2.023577e+01,2.041770e+01,2.050855e+01,2.054347e+01,2.049458e+01,2.036176e+01,2.039673e+01,2.031278e+01,2.050157e+01,2.063420e+01,2.053649e+01,2.059932e+01,2.049458e+01,2.022876e+01,2.033377e+01,2.037575e+01,2.045266e+01,2.035476e+01,2.030578e+01,2.032678e+01,2.028478e+01,2.031978e+01,2.031278e+01,2.026378e+01,2.007454e+01,2.015168e+01,2.008857e+01,2.008156e+01,2.004648e+01,2.003946e+01,2.011663e+01,2.034777e+01,2.011663e+01,2.017271e+01,2.017972e+01,2.004648e+01,2.016570e+01,2.019373e+01,2.020774e+01,2.013766e+01,2.013065e+01,2.002542e+01,2.030578e+01,2.029878e+01,2.024277e+01,2.015168e+01,2.008156e+01,2.020074e+01,2.022876e+01,2.019373e+01,2.011663e+01,2.030578e+01,2.016570e+01,2.016570e+01,2.015168e+01,2.020774e+01,2.027778e+01,2.013065e+01,2.029178e+01,2.027778e+01,2.024277e+01,2.024977e+01,2.017972e+01,2.022876e+01,2.037575e+01,2.020774e+01,2.022876e+01,2.022876e+01,2.024277e+01,2.036176e+01,2.031978e+01,2.024277e+01,2.035476e+01,2.044567e+01,2.031978e+01,2.023577e+01,2.029878e+01,2.025677e+01,2.031278e+01,2.029178e+01,2.036176e+01,2.034077e+01,2.034777e+01,2.034077e+01,2.029178e+01,2.034077e+01,2.036176e+01,2.030578e+01,2.032678e+01,2.031978e+01,2.033377e+01,2.030578e+01,2.029178e+01,2.037575e+01,2.028478e+01,2.034777e+01,2.034077e+01,2.031278e+01,2.035476e+01,2.036875e+01,2.028478e+01,2.034777e+01,2.024277e+01,2.031278e+01,2.031978e+01,2.030578e+01,2.040372e+01,2.027778e+01,2.031278e+01,2.031978e+01,2.030578e+01,2.027778e+01,2.024277e+01,2.032678e+01,2.037575e+01,2.038974e+01,2.031978e+01,2.045964e+01,2.028478e+01,2.031278e+01,2.029178e+01,2.033377e+01,2.034777e+01,2.034077e+01,2.032678e+01,2.023577e+01,2.022876e+01,2.031278e+01,2.032678e+01,2.022176e+01,2.038274e+01,2.041071e+01,2.030578e+01,2.031978e+01,2.031278e+01,2.027778e+01,2.029878e+01,2.031978e+01,2.034077e+01,2.033377e+01,2.031978e+01,2.018673e+01,2.027778e+01,2.025677e+01,2.029178e+01,2.030578e+01,2.027078e+01,2.022876e+01,2.008857e+01,1.979354e+01,1.911590e+01,1.905213e+01,1.903087e+01,1.898123e+01,1.881797e+01,1.901669e+01,1.883928e+01,1.883928e+01,1.891738e+01,1.899541e+01,1.903087e+01,1.897414e+01,1.880376e+01,1.881797e+01,1.884638e+01,1.900960e+01,1.895286e+01,1.892448e+01,1.892448e+01,1.895286e+01,1.899541e+01,1.899541e+01,1.901669e+01,1.891028e+01,1.891028e+01,1.893867e+01,1.865444e+01,1.895286e+01,1.893157e+01,1.905213e+01,1.897414e+01,1.906630e+01,1.903795e+01,1.905213e+01,1.908047e+01,1.908756e+01,1.913006e+01,1.908756e+01,1.909464e+01,1.917254e+01,1.912298e+01,1.913714e+01,1.915130e+01,1.929988e+01,1.926452e+01,1.926452e+01,1.920793e+01,1.924331e+01,1.929281e+01,1.930695e+01,1.954701e+01,1.943411e+01,1.984277e+01,2.006051e+01,2.010961e+01,2.022176e+01,2.013766e+01,2.012364e+01,2.013065e+01,2.008156e+01,2.012364e+01,2.020074e+01,2.015168e+01,2.020774e+01,2.022876e+01,2.021475e+01,2.013766e+01,2.024977e+01,2.024977e+01,2.027778e+01,2.014467e+01,2.015869e+01,2.020774e+01,2.029178e+01,2.026378e+01,2.027078e+01,2.022876e+01,2.028478e+01,2.029178e+01,2.025677e+01,2.022176e+01,2.040372e+01,2.033377e+01,2.024977e+01,2.038274e+01,2.020774e+01,2.005350e+01,2.005350e+01,1.996224e+01,1.965274e+01,1.983574e+01,1.963865e+01,1.989901e+01,1.993414e+01,2.024977e+01,2.039673e+01,2.043169e+01,2.045266e+01,2.042470e+01,2.027778e+01,2.030578e+01,2.034077e+01,2.031278e+01,2.031278e+01,2.027778e+01,2.029178e+01,2.036176e+01,2.037575e+01,2.022876e+01,2.029878e+01,2.020774e+01,2.013065e+01,2.007454e+01,1.988495e+01,1.979354e+01,1.971613e+01,1.965274e+01,1.971613e+01,1.976540e+01,1.945529e+01,1.949764e+01,1.935642e+01,1.903087e+01,1.901669e+01,1.875401e+01,1.872558e+01,1.861174e+01,1.849064e+01,1.849777e+01,1.844787e+01,1.840508e+01,1.822657e+01,1.841934e+01,1.840508e+01,1.839794e+01,1.839081e+01,1.834799e+01,1.829087e+01,1.816223e+01,1.842648e+01,1.871847e+01,1.888189e+01,1.901669e+01,1.899541e+01,1.895286e+01,1.894576e+01,1.878245e+01,1.858326e+01,1.857614e+01,1.855477e+01,1.858326e+01,1.849777e+01,1.844787e+01,1.848352e+01,1.861886e+01,1.864021e+01,1.864733e+01,1.885349e+01,1.891028e+01,1.889609e+01,1.898123e+01,1.895286e+01,1.903087e+01,1.904504e+01,1.902378e+01,1.908756e+01,1.911590e+01,1.903087e+01,1.891028e+01,1.908047e+01,1.906630e+01,1.941999e+01,1.959637e+01,2.025677e+01,2.015869e+01,2.038974e+01,2.042470e+01,2.040372e+01,2.040372e+01,2.049458e+01,2.041770e+01,2.042470e+01,2.039673e+01,2.042470e+01,2.045964e+01,2.044567e+01,2.043868e+01,2.044567e+01,2.045964e+01,2.037575e+01,2.036875e+01,2.042470e+01,2.045964e+01,2.045266e+01,2.033377e+01,2.039673e+01,2.036176e+01,2.041770e+01,2.045964e+01,2.048061e+01,2.042470e+01,2.047362e+01,2.038274e+01,2.043169e+01,2.036176e+01,2.042470e+01,2.038974e+01,2.044567e+01,2.046663e+01,2.043868e+01,2.036176e+01,2.034777e+01,2.036875e+01,2.050157e+01,2.041071e+01,2.027078e+01,2.036875e+01,2.035476e+01,2.038974e+01,2.041770e+01,2.029878e+01,2.045266e+01,2.029178e+01,2.029878e+01,2.038974e+01,2.038274e+01,2.039673e+01,2.038274e+01,2.040372e+01,2.034777e+01,2.043868e+01,2.031278e+01,2.034077e+01,2.036875e+01,2.033377e+01,2.030578e+01,2.036875e+01,2.041770e+01,2.041770e+01,2.041071e+01,2.036176e+01,2.030578e+01,2.027078e+01,2.028478e+01,2.027778e+01,2.034077e+01,2.032678e+01,2.036176e+01,2.032678e+01,2.037575e+01,2.035476e+01,2.034777e+01,2.035476e+01,2.033377e+01,2.036176e+01,2.034077e+01,2.038274e+01,2.037575e+01,2.034777e+01,2.043169e+01,2.037575e+01,2.025677e+01,2.024277e+01,2.042470e+01,2.029878e+01,2.038974e+01,2.029878e+01,2.035476e+01,2.035476e+01,2.034077e+01,2.022176e+01,2.034077e+01,2.034077e+01,2.032678e+01,2.027078e+01,2.029878e+01,2.021475e+01,2.038974e+01,2.029178e+01,2.025677e+01,2.029178e+01,2.028478e+01,2.035476e+01,2.022876e+01,2.031978e+01,2.024277e+01,2.027778e+01,2.032678e+01,2.040372e+01,2.027778e+01,2.022876e+01,2.022876e+01,2.026378e+01,2.026378e+01,2.021475e+01,2.029178e+01,2.029178e+01,2.025677e+01,2.026378e+01,2.027078e+01,2.042470e+01,2.035476e+01,2.036176e+01,2.036176e+01,2.034077e+01,2.036875e+01,2.031278e+01,2.020774e+01,2.028478e+01,2.035476e+01,2.026378e+01,2.028478e+01,2.024977e+01,2.027078e+01,2.029878e+01,2.041071e+01,2.032678e+01,2.032678e+01,2.031278e+01,2.031978e+01,2.031978e+01,2.037575e+01,2.043868e+01,2.035476e+01,2.059234e+01,2.057140e+01,2.034777e+01,2.041071e+01,2.034077e+01,2.040372e+01,2.038274e+01,2.039673e+01,2.036176e+01,2.036875e+01,2.038974e+01,2.040372e+01,2.037575e+01,2.031978e+01,2.033377e+01,2.038274e+01,2.024277e+01,2.034077e+01,2.030578e+01,2.033377e+01,2.025677e+01,2.029878e+01,2.039673e+01,2.034077e+01,2.033377e+01,2.051554e+01,2.044567e+01,2.050157e+01,2.049458e+01,2.043169e+01,2.047362e+01,2.051554e+01,2.046663e+01,2.042470e+01,2.069000e+01,2.044567e+01,2.051554e+01,2.050855e+01,2.043169e+01,2.043169e+01,2.042470e+01,2.037575e+01,2.041071e+01,2.032678e+01,2.049458e+01,2.032678e+01,2.044567e+01,2.047362e+01,2.039673e+01,2.043868e+01,2.045964e+01,2.043169e+01,2.046663e+01,2.048759e+01,2.051554e+01,2.032678e+01,2.040372e+01,2.042470e+01,2.057838e+01,2.043868e+01,2.044567e+01,2.044567e+01,2.069000e+01,2.046663e+01,2.050157e+01,2.048759e+01,2.060629e+01,2.048061e+01,2.051554e+01,2.059932e+01,2.040372e+01,2.051554e+01,2.041071e+01,2.050855e+01,2.038974e+01,2.060629e+01,2.057140e+01,2.036176e+01,2.050157e+01,2.052252e+01,2.048061e+01,2.045266e+01,2.043868e+01,2.047362e+01,2.047362e+01,2.041071e+01,2.043169e+01,2.045964e+01,2.041071e+01,2.043868e+01,2.048759e+01,2.035476e+01,2.027778e+01,2.042470e+01,2.048061e+01,2.039673e+01,2.047362e+01,2.033377e+01,2.043868e+01,2.036176e+01
2.014467e+01,1.998330e+01,2.006051e+01,2.006753e+01,2.004648e+01,1.995521e+01,1.992009e+01,2.000437e+01,1.999735e+01,1.994117e+01,2.003244e+01,2.010260e+01,2.003244e+01,1.999033e+01,2.007454e+01,2.000437e+01,1.999033e+01,2.000437e+01,2.001841e+01,2.009559e+01,1.998330e+01,2.004648e+01,2.007454e+01,2.007454e+01,2.006753e+01,2.006753e+01,2.004648e+01,1.996224e+01,2.008156e+01,2.004648e+01,2.005350e+01,2.003946e+01,1.998330e+01,2.009559e+01,2.008857e+01,1.996224e+01,2.003244e+01,2.003244e+01,1.998330e+01,2.006051e+01,1.989198e+01,2.001139e+01,2.007454e+01,2.013766e+01,1.995521e+01,1.998330e+01,1.995521e+01,1.997628e+01,2.017271e+01,1.999033e+01,2.003244e+01,2.000437e+01,1.998330e+01,1.996224e+01,2.001841e+01,2.006753e+01,2.003244e+01,2.008156e+01,2.005350e+01,2.011663e+01,2.003946e+01,2.005350e+01,2.012364e+01,2.006753e+01,2.007454e+01,2.011663e+01,2.003946e+01,2.027078e+01,2.031278e+01,2.028478e+01,2.013065e+01,1.998330e+01,2.016570e+01,2.003244e+01,2.035476e+01,2.052950e+01,2.041071e+01,2.022176e+01,2.017271e+01,2.008156e+01,2.021475e+01,2.036875e+01,2.019373e+01,2.031278e+01,2.035476e+01,2.043169e+01,2.039673e+01,2.041071e+01,2.026378e+01,2.010260e+01,2.005350e+01,2.017271e+01,2.017271e+01,2.012364e+01,2.004648e+01,2.002542e+01,2.019373e+01,2.020074e+01,2.012364e+01,2.001139e+01,2.015869e+01,2.017271e+01,2.017271e+01,2.022176e+01,2.019373e+01,2.014467e+01,2.013766e+01,2.014467e+01,2.018673e+01,2.019373e+01,2.016570e+01,2.024977e+01,2.020074e+01,2.022176e+01,2.013065e+01,2.009559e+01,2.012364e+01,2.014467e+01,2.016570e+01,2.016570e+01,2.014467e+01,2.016570e+01,2.013766e+01,2.017972e+01,2.024277e+01,2.027778e+01,2.022876e+01,2.025677e+01,2.022176e+01,2.020774e+01,2.038274e+01,2.022176e+01,2.026378e+01,2.035476e+01,2.024977e+01,2.036176e+01,2.026378e+01,2.041071e+01,2.032678e+01,2.027778e+01,2.025677e+01,2.019373e+01,2.027078e+01,2.021475e+01,2.033377e+01,2.029878e+01,2.036875e+01,2.029178e+01,2.029178e+01,2.038274e+01,2.036875e+01,2.041071e+01,2.036176e+01,2.034077e+01,2.019373e+01,2.035476e+01,2.034077e+01,2.038274e+01,2.024277e+01,2.029878e+01,2.027078e+01,2.033377e+01,2.032678e+01,2.033377e+01,2.034777e+01,2.031278e+01,2.036875e+01,2.034777e+01,2.024277e+01,2.027078e+01,2.020074e+01,2.029178e+01,2.027778e+01,2.021475e+01,2.027078e+01,2.029178e+01,2.033377e+01,2.034777e+01,2.025677e+01,2.029178e+01,2.031278e+01,2.023577e+01,2.031978e+01,2.029878e+01,2.025677e+01,2.029878e+01,2.027778e+01,2.024977e+01,2.028478e+01,2.024277e+01,2.032678e+01,2.033377e+01,2.036176e+01,2.027078e+01,2.028478e+01,2.022876e+01,2.024277e+01,2.026378e+01,2.036875e+01,2.024277e+01,2.021475e+01,2.024977e+01,2.025677e+01,2.028478e+01,2.017271e+01,2.027778e+01,2.028478e+01,2.014467e+01,2.022876e+01,2.021475e+01,2.026378e+01,2.026378e+01,2.010961e+01,2.016570e+01,2.009559e+01,1.968796e+01,1.917254e+01,1.902378e+01,1.896704e+01,1.892448e+01,1.899541e+01,1.883928e+01,1.895995e+01,1.889609e+01,1.910881e+01,1.904504e+01,1.906630e+01,1.895286e+01,1.890318e+01,1.895286e+01,1.891028e+01,1.895286e+01,1.887479e+01,1.888899e+01,1.902378e+01,1.890318e+01,1.899541e+01,1.910173e+01,1.910173e+01,1.903795e+01,1.907339e+01,1.895995e+01,1.894576e+01,1.904504e+01,1.905213e+01,1.900251e+01,1.902378e+01,1.918670e+01,1.937055e+01,1.925745e+01,1.928574e+01,1.928574e+01,1.923623e+01,1.924331e+01,1.929281e+01,1.936349e+01,1.906630e+01,1.934936e+01,1.947647e+01,1.950469e+01,1.950469e+01,1.922208e+01,1.903087e+01,1.921501e+01,1.917962e+01,1.924331e+01,1.917962e+01,1.956817e+01,1.994819e+01,2.018673e+01,2.020074e+01,2.018673e+01,2.020074e+01,2.020774e+01,2.021475e+01,2.024277e+01,2.017972e+01,2.020774e+01,2.020074e+01,2.020774e+01,2.017972e+01,2.024977e+01,2.023577e+01,2.020774e+01,2.030578e+01,2.021475e+01,2.034077e+01,2.027778e+01,2.034077e+01,2.033377e+01,2.014467e+01,2.017271e+01,2.015869e+01,2.030578e+01,2.025677e+01,2.028478e+01,2.033377e+01,2.020074e+01,2.038974e+01,2.033377e+01,2.028478e+01,2.008857e+01,2.002542e+01,2.004648e+01,1.980058e+01,1.975132e+01,1.963865e+01,1.963161e+01,1.966683e+01,2.000437e+01,2.003244e+01,2.018673e+01,2.031278e+01,2.035476e+01,2.024977e+01,2.021475e+01,2.012364e+01,2.028478e+01,2.027778e+01,2.028478e+01,2.029878e+01,2.024277e+01,2.033377e+01,2.029178e+01,2.028478e+01,2.020774e+01,2.038974e+01,2.028478e+01,2.029878e+01,2.006051e+01,1.993414e+01,1.999033e+01,1.970205e+01,1.957522e+01,1.968796e+01,1.959637e+01,1.954701e+01,1.939881e+01,1.916546e+01,1.910173e+01,1.903087e+01,1.880376e+01,1.869713e+01,1.861886e+01,1.851915e+01,1.847639e+01,1.843361e+01,1.842648e+01,1.841934e+01,1.840508e+01,1.841934e+01,1.826944e+01,1.839081e+01,1.829801e+01,1.836940e+01,1.838367e+01,1.879666e+01,1.888189e+01,1.895286e+01,1.898123e+01,1.898832e+01,1.893157e+01,1.884638e+01,1.878955e+01,1.866867e+01,1.866156e+01,1.851203e+01,1.846213e+01,1.843361e+01,1.847639e+01,1.852628e+01,1.855477e+01,1.880376e+01,1.885349e+01,1.892448e+01,1.899541e+01,1.897414e+01,1.891738e+01,1.901669e+01,1.901669e+01,1.910881e+01,1.910881e+01,1.908756e+01,1.905213e+01,1.922916e+01,1.918670e+01,1.891738e+01,1.909464e+01,1.918670e+01,2.001139e+01,2.025677e+01,2.030578e+01,2.031278e+01,2.040372e+01,2.038974e+01,2.042470e+01,2.042470e+01,2.040372e+01,2.038974e+01,2.043169e+01,2.041071e+01,2.045266e+01,2.061327e+01,2.041770e+01,2.042470e+01,2.044567e+01,2.042470e+01,2.047362e+01,2.040372e+01,2.043868e+01,2.036875e+01,2.045266e+01,2.036176e+01,2.056442e+01,2.042470e+01,2.041770e+01,2.042470e+01,2.036875e+01,2.043169e+01,2.044567e+01,2.035476e+01,2.041071e+01,2.047362e+01,2.052252e+01,2.040372e+01,2.036176e+01,2.036875e+01,2.041071e+01,2.039673e+01,2.039673e+01,2.036875e+01,2.039673e+01,2.029178e+01,2.039673e+01,2.038974e+01,2.034077e+01,2.037575e+01,2.031978e+01,2.043868e+01,2.031978e+01,2.038274e+01,2.038974e+01,2.027778e+01,2.035476e+01,2.031278e+01,2.048759e+01,2.040372e+01,2.038974e+01,2.036176e+01,2.031978e+01,2.034077e+01,2.034077e+01,2.035476e+01,2.033377e+01,2.024277e+01,2.025677e+01,2.029878e+01,2.023577e+01,2.037575e+01,2.031978e+01,2.029178e+01,2.029878e+01,2.036875e+01,2.035476e+01,2.031978e+01,2.037575e+01,2.029878e+01,2.035476e+01,2.032678e+01,2.033377e+01,2.036875e+01,2.036875e+01,2.034077e+01,2.034077e+01,2.030578e+01,2.031978e+01,2.029178e+01,2.034777e+01,2.026378e+01,2.032678e+01,2.031278e+01,2.043169e+01,2.023577e+01,2.019373e+01,2.055743e+01,2.034077e+01,2.034077e+01,2.027778e+01,2.029178e+01,2.027778e+01,2.038274e+01,2.027078e+01,2.025677e+01,2.029878e+01,2.026378e+01,2.020774e+01,2.016570e+01,2.025677e+01,2.051554e+01,2.023577e+01,2.034077e+01,2.024277e+01,2.030578e+01,2.024277e+01,2.027778e+01,2.039673e+01,2.018673e+01,2.029178e+01,2.023577e+01,2.029178e+01,2.027078e+01,2.028478e+01,2.034077e+01,2.015168e+01,2.027078e+01,2.038274e+01,2.030578e+01,2.032678e+01,2.031278e+01,2.023577e+01,2.032678e+01,2.028478e+01,2.033377e+01,2.026378e+01,2.032678e+01,2.030578e+01,2.024977e+01,2.024977e+01,2.045266e+01,2.029878e+01,2.027778e+01,2.031278e+01,2.037575e+01,2.035476e+01,2.036875e+01,2.047362e+01,2.045964e+01,2.029878e+01,2.015869e+01,2.029178e+01,2.034077e+01,2.021475e+01,2.042470e+01,2.033377e+01,2.033377e+01,2.033377e+01,2.015869e+01,2.031978e+01,2.054347e+01,2.039673e+01,2.032678e+01,2.036176e+01,2.038974e+01,2.026378e+01,2.023577e+01,2.034077e+01,2.039673e+01,2.024977e+01,2.035476e+01,2.031978e+01,2.041071e+01,2.028478e+01,2.037575e+01,2.049458e+01,2.027778e+01,2.040372e+01,2.045964e+01,2.050855e+01,2.042470e+01,2.054347e+01,2.046663e+01,2.044567e+01,2.050855e+01,2.046663e+01,2.045266e+01,2.042470e+01,2.038974e+01,2.048061e+01,2.043169e+01,2.038974e+01,2.040372e+01,2.031978e+01,2.035476e+01,2.030578e+01,2.041770e+01,2.045266e+01,2.042470e+01,2.036176e+01,2.040372e+01,2.040372e+01,2.041770e+01,2.040372e+01,2.048061e+01,2.041770e+01,2.038274e+01,2.053649e+01,2.040372e+01,2.050855e+01,2.044567e+01,2.048061e+01,2.044567e+01,2.043868e+01,2.048061e+01,2.048759e+01,2.048061e+01,2.051554e+01,2.051554e+01,2.055045e+01,2.048061e+01,2.048759e+01,2.046663e+01,2.045964e+01,2.051554e+01,2.038274e+01,2.048759e+01,2.050855e+01,2.055045e+01,2.040372e+01,2.052252e+01,2.055743e+01,2.048759e+01,2.043868e+01,2.041071e+01,2.041071e+01,2.043868e+01,2.038974e+01,2.050855e+01,2.036176e+01,2.041770e+01,2.041770e+01,2.040372e+01,2.040372e+01,2.038274e+01,2.038974e+01,2.050855e+01,2.034077e+01,2.043868e+01,2.042470e+01,2.031978e+01,2.032678e+01
2.002542e+01,2.006051e+01,2.001139e+01,2.006051e+01,2.000437e+01,1.994819e+01,1.996926e+01,1.999033e+01,2.006753e+01,1.997628e+01,2.003946e+01,2.002542e+01,2.007454e+01,2.005350e+01,1.998330e+01,2.000437e+01,1.996224e+01,1.998330e+01,1.997628e+01,1.999033e+01,2.003244e+01,2.006051e+01,1.999735e+01,1.994117e+01,2.005350e+01,2.008857e+01,2.006051e+01,2.005350e+01,2.012364e+01,2.010260e+01,2.001841e+01,1.993414e+01,1.994819e+01,2.003946e+01,2.000437e+01,1.998330e+01,2.003946e+01,1.999033e+01,2.005350e+01,2.009559e+01,2.006753e+01,2.010260e+01,2.001841e+01,1.999735e+01,2.008857e+01,2.009559e+01,2.013065e+01,2.006753e+01,2.005350e+01,1.982168e+01,1.999033e+01,2.019373e+01,2.000437e+01,1.993414e+01,1.996224e+01,1.996926e+01,1.996224e+01,2.006051e+01,1.994117e+01,1.994819e+01,2.006753e+01,2.000437e+01,1.999033e+01,2.001139e+01,2.010260e+01,2.006051e+01,2.008857e+01,2.004648e+01,2.008156e+01,2.027078e+01,2.011663e+01,2.024277e+01,2.004648e+01,2.006051e+01,2.009559e+01,2.029178e+01,2.008156e+01,2.006753e+01,2.010260e+01,2.008156e+01,2.015869e+01,2.011663e+01,2.006051e+01,2.003946e+01,2.024277e+01,2.020774e+01,2.022176e+01,2.005350e+01,2.018673e+01,1.999033e+01,2.004648e+01,1.996224e+01,1.996224e+01,2.011663e+01,2.015168e+01,2.001841e+01,2.018673e+01,2.010961e+01,2.014467e+01,2.010961e+01,2.017972e+01,2.010961e+01,2.020074e+01,2.010260e+01,2.014467e+01,2.011663e+01,2.015168e+01,2.017271e+01,2.016570e+01,2.014467e+01,2.015168e+01,2.018673e+01,2.022876e+01,2.016570e+01,2.013065e+01,2.011663e+01,2.015869e+01,2.015869e+01,2.017972e+01,2.015869e+01,2.014467e+01,2.008857e+01,2.003244e+01,2.007454e+01,2.009559e+01,2.022176e+01,2.023577e+01,2.020074e+01,2.020774e+01,2.017271e+01,2.027778e+01,2.025677e+01,2.028478e+01,2.018673e+01,2.018673e+01,2.020774e+01,2.023577e+01,2.023577e+01,2.030578e+01,2.030578e+01,2.027778e+01,2.031278e+01,2.025677e+01,2.028478e+01,2.027078e+01,2.021475e+01,2.028478e+01,2.036176e+01,2.031278e+01,2.031978e+01,2.020774e+01,2.022176e+01,2.035476e+01,2.038274e+01,2.020774e+01,2.036875e+01,2.028478e+01,2.029178e+01,2.035476e+01,2.032678e+01,2.027778e+01,2.037575e+01,2.038274e+01,2.034777e+01,2.019373e+01,2.031278e+01,2.034777e+01,2.029878e+01,2.024277e+01,2.038974e+01,2.019373e+01,2.019373e+01,2.022876e+01,2.015869e+01,2.022176e+01,2.024277e+01,2.031978e+01,2.025677e+01,2.010260e+01,2.027778e+01,2.029178e+01,2.033377e+01,2.024277e+01,2.021475e+01,2.025677e+01,2.022176e+01,2.029178e+01,2.029178e+01,2.027778e+01,2.029878e+01,2.025677e+01,2.024277e+01,2.022876e+01,2.022176e+01,2.024277e+01,2.023577e+01,2.022176e+01,2.020074e+01,2.015168e+01,2.028478e+01,2.021475e+01,2.023577e+01,2.022176e+01,2.017271e+01,2.025677e+01,2.015869e+01,2.016570e+01,2.023577e+01,2.022176e+01,2.015869e+01,2.019373e+01,2.013766e+01,2.012364e+01,2.013766e+01,1.996926e+01,1.951880e+01,1.926452e+01,1.900251e+01,1.891738e+01,1.891738e+01,1.895995e+01,1.893157e+01,1.903795e+01,1.901669e+01,1.900960e+01,1.913006e+01,1.910173e+01,1.891738e+01,1.903087e+01,1.884638e+01,1.883218e+01,1.877534e+01,1.884638e+01,1.878245e+01,1.888189e+01,1.890318e+01,1.883928e+01,1.884638e+01,1.907339e+01,1.916546e+01,1.916546e+01,1.908756e+01,1.919378e+01,1.920793e+01,1.912298e+01,1.910173e+01,1.917254e+01,1.943411e+01,1.941293e+01,1.940587e+01,1.934229e+01,1.932109e+01,1.941293e+01,1.930695e+01,1.930695e+01,1.931402e+01,1.932815e+01,1.936349e+01,1.946941e+01,1.964570e+01,1.951175e+01,1.919378e+01,1.919378e+01,1.896704e+01,1.895286e+01,1.895995e+01,1.908047e+01,1.961751e+01,2.016570e+01,2.013766e+01,2.020074e+01,2.016570e+01,2.008857e+01,2.015168e+01,2.017271e+01,2.012364e+01,2.016570e+01,2.020774e+01,2.015869e+01,2.024277e+01,2.020074e+01,2.027078e+01,2.018673e+01,2.028478e+01,2.025677e+01,2.038974e+01,2.031978e+01,2.036176e+01,2.034077e+01,2.026378e+01,2.027778e+01,2.016570e+01,2.029878e+01,2.019373e+01,2.022876e+01,2.029878e+01,2.025677e+01,2.025677e+01,2.029178e+01,2.033377e+01,2.008156e+01,1.996926e+01,1.998330e+01,1.984277e+01,1.963161e+01,1.945529e+01,1.951880e+01,1.954701e+01,1.962456e+01,1.962456e+01,1.967388e+01,1.987090e+01,1.992711e+01,1.988495e+01,2.003946e+01,1.989901e+01,2.004648e+01,2.006753e+01,2.025677e+01,2.023577e+01,2.025677e+01,2.027778e+01,2.033377e+01,2.030578e+01,2.017271e+01,2.027078e+01,2.030578e+01,2.024277e+01,2.020074e+01,2.013065e+01,2.004648e+01,1.996926e+01,1.996224e+01,1.969500e+01,1.940587e+01,1.968092e+01,1.970205e+01,1.938468e+01,1.933522e+01,1.913006e+01,1.896704e+01,1.895286e+01,1.871135e+01,1.877534e+01,1.860462e+01,1.856902e+01,1.854053e+01,1.844787e+01,1.844787e+01,1.840508e+01,1.841934e+01,1.827659e+01,1.829801e+01,1.827659e+01,1.826944e+01,1.839794e+01,1.846213e+01,1.881797e+01,1.886769e+01,1.900251e+01,1.905922e+01,1.896704e+01,1.874691e+01,1.895286e+01,1.903087e+01,1.882508e+01,1.863309e+01,1.854765e+01,1.846213e+01,1.847639e+01,1.836940e+01,1.853340e+01,1.854765e+01,1.882508e+01,1.887479e+01,1.885349e+01,1.891738e+01,1.898832e+01,1.895995e+01,1.903795e+01,1.924331e+01,1.908047e+01,1.913714e+01,1.903087e+01,1.913714e+01,1.907339e+01,1.900960e+01,1.900960e+01,1.915130e+01,1.949058e+01,2.012364e+01,2.025677e+01,2.029878e+01,2.034777e+01,2.033377e+01,2.041071e+01,2.030578e+01,2.042470e+01,2.041770e+01,2.043169e+01,2.042470e+01,2.042470e+01,2.043868e+01,2.045964e+01,2.042470e+01,2.040372e+01,2.038974e+01,2.040372e+01,2.037575e+01,2.035476e+01,2.031978e+01,2.041071e+01,2.036176e+01,2.035476e+01,2.037575e+01,2.036875e+01,2.045964e+01,2.038274e+01,2.045266e+01,2.026378e+01,2.045266e+01,2.033377e+01,2.034077e+01,2.035476e+01,2.045266e+01,2.046663e+01,2.043169e+01,2.020774e+01,2.036176e+01,2.034077e+01,2.038974e+01,2.039673e+01,2.035476e+01,2.039673e+01,2.040372e+01,2.035476e+01,2.036875e+01,2.044567e+01,2.010260e+01,2.034077e+01,2.027078e+01,2.028478e+01,2.032678e+01,2.037575e+01,2.044567e+01,2.030578e+01,2.032678e+01,2.019373e+01,2.031978e+01,2.036176e+01,2.033377e+01,2.030578e+01,2.035476e+01,2.029178e+01,2.024977e+01,2.040372e+01,2.026378e+01,2.026378e+01,2.034777e+01,2.036176e+01,2.027078e+01,2.033377e+01,2.028478e+01,2.040372e+01,2.026378e+01,2.032678e+01,2.021475e+01,2.028478e+01,2.030578e+01,2.033377e+01,2.037575e+01,2.028478e+01,2.035476e+01,2.020774e+01,2.036875e+01,2.032678e+01,2.031278e+01,2.030578e+01,2.030578e+01,2.027078e+01,2.022176e+01,2.038974e+01,2.031278e+01,2.038274e+01,2.036875e+01,2.024277e+01,2.036176e+01,2.031978e+01,2.029178e+01,2.025677e+01,2.027078e+01,2.031278e+01,2.027078e+01,2.032678e+01,2.031278e+01,2.024277e+01,2.035476e+01,2.020074e+01,2.026378e+01,2.020074e+01,2.029178e+01,2.022176e+01,2.021475e+01,2.022176e+01,2.022176e+01,2.027078e+01,2.023577e+01,2.020774e+01,2.024977e+01,2.026378e+01,2.028478e+01,2.024277e+01,2.026378e+01,2.025677e+01,2.035476e+01,2.018673e+01,2.020774e+01,2.031978e+01,2.032678e+01,2.032678e+01,2.028478e+01,2.017972e+01,2.023577e+01,2.031278e+01,2.039673e+01,2.022876e+01,2.040372e+01,2.019373e+01,2.042470e+01,2.035476e+01,2.041770e+01,2.036176e+01,2.024977e+01,2.034077e+01,2.019373e+01,2.036875e+01,2.032678e+01,2.038274e+01,2.053649e+01,2.030578e+01,2.019373e+01,2.036176e+01,2.038274e+01,2.025677e+01,2.030578e+01,2.028478e+01,2.031978e+01,2.036875e+01,2.037575e+01,2.032678e+01,2.030578e+01,2.022876e+01,2.026378e+01,2.034077e+01,2.030578e+01,2.031978e+01,2.031278e+01,2.020074e+01,2.036875e+01,2.024977e+01,2.038274e+01,2.037575e+01,2.038274e+01,2.040372e+01,2.032678e+01,2.048759e+01,2.048759e+01,2.041770e+01,2.045266e+01,2.037575e+01,2.048061e+01,2.050157e+01,2.043868e+01,2.041770e+01,2.042470e+01,2.043169e+01,2.041770e+01,2.034777e+01,2.037575e+01,2.036875e+01,2.038274e+01,2.035476e+01,2.031978e+01,2.027778e+01,2.031978e+01,2.043169e+01,2.044567e+01,2.039673e+01,2.037575e+01,2.037575e+01,2.037575e+01,2.045964e+01,2.033377e+01,2.041770e+01,2.038274e+01,2.040372e+01,2.053649e+01,2.047362e+01,2.049458e+01,2.041770e+01,2.049458e+01,2.050157e+01,2.047362e+01,2.050157e+01,2.047362e+01,2.050157e+01,2.051554e+01,2.052252e+01,2.041071e+01,2.041071e+01,2.038974e+01,2.039673e+01,2.039673e+01,2.045964e+01,2.038274e+01,2.050157e+01,2.041770e+01,2.053649e+01,2.051554e+01,2.041770e+01,2.041071e+01,2.042470e+01,2.040372e+01,2.041071e+01,2.044567e+01,2.033377e+01,2.043169e+01,2.035476e+01,2.045266e+01,2.036176e+01,2.051554e+01,2.040372e+01,2.033377e+01,2.044567e+01,2.049458e+01,2.042470e+01,2.036875e+01,2.038274e+01,2.039673e+01,2.036875e+01
2.004648e+01,2.006051e+01,2.001841e+01,2.000437e+01,1.999033e+01,1.995521e+01,1.996926e+01,1.999033e+01,1.994117e+01,1.999735e+01,1.999033e+01,2.002542e+01,2.001139e+01,2.009559e+01,1.999735e+01,1.999735e+01,2.008156e+01,1.992711e+01,1.996926e+01,2.003244e+01,2.005350e+01,1.989901e+01,2.004648e+01,2.004648e+01,1.998330e+01,2.008857e+01,2.011663e+01,2.003946e+01,2.007454e+01,2.000437e+01,1.995521e+01,1.996926e+01,1.999735e+01,2.001139e+01,2.004648e+01,2.001139e+01,1.997628e+01,1.999735e+01,2.001139e+01,1.996224e+01,1.998330e+01,2.001841e+01,2.003946e+01,2.005350e+01,2.003946e+01,1.997628e+01,1.994117e+01,2.003244e+01,1.997628e+01,2.002542e+01,2.001139e+01,2.004648e+01,2.011663e+01,2.003244e+01,2.006753e+01,2.006051e+01,2.003946e+01,2.011663e+01,1.994117e+01,2.002542e+01,2.005350e+01,1.995521e+01,1.996926e+01,2.010260e+01,1.996926e+01,2.001139e+01,2.005350e+01,2.002542e+01,1.978650e+01,2.001139e+01,2.001139e+01,2.007454e+01,2.003244e+01,2.009559e+01,2.004648e+01,2.010961e+01,2.011663e+01,2.003244e+01,2.011663e+01,2.013065e+01,1.988495e+01,2.004648e+01,2.018673e+01,2.012364e+01,2.015869e+01,2.008857e+01,2.009559e+01,2.024977e+01,1.999735e+01,2.002542e+01,2.005350e+01,2.008857e+01,1.992009e+01,2.008857e+01,2.010260e+01,2.000437e+01,2.008156e+01,2.005350e+01,1.996926e+01,2.010260e+01,2.001139e+01,1.996926e+01,2.011663e+01,2.011663e+01,2.014467e+01,2.008857e+01,2.014467e+01,2.016570e+01,1.998330e+01,2.008156e+01,2.008857e+01,2.014467e+01,2.012364e+01,2.012364e+01,2.012364e+01,2.020774e+01,2.014467e+01,2.008156e+01,2.002542e+01,2.006051e+01,2.006753e+01,2.011663e+01,2.024277e+01,2.036875e+01,2.015168e+01,2.023577e+01,2.017271e+01,2.014467e+01,2.022876e+01,2.015869e+01,2.023577e+01,2.018673e+01,2.028478e+01,2.019373e+01,2.019373e+01,2.019373e+01,2.021475e+01,2.024277e+01,2.033377e+01,2.033377e+01,2.027078e+01,2.033377e+01,2.016570e+01,2.034077e+01,2.017271e+01,2.031278e+01,2.029178e+01,2.029878e+01,2.027778e+01,2.027778e+01,2.030578e+01,2.017972e+01,2.022176e+01,2.031278e+01,2.041770e+01,2.020074e+01,2.038274e+01,2.039673e+01,2.023577e+01,2.020074e+01,2.036176e+01,2.024277e+01,2.029178e+01,2.034077e+01,2.033377e+01,2.044567e+01,2.022876e+01,2.024277e+01,2.027078e+01,2.023577e+01,2.029878e+01,2.031278e+01,2.023577e+01,2.020774e+01,2.036875e+01,2.024977e+01,2.017972e+01,2.023577e+01,2.022876e+01,2.024277e+01,2.028478e+01,2.010961e+01,2.024977e+01,2.027778e+01,2.028478e+01,2.029878e+01,2.028478e+01,2.029178e+01,2.029878e+01,2.032678e+01,2.024277e+01,2.027078e+01,2.024277e+01,2.024977e+01,2.022176e+01,2.024977e+01,2.027078e+01,2.020074e+01,2.018673e+01,2.007454e+01,2.021475e+01,2.020774e+01,2.029878e+01,2.020774e+01,2.017972e+01,2.020074e+01,2.027778e+01,2.017972e+01,2.014467e+01,2.012364e+01,2.014467e+01,2.012364e+01,2.024977e+01,2.008857e+01,1.993414e+01,1.935642e+01,1.917962e+01,1.896704e+01,1.893867e+01,1.891028e+01,1.895286e+01,1.901669e+01,1.893867e+01,1.900251e+01,1.893157e+01,1.909464e+01,1.908756e+01,1.893157e+01,1.885349e+01,1.887479e+01,1.873269e+01,1.886769e+01,1.889609e+01,1.898832e+01,1.888189e+01,1.882508e+01,1.885349e+01,1.912298e+01,1.886769e+01,1.901669e+01,1.905922e+01,1.916546e+01,1.923623e+01,1.922916e+01,1.927867e+01,1.932109e+01,1.947647e+01,1.947647e+01,1.949058e+01,1.929281e+01,1.953291e+01,1.938468e+01,1.941293e+01,1.937055e+01,1.932109e+01,1.944823e+01,1.943411e+01,1.953291e+01,1.951175e+01,1.951880e+01,1.953291e+01,1.921501e+01,1.915130e+01,1.897414e+01,1.895995e+01,1.913006e+01,1.930695e+01,1.999033e+01,2.020074e+01,2.012364e+01,2.015168e+01,2.006753e+01,2.022176e+01,2.008156e+01,2.013065e+01,2.030578e+01,2.020774e+01,2.013766e+01,2.017271e+01,2.028478e+01,2.020074e+01,2.022176e+01,2.022176e+01,2.013766e+01,2.038274e+01,2.029878e+01,2.031278e+01,2.034077e+01,2.034077e+01,2.055045e+01,2.013766e+01,2.030578e+01,2.019373e+01,2.018673e+01,2.031978e+01,2.022176e+01,2.027078e+01,2.015168e+01,2.023577e+01,2.022876e+01,2.019373e+01,2.008156e+01,1.979354e+01,1.977243e+01,1.960342e+01,1.952586e+01,1.950469e+01,1.937055e+01,1.938468e+01,1.934936e+01,1.937055e+01,1.946235e+01,1.973021e+01,1.964570e+01,1.973021e+01,1.994117e+01,1.995521e+01,2.024277e+01,2.027078e+01,2.007454e+01,2.020074e+01,2.029178e+01,2.028478e+01,2.022876e+01,2.033377e+01,2.026378e+01,2.022876e+01,2.026378e+01,2.024977e+01,2.025677e+01,2.018673e+01,2.017271e+01,1.992009e+01,1.949764e+01,1.960342e+01,1.960342e+01,1.969500e+01,1.961047e+01,1.944118e+01,1.939881e+01,1.905922e+01,1.905213e+01,1.893157e+01,1.885349e+01,1.885349e+01,1.882508e+01,1.863309e+01,1.857614e+01,1.843361e+01,1.845500e+01,1.841934e+01,1.841221e+01,1.837654e+01,1.841221e+01,1.828373e+01,1.858326e+01,1.871135e+01,1.880376e+01,1.879666e+01,1.900960e+01,1.894576e+01,1.900960e+01,1.902378e+01,1.913714e+01,1.913714e+01,1.908047e+01,1.883928e+01,1.849777e+01,1.844787e+01,1.860462e+01,1.866156e+01,1.851915e+01,1.858326e+01,1.866156e+01,1.883928e+01,1.882508e+01,1.893867e+01,1.887479e+01,1.900251e+01,1.893157e+01,1.913006e+01,1.908047e+01,1.910881e+01,1.925038e+01,1.912298e+01,1.913714e+01,1.914422e+01,1.901669e+01,1.907339e+01,1.917962e+01,1.975132e+01,2.027778e+01,2.034077e+01,2.025677e+01,2.033377e+01,2.041071e+01,2.031978e+01,2.041071e+01,2.031278e+01,2.041770e+01,2.042470e+01,2.044567e+01,2.038274e+01,2.028478e+01,2.042470e+01,2.036875e+01,2.041770e+01,2.037575e+01,2.041071e+01,2.034077e+01,2.041071e+01,2.043868e+01,2.032678e+01,2.040372e+01,2.035476e+01,2.041071e+01,2.032678e+01,2.033377e+01,2.041770e+01,2.038974e+01,2.039673e+01,2.038274e+01,2.038974e+01,2.035476e+01,2.031978e+01,2.045266e+01,2.041071e+01,2.035476e+01,2.039673e+01,2.036176e+01,2.043868e+01,2.037575e+01,2.042470e+01,2.038974e+01,2.035476e+01,2.031278e+01,2.034777e+01,2.042470e+01,2.039673e+01,2.029878e+01,2.036875e+01,2.038974e+01,2.036176e+01,2.046663e+01,2.036875e+01,2.031978e+01,2.032678e+01,2.034077e+01,2.030578e+01,2.034777e+01,2.037575e+01,2.031278e+01,2.025677e+01,2.031978e+01,2.043868e+01,2.023577e+01,2.024977e+01,2.038974e+01,2.031978e+01,2.030578e+01,2.033377e+01,2.027778e+01,2.030578e+01,2.035476e+01,2.031978e+01,2.037575e+01,2.021475e+01,2.025677e+01,2.036875e+01,2.034777e+01,2.018673e+01,2.021475e+01,2.058536e+01,2.036875e+01,2.038274e+01,2.022876e+01,2.035476e+01,2.034077e+01,2.035476e+01,2.032678e+01,2.037575e+01,2.022176e+01,2.029878e+01,2.033377e+01,2.034777e+01,2.036875e+01,2.030578e+01,2.031278e+01,2.028478e+01,2.034077e+01,2.032678e+01,2.027078e+01,2.017972e+01,2.039673e+01,2.026378e+01,2.021475e+01,2.027078e+01,2.010961e+01,2.024277e+01,2.033377e+01,2.024277e+01,2.025677e+01,2.024977e+01,2.027078e+01,2.025677e+01,2.025677e+01,2.022876e+01,2.024277e+01,2.022176e+01,2.025677e+01,2.027078e+01,2.028478e+01,2.029878e+01,2.023577e+01,2.034077e+01,2.026378e+01,2.031978e+01,2.034077e+01,2.033377e+01,2.031978e+01,2.021475e+01,2.038274e+01,2.034077e+01,2.020074e+01,2.042470e+01,2.027778e+01,2.029878e+01,2.043868e+01,2.020074e+01,2.036875e+01,2.043169e+01,2.027078e+01,2.021475e+01,2.027778e+01,2.036875e+01,2.031978e+01,2.039673e+01,2.036875e+01,2.029878e+01,2.036875e+01,2.036176e+01,2.028478e+01,2.031278e+01,2.033377e+01,2.027778e+01,2.033377e+01,2.034777e+01,2.036176e+01,2.034777e+01,2.022876e+01,2.032678e+01,2.031978e+01,2.052252e+01,2.033377e+01,2.028478e+01,2.028478e+01,2.034077e+01,2.027078e+01,2.029878e+01,2.024977e+01,2.029178e+01,2.027078e+01,2.038974e+01,2.050157e+01,2.044567e+01,2.050855e+01,2.048759e+01,2.042470e+01,2.031278e+01,2.050157e+01,2.058536e+01,2.052252e+01,2.033377e+01,2.041770e+01,2.037575e+01,2.049458e+01,2.050157e+01,2.040372e+01,2.034777e+01,2.029178e+01,2.048759e+01,2.029178e+01,2.034777e+01,2.040372e+01,2.038274e+01,2.033377e+01,2.036176e+01,2.040372e+01,2.038274e+01,2.030578e+01,2.038974e+01,2.041071e+01,2.039673e+01,2.045266e+01,2.052252e+01,2.038274e+01,2.040372e+01,2.048061e+01,2.043169e+01,2.048759e+01,2.044567e+01,2.044567e+01,2.048061e+01,2.047362e+01,2.049458e+01,2.052950e+01,2.048061e+01,2.054347e+01,2.045266e+01,2.056442e+01,2.050157e+01,2.045964e+01,2.045266e+01,2.057838e+01,2.050157e+01,2.045266e+01,2.052950e+01,2.057140e+01,2.046663e+01,2.044567e+01,2.048759e+01,2.047362e+01,2.043169e+01,2.048061e+01,2.041071e+01,2.039673e+01,2.036176e+01,2.042470e+01,2.035476e+01,2.043868e+01,2.045964e+01,2.046663e+01,2.037575e+01,2.036176e+01,2.038974e+01,2.043868e+01,2.043868e+01,2.041770e+01,2.031278e+01,2.036875e+01
2.016570e+01,2.000437e+01,2.007454e+01,2.009559e+01,1.996926e+01,1.996224e+01,2.006753e+01,1.999033e+01,2.000437e+01,2.010260e+01,2.007454e+01,1.996926e+01,1.996224e+01,1.999033e+01,1.999735e+01,2.001841e+01,2.007454e+01,1.999033e+01,1.997628e+01,2.003946e+01,2.002542e+01,1.999735e+01,2.011663e+01,2.002542e+01,1.999033e+01,2.006051e+01,1.993414e+01,2.011663e+01,2.006753e+01,1.994819e+01,2.009559e+01,2.005350e+01,2.003946e+01,2.005350e+01,2.001139e+01,2.003244e+01,2.003946e+01,2.006051e+01,2.003946e+01,2.010961e+01,2.007454e+01,1.996224e+01,2.002542e+01,2.003244e+01,2.006051e+01,2.013065e+01,1.997628e+01,1.994819e+01,2.005350e+01,2.010260e+01,2.008857e+01,2.006753e+01,2.004648e+01,2.008857e+01,1.992009e+01,1.999735e+01,2.005350e+01,2.008156e+01,1.992711e+01,2.007454e+01,2.003946e+01,2.005350e+01,1.999033e+01,2.011663e+01,1.997628e+01,2.007454e+01,2.006753e+01,2.003244e+01,2.002542e+01,2.000437e+01,2.012364e+01,2.010961e+01,2.013065e+01,2.006051e+01,2.004648e+01,2.002542e+01,2.007454e+01,2.009559e+01,2.004648e+01,2.003244e+01,2.008857e+01,2.019373e+01,2.014467e+01,2.002542e+01,2.006051e+01,2.012364e+01,2.007454e+01,2.006051e+01,2.016570e+01,1.999735e+01,2.011663e+01,1.999033e+01,2.003244e+01,2.010260e+01,2.005350e+01,2.008156e+01,2.006051e+01,2.003946e+01,2.011663e+01,2.009559e+01,2.016570e+01,2.013065e+01,2.013766e+01,2.008857e+01,2.009559e+01,2.010961e+01,2.013766e+01,2.006753e+01,2.015869e+01,2.008857e+01,2.016570e+01,2.013766e+01,2.004648e+01,2.004648e+01,2.017271e+01,2.020074e+01,2.020074e+01,2.006051e+01,2.018673e+01,2.006051e+01,2.014467e+01,2.014467e+01,2.037575e+01,2.015168e+01,2.007454e+01,2.017972e+01,2.014467e+01,2.020074e+01,2.018673e+01,2.018673e+01,2.017972e+01,2.019373e+01,2.018673e+01,2.020074e+01,2.021475e+01,2.012364e+01,2.022876e+01,2.024977e+01,2.024977e+01,2.018673e+01,2.039673e+01,2.029878e+01,2.029178e+01,2.020774e+01,2.030578e+01,2.031278e+01,2.034777e+01,2.036176e+01,2.029878e+01,2.023577e+01,2.023577e+01,2.026378e+01,2.024977e+01,2.015869e+01,2.040372e+01,2.022176e+01,2.032678e+01,2.024977e+01,2.038274e+01,2.023577e+01,2.018673e+01,2.018673e+01,2.041071e+01,2.028478e+01,2.027778e+01,2.031278e+01,2.034777e+01,2.024977e+01,2.034077e+01,2.027078e+01,2.022176e+01,2.025677e+01,2.024277e+01,2.030578e+01,2.027078e+01,2.029878e+01,2.024277e+01,2.027078e+01,2.027778e+01,2.003946e+01,2.024277e+01,2.020774e+01,2.025677e+01,2.022876e+01,2.027778e+01,2.027778e+01,2.020074e+01,2.027778e+01,2.016570e+01,2.023577e+01,2.017972e+01,2.022876e+01,2.019373e+01,2.025677e+01,2.020774e+01,2.028478e+01,2.037575e+01,2.021475e+01,2.035476e+01,2.020074e+01,2.031978e+01,2.021475e+01,2.023577e+01,2.020074e+01,2.031278e+01,2.017972e+01,2.017271e+01,2.012364e+01,2.023577e+01,2.014467e+01,2.027778e+01,2.011663e+01,2.012364e+01,2.007454e+01,1.951175e+01,1.918670e+01,1.917962e+01,1.900251e+01,1.891738e+01,1.893867e+01,1.895995e+01,1.893867e+01,1.902378e+01,1.904504e+01,1.905213e+01,1.894576e+01,1.889609e+01,1.886059e+01,1.891738e+01,1.901669e+01,1.888899e+01,1.886059e+01,1.882508e+01,1.878245e+01,1.875401e+01,1.878955e+01,1.876823e+01,1.881087e+01,1.884638e+01,1.888899e+01,1.901669e+01,1.903087e+01,1.908756e+01,1.919378e+01,1.938468e+01,1.949764e+01,1.950469e+01,1.951880e+01,1.949058e+01,1.954701e+01,1.958227e+01,1.963161e+01,1.963161e+01,1.944823e+01,1.944118e+01,1.946235e+01,1.949058e+01,1.951175e+01,1.960342e+01,1.954701e+01,1.944823e+01,1.920793e+01,1.898832e+01,1.894576e+01,1.897414e+01,1.915130e+01,1.953996e+01,2.005350e+01,2.013065e+01,2.014467e+01,2.020074e+01,2.017972e+01,2.006753e+01,2.008156e+01,2.010260e+01,2.011663e+01,2.020074e+01,2.017271e+01,2.012364e+01,2.019373e+01,2.019373e+01,2.035476e+01,2.018673e+01,2.029178e+01,2.033377e+01,2.029178e+01,2.030578e+01,2.039673e+01,2.037575e+01,2.037575e+01,2.034077e+01,2.036875e+01,2.017271e+01,2.024977e+01,2.022876e+01,2.030578e+01,2.028478e+01,2.018673e+01,2.018673e+01,2.020074e+01,2.020074e+01,1.975132e+01,1.989901e+01,1.960342e+01,1.954701e+01,1.946941e+01,1.942705e+01,1.932109e+01,1.933522e+01,1.931402e+01,1.928574e+01,1.931402e+01,1.936349e+01,1.962456e+01,1.958932e+01,1.975836e+01,1.977947e+01,1.999033e+01,2.005350e+01,2.028478e+01,2.025677e+01,2.027078e+01,2.024277e+01,2.031278e+01,2.031978e+01,2.019373e+01,2.028478e+01,2.017271e+01,2.017271e+01,2.036176e+01,2.015168e+01,2.013065e+01,1.996224e+01,1.965274e+01,1.936349e+01,1.982871e+01,1.970909e+01,1.968092e+01,1.974428e+01,1.938468e+01,1.935642e+01,1.893867e+01,1.895995e+01,1.898123e+01,1.900960e+01,1.898123e+01,1.873269e+01,1.877534e+01,1.861886e+01,1.848352e+01,1.844787e+01,1.846213e+01,1.868290e+01,1.868290e+01,1.861886e+01,1.855477e+01,1.869713e+01,1.882508e+01,1.901669e+01,1.915838e+01,1.922916e+01,1.905213e+01,1.917254e+01,1.901669e+01,1.902378e+01,1.916546e+01,1.898123e+01,1.872558e+01,1.844787e+01,1.876112e+01,1.859038e+01,1.858326e+01,1.871135e+01,1.880376e+01,1.881797e+01,1.881797e+01,1.886059e+01,1.868290e+01,1.896704e+01,1.905213e+01,1.893867e+01,1.916546e+01,1.920085e+01,1.910881e+01,1.913714e+01,1.915838e+01,1.893157e+01,1.914422e+01,1.903087e+01,1.913714e+01,1.973021e+01,2.026378e+01,2.033377e+01,2.029178e+01,2.031278e+01,2.041071e+01,2.024277e+01,2.035476e+01,2.045964e+01,2.040372e+01,2.038974e+01,2.042470e+01,2.045964e+01,2.040372e+01,2.043868e+01,2.041770e+01,2.049458e+01,2.052950e+01,2.037575e+01,2.039673e+01,2.039673e+01,2.036875e+01,2.040372e+01,2.034777e+01,2.032678e+01,2.037575e+01,2.034077e+01,2.031978e+01,2.029178e+01,2.043169e+01,2.043169e+01,2.041770e+01,2.034077e+01,2.037575e+01,2.038274e+01,2.035476e+01,2.031978e+01,2.026378e+01,2.027778e+01,2.037575e+01,2.023577e+01,2.031978e+01,2.041071e+01,2.037575e+01,2.036875e+01,2.024277e+01,2.036176e+01,2.039673e+01,2.048061e+01,2.034077e+01,2.038974e+01,2.036875e+01,2.036875e+01,2.037575e+01,2.045266e+01,2.029178e+01,2.032678e+01,2.029878e+01,2.031978e+01,2.034077e+01,2.037575e+01,2.025677e+01,2.036875e+01,2.043169e+01,2.032678e+01,2.041770e+01,2.022176e+01,2.027778e+01,2.024977e+01,2.036875e+01,2.036875e+01,2.022876e+01,2.022876e+01,2.042470e+01,2.039673e+01,2.020074e+01,2.029178e+01,2.036176e+01,2.029878e+01,2.038974e+01,2.028478e+01,2.038974e+01,2.031978e+01,2.034777e+01,2.035476e+01,2.026378e+01,2.022876e+01,2.028478e+01,2.024277e+01,2.034777e+01,2.023577e+01,2.020074e+01,2.032678e+01,2.019373e+01,2.038974e+01,2.037575e+01,2.031278e+01,2.034077e+01,2.036875e+01,2.037575e+01,2.039673e+01,2.034077e+01,2.030578e+01,2.032678e+01,2.029878e+01,2.044567e+01,2.021475e+01,2.024977e+01,2.024977e+01,2.034777e+01,2.024277e+01,2.026378e+01,2.030578e+01,2.027078e+01,2.015168e+01,2.022176e+01,2.024977e+01,2.022876e+01,2.025677e+01,2.026378e+01,2.027078e+01,2.028478e+01,2.026378e+01,2.027778e+01,2.022176e+01,2.020074e+01,2.021475e+01,2.029178e+01,2.036875e+01,2.033377e+01,2.031978e+01,2.020774e+01,2.038274e+01,2.024277e+01,2.046663e+01,2.027778e+01,2.033377e+01,2.044567e+01,2.032678e+01,2.042470e+01,2.041071e+01,2.039673e+01,2.041071e+01,2.035476e+01,2.043868e+01,2.044567e+01,2.034077e+01,2.036875e+01,2.039673e+01,2.040372e+01,2.038274e+01,2.036875e+01,2.033377e+01,2.032678e+01,2.024277e+01,2.031978e+01,2.040372e+01,2.036176e+01,2.031278e+01,2.027078e+01,2.034777e+01,2.026378e+01,2.027778e+01,2.031978e+01,2.020074e+01,2.035476e+01,2.024977e+01,2.029878e+01,2.027778e+01,2.029878e+01,2.029178e+01,2.032678e+01,2.028478e+01,2.029178e+01,2.041071e+01,2.046663e+01,2.045964e+01,2.055045e+01,2.042470e+01,2.040372e+01,2.037575e+01,2.054347e+01,2.043169e+01,2.048061e+01,2.038974e+01,2.040372e+01,2.028478e+01,2.041770e+01,2.040372e+01,2.043169e+01,2.031278e+01,2.027078e+01,2.031278e+01,2.044567e+01,2.042470e+01,2.036176e+01,2.034777e+01,2.039673e+01,2.031278e+01,2.041071e+01,2.057838e+01,2.043868e+01,2.024277e+01,2.045964e+01,2.048061e+01,2.048061e+01,2.050157e+01,2.041071e+01,2.049458e+01,2.047362e+01,2.050157e+01,2.055743e+01,2.048759e+01,2.057838e+01,2.045964e+01,2.043169e+01,2.046663e+01,2.059234e+01,2.045266e+01,2.055743e+01,2.040372e+01,2.061327e+01,2.061327e+01,2.052252e+01,2.057140e+01,2.054347e+01,2.039673e+01,2.052252e+01,2.045964e+01,2.045964e+01,2.045266e+01,2.057838e+01,2.045266e+01,2.041770e+01,2.041770e+01,2.043169e+01,2.038974e+01,2.038974e+01,2.044567e+01,2.041071e+01,2.043169e+01,2.040372e+01,2.042470e+01,2.041770e+01,2.036176e+01,2.038974e+01,2.038274e+01,2.040372e+01,2.061327e+01,2.038274e+01
2.002542e+01,2.006051e+01,2.009559e+01,1.996224e+01,2.001139e+01,1.998330e+01,2.002542e+01,1.995521e+01,2.006051e+01,1.997628e+01,1.997628e+01,2.011663e+01,2.003946e+01,1.999033e+01,2.001139e+01,2.002542e+01,2.004648e+01,2.005350e+01,1.994117e+01,2.002542e+01,2.008857e+01,2.006753e+01,2.003244e+01,2.003946e+01,2.011663e+01,1.994819e+01,2.011663e+01,2.010961e+01,1.999735e+01,2.008857e+01,2.001841e+01,2.003244e+01,2.003946e+01,2.010961e+01,2.003244e+01,1.994819e+01,2.003946e+01,2.011663e+01,1.998330e+01,2.007454e+01,2.006051e+01,2.008857e+01,2.020074e+01,2.005350e+01,2.013065e+01,2.010260e+01,2.008857e+01,2.012364e+01,2.006753e+01,2.013065e+01,2.015869e+01,1.994819e+01,2.006753e+01,2.008857e+01,2.003244e+01,1.997628e+01,2.007454e+01,1.999735e+01,2.004648e+01,2.007454e+01,1.993414e+01,2.005350e+01,2.008857e+01,1.995521e+01,1.996926e+01,2.001139e+01,2.005350e+01,2.006051e+01,1.999735e+01,2.006051e+01,2.003244e+01,1.999033e+01,2.004648e+01,1.999033e+01,2.008156e+01,2.008156e+01,2.004648e+01,1.999735e+01,2.016570e+01,2.009559e+01,1.999033e+01,1.996926e+01,2.003946e+01,1.999033e+01,2.006051e+01,2.015168e+01,2.013065e+01,2.006753e+01,2.005350e+01,2.010961e+01,2.011663e+01,1.997628e+01,2.003244e+01,2.005350e+01,2.010260e+01,2.006051e+01,2.008857e+01,2.010260e+01,2.009559e+01,1.994117e+01,2.006051e+01,1.994819e+01,2.008857e+01,2.017271e+01,2.008857e+01,2.008857e+01,2.003946e+01,2.010260e+01,2.013065e+01,2.015869e+01,2.010961e+01,2.010961e+01,2.001841e+01,2.013065e+01,2.012364e+01,2.014467e+01,2.015869e+01,2.002542e+01,2.006051e+01,2.015168e+01,2.023577e+01,2.010260e+01,2.006753e+01,2.018673e+01,2.024277e+01,2.020774e+01,2.013766e+01,2.013766e+01,2.015869e+01,2.017271e+01,2.032678e+01,2.018673e+01,2.017271e+01,2.017271e+01,2.020074e+01,2.032678e+01,2.029878e+01,2.023577e+01,2.027778e+01,2.026378e+01,2.015869e+01,2.017271e+01,2.029878e+01,2.020074e+01,2.020074e+01,2.033377e+01,2.030578e+01,2.028478e+01,2.027078e+01,2.024977e+01,2.017972e+01,2.030578e+01,2.028478e+01,2.023577e+01,2.036875e+01,2.017972e+01,2.026378e+01,2.032678e+01,2.022176e+01,2.040372e+01,2.022876e+01,2.029178e+01,2.020774e+01,2.015168e+01,2.036176e+01,2.048061e+01,2.024277e+01,2.027078e+01,2.021475e+01,2.031978e+01,2.031978e+01,2.022876e+01,2.024277e+01,2.022876e+01,2.024277e+01,2.032678e+01,2.027778e+01,2.024977e+01,2.027078e+01,2.025677e+01,2.025677e+01,2.029178e+01,2.033377e+01,2.024977e+01,2.026378e+01,2.022176e+01,2.023577e+01,2.025677e+01,2.022176e+01,2.027778e+01,2.036875e+01,2.015869e+01,2.018673e+01,2.020074e+01,2.027078e+01,2.022176e+01,2.035476e+01,2.020074e+01,2.022176e+01,2.026378e+01,2.026378e+01,2.024277e+01,2.022176e+01,2.022876e+01,2.027778e+01,2.016570e+01,2.013766e+01,2.015869e+01,2.015869e+01,2.013766e+01,2.015168e+01,2.015168e+01,2.014467e+01,1.994819e+01,1.946941e+01,1.925745e+01,1.920085e+01,1.888899e+01,1.896704e+01,1.890318e+01,1.900251e+01,1.897414e+01,1.898123e+01,1.898123e+01,1.897414e+01,1.895286e+01,1.895286e+01,1.891028e+01,1.895286e+01,1.886059e+01,1.895286e+01,1.877534e+01,1.876823e+01,1.874691e+01,1.887479e+01,1.876823e+01,1.877534e+01,1.883218e+01,1.869713e+01,1.893867e+01,1.886059e+01,1.883928e+01,1.901669e+01,1.927160e+01,1.917962e+01,1.929988e+01,1.949764e+01,1.955407e+01,1.951175e+01,1.956817e+01,1.963865e+01,1.961047e+01,1.965274e+01,1.975836e+01,1.976540e+01,1.961751e+01,1.952586e+01,1.973725e+01,1.957522e+01,1.948352e+01,1.920085e+01,1.919378e+01,1.898123e+01,1.900251e+01,1.916546e+01,1.947647e+01,1.987792e+01,2.010260e+01,2.006753e+01,2.020774e+01,2.011663e+01,2.008857e+01,2.000437e+01,2.006051e+01,2.007454e+01,2.010260e+01,2.010260e+01,2.021475e+01,2.023577e+01,2.022876e+01,2.019373e+01,2.017271e+01,2.024977e+01,2.019373e+01,2.033377e+01,2.032678e+01,2.039673e+01,2.039673e+01,2.042470e+01,2.036875e+01,2.045266e+01,2.018673e+01,2.020074e+01,2.017271e+01,2.013065e+01,2.036875e+01,2.029178e+01,2.026378e+01,2.010961e+01,2.021475e+01,2.009559e+01,1.999033e+01,1.972317e+01,1.967388e+01,1.934936e+01,1.933522e+01,1.933522e+01,1.929988e+01,1.925745e+01,1.916546e+01,1.902378e+01,1.931402e+01,1.911590e+01,1.932109e+01,1.934936e+01,1.941293e+01,1.978650e+01,2.000437e+01,2.014467e+01,2.021475e+01,2.012364e+01,2.022176e+01,2.027778e+01,2.020774e+01,2.029178e+01,2.020774e+01,2.022176e+01,2.020774e+01,2.020774e+01,2.037575e+01,2.019373e+01,2.015869e+01,1.968092e+01,1.962456e+01,1.969500e+01,1.973725e+01,1.983574e+01,2.000437e+01,1.964570e+01,1.941999e+01,1.929281e+01,1.915838e+01,1.910881e+01,1.900251e+01,1.893867e+01,1.898832e+01,1.891738e+01,1.866867e+01,1.862598e+01,1.851915e+01,1.850490e+01,1.871135e+01,1.871847e+01,1.869713e+01,1.881797e+01,1.863309e+01,1.873269e+01,1.881087e+01,1.913714e+01,1.917254e+01,1.920793e+01,1.909464e+01,1.917962e+01,1.915130e+01,1.939174e+01,1.929281e+01,1.894576e+01,1.881087e+01,1.869002e+01,1.866867e+01,1.866867e+01,1.861886e+01,1.863309e+01,1.865444e+01,1.878955e+01,1.874691e+01,1.889609e+01,1.890318e+01,1.891738e+01,1.886059e+01,1.906630e+01,1.910881e+01,1.915838e+01,1.913006e+01,1.924331e+01,1.916546e+01,1.910881e+01,1.915130e+01,1.911590e+01,1.906630e+01,1.942705e+01,2.011663e+01,2.029878e+01,2.052252e+01,2.033377e+01,2.031278e+01,2.027778e+01,2.043868e+01,2.042470e+01,2.028478e+01,2.034077e+01,2.038974e+01,2.047362e+01,2.038274e+01,2.041071e+01,2.038974e+01,2.027078e+01,2.035476e+01,2.051554e+01,2.035476e+01,2.029878e+01,2.039673e+01,2.036176e+01,2.036875e+01,2.032678e+01,2.038974e+01,2.045266e+01,2.036176e+01,2.040372e+01,2.041770e+01,2.027078e+01,2.038274e+01,2.027078e+01,2.045964e+01,2.037575e+01,2.035476e+01,2.037575e+01,2.036875e+01,2.041071e+01,2.034077e+01,2.031278e+01,2.034777e+01,2.036875e+01,2.046663e+01,2.024977e+01,2.029878e+01,2.030578e+01,2.039673e+01,2.042470e+01,2.047362e+01,2.033377e+01,2.038974e+01,2.037575e+01,2.035476e+01,2.051554e+01,2.033377e+01,2.031978e+01,2.031978e+01,2.027778e+01,2.028478e+01,2.030578e+01,2.028478e+01,2.042470e+01,2.041770e+01,2.042470e+01,2.027078e+01,2.045266e+01,2.024977e+01,2.031978e+01,2.033377e+01,2.036875e+01,2.029878e+01,2.024977e+01,2.027778e+01,2.026378e+01,2.038974e+01,2.045964e+01,2.038274e+01,2.031978e+01,2.034077e+01,2.033377e+01,2.036176e+01,2.031978e+01,2.036176e+01,2.034777e+01,2.032678e+01,2.036176e+01,2.034777e+01,2.034777e+01,2.029878e+01,2.035476e+01,2.035476e+01,2.034777e+01,2.036176e+01,2.034077e+01,2.038974e+01,2.037575e+01,2.038974e+01,2.021475e+01,2.029878e+01,2.036875e+01,2.022176e+01,2.034777e+01,2.029178e+01,2.024977e+01,2.014467e+01,2.022176e+01,2.025677e+01,2.034077e+01,2.032678e+01,2.029178e+01,2.029178e+01,2.029878e+01,2.027078e+01,2.033377e+01,2.026378e+01,2.023577e+01,2.024977e+01,2.024277e+01,2.032678e+01,2.024977e+01,2.026378e+01,2.026378e+01,2.025677e+01,2.034077e+01,2.029878e+01,2.029178e+01,2.026378e+01,2.027778e+01,2.024277e+01,2.040372e+01,2.045964e+01,2.029878e+01,2.023577e+01,2.040372e+01,2.043169e+01,2.032678e+01,2.038274e+01,2.025677e+01,2.032678e+01,2.027078e+01,2.045266e+01,2.039673e+01,2.024277e+01,2.038274e+01,2.031978e+01,2.041071e+01,2.038974e+01,2.037575e+01,2.037575e+01,2.037575e+01,2.030578e+01,2.036176e+01,2.029178e+01,2.038274e+01,2.045964e+01,2.037575e+01,2.038974e+01,2.041770e+01,2.029878e+01,2.039673e+01,2.032678e+01,2.036875e+01,2.036176e+01,2.037575e+01,2.029878e+01,2.034777e+01,2.034777e+01,2.041071e+01,2.038974e+01,2.029178e+01,2.030578e+01,2.041770e+01,2.052252e+01,2.055743e+01,2.050855e+01,2.047362e+01,2.045964e+01,2.048061e+01,2.048061e+01,2.055743e+01,2.054347e+01,2.041071e+01,2.055045e+01,2.041770e+01,2.050855e+01,2.050157e+01,2.031978e+01,2.049458e+01,2.032678e+01,2.046663e+01,2.029878e+01,2.027778e+01,2.038974e+01,2.031278e+01,2.045964e+01,2.045964e+01,2.041770e+01,2.045266e+01,2.045964e+01,2.049458e+01,2.047362e+01,2.044567e+01,2.038274e+01,2.050855e+01,2.053649e+01,2.058536e+01,2.040372e+01,2.051554e+01,2.041770e+01,2.056442e+01,2.054347e+01,2.050855e+01,2.045964e+01,2.046663e+01,2.048759e+01,2.048061e+01,2.047362e+01,2.057838e+01,2.062723e+01,2.061327e+01,2.057838e+01,2.056442e+01,2.048061e+01,2.048061e+01,2.051554e+01,2.041071e+01,2.052950e+01,2.047362e+01,2.036875e+01,2.053649e+01,2.046663e+01,2.051554e+01,2.043868e+01,2.038974e+01,2.043868e+01,2.038274e+01,2.059234e+01,2.045964e+01,2.040372e+01,2.045964e+01,2.043169e+01,2.041770e+01,2.036176e+01,2.034777e+01,2.043169e+01,2.053649e+01,2.043169e+01,2.041071e+01,2.041770e+01
2.013065e+01,2.004648e+01,2.008857e+01,2.015168e+01,2.015168e+01,1.999735e+01,2.003244e+01,2.010260e+01,1.999735e+01,1.996926e+01,2.008156e+01,1.992711e+01,2.001139e+01,2.015168e+01,2.013766e+01,2.003946e+01,2.003244e+01,2.008857e+01,2.008156e+01,2.003244e+01,1.997628e+01,2.002542e+01,2.002542e+01,2.006051e+01,2.001841e+01,2.006051e+01,2.009559e+01,2.005350e+01,2.001841e+01,2.002542e+01,2.000437e+01,2.001841e+01,2.002542e+01,2.001139e+01,2.001139e+01,2.009559e+01,2.010961e+01,2.006753e+01,2.008857e+01,1.997628e+01,2.006753e+01,2.000437e+01,2.001841e+01,2.007454e+01,2.008156e+01,2.015168e+01,2.010260e+01,2.020074e+01,2.020074e+01,2.006753e+01,2.013766e+01,2.010260e+01,2.006051e+01,2.000437e+01,2.003244e+01,2.008156e+01,2.016570e+01,2.006753e+01,2.003946e+01,2.006753e+01,2.015869e+01,2.008156e+01,2.003244e+01,2.008857e+01,2.002542e+01,1.996926e+01,2.004648e+01,2.008857e+01,2.011663e+01,2.007454e+01,2.009559e+01,2.010961e+01,2.000437e+01,2.008156e+01,2.010961e+01,2.010961e+01,2.006753e+01,2.006051e+01,2.015168e+01,2.018673e+01,2.020774e+01,2.010260e+01,2.019373e+01,2.004648e+01,2.020074e+01,2.007454e+01,2.010260e+01,2.015168e+01,2.011663e+01,2.024277e+01,1.995521e+01,2.010961e+01,2.013065e+01,2.003244e+01,2.013766e+01,2.007454e+01,2.008156e+01,2.007454e+01,2.010961e+01,2.003244e+01,2.014467e+01,2.015869e+01,2.022876e+01,2.014467e+01,2.015869e+01,2.013766e+01,2.004648e+01,2.003946e+01,2.003946e+01,2.032678e+01,2.007454e+01,2.014467e+01,2.012364e+01,1.999735e+01,2.016570e+01,1.999735e+01,2.007454e+01,2.016570e+01,2.006051e+01,2.015168e+01,2.017972e+01,2.013766e+01,2.012364e+01,2.017271e+01,2.020774e+01,2.015168e+01,2.014467e+01,2.026378e+01,2.025677e+01,2.016570e+01,2.013065e+01,2.012364e+01,2.021475e+01,2.025677e+01,2.020774e+01,2.022176e+01,2.029878e+01,2.024277e+01,2.020074e+01,2.024277e+01,2.027778e+01,2.017271e+01,2.038974e+01,2.022176e+01,2.031978e+01,2.029178e+01,2.034077e+01,2.028478e+01,2.027778e+01,2.028478e+01,2.027778e+01,2.025677e+01,2.031978e+01,2.013766e+01,2.027778e+01,2.019373e+01,2.030578e+01,2.022176e+01,2.022876e+01,2.026378e+01,2.020774e+01,2.023577e+01,2.030578e+01,2.034777e+01,2.024977e+01,2.025677e+01,2.023577e+01,2.021475e+01,2.021475e+01,2.021475e+01,2.021475e+01,2.029178e+01,2.036176e+01,2.028478e+01,2.028478e+01,2.022876e+01,2.021475e+01,2.026378e+01,2.023577e+01,2.025677e+01,2.022176e+01,2.025677e+01,2.024977e+01,2.025677e+01,2.025677e+01,2.022876e+01,2.024977e+01,2.021475e+01,2.019373e+01,2.027778e+01,2.029878e+01,2.030578e+01,2.018673e+01,2.023577e+01,2.019373e+01,2.017972e+01,2.020074e+01,2.023577e+01,2.020774e+01,2.017271e+01,2.022876e+01,2.020074e+01,2.027078e+01,2.021475e+01,2.025677e+01,2.012364e+01,2.017972e+01,2.010260e+01,2.010260e+01,2.017972e+01,2.023577e+01,2.013065e+01,2.010961e+01,1.963865e+01,1.951175e+01,1.946235e+01,1.920085e+01,1.903795e+01,1.908047e+01,1.905213e+01,1.894576e+01,1.896704e+01,1.900960e+01,1.908047e+01,1.892448e+01,1.895995e+01,1.893867e+01,1.873980e+01,1.893157e+01,1.888189e+01,1.886769e+01,1.879666e+01,1.875401e+01,1.883928e+01,1.881087e+01,1.874691e+01,1.877534e+01,1.882508e+01,1.881797e+01,1.877534e+01,1.881087e+01,1.895995e+01,1.882508e+01,1.901669e+01,1.918670e+01,1.937762e+01,1.943411e+01,1.931402e+01,1.955407e+01,1.961751e+01,1.965979e+01,1.983574e+01,1.981464e+01,1.984277e+01,1.971613e+01,1.973725e+01,1.961047e+01,1.956817e+01,1.956112e+01,1.951175e+01,1.922208e+01,1.917254e+01,1.916546e+01,1.922916e+01,1.918670e+01,1.953996e+01,1.994819e+01,1.996926e+01,1.996926e+01,1.996926e+01,1.999735e+01,1.994117e+01,1.998330e+01,2.001139e+01,2.006051e+01,2.008857e+01,2.019373e+01,2.014467e+01,2.025677e+01,2.024977e+01,2.029878e+01,2.024277e+01,2.017972e+01,2.028478e+01,2.037575e+01,2.030578e+01,2.029878e+01,2.050855e+01,2.052950e+01,2.026378e+01,2.057140e+01,2.034077e+01,2.017271e+01,2.028478e+01,2.022876e+01,2.025677e+01,2.026378e+01,2.019373e+01,2.014467e+01,2.022176e+01,2.002542e+01,1.979354e+01,1.973725e+01,1.968796e+01,1.937762e+01,1.933522e+01,1.925038e+01,1.910881e+01,1.913714e+01,1.904504e+01,1.914422e+01,1.904504e+01,1.903795e+01,1.908756e+01,1.932109e+01,1.936349e+01,1.966683e+01,1.977243e+01,2.004648e+01,2.024977e+01,2.016570e+01,2.024977e+01,2.019373e+01,2.026378e+01,2.021475e+01,2.022176e+01,2.026378e+01,2.022176e+01,2.017972e+01,2.027078e+01,2.014467e+01,2.013766e+01,1.977243e+01,1.971613e+01,1.984980e+01,2.001139e+01,2.006051e+01,2.011663e+01,1.977243e+01,1.937762e+01,1.934229e+01,1.915130e+01,1.914422e+01,1.898123e+01,1.905922e+01,1.900251e+01,1.897414e+01,1.879666e+01,1.874691e+01,1.868290e+01,1.869002e+01,1.879666e+01,1.881087e+01,1.871847e+01,1.880376e+01,1.883218e+01,1.869713e+01,1.879666e+01,1.902378e+01,1.925038e+01,1.920085e+01,1.922916e+01,1.924331e+01,1.926452e+01,1.934229e+01,1.929281e+01,1.928574e+01,1.886769e+01,1.864021e+01,1.870424e+01,1.869002e+01,1.862598e+01,1.869713e+01,1.874691e+01,1.876112e+01,1.875401e+01,1.873269e+01,1.881797e+01,1.888899e+01,1.887479e+01,1.888899e+01,1.910173e+01,1.910173e+01,1.913714e+01,1.913714e+01,1.914422e+01,1.913006e+01,1.905922e+01,1.911590e+01,1.900251e+01,1.918670e+01,1.970205e+01,2.029178e+01,2.024277e+01,2.032678e+01,2.034077e+01,2.035476e+01,2.048061e+01,2.029878e+01,2.043169e+01,2.031278e+01,2.032678e+01,2.031278e+01,2.029878e+01,2.034077e+01,2.045266e+01,2.031978e+01,2.044567e+01,2.050855e+01,2.018673e+01,2.038274e+01,2.038974e+01,2.028478e+01,2.036176e+01,2.037575e+01,2.042470e+01,2.038274e+01,2.039673e+01,2.041770e+01,2.031278e+01,2.039673e+01,2.043868e+01,2.036875e+01,2.036875e+01,2.036875e+01,2.029878e+01,2.033377e+01,2.038974e+01,2.039673e+01,2.034777e+01,2.036875e+01,2.038974e+01,2.036875e+01,2.036176e+01,2.026378e+01,2.027778e+01,2.036176e+01,2.047362e+01,2.040372e+01,2.039673e+01,2.034077e+01,2.032678e+01,2.036875e+01,2.036176e+01,2.034777e+01,2.036875e+01,2.032678e+01,2.031978e+01,2.027778e+01,2.038974e+01,2.027078e+01,2.031278e+01,2.041071e+01,2.040372e+01,2.038974e+01,2.027778e+01,2.028478e+01,2.032678e+01,2.028478e+01,2.032678e+01,2.020074e+01,2.027778e+01,2.034077e+01,2.039673e+01,2.035476e+01,2.026378e+01,2.027778e+01,2.034077e+01,2.031978e+01,2.031278e+01,2.041770e+01,2.031978e+01,2.033377e+01,2.031278e+01,2.030578e+01,2.026378e+01,2.034777e+01,2.036875e+01,2.035476e+01,2.036176e+01,2.030578e+01,2.038974e+01,2.034777e+01,2.024277e+01,2.039673e+01,2.041071e+01,2.038974e+01,2.041770e+01,2.036875e+01,2.029178e+01,2.029178e+01,2.027778e+01,2.022176e+01,2.027778e+01,2.022876e+01,2.029878e+01,2.039673e+01,2.027078e+01,2.025677e+01,2.028478e+01,2.031278e+01,2.027078e+01,2.029878e+01,2.027078e+01,2.031278e+01,2.029178e+01,2.037575e+01,2.030578e+01,2.023577e+01,2.023577e+01,2.033377e+01,2.036875e+01,2.037575e+01,2.017271e+01,2.029878e+01,2.027078e+01,2.027078e+01,2.027778e+01,2.029178e+01,2.031978e+01,2.028478e+01,2.034777e+01,2.024277e+01,2.030578e+01,2.032678e+01,2.037575e+01,2.040372e+01,2.041770e+01,2.035476e+01,2.024977e+01,2.037575e+01,2.043169e+01,2.027778e+01,2.044567e+01,2.041071e+01,2.033377e+01,2.031978e+01,2.038974e+01,2.031978e+01,2.043169e+01,2.038974e+01,2.034777e+01,2.048759e+01,2.034077e+01,2.045266e+01,2.028478e+01,2.038974e+01,2.036875e+01,2.026378e+01,2.040372e+01,2.037575e+01,2.039673e+01,2.039673e+01,2.038974e+01,2.026378e+01,2.033377e+01,2.038974e+01,2.038974e+01,2.042470e+01,2.038974e+01,2.044567e+01,2.038974e+01,2.041071e+01,2.041770e+01,2.046663e+01,2.055045e+01,2.056442e+01,2.041071e+01,2.045266e+01,2.047362e+01,2.048061e+01,2.040372e+01,2.047362e+01,2.044567e+01,2.030578e+01,2.043169e+01,2.030578e+01,2.031978e+01,2.037575e+01,2.043169e+01,2.044567e+01,2.030578e+01,2.041770e+01,2.037575e+01,2.041770e+01,2.045964e+01,2.041770e+01,2.053649e+01,2.045964e+01,2.041071e+01,2.050157e+01,2.040372e+01,2.038274e+01,2.045964e+01,2.043169e+01,2.056442e+01,2.057140e+01,2.043169e+01,2.043169e+01,2.051554e+01,2.044567e+01,2.044567e+01,2.052252e+01,2.039673e+01,2.052950e+01,2.051554e+01,2.048061e+01,2.050157e+01,2.048759e+01,2.048759e+01,2.045964e+01,2.043868e+01,2.056442e+01,2.050855e+01,2.050157e+01,2.054347e+01,2.059234e+01,2.050157e+01,2.039673e+01,2.043169e+01,2.051554e+01,2.052252e+01,2.055743e+01,2.045964e+01,2.052252e+01,2.048061e+01,2.045964e+01,2.041770e+01,2.048061e+01,2.046663e+01,2.041071e+01,2.038974e+01,2.031278e+01,2.043169e+01,2.034777e+01,2.038274e+01,2.034777e+01,2.038274e+01,2.060629e+01,2.039673e+01
2.000437e+01,2.001139e+01,2.009559e+01,1.999735e+01,2.000437e+01,1.999735e+01,2.003946e+01,2.001139e+01,2.007454e+01,2.006753e+01,2.014467e+01,2.003946e+01,2.002542e+01,2.000437e+01,2.009559e+01,2.005350e+01,2.009559e+01,2.006753e+01,2.007454e+01,2.006753e+01,2.000437e+01,2.004648e+01,2.006753e+01,2.023577e+01,2.022876e+01,2.006051e+01,2.005350e+01,1.999735e+01,2.006051e+01,2.008857e+01,2.007454e+01,2.002542e+01,2.002542e+01,2.012364e+01,2.008156e+01,2.010961e+01,2.026378e+01,2.001841e+01,1.998330e+01,1.996224e+01,2.001841e+01,2.009559e+01,2.011663e+01,2.013065e+01,1.998330e+01,2.012364e+01,2.024277e+01,2.013065e+01,1.999735e+01,2.013766e+01,2.015869e+01,2.004648e+01,2.006753e+01,1.999033e+01,1.999735e+01,2.008857e+01,2.006753e+01,2.006753e+01,2.012364e+01,2.001841e+01,2.002542e+01,2.010961e+01,2.010961e+01,2.008156e+01,2.009559e+01,1.996224e+01,2.006753e+01,2.016570e+01,2.010961e+01,2.007454e+01,2.002542e+01,1.996224e+01,1.999735e+01,2.000437e+01,2.003946e+01,2.000437e+01,2.004648e+01,2.008857e+01,2.006051e+01,2.001139e+01,2.009559e+01,2.013766e+01,2.000437e+01,2.011663e+01,2.001841e+01,2.001841e+01,2.009559e+01,1.999735e+01,2.008857e+01,2.005350e+01,2.001841e+01,2.017271e+01,2.007454e+01,2.006753e+01,2.003946e+01,2.008857e+01,2.009559e+01,2.011663e+01,2.010961e+01,2.012364e+01,1.992009e+01,2.020774e+01,2.006753e+01,2.010961e+01,2.008857e+01,2.007454e+01,2.013065e+01,2.013065e+01,2.011663e+01,2.008156e+01,2.008156e+01,2.009559e+01,2.015168e+01,2.014467e+01,1.999735e+01,2.015869e+01,2.023577e+01,2.013065e+01,2.014467e+01,2.008156e+01,2.043868e+01,2.018673e+01,2.023577e+01,2.020774e+01,2.017972e+01,2.020074e+01,2.013766e+01,2.023577e+01,2.011663e+01,2.018673e+01,2.030578e+01,2.020774e+01,2.021475e+01,2.018673e+01,2.020774e+01,2.036176e+01,2.017972e+01,2.016570e+01,2.017972e+01,2.021475e+01,2.030578e+01,2.015168e+01,2.030578e+01,2.011663e+01,2.034077e+01,2.054347e+01,2.017972e+01,2.024977e+01,2.024277e+01,2.024977e+01,2.023577e+01,2.024277e+01,2.017972e+01,2.024977e+01,2.029178e+01,2.020774e+01,2.022876e+01,2.035476e+01,2.025677e+01,2.042470e+01,2.029878e+01,2.030578e+01,2.024277e+01,2.022876e+01,2.034777e+01,2.035476e+01,2.024977e+01,2.017271e+01,2.034777e+01,2.031278e+01,2.023577e+01,2.020074e+01,2.017972e+01,2.022176e+01,2.029178e+01,2.023577e+01,2.021475e+01,2.022176e+01,2.025677e+01,2.027778e+01,2.022176e+01,2.029178e+01,2.025677e+01,2.015869e+01,2.019373e+01,2.022176e+01,2.024277e+01,2.027778e+01,2.024277e+01,2.022176e+01,2.019373e+01,2.018673e+01,2.042470e+01,2.020074e+01,2.022176e+01,2.023577e+01,2.024277e+01,2.027078e+01,2.017271e+01,2.024277e+01,2.020774e+01,2.024277e+01,2.022176e+01,2.027778e+01,2.020774e+01,2.019373e+01,2.012364e+01,2.016570e+01,2.013766e+01,2.015869e+01,2.017972e+01,2.006051e+01,1.993414e+01,1.980058e+01,1.944118e+01,1.920085e+01,1.910173e+01,1.899541e+01,1.896704e+01,1.903087e+01,1.890318e+01,1.897414e+01,1.898832e+01,1.909464e+01,1.894576e+01,1.898832e+01,1.892448e+01,1.891738e+01,1.897414e+01,1.893157e+01,1.876112e+01,1.892448e+01,1.874691e+01,1.875401e+01,1.877534e+01,1.875401e+01,1.884638e+01,1.863309e+01,1.866867e+01,1.865444e+01,1.882508e+01,1.871847e+01,1.901669e+01,1.895995e+01,1.908047e+01,1.913006e+01,1.909464e+01,1.936349e+01,1.951880e+01,1.956112e+01,1.951880e+01,1.975836e+01,1.979354e+01,1.974428e+01,1.977947e+01,1.981464e+01,1.980058e+01,1.976540e+01,1.953291e+01,1.945529e+01,1.953291e+01,1.933522e+01,1.923623e+01,1.925038e+01,1.949058e+01,1.953996e+01,1.984980e+01,1.987090e+01,1.987792e+01,1.977243e+01,1.980058e+01,1.975836e+01,1.976540e+01,1.969500e+01,1.997628e+01,1.999735e+01,2.034077e+01,2.043169e+01,2.014467e+01,2.036176e+01,2.025677e+01,2.030578e+01,2.022876e+01,2.036875e+01,2.021475e+01,2.032678e+01,2.031978e+01,2.035476e+01,2.052252e+01,2.049458e+01,2.033377e+01,2.025677e+01,2.044567e+01,2.024977e+01,2.023577e+01,2.028478e+01,2.024277e+01,2.020074e+01,2.013065e+01,2.011663e+01,1.990604e+01,1.979354e+01,1.975132e+01,1.962456e+01,1.934229e+01,1.925038e+01,1.913006e+01,1.908756e+01,1.905213e+01,1.906630e+01,1.903795e+01,1.893867e+01,1.908047e+01,1.917254e+01,1.918670e+01,1.931402e+01,1.939881e+01,1.969500e+01,2.002542e+01,2.027078e+01,2.004648e+01,2.022176e+01,2.024977e+01,2.025677e+01,2.017972e+01,2.025677e+01,2.022176e+01,2.019373e+01,2.013766e+01,2.010961e+01,2.015168e+01,2.008156e+01,1.974428e+01,1.965274e+01,1.980058e+01,2.024277e+01,2.021475e+01,1.992711e+01,1.974428e+01,1.946235e+01,1.930695e+01,1.922916e+01,1.900960e+01,1.916546e+01,1.891028e+01,1.895995e+01,1.893867e+01,1.879666e+01,1.876823e+01,1.872558e+01,1.865444e+01,1.869713e+01,1.873980e+01,1.869002e+01,1.883218e+01,1.876823e+01,1.881797e+01,1.883928e+01,1.902378e+01,1.925745e+01,1.947647e+01,1.934229e+01,1.941999e+01,1.953996e+01,1.932815e+01,1.927867e+01,1.928574e+01,1.888189e+01,1.864021e+01,1.866156e+01,1.867579e+01,1.868290e+01,1.869002e+01,1.869002e+01,1.879666e+01,1.893157e+01,1.888899e+01,1.873269e+01,1.869002e+01,1.891738e+01,1.899541e+01,1.908756e+01,1.911590e+01,1.904504e+01,1.915838e+01,1.918670e+01,1.913006e+01,1.908047e+01,1.911590e+01,1.903087e+01,1.905922e+01,1.943411e+01,2.003946e+01,2.027078e+01,2.017271e+01,2.029878e+01,2.034077e+01,2.038974e+01,2.040372e+01,2.038974e+01,2.034777e+01,2.034077e+01,2.046663e+01,2.040372e+01,2.042470e+01,2.035476e+01,2.034777e+01,2.034777e+01,2.043868e+01,2.034077e+01,2.038274e+01,2.039673e+01,2.045266e+01,2.043868e+01,2.039673e+01,2.041770e+01,2.033377e+01,2.043868e+01,2.043169e+01,2.032678e+01,2.050157e+01,2.044567e+01,2.033377e+01,2.039673e+01,2.036176e+01,2.022876e+01,2.039673e+01,2.038974e+01,2.038974e+01,2.033377e+01,2.036875e+01,2.037575e+01,2.035476e+01,2.038274e+01,2.028478e+01,2.034077e+01,2.035476e+01,2.041770e+01,2.041071e+01,2.047362e+01,2.043169e+01,2.040372e+01,2.041770e+01,2.032678e+01,2.037575e+01,2.035476e+01,2.034077e+01,2.029878e+01,2.033377e+01,2.029178e+01,2.036176e+01,2.029178e+01,2.038274e+01,2.029878e+01,2.037575e+01,2.031278e+01,2.028478e+01,2.026378e+01,2.031978e+01,2.026378e+01,2.025677e+01,2.042470e+01,2.030578e+01,2.031278e+01,2.029878e+01,2.033377e+01,2.034077e+01,2.042470e+01,2.034777e+01,2.035476e+01,2.034777e+01,2.040372e+01,2.034077e+01,2.034077e+01,2.022176e+01,2.027778e+01,2.037575e+01,2.033377e+01,2.036176e+01,2.035476e+01,2.027778e+01,2.024977e+01,2.038274e+01,2.032678e+01,2.007454e+01,2.038274e+01,2.038974e+01,2.035476e+01,2.036176e+01,2.032678e+01,2.028478e+01,2.032678e+01,2.036176e+01,2.037575e+01,2.029178e+01,2.029878e+01,2.032678e+01,2.022176e+01,2.027778e+01,2.043169e+01,2.029178e+01,2.035476e+01,2.024977e+01,2.038274e+01,2.034077e+01,2.028478e+01,2.030578e+01,2.030578e+01,2.038974e+01,2.031278e+01,2.026378e+01,2.032678e+01,2.036875e+01,2.031978e+01,2.027078e+01,2.026378e+01,2.026378e+01,2.027778e+01,2.035476e+01,2.046663e+01,2.031278e+01,2.036875e+01,2.036176e+01,2.036176e+01,2.024277e+01,2.031978e+01,2.038974e+01,2.034777e+01,2.051554e+01,2.035476e+01,2.040372e+01,2.038274e+01,2.037575e+01,2.046663e+01,2.032678e+01,2.039673e+01,2.033377e+01,2.036875e+01,2.048061e+01,2.044567e+01,2.043169e+01,2.041071e+01,2.038274e+01,2.035476e+01,2.043868e+01,2.031278e+01,2.038274e+01,2.037575e+01,2.036176e+01,2.038274e+01,2.041071e+01,2.042470e+01,2.038274e+01,2.035476e+01,2.037575e+01,2.037575e+01,2.033377e+01,2.036176e+01,2.042470e+01,2.038274e+01,2.036875e+01,2.042470e+01,2.043868e+01,2.052950e+01,2.047362e+01,2.045266e+01,2.054347e+01,2.050157e+01,2.045964e+01,2.039673e+01,2.044567e+01,2.050157e+01,2.043868e+01,2.045266e+01,2.049458e+01,2.054347e+01,2.030578e+01,2.039673e+01,2.031978e+01,2.047362e+01,2.037575e+01,2.029878e+01,2.043868e+01,2.042470e+01,2.041071e+01,2.041770e+01,2.037575e+01,2.043169e+01,2.043868e+01,2.047362e+01,2.047362e+01,2.045266e+01,2.048759e+01,2.043868e+01,2.044567e+01,2.044567e+01,2.044567e+01,2.042470e+01,2.044567e+01,2.055045e+01,2.041770e+01,2.051554e+01,2.057140e+01,2.052950e+01,2.035476e+01,2.048759e+01,2.048759e+01,2.048061e+01,2.066908e+01,2.048759e+01,2.052950e+01,2.058536e+01,2.043868e+01,2.051554e+01,2.052950e+01,2.043169e+01,2.053649e+01,2.052950e+01,2.037575e+01,2.039673e+01,2.049458e+01,2.055743e+01,2.047362e+01,2.046663e+01,2.043868e+01,2.052252e+01,2.060629e+01,2.044567e+01,2.057838e+01,2.044567e+01,2.042470e+01,2.045964e+01,2.034777e+01,2.039673e+01,2.033377e+01,2.037575e+01,2.044567e+01,2.038274e+01,2.048061e+01,2.041770e+01
2.016570e+01,2.008857e+01,2.015168e+01,2.003946e+01,2.008857e+01,2.005350e+01,2.010961e+01,2.009559e+01,1.996926e+01,2.007454e+01,2.013065e+01,2.000437e+01,2.003946e+01,2.005350e+01,2.003244e+01,2.003946e+01,2.005350e+01,2.007454e+01,2.008857e+01,2.002542e+01,2.007454e+01,2.003946e+01,2.004648e+01,2.013766e+01,1.996926e+01,2.019373e+01,2.006051e+01,1.999735e+01,2.005350e+01,2.001139e+01,2.003244e+01,2.000437e+01,2.001841e+01,2.001139e+01,2.010260e+01,2.017972e+01,2.016570e+01,2.017972e+01,1.999735e+01,2.004648e+01,2.002542e+01,1.994819e+01,1.993414e+01,2.008156e+01,1.997628e+01,2.006051e+01,2.014467e+01,2.017271e+01,2.008156e+01,2.017271e+01,2.014467e+01,2.008857e+01,2.016570e+01,2.003244e+01,2.006051e+01,2.007454e+01,2.001841e+01,2.001139e+01,2.010961e+01,2.006051e+01,1.997628e+01,2.013065e+01,1.996926e+01,2.010260e+01,1.997628e+01,2.007454e+01,2.011663e+01,2.010260e+01,2.007454e+01,2.007454e+01,2.008857e+01,2.005350e+01,2.011663e+01,2.009559e+01,2.012364e+01,2.009559e+01,2.014467e+01,2.015869e+01,2.011663e+01,2.012364e+01,2.011663e+01,2.001139e+01,1.998330e+01,2.008156e+01,2.017972e+01,2.024977e+01,2.002542e+01,2.021475e+01,2.015168e+01,2.003946e+01,2.001841e+01,2.017972e+01,2.006051e+01,2.015869e+01,2.002542e+01,2.004648e+01,2.005350e+01,2.011663e+01,2.005350e+01,2.008156e+01,2.011663e+01,2.013065e+01,2.015869e+01,2.003244e+01,2.010260e+01,2.007454e+01,2.007454e+01,2.008857e+01,2.006753e+01,2.034077e+01,2.003946e+01,2.007454e+01,2.003946e+01,2.022176e+01,2.010260e+01,2.010961e+01,2.008857e+01,2.010260e+01,2.012364e+01,2.008857e+01,2.014467e+01,2.008156e+01,2.019373e+01,2.008857e+01,2.021475e+01,2.018673e+01,2.017972e+01,2.014467e+01,2.017271e+01,2.017271e+01,2.021475e+01,2.017972e+01,2.013766e+01,2.020074e+01,2.020074e+01,2.021475e+01,2.020074e+01,2.017972e+01,2.022176e+01,2.020774e+01,2.021475e+01,2.033377e+01,2.017972e+01,2.017271e+01,2.014467e+01,2.019373e+01,2.027078e+01,2.023577e+01,2.018673e+01,2.023577e+01,2.015869e+01,2.024977e+01,2.026378e+01,2.025677e+01,2.020074e+01,2.030578e+01,2.022176e+01,2.029178e+01,2.024977e+01,2.026378e+01,2.034077e+01,2.029178e+01,2.018673e+01,2.021475e+01,2.022876e+01,2.020774e+01,2.033377e+01,2.019373e+01,2.024977e+01,2.021475e+01,2.026378e+01,2.033377e+01,2.031978e+01,2.029178e+01,2.019373e+01,2.019373e+01,2.029878e+01,2.033377e+01,2.024277e+01,2.024277e+01,2.024277e+01,2.015869e+01,2.018673e+01,2.011663e+01,2.024277e+01,2.021475e+01,2.024277e+01,2.028478e+01,2.029878e+01,2.028478e+01,2.025677e+01,2.018673e+01,2.019373e+01,2.024977e+01,2.017972e+01,2.022176e+01,2.017271e+01,2.024277e+01,2.021475e+01,2.022876e+01,2.024977e+01,2.022876e+01,2.008857e+01,2.008156e+01,2.017271e+01,2.016570e+01,2.012364e+01,2.015869e+01,2.010961e+01,2.006753e+01,2.012364e+01,2.001139e+01,1.969500e+01,1.959637e+01,1.922208e+01,1.907339e+01,1.918670e+01,1.908756e+01,1.905922e+01,1.900960e+01,1.888899e+01,1.899541e+01,1.891028e+01,1.893867e+01,1.898832e+01,1.893157e+01,1.909464e+01,1.903795e+01,1.888899e+01,1.880376e+01,1.885349e+01,1.874691e+01,1.883218e+01,1.874691e+01,1.882508e+01,1.891738e+01,1.889609e+01,1.874691e+01,1.871135e+01,1.869713e+01,1.871135e+01,1.875401e+01,1.883218e+01,1.881087e+01,1.887479e+01,1.896704e+01,1.901669e+01,1.927160e+01,1.933522e+01,1.933522e+01,1.927160e+01,1.949058e+01,1.951175e+01,1.976540e+01,1.980058e+01,1.984980e+01,1.984980e+01,1.981464e+01,1.950469e+01,1.946235e+01,1.929988e+01,1.941999e+01,1.951880e+01,1.951880e+01,1.951175e+01,1.960342e+01,1.970205e+01,1.965274e+01,1.969500e+01,1.953291e+01,1.956112e+01,1.956817e+01,1.956817e+01,1.977947e+01,1.975836e+01,1.999735e+01,2.015168e+01,2.038974e+01,2.034777e+01,2.027778e+01,2.043169e+01,2.038274e+01,2.041071e+01,2.043169e+01,2.036176e+01,2.032678e+01,2.052950e+01,2.044567e+01,2.043868e+01,2.052252e+01,2.044567e+01,2.027778e+01,2.022876e+01,2.020074e+01,2.033377e+01,2.037575e+01,2.024977e+01,2.010961e+01,2.008156e+01,1.994819e+01,1.997628e+01,1.976540e+01,1.959637e+01,1.949058e+01,1.954701e+01,1.937055e+01,1.917254e+01,1.904504e+01,1.903795e+01,1.903087e+01,1.893157e+01,1.902378e+01,1.893157e+01,1.917962e+01,1.914422e+01,1.925038e+01,1.929281e+01,1.982871e+01,1.994819e+01,2.022876e+01,2.012364e+01,2.025677e+01,2.024977e+01,2.022876e+01,2.017271e+01,2.021475e+01,2.024977e+01,2.017271e+01,2.021475e+01,2.021475e+01,2.009559e+01,2.009559e+01,1.961047e+01,1.967388e+01,1.980058e+01,2.000437e+01,2.011663e+01,1.993414e+01,1.978650e+01,1.935642e+01,1.910173e+01,1.920793e+01,1.906630e+01,1.905922e+01,1.906630e+01,1.901669e+01,1.878245e+01,1.890318e+01,1.891028e+01,1.875401e+01,1.867579e+01,1.864733e+01,1.871135e+01,1.874691e+01,1.875401e+01,1.881087e+01,1.887479e+01,1.893867e+01,1.924331e+01,1.937055e+01,1.929988e+01,1.944823e+01,1.948352e+01,1.951175e+01,1.953291e+01,1.953291e+01,1.932815e+01,1.908047e+01,1.862598e+01,1.865444e+01,1.864733e+01,1.865444e+01,1.869713e+01,1.867579e+01,1.873269e+01,1.881087e+01,1.878955e+01,1.878245e+01,1.885349e+01,1.879666e+01,1.901669e+01,1.910173e+01,1.908756e+01,1.919378e+01,1.915838e+01,1.917254e+01,1.919378e+01,1.919378e+01,1.915130e+01,1.903795e+01,1.916546e+01,1.917962e+01,1.971613e+01,2.006753e+01,2.028478e+01,2.032678e+01,2.032678e+01,2.044567e+01,2.036176e+01,2.036875e+01,2.038274e+01,2.039673e+01,2.033377e+01,2.045266e+01,2.040372e+01,2.036176e+01,2.033377e+01,2.041071e+01,2.036176e+01,2.041770e+01,2.038974e+01,2.027078e+01,2.036875e+01,2.038974e+01,2.038274e+01,2.038974e+01,2.043868e+01,2.041770e+01,2.042470e+01,2.029878e+01,2.031978e+01,2.031278e+01,2.041071e+01,2.044567e+01,2.044567e+01,2.024277e+01,2.036875e+01,2.035476e+01,2.040372e+01,2.040372e+01,2.031978e+01,2.038274e+01,2.043169e+01,2.028478e+01,2.039673e+01,2.028478e+01,2.040372e+01,2.040372e+01,2.038974e+01,2.041770e+01,2.042470e+01,2.029878e+01,2.031978e+01,2.043169e+01,2.038274e+01,2.031278e+01,2.032678e+01,2.033377e+01,2.039673e+01,2.033377e+01,2.036176e+01,2.039673e+01,2.040372e+01,2.041770e+01,2.040372e+01,2.033377e+01,2.032678e+01,2.029878e+01,2.027078e+01,2.038974e+01,2.030578e+01,2.040372e+01,2.032678e+01,2.031978e+01,2.044567e+01,2.042470e+01,2.029878e+01,2.045964e+01,2.036875e+01,2.036875e+01,2.037575e+01,2.029178e+01,2.036875e+01,2.042470e+01,2.038274e+01,2.033377e+01,2.046663e+01,2.042470e+01,2.042470e+01,2.042470e+01,2.027078e+01,2.039673e+01,2.028478e+01,2.034777e+01,2.031978e+01,2.049458e+01,2.040372e+01,2.041770e+01,2.034077e+01,2.029878e+01,2.034777e+01,2.032678e+01,2.032678e+01,2.042470e+01,2.027078e+01,2.031278e+01,2.034077e+01,2.031278e+01,2.024977e+01,2.034077e+01,2.026378e+01,2.025677e+01,2.050855e+01,2.027078e+01,2.037575e+01,2.029878e+01,2.023577e+01,2.034777e+01,2.031978e+01,2.020774e+01,2.017972e+01,2.034777e+01,2.035476e+01,2.033377e+01,2.036176e+01,2.029878e+01,2.028478e+01,2.027778e+01,2.040372e+01,2.042470e+01,2.031278e+01,2.032678e+01,2.036875e+01,2.036176e+01,2.038974e+01,2.024277e+01,2.027778e+01,2.041071e+01,2.035476e+01,2.040372e+01,2.038274e+01,2.040372e+01,2.037575e+01,2.033377e+01,2.033377e+01,2.040372e+01,2.047362e+01,2.034077e+01,2.033377e+01,2.034777e+01,2.047362e+01,2.048061e+01,2.030578e+01,2.036176e+01,2.044567e+01,2.041770e+01,2.036875e+01,2.045266e+01,2.042470e+01,2.040372e+01,2.040372e+01,2.025677e+01,2.035476e+01,2.037575e+01,2.041071e+01,2.042470e+01,2.044567e+01,2.036875e+01,2.045964e+01,2.042470e+01,2.043868e+01,2.036176e+01,2.053649e+01,2.052252e+01,2.051554e+01,2.052252e+01,2.051554e+01,2.057140e+01,2.036875e+01,2.055743e+01,2.045266e+01,2.045266e+01,2.041071e+01,2.048061e+01,2.047362e+01,2.037575e+01,2.046663e+01,2.036875e+01,2.033377e+01,2.050157e+01,2.044567e+01,2.038974e+01,2.039673e+01,2.041071e+01,2.038274e+01,2.041071e+01,2.046663e+01,2.041071e+01,2.042470e+01,2.047362e+01,2.046663e+01,2.046663e+01,2.041770e+01,2.044567e+01,2.045266e+01,2.056442e+01,2.047362e+01,2.043868e+01,2.045964e+01,2.042470e+01,2.043169e+01,2.055045e+01,2.050157e+01,2.045964e+01,2.051554e+01,2.048061e+01,2.051554e+01,2.046663e+01,2.050157e+01,2.052252e+01,2.053649e+01,2.057838e+01,2.046663e+01,2.045266e+01,2.054347e+01,2.046663e+01,2.048061e+01,2.045266e+01,2.049458e+01,2.043169e+01,2.061327e+01,2.047362e+01,2.054347e+01,2.048061e+01,2.048759e+01,2.063420e+01,2.045266e+01,2.055743e+01,2.045266e+01,2.058536e+01,2.049458e+01,2.045964e+01,2.045964e+01,2.042470e+01,2.045266e+01,2.042470e+01,2.038974e+01,2.041071e+01,2.048061e+01,2.043169e+01
1.999735e+01,2.015168e+01,1.999033e+01,1.999735e+01,2.004648e+01,2.001139e+01,2.005350e+01,2.015869e+01,2.010961e+01,2.008156e+01,2.012364e+01,1.999033e+01,2.006051e+01,2.015168e+01,2.009559e+01,2.009559e+01,2.003946e+01,2.008156e+01,2.000437e+01,2.003244e+01,2.007454e+01,2.006753e+01,2.005350e+01,2.008156e+01,2.003946e+01,2.016570e+01,2.018673e+01,2.001841e+01,2.002542e+01,2.001139e+01,2.016570e+01,2.001841e+01,2.015168e+01,2.008857e+01,2.016570e+01,2.004648e+01,2.007454e+01,2.014467e+01,2.001139e+01,2.017271e+01,2.005350e+01,1.998330e+01,2.020074e+01,2.015168e+01,2.001841e+01,2.009559e+01,2.001139e+01,2.003244e+01,2.001841e+01,2.004648e+01,1.991306e+01,2.011663e+01,2.011663e+01,2.018673e+01,2.013065e+01,2.010961e+01,2.008156e+01,2.007454e+01,2.009559e+01,2.006051e+01,2.003244e+01,2.010961e+01,2.011663e+01,2.010260e+01,2.010260e+01,2.006753e+01,2.007454e+01,2.002542e+01,2.014467e+01,2.005350e+01,2.001139e+01,2.008857e+01,2.013065e+01,2.012364e+01,2.006753e+01,2.005350e+01,2.010260e+01,2.007454e+01,2.014467e+01,2.008156e+01,2.010260e+01,2.012364e+01,2.000437e+01,2.001841e+01,2.021475e+01,2.009559e+01,1.996926e+01,2.006753e+01,2.017271e+01,2.009559e+01,2.008156e+01,2.005350e+01,2.010260e+01,2.022176e+01,2.001841e+01,2.009559e+01,2.011663e+01,2.011663e+01,2.007454e+01,2.004648e+01,2.013065e+01,2.011663e+01,2.015168e+01,2.012364e+01,2.011663e+01,2.007454e+01,2.013766e+01,2.020774e+01,2.017972e+01,2.005350e+01,2.008156e+01,2.006051e+01,2.013065e+01,2.003244e+01,2.006753e+01,2.014467e+01,2.009559e+01,2.015168e+01,2.012364e+01,2.019373e+01,2.014467e+01,2.021475e+01,2.008857e+01,2.017972e+01,2.020774e+01,2.018673e+01,2.014467e+01,2.020774e+01,2.016570e+01,2.020774e+01,2.017972e+01,2.021475e+01,2.017271e+01,2.013065e+01,2.011663e+01,2.022876e+01,2.018673e+01,2.035476e+01,2.021475e+01,2.023577e+01,2.028478e+01,2.015869e+01,2.024977e+01,2.023577e+01,2.017271e+01,2.020074e+01,2.019373e+01,2.035476e+01,2.033377e+01,2.030578e+01,2.037575e+01,2.020774e+01,2.020774e+01,2.007454e+01,2.017271e+01,2.025677e+01,2.027078e+01,2.038974e+01,2.023577e+01,2.043868e+01,2.028478e+01,2.021475e+01,2.027778e+01,2.022876e+01,2.031278e+01,2.026378e+01,2.032678e+01,2.016570e+01,2.010961e+01,2.032678e+01,2.033377e+01,2.020074e+01,2.036176e+01,2.020074e+01,2.029178e+01,2.020074e+01,2.018673e+01,2.015869e+01,2.023577e+01,2.021475e+01,2.017972e+01,2.017972e+01,2.023577e+01,2.026378e+01,2.024277e+01,2.022876e+01,2.029178e+01,2.026378e+01,2.013065e+01,2.015869e+01,2.020774e+01,2.021475e+01,2.013065e+01,2.027078e+01,2.020074e+01,2.021475e+01,2.024977e+01,2.017972e+01,2.023577e+01,2.016570e+01,2.020074e+01,2.017972e+01,2.023577e+01,2.017972e+01,2.013766e+01,2.013766e+01,2.015869e+01,2.014467e+01,2.015168e+01,2.010260e+01,2.008857e+01,2.005350e+01,1.971613e+01,1.934229e+01,1.924331e+01,1.900960e+01,1.902378e+01,1.903087e+01,1.892448e+01,1.905213e+01,1.905922e+01,1.891738e+01,1.892448e+01,1.898123e+01,1.895995e+01,1.895286e+01,1.897414e+01,1.892448e+01,1.887479e+01,1.888189e+01,1.890318e+01,1.884638e+01,1.888899e+01,1.887479e+01,1.883928e+01,1.894576e+01,1.876823e+01,1.876823e+01,1.871135e+01,1.872558e+01,1.878245e+01,1.879666e+01,1.884638e+01,1.892448e+01,1.896704e+01,1.901669e+01,1.899541e+01,1.906630e+01,1.919378e+01,1.908756e+01,1.924331e+01,1.928574e+01,1.949764e+01,1.978650e+01,1.994117e+01,1.992009e+01,1.986386e+01,1.956112e+01,1.951175e+01,1.944823e+01,1.944118e+01,1.942705e+01,1.958227e+01,1.953291e+01,1.954701e+01,1.966683e+01,1.947647e+01,1.949058e+01,1.949058e+01,1.951880e+01,1.956112e+01,1.944823e+01,1.951880e+01,1.958227e+01,1.989198e+01,2.015869e+01,2.028478e+01,2.035476e+01,2.050855e+01,2.036875e+01,2.048759e+01,2.039673e+01,2.050157e+01,2.055045e+01,2.053649e+01,2.057838e+01,2.054347e+01,2.054347e+01,2.059234e+01,2.056442e+01,2.049458e+01,2.023577e+01,2.024277e+01,2.021475e+01,2.017972e+01,2.017271e+01,2.005350e+01,2.018673e+01,1.987090e+01,1.998330e+01,1.984277e+01,1.972317e+01,1.942705e+01,1.945529e+01,1.922208e+01,1.922916e+01,1.917254e+01,1.915838e+01,1.905922e+01,1.898123e+01,1.902378e+01,1.888899e+01,1.899541e+01,1.905213e+01,1.900960e+01,1.910881e+01,1.941293e+01,1.968092e+01,1.980761e+01,1.988495e+01,2.021475e+01,2.017271e+01,2.024977e+01,2.022176e+01,2.022176e+01,2.018673e+01,2.010260e+01,2.006051e+01,2.003946e+01,2.013766e+01,2.004648e+01,1.989901e+01,1.961047e+01,1.947647e+01,1.975836e+01,1.991306e+01,1.977947e+01,1.974428e+01,1.969500e+01,1.922208e+01,1.901669e+01,1.898832e+01,1.905922e+01,1.895995e+01,1.900960e+01,1.883928e+01,1.883928e+01,1.879666e+01,1.887479e+01,1.873980e+01,1.873980e+01,1.874691e+01,1.869002e+01,1.869002e+01,1.893157e+01,1.878955e+01,1.894576e+01,1.907339e+01,1.949058e+01,1.949058e+01,1.941999e+01,1.948352e+01,1.949058e+01,1.947647e+01,1.934229e+01,1.933522e+01,1.927867e+01,1.905922e+01,1.886769e+01,1.881087e+01,1.866867e+01,1.866867e+01,1.864733e+01,1.869002e+01,1.873980e+01,1.881797e+01,1.891028e+01,1.888189e+01,1.876112e+01,1.886769e+01,1.891738e+01,1.910173e+01,1.901669e+01,1.905922e+01,1.893867e+01,1.919378e+01,1.915130e+01,1.913006e+01,1.908047e+01,1.910173e+01,1.905922e+01,1.906630e+01,1.937762e+01,2.004648e+01,2.036875e+01,2.035476e+01,2.034777e+01,2.041071e+01,2.036176e+01,2.039673e+01,2.043169e+01,2.045266e+01,2.045964e+01,2.043169e+01,2.042470e+01,2.036176e+01,2.038274e+01,2.038274e+01,2.036875e+01,2.039673e+01,2.044567e+01,2.047362e+01,2.049458e+01,2.038974e+01,2.027078e+01,2.036875e+01,2.036875e+01,2.032678e+01,2.032678e+01,2.038274e+01,2.036176e+01,2.032678e+01,2.045266e+01,2.035476e+01,2.041071e+01,2.035476e+01,2.036875e+01,2.036875e+01,2.025677e+01,2.034077e+01,2.045266e+01,2.039673e+01,2.036176e+01,2.038274e+01,2.032678e+01,2.038274e+01,2.027778e+01,2.040372e+01,2.039673e+01,2.037575e+01,2.045964e+01,2.038974e+01,2.033377e+01,2.035476e+01,2.037575e+01,2.038974e+01,2.031278e+01,2.036875e+01,2.036875e+01,2.025677e+01,2.039673e+01,2.038274e+01,2.038974e+01,2.031978e+01,2.042470e+01,2.029178e+01,2.024277e+01,2.037575e+01,2.038974e+01,2.036176e+01,2.045964e+01,2.029178e+01,2.034077e+01,2.028478e+01,2.032678e+01,2.034777e+01,2.043868e+01,2.034777e+01,2.027778e+01,2.038974e+01,2.036176e+01,2.036176e+01,2.036176e+01,2.030578e+01,2.035476e+01,2.037575e+01,2.032678e+01,2.031978e+01,2.037575e+01,2.043169e+01,2.027778e+01,2.039673e+01,2.036176e+01,2.037575e+01,2.052252e+01,2.048759e+01,2.037575e+01,2.037575e+01,2.040372e+01,2.034077e+01,2.032678e+01,2.033377e+01,2.028478e+01,2.025677e+01,2.031978e+01,2.026378e+01,2.024977e+01,2.040372e+01,2.036176e+01,2.036176e+01,2.034777e+01,2.040372e+01,2.030578e+01,2.028478e+01,2.036176e+01,2.034777e+01,2.038974e+01,2.018673e+01,2.033377e+01,2.036176e+01,2.033377e+01,2.034777e+01,2.031978e+01,2.030578e+01,2.027078e+01,2.026378e+01,2.029878e+01,2.026378e+01,2.027778e+01,2.027078e+01,2.038974e+01,2.030578e+01,2.036875e+01,2.037575e+01,2.041770e+01,2.026378e+01,2.036875e+01,2.043868e+01,2.031978e+01,2.037575e+01,2.041071e+01,2.038274e+01,2.043169e+01,2.043868e+01,2.045266e+01,2.051554e+01,2.031978e+01,2.045266e+01,2.047362e+01,2.032678e+01,2.046663e+01,2.038274e+01,2.039673e+01,2.038974e+01,2.034077e+01,2.038974e+01,2.036875e+01,2.046663e+01,2.048759e+01,2.038274e+01,2.036875e+01,2.036875e+01,2.036176e+01,2.034077e+01,2.032678e+01,2.043868e+01,2.038274e+01,2.038974e+01,2.045964e+01,2.048061e+01,2.044567e+01,2.045266e+01,2.056442e+01,2.048759e+01,2.055743e+01,2.054347e+01,2.052252e+01,2.046663e+01,2.055743e+01,2.050157e+01,2.049458e+01,2.048061e+01,2.048061e+01,2.048061e+01,2.048061e+01,2.055743e+01,2.036875e+01,2.038274e+01,2.035476e+01,2.033377e+01,2.030578e+01,2.042470e+01,2.039673e+01,2.070394e+01,2.043868e+01,2.048061e+01,2.056442e+01,2.045266e+01,2.036176e+01,2.048759e+01,2.047362e+01,2.046663e+01,2.048061e+01,2.042470e+01,2.048061e+01,2.048061e+01,2.048061e+01,2.055743e+01,2.045964e+01,2.045964e+01,2.050855e+01,2.043169e+01,2.055045e+01,2.054347e+01,2.056442e+01,2.049458e+01,2.059234e+01,2.045266e+01,2.050855e+01,2.047362e+01,2.066211e+01,2.051554e+01,2.053649e+01,2.052252e+01,2.054347e+01,2.048061e+01,2.051554e+01,2.044567e+01,2.048759e+01,2.043868e+01,2.039673e+01,2.041071e+01,2.053649e+01,2.040372e+01,2.035476e+01,2.055045e+01,2.035476e+01,2.048061e+01,2.048759e+01,2.056442e+01,2.048061e+01,2.042470e+01,2.036875e+01,2.046663e+01,2.047362e+01,2.048061e+01,2.042470e+01,2.041071e+01,2.042470e+01,2.048759e+01
2.001841e+01,2.017972e+01,2.020074e+01,2.016570e+01,2.014467e+01,2.015869e+01,2.001139e+01,2.025677e+01,1.999735e+01,1.999033e+01,2.010260e+01,2.011663e+01,2.008156e+01,1.998330e+01,2.002542e+01,2.015168e+01,1.999735e+01,2.002542e+01,2.000437e+01,2.003946e+01,2.006753e+01,2.018673e+01,2.001841e+01,2.022176e+01,2.013766e+01,2.007454e+01,2.020074e+01,2.016570e+01,2.018673e+01,2.001841e+01,2.001841e+01,2.010260e+01,2.009559e+01,2.013766e+01,2.005350e+01,2.017271e+01,2.009559e+01,2.006051e+01,2.001139e+01,2.009559e+01,2.005350e+01,2.013766e+01,2.011663e+01,2.009559e+01,2.010961e+01,2.004648e+01,2.017972e+01,2.006051e+01,2.002542e+01,2.011663e+01,2.018673e+01,2.015869e+01,2.015869e+01,2.016570e+01,2.013766e+01,2.012364e+01,2.015869e+01,2.013065e+01,2.015168e+01,2.004648e+01,2.013065e+01,2.016570e+01,2.006051e+01,2.013766e+01,1.994819e+01,2.023577e+01,2.017972e+01,2.022176e+01,2.010961e+01,2.013065e+01,2.022876e+01,2.008857e+01,2.013766e+01,2.005350e+01,1.994117e+01,2.010260e+01,2.007454e+01,2.013766e+01,1.996926e+01,2.010961e+01,2.005350e+01,2.002542e+01,2.019373e+01,2.003946e+01,2.022176e+01,2.003946e+01,2.008156e+01,2.015168e+01,1.995521e+01,2.003946e+01,2.000437e+01,2.008156e+01,2.005350e+01,2.005350e+01,2.010260e+01,2.012364e+01,2.003244e+01,2.010961e+01,2.023577e+01,2.006753e+01,2.009559e+01,2.002542e+01,2.029878e+01,2.005350e+01,2.021475e+01,2.013766e+01,2.005350e+01,2.006753e+01,2.005350e+01,2.009559e+01,2.011663e+01,2.013766e+01,2.013766e+01,2.010260e+01,2.011663e+01,2.010961e+01,2.010961e+01,2.013065e+01,2.022176e+01,2.014467e+01,2.022876e+01,2.027778e+01,2.006753e+01,2.013766e+01,2.017972e+01,2.009559e+01,2.013766e+01,2.015168e+01,2.010260e+01,2.017271e+01,2.014467e+01,2.015168e+01,2.013065e+01,2.004648e+01,2.011663e+01,2.007454e+01,2.015869e+01,2.018673e+01,2.017972e+01,2.016570e+01,2.020774e+01,2.022876e+01,2.022176e+01,2.020074e+01,2.017271e+01,2.028478e+01,2.024977e+01,2.021475e+01,2.034077e+01,2.022176e+01,2.018673e+01,2.017972e+01,2.027778e+01,2.033377e+01,2.030578e+01,2.029178e+01,2.030578e+01,2.030578e+01,2.023577e+01,2.025677e+01,2.031278e+01,2.018673e+01,2.022176e+01,2.020774e+01,2.020774e+01,2.023577e+01,2.022876e+01,2.026378e+01,2.023577e+01,2.027778e+01,2.023577e+01,2.014467e+01,2.022876e+01,2.017271e+01,2.022176e+01,2.018673e+01,2.021475e+01,2.024977e+01,2.024977e+01,2.018673e+01,2.020774e+01,2.027778e+01,2.026378e+01,2.015168e+01,2.013065e+01,2.021475e+01,2.018673e+01,2.034077e+01,2.023577e+01,2.021475e+01,2.022876e+01,2.015869e+01,2.018673e+01,2.023577e+01,2.017972e+01,2.019373e+01,2.015168e+01,2.017271e+01,2.020074e+01,2.018673e+01,2.019373e+01,2.024277e+01,2.022876e+01,2.015869e+01,2.014467e+01,2.018673e+01,2.012364e+01,2.017972e+01,1.999735e+01,1.999735e+01,1.997628e+01,1.997628e+01,1.951880e+01,1.936349e+01,1.923623e+01,1.900960e+01,1.907339e+01,1.900960e+01,1.885349e+01,1.899541e+01,1.900960e+01,1.895995e+01,1.896704e+01,1.893867e+01,1.890318e+01,1.897414e+01,1.893867e+01,1.893867e+01,1.893157e+01,1.892448e+01,1.886059e+01,1.889609e+01,1.892448e+01,1.905213e+01,1.894576e+01,1.907339e+01,1.872558e+01,1.873980e+01,1.878245e+01,1.876112e+01,1.879666e+01,1.877534e+01,1.878955e+01,1.876823e+01,1.897414e+01,1.900960e+01,1.917962e+01,1.920085e+01,1.908756e+01,1.888189e+01,1.911590e+01,1.889609e+01,1.918670e+01,1.957522e+01,1.982168e+01,1.984277e+01,1.983574e+01,1.981464e+01,1.955407e+01,1.948352e+01,1.943411e+01,1.959637e+01,1.963161e+01,1.958227e+01,1.944823e+01,1.949764e+01,1.949764e+01,1.946941e+01,1.943411e+01,1.939174e+01,1.937762e+01,1.937762e+01,1.942705e+01,1.980761e+01,1.994117e+01,2.008156e+01,2.039673e+01,2.055743e+01,2.056442e+01,2.059932e+01,2.059932e+01,2.057838e+01,2.056442e+01,2.055045e+01,2.049458e+01,2.051554e+01,2.061327e+01,2.057838e+01,2.054347e+01,2.056442e+01,2.052252e+01,2.041770e+01,2.024277e+01,2.017271e+01,1.997628e+01,2.015168e+01,1.996224e+01,1.989901e+01,1.973725e+01,1.969500e+01,1.953996e+01,1.949058e+01,1.947647e+01,1.949058e+01,1.922916e+01,1.924331e+01,1.912298e+01,1.900251e+01,1.900960e+01,1.893867e+01,1.898832e+01,1.898123e+01,1.891738e+01,1.900960e+01,1.905213e+01,1.915838e+01,1.922916e+01,1.949764e+01,1.965274e+01,1.980761e+01,1.999735e+01,2.008156e+01,2.024277e+01,2.024977e+01,2.017271e+01,2.006051e+01,2.014467e+01,2.001841e+01,1.980058e+01,1.980761e+01,1.973021e+01,1.975132e+01,1.928574e+01,1.944823e+01,1.944823e+01,1.964570e+01,1.952586e+01,1.949058e+01,1.939881e+01,1.917254e+01,1.912298e+01,1.901669e+01,1.900960e+01,1.907339e+01,1.894576e+01,1.897414e+01,1.891028e+01,1.883928e+01,1.892448e+01,1.871847e+01,1.878955e+01,1.873269e+01,1.869713e+01,1.875401e+01,1.876112e+01,1.896704e+01,1.894576e+01,1.927160e+01,1.933522e+01,1.946941e+01,1.937762e+01,1.946235e+01,1.948352e+01,1.944823e+01,1.938468e+01,1.931402e+01,1.930695e+01,1.931402e+01,1.917254e+01,1.883928e+01,1.871847e+01,1.871135e+01,1.869713e+01,1.871135e+01,1.877534e+01,1.892448e+01,1.883928e+01,1.871135e+01,1.876112e+01,1.883928e+01,1.888899e+01,1.908047e+01,1.890318e+01,1.908047e+01,1.903087e+01,1.905213e+01,1.905213e+01,1.917962e+01,1.913006e+01,1.905213e+01,1.908756e+01,1.915838e+01,1.933522e+01,2.010260e+01,2.031978e+01,2.030578e+01,2.034777e+01,2.037575e+01,2.038974e+01,2.049458e+01,2.043169e+01,2.038974e+01,2.036875e+01,2.036875e+01,2.034077e+01,2.036176e+01,2.038274e+01,2.036176e+01,2.038974e+01,2.033377e+01,2.041770e+01,2.043169e+01,2.041770e+01,2.047362e+01,2.043868e+01,2.036875e+01,2.036875e+01,2.033377e+01,2.031278e+01,2.030578e+01,2.041071e+01,2.041770e+01,2.034777e+01,2.036875e+01,2.046663e+01,2.034777e+01,2.038974e+01,2.029178e+01,2.037575e+01,2.036875e+01,2.043169e+01,2.034777e+01,2.033377e+01,2.046663e+01,2.034077e+01,2.036176e+01,2.036176e+01,2.032678e+01,2.046663e+01,2.041770e+01,2.038274e+01,2.043868e+01,2.037575e+01,2.033377e+01,2.036176e+01,2.033377e+01,2.036875e+01,2.034077e+01,2.035476e+01,2.039673e+01,2.036176e+01,2.037575e+01,2.045266e+01,2.037575e+01,2.035476e+01,2.036176e+01,2.034077e+01,2.025677e+01,2.029178e+01,2.032678e+01,2.036176e+01,2.033377e+01,2.036875e+01,2.047362e+01,2.043868e+01,2.027778e+01,2.032678e+01,2.036875e+01,2.020774e+01,2.034777e+01,2.038274e+01,2.035476e+01,2.035476e+01,2.027778e+01,2.038274e+01,2.038274e+01,2.033377e+01,2.034077e+01,2.040372e+01,2.029878e+01,2.034777e+01,2.027078e+01,2.031978e+01,2.026378e+01,2.043868e+01,2.043169e+01,2.041071e+01,2.038274e+01,2.031978e+01,2.033377e+01,2.032678e+01,2.029878e+01,2.032678e+01,2.031978e+01,2.033377e+01,2.026378e+01,2.031978e+01,2.036875e+01,2.036875e+01,2.031278e+01,2.033377e+01,2.028478e+01,2.043169e+01,2.036875e+01,2.030578e+01,2.041071e+01,2.036176e+01,2.035476e+01,2.043868e+01,2.042470e+01,2.038274e+01,2.033377e+01,2.025677e+01,2.030578e+01,2.029178e+01,2.034077e+01,2.026378e+01,2.030578e+01,2.027078e+01,2.032678e+01,2.026378e+01,2.034777e+01,2.042470e+01,2.034077e+01,2.039673e+01,2.036875e+01,2.036176e+01,2.045266e+01,2.036176e+01,2.038274e+01,2.047362e+01,2.034777e+01,2.047362e+01,2.027778e+01,2.043868e+01,2.040372e+01,2.033377e+01,2.031278e+01,2.048061e+01,2.034077e+01,2.048061e+01,2.030578e+01,2.048759e+01,2.034077e+01,2.043169e+01,2.045964e+01,2.038974e+01,2.038974e+01,2.037575e+01,2.041071e+01,2.043868e+01,2.027078e+01,2.044567e+01,2.035476e+01,2.036176e+01,2.042470e+01,2.042470e+01,2.038274e+01,2.045266e+01,2.036176e+01,2.040372e+01,2.047362e+01,2.047362e+01,2.058536e+01,2.043169e+01,2.060629e+01,2.049458e+01,2.050157e+01,2.030578e+01,2.037575e+01,2.045266e+01,2.050855e+01,2.050157e+01,2.048061e+01,2.049458e+01,2.041770e+01,2.044567e+01,2.048061e+01,2.038974e+01,2.035476e+01,2.043868e+01,2.029178e+01,2.041071e+01,2.027778e+01,2.058536e+01,2.046663e+01,2.039673e+01,2.044567e+01,2.042470e+01,2.046663e+01,2.048759e+01,2.055743e+01,2.048759e+01,2.041770e+01,2.052950e+01,2.054347e+01,2.048759e+01,2.051554e+01,2.057838e+01,2.044567e+01,2.047362e+01,2.045266e+01,2.051554e+01,2.060629e+01,2.046663e+01,2.054347e+01,2.051554e+01,2.051554e+01,2.052252e+01,2.055045e+01,2.045964e+01,2.066908e+01,2.057140e+01,2.047362e+01,2.053649e+01,2.038974e+01,2.052252e+01,2.038974e+01,2.052950e+01,2.050157e+01,2.051554e+01,2.041770e+01,2.059234e+01,2.043169e+01,2.046663e+01,2.042470e+01,2.056442e+01,2.029878e+01,2.054347e+01,2.050855e+01,2.044567e+01,2.041071e+01,2.035476e+01,2.047362e+01,2.049458e+01,2.052950e+01,2.046663e+01,2.052252e+01,2.048759e+01,2.042470e+01
2.013065e+01,2.018673e+01,2.003946e+01,2.023577e+01,2.015869e+01,2.009559e+01,2.015869e+01,2.019373e+01,2.002542e+01,2.022176e+01,2.005350e+01,2.019373e+01,2.015168e+01,2.013766e+01,2.003946e+01,2.003946e+01,2.017972e+01,2.015869e+01,2.015869e+01,2.003946e+01,2.003244e+01,2.005350e+01,2.005350e+01,2.013766e+01,2.021475e+01,2.009559e+01,2.013766e+01,2.010260e+01,2.019373e+01,2.020074e+01,2.019373e+01,2.015869e+01,2.014467e+01,2.016570e+01,2.018673e+01,2.003244e+01,1.999033e+01,2.017972e+01,2.006753e+01,2.013065e+01,2.007454e+01,2.022876e+01,2.015869e+01,2.011663e+01,2.022176e+01,2.005350e+01,2.007454e+01,2.016570e+01,2.014467e+01,2.013766e+01,2.014467e+01,2.012364e+01,2.015168e+01,2.018673e+01,2.024977e+01,2.013766e+01,2.015869e+01,2.019373e+01,2.013766e+01,2.016570e+01,2.017972e+01,2.012364e+01,2.010961e+01,2.013065e+01,2.022876e+01,2.017271e+01,2.011663e+01,2.010260e+01,2.006753e+01,2.014467e+01,2.018673e+01,2.010260e+01,2.010961e+01,2.006753e+01,2.008857e+01,2.005350e+01,2.011663e+01,2.006051e+01,2.007454e+01,2.011663e+01,2.024977e+01,2.012364e+01,2.012364e+01,2.015168e+01,2.013065e+01,2.012364e+01,2.008857e+01,2.021475e+01,2.012364e+01,2.019373e+01,2.010260e+01,1.995521e+01,2.006051e+01,2.023577e+01,2.017972e+01,1.998330e+01,2.013766e+01,2.014467e+01,2.006051e+01,2.002542e+01,2.027078e+01,2.010961e+01,2.013766e+01,2.010961e+01,2.011663e+01,2.004648e+01,2.005350e+01,2.006753e+01,2.006753e+01,2.004648e+01,2.015168e+01,2.015168e+01,2.012364e+01,2.013065e+01,2.015168e+01,2.010260e+01,2.015168e+01,1.989901e+01,2.010961e+01,2.010961e+01,2.007454e+01,2.013766e+01,2.017271e+01,2.025677e+01,2.017271e+01,2.013766e+01,2.013766e+01,2.021475e+01,2.021475e+01,2.025677e+01,2.029178e+01,2.020074e+01,2.022176e+01,2.023577e+01,2.008857e+01,2.020774e+01,2.022876e+01,2.020074e+01,2.020074e+01,2.029178e+01,2.026378e+01,2.027778e+01,2.026378e+01,2.031978e+01,2.029178e+01,2.027078e+01,2.025677e+01,2.022176e+01,2.025677e+01,2.020074e+01,2.020774e+01,2.026378e+01,2.023577e+01,2.034777e+01,2.024977e+01,2.013766e+01,2.027778e+01,2.033377e+01,2.025677e+01,2.034077e+01,2.039673e+01,2.021475e+01,2.021475e+01,2.021475e+01,2.022176e+01,2.024977e+01,2.032678e+01,2.025677e+01,2.031278e+01,2.014467e+01,2.029878e+01,2.028478e+01,2.029178e+01,2.020774e+01,2.019373e+01,2.019373e+01,2.022176e+01,2.020074e+01,2.019373e+01,2.022876e+01,2.021475e+01,2.022876e+01,2.022176e+01,2.017972e+01,2.026378e+01,2.015869e+01,2.029878e+01,2.030578e+01,2.023577e+01,2.024977e+01,2.016570e+01,2.026378e+01,2.018673e+01,2.018673e+01,2.025677e+01,2.020074e+01,2.017271e+01,2.015869e+01,2.017271e+01,2.032678e+01,2.029878e+01,2.015869e+01,2.016570e+01,2.014467e+01,2.020774e+01,2.023577e+01,2.013766e+01,2.020074e+01,2.017972e+01,2.004648e+01,2.008857e+01,1.996926e+01,1.941293e+01,1.927160e+01,1.917254e+01,1.909464e+01,1.900960e+01,1.901669e+01,1.893867e+01,1.893867e+01,1.894576e+01,1.890318e+01,1.886059e+01,1.895286e+01,1.891738e+01,1.878955e+01,1.892448e+01,1.884638e+01,1.892448e+01,1.897414e+01,1.886769e+01,1.889609e+01,1.898123e+01,1.892448e+01,1.906630e+01,1.905213e+01,1.900251e+01,1.883928e+01,1.888899e+01,1.880376e+01,1.877534e+01,1.876112e+01,1.882508e+01,1.897414e+01,1.891738e+01,1.896704e+01,1.898123e+01,1.899541e+01,1.913714e+01,1.879666e+01,1.910173e+01,1.880376e+01,1.914422e+01,1.930695e+01,1.972317e+01,1.999033e+01,1.984980e+01,1.996926e+01,1.970909e+01,1.958932e+01,1.958932e+01,1.965274e+01,1.965274e+01,1.962456e+01,1.959637e+01,1.940587e+01,1.940587e+01,1.941293e+01,1.937055e+01,1.934229e+01,1.936349e+01,1.944823e+01,1.977947e+01,1.996224e+01,2.003946e+01,2.018673e+01,2.062723e+01,2.055743e+01,2.060629e+01,2.063420e+01,2.061327e+01,2.069000e+01,2.069697e+01,2.057140e+01,2.057838e+01,2.062025e+01,2.057140e+01,2.060629e+01,2.064118e+01,2.057838e+01,2.044567e+01,2.034077e+01,2.044567e+01,2.025677e+01,1.994117e+01,1.994819e+01,1.976540e+01,1.968796e+01,1.959637e+01,1.953291e+01,1.968796e+01,1.946235e+01,1.939881e+01,1.932815e+01,1.926452e+01,1.920793e+01,1.914422e+01,1.908756e+01,1.897414e+01,1.910881e+01,1.897414e+01,1.889609e+01,1.899541e+01,1.898832e+01,1.899541e+01,1.908047e+01,1.901669e+01,1.927160e+01,1.957522e+01,1.966683e+01,2.009559e+01,2.008857e+01,2.024977e+01,2.008857e+01,2.006753e+01,2.001841e+01,1.980761e+01,1.979354e+01,1.981464e+01,1.958932e+01,1.935642e+01,1.929281e+01,1.905922e+01,1.898832e+01,1.912298e+01,1.939174e+01,1.941293e+01,1.952586e+01,1.912298e+01,1.905213e+01,1.904504e+01,1.899541e+01,1.895995e+01,1.886769e+01,1.902378e+01,1.897414e+01,1.893867e+01,1.898123e+01,1.881797e+01,1.898832e+01,1.881087e+01,1.874691e+01,1.895286e+01,1.870424e+01,1.874691e+01,1.900251e+01,1.898123e+01,1.911590e+01,1.912298e+01,1.940587e+01,1.939174e+01,1.925745e+01,1.943411e+01,1.923623e+01,1.922208e+01,1.929988e+01,1.925038e+01,1.930695e+01,1.912298e+01,1.898123e+01,1.867579e+01,1.879666e+01,1.896704e+01,1.893157e+01,1.894576e+01,1.893157e+01,1.876112e+01,1.881797e+01,1.886059e+01,1.900960e+01,1.895995e+01,1.889609e+01,1.908756e+01,1.905213e+01,1.907339e+01,1.917962e+01,1.917254e+01,1.921501e+01,1.907339e+01,1.907339e+01,1.910881e+01,1.910881e+01,1.917962e+01,1.977243e+01,2.027078e+01,2.031978e+01,2.047362e+01,2.029178e+01,2.034077e+01,2.041770e+01,2.038974e+01,2.048061e+01,2.039673e+01,2.039673e+01,2.044567e+01,2.042470e+01,2.036875e+01,2.042470e+01,2.038274e+01,2.035476e+01,2.044567e+01,2.039673e+01,2.034077e+01,2.035476e+01,2.055743e+01,2.043868e+01,2.035476e+01,2.031978e+01,2.040372e+01,2.037575e+01,2.036176e+01,2.036875e+01,2.036875e+01,2.041071e+01,2.036176e+01,2.036176e+01,2.044567e+01,2.036176e+01,2.036176e+01,2.044567e+01,2.044567e+01,2.043868e+01,2.049458e+01,2.031978e+01,2.032678e+01,2.044567e+01,2.044567e+01,2.038274e+01,2.042470e+01,2.038274e+01,2.034777e+01,2.038274e+01,2.052252e+01,2.041770e+01,2.043169e+01,2.042470e+01,2.031978e+01,2.043868e+01,2.035476e+01,2.038974e+01,2.045964e+01,2.045964e+01,2.033377e+01,2.041071e+01,2.043169e+01,2.044567e+01,2.038274e+01,2.034777e+01,2.043868e+01,2.036875e+01,2.038974e+01,2.036176e+01,2.038274e+01,2.035476e+01,2.045266e+01,2.045266e+01,2.034077e+01,2.040372e+01,2.040372e+01,2.037575e+01,2.041770e+01,2.034777e+01,2.039673e+01,2.038974e+01,2.043169e+01,2.034777e+01,2.029878e+01,2.041071e+01,2.041071e+01,2.029178e+01,2.029178e+01,2.028478e+01,2.038974e+01,2.041071e+01,2.029878e+01,2.048061e+01,2.042470e+01,2.037575e+01,2.033377e+01,2.034077e+01,2.042470e+01,2.045964e+01,2.030578e+01,2.045964e+01,2.035476e+01,2.031978e+01,2.044567e+01,2.036875e+01,2.034777e+01,2.034777e+01,2.031978e+01,2.040372e+01,2.044567e+01,2.043169e+01,2.027078e+01,2.040372e+01,2.041770e+01,2.038974e+01,2.034777e+01,2.029178e+01,2.045964e+01,2.038974e+01,2.034777e+01,2.034077e+01,2.043868e+01,2.033377e+01,2.050855e+01,2.040372e+01,2.041071e+01,2.026378e+01,2.023577e+01,2.030578e+01,2.038274e+01,2.035476e+01,2.041770e+01,2.045964e+01,2.044567e+01,2.031278e+01,2.052252e+01,2.031278e+01,2.038274e+01,2.038974e+01,2.042470e+01,2.044567e+01,2.036875e+01,2.043169e+01,2.054347e+01,2.042470e+01,2.031278e+01,2.046663e+01,2.036176e+01,2.051554e+01,2.040372e+01,2.045964e+01,2.050855e+01,2.049458e+01,2.049458e+01,2.050157e+01,2.039673e+01,2.038974e+01,2.050157e+01,2.047362e+01,2.036875e+01,2.052252e+01,2.043169e+01,2.034077e+01,2.042470e+01,2.046663e+01,2.049458e+01,2.052252e+01,2.050855e+01,2.050157e+01,2.044567e+01,2.051554e+01,2.052950e+01,2.052252e+01,2.041770e+01,2.045964e+01,2.052252e+01,2.046663e+01,2.061327e+01,2.050157e+01,2.059234e+01,2.045964e+01,2.058536e+01,2.044567e+01,2.058536e+01,2.052950e+01,2.036875e+01,2.053649e+01,2.052950e+01,2.041071e+01,2.037575e+01,2.050157e+01,2.048061e+01,2.045266e+01,2.045964e+01,2.037575e+01,2.048061e+01,2.066908e+01,2.053649e+01,2.046663e+01,2.035476e+01,2.045964e+01,2.040372e+01,2.042470e+01,2.053649e+01,2.057140e+01,2.049458e+01,2.045964e+01,2.043868e+01,2.045964e+01,2.050855e+01,2.051554e+01,2.059932e+01,2.059234e+01,2.050855e+01,2.055743e+01,2.055045e+01,2.048759e+01,2.056442e+01,2.060629e+01,2.062723e+01,2.041770e+01,2.055743e+01,2.062025e+01,2.040372e+01,2.041071e+01,2.050157e+01,2.047362e+01,2.043868e+01,2.041071e+01,2.050855e+01,2.043169e+01,2.055045e+01,2.052252e+01,2.060629e+01,2.053649e+01,2.056442e+01,2.054347e+01,2.048759e+01,2.057140e+01,2.049458e+01,2.042470e+01,2.049458e+01,2.056442e+01,2.046663e+01,2.055045e+01,2.043169e+01,2.044567e+01
2.022176e+01,2.020774e+01,2.019373e+01,2.010961e+01,2.016570e+01,2.010260e+01,2.001139e+01,2.022876e+01,2.019373e+01,2.024277e+01,2.002542e+01,2.013766e+01,2.020074e+01,2.015869e+01,2.021475e+01,2.013766e+01,2.014467e+01,2.016570e+01,2.015869e+01,2.007454e+01,2.004648e+01,2.006753e+01,2.002542e+01,2.019373e+01,2.008857e+01,2.029178e+01,1.999033e+01,2.008857e+01,2.019373e+01,2.012364e+01,2.020774e+01,2.015869e+01,2.015869e+01,2.006051e+01,2.015869e+01,2.015168e+01,2.022876e+01,2.015168e+01,2.017972e+01,2.006753e+01,2.024977e+01,2.013766e+01,2.014467e+01,2.022876e+01,2.020074e+01,2.010961e+01,2.007454e+01,2.022876e+01,2.007454e+01,2.020774e+01,2.017271e+01,2.013766e+01,2.008857e+01,2.016570e+01,2.010260e+01,2.015168e+01,2.010260e+01,2.020774e+01,2.010260e+01,2.013766e+01,2.010260e+01,2.020074e+01,2.006753e+01,2.014467e+01,2.008857e+01,2.014467e+01,2.017271e+01,2.001841e+01,2.012364e+01,2.015869e+01,2.017271e+01,2.017972e+01,2.012364e+01,2.005350e+01,2.005350e+01,2.008857e+01,2.007454e+01,2.013766e+01,2.014467e+01,2.011663e+01,2.020774e+01,2.024277e+01,2.025677e+01,2.017972e+01,2.014467e+01,2.009559e+01,2.018673e+01,2.005350e+01,2.020774e+01,2.011663e+01,2.004648e+01,2.019373e+01,1.999033e+01,2.016570e+01,2.017972e+01,2.013065e+01,2.017271e+01,2.011663e+01,2.010961e+01,2.010260e+01,2.021475e+01,2.011663e+01,2.007454e+01,2.012364e+01,2.012364e+01,2.006753e+01,2.018673e+01,2.009559e+01,2.008857e+01,2.008156e+01,2.011663e+01,2.013766e+01,2.016570e+01,2.020774e+01,2.013065e+01,2.012364e+01,2.016570e+01,2.017972e+01,2.011663e+01,2.018673e+01,2.014467e+01,2.013766e+01,2.015869e+01,2.024977e+01,2.015869e+01,2.013766e+01,2.012364e+01,2.015168e+01,2.013065e+01,2.013065e+01,2.019373e+01,2.017972e+01,2.019373e+01,2.022176e+01,2.006051e+01,2.025677e+01,2.022176e+01,2.022876e+01,2.023577e+01,2.030578e+01,2.024977e+01,2.024977e+01,2.028478e+01,2.013766e+01,2.036176e+01,2.020774e+01,2.024977e+01,2.020774e+01,2.015168e+01,2.019373e+01,2.033377e+01,2.024277e+01,2.019373e+01,2.022176e+01,2.029878e+01,2.041770e+01,2.025677e+01,2.032678e+01,2.033377e+01,2.021475e+01,2.027778e+01,2.022876e+01,2.021475e+01,2.023577e+01,2.024977e+01,2.024977e+01,2.031978e+01,2.018673e+01,2.028478e+01,2.025677e+01,2.034077e+01,2.026378e+01,2.024977e+01,2.029178e+01,2.024277e+01,2.027078e+01,2.019373e+01,2.022176e+01,2.026378e+01,2.015168e+01,2.024277e+01,2.026378e+01,2.015168e+01,2.028478e+01,2.036875e+01,2.016570e+01,2.019373e+01,2.021475e+01,2.020774e+01,2.022876e+01,2.028478e+01,2.020774e+01,2.023577e+01,2.017972e+01,2.019373e+01,2.022176e+01,2.016570e+01,2.017271e+01,2.029178e+01,2.019373e+01,2.021475e+01,2.027078e+01,2.024977e+01,2.010260e+01,2.018673e+01,2.008857e+01,2.015168e+01,2.015168e+01,2.017271e+01,2.014467e+01,2.005350e+01,1.966683e+01,1.944823e+01,1.922208e+01,1.918670e+01,1.905213e+01,1.904504e+01,1.895995e+01,1.891738e+01,1.900251e+01,1.898832e+01,1.892448e+01,1.883218e+01,1.892448e+01,1.887479e+01,1.885349e+01,1.877534e+01,1.883218e+01,1.884638e+01,1.895286e+01,1.898832e+01,1.900960e+01,1.903795e+01,1.908756e+01,1.907339e+01,1.906630e+01,1.893157e+01,1.893157e+01,1.895995e+01,1.891738e+01,1.880376e+01,1.886059e+01,1.884638e+01,1.893867e+01,1.893867e+01,1.916546e+01,1.903087e+01,1.920793e+01,1.917254e+01,1.896704e+01,1.891738e+01,1.880376e+01,1.883218e+01,1.927867e+01,1.953996e+01,1.990604e+01,2.003244e+01,1.985683e+01,1.983574e+01,1.981464e+01,1.991306e+01,1.975132e+01,1.971613e+01,1.953996e+01,1.956817e+01,1.934229e+01,1.938468e+01,1.928574e+01,1.929988e+01,1.934936e+01,1.934936e+01,1.973021e+01,1.967388e+01,2.001841e+01,2.043868e+01,2.053649e+01,2.057838e+01,2.074576e+01,2.076667e+01,2.073182e+01,2.060629e+01,2.057838e+01,2.059932e+01,2.063420e+01,2.059234e+01,2.057838e+01,2.064816e+01,2.066908e+01,2.062723e+01,2.057140e+01,2.057838e+01,2.054347e+01,2.019373e+01,2.020074e+01,1.992711e+01,1.992009e+01,1.972317e+01,1.945529e+01,1.946941e+01,1.953996e+01,1.943411e+01,1.929988e+01,1.928574e+01,1.931402e+01,1.920085e+01,1.924331e+01,1.913714e+01,1.908756e+01,1.900960e+01,1.893157e+01,1.891738e+01,1.897414e+01,1.901669e+01,1.900251e+01,1.902378e+01,1.893157e+01,1.920085e+01,1.905213e+01,1.948352e+01,1.967388e+01,1.977947e+01,2.006051e+01,2.012364e+01,2.006753e+01,1.961047e+01,1.978650e+01,1.980761e+01,1.956112e+01,1.958932e+01,1.932815e+01,1.923623e+01,1.905213e+01,1.891028e+01,1.883218e+01,1.908047e+01,1.903087e+01,1.903795e+01,1.901669e+01,1.903795e+01,1.884638e+01,1.887479e+01,1.891028e+01,1.886769e+01,1.898123e+01,1.896704e+01,1.903087e+01,1.910881e+01,1.893867e+01,1.903795e+01,1.902378e+01,1.900960e+01,1.907339e+01,1.900960e+01,1.899541e+01,1.900960e+01,1.900251e+01,1.902378e+01,1.913006e+01,1.929281e+01,1.923623e+01,1.932815e+01,1.931402e+01,1.933522e+01,1.925038e+01,1.931402e+01,1.920085e+01,1.932109e+01,1.927867e+01,1.925745e+01,1.904504e+01,1.894576e+01,1.899541e+01,1.895286e+01,1.896704e+01,1.872558e+01,1.893867e+01,1.887479e+01,1.876112e+01,1.886059e+01,1.883218e+01,1.887479e+01,1.896704e+01,1.902378e+01,1.913006e+01,1.905922e+01,1.902378e+01,1.906630e+01,1.913006e+01,1.909464e+01,1.913714e+01,1.911590e+01,1.907339e+01,1.921501e+01,1.978650e+01,2.022176e+01,2.028478e+01,2.032678e+01,2.034077e+01,2.031978e+01,2.041071e+01,2.045964e+01,2.041770e+01,2.036176e+01,2.041071e+01,2.045266e+01,2.042470e+01,2.048759e+01,2.042470e+01,2.033377e+01,2.045266e+01,2.043169e+01,2.036875e+01,2.041071e+01,2.034077e+01,2.034777e+01,2.038274e+01,2.046663e+01,2.036875e+01,2.040372e+01,2.025677e+01,2.032678e+01,2.045964e+01,2.038274e+01,2.041770e+01,2.038274e+01,2.042470e+01,2.039673e+01,2.034777e+01,2.037575e+01,2.038274e+01,2.042470e+01,2.029878e+01,2.040372e+01,2.036176e+01,2.031978e+01,2.043169e+01,2.041071e+01,2.045266e+01,2.046663e+01,2.041071e+01,2.041770e+01,2.039673e+01,2.045266e+01,2.033377e+01,2.028478e+01,2.043169e+01,2.030578e+01,2.041770e+01,2.030578e+01,2.042470e+01,2.044567e+01,2.038274e+01,2.036875e+01,2.039673e+01,2.043868e+01,2.038274e+01,2.036875e+01,2.032678e+01,2.038974e+01,2.039673e+01,2.039673e+01,2.038974e+01,2.035476e+01,2.032678e+01,2.038974e+01,2.048061e+01,2.044567e+01,2.038274e+01,2.035476e+01,2.036176e+01,2.035476e+01,2.043169e+01,2.040372e+01,2.043868e+01,2.033377e+01,2.043169e+01,2.029878e+01,2.045266e+01,2.029878e+01,2.036875e+01,2.031978e+01,2.043868e+01,2.037575e+01,2.039673e+01,2.028478e+01,2.040372e+01,2.045964e+01,2.045964e+01,2.031278e+01,2.034777e+01,2.048759e+01,2.036875e+01,2.032678e+01,2.043868e+01,2.030578e+01,2.045964e+01,2.044567e+01,2.041770e+01,2.040372e+01,2.042470e+01,2.041770e+01,2.043868e+01,2.038974e+01,2.034077e+01,2.035476e+01,2.028478e+01,2.045266e+01,2.044567e+01,2.045964e+01,2.045266e+01,2.044567e+01,2.043169e+01,2.042470e+01,2.038974e+01,2.047362e+01,2.040372e+01,2.042470e+01,2.050157e+01,2.049458e+01,2.050855e+01,2.048061e+01,2.040372e+01,2.043169e+01,2.042470e+01,2.044567e+01,2.050855e+01,2.045964e+01,2.045964e+01,2.040372e+01,2.043868e+01,2.041770e+01,2.042470e+01,2.035476e+01,2.046663e+01,2.041770e+01,2.049458e+01,2.055045e+01,2.036176e+01,2.050855e+01,2.038274e+01,2.039673e+01,2.051554e+01,2.039673e+01,2.050855e+01,2.048759e+01,2.049458e+01,2.046663e+01,2.042470e+01,2.041071e+01,2.041071e+01,2.046663e+01,2.039673e+01,2.045266e+01,2.039673e+01,2.038974e+01,2.034077e+01,2.032678e+01,2.050855e+01,2.051554e+01,2.048061e+01,2.059932e+01,2.052252e+01,2.045964e+01,2.056442e+01,2.056442e+01,2.043868e+01,2.046663e+01,2.048759e+01,2.050157e+01,2.050855e+01,2.055743e+01,2.055743e+01,2.059234e+01,2.053649e+01,2.059234e+01,2.048759e+01,2.039673e+01,2.038974e+01,2.051554e+01,2.037575e+01,2.051554e+01,2.048759e+01,2.048759e+01,2.039673e+01,2.051554e+01,2.034777e+01,2.050855e+01,2.052950e+01,2.045964e+01,2.049458e+01,2.048061e+01,2.050855e+01,2.050855e+01,2.057140e+01,2.048061e+01,2.052252e+01,2.045266e+01,2.042470e+01,2.057140e+01,2.060629e+01,2.052252e+01,2.063420e+01,2.055743e+01,2.059932e+01,2.057838e+01,2.057838e+01,2.057838e+01,2.058536e+01,2.050157e+01,2.065513e+01,2.058536e+01,2.057838e+01,2.060629e+01,2.045266e+01,2.070394e+01,2.069697e+01,2.045964e+01,2.065513e+01,2.050157e+01,2.048759e+01,2.067605e+01,2.045266e+01,2.057140e+01,2.048061e+01,2.057140e+01,2.054347e+01,2.052950e+01,2.052252e+01,2.053649e+01,2.059234e+01,2.054347e+01,2.059234e+01,2.051554e+01,2.037575e+01,2.031278e+01,2.026378e+01,2.046663e+01,2.048759e+01,2.048061e+01,2.044567e+01
2.027078e+01,2.023577e+01,2.019373e+01,2.015869e+01,2.019373e+01,2.020774e+01,1.984277e+01,2.023577e+01,2.019373e+01,2.014467e+01,2.015869e+01,2.016570e+01,2.022176e+01,2.023577e+01,2.022176e+01,2.019373e+01,2.016570e+01,2.016570e+01,2.016570e+01,2.013766e+01,2.017972e+01,2.015869e+01,2.007454e+01,2.022876e+01,2.013065e+01,2.021475e+01,2.012364e+01,2.013766e+01,2.012364e+01,2.019373e+01,2.015869e+01,2.019373e+01,2.016570e+01,2.020074e+01,2.013766e+01,2.020774e+01,2.012364e+01,2.015869e+01,2.024277e+01,2.010961e+01,2.010260e+01,2.027078e+01,2.038974e+01,2.018673e+01,2.015869e+01,2.030578e+01,2.022176e+01,2.013766e+01,2.012364e+01,2.004648e+01,2.021475e+01,2.012364e+01,2.028478e+01,2.010961e+01,2.017271e+01,2.017271e+01,2.019373e+01,2.018673e+01,2.020074e+01,2.016570e+01,2.013065e+01,2.011663e+01,2.008857e+01,2.011663e+01,2.006051e+01,2.017271e+01,2.016570e+01,2.017972e+01,2.017271e+01,2.024277e+01,2.017271e+01,2.001841e+01,2.023577e+01,2.008857e+01,2.014467e+01,2.015869e+01,2.017972e+01,2.020074e+01,2.019373e+01,2.026378e+01,2.024277e+01,2.024977e+01,2.017271e+01,2.008857e+01,2.017271e+01,2.023577e+01,2.019373e+01,2.015168e+01,2.020774e+01,2.015168e+01,2.010260e+01,2.024977e+01,2.020074e+01,2.029878e+01,2.029878e+01,2.029878e+01,2.029178e+01,2.016570e+01,2.015869e+01,2.017972e+01,2.011663e+01,2.027778e+01,2.009559e+01,2.028478e+01,2.011663e+01,2.015869e+01,2.017271e+01,2.015168e+01,2.019373e+01,2.017271e+01,2.022176e+01,2.013065e+01,2.015168e+01,2.015869e+01,2.015869e+01,2.017271e+01,2.017271e+01,2.013065e+01,2.018673e+01,2.014467e+01,2.021475e+01,2.024277e+01,2.008857e+01,2.008857e+01,2.012364e+01,2.017972e+01,2.024277e+01,2.019373e+01,2.024977e+01,2.022176e+01,2.021475e+01,2.022876e+01,2.022176e+01,2.020774e+01,2.018673e+01,2.020774e+01,2.022876e+01,2.024277e+01,2.015869e+01,2.027078e+01,2.027778e+01,2.022176e+01,2.028478e+01,2.031978e+01,2.026378e+01,2.021475e+01,2.022876e+01,2.025677e+01,2.034077e+01,2.031278e+01,2.023577e+01,2.022876e+01,2.029878e+01,2.030578e+01,2.034077e+01,2.032678e+01,2.034777e+01,2.029178e+01,2.024277e+01,2.032678e+01,2.032678e+01,2.034077e+01,2.027078e+01,2.027778e+01,2.026378e+01,2.019373e+01,2.035476e+01,2.014467e+01,2.033377e+01,2.030578e+01,2.041071e+01,2.029878e+01,2.027778e+01,2.024977e+01,2.025677e+01,2.020074e+01,2.021475e+01,2.020074e+01,2.027078e+01,2.020774e+01,2.033377e+01,2.027778e+01,2.028478e+01,2.028478e+01,2.019373e+01,2.024277e+01,2.037575e+01,2.025677e+01,2.021475e+01,2.024277e+01,2.025677e+01,2.027778e+01,2.022876e+01,2.017271e+01,2.020774e+01,2.027778e+01,2.017271e+01,2.024977e+01,2.025677e+01,2.029178e+01,2.027078e+01,2.015168e+01,2.019373e+01,2.030578e+01,2.020074e+01,2.012364e+01,2.022876e+01,2.013065e+01,2.014467e+01,2.017271e+01,2.006753e+01,1.944823e+01,1.943411e+01,1.920085e+01,1.920085e+01,1.895995e+01,1.917962e+01,1.905922e+01,1.898123e+01,1.895286e+01,1.898832e+01,1.895286e+01,1.893867e+01,1.874691e+01,1.889609e+01,1.873269e+01,1.883928e+01,1.881797e+01,1.887479e+01,1.878245e+01,1.890318e+01,1.897414e+01,1.891738e+01,1.910173e+01,1.908047e+01,1.916546e+01,1.927867e+01,1.909464e+01,1.907339e+01,1.894576e+01,1.889609e+01,1.889609e+01,1.890318e+01,1.897414e+01,1.913006e+01,1.913006e+01,1.917254e+01,1.913714e+01,1.907339e+01,1.889609e+01,1.889609e+01,1.892448e+01,1.887479e+01,1.921501e+01,1.954701e+01,1.992711e+01,2.016570e+01,2.011663e+01,2.016570e+01,1.991306e+01,1.988495e+01,1.973021e+01,1.966683e+01,1.963865e+01,1.953996e+01,1.941293e+01,1.931402e+01,1.932109e+01,1.932815e+01,1.943411e+01,1.949058e+01,1.947647e+01,1.972317e+01,2.024277e+01,2.048759e+01,2.060629e+01,2.061327e+01,2.057838e+01,2.062723e+01,2.059932e+01,2.057140e+01,2.058536e+01,2.057838e+01,2.046663e+01,2.057838e+01,2.057838e+01,2.038974e+01,2.059234e+01,2.062723e+01,2.069000e+01,2.055045e+01,2.045266e+01,2.037575e+01,2.028478e+01,1.999735e+01,1.999735e+01,1.983574e+01,1.985683e+01,1.955407e+01,1.969500e+01,1.948352e+01,1.951880e+01,1.917254e+01,1.935642e+01,1.935642e+01,1.922208e+01,1.924331e+01,1.896704e+01,1.893867e+01,1.899541e+01,1.900960e+01,1.900251e+01,1.892448e+01,1.903795e+01,1.902378e+01,1.893867e+01,1.903795e+01,1.925745e+01,1.946941e+01,1.963161e+01,1.980761e+01,2.006753e+01,2.000437e+01,1.977243e+01,1.977947e+01,1.980761e+01,1.965979e+01,1.953291e+01,1.941999e+01,1.929281e+01,1.925038e+01,1.910881e+01,1.898123e+01,1.923623e+01,1.901669e+01,1.903795e+01,1.905213e+01,1.915130e+01,1.903087e+01,1.883928e+01,1.895995e+01,1.895286e+01,1.898123e+01,1.885349e+01,1.886059e+01,1.894576e+01,1.895995e+01,1.892448e+01,1.907339e+01,1.903087e+01,1.900251e+01,1.903087e+01,1.897414e+01,1.903087e+01,1.895286e+01,1.905213e+01,1.915130e+01,1.915130e+01,1.925745e+01,1.933522e+01,1.934936e+01,1.937762e+01,1.935642e+01,1.937055e+01,1.930695e+01,1.923623e+01,1.925745e+01,1.910173e+01,1.917254e+01,1.899541e+01,1.899541e+01,1.929988e+01,1.929988e+01,1.922208e+01,1.890318e+01,1.895286e+01,1.881797e+01,1.888189e+01,1.878955e+01,1.887479e+01,1.890318e+01,1.895995e+01,1.903087e+01,1.908047e+01,1.905922e+01,1.909464e+01,1.918670e+01,1.915838e+01,1.912298e+01,1.917254e+01,1.901669e+01,1.908047e+01,1.910173e+01,1.944118e+01,2.001841e+01,2.031278e+01,2.043169e+01,2.035476e+01,2.047362e+01,2.041071e+01,2.024977e+01,2.038974e+01,2.039673e+01,2.039673e+01,2.040372e+01,2.041770e+01,2.040372e+01,2.035476e+01,2.045964e+01,2.062025e+01,2.034077e+01,2.035476e+01,2.039673e+01,2.042470e+01,2.044567e+01,2.043169e+01,2.041071e+01,2.038974e+01,2.038974e+01,2.038274e+01,2.043169e+01,2.051554e+01,2.036875e+01,2.039673e+01,2.037575e+01,2.048061e+01,2.053649e+01,2.044567e+01,2.041071e+01,2.036176e+01,2.048061e+01,2.031278e+01,2.047362e+01,2.045266e+01,2.048061e+01,2.043169e+01,2.043868e+01,2.045266e+01,2.041071e+01,2.043169e+01,2.048061e+01,2.037575e+01,2.048759e+01,2.047362e+01,2.030578e+01,2.031978e+01,2.043868e+01,2.045964e+01,2.042470e+01,2.041770e+01,2.043868e+01,2.045964e+01,2.038274e+01,2.035476e+01,2.045964e+01,2.044567e+01,2.043169e+01,2.032678e+01,2.027078e+01,2.039673e+01,2.050157e+01,2.038974e+01,2.041071e+01,2.039673e+01,2.041071e+01,2.041071e+01,2.052252e+01,2.043868e+01,2.038274e+01,2.041770e+01,2.038274e+01,2.038274e+01,2.041770e+01,2.039673e+01,2.044567e+01,2.047362e+01,2.042470e+01,2.046663e+01,2.045266e+01,2.049458e+01,2.031978e+01,2.048759e+01,2.046663e+01,2.043169e+01,2.059234e+01,2.043868e+01,2.047362e+01,2.048759e+01,2.046663e+01,2.048061e+01,2.041071e+01,2.049458e+01,2.043169e+01,2.048061e+01,2.029178e+01,2.049458e+01,2.034777e+01,2.039673e+01,2.043169e+01,2.038274e+01,2.042470e+01,2.036176e+01,2.040372e+01,2.041770e+01,2.027078e+01,2.039673e+01,2.043868e+01,2.048759e+01,2.049458e+01,2.047362e+01,2.045964e+01,2.047362e+01,2.043169e+01,2.047362e+01,2.041071e+01,2.048061e+01,2.043169e+01,2.042470e+01,2.047362e+01,2.048759e+01,2.045266e+01,2.060629e+01,2.045266e+01,2.040372e+01,2.042470e+01,2.046663e+01,2.050157e+01,2.045266e+01,2.061327e+01,2.041770e+01,2.045266e+01,2.052252e+01,2.053649e+01,2.046663e+01,2.059932e+01,2.057838e+01,2.048759e+01,2.050157e+01,2.050855e+01,2.063420e+01,2.045964e+01,2.043868e+01,2.055045e+01,2.057838e+01,2.052252e+01,2.048061e+01,2.045964e+01,2.047362e+01,2.046663e+01,2.045964e+01,2.052252e+01,2.052252e+01,2.054347e+01,2.049458e+01,2.049458e+01,2.049458e+01,2.050855e+01,2.045266e+01,2.049458e+01,2.050157e+01,2.059932e+01,2.059234e+01,2.052950e+01,2.057140e+01,2.055045e+01,2.064118e+01,2.045964e+01,2.050157e+01,2.050157e+01,2.053649e+01,2.056442e+01,2.055743e+01,2.053649e+01,2.053649e+01,2.050157e+01,2.042470e+01,2.041071e+01,2.048061e+01,2.055743e+01,2.035476e+01,2.049458e+01,2.047362e+01,2.052252e+01,2.052950e+01,2.056442e+01,2.052950e+01,2.056442e+01,2.052950e+01,2.067605e+01,2.059234e+01,2.067605e+01,2.048759e+01,2.050157e+01,2.054347e+01,2.048061e+01,2.050157e+01,2.059234e+01,2.048061e+01,2.059234e+01,2.065513e+01,2.056442e+01,2.057838e+01,2.049458e+01,2.060629e+01,2.057838e+01,2.057838e+01,2.056442e+01,2.050855e+01,2.057838e+01,2.053649e+01,2.067605e+01,2.062025e+01,2.058536e+01,2.045266e+01,2.057838e+01,2.061327e+01,2.040372e+01,2.055743e+01,2.050157e+01,2.052252e+01,2.061327e+01,2.052950e+01,2.061327e+01,2.066211e+01,2.071091e+01,2.050157e+01,2.066211e+01,2.057838e+01,2.056442e+01,2.057140e+01,2.057140e+01,2.057838e+01,2.052950e+01,2.056442e+01,2.053649e+01,2.057838e+01,2.052252e+01,2.047362e+01,2.052950e+01,2.046663e+01
2.028478e+01,2.023577e+01,2.022876e+01,2.020074e+01,2.022176e+01,2.020774e+01,2.025677e+01,2.023577e+01,2.020074e+01,2.008857e+01,2.006753e+01,2.038274e+01,2.016570e+01,2.020074e+01,2.022176e+01,2.015869e+01,2.012364e+01,2.015869e+01,2.015168e+01,2.013065e+01,2.009559e+01,2.014467e+01,2.017972e+01,2.013065e+01,2.017972e+01,2.026378e+01,2.013766e+01,2.013766e+01,2.028478e+01,2.013766e+01,2.023577e+01,2.010961e+01,2.006753e+01,2.001139e+01,2.025677e+01,2.027778e+01,2.020774e+01,2.013065e+01,2.017271e+01,2.029178e+01,2.026378e+01,2.024977e+01,2.024277e+01,2.017972e+01,2.013766e+01,2.004648e+01,2.006051e+01,2.006051e+01,2.011663e+01,2.020774e+01,2.013065e+01,2.005350e+01,2.009559e+01,2.011663e+01,2.021475e+01,2.013766e+01,2.017271e+01,2.021475e+01,2.021475e+01,2.020774e+01,2.010260e+01,2.010260e+01,2.029178e+01,2.018673e+01,2.027778e+01,2.017271e+01,2.021475e+01,2.017972e+01,2.017972e+01,2.015168e+01,2.016570e+01,2.012364e+01,2.015869e+01,2.007454e+01,2.010961e+01,2.016570e+01,2.015869e+01,2.015869e+01,2.015869e+01,2.013065e+01,2.017972e+01,2.027078e+01,2.015869e+01,2.017972e+01,2.015869e+01,2.022876e+01,2.024977e+01,2.015869e+01,2.001139e+01,2.014467e+01,2.017271e+01,2.023577e+01,2.029878e+01,2.023577e+01,2.012364e+01,2.008857e+01,2.020074e+01,2.032678e+01,2.017972e+01,2.015168e+01,2.010961e+01,2.010260e+01,2.014467e+01,2.013766e+01,2.010961e+01,2.010961e+01,2.007454e+01,2.010961e+01,2.020774e+01,2.013766e+01,2.020774e+01,2.020074e+01,2.021475e+01,2.020774e+01,2.020074e+01,2.011663e+01,2.017271e+01,2.013766e+01,2.013065e+01,2.024277e+01,2.013766e+01,2.026378e+01,2.021475e+01,2.018673e+01,2.021475e+01,2.013766e+01,2.014467e+01,2.027778e+01,2.027078e+01,2.016570e+01,2.022176e+01,2.026378e+01,2.017972e+01,2.026378e+01,2.022176e+01,2.022876e+01,2.020774e+01,2.026378e+01,2.020774e+01,2.018673e+01,2.040372e+01,2.029178e+01,2.024977e+01,2.026378e+01,2.029878e+01,2.025677e+01,2.025677e+01,2.026378e+01,2.024977e+01,2.034777e+01,2.021475e+01,2.017972e+01,2.027778e+01,2.024977e+01,2.024977e+01,2.034077e+01,2.043868e+01,2.025677e+01,2.041770e+01,2.018673e+01,2.038274e+01,2.030578e+01,2.032678e+01,2.034077e+01,2.022876e+01,2.034077e+01,2.029178e+01,2.034077e+01,2.027778e+01,2.025677e+01,2.034777e+01,2.028478e+01,2.028478e+01,2.027778e+01,2.024277e+01,2.020774e+01,2.029878e+01,2.023577e+01,2.027078e+01,2.028478e+01,2.036875e+01,2.032678e+01,2.031278e+01,2.029178e+01,2.023577e+01,2.026378e+01,2.028478e+01,2.029878e+01,2.035476e+01,2.020774e+01,2.022176e+01,2.017271e+01,2.020774e+01,2.019373e+01,2.029878e+01,2.024277e+01,2.022176e+01,2.026378e+01,2.011663e+01,2.023577e+01,2.027078e+01,2.024977e+01,2.023577e+01,2.007454e+01,2.025677e+01,2.024277e+01,2.025677e+01,2.026378e+01,2.010961e+01,2.000437e+01,1.978650e+01,1.941293e+01,1.925745e+01,1.926452e+01,1.918670e+01,1.908047e+01,1.902378e+01,1.891738e+01,1.916546e+01,1.891738e+01,1.891028e+01,1.895286e+01,1.870424e+01,1.879666e+01,1.871847e+01,1.873269e+01,1.891738e+01,1.875401e+01,1.881087e+01,1.882508e+01,1.878955e+01,1.886059e+01,1.913006e+01,1.907339e+01,1.907339e+01,1.912298e+01,1.925038e+01,1.919378e+01,1.905213e+01,1.904504e+01,1.903795e+01,1.902378e+01,1.893157e+01,1.900960e+01,1.891738e+01,1.919378e+01,1.909464e+01,1.927867e+01,1.905922e+01,1.887479e+01,1.905922e+01,1.899541e+01,1.912298e+01,1.930695e+01,1.968796e+01,2.008156e+01,2.018673e+01,2.017972e+01,2.019373e+01,2.005350e+01,1.987792e+01,1.965274e+01,1.963161e+01,1.938468e+01,1.940587e+01,1.940587e+01,1.935642e+01,1.929988e+01,1.932815e+01,1.928574e+01,1.937762e+01,1.958227e+01,1.970205e+01,1.992009e+01,2.016570e+01,2.015869e+01,2.059234e+01,2.045964e+01,2.028478e+01,2.026378e+01,2.030578e+01,2.027778e+01,2.034077e+01,2.039673e+01,2.038274e+01,2.023577e+01,2.038274e+01,2.031278e+01,2.064816e+01,2.043868e+01,2.043868e+01,2.050855e+01,2.048061e+01,2.027778e+01,2.000437e+01,1.995521e+01,1.997628e+01,2.001841e+01,1.975132e+01,1.948352e+01,1.946941e+01,1.950469e+01,1.925745e+01,1.927867e+01,1.923623e+01,1.917254e+01,1.917962e+01,1.898832e+01,1.903087e+01,1.895995e+01,1.900251e+01,1.892448e+01,1.888189e+01,1.897414e+01,1.904504e+01,1.904504e+01,1.906630e+01,1.917962e+01,1.941293e+01,1.965274e+01,1.982168e+01,1.986386e+01,1.988495e+01,1.990604e+01,1.970205e+01,1.973725e+01,1.968796e+01,1.968092e+01,1.961047e+01,1.949764e+01,1.951880e+01,1.933522e+01,1.930695e+01,1.925745e+01,1.929281e+01,1.919378e+01,1.906630e+01,1.903795e+01,1.900960e+01,1.887479e+01,1.895286e+01,1.891738e+01,1.895286e+01,1.883218e+01,1.883218e+01,1.892448e+01,1.913714e+01,1.899541e+01,1.899541e+01,1.899541e+01,1.910881e+01,1.901669e+01,1.903087e+01,1.906630e+01,1.908047e+01,1.910173e+01,1.910173e+01,1.905213e+01,1.917254e+01,1.922208e+01,1.920793e+01,1.941999e+01,1.923623e+01,1.920793e+01,1.915130e+01,1.929281e+01,1.928574e+01,1.929281e+01,1.909464e+01,1.900960e+01,1.900251e+01,1.929281e+01,1.951880e+01,1.929281e+01,1.895995e+01,1.893157e+01,1.893867e+01,1.889609e+01,1.888189e+01,1.887479e+01,1.891738e+01,1.893157e+01,1.900960e+01,1.897414e+01,1.904504e+01,1.917962e+01,1.913714e+01,1.906630e+01,1.917254e+01,1.913006e+01,1.911590e+01,1.907339e+01,1.908756e+01,1.934936e+01,1.988495e+01,2.024277e+01,2.036875e+01,2.041071e+01,2.044567e+01,2.030578e+01,2.038274e+01,2.048061e+01,2.040372e+01,2.052252e+01,2.041770e+01,2.039673e+01,2.043169e+01,2.052252e+01,2.048759e+01,2.042470e+01,2.035476e+01,2.052252e+01,2.038974e+01,2.039673e+01,2.041770e+01,2.043169e+01,2.038974e+01,2.038974e+01,2.038974e+01,2.040372e+01,2.044567e+01,2.023577e+01,2.038974e+01,2.045964e+01,2.038274e+01,2.042470e+01,2.041770e+01,2.036875e+01,2.051554e+01,2.046663e+01,2.038974e+01,2.042470e+01,2.041071e+01,2.038974e+01,2.040372e+01,2.043868e+01,2.050855e+01,2.046663e+01,2.048759e+01,2.044567e+01,2.040372e+01,2.047362e+01,2.043868e+01,2.055743e+01,2.050855e+01,2.037575e+01,2.057140e+01,2.044567e+01,2.046663e+01,2.042470e+01,2.041071e+01,2.045266e+01,2.045266e+01,2.063420e+01,2.043169e+01,2.036176e+01,2.047362e+01,2.047362e+01,2.046663e+01,2.043868e+01,2.043169e+01,2.038974e+01,2.036875e+01,2.045964e+01,2.039673e+01,2.040372e+01,2.043868e+01,2.045964e+01,2.055743e+01,2.044567e+01,2.038274e+01,2.057838e+01,2.045964e+01,2.061327e+01,2.049458e+01,2.045964e+01,2.048759e+01,2.041770e+01,2.045964e+01,2.047362e+01,2.049458e+01,2.052950e+01,2.049458e+01,2.034777e+01,2.041071e+01,2.044567e+01,2.043868e+01,2.045964e+01,2.057140e+01,2.045964e+01,2.044567e+01,2.044567e+01,2.029178e+01,2.048759e+01,2.048759e+01,2.049458e+01,2.042470e+01,2.040372e+01,2.036176e+01,2.038274e+01,2.044567e+01,2.041770e+01,2.042470e+01,2.046663e+01,2.039673e+01,2.043868e+01,2.045266e+01,2.045266e+01,2.049458e+01,2.048061e+01,2.047362e+01,2.042470e+01,2.041770e+01,2.035476e+01,2.051554e+01,2.038274e+01,2.052252e+01,2.052252e+01,2.047362e+01,2.047362e+01,2.042470e+01,2.045964e+01,2.050157e+01,2.045964e+01,2.051554e+01,2.052252e+01,2.057140e+01,2.050157e+01,2.045964e+01,2.045964e+01,2.037575e+01,2.052252e+01,2.039673e+01,2.040372e+01,2.052252e+01,2.037575e+01,2.040372e+01,2.055743e+01,2.055045e+01,2.049458e+01,2.057140e+01,2.047362e+01,2.050855e+01,2.048759e+01,2.050157e+01,2.050157e+01,2.041770e+01,2.045964e+01,2.056442e+01,2.053649e+01,2.050855e+01,2.043169e+01,2.045964e+01,2.054347e+01,2.045964e+01,2.039673e+01,2.052950e+01,2.053649e+01,2.049458e+01,2.052252e+01,2.062025e+01,2.057838e+01,2.046663e+01,2.058536e+01,2.055743e+01,2.048061e+01,2.045964e+01,2.050157e+01,2.050855e+01,2.053649e+01,2.056442e+01,2.055045e+01,2.056442e+01,2.044567e+01,2.060629e+01,2.060629e+01,2.043868e+01,2.038274e+01,2.050855e+01,2.052252e+01,2.051554e+01,2.066211e+01,2.052950e+01,2.052252e+01,2.057140e+01,2.062723e+01,2.056442e+01,2.055045e+01,2.052950e+01,2.048061e+01,2.052950e+01,2.062723e+01,2.050157e+01,2.052252e+01,2.053649e+01,2.059932e+01,2.041071e+01,2.054347e+01,2.052950e+01,2.070394e+01,2.059932e+01,2.059234e+01,2.059234e+01,2.057140e+01,2.055743e+01,2.042470e+01,2.048061e+01,2.053649e+01,2.071091e+01,2.055045e+01,2.058536e+01,2.042470e+01,2.055743e+01,2.066211e+01,2.066908e+01,2.064816e+01,2.066211e+01,2.062025e+01,2.069000e+01,2.060629e+01,2.063420e+01,2.056442e+01,2.064118e+01,2.063420e+01,2.082935e+01,2.064118e+01,2.064118e+01,2.057838e+01,2.053649e+01,2.056442e+01,2.057838e+01,2.057140e+01,2.050855e+01,2.059234e+01,2.055045e+01,2.050157e+01,2.047362e+01,2.047362e+01,2.043868e+01,2.057140e+01
2.022876e+01,2.028478e+01,2.022876e+01,2.021475e+01,2.020774e+01,2.027778e+01,2.027078e+01,2.017271e+01,2.020774e+01,2.025677e+01,2.016570e+01,2.015168e+01,2.024277e+01,2.010260e+01,2.017972e+01,2.019373e+01,2.018673e+01,2.013766e+01,2.015168e+01,2.015168e+01,2.013065e+01,2.008857e+01,2.010961e+01,2.004648e+01,2.001139e+01,2.015168e+01,2.014467e+01,2.028478e+01,2.020074e+01,2.013766e+01,2.019373e+01,2.008857e+01,2.020074e+01,2.024977e+01,2.024277e+01,2.017972e+01,2.006753e+01,2.031978e+01,2.031978e+01,2.021475e+01,2.038974e+01,2.017972e+01,2.024277e+01,2.016570e+01,2.029878e+01,2.004648e+01,2.022176e+01,2.032678e+01,2.032678e+01,2.012364e+01,2.031978e+01,2.026378e+01,2.029178e+01,2.017271e+01,2.024277e+01,2.007454e+01,2.020074e+01,2.018673e+01,2.017271e+01,2.014467e+01,2.014467e+01,2.024977e+01,2.014467e+01,2.010961e+01,2.008156e+01,2.023577e+01,2.014467e+01,2.022176e+01,2.010961e+01,2.020074e+01,2.015869e+01,2.014467e+01,2.007454e+01,2.024977e+01,2.013065e+01,2.020074e+01,2.020774e+01,2.010961e+01,2.017271e+01,2.015168e+01,2.016570e+01,2.009559e+01,2.014467e+01,2.020774e+01,2.010260e+01,2.020774e+01,2.008857e+01,2.013766e+01,2.015869e+01,2.022176e+01,2.019373e+01,2.018673e+01,2.016570e+01,2.015869e+01,2.020074e+01,2.031278e+01,2.026378e+01,2.015869e+01,2.013766e+01,2.018673e+01,2.024277e+01,2.011663e+01,2.010260e+01,2.013766e+01,2.010260e+01,2.020074e+01,2.014467e+01,2.021475e+01,2.020074e+01,2.022876e+01,2.023577e+01,2.014467e+01,2.020774e+01,2.027778e+01,2.015168e+01,2.020074e+01,2.015869e+01,2.010260e+01,2.023577e+01,2.016570e+01,2.015869e+01,2.013065e+01,2.017972e+01,2.019373e+01,2.020774e+01,2.022176e+01,2.013766e+01,2.023577e+01,2.021475e+01,2.030578e+01,2.027078e+01,2.024977e+01,2.017972e+01,2.030578e+01,2.024277e+01,2.019373e+01,2.021475e+01,2.021475e+01,2.024277e+01,2.035476e+01,2.020774e+01,2.033377e+01,2.023577e+01,2.025677e+01,2.029878e+01,2.031978e+01,2.026378e+01,2.029178e+01,2.025677e+01,2.032678e+01,2.027078e+01,2.031278e+01,2.031278e+01,2.022876e+01,2.032678e+01,2.032678e+01,2.037575e+01,2.036875e+01,2.019373e+01,2.037575e+01,2.036176e+01,2.034777e+01,2.034077e+01,2.033377e+01,2.029178e+01,2.029878e+01,2.028478e+01,2.031278e+01,2.034777e+01,2.040372e+01,2.038274e+01,2.033377e+01,2.027078e+01,2.028478e+01,2.024977e+01,2.025677e+01,2.027778e+01,2.017972e+01,2.025677e+01,2.027078e+01,2.038274e+01,2.031278e+01,2.022876e+01,2.021475e+01,2.019373e+01,2.028478e+01,2.027778e+01,2.022176e+01,2.020774e+01,2.025677e+01,2.026378e+01,2.027778e+01,2.020774e+01,2.019373e+01,2.019373e+01,2.028478e+01,2.029178e+01,2.024277e+01,2.029878e+01,2.027778e+01,2.028478e+01,2.024277e+01,2.022176e+01,2.025677e+01,2.018673e+01,2.027778e+01,2.022176e+01,2.009559e+01,2.006051e+01,2.001139e+01,1.958932e+01,1.940587e+01,1.925745e+01,1.912298e+01,1.910173e+01,1.893867e+01,1.896704e+01,1.893867e+01,1.878955e+01,1.887479e+01,1.877534e+01,1.869713e+01,1.870424e+01,1.871847e+01,1.869713e+01,1.863309e+01,1.873980e+01,1.883928e+01,1.871135e+01,1.893157e+01,1.886059e+01,1.883218e+01,1.891738e+01,1.900960e+01,1.893867e+01,1.907339e+01,1.933522e+01,1.922208e+01,1.917962e+01,1.906630e+01,1.903795e+01,1.899541e+01,1.891738e+01,1.892448e+01,1.911590e+01,1.913714e+01,1.915130e+01,1.904504e+01,1.908047e+01,1.912298e+01,1.910881e+01,1.912298e+01,1.929281e+01,1.957522e+01,1.968796e+01,2.011663e+01,2.016570e+01,2.024977e+01,2.023577e+01,2.020074e+01,1.987792e+01,1.970205e+01,1.952586e+01,1.939881e+01,1.946941e+01,1.935642e+01,1.929281e+01,1.932109e+01,1.916546e+01,1.931402e+01,1.927160e+01,1.944118e+01,1.941999e+01,1.969500e+01,1.986386e+01,1.999033e+01,2.017972e+01,2.028478e+01,2.031978e+01,2.030578e+01,2.027778e+01,2.023577e+01,2.029178e+01,2.033377e+01,2.030578e+01,2.029178e+01,2.037575e+01,2.031978e+01,2.034777e+01,2.036875e+01,2.031978e+01,2.031978e+01,2.019373e+01,2.020074e+01,2.017972e+01,2.001139e+01,1.990604e+01,1.989198e+01,1.980761e+01,1.975132e+01,1.977947e+01,1.956817e+01,1.952586e+01,1.947647e+01,1.932109e+01,1.916546e+01,1.900251e+01,1.906630e+01,1.898123e+01,1.900960e+01,1.895995e+01,1.902378e+01,1.889609e+01,1.890318e+01,1.901669e+01,1.906630e+01,1.905922e+01,1.922208e+01,1.929281e+01,1.964570e+01,1.993414e+01,1.996224e+01,1.995521e+01,1.994819e+01,1.976540e+01,1.977243e+01,1.976540e+01,1.970909e+01,1.968796e+01,1.961047e+01,1.958932e+01,1.957522e+01,1.964570e+01,1.956112e+01,1.958932e+01,1.953291e+01,1.923623e+01,1.921501e+01,1.886059e+01,1.889609e+01,1.886769e+01,1.892448e+01,1.889609e+01,1.886059e+01,1.884638e+01,1.898832e+01,1.894576e+01,1.889609e+01,1.896704e+01,1.906630e+01,1.910881e+01,1.899541e+01,1.899541e+01,1.903795e+01,1.905922e+01,1.900960e+01,1.907339e+01,1.906630e+01,1.921501e+01,1.925038e+01,1.920793e+01,1.917254e+01,1.917962e+01,1.910881e+01,1.908047e+01,1.932109e+01,1.928574e+01,1.905922e+01,1.905922e+01,1.918670e+01,1.910881e+01,1.927867e+01,1.951175e+01,1.923623e+01,1.909464e+01,1.888899e+01,1.888899e+01,1.884638e+01,1.889609e+01,1.887479e+01,1.890318e+01,1.903087e+01,1.894576e+01,1.895995e+01,1.904504e+01,1.912298e+01,1.910173e+01,1.908047e+01,1.910881e+01,1.911590e+01,1.910881e+01,1.905922e+01,1.886769e+01,1.935642e+01,1.988495e+01,2.030578e+01,2.034777e+01,2.031278e+01,2.045266e+01,2.031978e+01,2.044567e+01,2.050855e+01,2.048759e+01,2.046663e+01,2.041071e+01,2.039673e+01,2.040372e+01,2.050157e+01,2.054347e+01,2.043169e+01,2.030578e+01,2.048759e+01,2.038974e+01,2.043868e+01,2.041770e+01,2.045964e+01,2.049458e+01,2.038274e+01,2.041071e+01,2.042470e+01,2.038974e+01,2.041071e+01,2.045964e+01,2.041770e+01,2.042470e+01,2.041770e+01,2.035476e+01,2.054347e+01,2.051554e+01,2.049458e+01,2.040372e+01,2.043868e+01,2.048759e+01,2.043868e+01,2.043169e+01,2.041071e+01,2.043868e+01,2.047362e+01,2.052950e+01,2.043868e+01,2.042470e+01,2.041071e+01,2.048061e+01,2.041770e+01,2.029878e+01,2.045266e+01,2.031978e+01,2.040372e+01,2.043169e+01,2.044567e+01,2.043868e+01,2.049458e+01,2.047362e+01,2.038274e+01,2.048759e+01,2.048759e+01,2.041770e+01,2.042470e+01,2.045964e+01,2.050157e+01,2.041770e+01,2.047362e+01,2.039673e+01,2.042470e+01,2.051554e+01,2.047362e+01,2.042470e+01,2.045964e+01,2.051554e+01,2.052950e+01,2.038274e+01,2.044567e+01,2.036176e+01,2.050157e+01,2.049458e+01,2.048759e+01,2.042470e+01,2.048759e+01,2.047362e+01,2.045266e+01,2.049458e+01,2.048061e+01,2.042470e+01,2.030578e+01,2.050855e+01,2.042470e+01,2.043868e+01,2.050157e+01,2.042470e+01,2.050855e+01,2.052252e+01,2.048061e+01,2.039673e+01,2.046663e+01,2.045964e+01,2.039673e+01,2.045266e+01,2.038974e+01,2.038274e+01,2.045266e+01,2.036875e+01,2.035476e+01,2.037575e+01,2.038974e+01,2.049458e+01,2.045266e+01,2.046663e+01,2.045964e+01,2.047362e+01,2.047362e+01,2.048061e+01,2.048759e+01,2.048061e+01,2.050157e+01,2.041071e+01,2.054347e+01,2.041071e+01,2.043169e+01,2.051554e+01,2.043868e+01,2.043169e+01,2.042470e+01,2.052950e+01,2.041071e+01,2.045964e+01,2.044567e+01,2.048061e+01,2.045266e+01,2.052252e+01,2.042470e+01,2.053649e+01,2.043868e+01,2.058536e+01,2.045964e+01,2.045266e+01,2.057140e+01,2.046663e+01,2.057140e+01,2.052950e+01,2.049458e+01,2.052950e+01,2.055045e+01,2.044567e+01,2.045964e+01,2.055743e+01,2.047362e+01,2.055743e+01,2.055045e+01,2.046663e+01,2.050157e+01,2.047362e+01,2.047362e+01,2.058536e+01,2.048759e+01,2.052950e+01,2.048759e+01,2.045266e+01,2.049458e+01,2.060629e+01,2.065513e+01,2.045266e+01,2.045964e+01,2.059234e+01,2.052252e+01,2.066211e+01,2.045964e+01,2.051554e+01,2.060629e+01,2.053649e+01,2.055045e+01,2.060629e+01,2.055045e+01,2.064118e+01,2.055045e+01,2.050855e+01,2.051554e+01,2.041770e+01,2.052950e+01,2.053649e+01,2.050855e+01,2.050157e+01,2.038974e+01,2.050157e+01,2.051554e+01,2.052950e+01,2.055743e+01,2.055045e+01,2.056442e+01,2.055743e+01,2.045266e+01,2.051554e+01,2.053649e+01,2.051554e+01,2.054347e+01,2.062025e+01,2.061327e+01,2.059932e+01,2.050157e+01,2.052252e+01,2.057838e+01,2.065513e+01,2.059932e+01,2.054347e+01,2.066211e+01,2.041770e+01,2.070394e+01,2.033377e+01,2.054347e+01,2.058536e+01,2.055743e+01,2.061327e+01,2.057140e+01,2.055045e+01,2.048759e+01,2.056442e+01,2.068303e+01,2.054347e+01,2.063420e+01,2.052252e+01,2.059932e+01,2.050855e+01,2.059932e+01,2.058536e+01,2.064816e+01,2.048061e+01,2.057838e+01,2.075970e+01,2.059932e+01,2.057140e+01,2.057140e+01,2.050855e+01,2.045964e+01,2.052252e+01,2.052950e+01,2.052252e+01,2.054347e+01,2.051554e+01,2.045964e+01,2.055045e+01,2.064118e+01
2.022876e+01,2.022876e+01,2.026378e+01,2.026378e+01,2.026378e+01,2.015168e+01,2.024977e+01,2.018673e+01,2.032678e+01,2.024277e+01,2.012364e+01,2.031278e+01,2.024977e+01,2.025677e+01,2.022876e+01,2.018673e+01,2.017271e+01,2.024977e+01,2.014467e+01,2.036875e+01,2.019373e+01,2.030578e+01,2.021475e+01,2.020774e+01,2.029878e+01,2.011663e+01,2.025677e+01,2.021475e+01,2.015168e+01,2.023577e+01,2.014467e+01,2.014467e+01,2.022176e+01,2.014467e+01,2.026378e+01,2.022176e+01,2.013766e+01,2.019373e+01,2.031978e+01,2.017271e+01,2.023577e+01,2.020074e+01,2.029178e+01,2.018673e+01,2.018673e+01,2.010961e+01,2.035476e+01,2.031978e+01,2.025677e+01,2.032678e+01,2.030578e+01,2.013065e+01,2.013766e+01,2.016570e+01,2.008156e+01,2.017271e+01,2.020774e+01,2.020774e+01,2.025677e+01,2.024977e+01,2.021475e+01,2.021475e+01,2.029878e+01,2.017271e+01,2.020074e+01,2.019373e+01,2.039673e+01,2.017972e+01,2.014467e+01,2.019373e+01,2.022176e+01,2.022176e+01,2.015869e+01,2.027778e+01,2.018673e+01,2.034077e+01,2.017271e+01,2.015168e+01,2.016570e+01,2.026378e+01,2.027078e+01,2.022876e+01,2.030578e+01,2.036875e+01,2.020074e+01,2.019373e+01,2.010961e+01,2.026378e+01,2.016570e+01,2.027778e+01,2.023577e+01,2.020074e+01,2.015869e+01,2.022876e+01,2.018673e+01,2.015869e+01,2.019373e+01,2.019373e+01,2.022876e+01,2.026378e+01,2.029178e+01,2.024977e+01,2.027778e+01,2.024977e+01,2.019373e+01,2.016570e+01,2.024277e+01,2.020774e+01,2.022876e+01,2.024277e+01,2.029178e+01,2.024977e+01,2.020074e+01,2.022876e+01,2.017972e+01,2.018673e+01,2.029878e+01,2.009559e+01,2.015869e+01,2.017271e+01,2.018673e+01,2.013766e+01,2.014467e+01,2.031278e+01,2.017972e+01,2.020774e+01,2.017972e+01,2.018673e+01,2.027078e+01,2.027078e+01,2.021475e+01,2.018673e+01,2.032678e+01,2.019373e+01,2.028478e+01,2.036875e+01,2.022176e+01,2.027778e+01,2.024977e+01,2.037575e+01,2.045266e+01,2.020074e+01,2.024277e+01,2.029878e+01,2.033377e+01,2.029878e+01,2.030578e+01,2.033377e+01,2.027078e+01,2.028478e+01,2.031278e+01,2.027078e+01,2.020774e+01,2.023577e+01,2.030578e+01,2.033377e+01,2.032678e+01,2.036176e+01,2.043868e+01,2.024977e+01,2.040372e+01,2.031278e+01,2.031978e+01,2.038974e+01,2.035476e+01,2.020074e+01,2.025677e+01,2.020774e+01,2.033377e+01,2.031278e+01,2.034077e+01,2.020774e+01,2.035476e+01,2.029178e+01,2.030578e+01,2.022876e+01,2.026378e+01,2.031278e+01,2.029878e+01,2.029178e+01,2.029178e+01,2.029178e+01,2.029878e+01,2.029878e+01,2.029878e+01,2.025677e+01,2.020074e+01,2.022176e+01,2.029178e+01,2.018673e+01,2.027078e+01,2.024977e+01,2.024277e+01,2.027778e+01,2.020774e+01,2.024977e+01,2.029878e+01,2.038974e+01,2.033377e+01,2.031278e+01,2.016570e+01,2.031978e+01,2.026378e+01,2.024277e+01,2.027078e+01,2.022176e+01,2.021475e+01,2.017972e+01,2.013065e+01,2.029178e+01,1.958227e+01,1.948352e+01,1.932815e+01,1.902378e+01,1.899541e+01,1.891028e+01,1.880376e+01,1.878955e+01,1.881797e+01,1.877534e+01,1.856902e+01,1.864733e+01,1.877534e+01,1.869713e+01,1.860462e+01,1.869713e+01,1.866867e+01,1.875401e+01,1.864021e+01,1.866867e+01,1.886769e+01,1.892448e+01,1.885349e+01,1.900960e+01,1.908756e+01,1.922208e+01,1.925038e+01,1.911590e+01,1.920793e+01,1.926452e+01,1.903087e+01,1.899541e+01,1.895995e+01,1.900960e+01,1.905922e+01,1.934229e+01,1.933522e+01,1.944118e+01,1.920793e+01,1.946235e+01,1.946941e+01,1.952586e+01,1.965979e+01,1.990604e+01,2.007454e+01,2.029878e+01,2.030578e+01,2.027078e+01,2.015168e+01,2.021475e+01,1.983574e+01,1.980058e+01,1.962456e+01,1.938468e+01,1.922916e+01,1.927160e+01,1.932109e+01,1.929281e+01,1.916546e+01,1.902378e+01,1.923623e+01,1.925038e+01,1.931402e+01,1.943411e+01,1.962456e+01,1.973021e+01,1.998330e+01,1.999033e+01,2.023577e+01,2.024277e+01,2.030578e+01,2.021475e+01,2.025677e+01,2.035476e+01,2.034077e+01,2.049458e+01,2.028478e+01,2.026378e+01,2.032678e+01,2.030578e+01,2.026378e+01,2.027778e+01,2.030578e+01,2.027078e+01,2.031978e+01,2.017972e+01,2.015869e+01,2.006753e+01,2.001139e+01,1.976540e+01,1.978650e+01,1.975836e+01,1.970205e+01,1.952586e+01,1.954701e+01,1.929988e+01,1.937055e+01,1.916546e+01,1.908047e+01,1.909464e+01,1.916546e+01,1.894576e+01,1.913714e+01,1.893867e+01,1.908756e+01,1.918670e+01,1.925745e+01,1.942705e+01,1.959637e+01,1.965979e+01,1.975836e+01,1.996224e+01,2.013766e+01,2.008857e+01,1.994117e+01,1.994819e+01,1.997628e+01,1.992009e+01,1.993414e+01,1.983574e+01,2.002542e+01,2.005350e+01,2.007454e+01,1.997628e+01,1.998330e+01,1.975836e+01,1.956817e+01,1.923623e+01,1.922208e+01,1.896704e+01,1.891738e+01,1.883928e+01,1.888899e+01,1.886059e+01,1.883928e+01,1.888189e+01,1.894576e+01,1.900251e+01,1.909464e+01,1.905213e+01,1.910881e+01,1.910881e+01,1.911590e+01,1.894576e+01,1.912298e+01,1.905922e+01,1.915130e+01,1.906630e+01,1.916546e+01,1.929281e+01,1.918670e+01,1.922208e+01,1.918670e+01,1.918670e+01,1.915130e+01,1.930695e+01,1.936349e+01,1.931402e+01,1.931402e+01,1.930695e+01,1.936349e+01,1.929281e+01,1.922208e+01,1.950469e+01,1.917254e+01,1.895995e+01,1.901669e+01,1.890318e+01,1.894576e+01,1.883928e+01,1.893867e+01,1.893157e+01,1.901669e+01,1.905213e+01,1.918670e+01,1.905213e+01,1.900960e+01,1.917254e+01,1.917254e+01,1.922916e+01,1.915838e+01,1.910881e+01,1.907339e+01,1.939174e+01,1.987792e+01,2.029178e+01,2.031978e+01,2.048759e+01,2.045964e+01,2.049458e+01,2.047362e+01,2.041770e+01,2.046663e+01,2.041071e+01,2.048759e+01,2.046663e+01,2.048759e+01,2.050157e+01,2.045266e+01,2.045964e+01,2.037575e+01,2.048759e+01,2.044567e+01,2.043169e+01,2.044567e+01,2.047362e+01,2.046663e+01,2.044567e+01,2.043169e+01,2.045266e+01,2.041770e+01,2.040372e+01,2.040372e+01,2.045964e+01,2.038274e+01,2.057838e+01,2.048061e+01,2.039673e+01,2.045964e+01,2.045964e+01,2.042470e+01,2.045266e+01,2.045964e+01,2.038974e+01,2.056442e+01,2.050157e+01,2.057838e+01,2.050855e+01,2.045964e+01,2.046663e+01,2.041770e+01,2.039673e+01,2.044567e+01,2.046663e+01,2.044567e+01,2.041071e+01,2.050855e+01,2.041770e+01,2.041770e+01,2.039673e+01,2.055743e+01,2.050855e+01,2.055743e+01,2.051554e+01,2.038974e+01,2.036875e+01,2.048061e+01,2.051554e+01,2.039673e+01,2.041071e+01,2.050855e+01,2.041071e+01,2.041770e+01,2.051554e+01,2.050855e+01,2.047362e+01,2.043169e+01,2.041071e+01,2.052950e+01,2.048759e+01,2.045964e+01,2.052252e+01,2.051554e+01,2.047362e+01,2.045964e+01,2.043169e+01,2.046663e+01,2.053649e+01,2.050157e+01,2.044567e+01,2.046663e+01,2.048759e+01,2.048061e+01,2.057838e+01,2.038974e+01,2.037575e+01,2.052252e+01,2.055045e+01,2.045266e+01,2.059234e+01,2.046663e+01,2.042470e+01,2.048759e+01,2.053649e+01,2.047362e+01,2.039673e+01,2.060629e+01,2.042470e+01,2.038974e+01,2.033377e+01,2.045964e+01,2.035476e+01,2.038274e+01,2.042470e+01,2.056442e+01,2.051554e+01,2.047362e+01,2.057838e+01,2.045266e+01,2.044567e+01,2.056442e+01,2.052252e+01,2.052950e+01,2.040372e+01,2.039673e+01,2.050157e+01,2.055045e+01,2.059234e+01,2.058536e+01,2.048061e+01,2.044567e+01,2.052950e+01,2.052252e+01,2.050157e+01,2.036176e+01,2.050855e+01,2.054347e+01,2.052950e+01,2.057838e+01,2.051554e+01,2.050157e+01,2.047362e+01,2.065513e+01,2.055743e+01,2.058536e+01,2.048061e+01,2.057140e+01,2.057140e+01,2.062025e+01,2.064816e+01,2.065513e+01,2.053649e+01,2.050157e+01,2.065513e+01,2.059234e+01,2.054347e+01,2.057140e+01,2.052252e+01,2.048061e+01,2.048061e+01,2.048061e+01,2.057838e+01,2.050157e+01,2.061327e+01,2.052252e+01,2.046663e+01,2.056442e+01,2.051554e+01,2.063420e+01,2.063420e+01,2.065513e+01,2.061327e+01,2.070394e+01,2.062723e+01,2.057140e+01,2.062025e+01,2.052252e+01,2.064118e+01,2.059932e+01,2.047362e+01,2.050157e+01,2.048759e+01,2.054347e+01,2.057838e+01,2.059234e+01,2.054347e+01,2.050157e+01,2.051554e+01,2.052252e+01,2.054347e+01,2.057140e+01,2.055045e+01,2.055743e+01,2.059932e+01,2.052252e+01,2.059234e+01,2.073182e+01,2.066211e+01,2.049458e+01,2.048061e+01,2.056442e+01,2.053649e+01,2.052950e+01,2.050855e+01,2.052950e+01,2.059234e+01,2.055045e+01,2.060629e+01,2.063420e+01,2.059234e+01,2.062723e+01,2.059932e+01,2.057838e+01,2.059932e+01,2.066908e+01,2.063420e+01,2.069000e+01,2.054347e+01,2.065513e+01,2.057140e+01,2.057140e+01,2.071789e+01,2.071091e+01,2.069697e+01,2.064816e+01,2.063420e+01,2.055045e+01,2.046663e+01,2.057838e+01,2.052950e+01,2.056442e+01,2.058536e+01,2.060629e+01,2.060629e+01,2.058536e+01,2.050855e+01,2.059234e+01,2.057838e+01,2.054347e+01,2.064118e+01,2.057140e+01,2.066211e+01,2.059234e+01,2.063420e+01,2.051554e+01,2.052252e+01,2.071789e+01,2.057838e+01,2.050157e+01,2.043868e+01
2.034777e+01,2.034777e+01,2.025677e+01,2.013065e+01,2.016570e+01,2.022876e+01,2.035476e+01,2.029878e+01,2.021475e+01,2.026378e+01,2.027778e+01,2.025677e+01,2.021475e+01,2.030578e+01,2.024277e+01,2.020074e+01,2.032678e+01,2.035476e+01,2.011663e+01,2.023577e+01,2.034077e+01,2.010260e+01,2.027778e+01,2.031978e+01,2.017972e+01,2.031978e+01,2.020074e+01,2.015869e+01,2.026378e+01,2.019373e+01,2.020074e+01,2.038274e+01,2.043868e+01,2.024277e+01,2.022876e+01,2.029878e+01,2.027778e+01,2.024277e+01,2.030578e+01,2.025677e+01,2.023577e+01,2.024277e+01,2.021475e+01,2.019373e+01,2.015168e+01,2.018673e+01,2.027078e+01,2.031978e+01,2.026378e+01,2.017271e+01,2.012364e+01,2.013065e+01,2.022176e+01,2.010961e+01,2.024277e+01,2.020774e+01,2.029878e+01,2.025677e+01,2.024977e+01,2.033377e+01,2.014467e+01,2.031278e+01,2.022876e+01,2.030578e+01,2.024277e+01,2.017972e+01,2.020774e+01,2.024277e+01,2.022876e+01,2.024277e+01,2.025677e+01,2.020074e+01,2.024977e+01,2.024977e+01,2.028478e+01,2.033377e+01,2.018673e+01,2.020074e+01,2.017972e+01,2.029878e+01,2.031978e+01,2.034777e+01,2.020774e+01,2.014467e+01,2.034777e+01,2.013065e+01,2.015168e+01,2.028478e+01,2.017271e+01,2.027078e+01,2.016570e+01,2.025677e+01,2.014467e+01,2.023577e+01,2.020074e+01,2.029878e+01,2.017972e+01,2.034077e+01,2.029178e+01,2.022876e+01,2.031978e+01,2.015869e+01,2.028478e+01,2.031278e+01,2.022176e+01,2.025677e+01,2.025677e+01,2.020074e+01,2.023577e+01,2.020774e+01,2.023577e+01,2.028478e+01,2.024277e+01,2.021475e+01,2.013065e+01,2.024277e+01,2.016570e+01,2.029878e+01,2.017271e+01,2.022876e+01,2.030578e+01,2.022176e+01,2.029878e+01,2.037575e+01,2.031978e+01,2.025677e+01,2.025677e+01,2.030578e+01,2.021475e+01,2.024277e+01,2.025677e+01,2.029878e+01,2.022876e+01,2.047362e+01,2.032678e+01,2.029878e+01,2.026378e+01,2.019373e+01,2.024977e+01,2.025677e+01,2.023577e+01,2.022876e+01,2.027778e+01,2.035476e+01,2.027778e+01,2.036875e+01,2.026378e+01,2.032678e+01,2.043868e+01,2.031278e+01,2.035476e+01,2.027078e+01,2.029178e+01,2.028478e+01,2.031978e+01,2.027078e+01,2.022176e+01,2.036176e+01,2.030578e+01,2.033377e+01,2.035476e+01,2.043169e+01,2.043868e+01,2.038974e+01,2.025677e+01,2.038274e+01,2.031978e+01,2.037575e+01,2.037575e+01,2.034077e+01,2.022176e+01,2.034077e+01,2.030578e+01,2.034077e+01,2.029178e+01,2.029878e+01,2.029178e+01,2.029178e+01,2.022876e+01,2.017972e+01,2.029178e+01,2.036176e+01,2.031978e+01,2.022876e+01,2.032678e+01,2.023577e+01,2.031278e+01,2.024977e+01,2.017972e+01,2.030578e+01,2.025677e+01,2.024277e+01,2.024977e+01,2.019373e+01,2.028478e+01,2.027078e+01,2.037575e+01,2.031278e+01,2.029178e+01,2.027778e+01,2.023577e+01,2.020074e+01,2.029878e+01,2.026378e+01,2.017271e+01,2.034777e+01,2.024977e+01,2.020774e+01,2.010260e+01,1.994819e+01,1.961047e+01,1.929281e+01,1.923623e+01,1.915838e+01,1.898832e+01,1.888899e+01,1.894576e+01,1.875401e+01,1.877534e+01,1.864733e+01,1.864021e+01,1.861174e+01,1.865444e+01,1.871135e+01,1.862598e+01,1.868290e+01,1.862598e+01,1.869002e+01,1.872558e+01,1.882508e+01,1.891028e+01,1.887479e+01,1.902378e+01,1.894576e+01,1.922208e+01,1.915130e+01,1.931402e+01,1.926452e+01,1.927160e+01,1.908756e+01,1.919378e+01,1.904504e+01,1.903087e+01,1.903795e+01,1.932815e+01,1.967388e+01,1.951880e+01,1.978650e+01,1.962456e+01,1.953291e+01,1.966683e+01,1.969500e+01,1.994117e+01,2.025677e+01,2.029878e+01,2.029178e+01,2.031978e+01,2.022876e+01,2.024977e+01,1.986386e+01,1.975836e+01,1.960342e+01,1.936349e+01,1.934936e+01,1.910173e+01,1.903087e+01,1.905213e+01,1.905213e+01,1.895286e+01,1.904504e+01,1.902378e+01,1.920793e+01,1.921501e+01,1.920793e+01,1.941999e+01,1.962456e+01,1.986386e+01,1.984277e+01,1.983574e+01,2.022876e+01,2.015168e+01,2.042470e+01,2.049458e+01,2.031978e+01,2.034077e+01,2.024977e+01,2.031978e+01,2.024977e+01,2.039673e+01,2.042470e+01,2.030578e+01,2.027078e+01,2.044567e+01,2.028478e+01,2.027078e+01,2.026378e+01,2.027778e+01,2.024977e+01,2.009559e+01,2.012364e+01,1.991306e+01,2.005350e+01,1.985683e+01,1.989901e+01,1.975836e+01,1.951175e+01,1.947647e+01,1.946235e+01,1.939881e+01,1.929988e+01,1.943411e+01,1.915130e+01,1.923623e+01,1.914422e+01,1.943411e+01,1.935642e+01,1.944118e+01,1.961751e+01,1.970205e+01,1.977947e+01,1.996224e+01,2.015168e+01,2.011663e+01,2.029878e+01,1.996224e+01,2.006753e+01,2.015168e+01,2.012364e+01,2.016570e+01,2.033377e+01,2.030578e+01,2.032678e+01,2.033377e+01,2.014467e+01,1.999735e+01,1.975132e+01,1.964570e+01,1.949764e+01,1.942705e+01,1.905213e+01,1.885349e+01,1.883928e+01,1.883218e+01,1.891028e+01,1.875401e+01,1.885349e+01,1.893867e+01,1.881797e+01,1.904504e+01,1.899541e+01,1.889609e+01,1.898123e+01,1.904504e+01,1.914422e+01,1.907339e+01,1.909464e+01,1.915838e+01,1.911590e+01,1.919378e+01,1.913006e+01,1.923623e+01,1.932815e+01,1.937762e+01,1.916546e+01,1.933522e+01,1.930695e+01,1.965274e+01,1.963865e+01,1.943411e+01,1.936349e+01,1.912298e+01,1.910173e+01,1.915838e+01,1.936349e+01,1.918670e+01,1.917962e+01,1.903087e+01,1.892448e+01,1.901669e+01,1.889609e+01,1.896704e+01,1.901669e+01,1.903795e+01,1.904504e+01,1.903087e+01,1.905922e+01,1.906630e+01,1.908047e+01,1.914422e+01,1.908047e+01,1.915130e+01,1.911590e+01,1.915838e+01,1.924331e+01,1.955407e+01,2.029178e+01,2.031978e+01,2.031978e+01,2.048061e+01,2.036875e+01,2.050855e+01,2.034777e+01,2.045964e+01,2.047362e+01,2.056442e+01,2.057140e+01,2.050157e+01,2.052252e+01,2.047362e+01,2.046663e+01,2.045964e+01,2.050855e+01,2.047362e+01,2.041071e+01,2.049458e+01,2.036176e+01,2.033377e+01,2.054347e+01,2.044567e+01,2.045266e+01,2.043169e+01,2.045266e+01,2.042470e+01,2.055743e+01,2.040372e+01,2.041770e+01,2.043868e+01,2.039673e+01,2.047362e+01,2.043868e+01,2.046663e+01,2.053649e+01,2.055743e+01,2.054347e+01,2.039673e+01,2.041770e+01,2.056442e+01,2.056442e+01,2.052950e+01,2.048759e+01,2.048759e+01,2.057140e+01,2.049458e+01,2.058536e+01,2.055045e+01,2.054347e+01,2.052252e+01,2.043169e+01,2.055045e+01,2.059932e+01,2.054347e+01,2.049458e+01,2.055743e+01,2.045964e+01,2.052950e+01,2.052252e+01,2.050157e+01,2.047362e+01,2.046663e+01,2.059234e+01,2.041770e+01,2.041770e+01,2.055743e+01,2.043169e+01,2.050157e+01,2.049458e+01,2.050855e+01,2.059234e+01,2.043868e+01,2.052950e+01,2.044567e+01,2.041071e+01,2.050157e+01,2.054347e+01,2.047362e+01,2.045964e+01,2.051554e+01,2.059234e+01,2.052252e+01,2.045964e+01,2.047362e+01,2.064816e+01,2.065513e+01,2.040372e+01,2.050855e+01,2.057140e+01,2.046663e+01,2.054347e+01,2.059234e+01,2.052950e+01,2.047362e+01,2.055743e+01,2.051554e+01,2.055045e+01,2.044567e+01,2.050855e+01,2.050855e+01,2.038974e+01,2.052950e+01,2.040372e+01,2.058536e+01,2.054347e+01,2.045964e+01,2.056442e+01,2.050157e+01,2.059932e+01,2.060629e+01,2.049458e+01,2.049458e+01,2.047362e+01,2.048061e+01,2.046663e+01,2.048759e+01,2.042470e+01,2.055743e+01,2.037575e+01,2.057838e+01,2.038274e+01,2.060629e+01,2.049458e+01,2.045266e+01,2.049458e+01,2.052252e+01,2.057838e+01,2.052252e+01,2.049458e+01,2.054347e+01,2.059932e+01,2.057140e+01,2.054347e+01,2.049458e+01,2.051554e+01,2.062025e+01,2.048061e+01,2.057838e+01,2.058536e+01,2.059234e+01,2.046663e+01,2.050855e+01,2.060629e+01,2.058536e+01,2.060629e+01,2.058536e+01,2.061327e+01,2.069697e+01,2.060629e+01,2.051554e+01,2.057140e+01,2.048759e+01,2.053649e+01,2.066211e+01,2.053649e+01,2.059234e+01,2.055743e+01,2.061327e+01,2.040372e+01,2.066211e+01,2.050157e+01,2.064118e+01,2.064118e+01,2.051554e+01,2.052252e+01,2.052950e+01,2.069697e+01,2.046663e+01,2.062723e+01,2.060629e+01,2.055743e+01,2.050157e+01,2.052252e+01,2.057838e+01,2.059932e+01,2.059234e+01,2.058536e+01,2.057838e+01,2.057140e+01,2.064816e+01,2.058536e+01,2.051554e+01,2.055743e+01,2.062723e+01,2.050855e+01,2.062025e+01,2.062723e+01,2.055743e+01,2.048759e+01,2.059234e+01,2.056442e+01,2.062723e+01,2.052252e+01,2.055045e+01,2.060629e+01,2.058536e+01,2.055045e+01,2.061327e+01,2.059234e+01,2.058536e+01,2.057838e+01,2.056442e+01,2.064118e+01,2.064816e+01,2.066908e+01,2.061327e+01,2.065513e+01,2.037575e+01,2.055045e+01,2.071789e+01,2.059932e+01,2.052950e+01,2.064816e+01,2.072486e+01,2.052950e+01,2.067605e+01,2.071091e+01,2.054347e+01,2.077363e+01,2.059932e+01,2.059932e+01,2.060629e+01,2.049458e+01,2.057838e+01,2.062025e+01,2.058536e+01,2.061327e+01,2.061327e+01,2.055743e+01,2.057838e+01,2.073182e+01,2.052252e+01,2.052252e+01,2.055045e+01,2.064816e+01,2.057838e+01,2.055743e+01,2.069697e+01,2.059234e+01,2.065513e+01,2.054347e+01,2.064118e+01,2.046663e+01
2.043868e+01,2.034077e+01,2.020074e+01,2.025677e+01,2.024277e+01,2.013766e+01,2.032678e+01,2.025677e+01,2.038274e+01,2.021475e+01,2.022176e+01,2.020074e+01,2.025677e+01,2.027778e+01,2.038974e+01,2.022876e+01,2.008156e+01,2.031978e+01,2.027778e+01,2.034777e+01,2.008857e+01,2.026378e+01,2.027778e+01,2.034777e+01,2.020074e+01,2.033377e+01,2.036176e+01,2.033377e+01,2.045266e+01,2.044567e+01,2.033377e+01,2.015168e+01,2.018673e+01,2.027078e+01,2.029878e+01,2.013065e+01,2.021475e+01,2.024277e+01,2.027778e+01,2.031278e+01,2.029878e+01,2.021475e+01,2.027078e+01,2.018673e+01,2.018673e+01,2.032678e+01,2.022876e+01,2.034777e+01,2.035476e+01,2.035476e+01,2.021475e+01,2.024977e+01,2.028478e+01,2.021475e+01,2.029878e+01,2.027778e+01,2.031978e+01,2.031278e+01,2.016570e+01,2.025677e+01,2.020074e+01,2.014467e+01,2.015168e+01,2.033377e+01,2.052252e+01,2.028478e+01,2.020074e+01,2.024977e+01,2.024277e+01,2.037575e+01,2.029178e+01,2.038974e+01,2.027778e+01,2.026378e+01,2.027078e+01,2.024277e+01,2.022876e+01,2.021475e+01,2.034777e+01,2.027078e+01,2.026378e+01,2.032678e+01,2.023577e+01,2.027078e+01,2.020774e+01,2.029878e+01,2.025677e+01,2.031978e+01,2.010961e+01,2.028478e+01,2.027778e+01,2.024977e+01,2.032678e+01,2.024977e+01,2.024977e+01,2.024277e+01,2.027078e+01,2.029878e+01,2.038274e+01,2.032678e+01,2.021475e+01,2.024277e+01,2.032678e+01,2.024977e+01,2.035476e+01,2.034077e+01,2.022176e+01,2.028478e+01,2.024277e+01,2.028478e+01,2.029178e+01,2.024977e+01,2.022176e+01,2.027778e+01,2.033377e+01,2.022876e+01,2.031278e+01,2.029178e+01,2.014467e+01,2.018673e+01,2.026378e+01,2.021475e+01,2.027778e+01,2.034777e+01,2.025677e+01,2.034077e+01,2.027078e+01,2.029878e+01,2.029878e+01,2.011663e+01,2.032678e+01,2.029878e+01,2.028478e+01,2.033377e+01,2.027778e+01,2.029878e+01,2.045266e+01,2.036176e+01,2.023577e+01,2.046663e+01,2.029878e+01,2.033377e+01,2.023577e+01,2.031978e+01,2.032678e+01,2.047362e+01,2.031978e+01,2.042470e+01,2.040372e+01,2.024277e+01,2.024277e+01,2.022876e+01,2.033377e+01,2.030578e+01,2.031278e+01,2.027778e+01,2.033377e+01,2.044567e+01,2.031978e+01,2.034077e+01,2.032678e+01,2.031278e+01,2.036176e+01,2.043868e+01,2.031278e+01,2.032678e+01,2.036875e+01,2.028478e+01,2.025677e+01,2.034777e+01,2.036176e+01,2.033377e+01,2.028478e+01,2.026378e+01,2.032678e+01,2.031278e+01,2.022876e+01,2.036875e+01,2.022876e+01,2.021475e+01,2.031278e+01,2.026378e+01,2.033377e+01,2.031978e+01,2.033377e+01,2.028478e+01,2.014467e+01,2.028478e+01,2.035476e+01,2.036176e+01,2.037575e+01,2.028478e+01,2.031978e+01,2.022176e+01,2.036176e+01,2.023577e+01,2.034777e+01,2.029878e+01,2.036176e+01,2.030578e+01,2.034077e+01,2.034077e+01,2.022176e+01,2.025677e+01,2.033377e+01,2.020774e+01,2.015869e+01,2.027078e+01,2.011663e+01,1.991306e+01,1.958932e+01,1.941293e+01,1.918670e+01,1.907339e+01,1.888189e+01,1.883928e+01,1.878955e+01,1.862598e+01,1.868290e+01,1.862598e+01,1.854053e+01,1.853340e+01,1.856190e+01,1.852628e+01,1.861174e+01,1.857614e+01,1.865444e+01,1.865444e+01,1.875401e+01,1.866156e+01,1.888189e+01,1.870424e+01,1.905922e+01,1.908756e+01,1.899541e+01,1.924331e+01,1.932815e+01,1.941999e+01,1.941293e+01,1.920085e+01,1.913006e+01,1.900251e+01,1.906630e+01,1.932109e+01,1.930695e+01,1.970205e+01,1.986386e+01,2.005350e+01,1.992009e+01,1.994819e+01,1.994819e+01,1.994819e+01,2.014467e+01,2.004648e+01,2.031278e+01,2.027778e+01,2.027778e+01,2.017271e+01,1.994819e+01,1.981464e+01,1.975132e+01,1.938468e+01,1.921501e+01,1.917962e+01,1.905213e+01,1.905922e+01,1.903087e+01,1.897414e+01,1.909464e+01,1.896704e+01,1.890318e+01,1.888189e+01,1.920085e+01,1.894576e+01,1.921501e+01,1.934936e+01,1.935642e+01,1.958932e+01,1.990604e+01,2.004648e+01,2.006051e+01,2.018673e+01,2.032678e+01,2.030578e+01,2.029178e+01,2.033377e+01,2.031978e+01,2.026378e+01,2.031978e+01,2.027778e+01,2.042470e+01,2.032678e+01,2.032678e+01,2.029878e+01,2.034077e+01,2.046663e+01,2.034777e+01,2.023577e+01,2.029178e+01,2.027078e+01,2.017972e+01,2.017972e+01,2.015869e+01,2.001139e+01,1.991306e+01,1.989901e+01,1.991306e+01,1.973725e+01,1.974428e+01,1.962456e+01,1.950469e+01,1.955407e+01,1.945529e+01,1.953291e+01,1.956112e+01,1.962456e+01,1.952586e+01,1.987792e+01,2.002542e+01,2.007454e+01,2.004648e+01,2.031278e+01,2.030578e+01,2.057140e+01,2.038974e+01,2.033377e+01,2.032678e+01,2.034077e+01,2.037575e+01,2.038974e+01,2.041071e+01,2.034777e+01,2.038274e+01,2.035476e+01,2.035476e+01,2.000437e+01,1.994117e+01,1.970205e+01,1.946941e+01,1.903087e+01,1.893157e+01,1.886769e+01,1.890318e+01,1.890318e+01,1.888189e+01,1.880376e+01,1.882508e+01,1.884638e+01,1.894576e+01,1.899541e+01,1.903795e+01,1.906630e+01,1.898123e+01,1.896704e+01,1.909464e+01,1.903795e+01,1.903795e+01,1.906630e+01,1.913714e+01,1.915838e+01,1.917962e+01,1.933522e+01,1.929281e+01,1.940587e+01,1.941293e+01,1.969500e+01,1.964570e+01,1.964570e+01,1.937055e+01,1.931402e+01,1.917962e+01,1.910173e+01,1.910881e+01,1.908047e+01,1.912298e+01,1.907339e+01,1.906630e+01,1.895286e+01,1.892448e+01,1.897414e+01,1.898832e+01,1.907339e+01,1.902378e+01,1.902378e+01,1.902378e+01,1.909464e+01,1.900960e+01,1.897414e+01,1.908047e+01,1.906630e+01,1.924331e+01,1.908047e+01,1.916546e+01,1.910173e+01,1.951880e+01,2.026378e+01,2.031978e+01,2.036875e+01,2.045964e+01,2.036875e+01,2.038974e+01,2.059932e+01,2.050157e+01,2.052252e+01,2.051554e+01,2.055045e+01,2.048061e+01,2.051554e+01,2.043868e+01,2.043868e+01,2.039673e+01,2.048061e+01,2.050157e+01,2.050855e+01,2.050855e+01,2.042470e+01,2.049458e+01,2.050855e+01,2.056442e+01,2.048061e+01,2.045266e+01,2.057140e+01,2.041770e+01,2.044567e+01,2.049458e+01,2.044567e+01,2.062025e+01,2.039673e+01,2.043868e+01,2.053649e+01,2.047362e+01,2.057140e+01,2.043169e+01,2.048061e+01,2.051554e+01,2.043868e+01,2.059932e+01,2.047362e+01,2.051554e+01,2.058536e+01,2.061327e+01,2.055045e+01,2.043868e+01,2.055045e+01,2.059932e+01,2.047362e+01,2.050157e+01,2.043868e+01,2.061327e+01,2.045964e+01,2.058536e+01,2.048061e+01,2.050157e+01,2.048759e+01,2.063420e+01,2.055743e+01,2.052252e+01,2.050157e+01,2.047362e+01,2.050157e+01,2.045266e+01,2.058536e+01,2.045964e+01,2.053649e+01,2.053649e+01,2.056442e+01,2.047362e+01,2.045964e+01,2.059234e+01,2.055743e+01,2.055045e+01,2.052950e+01,2.044567e+01,2.053649e+01,2.046663e+01,2.056442e+01,2.049458e+01,2.036875e+01,2.045266e+01,2.037575e+01,2.048061e+01,2.059932e+01,2.049458e+01,2.050157e+01,2.057838e+01,2.060629e+01,2.052950e+01,2.056442e+01,2.059234e+01,2.056442e+01,2.044567e+01,2.043868e+01,2.056442e+01,2.043868e+01,2.044567e+01,2.040372e+01,2.058536e+01,2.044567e+01,2.055045e+01,2.044567e+01,2.052252e+01,2.062025e+01,2.057140e+01,2.055743e+01,2.059932e+01,2.059234e+01,2.082239e+01,2.051554e+01,2.052950e+01,2.045964e+01,2.041071e+01,2.046663e+01,2.044567e+01,2.043169e+01,2.055743e+01,2.050855e+01,2.052252e+01,2.057140e+01,2.057838e+01,2.052252e+01,2.050855e+01,2.058536e+01,2.053649e+01,2.051554e+01,2.050855e+01,2.065513e+01,2.059234e+01,2.056442e+01,2.057838e+01,2.054347e+01,2.053649e+01,2.046663e+01,2.062723e+01,2.050157e+01,2.048759e+01,2.057140e+01,2.052950e+01,2.061327e+01,2.061327e+01,2.059234e+01,2.068303e+01,2.059234e+01,2.056442e+01,2.066211e+01,2.063420e+01,2.052252e+01,2.055743e+01,2.063420e+01,2.060629e+01,2.055743e+01,2.054347e+01,2.055045e+01,2.052252e+01,2.051554e+01,2.062723e+01,2.059932e+01,2.052252e+01,2.054347e+01,2.064118e+01,2.073182e+01,2.069000e+01,2.067605e+01,2.071091e+01,2.062723e+01,2.068303e+01,2.065513e+01,2.067605e+01,2.064118e+01,2.040372e+01,2.048061e+01,2.058536e+01,2.057838e+01,2.058536e+01,2.064118e+01,2.060629e+01,2.060629e+01,2.062723e+01,2.064816e+01,2.063420e+01,2.067605e+01,2.062723e+01,2.047362e+01,2.057140e+01,2.055743e+01,2.052252e+01,2.059932e+01,2.081543e+01,2.061327e+01,2.062025e+01,2.056442e+01,2.059234e+01,2.047362e+01,2.055045e+01,2.054347e+01,2.066908e+01,2.058536e+01,2.062723e+01,2.067605e+01,2.062025e+01,2.062025e+01,2.057140e+01,2.064118e+01,2.051554e+01,2.075273e+01,2.055743e+01,2.067605e+01,2.072486e+01,2.062723e+01,2.075970e+01,2.075273e+01,2.075273e+01,2.068303e+01,2.050855e+01,2.069697e+01,2.055743e+01,2.070394e+01,2.075273e+01,2.075273e+01,2.057140e+01,2.062025e+01,2.058536e+01,2.063420e+01,2.062723e+01,2.062025e+01,2.055045e+01,2.054347e+01,2.032678e+01,2.057838e+01,2.064118e+01,2.059234e+01,2.065513e+01,2.055045e+01,2.053649e+01,2.055045e+01,2.052950e+01,2.062025e+01,2.055743e+01,2.066211e+01,2.044567e+01,2.049458e+01
2.024977e+01,2.036176e+01,2.025677e+01,2.041770e+01,2.024977e+01,2.029178e+01,2.025677e+01,2.030578e+01,2.038274e+01,2.016570e+01,2.041071e+01,2.036176e+01,2.023577e+01,2.042470e+01,2.056442e+01,2.024277e+01,2.036176e+01,2.016570e+01,2.036176e+01,2.031978e+01,2.033377e+01,2.026378e+01,2.022876e+01,2.034077e+01,2.036875e+01,2.030578e+01,2.036176e+01,2.034077e+01,2.015869e+01,2.034077e+01,2.015869e+01,2.034077e+01,2.024277e+01,2.022876e+01,2.037575e+01,2.029878e+01,2.029178e+01,2.047362e+01,2.048061e+01,2.029878e+01,2.031278e+01,2.039673e+01,2.029878e+01,2.024977e+01,2.028478e+01,2.021475e+01,2.034077e+01,2.029878e+01,2.017972e+01,2.021475e+01,2.027078e+01,2.024977e+01,2.028478e+01,1.993414e+01,2.028478e+01,2.031278e+01,2.029878e+01,2.035476e+01,2.029178e+01,2.033377e+01,2.022876e+01,2.031978e+01,2.036176e+01,2.015869e+01,2.040372e+01,2.022876e+01,2.044567e+01,2.036875e+01,2.024977e+01,2.039673e+01,2.027778e+01,2.027778e+01,2.040372e+01,2.035476e+01,2.031978e+01,2.038974e+01,2.036875e+01,2.034777e+01,2.031278e+01,2.029178e+01,2.024977e+01,2.030578e+01,2.038274e+01,2.036176e+01,2.031278e+01,2.034077e+01,2.035476e+01,2.027778e+01,2.034077e+01,2.027778e+01,2.030578e+01,2.023577e+01,2.025677e+01,2.020774e+01,2.036176e+01,2.040372e+01,2.027778e+01,2.028478e+01,2.052950e+01,2.038274e+01,2.034777e+01,2.034077e+01,2.034777e+01,2.032678e+01,2.036875e+01,2.029878e+01,2.021475e+01,2.039673e+01,2.035476e+01,2.034777e+01,2.032678e+01,2.024977e+01,2.031978e+01,2.034777e+01,2.037575e+01,2.022176e+01,2.032678e+01,2.022876e+01,2.029178e+01,2.024977e+01,2.034777e+01,2.034777e+01,2.033377e+01,2.034077e+01,2.034077e+01,2.032678e+01,2.017972e+01,2.032678e+01,2.025677e+01,2.030578e+01,2.049458e+01,2.037575e+01,2.047362e+01,2.034777e+01,2.025677e+01,2.044567e+01,2.035476e+01,2.031278e+01,2.031978e+01,2.041071e+01,2.044567e+01,2.036176e+01,2.029178e+01,2.021475e+01,2.038274e+01,2.029878e+01,2.045266e+01,2.034777e+01,2.031978e+01,2.025677e+01,2.037575e+01,2.037575e+01,2.041770e+01,2.033377e+01,2.038274e+01,2.043868e+01,2.036176e+01,2.032678e+01,2.052252e+01,2.034077e+01,2.030578e+01,2.040372e+01,2.039673e+01,2.041770e+01,2.043169e+01,2.020074e+01,2.041770e+01,2.030578e+01,2.036875e+01,2.032678e+01,2.036875e+01,2.030578e+01,2.030578e+01,2.041071e+01,2.023577e+01,2.043169e+01,2.040372e+01,2.041071e+01,2.024977e+01,2.027078e+01,2.028478e+01,2.026378e+01,2.029878e+01,2.031978e+01,2.035476e+01,2.031978e+01,2.030578e+01,2.034077e+01,2.033377e+01,2.036875e+01,2.022176e+01,2.022876e+01,2.032678e+01,2.023577e+01,2.029178e+01,2.017972e+01,2.036176e+01,2.033377e+01,2.034077e+01,2.029878e+01,2.029878e+01,2.032678e+01,2.033377e+01,2.032678e+01,2.023577e+01,2.034077e+01,2.024277e+01,2.017271e+01,2.012364e+01,1.982871e+01,1.957522e+01,1.938468e+01,1.921501e+01,1.914422e+01,1.902378e+01,1.880376e+01,1.886769e+01,1.869002e+01,1.854765e+01,1.860462e+01,1.856902e+01,1.851915e+01,1.856902e+01,1.860462e+01,1.858326e+01,1.864733e+01,1.864021e+01,1.866867e+01,1.875401e+01,1.893157e+01,1.883218e+01,1.895995e+01,1.895995e+01,1.900960e+01,1.916546e+01,1.928574e+01,1.939881e+01,1.947647e+01,1.956112e+01,1.947647e+01,1.946235e+01,1.946235e+01,1.934229e+01,1.934229e+01,1.963865e+01,1.988495e+01,2.016570e+01,2.016570e+01,2.014467e+01,2.015869e+01,2.015168e+01,2.010260e+01,2.016570e+01,2.003946e+01,2.005350e+01,2.008857e+01,2.010260e+01,1.994117e+01,1.992711e+01,1.977947e+01,1.973021e+01,1.939174e+01,1.925038e+01,1.906630e+01,1.896704e+01,1.895995e+01,1.893157e+01,1.887479e+01,1.902378e+01,1.895995e+01,1.891738e+01,1.876112e+01,1.886769e+01,1.884638e+01,1.898123e+01,1.916546e+01,1.929281e+01,1.933522e+01,1.955407e+01,1.965979e+01,1.986386e+01,2.005350e+01,2.025677e+01,2.033377e+01,2.045964e+01,2.032678e+01,2.045964e+01,2.025677e+01,2.043169e+01,2.048061e+01,2.043868e+01,2.045266e+01,2.043868e+01,2.034077e+01,2.047362e+01,2.047362e+01,2.038974e+01,2.045964e+01,2.034777e+01,2.031978e+01,2.045266e+01,2.039673e+01,2.022176e+01,2.017972e+01,2.019373e+01,2.005350e+01,2.005350e+01,1.996224e+01,1.994819e+01,1.985683e+01,1.978650e+01,1.975836e+01,1.977947e+01,1.985683e+01,1.992711e+01,1.997628e+01,1.997628e+01,2.000437e+01,2.017972e+01,2.020774e+01,2.035476e+01,2.035476e+01,2.036875e+01,2.057140e+01,2.045266e+01,2.054347e+01,2.040372e+01,2.043868e+01,2.042470e+01,2.050855e+01,2.041770e+01,2.041770e+01,2.036875e+01,2.036176e+01,2.039673e+01,2.031278e+01,2.019373e+01,1.990604e+01,1.946941e+01,1.939174e+01,1.895995e+01,1.892448e+01,1.883218e+01,1.883928e+01,1.891028e+01,1.882508e+01,1.888189e+01,1.881087e+01,1.900960e+01,1.893157e+01,1.900960e+01,1.907339e+01,1.901669e+01,1.912298e+01,1.905922e+01,1.907339e+01,1.905213e+01,1.907339e+01,1.915130e+01,1.917962e+01,1.933522e+01,1.935642e+01,1.941293e+01,1.949058e+01,1.953996e+01,1.963865e+01,1.970205e+01,1.964570e+01,1.939881e+01,1.946235e+01,1.932109e+01,1.912298e+01,1.909464e+01,1.906630e+01,1.913006e+01,1.908756e+01,1.910881e+01,1.896704e+01,1.898832e+01,1.900960e+01,1.900960e+01,1.894576e+01,1.913006e+01,1.905922e+01,1.913006e+01,1.903795e+01,1.910173e+01,1.911590e+01,1.912298e+01,1.913714e+01,1.915838e+01,1.921501e+01,1.922208e+01,1.918670e+01,1.948352e+01,2.013766e+01,2.034077e+01,2.050157e+01,2.036176e+01,2.048759e+01,2.050855e+01,2.052252e+01,2.054347e+01,2.050157e+01,2.050157e+01,2.055743e+01,2.058536e+01,2.055743e+01,2.058536e+01,2.046663e+01,2.052252e+01,2.046663e+01,2.055743e+01,2.048759e+01,2.055743e+01,2.053649e+01,2.048061e+01,2.046663e+01,2.057838e+01,2.056442e+01,2.055743e+01,2.051554e+01,2.057838e+01,2.041770e+01,2.054347e+01,2.058536e+01,2.062025e+01,2.057140e+01,2.053649e+01,2.041770e+01,2.045964e+01,2.057140e+01,2.053649e+01,2.055045e+01,2.057838e+01,2.066908e+01,2.062025e+01,2.051554e+01,2.062025e+01,2.063420e+01,2.065513e+01,2.062025e+01,2.062723e+01,2.048759e+01,2.059234e+01,2.053649e+01,2.051554e+01,2.057140e+01,2.059932e+01,2.056442e+01,2.056442e+01,2.052252e+01,2.062025e+01,2.064816e+01,2.065513e+01,2.059234e+01,2.066211e+01,2.052252e+01,2.050855e+01,2.050157e+01,2.048061e+01,2.059234e+01,2.059234e+01,2.059234e+01,2.052950e+01,2.057140e+01,2.062723e+01,2.061327e+01,2.061327e+01,2.061327e+01,2.059932e+01,2.050855e+01,2.052950e+01,2.048759e+01,2.059932e+01,2.045964e+01,2.055743e+01,2.045964e+01,2.058536e+01,2.059932e+01,2.054347e+01,2.055743e+01,2.059932e+01,2.059234e+01,2.043868e+01,2.045266e+01,2.056442e+01,2.050157e+01,2.059932e+01,2.057838e+01,2.059234e+01,2.056442e+01,2.057140e+01,2.055743e+01,2.057838e+01,2.060629e+01,2.059234e+01,2.044567e+01,2.058536e+01,2.059234e+01,2.059234e+01,2.047362e+01,2.062025e+01,2.057140e+01,2.058536e+01,2.064118e+01,2.048759e+01,2.058536e+01,2.046663e+01,2.068303e+01,2.066908e+01,2.053649e+01,2.050157e+01,2.063420e+01,2.049458e+01,2.059932e+01,2.069000e+01,2.048759e+01,2.048759e+01,2.053649e+01,2.064118e+01,2.062723e+01,2.045964e+01,2.063420e+01,2.050855e+01,2.063420e+01,2.064816e+01,2.069000e+01,2.056442e+01,2.047362e+01,2.065513e+01,2.057838e+01,2.069697e+01,2.064118e+01,2.059932e+01,2.067605e+01,2.063420e+01,2.047362e+01,2.062025e+01,2.056442e+01,2.067605e+01,2.058536e+01,2.058536e+01,2.060629e+01,2.061327e+01,2.064118e+01,2.059932e+01,2.062723e+01,2.065513e+01,2.066908e+01,2.065513e+01,2.055743e+01,2.071789e+01,2.058536e+01,2.058536e+01,2.054347e+01,2.057838e+01,2.062025e+01,2.067605e+01,2.069697e+01,2.062723e+01,2.071091e+01,2.068303e+01,2.066908e+01,2.077363e+01,2.068303e+01,2.062025e+01,2.057140e+01,2.072486e+01,2.062025e+01,2.069000e+01,2.060629e+01,2.058536e+01,2.060629e+01,2.060629e+01,2.062025e+01,2.060629e+01,2.051554e+01,2.059932e+01,2.068303e+01,2.071789e+01,2.057838e+01,2.059234e+01,2.059234e+01,2.061327e+01,2.062723e+01,2.061327e+01,2.061327e+01,2.050157e+01,2.059234e+01,2.059932e+01,2.055743e+01,2.065513e+01,2.069000e+01,2.068303e+01,2.052950e+01,2.060629e+01,2.057838e+01,2.066211e+01,2.057140e+01,2.056442e+01,2.064118e+01,2.055743e+01,2.067605e+01,2.057838e+01,2.056442e+01,2.067605e+01,2.066908e+01,2.057140e+01,2.057140e+01,2.060629e+01,2.069000e+01,2.071091e+01,2.077363e+01,2.073182e+01,2.063420e+01,2.064118e+01,2.079453e+01,2.059234e+01,2.064816e+01,2.067605e+01,2.065513e+01,2.067605e+01,2.062025e+01,2.062025e+01,2.069000e+01,2.059932e+01,2.071091e+01,2.074576e+01,2.066211e+01,2.071091e+01,2.064118e+01,2.057838e+01,2.063420e+01,2.054347e+01,2.057140e+01,2.066908e+01,2.054347e+01,2.052950e+01,2.054347e+01
2.029878e+01,2.027778e+01,2.037575e+01,2.043868e+01,2.043169e+01,2.046663e+01,2.038274e+01,2.046663e+01,2.036176e+01,2.039673e+01,2.043169e+01,2.040372e+01,2.043169e+01,2.028478e+01,2.034077e+01,2.031278e+01,2.026378e+01,2.019373e+01,2.027778e+01,2.028478e+01,2.029178e+01,2.034077e+01,2.024277e+01,2.020074e+01,2.027078e+01,2.034077e+01,2.029178e+01,2.036176e+01,2.035476e+01,2.045964e+01,2.029178e+01,2.034077e+01,2.019373e+01,2.036875e+01,2.029878e+01,2.024277e+01,2.031978e+01,2.033377e+01,2.030578e+01,2.034777e+01,2.034777e+01,2.027778e+01,2.040372e+01,2.031978e+01,2.029178e+01,2.034077e+01,2.039673e+01,2.028478e+01,2.031278e+01,2.035476e+01,2.028478e+01,2.028478e+01,2.027078e+01,2.031978e+01,2.027778e+01,2.029878e+01,2.036875e+01,2.038274e+01,2.033377e+01,2.031978e+01,2.029878e+01,2.037575e+01,2.033377e+01,2.034077e+01,2.036176e+01,2.036176e+01,2.039673e+01,2.034077e+01,2.041071e+01,2.029178e+01,2.039673e+01,2.034077e+01,2.028478e+01,2.038974e+01,2.031978e+01,2.031978e+01,2.037575e+01,2.038974e+01,2.039673e+01,2.030578e+01,2.035476e+01,2.033377e+01,2.031978e+01,2.036875e+01,2.028478e+01,2.020774e+01,2.031978e+01,2.031978e+01,2.032678e+01,2.032678e+01,2.035476e+01,2.029878e+01,2.036875e+01,2.034077e+01,2.050855e+01,2.025677e+01,2.033377e+01,2.038274e+01,2.038274e+01,2.039673e+01,2.037575e+01,2.037575e+01,2.038974e+01,2.023577e+01,2.034777e+01,2.033377e+01,2.021475e+01,2.021475e+01,2.040372e+01,2.041770e+01,2.032678e+01,2.036875e+01,2.024277e+01,2.035476e+01,2.020774e+01,2.035476e+01,2.036875e+01,2.026378e+01,2.035476e+01,2.033377e+01,2.036176e+01,2.033377e+01,2.027078e+01,2.027078e+01,2.037575e+01,2.032678e+01,2.038274e+01,2.027778e+01,2.040372e+01,2.041071e+01,2.047362e+01,2.051554e+01,2.028478e+01,2.034077e+01,2.029878e+01,2.029178e+01,2.030578e+01,2.036875e+01,2.041770e+01,2.040372e+01,2.042470e+01,2.045266e+01,2.028478e+01,2.031978e+01,2.039673e+01,2.044567e+01,2.037575e+01,2.039673e+01,2.050157e+01,2.031978e+01,2.048061e+01,2.057838e+01,2.035476e+01,2.036176e+01,2.039673e+01,2.041071e+01,2.042470e+01,2.036875e+01,2.044567e+01,2.036875e+01,2.043868e+01,2.037575e+01,2.038274e+01,2.026378e+01,2.041071e+01,2.040372e+01,2.045964e+01,2.035476e+01,2.035476e+01,2.039673e+01,2.034077e+01,2.045266e+01,2.034077e+01,2.039673e+01,2.024277e+01,2.045266e+01,2.025677e+01,2.041071e+01,2.043169e+01,2.025677e+01,2.027778e+01,2.028478e+01,2.029878e+01,2.038974e+01,2.031278e+01,2.034777e+01,2.031278e+01,2.038274e+01,2.034777e+01,2.027778e+01,2.034777e+01,2.027778e+01,2.043868e+01,2.039673e+01,2.028478e+01,2.032678e+01,2.034777e+01,2.034777e+01,2.040372e+01,2.039673e+01,2.040372e+01,2.036176e+01,2.034777e+01,2.032678e+01,2.032678e+01,2.029178e+01,2.029878e+01,2.018673e+01,2.004648e+01,1.980058e+01,1.944823e+01,1.941999e+01,1.935642e+01,1.925038e+01,1.910173e+01,1.883928e+01,1.871135e+01,1.861886e+01,1.871135e+01,1.851915e+01,1.846926e+01,1.851203e+01,1.856190e+01,1.854765e+01,1.861886e+01,1.863309e+01,1.867579e+01,1.866867e+01,1.870424e+01,1.890318e+01,1.887479e+01,1.903087e+01,1.895995e+01,1.901669e+01,1.906630e+01,1.926452e+01,1.949058e+01,1.941999e+01,1.953996e+01,1.939174e+01,1.961047e+01,1.951175e+01,1.951880e+01,1.963161e+01,1.988495e+01,2.013766e+01,2.027078e+01,2.010260e+01,2.021475e+01,2.015869e+01,2.013766e+01,2.015168e+01,1.977243e+01,1.973725e+01,1.985683e+01,1.985683e+01,1.986386e+01,1.988495e+01,1.991306e+01,1.972317e+01,1.954701e+01,1.941999e+01,1.929988e+01,1.917254e+01,1.898832e+01,1.905922e+01,1.886769e+01,1.877534e+01,1.886769e+01,1.887479e+01,1.886769e+01,1.876112e+01,1.886059e+01,1.892448e+01,1.873269e+01,1.893867e+01,1.886059e+01,1.898123e+01,1.927160e+01,1.941293e+01,1.965979e+01,1.987090e+01,2.006051e+01,2.027778e+01,2.031278e+01,2.041770e+01,2.034777e+01,2.039673e+01,2.040372e+01,2.052950e+01,2.029178e+01,2.020774e+01,2.037575e+01,2.043868e+01,2.037575e+01,2.049458e+01,2.044567e+01,2.053649e+01,2.052950e+01,2.044567e+01,2.033377e+01,2.046663e+01,2.047362e+01,2.053649e+01,2.031978e+01,2.030578e+01,2.027078e+01,2.026378e+01,2.017271e+01,2.020774e+01,2.009559e+01,2.025677e+01,2.019373e+01,2.008156e+01,2.025677e+01,2.027778e+01,2.017271e+01,2.022876e+01,2.027778e+01,2.019373e+01,2.035476e+01,2.043868e+01,2.038974e+01,2.042470e+01,2.050855e+01,2.046663e+01,2.050855e+01,2.044567e+01,2.034077e+01,2.036875e+01,2.040372e+01,2.045964e+01,2.046663e+01,2.041770e+01,2.049458e+01,2.039673e+01,2.036875e+01,2.005350e+01,1.962456e+01,1.916546e+01,1.895286e+01,1.888899e+01,1.882508e+01,1.892448e+01,1.881087e+01,1.881797e+01,1.881087e+01,1.883218e+01,1.898123e+01,1.902378e+01,1.893157e+01,1.896704e+01,1.893867e+01,1.900251e+01,1.891738e+01,1.905213e+01,1.912298e+01,1.898123e+01,1.913714e+01,1.915130e+01,1.918670e+01,1.934229e+01,1.939174e+01,1.946941e+01,1.968092e+01,1.965979e+01,1.970205e+01,1.962456e+01,1.953996e+01,1.932815e+01,1.936349e+01,1.910173e+01,1.913714e+01,1.907339e+01,1.910173e+01,1.908756e+01,1.905213e+01,1.898123e+01,1.911590e+01,1.895286e+01,1.907339e+01,1.898832e+01,1.905922e+01,1.905213e+01,1.895995e+01,1.894576e+01,1.895286e+01,1.910881e+01,1.912298e+01,1.913006e+01,1.912298e+01,1.914422e+01,1.929988e+01,1.910881e+01,1.939881e+01,1.995521e+01,2.036176e+01,2.048759e+01,2.040372e+01,2.050157e+01,2.048061e+01,2.053649e+01,2.052252e+01,2.055743e+01,2.055045e+01,2.058536e+01,2.054347e+01,2.061327e+01,2.058536e+01,2.046663e+01,2.046663e+01,2.047362e+01,2.055743e+01,2.045964e+01,2.062025e+01,2.052252e+01,2.056442e+01,2.057838e+01,2.055045e+01,2.054347e+01,2.054347e+01,2.052252e+01,2.046663e+01,2.057140e+01,2.052950e+01,2.046663e+01,2.062723e+01,2.059932e+01,2.053649e+01,2.057838e+01,2.059932e+01,2.055045e+01,2.060629e+01,2.052950e+01,2.062723e+01,2.047362e+01,2.062723e+01,2.064816e+01,2.059234e+01,2.055045e+01,2.062723e+01,2.057838e+01,2.064816e+01,2.060629e+01,2.056442e+01,2.056442e+01,2.050157e+01,2.063420e+01,2.052950e+01,2.059234e+01,2.057838e+01,2.058536e+01,2.048061e+01,2.062723e+01,2.064816e+01,2.060629e+01,2.055045e+01,2.062723e+01,2.056442e+01,2.059234e+01,2.053649e+01,2.057140e+01,2.059234e+01,2.055045e+01,2.057838e+01,2.052252e+01,2.059234e+01,2.061327e+01,2.052950e+01,2.062025e+01,2.059234e+01,2.067605e+01,2.064816e+01,2.061327e+01,2.072486e+01,2.058536e+01,2.058536e+01,2.055045e+01,2.069000e+01,2.055743e+01,2.047362e+01,2.064118e+01,2.059234e+01,2.064118e+01,2.063420e+01,2.059234e+01,2.057838e+01,2.059234e+01,2.059234e+01,2.060629e+01,2.062723e+01,2.064816e+01,2.055743e+01,2.057140e+01,2.055743e+01,2.061327e+01,2.057838e+01,2.063420e+01,2.048759e+01,2.077363e+01,2.055743e+01,2.059932e+01,2.060629e+01,2.062723e+01,2.042470e+01,2.060629e+01,2.055743e+01,2.045266e+01,2.059932e+01,2.055743e+01,2.064816e+01,2.051554e+01,2.041770e+01,2.048759e+01,2.052950e+01,2.049458e+01,2.062025e+01,2.061327e+01,2.057838e+01,2.061327e+01,2.062723e+01,2.057140e+01,2.064118e+01,2.078757e+01,2.054347e+01,2.075273e+01,2.062025e+01,2.064816e+01,2.065513e+01,2.068303e+01,2.054347e+01,2.069697e+01,2.067605e+01,2.069000e+01,2.057838e+01,2.054347e+01,2.072486e+01,2.058536e+01,2.066908e+01,2.072486e+01,2.059234e+01,2.064118e+01,2.064816e+01,2.055743e+01,2.061327e+01,2.064118e+01,2.059234e+01,2.056442e+01,2.064816e+01,2.066908e+01,2.066908e+01,2.078060e+01,2.063420e+01,2.062025e+01,2.055045e+01,2.063420e+01,2.062723e+01,2.056442e+01,2.070394e+01,2.062723e+01,2.071091e+01,2.068303e+01,2.071789e+01,2.070394e+01,2.065513e+01,2.076667e+01,2.057838e+01,2.081543e+01,2.063420e+01,2.062723e+01,2.072486e+01,2.068303e+01,2.057838e+01,2.060629e+01,2.066211e+01,2.061327e+01,2.061327e+01,2.057140e+01,2.056442e+01,2.065513e+01,2.066908e+01,2.068303e+01,2.074576e+01,2.073182e+01,2.055045e+01,2.057838e+01,2.064118e+01,2.078060e+01,2.078060e+01,2.064118e+01,2.079453e+01,2.066908e+01,2.059932e+01,2.065513e+01,2.064118e+01,2.065513e+01,2.062025e+01,2.064816e+01,2.076667e+01,2.065513e+01,2.060629e+01,2.066211e+01,2.069697e+01,2.058536e+01,2.070394e+01,2.068303e+01,2.060629e+01,2.064118e+01,2.068303e+01,2.059932e+01,2.077363e+01,2.069697e+01,2.075273e+01,2.075970e+01,2.076667e+01,2.057140e+01,2.059234e+01,2.085024e+01,2.063420e+01,2.066211e+01,2.062025e+01,2.061327e+01,2.078060e+01,2.055045e+01,2.063420e+01,2.053649e+01,2.064816e+01,2.065513e+01,2.062025e+01,2.055045e+01,2.069000e+01,2.064118e+01,2.064118e+01,2.063420e+01,2.055045e+01,2.062025e+01,2.068303e+01,2.061327e+01,2.055743e+01,2.055045e+01
2.055045e+01,2.048061e+01,2.036875e+01,2.037575e+01,2.026378e+01,2.024277e+01,2.025677e+01,2.045964e+01,2.038274e+01,2.040372e+01,2.029178e+01,2.037575e+01,2.036875e+01,2.028478e+01,2.031978e+01,2.034077e+01,2.033377e+01,2.036875e+01,2.027078e+01,2.029878e+01,2.027078e+01,2.036875e+01,2.038274e+01,2.036875e+01,2.028478e+01,2.031278e+01,2.029178e+01,2.027078e+01,2.043169e+01,2.038274e+01,2.035476e+01,2.035476e+01,2.031978e+01,2.037575e+01,2.040372e+01,2.035476e+01,2.031278e+01,2.039673e+01,2.039673e+01,2.034777e+01,2.032678e+01,2.030578e+01,2.029178e+01,2.035476e+01,2.038974e+01,2.021475e+01,2.032678e+01,2.029878e+01,2.034077e+01,2.030578e+01,2.033377e+01,2.031978e+01,2.035476e+01,2.030578e+01,2.032678e+01,2.027778e+01,2.041071e+01,2.036875e+01,2.029878e+01,2.033377e+01,2.030578e+01,2.029878e+01,2.037575e+01,2.037575e+01,2.043868e+01,2.037575e+01,2.038974e+01,2.038974e+01,2.038274e+01,2.033377e+01,2.028478e+01,2.030578e+01,2.040372e+01,2.031278e+01,2.044567e+01,2.037575e+01,2.043169e+01,2.027078e+01,2.026378e+01,2.026378e+01,2.041071e+01,2.040372e+01,2.038274e+01,2.038274e+01,2.044567e+01,2.037575e+01,2.034777e+01,2.031278e+01,2.050855e+01,2.040372e+01,2.033377e+01,2.027778e+01,2.034777e+01,2.028478e+01,2.034777e+01,2.036875e+01,2.029878e+01,2.043169e+01,2.043169e+01,2.034077e+01,2.041071e+01,2.038974e+01,2.035476e+01,2.033377e+01,2.023577e+01,2.033377e+01,2.034077e+01,2.041071e+01,2.019373e+01,2.040372e+01,2.027778e+01,2.037575e+01,2.041071e+01,2.037575e+01,2.022176e+01,2.026378e+01,2.017972e+01,2.035476e+01,2.036875e+01,2.029878e+01,2.036176e+01,2.032678e+01,2.031978e+01,2.030578e+01,2.038274e+01,2.035476e+01,2.043169e+01,2.040372e+01,2.042470e+01,2.036875e+01,2.032678e+01,2.045266e+01,2.037575e+01,2.047362e+01,2.033377e+01,2.043169e+01,2.044567e+01,2.034077e+01,2.044567e+01,2.045964e+01,2.048061e+01,2.042470e+01,2.048759e+01,2.033377e+01,2.034777e+01,2.043169e+01,2.047362e+01,2.049458e+01,2.043868e+01,2.043169e+01,2.042470e+01,2.034077e+01,2.036875e+01,2.035476e+01,2.043868e+01,2.041770e+01,2.042470e+01,2.036875e+01,2.039673e+01,2.040372e+01,2.055045e+01,2.048061e+01,2.036176e+01,2.057140e+01,2.047362e+01,2.034777e+01,2.045964e+01,2.025677e+01,2.041770e+01,2.036875e+01,2.029178e+01,2.041071e+01,2.035476e+01,2.030578e+01,2.032678e+01,2.018673e+01,2.043868e+01,2.042470e+01,2.047362e+01,2.031978e+01,2.029878e+01,2.033377e+01,2.034077e+01,2.041071e+01,2.036176e+01,2.031278e+01,2.036875e+01,2.040372e+01,2.034777e+01,2.036176e+01,2.036875e+01,2.039673e+01,2.023577e+01,2.038974e+01,2.033377e+01,2.035476e+01,2.036176e+01,2.037575e+01,2.038974e+01,2.036176e+01,2.038274e+01,2.045964e+01,2.047362e+01,2.032678e+01,2.034777e+01,2.032678e+01,2.023577e+01,2.025677e+01,2.005350e+01,1.957522e+01,1.954701e+01,1.945529e+01,1.944823e+01,1.914422e+01,1.888189e+01,1.881087e+01,1.881087e+01,1.859038e+01,1.853340e+01,1.849064e+01,1.851203e+01,1.851915e+01,1.854053e+01,1.868290e+01,1.865444e+01,1.854053e+01,1.860462e+01,1.863309e+01,1.874691e+01,1.882508e+01,1.876112e+01,1.896704e+01,1.897414e+01,1.908756e+01,1.915838e+01,1.927160e+01,1.942705e+01,1.953996e+01,1.953996e+01,1.950469e+01,1.963865e+01,1.965979e+01,1.969500e+01,1.984277e+01,1.999033e+01,1.987792e+01,2.014467e+01,2.010260e+01,2.003946e+01,2.012364e+01,1.995521e+01,1.979354e+01,1.965274e+01,1.977243e+01,1.964570e+01,1.961047e+01,1.973021e+01,1.982871e+01,1.972317e+01,1.977243e+01,1.948352e+01,1.919378e+01,1.929281e+01,1.917962e+01,1.902378e+01,1.893157e+01,1.891028e+01,1.886769e+01,1.870424e+01,1.862598e+01,1.864021e+01,1.881087e+01,1.869002e+01,1.864021e+01,1.881087e+01,1.872558e+01,1.880376e+01,1.897414e+01,1.901669e+01,1.922208e+01,1.960342e+01,1.963865e+01,2.000437e+01,1.999033e+01,2.027078e+01,2.045266e+01,2.031278e+01,2.034777e+01,2.051554e+01,2.053649e+01,2.045964e+01,2.049458e+01,2.046663e+01,2.045266e+01,2.042470e+01,2.039673e+01,2.049458e+01,2.047362e+01,2.046663e+01,2.055045e+01,2.049458e+01,2.055045e+01,2.052252e+01,2.054347e+01,2.050855e+01,2.048061e+01,2.044567e+01,2.044567e+01,2.023577e+01,2.031978e+01,2.024977e+01,2.045964e+01,2.036875e+01,2.032678e+01,2.034777e+01,2.044567e+01,2.043868e+01,2.045266e+01,2.028478e+01,2.041071e+01,2.058536e+01,2.048061e+01,2.046663e+01,2.048759e+01,2.045964e+01,2.050855e+01,2.045266e+01,2.054347e+01,2.054347e+01,2.050157e+01,2.055743e+01,2.046663e+01,2.046663e+01,2.048061e+01,2.048061e+01,2.042470e+01,2.024977e+01,2.008156e+01,1.963865e+01,1.930695e+01,1.890318e+01,1.881087e+01,1.882508e+01,1.883218e+01,1.866867e+01,1.869002e+01,1.884638e+01,1.894576e+01,1.892448e+01,1.905922e+01,1.905213e+01,1.890318e+01,1.907339e+01,1.903087e+01,1.893867e+01,1.896704e+01,1.894576e+01,1.897414e+01,1.910173e+01,1.914422e+01,1.910881e+01,1.933522e+01,1.944118e+01,1.957522e+01,1.970909e+01,1.973021e+01,1.994819e+01,1.956817e+01,1.946941e+01,1.941293e+01,1.931402e+01,1.918670e+01,1.907339e+01,1.909464e+01,1.903795e+01,1.910173e+01,1.903795e+01,1.898123e+01,1.899541e+01,1.910173e+01,1.898832e+01,1.907339e+01,1.900960e+01,1.905922e+01,1.898832e+01,1.907339e+01,1.901669e+01,1.902378e+01,1.910173e+01,1.911590e+01,1.912298e+01,1.913714e+01,1.917962e+01,1.917962e+01,1.913714e+01,1.989198e+01,2.035476e+01,2.043868e+01,2.048759e+01,2.052950e+01,2.049458e+01,2.054347e+01,2.053649e+01,2.053649e+01,2.025677e+01,2.060629e+01,2.049458e+01,2.050855e+01,2.045964e+01,2.057140e+01,2.062723e+01,2.048061e+01,2.046663e+01,2.055743e+01,2.060629e+01,2.066211e+01,2.049458e+01,2.052252e+01,2.062025e+01,2.055045e+01,2.052950e+01,2.056442e+01,2.054347e+01,2.065513e+01,2.059932e+01,2.060629e+01,2.058536e+01,2.054347e+01,2.060629e+01,2.052252e+01,2.069000e+01,2.062723e+01,2.055045e+01,2.055045e+01,2.064118e+01,2.052950e+01,2.057140e+01,2.059932e+01,2.059932e+01,2.061327e+01,2.067605e+01,2.060629e+01,2.057838e+01,2.059234e+01,2.052950e+01,2.044567e+01,2.048061e+01,2.059234e+01,2.060629e+01,2.065513e+01,2.062723e+01,2.055045e+01,2.063420e+01,2.062723e+01,2.061327e+01,2.043868e+01,2.064816e+01,2.059932e+01,2.066908e+01,2.066211e+01,2.051554e+01,2.055045e+01,2.050157e+01,2.056442e+01,2.069000e+01,2.059932e+01,2.057140e+01,2.062025e+01,2.060629e+01,2.059234e+01,2.059234e+01,2.065513e+01,2.054347e+01,2.062723e+01,2.062025e+01,2.062723e+01,2.055743e+01,2.059932e+01,2.057140e+01,2.058536e+01,2.062025e+01,2.052252e+01,2.060629e+01,2.059932e+01,2.055743e+01,2.062723e+01,2.056442e+01,2.053649e+01,2.064816e+01,2.069000e+01,2.062723e+01,2.061327e+01,2.061327e+01,2.062723e+01,2.059234e+01,2.059932e+01,2.064118e+01,2.060629e+01,2.066908e+01,2.064816e+01,2.064118e+01,2.057140e+01,2.061327e+01,2.070394e+01,2.064118e+01,2.058536e+01,2.059932e+01,2.055743e+01,2.056442e+01,2.058536e+01,2.050855e+01,2.054347e+01,2.051554e+01,2.048759e+01,2.066908e+01,2.045266e+01,2.057140e+01,2.056442e+01,2.061327e+01,2.054347e+01,2.063420e+01,2.061327e+01,2.057140e+01,2.055045e+01,2.077363e+01,2.069697e+01,2.062025e+01,2.056442e+01,2.053649e+01,2.060629e+01,2.062025e+01,2.059932e+01,2.061327e+01,2.052950e+01,2.073879e+01,2.071091e+01,2.059932e+01,2.069697e+01,2.062025e+01,2.073182e+01,2.070394e+01,2.073879e+01,2.067605e+01,2.056442e+01,2.069000e+01,2.064118e+01,2.055045e+01,2.063420e+01,2.067605e+01,2.066908e+01,2.064816e+01,2.065513e+01,2.052252e+01,2.055045e+01,2.069000e+01,2.052950e+01,2.068303e+01,2.066211e+01,2.057838e+01,2.073182e+01,2.077363e+01,2.074576e+01,2.075970e+01,2.072486e+01,2.073182e+01,2.077363e+01,2.070394e+01,2.059932e+01,2.062723e+01,2.071789e+01,2.061327e+01,2.058536e+01,2.068303e+01,2.070394e+01,2.046663e+01,2.039673e+01,2.066211e+01,2.073182e+01,2.063420e+01,2.058536e+01,2.067605e+01,2.070394e+01,2.053649e+01,2.063420e+01,2.075970e+01,2.073879e+01,2.068303e+01,2.063420e+01,2.075970e+01,2.057140e+01,2.061327e+01,2.067605e+01,2.066908e+01,2.065513e+01,2.063420e+01,2.065513e+01,2.076667e+01,2.062723e+01,2.066211e+01,2.066211e+01,2.068303e+01,2.069697e+01,2.048759e+01,2.055743e+01,2.062025e+01,2.058536e+01,2.054347e+01,2.074576e+01,2.060629e+01,2.074576e+01,2.068303e+01,2.066908e+01,2.073879e+01,2.066908e+01,2.070394e+01,2.060629e+01,2.064816e+01,2.064816e+01,2.060629e+01,2.060629e+01,2.063420e+01,2.065513e+01,2.080150e+01,2.051554e+01,2.075273e+01,2.069000e+01,2.049458e+01,2.064118e+01,2.064816e+01,2.061327e+01,2.069697e+01,2.058536e+01,2.068303e+01,2.073182e+01,2.066211e+01,2.057140e+01,2.067605e+01,2.055045e+01,2.054347e+01,2.069697e+01
2.026378e+01,2.041770e+01,2.031278e+01,2.042470e+01,2.039673e+01,2.030578e+01,2.043868e+01,2.043868e+01,2.030578e+01,2.044567e+01,2.043868e+01,2.043868e+01,2.039673e+01,2.044567e+01,2.041071e+01,2.038974e+01,2.022876e+01,2.041071e+01,2.035476e+01,2.045266e+01,2.031978e+01,2.033377e+01,2.029878e+01,2.031978e+01,2.032678e+01,2.029178e+01,2.027778e+01,2.034777e+01,2.032678e+01,2.049458e+01,2.043169e+01,2.042470e+01,2.030578e+01,2.042470e+01,2.032678e+01,2.031978e+01,2.045266e+01,2.032678e+01,2.036875e+01,2.034777e+01,2.041071e+01,2.034777e+01,2.039673e+01,2.026378e+01,2.046663e+01,2.041071e+01,2.029878e+01,2.028478e+01,2.035476e+01,2.038974e+01,2.043169e+01,2.039673e+01,2.034077e+01,2.034077e+01,2.037575e+01,2.048061e+01,2.033377e+01,2.034777e+01,2.038274e+01,2.035476e+01,2.029878e+01,2.037575e+01,2.043169e+01,2.034077e+01,2.045266e+01,2.041770e+01,2.037575e+01,2.038974e+01,2.045964e+01,2.041770e+01,2.030578e+01,2.039673e+01,2.041071e+01,2.040372e+01,2.036875e+01,2.038274e+01,2.037575e+01,2.042470e+01,2.041071e+01,2.026378e+01,2.041770e+01,2.038974e+01,2.044567e+01,2.031978e+01,2.041071e+01,2.052950e+01,2.050855e+01,2.042470e+01,2.044567e+01,2.035476e+01,2.038974e+01,2.033377e+01,2.041071e+01,2.039673e+01,2.053649e+01,2.050855e+01,2.031978e+01,2.028478e+01,2.026378e+01,2.033377e+01,2.036176e+01,2.041770e+01,2.043868e+01,2.048061e+01,2.043868e+01,2.044567e+01,2.036875e+01,2.035476e+01,2.036875e+01,2.038974e+01,2.041071e+01,2.025677e+01,2.031278e+01,2.036875e+01,2.037575e+01,2.037575e+01,2.034777e+01,2.023577e+01,2.036875e+01,2.037575e+01,2.036875e+01,2.032678e+01,2.034077e+01,2.042470e+01,2.036875e+01,2.039673e+01,2.045266e+01,2.041770e+01,2.034077e+01,2.044567e+01,2.051554e+01,2.038274e+01,2.047362e+01,2.045964e+01,2.047362e+01,2.041071e+01,2.027778e+01,2.042470e+01,2.041770e+01,2.038974e+01,2.035476e+01,2.037575e+01,2.044567e+01,2.031278e+01,2.039673e+01,2.045266e+01,2.043868e+01,2.048759e+01,2.046663e+01,2.040372e+01,2.041770e+01,2.050855e+01,2.038974e+01,2.033377e+01,2.039673e+01,2.040372e+01,2.042470e+01,2.045266e+01,2.043868e+01,2.038274e+01,2.040372e+01,2.043169e+01,2.027778e+01,2.052950e+01,2.055045e+01,2.034077e+01,2.048759e+01,2.039673e+01,2.041770e+01,2.036875e+01,2.045964e+01,2.036875e+01,2.041071e+01,2.045266e+01,2.046663e+01,2.051554e+01,2.042470e+01,2.043169e+01,2.042470e+01,2.031978e+01,2.041770e+01,2.043169e+01,2.033377e+01,2.035476e+01,2.038274e+01,2.034077e+01,2.038274e+01,2.045964e+01,2.045266e+01,2.039673e+01,2.042470e+01,2.045964e+01,2.033377e+01,2.036875e+01,2.035476e+01,2.043169e+01,2.041770e+01,2.037575e+01,2.038274e+01,2.036875e+01,2.039673e+01,2.040372e+01,2.034777e+01,2.032678e+01,2.029878e+01,2.037575e+01,2.020774e+01,2.028478e+01,2.006753e+01,1.952586e+01,1.954701e+01,1.945529e+01,1.918670e+01,1.911590e+01,1.903795e+01,1.886769e+01,1.867579e+01,1.856190e+01,1.865444e+01,1.836940e+01,1.838367e+01,1.847639e+01,1.851203e+01,1.861174e+01,1.870424e+01,1.862598e+01,1.871847e+01,1.867579e+01,1.873269e+01,1.883218e+01,1.873269e+01,1.895995e+01,1.915838e+01,1.914422e+01,1.925038e+01,1.927867e+01,1.945529e+01,1.943411e+01,1.967388e+01,1.956817e+01,1.969500e+01,1.989198e+01,1.988495e+01,1.981464e+01,1.987792e+01,1.995521e+01,2.001139e+01,1.991306e+01,1.969500e+01,1.981464e+01,1.974428e+01,1.962456e+01,1.960342e+01,1.963161e+01,1.953291e+01,1.955407e+01,1.955407e+01,1.956112e+01,1.953996e+01,1.959637e+01,1.947647e+01,1.926452e+01,1.901669e+01,1.901669e+01,1.886059e+01,1.876112e+01,1.897414e+01,1.873269e+01,1.874691e+01,1.872558e+01,1.866867e+01,1.863309e+01,1.864021e+01,1.873980e+01,1.877534e+01,1.865444e+01,1.871847e+01,1.888899e+01,1.886059e+01,1.883928e+01,1.913714e+01,1.938468e+01,1.959637e+01,1.994819e+01,2.003244e+01,2.027778e+01,2.048759e+01,2.056442e+01,2.056442e+01,2.045964e+01,2.059932e+01,2.041770e+01,2.048759e+01,2.044567e+01,2.049458e+01,2.048759e+01,2.053649e+01,2.053649e+01,2.057140e+01,2.057140e+01,2.057838e+01,2.043868e+01,2.055045e+01,2.051554e+01,2.066211e+01,2.049458e+01,2.038274e+01,2.041071e+01,2.051554e+01,2.055045e+01,2.053649e+01,2.052950e+01,2.051554e+01,2.051554e+01,2.046663e+01,2.041071e+01,2.043868e+01,2.065513e+01,2.052252e+01,2.050157e+01,2.055045e+01,2.050855e+01,2.045964e+01,2.057838e+01,2.055045e+01,2.055743e+01,2.055743e+01,2.047362e+01,2.046663e+01,2.050157e+01,2.056442e+01,2.043868e+01,2.046663e+01,2.066211e+01,2.051554e+01,2.045964e+01,2.050157e+01,2.011663e+01,1.967388e+01,1.921501e+01,1.886059e+01,1.891028e+01,1.883928e+01,1.873980e+01,1.881797e+01,1.881797e+01,1.881797e+01,1.881087e+01,1.886769e+01,1.891738e+01,1.897414e+01,1.896704e+01,1.902378e+01,1.905213e+01,1.900251e+01,1.890318e+01,1.895995e+01,1.913006e+01,1.906630e+01,1.913006e+01,1.912298e+01,1.916546e+01,1.939881e+01,1.947647e+01,1.970205e+01,1.970909e+01,1.972317e+01,1.960342e+01,1.957522e+01,1.951880e+01,1.939881e+01,1.918670e+01,1.912298e+01,1.908047e+01,1.900960e+01,1.887479e+01,1.900251e+01,1.899541e+01,1.905922e+01,1.902378e+01,1.900960e+01,1.914422e+01,1.903087e+01,1.898123e+01,1.903087e+01,1.903795e+01,1.897414e+01,1.910881e+01,1.908756e+01,1.905213e+01,1.913714e+01,1.919378e+01,1.909464e+01,1.924331e+01,1.917962e+01,1.961751e+01,2.038974e+01,2.048759e+01,2.047362e+01,2.063420e+01,2.050855e+01,2.065513e+01,2.052950e+01,2.065513e+01,2.060629e+01,2.059932e+01,2.050855e+01,2.064118e+01,2.049458e+01,2.047362e+01,2.063420e+01,2.062025e+01,2.059932e+01,2.062025e+01,2.051554e+01,2.059234e+01,2.068303e+01,2.060629e+01,2.069000e+01,2.059234e+01,2.055045e+01,2.055743e+01,2.055743e+01,2.065513e+01,2.059234e+01,2.059234e+01,2.061327e+01,2.061327e+01,2.048061e+01,2.050157e+01,2.055743e+01,2.065513e+01,2.061327e+01,2.062723e+01,2.071789e+01,2.066908e+01,2.064118e+01,2.060629e+01,2.063420e+01,2.054347e+01,2.065513e+01,2.067605e+01,2.069697e+01,2.061327e+01,2.068303e+01,2.055743e+01,2.055045e+01,2.060629e+01,2.075273e+01,2.068303e+01,2.064816e+01,2.058536e+01,2.065513e+01,2.069000e+01,2.057838e+01,2.061327e+01,2.063420e+01,2.063420e+01,2.060629e+01,2.063420e+01,2.069000e+01,2.053649e+01,2.069697e+01,2.062025e+01,2.071091e+01,2.057140e+01,2.067605e+01,2.066908e+01,2.062723e+01,2.064118e+01,2.069000e+01,2.062723e+01,2.056442e+01,2.066908e+01,2.061327e+01,2.057838e+01,2.066211e+01,2.069697e+01,2.066211e+01,2.061327e+01,2.059932e+01,2.064816e+01,2.066908e+01,2.064816e+01,2.064118e+01,2.066908e+01,2.060629e+01,2.060629e+01,2.066908e+01,2.063420e+01,2.064816e+01,2.062025e+01,2.060629e+01,2.076667e+01,2.052950e+01,2.067605e+01,2.052950e+01,2.053649e+01,2.065513e+01,2.061327e+01,2.064816e+01,2.074576e+01,2.065513e+01,2.077363e+01,2.062723e+01,2.069000e+01,2.062025e+01,2.061327e+01,2.057140e+01,2.067605e+01,2.054347e+01,2.062723e+01,2.059932e+01,2.063420e+01,2.064816e+01,2.062025e+01,2.070394e+01,2.063420e+01,2.062025e+01,2.065513e+01,2.065513e+01,2.061327e+01,2.064118e+01,2.060629e+01,2.062723e+01,2.072486e+01,2.075273e+01,2.061327e+01,2.075970e+01,2.075970e+01,2.054347e+01,2.074576e+01,2.070394e+01,2.071091e+01,2.059234e+01,2.066908e+01,2.069697e+01,2.066211e+01,2.076667e+01,2.071789e+01,2.071789e+01,2.071091e+01,2.065513e+01,2.060629e+01,2.087112e+01,2.071091e+01,2.073182e+01,2.069000e+01,2.069697e+01,2.066211e+01,2.064118e+01,2.071789e+01,2.072486e+01,2.066908e+01,2.066908e+01,2.056442e+01,2.055045e+01,2.066211e+01,2.064816e+01,2.074576e+01,2.074576e+01,2.075273e+01,2.077363e+01,2.071789e+01,2.061327e+01,2.069000e+01,2.066211e+01,2.064118e+01,2.064816e+01,2.060629e+01,2.082239e+01,2.077363e+01,2.059932e+01,2.055743e+01,2.076667e+01,2.059932e+01,2.064816e+01,2.065513e+01,2.072486e+01,2.072486e+01,2.061327e+01,2.072486e+01,2.067605e+01,2.071789e+01,2.068303e+01,2.069697e+01,2.071789e+01,2.077363e+01,2.059932e+01,2.064816e+01,2.059234e+01,2.065513e+01,2.066211e+01,2.069000e+01,2.070394e+01,2.066211e+01,2.062723e+01,2.064118e+01,2.064816e+01,2.066908e+01,2.068303e+01,2.078757e+01,2.071789e+01,2.058536e+01,2.069000e+01,2.052950e+01,2.065513e+01,2.062723e+01,2.057140e+01,2.063420e+01,2.064816e+01,2.073182e+01,2.067605e+01,2.066908e+01,2.067605e+01,2.062025e+01,2.067605e+01,2.061327e+01,2.060629e+01,2.064118e+01,2.064118e+01,2.061327e+01,2.079453e+01,2.059932e+01,2.061327e+01,2.074576e+01,2.059932e+01,2.062025e+01,2.069697e+01,2.045964e+01,2.059234e+01,2.069697e+01,2.061327e+01,2.068303e+01,2.064118e+01,2.066211e+01,2.069697e+01,2.069000e+01,2.065513e+01,2.073879e+01
2.027778e+01,2.033377e+01,2.042470e+01,2.037575e+01,2.036176e+01,2.047362e+01,2.045964e+01,2.044567e+01,2.041071e+01,2.048759e+01,2.041071e+01,2.038974e+01,2.044567e+01,2.036875e+01,2.038274e+01,2.044567e+01,2.038974e+01,2.039673e+01,2.045964e+01,2.033377e+01,2.049458e+01,2.026378e+01,2.036875e+01,2.038974e+01,2.036875e+01,2.041770e+01,2.032678e+01,2.048759e+01,2.043868e+01,2.050157e+01,2.047362e+01,2.046663e+01,2.050855e+01,2.034077e+01,2.033377e+01,2.034777e+01,2.033377e+01,2.033377e+01,2.036176e+01,2.051554e+01,2.054347e+01,2.041071e+01,2.041071e+01,2.053649e+01,2.037575e+01,2.032678e+01,2.027078e+01,2.039673e+01,2.032678e+01,2.041071e+01,2.047362e+01,2.036176e+01,2.049458e+01,2.037575e+01,2.043169e+01,2.035476e+01,2.043169e+01,2.047362e+01,2.030578e+01,2.044567e+01,2.045266e+01,2.044567e+01,2.030578e+01,2.031978e+01,2.034777e+01,2.039673e+01,2.039673e+01,2.043868e+01,2.056442e+01,2.035476e+01,2.038974e+01,2.043169e+01,2.033377e+01,2.036875e+01,2.036176e+01,2.050157e+01,2.043868e+01,2.045266e+01,2.045266e+01,2.051554e+01,2.045964e+01,2.045964e+01,2.037575e+01,2.041770e+01,2.044567e+01,2.038274e+01,2.046663e+01,2.038274e+01,2.043169e+01,2.041071e+01,2.045266e+01,2.032678e+01,2.041770e+01,2.039673e+01,2.041071e+01,2.042470e+01,2.041071e+01,2.036176e+01,2.041770e+01,2.039673e+01,2.042470e+01,2.033377e+01,2.035476e+01,2.036875e+01,2.044567e+01,2.032678e+01,2.036176e+01,2.041071e+01,2.034077e+01,2.040372e+01,2.044567e+01,2.024277e+01,2.033377e+01,2.044567e+01,2.039673e+01,2.049458e+01,2.036875e+01,2.029878e+01,2.052252e+01,2.031278e+01,2.035476e+01,2.037575e+01,2.041071e+01,2.034077e+01,2.045266e+01,2.043868e+01,2.027078e+01,2.038974e+01,2.040372e+01,2.049458e+01,2.055045e+01,2.050157e+01,2.038974e+01,2.049458e+01,2.042470e+01,2.045964e+01,2.042470e+01,2.043169e+01,2.041071e+01,2.047362e+01,2.050855e+01,2.050855e+01,2.051554e+01,2.034077e+01,2.051554e+01,2.048759e+01,2.047362e+01,2.043868e+01,2.050157e+01,2.053649e+01,2.038974e+01,2.045964e+01,2.050855e+01,2.046663e+01,2.045266e+01,2.051554e+01,2.049458e+01,2.046663e+01,2.044567e+01,2.043169e+01,2.042470e+01,2.040372e+01,2.041770e+01,2.050855e+01,2.055045e+01,2.049458e+01,2.036875e+01,2.048061e+01,2.048759e+01,2.036176e+01,2.049458e+01,2.045266e+01,2.034777e+01,2.035476e+01,2.044567e+01,2.043868e+01,2.041071e+01,2.043868e+01,2.043169e+01,2.021475e+01,2.040372e+01,2.047362e+01,2.037575e+01,2.043868e+01,2.054347e+01,2.052252e+01,2.041071e+01,2.046663e+01,2.049458e+01,2.044567e+01,2.046663e+01,2.036875e+01,2.041071e+01,2.038274e+01,2.035476e+01,2.037575e+01,2.037575e+01,2.039673e+01,2.038974e+01,2.039673e+01,2.038274e+01,2.035476e+01,2.042470e+01,2.040372e+01,2.034777e+01,2.036176e+01,2.030578e+01,2.020074e+01,1.988495e+01,1.958932e+01,1.929281e+01,1.932109e+01,1.913006e+01,1.908756e+01,1.898123e+01,1.877534e+01,1.868290e+01,1.849064e+01,1.851915e+01,1.847639e+01,1.836940e+01,1.849777e+01,1.866156e+01,1.852628e+01,1.857614e+01,1.864021e+01,1.857614e+01,1.863309e+01,1.877534e+01,1.861174e+01,1.874691e+01,1.878955e+01,1.898832e+01,1.911590e+01,1.928574e+01,1.935642e+01,1.939881e+01,1.958227e+01,1.955407e+01,1.970909e+01,1.968092e+01,1.977243e+01,1.977947e+01,1.980058e+01,1.977947e+01,1.963865e+01,1.981464e+01,1.984980e+01,1.958227e+01,1.961047e+01,1.958227e+01,1.960342e+01,1.958932e+01,1.930695e+01,1.957522e+01,1.955407e+01,1.963161e+01,1.958932e+01,1.951175e+01,1.951175e+01,1.941999e+01,1.925745e+01,1.922208e+01,1.904504e+01,1.903087e+01,1.891738e+01,1.892448e+01,1.878955e+01,1.871135e+01,1.873980e+01,1.861174e+01,1.861886e+01,1.881797e+01,1.876823e+01,1.873269e+01,1.876112e+01,1.869713e+01,1.878955e+01,1.876823e+01,1.888189e+01,1.905213e+01,1.937762e+01,1.934229e+01,1.972317e+01,1.979354e+01,2.024977e+01,2.049458e+01,2.055045e+01,2.054347e+01,2.055743e+01,2.043868e+01,2.047362e+01,2.044567e+01,2.045964e+01,2.051554e+01,2.048759e+01,2.049458e+01,2.052950e+01,2.056442e+01,2.055743e+01,2.066908e+01,2.066908e+01,2.046663e+01,2.059234e+01,2.059234e+01,2.045266e+01,2.038274e+01,2.046663e+01,2.059932e+01,2.050157e+01,2.058536e+01,2.061327e+01,2.061327e+01,2.048061e+01,2.045964e+01,2.046663e+01,2.052950e+01,2.059932e+01,2.062723e+01,2.064118e+01,2.057838e+01,2.053649e+01,2.057140e+01,2.052950e+01,2.055045e+01,2.049458e+01,2.050157e+01,2.049458e+01,2.056442e+01,2.056442e+01,2.055743e+01,2.050157e+01,2.047362e+01,2.049458e+01,2.052950e+01,2.050855e+01,2.034077e+01,2.015168e+01,1.962456e+01,1.933522e+01,1.904504e+01,1.891738e+01,1.887479e+01,1.877534e+01,1.887479e+01,1.881797e+01,1.882508e+01,1.888899e+01,1.890318e+01,1.883928e+01,1.895995e+01,1.894576e+01,1.898832e+01,1.898832e+01,1.896704e+01,1.902378e+01,1.895995e+01,1.900251e+01,1.911590e+01,1.925038e+01,1.922208e+01,1.943411e+01,1.941293e+01,1.952586e+01,1.952586e+01,1.975836e+01,1.968796e+01,1.965274e+01,1.951880e+01,1.952586e+01,1.949764e+01,1.929988e+01,1.931402e+01,1.907339e+01,1.905922e+01,1.894576e+01,1.896704e+01,1.898832e+01,1.900960e+01,1.900251e+01,1.904504e+01,1.894576e+01,1.895995e+01,1.903087e+01,1.902378e+01,1.896704e+01,1.906630e+01,1.895995e+01,1.901669e+01,1.908047e+01,1.904504e+01,1.919378e+01,1.904504e+01,1.917254e+01,1.918670e+01,1.956817e+01,2.030578e+01,2.048061e+01,2.054347e+01,2.062723e+01,2.060629e+01,2.056442e+01,2.069000e+01,2.064816e+01,2.061327e+01,2.057838e+01,2.050855e+01,2.061327e+01,2.061327e+01,2.056442e+01,2.052950e+01,2.067605e+01,2.056442e+01,2.064816e+01,2.062025e+01,2.065513e+01,2.062025e+01,2.074576e+01,2.064118e+01,2.051554e+01,2.055743e+01,2.064118e+01,2.060629e+01,2.061327e+01,2.058536e+01,2.069697e+01,2.062025e+01,2.067605e+01,2.064118e+01,2.061327e+01,2.057838e+01,2.062025e+01,2.065513e+01,2.071091e+01,2.055045e+01,2.065513e+01,2.062025e+01,2.063420e+01,2.065513e+01,2.064118e+01,2.065513e+01,2.069697e+01,2.070394e+01,2.069000e+01,2.069697e+01,2.068303e+01,2.050855e+01,2.071789e+01,2.066908e+01,2.071091e+01,2.066908e+01,2.064816e+01,2.068303e+01,2.059234e+01,2.058536e+01,2.064118e+01,2.064118e+01,2.059932e+01,2.049458e+01,2.062025e+01,2.058536e+01,2.065513e+01,2.069697e+01,2.066908e+01,2.076667e+01,2.066211e+01,2.066908e+01,2.065513e+01,2.055743e+01,2.057140e+01,2.057838e+01,2.071789e+01,2.073879e+01,2.057838e+01,2.051554e+01,2.065513e+01,2.064118e+01,2.060629e+01,2.065513e+01,2.064118e+01,2.071789e+01,2.075970e+01,2.067605e+01,2.066908e+01,2.066211e+01,2.069000e+01,2.065513e+01,2.062025e+01,2.063420e+01,2.065513e+01,2.068303e+01,2.062025e+01,2.063420e+01,2.075273e+01,2.061327e+01,2.065513e+01,2.069697e+01,2.066908e+01,2.064118e+01,2.059932e+01,2.063420e+01,2.059932e+01,2.064816e+01,2.069000e+01,2.070394e+01,2.062025e+01,2.066908e+01,2.065513e+01,2.055743e+01,2.061327e+01,2.060629e+01,2.067605e+01,2.057140e+01,2.065513e+01,2.066211e+01,2.063420e+01,2.064816e+01,2.073879e+01,2.073879e+01,2.061327e+01,2.063420e+01,2.060629e+01,2.069000e+01,2.059932e+01,2.067605e+01,2.063420e+01,2.073182e+01,2.062025e+01,2.064816e+01,2.061327e+01,2.068303e+01,2.066211e+01,2.071789e+01,2.063420e+01,2.070394e+01,2.059234e+01,2.067605e+01,2.069000e+01,2.066211e+01,2.073879e+01,2.064816e+01,2.074576e+01,2.060629e+01,2.072486e+01,2.081543e+01,2.071091e+01,2.069000e+01,2.067605e+01,2.066211e+01,2.062025e+01,2.071091e+01,2.067605e+01,2.064816e+01,2.068303e+01,2.070394e+01,2.069000e+01,2.064118e+01,2.067605e+01,2.077363e+01,2.075273e+01,2.075970e+01,2.075273e+01,2.078060e+01,2.069697e+01,2.072486e+01,2.058536e+01,2.071091e+01,2.067605e+01,2.062025e+01,2.059234e+01,2.071091e+01,2.058536e+01,2.065513e+01,2.062723e+01,2.080150e+01,2.062025e+01,2.071789e+01,2.059234e+01,2.056442e+01,2.069697e+01,2.069000e+01,2.076667e+01,2.075273e+01,2.077363e+01,2.074576e+01,2.065513e+01,2.065513e+01,2.063420e+01,2.070394e+01,2.064118e+01,2.064118e+01,2.063420e+01,2.073182e+01,2.080150e+01,2.061327e+01,2.065513e+01,2.064816e+01,2.067605e+01,2.078060e+01,2.066908e+01,2.066211e+01,2.066211e+01,2.073182e+01,2.075970e+01,2.066211e+01,2.071789e+01,2.070394e+01,2.074576e+01,2.077363e+01,2.064118e+01,2.064816e+01,2.066211e+01,2.075273e+01,2.062025e+01,2.064816e+01,2.077363e+01,2.066211e+01,2.068303e+01,2.062025e+01,2.061327e+01,2.063420e+01,2.077363e+01,2.058536e+01,2.076667e+01,2.076667e+01,2.079453e+01,2.068303e+01,2.069697e+01,2.064118e+01,2.062723e+01,2.057140e+01,2.073182e+01,2.071789e+01,2.075273e+01,2.067605e+01,2.057838e+01,2.069000e+01,2.069000e+01,2.070394e+01,2.071789e+01
2.044567e+01,2.044567e+01,2.055045e+01,2.043169e+01,2.042470e+01,2.038274e+01,2.031978e+01,2.045964e+01,2.044567e+01,2.049458e+01,2.048061e+01,2.034777e+01,2.039673e+01,2.036176e+01,2.041770e+01,2.041071e+01,2.043169e+01,2.040372e+01,2.048061e+01,2.044567e+01,2.027778e+01,2.038974e+01,2.045964e+01,2.048061e+01,2.041071e+01,2.044567e+01,2.034777e+01,2.048759e+01,2.042470e+01,2.027778e+01,2.035476e+01,2.035476e+01,2.031978e+01,2.029878e+01,2.046663e+01,2.045266e+01,2.034777e+01,2.035476e+01,2.036176e+01,2.044567e+01,2.037575e+01,2.052252e+01,2.049458e+01,2.046663e+01,2.018673e+01,2.044567e+01,2.044567e+01,2.038274e+01,2.044567e+01,2.041770e+01,2.044567e+01,2.034777e+01,2.043868e+01,2.052950e+01,2.050855e+01,2.045266e+01,2.046663e+01,2.053649e+01,2.050157e+01,2.042470e+01,2.057838e+01,2.048759e+01,2.048759e+01,2.039673e+01,2.089896e+01,2.056442e+01,2.045266e+01,2.042470e+01,2.040372e+01,2.038274e+01,2.045266e+01,2.045266e+01,2.037575e+01,2.040372e+01,2.041071e+01,2.038274e+01,2.039673e+01,2.045964e+01,2.026378e+01,2.045964e+01,2.055743e+01,2.050855e+01,2.049458e+01,2.046663e+01,2.048759e+01,2.054347e+01,2.043169e+01,2.052252e+01,2.043868e+01,2.041071e+01,2.045964e+01,2.043868e+01,2.040372e+01,2.041770e+01,2.045964e+01,2.043169e+01,2.059234e+01,2.042470e+01,2.043868e+01,2.034777e+01,2.038974e+01,2.043868e+01,2.036176e+01,2.045266e+01,2.050855e+01,2.042470e+01,2.043868e+01,2.044567e+01,2.036875e+01,2.038974e+01,2.039673e+01,2.058536e+01,2.039673e+01,2.040372e+01,2.040372e+01,2.050855e+01,2.055045e+01,2.020774e+01,2.052252e+01,2.031978e+01,2.057838e+01,2.039673e+01,2.043868e+01,2.044567e+01,2.045964e+01,2.036176e+01,2.043169e+01,2.054347e+01,2.056442e+01,2.051554e+01,2.052950e+01,2.055045e+01,2.038974e+01,2.052252e+01,2.049458e+01,2.042470e+01,2.058536e+01,2.045964e+01,2.057140e+01,2.048061e+01,2.050157e+01,2.043169e+01,2.046663e+01,2.047362e+01,2.056442e+01,2.036176e+01,2.045964e+01,2.057838e+01,2.056442e+01,2.052252e+01,2.052252e+01,2.046663e+01,2.055045e+01,2.051554e+01,2.047362e+01,2.047362e+01,2.044567e+01,2.052950e+01,2.047362e+01,2.059932e+01,2.055045e+01,2.056442e+01,2.044567e+01,2.050855e+01,2.048061e+01,2.048061e+01,2.048759e+01,2.048759e+01,2.054347e+01,2.052252e+01,2.048061e+01,2.046663e+01,2.052252e+01,2.044567e+01,2.052950e+01,2.044567e+01,2.049458e+01,2.047362e+01,2.049458e+01,2.044567e+01,2.043169e+01,2.049458e+01,2.032678e+01,2.044567e+01,2.048061e+01,2.045964e+01,2.056442e+01,2.045964e+01,2.046663e+01,2.045964e+01,2.045266e+01,2.048061e+01,2.038274e+01,2.036875e+01,2.041770e+01,2.040372e+01,2.048759e+01,2.041770e+01,2.038974e+01,2.038274e+01,2.044567e+01,2.039673e+01,2.048061e+01,2.043169e+01,2.036176e+01,2.034077e+01,2.031278e+01,2.013065e+01,1.961047e+01,1.935642e+01,1.927867e+01,1.914422e+01,1.893157e+01,1.888189e+01,1.876112e+01,1.857614e+01,1.852628e+01,1.854765e+01,1.842648e+01,1.850490e+01,1.849064e+01,1.851203e+01,1.853340e+01,1.859038e+01,1.871847e+01,1.863309e+01,1.861174e+01,1.871847e+01,1.864021e+01,1.875401e+01,1.890318e+01,1.893867e+01,1.911590e+01,1.937055e+01,1.925745e+01,1.945529e+01,1.950469e+01,1.938468e+01,1.950469e+01,1.966683e+01,1.952586e+01,1.975132e+01,1.961751e+01,1.961751e+01,1.961751e+01,1.952586e+01,1.951175e+01,1.955407e+01,1.951880e+01,1.948352e+01,1.934936e+01,1.941293e+01,1.943411e+01,1.946941e+01,1.951880e+01,1.952586e+01,1.947647e+01,1.946235e+01,1.950469e+01,1.942705e+01,1.921501e+01,1.926452e+01,1.912298e+01,1.895995e+01,1.905213e+01,1.888189e+01,1.882508e+01,1.871847e+01,1.886769e+01,1.869002e+01,1.874691e+01,1.871135e+01,1.873980e+01,1.864021e+01,1.873980e+01,1.873269e+01,1.876823e+01,1.879666e+01,1.885349e+01,1.888189e+01,1.893157e+01,1.904504e+01,1.922208e+01,1.956112e+01,1.979354e+01,2.010260e+01,2.020074e+01,2.050855e+01,2.057838e+01,2.064816e+01,2.064118e+01,2.047362e+01,2.048061e+01,2.062723e+01,2.048061e+01,2.052950e+01,2.053649e+01,2.045266e+01,2.055045e+01,2.051554e+01,2.050855e+01,2.068303e+01,2.052950e+01,2.058536e+01,2.053649e+01,2.059234e+01,2.059932e+01,2.061327e+01,2.041770e+01,2.062025e+01,2.043169e+01,2.061327e+01,2.057838e+01,2.060629e+01,2.056442e+01,2.049458e+01,2.051554e+01,2.055045e+01,2.059932e+01,2.059234e+01,2.055743e+01,2.062025e+01,2.062025e+01,2.056442e+01,2.057838e+01,2.067605e+01,2.053649e+01,2.051554e+01,2.055743e+01,2.063420e+01,2.059234e+01,2.054347e+01,2.051554e+01,2.062723e+01,2.059932e+01,2.052252e+01,2.045266e+01,2.018673e+01,1.966683e+01,1.934229e+01,1.886769e+01,1.881087e+01,1.881797e+01,1.887479e+01,1.883928e+01,1.882508e+01,1.881797e+01,1.886769e+01,1.876112e+01,1.891738e+01,1.891738e+01,1.886059e+01,1.893867e+01,1.895995e+01,1.893157e+01,1.898832e+01,1.910881e+01,1.906630e+01,1.917254e+01,1.910173e+01,1.915838e+01,1.930695e+01,1.944118e+01,1.946235e+01,1.965274e+01,1.955407e+01,1.970205e+01,1.969500e+01,1.977243e+01,1.955407e+01,1.951880e+01,1.933522e+01,1.929281e+01,1.910173e+01,1.909464e+01,1.890318e+01,1.903795e+01,1.898123e+01,1.900960e+01,1.903795e+01,1.906630e+01,1.915130e+01,1.906630e+01,1.903087e+01,1.899541e+01,1.906630e+01,1.901669e+01,1.902378e+01,1.909464e+01,1.903795e+01,1.915838e+01,1.917962e+01,1.911590e+01,1.919378e+01,1.922916e+01,1.956817e+01,2.023577e+01,2.053649e+01,2.066211e+01,2.056442e+01,2.053649e+01,2.055045e+01,2.057140e+01,2.065513e+01,2.069000e+01,2.063420e+01,2.064816e+01,2.059932e+01,2.061327e+01,2.053649e+01,2.048759e+01,2.070394e+01,2.066211e+01,2.062025e+01,2.072486e+01,2.069697e+01,2.064118e+01,2.058536e+01,2.070394e+01,2.066211e+01,2.055743e+01,2.057838e+01,2.066908e+01,2.066908e+01,2.055743e+01,2.071091e+01,2.062025e+01,2.062723e+01,2.057838e+01,2.061327e+01,2.066211e+01,2.058536e+01,2.057140e+01,2.055743e+01,2.075970e+01,2.073879e+01,2.063420e+01,2.063420e+01,2.061327e+01,2.070394e+01,2.071091e+01,2.076667e+01,2.069000e+01,2.069697e+01,2.075970e+01,2.074576e+01,2.071091e+01,2.071091e+01,2.067605e+01,2.069000e+01,2.071091e+01,2.067605e+01,2.069000e+01,2.070394e+01,2.072486e+01,2.076667e+01,2.066908e+01,2.066211e+01,2.057140e+01,2.060629e+01,2.069697e+01,2.069697e+01,2.070394e+01,2.062025e+01,2.066211e+01,2.069697e+01,2.067605e+01,2.066908e+01,2.066211e+01,2.066908e+01,2.060629e+01,2.066211e+01,2.066211e+01,2.064118e+01,2.069000e+01,2.063420e+01,2.064816e+01,2.067605e+01,2.069000e+01,2.075970e+01,2.072486e+01,2.065513e+01,2.065513e+01,2.065513e+01,2.062025e+01,2.056442e+01,2.067605e+01,2.066211e+01,2.082239e+01,2.066211e+01,2.064816e+01,2.066908e+01,2.064816e+01,2.065513e+01,2.064816e+01,2.052252e+01,2.077363e+01,2.066908e+01,2.066211e+01,2.065513e+01,2.060629e+01,2.075970e+01,2.061327e+01,2.073182e+01,2.069697e+01,2.064118e+01,2.062025e+01,2.065513e+01,2.075273e+01,2.069697e+01,2.062723e+01,2.065513e+01,2.059234e+01,2.066211e+01,2.067605e+01,2.066908e+01,2.064118e+01,2.066908e+01,2.073879e+01,2.062723e+01,2.062723e+01,2.059932e+01,2.078060e+01,2.063420e+01,2.068303e+01,2.077363e+01,2.073182e+01,2.063420e+01,2.078060e+01,2.062025e+01,2.059932e+01,2.064118e+01,2.065513e+01,2.075273e+01,2.066211e+01,2.069000e+01,2.065513e+01,2.078757e+01,2.066908e+01,2.070394e+01,2.075273e+01,2.062723e+01,2.071091e+01,2.066908e+01,2.066211e+01,2.059234e+01,2.052950e+01,2.077363e+01,2.074576e+01,2.072486e+01,2.068303e+01,2.064816e+01,2.077363e+01,2.070394e+01,2.069697e+01,2.069000e+01,2.076667e+01,2.073879e+01,2.058536e+01,2.078060e+01,2.076667e+01,2.072486e+01,2.077363e+01,2.075970e+01,2.071789e+01,2.077363e+01,2.069697e+01,2.066908e+01,2.079453e+01,2.071091e+01,2.075273e+01,2.073879e+01,2.078060e+01,2.082239e+01,2.064816e+01,2.069697e+01,2.067605e+01,2.069697e+01,2.070394e+01,2.065513e+01,2.069697e+01,2.073182e+01,2.071091e+01,2.080150e+01,2.078757e+01,2.076667e+01,2.067605e+01,2.073879e+01,2.076667e+01,2.074576e+01,2.076667e+01,2.074576e+01,2.067605e+01,2.066908e+01,2.078757e+01,2.070394e+01,2.074576e+01,2.066211e+01,2.066908e+01,2.071789e+01,2.066211e+01,2.067605e+01,2.089200e+01,2.074576e+01,2.073879e+01,2.059932e+01,2.064118e+01,2.068303e+01,2.091287e+01,2.078060e+01,2.075273e+01,2.073182e+01,2.071789e+01,2.077363e+01,2.069697e+01,2.068303e+01,2.079453e+01,2.072486e+01,2.079453e+01,2.075970e+01,2.080150e+01,2.073879e+01,2.076667e+01,2.077363e+01,2.065513e+01,2.071091e+01,2.075273e+01,2.070394e+01,2.075273e+01,2.066908e+01,2.066908e+01,2.075273e+01,2.077363e+01,2.064118e+01,2.073182e+01,2.065513e+01,2.064118e+01,2.066211e+01,2.071091e+01,2.071091e+01
2.046663e+01,2.045266e+01,2.047362e+01,2.038274e+01,2.041770e+01,2.044567e+01,2.051554e+01,2.045266e+01,2.051554e+01,2.027778e+01,2.050157e+01,2.039673e+01,2.050855e+01,2.052950e+01,2.043868e+01,2.036176e+01,2.041071e+01,2.036176e+01,2.043868e+01,2.039673e+01,2.036875e+01,2.051554e+01,2.047362e+01,2.043169e+01,2.049458e+01,2.047362e+01,2.044567e+01,2.038274e+01,2.020074e+01,2.051554e+01,2.050855e+01,2.052950e+01,2.045964e+01,2.048061e+01,2.045266e+01,2.038974e+01,2.036176e+01,2.045266e+01,2.038274e+01,2.042470e+01,2.037575e+01,2.041770e+01,2.052950e+01,2.047362e+01,2.044567e+01,2.048061e+01,2.046663e+01,2.048061e+01,2.045266e+01,2.045964e+01,2.037575e+01,2.050157e+01,2.049458e+01,2.042470e+01,2.043868e+01,2.050157e+01,2.054347e+01,2.047362e+01,2.044567e+01,2.036176e+01,2.055045e+01,2.047362e+01,2.046663e+01,2.044567e+01,2.065513e+01,2.044567e+01,2.057140e+01,2.065513e+01,2.043169e+01,2.038974e+01,2.045964e+01,2.055045e+01,2.052950e+01,2.047362e+01,2.054347e+01,2.036875e+01,2.049458e+01,2.048061e+01,2.048061e+01,2.041071e+01,2.051554e+01,2.045266e+01,2.047362e+01,2.047362e+01,2.048061e+01,2.048061e+01,2.043169e+01,2.055045e+01,2.042470e+01,2.044567e+01,2.053649e+01,2.044567e+01,2.045266e+01,2.046663e+01,2.059234e+01,2.061327e+01,2.061327e+01,2.059932e+01,2.048759e+01,2.045964e+01,2.041770e+01,2.053649e+01,2.042470e+01,2.038974e+01,2.049458e+01,2.056442e+01,2.052950e+01,2.055743e+01,2.052950e+01,2.055743e+01,2.044567e+01,2.057140e+01,2.058536e+01,2.048061e+01,2.057838e+01,2.051554e+01,2.053649e+01,2.038974e+01,2.050157e+01,2.059234e+01,2.057140e+01,2.038274e+01,2.045266e+01,2.046663e+01,2.057838e+01,2.055045e+01,2.038974e+01,2.048759e+01,2.061327e+01,2.054347e+01,2.053649e+01,2.052950e+01,2.049458e+01,2.052252e+01,2.041071e+01,2.042470e+01,2.046663e+01,2.042470e+01,2.050157e+01,2.050855e+01,2.049458e+01,2.042470e+01,2.041071e+01,2.052252e+01,2.052252e+01,2.056442e+01,2.049458e+01,2.052252e+01,2.046663e+01,2.052252e+01,2.045964e+01,2.042470e+01,2.051554e+01,2.051554e+01,2.047362e+01,2.046663e+01,2.054347e+01,2.057838e+01,2.050855e+01,2.058536e+01,2.045964e+01,2.055045e+01,2.047362e+01,2.057140e+01,2.056442e+01,2.045964e+01,2.056442e+01,2.048759e+01,2.049458e+01,2.056442e+01,2.055045e+01,2.045964e+01,2.051554e+01,2.038274e+01,2.048061e+01,2.050855e+01,2.048759e+01,2.050855e+01,2.048759e+01,2.052252e+01,2.053649e+01,2.044567e+01,2.049458e+01,2.051554e+01,2.053649e+01,2.048759e+01,2.056442e+01,2.045964e+01,2.051554e+01,2.047362e+01,2.041770e+01,2.046663e+01,2.041071e+01,2.038274e+01,2.045266e+01,2.055045e+01,2.045964e+01,2.050855e+01,2.042470e+01,2.043868e+01,2.041770e+01,2.044567e+01,2.049458e+01,2.038974e+01,2.037575e+01,2.035476e+01,2.022876e+01,1.999033e+01,1.935642e+01,1.920793e+01,1.913006e+01,1.886769e+01,1.899541e+01,1.876112e+01,1.861174e+01,1.849064e+01,1.852628e+01,1.846926e+01,1.848352e+01,1.847639e+01,1.846926e+01,1.854765e+01,1.850490e+01,1.851915e+01,1.858326e+01,1.856190e+01,1.861174e+01,1.871135e+01,1.886059e+01,1.886769e+01,1.909464e+01,1.911590e+01,1.913714e+01,1.925038e+01,1.922916e+01,1.945529e+01,1.941999e+01,1.949764e+01,1.951880e+01,1.950469e+01,1.959637e+01,1.942705e+01,1.956112e+01,1.951175e+01,1.934936e+01,1.953996e+01,1.951880e+01,1.933522e+01,1.943411e+01,1.932815e+01,1.943411e+01,1.931402e+01,1.929281e+01,1.934229e+01,1.952586e+01,1.937762e+01,1.946941e+01,1.944118e+01,1.943411e+01,1.946235e+01,1.922208e+01,1.920793e+01,1.908756e+01,1.902378e+01,1.893157e+01,1.900960e+01,1.883218e+01,1.871135e+01,1.875401e+01,1.871135e+01,1.880376e+01,1.869713e+01,1.870424e+01,1.876823e+01,1.876823e+01,1.871135e+01,1.876823e+01,1.872558e+01,1.886769e+01,1.872558e+01,1.905213e+01,1.907339e+01,1.913006e+01,1.941293e+01,1.973725e+01,1.983574e+01,2.018673e+01,2.057140e+01,2.049458e+01,2.048061e+01,2.054347e+01,2.049458e+01,2.060629e+01,2.063420e+01,2.064816e+01,2.048759e+01,2.062025e+01,2.052950e+01,2.054347e+01,2.064816e+01,2.053649e+01,2.066211e+01,2.058536e+01,2.064118e+01,2.051554e+01,2.055045e+01,2.055743e+01,2.057140e+01,2.057838e+01,2.054347e+01,2.048061e+01,2.059234e+01,2.062025e+01,2.056442e+01,2.052252e+01,2.050855e+01,2.057838e+01,2.049458e+01,2.044567e+01,2.067605e+01,2.058536e+01,2.059932e+01,2.065513e+01,2.067605e+01,2.048061e+01,2.064118e+01,2.056442e+01,2.059932e+01,2.064816e+01,2.054347e+01,2.062723e+01,2.060629e+01,2.062723e+01,2.063420e+01,2.065513e+01,2.045964e+01,2.047362e+01,2.033377e+01,1.996224e+01,1.939881e+01,1.922916e+01,1.883218e+01,1.892448e+01,1.882508e+01,1.883218e+01,1.891028e+01,1.880376e+01,1.878245e+01,1.891028e+01,1.889609e+01,1.883218e+01,1.885349e+01,1.886769e+01,1.898123e+01,1.895286e+01,1.898123e+01,1.898123e+01,1.897414e+01,1.907339e+01,1.909464e+01,1.922208e+01,1.940587e+01,1.941999e+01,1.939881e+01,1.960342e+01,1.940587e+01,1.946235e+01,1.956112e+01,1.954701e+01,1.970909e+01,1.956112e+01,1.957522e+01,1.949764e+01,1.926452e+01,1.920085e+01,1.898832e+01,1.897414e+01,1.896704e+01,1.900960e+01,1.898123e+01,1.915838e+01,1.911590e+01,1.900251e+01,1.898832e+01,1.903795e+01,1.897414e+01,1.895995e+01,1.910173e+01,1.892448e+01,1.917962e+01,1.921501e+01,1.920085e+01,1.911590e+01,1.929281e+01,1.923623e+01,1.950469e+01,2.020074e+01,2.047362e+01,2.064816e+01,2.059932e+01,2.063420e+01,2.062723e+01,2.071789e+01,2.049458e+01,2.066908e+01,2.066211e+01,2.065513e+01,2.063420e+01,2.061327e+01,2.064118e+01,2.048061e+01,2.064816e+01,2.052252e+01,2.054347e+01,2.064118e+01,2.060629e+01,2.070394e+01,2.073182e+01,2.067605e+01,2.069697e+01,2.064118e+01,2.066908e+01,2.060629e+01,2.066211e+01,2.071789e+01,2.062025e+01,2.063420e+01,2.061327e+01,2.062723e+01,2.064118e+01,2.067605e+01,2.059932e+01,2.064816e+01,2.074576e+01,2.072486e+01,2.076667e+01,2.072486e+01,2.072486e+01,2.071789e+01,2.068303e+01,2.070394e+01,2.071091e+01,2.071789e+01,2.070394e+01,2.079453e+01,2.070394e+01,2.064816e+01,2.073182e+01,2.064118e+01,2.073182e+01,2.073879e+01,2.072486e+01,2.071789e+01,2.067605e+01,2.070394e+01,2.074576e+01,2.061327e+01,2.064816e+01,2.060629e+01,2.068303e+01,2.067605e+01,2.074576e+01,2.080846e+01,2.074576e+01,2.065513e+01,2.067605e+01,2.066908e+01,2.067605e+01,2.070394e+01,2.085024e+01,2.069000e+01,2.075970e+01,2.073879e+01,2.067605e+01,2.069697e+01,2.070394e+01,2.073182e+01,2.072486e+01,2.075273e+01,2.068303e+01,2.078757e+01,2.066211e+01,2.069697e+01,2.069697e+01,2.065513e+01,2.069697e+01,2.066908e+01,2.071091e+01,2.069000e+01,2.069000e+01,2.070394e+01,2.070394e+01,2.069697e+01,2.076667e+01,2.067605e+01,2.067605e+01,2.070394e+01,2.051554e+01,2.069697e+01,2.070394e+01,2.066908e+01,2.072486e+01,2.071789e+01,2.066908e+01,2.067605e+01,2.058536e+01,2.064816e+01,2.072486e+01,2.062025e+01,2.071789e+01,2.055045e+01,2.065513e+01,2.069000e+01,2.069697e+01,2.067605e+01,2.071091e+01,2.075273e+01,2.071091e+01,2.069697e+01,2.066908e+01,2.069697e+01,2.070394e+01,2.067605e+01,2.070394e+01,2.075970e+01,2.072486e+01,2.075970e+01,2.070394e+01,2.071789e+01,2.073182e+01,2.064816e+01,2.073879e+01,2.065513e+01,2.069000e+01,2.070394e+01,2.064118e+01,2.069697e+01,2.074576e+01,2.077363e+01,2.076667e+01,2.073879e+01,2.071091e+01,2.063420e+01,2.055045e+01,2.078060e+01,2.061327e+01,2.073879e+01,2.081543e+01,2.063420e+01,2.077363e+01,2.071789e+01,2.076667e+01,2.069697e+01,2.072486e+01,2.067605e+01,2.075273e+01,2.075273e+01,2.067605e+01,2.082239e+01,2.078757e+01,2.080846e+01,2.078060e+01,2.081543e+01,2.079453e+01,2.073879e+01,2.073879e+01,2.074576e+01,2.065513e+01,2.071789e+01,2.082935e+01,2.066908e+01,2.068303e+01,2.069697e+01,2.076667e+01,2.082239e+01,2.078060e+01,2.080150e+01,2.076667e+01,2.065513e+01,2.075273e+01,2.071789e+01,2.067605e+01,2.073879e+01,2.071091e+01,2.069697e+01,2.075273e+01,2.082239e+01,2.077363e+01,2.064816e+01,2.073879e+01,2.066908e+01,2.066908e+01,2.076667e+01,2.059932e+01,2.059932e+01,2.068303e+01,2.075970e+01,2.082239e+01,2.069697e+01,2.058536e+01,2.068303e+01,2.071091e+01,2.075970e+01,2.072486e+01,2.068303e+01,2.072486e+01,2.064118e+01,2.062723e+01,2.075970e+01,2.068303e+01,2.073879e+01,2.075970e+01,2.057838e+01,2.078757e+01,2.075970e+01,2.071091e+01,2.069000e+01,2.066211e+01,2.071789e+01,2.067605e+01,2.071789e+01,2.071789e+01,2.077363e+01,2.078060e+01,2.077363e+01,2.076667e+01,2.058536e+01,2.076667e+01,2.069697e+01,2.064816e+01,2.073182e+01,2.069000e+01,2.059234e+01,2.080150e+01,2.069000e+01,2.061327e+01,2.066908e+01,2.071789e+01,2.073879e+01,2.066211e+01
2.060629e+01,2.034777e+01,2.064118e+01,2.045964e+01,2.050157e+01,2.050855e+01,2.020074e+01,2.047362e+01,2.055045e+01,2.056442e+01,2.054347e+01,2.055743e+01,2.051554e+01,2.047362e+01,2.047362e+01,2.052950e+01,2.043868e+01,2.049458e+01,2.041071e+01,2.038274e+01,2.043868e+01,2.043169e+01,2.045266e+01,2.049458e+01,2.036176e+01,2.042470e+01,2.053649e+01,2.047362e+01,2.052950e+01,2.040372e+01,2.054347e+01,2.055045e+01,2.055045e+01,2.036875e+01,2.047362e+01,2.046663e+01,2.049458e+01,2.048759e+01,2.051554e+01,2.052950e+01,2.051554e+01,2.043169e+01,2.041770e+01,2.047362e+01,2.046663e+01,2.046663e+01,2.046663e+01,2.059234e+01,2.048061e+01,2.050157e+01,2.043169e+01,2.044567e+01,2.054347e+01,2.047362e+01,2.047362e+01,2.043169e+01,2.057140e+01,2.057140e+01,2.050157e+01,2.055743e+01,2.046663e+01,2.055743e+01,2.048759e+01,2.046663e+01,2.039673e+01,2.057140e+01,2.059234e+01,2.058536e+01,2.048759e+01,2.052252e+01,2.055743e+01,2.039673e+01,2.066211e+01,2.065513e+01,2.052252e+01,2.050157e+01,2.045964e+01,2.048061e+01,2.052950e+01,2.052252e+01,2.052950e+01,2.055743e+01,2.052950e+01,2.050855e+01,2.047362e+01,2.045266e+01,2.044567e+01,2.042470e+01,2.043169e+01,2.044567e+01,2.058536e+01,2.057838e+01,2.057838e+01,2.061327e+01,2.048061e+01,2.045964e+01,2.050855e+01,2.060629e+01,2.051554e+01,2.051554e+01,2.043169e+01,2.069000e+01,2.055045e+01,2.062723e+01,2.050855e+01,2.061327e+01,2.051554e+01,2.057140e+01,2.043169e+01,2.062723e+01,2.056442e+01,2.050157e+01,2.050157e+01,2.051554e+01,2.057140e+01,2.069000e+01,2.043868e+01,2.048061e+01,2.057838e+01,2.043169e+01,2.058536e+01,2.055743e+01,2.050157e+01,2.046663e+01,2.055045e+01,2.048759e+01,2.050855e+01,2.050855e+01,2.053649e+01,2.059234e+01,2.054347e+01,2.053649e+01,2.052950e+01,2.055045e+01,2.064816e+01,2.052252e+01,2.053649e+01,2.050855e+01,2.045266e+01,2.044567e+01,2.048759e+01,2.062025e+01,2.055045e+01,2.055045e+01,2.055045e+01,2.056442e+01,2.060629e+01,2.059234e+01,2.064816e+01,2.049458e+01,2.053649e+01,2.051554e+01,2.058536e+01,2.053649e+01,2.055045e+01,2.052252e+01,2.057838e+01,2.048759e+01,2.048759e+01,2.060629e+01,2.060629e+01,2.063420e+01,2.052252e+01,2.062025e+01,2.048759e+01,2.059932e+01,2.060629e+01,2.043169e+01,2.060629e+01,2.059234e+01,2.052252e+01,2.061327e+01,2.049458e+01,2.051554e+01,2.050855e+01,2.052252e+01,2.057838e+01,2.046663e+01,2.047362e+01,2.045964e+01,2.047362e+01,2.044567e+01,2.040372e+01,2.052950e+01,2.052252e+01,2.053649e+01,2.055743e+01,2.050855e+01,2.048061e+01,2.050157e+01,2.050855e+01,2.045964e+01,2.055743e+01,2.043868e+01,2.057140e+01,2.050855e+01,2.046663e+01,2.044567e+01,2.048061e+01,2.048759e+01,2.058536e+01,2.042470e+01,2.055045e+01,2.045266e+01,2.041770e+01,2.028478e+01,2.010260e+01,1.963161e+01,1.934936e+01,1.895286e+01,1.884638e+01,1.883928e+01,1.870424e+01,1.860462e+01,1.863309e+01,1.847639e+01,1.855477e+01,1.850490e+01,1.848352e+01,1.854765e+01,1.854053e+01,1.849777e+01,1.853340e+01,1.866867e+01,1.867579e+01,1.872558e+01,1.867579e+01,1.877534e+01,1.884638e+01,1.895286e+01,1.908756e+01,1.911590e+01,1.909464e+01,1.915838e+01,1.936349e+01,1.937055e+01,1.946235e+01,1.939881e+01,1.925745e+01,1.945529e+01,1.936349e+01,1.954701e+01,1.933522e+01,1.942705e+01,1.949764e+01,1.941999e+01,1.936349e+01,1.940587e+01,1.927867e+01,1.934936e+01,1.929281e+01,1.925038e+01,1.929281e+01,1.934229e+01,1.922916e+01,1.917254e+01,1.934229e+01,1.943411e+01,1.941293e+01,1.927867e+01,1.922208e+01,1.917962e+01,1.897414e+01,1.885349e+01,1.884638e+01,1.884638e+01,1.871847e+01,1.870424e+01,1.866156e+01,1.868290e+01,1.879666e+01,1.879666e+01,1.864733e+01,1.859038e+01,1.872558e+01,1.876823e+01,1.868290e+01,1.884638e+01,1.895286e+01,1.888189e+01,1.904504e+01,1.929988e+01,1.924331e+01,1.927867e+01,1.956112e+01,1.993414e+01,2.020774e+01,2.038274e+01,2.055045e+01,2.065513e+01,2.063420e+01,2.050157e+01,2.054347e+01,2.064118e+01,2.060629e+01,2.060629e+01,2.066211e+01,2.053649e+01,2.069697e+01,2.071091e+01,2.063420e+01,2.065513e+01,2.059234e+01,2.065513e+01,2.059234e+01,2.061327e+01,2.055743e+01,2.062025e+01,2.044567e+01,2.043868e+01,2.059234e+01,2.050157e+01,2.057140e+01,2.052252e+01,2.055045e+01,2.051554e+01,2.049458e+01,2.060629e+01,2.055743e+01,2.063420e+01,2.064118e+01,2.064118e+01,2.059932e+01,2.061327e+01,2.062723e+01,2.062723e+01,2.064118e+01,2.062723e+01,2.065513e+01,2.058536e+01,2.055045e+01,2.067605e+01,2.058536e+01,2.055743e+01,2.055743e+01,2.057838e+01,2.054347e+01,2.023577e+01,1.996926e+01,1.959637e+01,1.920793e+01,1.888189e+01,1.886059e+01,1.883928e+01,1.883218e+01,1.881087e+01,1.891738e+01,1.874691e+01,1.884638e+01,1.890318e+01,1.886769e+01,1.893867e+01,1.889609e+01,1.899541e+01,1.894576e+01,1.898832e+01,1.900251e+01,1.900251e+01,1.915130e+01,1.922916e+01,1.922916e+01,1.938468e+01,1.933522e+01,1.935642e+01,1.934936e+01,1.934229e+01,1.919378e+01,1.927867e+01,1.955407e+01,1.958932e+01,1.971613e+01,1.951175e+01,1.951880e+01,1.925038e+01,1.925038e+01,1.906630e+01,1.906630e+01,1.898832e+01,1.896704e+01,1.912298e+01,1.913714e+01,1.904504e+01,1.903087e+01,1.914422e+01,1.902378e+01,1.907339e+01,1.900960e+01,1.910173e+01,1.908047e+01,1.908047e+01,1.905922e+01,1.920085e+01,1.910173e+01,1.915838e+01,1.924331e+01,1.956112e+01,2.021475e+01,2.042470e+01,2.063420e+01,2.061327e+01,2.053649e+01,2.072486e+01,2.055045e+01,2.051554e+01,2.073879e+01,2.067605e+01,2.063420e+01,2.064816e+01,2.073182e+01,2.070394e+01,2.067605e+01,2.070394e+01,2.071091e+01,2.064816e+01,2.073879e+01,2.075273e+01,2.073182e+01,2.071091e+01,2.062723e+01,2.067605e+01,2.066908e+01,2.066908e+01,2.064118e+01,2.075970e+01,2.062723e+01,2.064118e+01,2.073182e+01,2.083632e+01,2.075970e+01,2.067605e+01,2.059234e+01,2.080150e+01,2.069000e+01,2.069697e+01,2.072486e+01,2.073879e+01,2.066908e+01,2.066211e+01,2.074576e+01,2.068303e+01,2.069697e+01,2.071789e+01,2.071789e+01,2.080150e+01,2.071091e+01,2.072486e+01,2.073879e+01,2.062723e+01,2.074576e+01,2.073879e+01,2.066211e+01,2.073879e+01,2.073879e+01,2.072486e+01,2.078060e+01,2.078060e+01,2.052950e+01,2.073182e+01,2.059932e+01,2.079453e+01,2.069697e+01,2.069697e+01,2.071091e+01,2.071789e+01,2.071091e+01,2.071091e+01,2.069697e+01,2.078060e+01,2.067605e+01,2.084328e+01,2.071789e+01,2.076667e+01,2.079453e+01,2.080150e+01,2.078757e+01,2.065513e+01,2.070394e+01,2.070394e+01,2.080846e+01,2.071789e+01,2.073182e+01,2.073879e+01,2.073879e+01,2.069000e+01,2.068303e+01,2.078757e+01,2.071091e+01,2.075273e+01,2.069697e+01,2.067605e+01,2.071789e+01,2.070394e+01,2.066908e+01,2.071091e+01,2.071091e+01,2.069000e+01,2.064118e+01,2.078060e+01,2.064118e+01,2.072486e+01,2.069697e+01,2.071091e+01,2.073879e+01,2.067605e+01,2.070394e+01,2.064118e+01,2.065513e+01,2.058536e+01,2.073182e+01,2.078757e+01,2.067605e+01,2.071091e+01,2.071091e+01,2.065513e+01,2.072486e+01,2.078060e+01,2.082239e+01,2.063420e+01,2.075273e+01,2.064118e+01,2.103802e+01,2.069697e+01,2.066211e+01,2.071789e+01,2.070394e+01,2.075273e+01,2.072486e+01,2.075970e+01,2.073182e+01,2.066908e+01,2.065513e+01,2.073879e+01,2.069000e+01,2.068303e+01,2.071789e+01,2.077363e+01,2.078060e+01,2.080150e+01,2.118384e+01,2.074576e+01,2.073182e+01,2.066211e+01,2.059234e+01,2.075273e+01,2.054347e+01,2.073182e+01,2.075970e+01,2.066908e+01,2.063420e+01,2.071091e+01,2.077363e+01,2.076667e+01,2.074576e+01,2.078060e+01,2.069697e+01,2.069697e+01,2.067605e+01,2.064816e+01,2.082239e+01,2.084328e+01,2.080150e+01,2.080846e+01,2.077363e+01,2.073879e+01,2.075970e+01,2.074576e+01,2.087112e+01,2.075273e+01,2.071789e+01,2.067605e+01,2.082239e+01,2.079453e+01,2.074576e+01,2.083632e+01,2.078757e+01,2.080150e+01,2.082239e+01,2.072486e+01,2.069000e+01,2.082935e+01,2.081543e+01,2.068303e+01,2.075970e+01,2.081543e+01,2.081543e+01,2.088504e+01,2.091983e+01,2.069697e+01,2.080150e+01,2.075273e+01,2.075273e+01,2.065513e+01,2.067605e+01,2.066908e+01,2.063420e+01,2.075970e+01,2.064118e+01,2.075970e+01,2.079453e+01,2.073879e+01,2.068303e+01,2.066908e+01,2.077363e+01,2.069000e+01,2.069697e+01,2.066211e+01,2.064118e+01,2.085024e+01,2.076667e+01,2.075273e+01,2.064118e+01,2.073879e+01,2.061327e+01,2.075970e+01,2.071789e+01,2.077363e+01,2.077363e+01,2.079453e+01,2.070394e+01,2.080150e+01,2.078757e+01,2.078757e+01,2.073182e+01,2.072486e+01,2.073879e+01,2.070394e+01,2.075273e+01,2.069697e+01,2.071091e+01,2.067605e+01,2.075970e+01,2.073182e+01,2.058536e+01,2.082935e+01,2.080846e+01,2.057140e+01,2.074576e+01,2.066908e+01,2.057140e+01,2.061327e+01
2.051554e+01,2.052252e+01,2.037575e+01,2.061327e+01,2.060629e+01,2.041071e+01,2.048759e+01,2.044567e+01,2.045964e+01,2.055045e+01,2.055045e+01,2.054347e+01,2.041770e+01,2.052252e+01,2.052950e+01,2.036176e+01,2.036875e+01,2.052950e+01,2.054347e+01,2.046663e+01,2.041770e+01,2.041071e+01,2.057838e+01,2.053649e+01,2.040372e+01,2.050855e+01,2.048061e+01,2.049458e+01,2.041071e+01,2.050855e+01,2.054347e+01,2.052252e+01,2.052950e+01,2.050157e+01,2.043868e+01,2.048061e+01,2.041071e+01,2.043868e+01,2.051554e+01,2.050157e+01,2.050855e+01,2.043169e+01,2.047362e+01,2.052252e+01,2.036875e+01,2.049458e+01,2.045964e+01,2.047362e+01,2.052252e+01,2.052252e+01,2.047362e+01,2.045964e+01,2.052950e+01,2.048759e+01,2.050855e+01,2.044567e+01,2.041071e+01,2.041071e+01,2.055045e+01,2.046663e+01,2.049458e+01,2.048061e+01,2.052252e+01,2.051554e+01,2.057140e+01,2.055743e+01,2.050855e+01,2.048061e+01,2.053649e+01,2.048759e+01,2.057838e+01,2.056442e+01,2.057140e+01,2.064118e+01,2.050855e+01,2.050855e+01,2.042470e+01,2.049458e+01,2.061327e+01,2.040372e+01,2.055743e+01,2.057140e+01,2.049458e+01,2.048061e+01,2.048759e+01,2.045266e+01,2.057140e+01,2.059234e+01,2.050157e+01,2.055743e+01,2.063420e+01,2.047362e+01,2.062723e+01,2.055743e+01,2.062723e+01,2.060629e+01,2.055743e+01,2.059234e+01,2.052252e+01,2.054347e+01,2.055743e+01,2.058536e+01,2.060629e+01,2.052950e+01,2.049458e+01,2.053649e+01,2.065513e+01,2.042470e+01,2.055045e+01,2.054347e+01,2.056442e+01,2.062025e+01,2.055743e+01,2.050855e+01,2.056442e+01,2.045266e+01,2.050157e+01,2.044567e+01,2.056442e+01,2.053649e+01,2.056442e+01,2.057140e+01,2.055743e+01,2.057140e+01,2.055045e+01,2.057140e+01,2.053649e+01,2.052252e+01,2.052950e+01,2.053649e+01,2.053649e+01,2.052950e+01,2.062025e+01,2.053649e+01,2.047362e+01,2.057838e+01,2.048759e+01,2.055045e+01,2.048759e+01,2.058536e+01,2.052950e+01,2.050157e+01,2.057140e+01,2.057838e+01,2.055743e+01,2.055743e+01,2.057140e+01,2.059234e+01,2.064816e+01,2.064118e+01,2.059932e+01,2.061327e+01,2.048759e+01,2.063420e+01,2.047362e+01,2.050855e+01,2.048759e+01,2.048759e+01,2.059234e+01,2.043868e+01,2.069000e+01,2.052950e+01,2.050855e+01,2.055045e+01,2.052252e+01,2.048759e+01,2.045964e+01,2.056442e+01,2.059932e+01,2.057140e+01,2.064118e+01,2.039673e+01,2.052252e+01,2.054347e+01,2.050157e+01,2.051554e+01,2.059932e+01,2.060629e+01,2.052950e+01,2.045964e+01,2.042470e+01,2.056442e+01,2.055743e+01,2.050855e+01,2.048061e+01,2.050157e+01,2.051554e+01,2.048759e+01,2.059234e+01,2.053649e+01,2.046663e+01,2.046663e+01,2.062025e+01,2.052950e+01,2.057140e+01,2.057140e+01,2.056442e+01,2.040372e+01,2.043169e+01,2.059932e+01,2.046663e+01,2.044567e+01,2.049458e+01,2.042470e+01,2.045964e+01,2.007454e+01,2.001841e+01,1.941293e+01,1.913006e+01,1.883218e+01,1.886059e+01,1.865444e+01,1.866156e+01,1.857614e+01,1.851915e+01,1.849064e+01,1.847639e+01,1.856190e+01,1.850490e+01,1.851203e+01,1.848352e+01,1.858326e+01,1.873269e+01,1.864021e+01,1.854765e+01,1.875401e+01,1.888189e+01,1.888189e+01,1.883218e+01,1.910173e+01,1.916546e+01,1.914422e+01,1.924331e+01,1.935642e+01,1.924331e+01,1.923623e+01,1.924331e+01,1.922208e+01,1.944823e+01,1.922208e+01,1.915838e+01,1.915130e+01,1.920793e+01,1.946941e+01,1.930695e+01,1.938468e+01,1.936349e+01,1.924331e+01,1.934229e+01,1.920793e+01,1.929988e+01,1.928574e+01,1.924331e+01,1.920085e+01,1.922916e+01,1.913006e+01,1.910881e+01,1.922208e+01,1.931402e+01,1.909464e+01,1.895995e+01,1.897414e+01,1.891028e+01,1.889609e+01,1.873980e+01,1.866867e+01,1.864733e+01,1.873980e+01,1.866867e+01,1.874691e+01,1.867579e+01,1.873980e+01,1.864733e+01,1.864021e+01,1.872558e+01,1.873980e+01,1.885349e+01,1.888189e+01,1.896704e+01,1.905922e+01,1.919378e+01,1.925745e+01,1.944118e+01,1.961751e+01,1.987792e+01,1.996926e+01,2.020774e+01,2.018673e+01,2.060629e+01,2.050157e+01,2.061327e+01,2.064118e+01,2.064118e+01,2.059234e+01,2.064118e+01,2.053649e+01,2.055743e+01,2.055045e+01,2.062723e+01,2.054347e+01,2.064118e+01,2.057838e+01,2.066908e+01,2.051554e+01,2.061327e+01,2.057140e+01,2.057838e+01,2.062025e+01,2.052252e+01,2.059234e+01,2.058536e+01,2.045266e+01,2.051554e+01,2.058536e+01,2.051554e+01,2.056442e+01,2.055045e+01,2.050855e+01,2.057838e+01,2.062723e+01,2.062025e+01,2.060629e+01,2.063420e+01,2.062025e+01,2.065513e+01,2.059234e+01,2.069000e+01,2.060629e+01,2.059932e+01,2.061327e+01,2.064816e+01,2.062025e+01,2.059932e+01,2.062025e+01,2.065513e+01,2.066908e+01,2.040372e+01,2.053649e+01,1.996926e+01,1.978650e+01,1.952586e+01,1.910881e+01,1.893867e+01,1.890318e+01,1.883928e+01,1.884638e+01,1.887479e+01,1.888189e+01,1.882508e+01,1.883928e+01,1.881797e+01,1.890318e+01,1.885349e+01,1.891738e+01,1.898123e+01,1.899541e+01,1.904504e+01,1.896704e+01,1.913006e+01,1.927867e+01,1.923623e+01,1.930695e+01,1.937762e+01,1.930695e+01,1.928574e+01,1.922916e+01,1.922208e+01,1.921501e+01,1.931402e+01,1.933522e+01,1.927160e+01,1.950469e+01,1.947647e+01,1.917962e+01,1.946941e+01,1.923623e+01,1.898123e+01,1.888899e+01,1.916546e+01,1.913714e+01,1.915130e+01,1.922916e+01,1.913714e+01,1.907339e+01,1.913006e+01,1.902378e+01,1.911590e+01,1.908047e+01,1.906630e+01,1.900251e+01,1.905922e+01,1.916546e+01,1.905922e+01,1.908047e+01,1.914422e+01,1.957522e+01,2.022176e+01,2.047362e+01,2.054347e+01,2.062723e+01,2.062723e+01,2.063420e+01,2.057838e+01,2.056442e+01,2.065513e+01,2.068303e+01,2.064118e+01,2.065513e+01,2.073879e+01,2.070394e+01,2.069000e+01,2.073182e+01,2.073182e+01,2.064118e+01,2.073182e+01,2.075273e+01,2.063420e+01,2.076667e+01,2.073879e+01,2.069697e+01,2.066908e+01,2.064118e+01,2.075273e+01,2.067605e+01,2.090592e+01,2.060629e+01,2.064118e+01,2.067605e+01,2.066211e+01,2.066211e+01,2.076667e+01,2.065513e+01,2.062025e+01,2.067605e+01,2.075970e+01,2.073879e+01,2.074576e+01,2.076667e+01,2.075273e+01,2.073879e+01,2.059234e+01,2.073879e+01,2.081543e+01,2.085024e+01,2.073879e+01,2.079453e+01,2.074576e+01,2.075970e+01,2.074576e+01,2.069697e+01,2.073182e+01,2.069697e+01,2.075970e+01,2.077363e+01,2.069697e+01,2.074576e+01,2.070394e+01,2.069697e+01,2.072486e+01,2.066211e+01,2.068303e+01,2.080150e+01,2.070394e+01,2.073879e+01,2.060629e+01,2.074576e+01,2.071091e+01,2.067605e+01,2.068303e+01,2.069000e+01,2.071091e+01,2.061327e+01,2.069000e+01,2.069000e+01,2.069000e+01,2.069000e+01,2.070394e+01,2.070394e+01,2.078060e+01,2.078757e+01,2.074576e+01,2.066908e+01,2.067605e+01,2.066211e+01,2.073182e+01,2.069697e+01,2.069000e+01,2.065513e+01,2.069697e+01,2.073182e+01,2.078060e+01,2.071789e+01,2.075273e+01,2.066908e+01,2.077363e+01,2.059234e+01,2.074576e+01,2.085720e+01,2.073879e+01,2.077363e+01,2.080150e+01,2.066211e+01,2.077363e+01,2.071091e+01,2.062025e+01,2.067605e+01,2.065513e+01,2.050157e+01,2.069000e+01,2.064816e+01,2.077363e+01,2.071789e+01,2.069000e+01,2.066908e+01,2.074576e+01,2.075273e+01,2.066908e+01,2.066211e+01,2.089200e+01,2.073182e+01,2.068303e+01,2.069697e+01,2.066908e+01,2.076667e+01,2.071789e+01,2.073879e+01,2.071789e+01,2.071789e+01,2.071091e+01,2.075970e+01,2.068303e+01,2.075970e+01,2.073182e+01,2.071789e+01,2.067605e+01,2.072486e+01,2.074576e+01,2.071091e+01,2.072486e+01,2.073879e+01,2.072486e+01,2.077363e+01,2.057838e+01,2.078060e+01,2.080150e+01,2.078060e+01,2.078060e+01,2.075970e+01,2.076667e+01,2.096852e+01,2.071789e+01,2.076667e+01,2.071789e+01,2.071789e+01,2.071789e+01,2.073879e+01,2.093374e+01,2.087808e+01,2.085720e+01,2.069697e+01,2.079453e+01,2.069000e+01,2.082239e+01,2.077363e+01,2.071091e+01,2.082935e+01,2.072486e+01,2.082935e+01,2.079453e+01,2.076667e+01,2.071091e+01,2.071789e+01,2.073879e+01,2.066211e+01,2.066908e+01,2.071091e+01,2.071789e+01,2.080846e+01,2.068303e+01,2.079453e+01,2.079453e+01,2.067605e+01,2.084328e+01,2.070394e+01,2.067605e+01,2.071091e+01,2.070394e+01,2.071789e+01,2.085720e+01,2.072486e+01,2.071789e+01,2.067605e+01,2.079453e+01,2.078060e+01,2.080846e+01,2.071789e+01,2.078060e+01,2.063420e+01,2.071091e+01,2.075970e+01,2.066211e+01,2.075970e+01,2.070394e+01,2.074576e+01,2.072486e+01,2.063420e+01,2.076667e+01,2.077363e+01,2.061327e+01,2.074576e+01,2.076667e+01,2.074576e+01,2.075970e+01,2.064118e+01,2.073182e+01,2.067605e+01,2.080150e+01,2.075970e+01,2.073879e+01,2.045266e+01,2.069697e+01,2.067605e+01,2.072486e+01,2.075273e+01,2.072486e+01,2.075273e+01,2.073879e+01,2.054347e+01,2.078757e+01,2.063420e+01,2.076667e+01,2.075273e+01,2.075273e+01,2.077363e+01,2.064816e+01,2.078757e+01,2.079453e+01,2.073879e+01,2.062025e+01,2.055045e+01
2.052950e+01,2.045266e+01,2.064816e+01,2.039673e+01,2.067605e+01,2.042470e+01,2.051554e+01,2.050855e+01,2.057140e+01,2.047362e+01,2.054347e+01,2.051554e+01,2.053649e+01,2.054347e+01,2.049458e+01,2.037575e+01,2.044567e+01,2.053649e+01,2.045266e+01,2.052950e+01,2.040372e+01,2.050157e+01,2.043169e+01,2.050855e+01,2.052950e+01,2.046663e+01,2.047362e+01,2.052950e+01,2.055743e+01,2.024277e+01,2.055743e+01,2.055743e+01,2.038274e+01,2.043169e+01,2.042470e+01,2.050157e+01,2.052252e+01,2.050855e+01,2.050855e+01,2.042470e+01,2.051554e+01,2.048759e+01,2.048759e+01,2.052950e+01,2.052950e+01,2.045266e+01,2.053649e+01,2.050157e+01,2.065513e+01,2.055045e+01,2.050157e+01,2.045964e+01,2.055045e+01,2.050855e+01,2.059234e+01,2.042470e+01,2.055045e+01,2.041770e+01,2.054347e+01,2.058536e+01,2.050157e+01,2.049458e+01,2.047362e+01,2.052252e+01,2.055045e+01,2.053649e+01,2.052950e+01,2.052950e+01,2.052252e+01,2.055045e+01,2.052950e+01,2.039673e+01,2.052252e+01,2.052950e+01,2.051554e+01,2.057140e+01,2.059234e+01,2.059932e+01,2.061327e+01,2.046663e+01,2.052950e+01,2.056442e+01,2.060629e+01,2.066211e+01,2.050157e+01,2.053649e+01,2.055743e+01,2.057838e+01,2.051554e+01,2.060629e+01,2.056442e+01,2.061327e+01,2.060629e+01,2.062025e+01,2.056442e+01,2.060629e+01,2.056442e+01,2.058536e+01,2.059234e+01,2.052252e+01,2.052252e+01,2.068303e+01,2.054347e+01,2.063420e+01,2.062723e+01,2.054347e+01,2.049458e+01,2.054347e+01,2.059234e+01,2.042470e+01,2.066211e+01,2.066908e+01,2.066908e+01,2.063420e+01,2.050157e+01,2.050855e+01,2.055743e+01,2.053649e+01,2.050157e+01,2.056442e+01,2.054347e+01,2.058536e+01,2.059234e+01,2.043169e+01,2.057838e+01,2.052950e+01,2.057838e+01,2.056442e+01,2.064118e+01,2.053649e+01,2.050855e+01,2.057838e+01,2.062723e+01,2.056442e+01,2.065513e+01,2.048759e+01,2.047362e+01,2.054347e+01,2.053649e+01,2.055045e+01,2.059932e+01,2.056442e+01,2.054347e+01,2.056442e+01,2.058536e+01,2.057838e+01,2.055743e+01,2.069000e+01,2.054347e+01,2.060629e+01,2.057838e+01,2.062723e+01,2.062723e+01,2.054347e+01,2.065513e+01,2.048061e+01,2.058536e+01,2.061327e+01,2.055045e+01,2.055743e+01,2.054347e+01,2.055743e+01,2.057140e+01,2.055743e+01,2.057140e+01,2.056442e+01,2.060629e+01,2.069697e+01,2.045266e+01,2.049458e+01,2.056442e+01,2.056442e+01,2.066211e+01,2.055743e+01,2.054347e+01,2.057140e+01,2.056442e+01,2.059234e+01,2.055045e+01,2.045266e+01,2.046663e+01,2.059234e+01,2.051554e+01,2.054347e+01,2.058536e+01,2.052252e+01,2.049458e+01,2.045964e+01,2.052252e+01,2.050157e+01,2.050157e+01,2.049458e+01,2.055045e+01,2.050157e+01,2.058536e+01,2.055045e+01,2.051554e+01,2.055045e+01,2.052950e+01,2.043868e+01,2.035476e+01,2.043169e+01,2.040372e+01,2.045266e+01,2.036875e+01,2.001139e+01,1.962456e+01,1.925038e+01,1.898832e+01,1.884638e+01,1.864733e+01,1.858326e+01,1.867579e+01,1.861886e+01,1.851203e+01,1.846926e+01,1.859750e+01,1.852628e+01,1.858326e+01,1.856190e+01,1.857614e+01,1.844074e+01,1.870424e+01,1.875401e+01,1.878245e+01,1.874691e+01,1.877534e+01,1.892448e+01,1.895286e+01,1.896704e+01,1.918670e+01,1.915130e+01,1.921501e+01,1.921501e+01,1.918670e+01,1.924331e+01,1.900251e+01,1.911590e+01,1.921501e+01,1.920793e+01,1.907339e+01,1.915838e+01,1.912298e+01,1.913714e+01,1.908047e+01,1.932815e+01,1.929988e+01,1.922916e+01,1.919378e+01,1.910173e+01,1.915838e+01,1.914422e+01,1.917254e+01,1.915130e+01,1.905922e+01,1.904504e+01,1.899541e+01,1.910173e+01,1.916546e+01,1.903795e+01,1.907339e+01,1.896704e+01,1.893157e+01,1.882508e+01,1.865444e+01,1.866867e+01,1.865444e+01,1.865444e+01,1.866867e+01,1.862598e+01,1.869713e+01,1.864021e+01,1.863309e+01,1.869002e+01,1.875401e+01,1.871847e+01,1.889609e+01,1.898832e+01,1.922208e+01,1.944823e+01,1.957522e+01,1.957522e+01,1.958932e+01,1.982168e+01,1.990604e+01,2.017972e+01,2.027778e+01,2.052252e+01,2.062025e+01,2.062025e+01,2.059932e+01,2.064118e+01,2.064118e+01,2.059234e+01,2.062025e+01,2.063420e+01,2.053649e+01,2.064118e+01,2.059932e+01,2.061327e+01,2.068303e+01,2.066211e+01,2.067605e+01,2.066211e+01,2.063420e+01,2.059932e+01,2.060629e+01,2.065513e+01,2.050157e+01,2.059234e+01,2.064118e+01,2.049458e+01,2.048061e+01,2.045266e+01,2.045964e+01,2.056442e+01,2.052950e+01,2.050855e+01,2.062723e+01,2.069697e+01,2.049458e+01,2.065513e+01,2.064816e+01,2.068303e+01,2.064816e+01,2.071091e+01,2.064118e+01,2.057140e+01,2.060629e+01,2.052252e+01,2.064816e+01,2.066211e+01,2.066908e+01,2.066908e+01,2.066211e+01,2.057140e+01,2.064118e+01,2.051554e+01,2.024277e+01,1.984277e+01,1.952586e+01,1.915130e+01,1.903087e+01,1.898832e+01,1.888189e+01,1.871847e+01,1.880376e+01,1.887479e+01,1.895995e+01,1.886059e+01,1.886059e+01,1.896704e+01,1.886769e+01,1.896704e+01,1.888189e+01,1.899541e+01,1.902378e+01,1.903795e+01,1.912298e+01,1.918670e+01,1.928574e+01,1.932109e+01,1.942705e+01,1.932815e+01,1.931402e+01,1.925745e+01,1.903087e+01,1.900960e+01,1.927867e+01,1.933522e+01,1.932109e+01,1.953291e+01,1.956112e+01,1.939881e+01,1.937762e+01,1.917254e+01,1.900960e+01,1.900960e+01,1.892448e+01,1.908047e+01,1.911590e+01,1.909464e+01,1.919378e+01,1.912298e+01,1.905213e+01,1.915130e+01,1.908047e+01,1.910173e+01,1.900960e+01,1.910173e+01,1.905922e+01,1.910881e+01,1.909464e+01,1.920793e+01,1.922916e+01,1.960342e+01,2.024277e+01,2.030578e+01,2.061327e+01,2.064118e+01,2.063420e+01,2.063420e+01,2.071091e+01,2.073879e+01,2.067605e+01,2.072486e+01,2.067605e+01,2.066211e+01,2.071789e+01,2.073182e+01,2.071091e+01,2.066211e+01,2.067605e+01,2.074576e+01,2.075970e+01,2.073879e+01,2.075970e+01,2.078060e+01,2.071789e+01,2.062723e+01,2.062025e+01,2.069697e+01,2.063420e+01,2.087808e+01,2.078757e+01,2.065513e+01,2.070394e+01,2.073182e+01,2.071091e+01,2.073182e+01,2.073182e+01,2.066908e+01,2.073182e+01,2.068303e+01,2.075273e+01,2.058536e+01,2.066908e+01,2.071091e+01,2.073879e+01,2.069697e+01,2.075970e+01,2.069697e+01,2.074576e+01,2.075273e+01,2.074576e+01,2.073879e+01,2.064118e+01,2.071789e+01,2.075273e+01,2.072486e+01,2.085720e+01,2.069697e+01,2.071789e+01,2.072486e+01,2.075273e+01,2.078060e+01,2.076667e+01,2.080150e+01,2.069000e+01,2.080150e+01,2.082935e+01,2.069697e+01,2.071789e+01,2.092679e+01,2.065513e+01,2.080846e+01,2.080150e+01,2.073182e+01,2.080150e+01,2.068303e+01,2.071091e+01,2.069000e+01,2.069000e+01,2.071789e+01,2.096156e+01,2.074576e+01,2.070394e+01,2.071091e+01,2.077363e+01,2.079453e+01,2.061327e+01,2.068303e+01,2.077363e+01,2.070394e+01,2.080846e+01,2.083632e+01,2.080150e+01,2.075970e+01,2.069697e+01,2.065513e+01,2.069697e+01,2.070394e+01,2.070394e+01,2.059932e+01,2.073182e+01,2.057140e+01,2.066211e+01,2.080846e+01,2.072486e+01,2.081543e+01,2.070394e+01,2.072486e+01,2.073879e+01,2.080846e+01,2.073182e+01,2.062025e+01,2.082239e+01,2.070394e+01,2.073879e+01,2.071091e+01,2.067605e+01,2.068303e+01,2.080150e+01,2.071789e+01,2.062025e+01,2.082239e+01,2.071789e+01,2.078757e+01,2.075273e+01,2.075273e+01,2.073879e+01,2.071091e+01,2.075273e+01,2.078757e+01,2.074576e+01,2.075273e+01,2.081543e+01,2.072486e+01,2.081543e+01,2.073879e+01,2.080846e+01,2.069000e+01,2.072486e+01,2.071789e+01,2.071091e+01,2.070394e+01,2.070394e+01,2.072486e+01,2.075273e+01,2.070394e+01,2.078060e+01,2.075970e+01,2.077363e+01,2.075970e+01,2.068303e+01,2.081543e+01,2.075273e+01,2.071789e+01,2.080846e+01,2.071789e+01,2.073182e+01,2.079453e+01,2.080846e+01,2.069697e+01,2.069000e+01,2.073182e+01,2.070394e+01,2.071789e+01,2.091983e+01,2.085024e+01,2.077363e+01,2.076667e+01,2.071091e+01,2.070394e+01,2.082935e+01,2.078060e+01,2.085720e+01,2.083632e+01,2.054347e+01,2.071789e+01,2.071789e+01,2.070394e+01,2.073879e+01,2.071091e+01,2.085720e+01,2.070394e+01,2.070394e+01,2.080150e+01,2.072486e+01,2.073879e+01,2.077363e+01,2.073879e+01,2.084328e+01,2.070394e+01,2.075970e+01,2.083632e+01,2.074576e+01,2.062723e+01,2.082239e+01,2.070394e+01,2.069697e+01,2.069000e+01,2.071789e+01,2.075273e+01,2.062025e+01,2.064816e+01,2.066211e+01,2.071091e+01,2.069697e+01,2.075970e+01,2.078060e+01,2.069697e+01,2.069697e+01,2.068303e+01,2.069000e+01,2.064118e+01,2.063420e+01,2.080846e+01,2.082935e+01,2.075970e+01,2.066211e+01,2.073182e+01,2.066211e+01,2.070394e+01,2.072486e+01,2.073182e+01,2.073879e+01,2.072486e+01,2.071789e+01,2.066211e+01,2.071091e+01,2.069697e+01,2.068303e+01,2.070394e+01,2.070394e+01,2.072486e+01,2.076667e+01,2.079453e+01,2.075970e+01,2.066908e+01,2.082239e+01,2.078060e+01,2.075273e+01,2.082239e+01,2.067605e+01,2.074576e+01,2.062025e+01,2.063420e+01,2.063420e+01,2.054347e+01
2.048759e+01,2.049458e+01,2.045964e+01,2.041071e+01,2.039673e+01,2.052950e+01,2.057140e+01,2.055045e+01,2.048061e+01,2.058536e+01,2.059932e+01,2.068303e+01,2.054347e+01,2.055045e+01,2.067605e+01,2.036875e+01,2.056442e+01,2.032678e+01,2.055743e+01,2.040372e+01,2.044567e+01,2.049458e+01,2.067605e+01,2.051554e+01,2.047362e+01,2.048759e+01,2.053649e+01,2.055743e+01,2.057838e+01,2.060629e+01,2.054347e+01,2.052950e+01,2.054347e+01,2.043868e+01,2.053649e+01,2.052252e+01,2.048759e+01,2.048759e+01,2.047362e+01,2.056442e+01,2.053649e+01,2.050855e+01,2.051554e+01,2.051554e+01,2.062025e+01,2.050157e+01,2.052252e+01,2.046663e+01,2.048061e+01,2.052950e+01,2.055045e+01,2.050157e+01,2.057140e+01,2.064118e+01,2.048061e+01,2.069000e+01,2.057140e+01,2.062723e+01,2.060629e+01,2.052252e+01,2.046663e+01,2.052252e+01,2.055743e+01,2.052252e+01,2.052950e+01,2.059234e+01,2.053649e+01,2.051554e+01,2.054347e+01,2.059932e+01,2.064118e+01,2.051554e+01,2.056442e+01,2.054347e+01,2.052950e+01,2.070394e+01,2.059932e+01,2.059932e+01,2.063420e+01,2.059234e+01,2.057838e+01,2.060629e+01,2.062723e+01,2.055743e+01,2.048061e+01,2.061327e+01,2.063420e+01,2.061327e+01,2.059932e+01,2.064118e+01,2.063420e+01,2.055743e+01,2.060629e+01,2.064118e+01,2.064118e+01,2.062025e+01,2.056442e+01,2.056442e+01,2.069697e+01,2.057140e+01,2.062025e+01,2.055045e+01,2.064816e+01,2.065513e+01,2.060629e+01,2.058536e+01,2.055045e+01,2.060629e+01,2.062025e+01,2.057140e+01,2.052252e+01,2.065513e+01,2.062723e+01,2.055045e+01,2.062723e+01,2.059234e+01,2.062723e+01,2.063420e+01,2.052950e+01,2.058536e+01,2.052252e+01,2.048759e+01,2.055743e+01,2.056442e+01,2.067605e+01,2.057140e+01,2.057838e+01,2.062723e+01,2.069697e+01,2.057140e+01,2.055045e+01,2.055743e+01,2.058536e+01,2.060629e+01,2.055743e+01,2.055743e+01,2.055045e+01,2.054347e+01,2.057140e+01,2.056442e+01,2.064816e+01,2.052252e+01,2.056442e+01,2.056442e+01,2.057140e+01,2.057140e+01,2.056442e+01,2.055743e+01,2.059234e+01,2.055743e+01,2.064816e+01,2.055743e+01,2.062723e+01,2.061327e+01,2.048759e+01,2.062723e+01,2.057838e+01,2.065513e+01,2.051554e+01,2.064816e+01,2.050855e+01,2.072486e+01,2.050855e+01,2.060629e+01,2.051554e+01,2.047362e+01,2.057838e+01,2.047362e+01,2.059932e+01,2.059234e+01,2.056442e+01,2.053649e+01,2.052950e+01,2.066908e+01,2.062723e+01,2.064816e+01,2.053649e+01,2.055045e+01,2.057140e+01,2.043868e+01,2.056442e+01,2.055743e+01,2.064118e+01,2.048759e+01,2.056442e+01,2.050855e+01,2.051554e+01,2.055045e+01,2.063420e+01,2.057140e+01,2.062723e+01,2.052252e+01,2.050855e+01,2.053649e+01,2.053649e+01,2.048061e+01,2.061327e+01,2.050157e+01,2.045964e+01,2.048061e+01,2.048061e+01,2.052950e+01,2.054347e+01,2.046663e+01,2.031278e+01,1.999735e+01,1.946941e+01,1.896704e+01,1.868290e+01,1.866867e+01,1.873980e+01,1.861886e+01,1.865444e+01,1.854053e+01,1.848352e+01,1.851203e+01,1.852628e+01,1.856902e+01,1.854053e+01,1.855477e+01,1.856902e+01,1.859038e+01,1.880376e+01,1.866156e+01,1.874691e+01,1.894576e+01,1.894576e+01,1.894576e+01,1.910173e+01,1.931402e+01,1.915838e+01,1.917962e+01,1.915838e+01,1.913714e+01,1.903087e+01,1.905922e+01,1.901669e+01,1.897414e+01,1.896704e+01,1.896704e+01,1.901669e+01,1.908756e+01,1.910173e+01,1.920793e+01,1.918670e+01,1.920085e+01,1.913714e+01,1.911590e+01,1.912298e+01,1.908756e+01,1.922916e+01,1.906630e+01,1.907339e+01,1.896704e+01,1.904504e+01,1.907339e+01,1.898832e+01,1.904504e+01,1.898123e+01,1.906630e+01,1.911590e+01,1.893157e+01,1.873269e+01,1.857614e+01,1.875401e+01,1.858326e+01,1.859038e+01,1.859750e+01,1.860462e+01,1.856190e+01,1.869713e+01,1.870424e+01,1.872558e+01,1.864021e+01,1.859750e+01,1.872558e+01,1.887479e+01,1.921501e+01,1.922916e+01,1.975132e+01,1.975836e+01,2.004648e+01,2.016570e+01,2.013766e+01,2.013766e+01,2.031978e+01,2.043868e+01,2.054347e+01,2.064816e+01,2.057838e+01,2.057838e+01,2.061327e+01,2.057838e+01,2.063420e+01,2.057140e+01,2.059932e+01,2.059932e+01,2.058536e+01,2.071091e+01,2.069697e+01,2.066211e+01,2.067605e+01,2.069000e+01,2.063420e+01,2.056442e+01,2.064118e+01,2.065513e+01,2.062723e+01,2.067605e+01,2.051554e+01,2.050855e+01,2.050855e+01,2.052950e+01,2.049458e+01,2.061327e+01,2.051554e+01,2.053649e+01,2.059234e+01,2.067605e+01,2.062025e+01,2.068303e+01,2.055743e+01,2.069697e+01,2.068303e+01,2.059932e+01,2.071789e+01,2.071091e+01,2.068303e+01,2.065513e+01,2.069697e+01,2.067605e+01,2.066211e+01,2.070394e+01,2.066211e+01,2.062723e+01,2.059932e+01,2.067605e+01,2.064816e+01,2.048061e+01,1.994819e+01,1.983574e+01,1.943411e+01,1.908756e+01,1.891028e+01,1.893867e+01,1.892448e+01,1.878245e+01,1.876823e+01,1.888189e+01,1.890318e+01,1.891738e+01,1.893867e+01,1.896704e+01,1.891738e+01,1.905922e+01,1.905213e+01,1.907339e+01,1.906630e+01,1.905922e+01,1.922916e+01,1.934936e+01,1.935642e+01,1.923623e+01,1.924331e+01,1.919378e+01,1.903795e+01,1.904504e+01,1.914422e+01,1.914422e+01,1.925038e+01,1.939881e+01,1.954701e+01,1.977947e+01,1.971613e+01,1.939881e+01,1.928574e+01,1.906630e+01,1.893867e+01,1.888189e+01,1.900960e+01,1.909464e+01,1.906630e+01,1.916546e+01,1.924331e+01,1.910881e+01,1.903087e+01,1.912298e+01,1.913006e+01,1.910881e+01,1.909464e+01,1.910881e+01,1.910173e+01,1.917254e+01,1.924331e+01,1.926452e+01,1.963865e+01,2.022876e+01,2.065513e+01,2.063420e+01,2.064118e+01,2.071091e+01,2.066211e+01,2.069697e+01,2.066908e+01,2.075970e+01,2.070394e+01,2.069697e+01,2.066908e+01,2.078060e+01,2.077363e+01,2.070394e+01,2.072486e+01,2.075970e+01,2.066908e+01,2.074576e+01,2.080150e+01,2.079453e+01,2.077363e+01,2.074576e+01,2.073182e+01,2.064816e+01,2.069000e+01,2.064816e+01,2.073182e+01,2.066908e+01,2.068303e+01,2.086416e+01,2.081543e+01,2.067605e+01,2.066908e+01,2.071091e+01,2.071091e+01,2.071091e+01,2.073879e+01,2.072486e+01,2.075970e+01,2.066908e+01,2.078060e+01,2.087112e+01,2.077363e+01,2.077363e+01,2.078060e+01,2.074576e+01,2.078060e+01,2.071091e+01,2.077363e+01,2.073182e+01,2.071789e+01,2.078757e+01,2.066908e+01,2.069697e+01,2.088504e+01,2.066908e+01,2.082239e+01,2.072486e+01,2.073879e+01,2.070394e+01,2.073182e+01,2.071789e+01,2.075970e+01,2.079453e+01,2.078060e+01,2.074576e+01,2.073879e+01,2.071789e+01,2.066908e+01,2.073182e+01,2.068303e+01,2.079453e+01,2.073182e+01,2.075970e+01,2.071789e+01,2.077363e+01,2.069000e+01,2.070394e+01,2.083632e+01,2.069697e+01,2.071091e+01,2.078060e+01,2.080846e+01,2.086416e+01,2.073879e+01,2.080150e+01,2.081543e+01,2.078757e+01,2.082239e+01,2.075273e+01,2.074576e+01,2.086416e+01,2.075970e+01,2.074576e+01,2.068303e+01,2.080846e+01,2.068303e+01,2.066211e+01,2.075273e+01,2.060629e+01,2.075273e+01,2.080150e+01,2.080150e+01,2.079453e+01,2.080846e+01,2.078757e+01,2.080150e+01,2.075970e+01,2.062723e+01,2.076667e+01,2.064118e+01,2.068303e+01,2.070394e+01,2.070394e+01,2.067605e+01,2.070394e+01,2.072486e+01,2.066908e+01,2.072486e+01,2.078757e+01,2.077363e+01,2.074576e+01,2.071789e+01,2.073182e+01,2.069697e+01,2.070394e+01,2.079453e+01,2.079453e+01,2.077363e+01,2.063420e+01,2.082935e+01,2.081543e+01,2.066211e+01,2.066908e+01,2.069000e+01,2.072486e+01,2.069697e+01,2.073182e+01,2.080846e+01,2.082935e+01,2.085720e+01,2.085720e+01,2.087112e+01,2.078757e+01,2.075970e+01,2.077363e+01,2.068303e+01,2.079453e+01,2.072486e+01,2.075970e+01,2.077363e+01,2.074576e+01,2.080846e+01,2.079453e+01,2.076667e+01,2.078757e+01,2.068303e+01,2.068303e+01,2.067605e+01,2.065513e+01,2.071091e+01,2.072486e+01,2.076667e+01,2.089896e+01,2.089896e+01,2.078060e+01,2.068303e+01,2.070394e+01,2.075273e+01,2.073182e+01,2.072486e+01,2.072486e+01,2.079453e+01,2.069697e+01,2.073182e+01,2.071091e+01,2.069697e+01,2.069697e+01,2.069697e+01,2.070394e+01,2.071091e+01,2.069000e+01,2.069000e+01,2.065513e+01,2.071789e+01,2.078757e+01,2.071789e+01,2.088504e+01,2.075970e+01,2.080846e+01,2.070394e+01,2.071789e+01,2.070394e+01,2.069697e+01,2.073879e+01,2.080846e+01,2.078757e+01,2.078060e+01,2.064118e+01,2.067605e+01,2.066211e+01,2.069000e+01,2.066908e+01,2.082239e+01,2.073182e+01,2.064816e+01,2.080150e+01,2.069000e+01,2.076667e+01,2.081543e+01,2.077363e+01,2.079453e+01,2.085024e+01,2.075970e+01,2.070394e+01,2.069697e+01,2.071091e+01,2.073182e+01,2.075970e+01,2.069697e+01,2.080846e+01,2.070394e+01,2.069697e+01,2.069697e+01,2.064118e+01,2.079453e+01,2.069697e+01,2.071789e+01,2.071091e+01,2.070394e+01,2.071789e+01,2.070394e+01,2.075970e+01,2.053649e+01,2.078060e+01,2.063420e+01,2.068303e+01,2.071789e+01,2.072486e+01,2.061327e+01,2.057838e+01,2.065513e+01,2.073879e+01
2.052950e+01,2.050855e+01,2.050855e+01,2.050855e+01,2.062025e+01,2.056442e+01,2.044567e+01,2.057838e+01,2.053649e+01,2.043169e+01,2.054347e+01,2.055743e+01,2.046663e+01,2.051554e+01,2.048061e+01,2.050157e+01,2.063420e+01,2.058536e+01,2.062025e+01,2.049458e+01,2.042470e+01,2.049458e+01,2.048061e+01,2.068303e+01,2.054347e+01,2.056442e+01,2.052252e+01,2.056442e+01,2.052252e+01,2.056442e+01,2.055045e+01,2.056442e+01,2.052252e+01,2.054347e+01,2.054347e+01,2.062723e+01,2.049458e+01,2.053649e+01,2.050157e+01,2.048061e+01,2.049458e+01,2.046663e+01,2.053649e+01,2.053649e+01,2.055045e+01,2.050855e+01,2.056442e+01,2.052252e+01,2.056442e+01,2.045266e+01,2.048759e+01,2.064816e+01,2.057140e+01,2.054347e+01,2.062723e+01,2.057140e+01,2.061327e+01,2.064118e+01,2.058536e+01,2.063420e+01,2.063420e+01,2.053649e+01,2.054347e+01,2.056442e+01,2.058536e+01,2.055743e+01,2.064118e+01,2.060629e+01,2.055743e+01,2.056442e+01,2.046663e+01,2.052950e+01,2.064118e+01,2.052950e+01,2.061327e+01,2.062723e+01,2.063420e+01,2.064118e+01,2.064816e+01,2.052950e+01,2.059932e+01,2.068303e+01,2.066908e+01,2.070394e+01,2.066908e+01,2.050157e+01,2.066908e+01,2.062723e+01,2.054347e+01,2.058536e+01,2.050855e+01,2.066211e+01,2.067605e+01,2.069697e+01,2.061327e+01,2.063420e+01,2.060629e+01,2.064118e+01,2.066211e+01,2.060629e+01,2.060629e+01,2.061327e+01,2.062025e+01,2.066908e+01,2.066908e+01,2.061327e+01,2.060629e+01,2.059234e+01,2.060629e+01,2.061327e+01,2.062025e+01,2.064118e+01,2.064118e+01,2.066211e+01,2.063420e+01,2.052950e+01,2.057838e+01,2.049458e+01,2.053649e+01,2.055743e+01,2.069000e+01,2.057140e+01,2.050855e+01,2.054347e+01,2.069000e+01,2.069000e+01,2.069697e+01,2.066908e+01,2.065513e+01,2.065513e+01,2.064816e+01,2.054347e+01,2.066211e+01,2.065513e+01,2.056442e+01,2.053649e+01,2.054347e+01,2.047362e+01,2.071091e+01,2.054347e+01,2.043169e+01,2.066211e+01,2.056442e+01,2.059234e+01,2.066908e+01,2.056442e+01,2.056442e+01,2.057838e+01,2.055743e+01,2.062723e+01,2.063420e+01,2.055045e+01,2.066211e+01,2.063420e+01,2.054347e+01,2.057140e+01,2.057140e+01,2.060629e+01,2.067605e+01,2.059234e+01,2.062723e+01,2.059234e+01,2.050157e+01,2.049458e+01,2.058536e+01,2.057838e+01,2.057838e+01,2.062025e+01,2.060629e+01,2.059932e+01,2.059932e+01,2.054347e+01,2.056442e+01,2.055743e+01,2.055045e+01,2.059234e+01,2.053649e+01,2.052252e+01,2.052950e+01,2.061327e+01,2.061327e+01,2.052950e+01,2.053649e+01,2.057838e+01,2.069000e+01,2.040372e+01,2.053649e+01,2.051554e+01,2.055743e+01,2.045964e+01,2.052950e+01,2.057140e+01,2.055743e+01,2.048061e+01,2.052950e+01,2.061327e+01,2.051554e+01,2.058536e+01,2.057140e+01,2.055743e+01,2.054347e+01,2.051554e+01,2.040372e+01,2.056442e+01,2.027778e+01,1.976540e+01,1.942705e+01,1.886769e+01,1.869713e+01,1.861886e+01,1.861174e+01,1.863309e+01,1.849064e+01,1.866867e+01,1.849064e+01,1.849064e+01,1.856190e+01,1.861174e+01,1.844787e+01,1.851203e+01,1.863309e+01,1.859038e+01,1.873269e+01,1.873269e+01,1.892448e+01,1.895995e+01,1.896704e+01,1.896704e+01,1.909464e+01,1.916546e+01,1.901669e+01,1.929988e+01,1.892448e+01,1.892448e+01,1.887479e+01,1.881797e+01,1.895286e+01,1.879666e+01,1.878955e+01,1.895286e+01,1.893867e+01,1.907339e+01,1.908047e+01,1.913714e+01,1.910881e+01,1.917254e+01,1.909464e+01,1.909464e+01,1.917962e+01,1.907339e+01,1.906630e+01,1.909464e+01,1.905922e+01,1.888189e+01,1.891738e+01,1.880376e+01,1.897414e+01,1.905922e+01,1.893867e+01,1.912298e+01,1.900251e+01,1.891738e+01,1.878955e+01,1.874691e+01,1.860462e+01,1.860462e+01,1.862598e+01,1.851915e+01,1.854053e+01,1.871847e+01,1.849064e+01,1.854765e+01,1.866867e+01,1.864733e+01,1.871135e+01,1.865444e+01,1.897414e+01,1.930695e+01,1.947647e+01,1.990604e+01,2.035476e+01,2.020774e+01,2.036176e+01,2.034077e+01,2.043169e+01,2.059234e+01,2.051554e+01,2.059234e+01,2.056442e+01,2.064816e+01,2.058536e+01,2.063420e+01,2.069000e+01,2.071091e+01,2.061327e+01,2.061327e+01,2.060629e+01,2.057838e+01,2.056442e+01,2.066908e+01,2.064118e+01,2.071789e+01,2.065513e+01,2.064816e+01,2.066908e+01,2.060629e+01,2.059234e+01,2.061327e+01,2.049458e+01,2.049458e+01,2.051554e+01,2.048759e+01,2.069697e+01,2.053649e+01,2.045266e+01,2.044567e+01,2.048759e+01,2.061327e+01,2.070394e+01,2.068303e+01,2.069000e+01,2.059234e+01,2.066211e+01,2.066211e+01,2.062723e+01,2.080846e+01,2.061327e+01,2.069000e+01,2.073879e+01,2.068303e+01,2.067605e+01,2.075273e+01,2.066908e+01,2.069697e+01,2.066211e+01,2.071091e+01,2.064118e+01,2.063420e+01,2.050157e+01,2.017972e+01,1.975836e+01,1.955407e+01,1.908756e+01,1.897414e+01,1.893157e+01,1.889609e+01,1.888189e+01,1.884638e+01,1.881797e+01,1.888189e+01,1.887479e+01,1.889609e+01,1.887479e+01,1.900251e+01,1.892448e+01,1.907339e+01,1.905922e+01,1.909464e+01,1.910881e+01,1.921501e+01,1.947647e+01,1.939881e+01,1.922916e+01,1.917962e+01,1.912298e+01,1.917254e+01,1.904504e+01,1.915838e+01,1.908047e+01,1.915130e+01,1.915130e+01,1.958227e+01,1.989901e+01,1.991306e+01,1.969500e+01,1.918670e+01,1.912298e+01,1.895995e+01,1.903087e+01,1.907339e+01,1.898123e+01,1.904504e+01,1.911590e+01,1.903087e+01,1.915838e+01,1.929281e+01,1.917254e+01,1.912298e+01,1.898832e+01,1.895995e+01,1.908047e+01,1.893157e+01,1.912298e+01,1.912298e+01,1.927867e+01,1.963865e+01,2.022876e+01,2.053649e+01,2.063420e+01,2.065513e+01,2.073879e+01,2.073182e+01,2.072486e+01,2.087808e+01,2.071091e+01,2.073879e+01,2.063420e+01,2.072486e+01,2.070394e+01,2.068303e+01,2.073879e+01,2.069000e+01,2.070394e+01,2.071789e+01,2.078060e+01,2.064816e+01,2.070394e+01,2.080846e+01,2.063420e+01,2.078757e+01,2.060629e+01,2.071091e+01,2.061327e+01,2.059932e+01,2.066211e+01,2.067605e+01,2.063420e+01,2.077363e+01,2.073182e+01,2.063420e+01,2.075970e+01,2.070394e+01,2.074576e+01,2.070394e+01,2.069697e+01,2.071091e+01,2.084328e+01,2.067605e+01,2.075970e+01,2.075970e+01,2.072486e+01,2.073879e+01,2.079453e+01,2.079453e+01,2.077363e+01,2.075273e+01,2.067605e+01,2.080846e+01,2.080150e+01,2.071091e+01,2.069697e+01,2.078060e+01,2.075273e+01,2.071789e+01,2.075970e+01,2.074576e+01,2.078757e+01,2.073879e+01,2.075273e+01,2.073182e+01,2.074576e+01,2.069000e+01,2.075273e+01,2.073879e+01,2.079453e+01,2.075273e+01,2.081543e+01,2.076667e+01,2.070394e+01,2.073879e+01,2.066908e+01,2.069697e+01,2.074576e+01,2.068303e+01,2.087808e+01,2.077363e+01,2.070394e+01,2.074576e+01,2.078757e+01,2.079453e+01,2.074576e+01,2.069000e+01,2.066908e+01,2.069697e+01,2.083632e+01,2.069000e+01,2.085720e+01,2.066908e+01,2.074576e+01,2.090592e+01,2.075273e+01,2.077363e+01,2.080150e+01,2.074576e+01,2.066908e+01,2.075970e+01,2.071091e+01,2.080150e+01,2.082239e+01,2.078757e+01,2.083632e+01,2.066908e+01,2.083632e+01,2.082239e+01,2.069697e+01,2.075273e+01,2.073182e+01,2.068303e+01,2.072486e+01,2.068303e+01,2.072486e+01,2.067605e+01,2.080846e+01,2.072486e+01,2.080150e+01,2.075970e+01,2.073182e+01,2.073182e+01,2.075970e+01,2.078757e+01,2.068303e+01,2.071789e+01,2.067605e+01,2.071789e+01,2.075273e+01,2.079453e+01,2.079453e+01,2.082239e+01,2.069000e+01,2.078757e+01,2.066908e+01,2.075273e+01,2.068303e+01,2.072486e+01,2.068303e+01,2.067605e+01,2.081543e+01,2.068303e+01,2.071789e+01,2.076667e+01,2.081543e+01,2.075273e+01,2.076667e+01,2.078060e+01,2.076667e+01,2.078060e+01,2.080846e+01,2.085024e+01,2.078060e+01,2.073182e+01,2.078757e+01,2.078060e+01,2.071091e+01,2.087112e+01,2.073182e+01,2.066908e+01,2.071091e+01,2.078757e+01,2.091983e+01,2.086416e+01,2.084328e+01,2.068303e+01,2.074576e+01,2.078757e+01,2.082239e+01,2.085024e+01,2.082935e+01,2.073879e+01,2.075273e+01,2.071091e+01,2.070394e+01,2.091983e+01,2.078757e+01,2.075273e+01,2.072486e+01,2.075970e+01,2.069000e+01,2.070394e+01,2.068303e+01,2.073182e+01,2.071789e+01,2.066211e+01,2.077363e+01,2.071789e+01,2.066908e+01,2.068303e+01,2.070394e+01,2.071789e+01,2.070394e+01,2.073879e+01,2.072486e+01,2.070394e+01,2.070394e+01,2.076667e+01,2.071091e+01,2.075970e+01,2.080150e+01,2.078757e+01,2.066908e+01,2.079453e+01,2.072486e+01,2.072486e+01,2.070394e+01,2.077363e+01,2.075273e+01,2.059932e+01,2.078060e+01,2.069697e+01,2.066908e+01,2.075970e+01,2.083632e+01,2.076667e+01,2.075970e+01,2.071789e+01,2.075273e+01,2.066211e+01,2.069697e+01,2.080846e+01,2.071789e+01,2.074576e+01,2.067605e+01,2.071091e+01,2.078757e+01,2.071091e+01,2.071091e+01,2.071091e+01,2.070394e+01,2.074576e+01,2.073182e+01,2.069697e+01,2.073182e+01,2.084328e+01,2.073879e+01,2.080846e+01,2.080846e+01,2.075970e+01,2.061327e+01,2.058536e+01,2.066908e+01,2.075970e+01
2.052252e+01,2.050855e+01,2.047362e+01,2.063420e+01,2.071091e+01,2.045266e+01,2.051554e+01,2.056442e+01,2.054347e+01,2.052252e+01,2.055045e+01,2.055045e+01,2.068303e+01,2.048759e+01,2.048759e+01,2.068303e+01,2.052252e+01,2.050157e+01,2.062025e+01,2.058536e+01,2.051554e+01,2.055045e+01,2.069000e+01,2.053649e+01,2.057838e+01,2.055743e+01,2.050855e+01,2.054347e+01,2.051554e+01,2.058536e+01,2.057838e+01,2.054347e+01,2.050157e+01,2.040372e+01,2.055045e+01,2.069000e+01,2.053649e+01,2.058536e+01,2.051554e+01,2.052252e+01,2.050157e+01,2.055045e+01,2.054347e+01,2.063420e+01,2.073879e+01,2.059932e+01,2.078060e+01,2.057140e+01,2.064816e+01,2.062025e+01,2.064118e+01,2.057838e+01,2.050855e+01,2.060629e+01,2.062723e+01,2.050157e+01,2.064816e+01,2.064816e+01,2.046663e+01,2.065513e+01,2.061327e+01,2.074576e+01,2.055743e+01,2.057140e+01,2.054347e+01,2.054347e+01,2.068303e+01,2.068303e+01,2.075273e+01,2.068303e+01,2.069000e+01,2.067605e+01,2.054347e+01,2.052252e+01,2.064118e+01,2.057838e+01,2.064118e+01,2.059932e+01,2.064816e+01,2.061327e+01,2.069000e+01,2.063420e+01,2.066908e+01,2.059234e+01,2.064816e+01,2.066211e+01,2.066908e+01,2.062025e+01,2.053649e+01,2.065513e+01,2.061327e+01,2.072486e+01,2.075970e+01,2.065513e+01,2.073879e+01,2.059932e+01,2.066908e+01,2.065513e+01,2.069000e+01,2.073182e+01,2.057838e+01,2.057838e+01,2.070394e+01,2.063420e+01,2.069000e+01,2.074576e+01,2.057838e+01,2.059932e+01,2.062723e+01,2.060629e+01,2.063420e+01,2.064118e+01,2.061327e+01,2.058536e+01,2.053649e+01,2.055045e+01,2.059932e+01,2.060629e+01,2.062025e+01,2.063420e+01,2.066211e+01,2.051554e+01,2.066908e+01,2.056442e+01,2.068303e+01,2.066211e+01,2.071789e+01,2.070394e+01,2.069000e+01,2.069000e+01,2.049458e+01,2.064118e+01,2.064118e+01,2.069000e+01,2.059932e+01,2.056442e+01,2.051554e+01,2.072486e+01,2.059234e+01,2.061327e+01,2.052950e+01,2.068303e+01,2.071091e+01,2.059234e+01,2.057140e+01,2.057140e+01,2.059932e+01,2.059932e+01,2.057838e+01,2.063420e+01,2.056442e+01,2.066211e+01,2.052950e+01,2.054347e+01,2.057140e+01,2.046663e+01,2.062025e+01,2.057838e+01,2.055045e+01,2.065513e+01,2.059234e+01,2.075273e+01,2.050157e+01,2.074576e+01,2.054347e+01,2.062025e+01,2.053649e+01,2.059932e+01,2.058536e+01,2.053649e+01,2.064816e+01,2.057140e+01,2.055045e+01,2.061327e+01,2.063420e+01,2.062025e+01,2.064816e+01,2.055743e+01,2.055045e+01,2.057140e+01,2.063420e+01,2.064118e+01,2.052950e+01,2.055743e+01,2.052950e+01,2.052950e+01,2.056442e+01,2.061327e+01,2.052950e+01,2.055743e+01,2.055045e+01,2.052950e+01,2.052950e+01,2.052950e+01,2.061327e+01,2.047362e+01,2.052950e+01,2.045266e+01,2.045266e+01,2.052950e+01,2.055045e+01,2.041071e+01,2.037575e+01,2.039673e+01,2.007454e+01,1.953996e+01,1.920085e+01,1.871135e+01,1.863309e+01,1.858326e+01,1.866156e+01,1.864733e+01,1.863309e+01,1.846926e+01,1.846926e+01,1.844787e+01,1.851915e+01,1.845500e+01,1.851915e+01,1.857614e+01,1.854053e+01,1.858326e+01,1.871847e+01,1.890318e+01,1.874691e+01,1.894576e+01,1.896704e+01,1.899541e+01,1.903087e+01,1.922916e+01,1.903795e+01,1.884638e+01,1.892448e+01,1.890318e+01,1.876112e+01,1.880376e+01,1.878245e+01,1.878955e+01,1.883218e+01,1.897414e+01,1.895995e+01,1.900251e+01,1.903795e+01,1.905922e+01,1.912298e+01,1.915838e+01,1.909464e+01,1.908756e+01,1.910881e+01,1.904504e+01,1.904504e+01,1.893867e+01,1.903087e+01,1.898123e+01,1.888189e+01,1.888189e+01,1.876823e+01,1.892448e+01,1.902378e+01,1.893867e+01,1.895995e+01,1.893867e+01,1.876823e+01,1.880376e+01,1.860462e+01,1.863309e+01,1.847639e+01,1.851203e+01,1.851915e+01,1.848352e+01,1.860462e+01,1.863309e+01,1.868290e+01,1.865444e+01,1.864021e+01,1.867579e+01,1.887479e+01,1.925038e+01,1.932109e+01,1.998330e+01,2.031978e+01,2.055743e+01,2.038274e+01,2.064816e+01,2.055743e+01,2.071789e+01,2.064816e+01,2.062723e+01,2.058536e+01,2.064816e+01,2.064816e+01,2.058536e+01,2.070394e+01,2.059234e+01,2.067605e+01,2.060629e+01,2.054347e+01,2.062723e+01,2.052252e+01,2.070394e+01,2.062723e+01,2.070394e+01,2.074576e+01,2.063420e+01,2.065513e+01,2.065513e+01,2.069697e+01,2.066908e+01,2.068303e+01,2.052950e+01,2.050855e+01,2.050157e+01,2.048759e+01,2.059932e+01,2.056442e+01,2.050855e+01,2.059234e+01,2.060629e+01,2.059932e+01,2.073879e+01,2.065513e+01,2.062025e+01,2.066908e+01,2.065513e+01,2.059932e+01,2.078060e+01,2.067605e+01,2.071789e+01,2.075970e+01,2.075970e+01,2.073879e+01,2.071091e+01,2.071091e+01,2.063420e+01,2.072486e+01,2.069697e+01,2.064816e+01,2.062723e+01,2.051554e+01,2.045266e+01,1.994819e+01,1.958932e+01,1.920793e+01,1.900251e+01,1.894576e+01,1.890318e+01,1.876112e+01,1.887479e+01,1.893867e+01,1.897414e+01,1.886059e+01,1.900960e+01,1.895995e+01,1.898123e+01,1.903795e+01,1.908047e+01,1.901669e+01,1.905922e+01,1.927160e+01,1.929281e+01,1.955407e+01,1.946235e+01,1.937762e+01,1.929988e+01,1.908047e+01,1.906630e+01,1.917962e+01,1.915838e+01,1.915838e+01,1.920793e+01,1.934936e+01,1.961047e+01,2.035476e+01,2.052252e+01,1.990604e+01,1.967388e+01,1.926452e+01,1.903087e+01,1.903795e+01,1.901669e+01,1.908047e+01,1.909464e+01,1.910173e+01,1.909464e+01,1.904504e+01,1.911590e+01,1.920793e+01,1.913006e+01,1.913006e+01,1.913006e+01,1.896704e+01,1.911590e+01,1.905213e+01,1.911590e+01,1.925038e+01,1.976540e+01,2.032678e+01,2.067605e+01,2.065513e+01,2.067605e+01,2.069697e+01,2.050157e+01,2.065513e+01,2.073182e+01,2.065513e+01,2.080150e+01,2.078757e+01,2.082239e+01,2.075273e+01,2.083632e+01,2.076667e+01,2.079453e+01,2.075273e+01,2.078060e+01,2.077363e+01,2.078757e+01,2.069000e+01,2.071789e+01,2.077363e+01,2.075970e+01,2.071789e+01,2.067605e+01,2.080846e+01,2.059932e+01,2.062723e+01,2.078757e+01,2.070394e+01,2.067605e+01,2.071091e+01,2.064118e+01,2.072486e+01,2.071091e+01,2.078757e+01,2.071789e+01,2.070394e+01,2.083632e+01,2.073182e+01,2.069697e+01,2.079453e+01,2.080150e+01,2.080846e+01,2.077363e+01,2.082239e+01,2.099632e+01,2.078060e+01,2.077363e+01,2.074576e+01,2.082935e+01,2.066908e+01,2.064118e+01,2.068303e+01,2.071789e+01,2.077363e+01,2.074576e+01,2.075970e+01,2.070394e+01,2.080150e+01,2.075970e+01,2.075273e+01,2.073182e+01,2.081543e+01,2.065513e+01,2.088504e+01,2.076667e+01,2.078060e+01,2.077363e+01,2.073879e+01,2.066211e+01,2.078757e+01,2.076667e+01,2.080150e+01,2.071789e+01,2.078757e+01,2.085024e+01,2.087112e+01,2.068303e+01,2.078060e+01,2.078060e+01,2.077363e+01,2.080846e+01,2.075970e+01,2.071789e+01,2.071091e+01,2.074576e+01,2.064816e+01,2.080150e+01,2.078060e+01,2.082935e+01,2.075273e+01,2.078060e+01,2.082239e+01,2.088504e+01,2.066908e+01,2.066908e+01,2.080150e+01,2.073182e+01,2.074576e+01,2.074576e+01,2.075970e+01,2.073879e+01,2.082239e+01,2.071091e+01,2.082935e+01,2.076667e+01,2.062025e+01,2.075273e+01,2.067605e+01,2.076667e+01,2.072486e+01,2.073182e+01,2.073879e+01,2.067605e+01,2.069000e+01,2.079453e+01,2.071789e+01,2.071091e+01,2.071789e+01,2.083632e+01,2.077363e+01,2.077363e+01,2.084328e+01,2.069697e+01,2.078060e+01,2.082239e+01,2.076667e+01,2.082239e+01,2.069000e+01,2.086416e+01,2.078757e+01,2.069000e+01,2.076667e+01,2.067605e+01,2.072486e+01,2.079453e+01,2.079453e+01,2.089200e+01,2.084328e+01,2.068303e+01,2.068303e+01,2.083632e+01,2.072486e+01,2.078757e+01,2.076667e+01,2.074576e+01,2.078060e+01,2.083632e+01,2.075273e+01,2.081543e+01,2.078060e+01,2.083632e+01,2.078060e+01,2.082935e+01,2.089200e+01,2.073182e+01,2.089896e+01,2.087112e+01,2.075273e+01,2.073182e+01,2.094765e+01,2.085024e+01,2.082935e+01,2.075273e+01,2.082935e+01,2.080150e+01,2.075970e+01,2.075273e+01,2.083632e+01,2.087808e+01,2.081543e+01,2.076667e+01,2.085720e+01,2.075970e+01,2.071789e+01,2.073879e+01,2.079453e+01,2.071091e+01,2.069697e+01,2.078060e+01,2.078757e+01,2.071091e+01,2.076667e+01,2.069000e+01,2.080150e+01,2.073182e+01,2.087808e+01,2.080846e+01,2.066908e+01,2.088504e+01,2.075970e+01,2.080150e+01,2.069000e+01,2.069697e+01,2.074576e+01,2.074576e+01,2.065513e+01,2.067605e+01,2.080846e+01,2.084328e+01,2.074576e+01,2.066211e+01,2.066908e+01,2.069000e+01,2.068303e+01,2.064816e+01,2.073879e+01,2.073879e+01,2.081543e+01,2.067605e+01,2.070394e+01,2.083632e+01,2.064816e+01,2.077363e+01,2.077363e+01,2.078757e+01,2.073879e+01,2.067605e+01,2.071789e+01,2.069000e+01,2.071091e+01,2.071091e+01,2.069697e+01,2.066908e+01,2.069000e+01,2.079453e+01,2.072486e+01,2.071091e+01,2.087112e+01,2.069697e+01,2.071789e+01,2.071091e+01,2.070394e+01,2.079453e+01,2.076667e+01,2.078757e+01,2.073182e+01,2.067605e+01,2.072486e+01,2.068303e+01,2.073879e+01,2.057140e+01
2.055045e+01,2.055045e+01,2.055045e+01,2.053649e+01,2.058536e+01,2.048061e+01,2.057838e+01,2.038974e+01,2.059234e+01,2.057140e+01,2.061327e+01,2.043868e+01,2.055045e+01,2.050157e+01,2.051554e+01,2.057838e+01,2.052252e+01,2.057140e+01,2.050855e+01,2.041770e+01,2.057140e+01,2.051554e+01,2.055045e+01,2.047362e+01,2.058536e+01,2.054347e+01,2.056442e+01,2.063420e+01,2.052950e+01,2.050855e+01,2.059234e+01,2.059932e+01,2.057140e+01,2.060629e+01,2.054347e+01,2.055045e+01,2.055045e+01,2.057838e+01,2.055045e+01,2.050157e+01,2.053649e+01,2.054347e+01,2.075273e+01,2.055743e+01,2.062025e+01,2.056442e+01,2.080846e+01,2.066211e+01,2.066908e+01,2.052252e+01,2.051554e+01,2.063420e+01,2.059234e+01,2.045266e+01,2.064816e+01,2.059234e+01,2.059932e+01,2.057838e+01,2.057838e+01,2.055743e+01,2.076667e+01,2.060629e+01,2.055045e+01,2.057140e+01,2.062025e+01,2.062723e+01,2.061327e+01,2.052252e+01,2.058536e+01,2.064118e+01,2.058536e+01,2.059932e+01,2.064118e+01,2.046663e+01,2.052252e+01,2.064816e+01,2.066211e+01,2.065513e+01,2.065513e+01,2.066908e+01,2.062025e+01,2.058536e+01,2.055045e+01,2.071789e+01,2.064816e+01,2.070394e+01,2.065513e+01,2.070394e+01,2.060629e+01,2.068303e+01,2.066211e+01,2.080150e+01,2.068303e+01,2.067605e+01,2.063420e+01,2.070394e+01,2.071789e+01,2.064816e+01,2.066211e+01,2.077363e+01,2.068303e+01,2.064816e+01,2.071789e+01,2.064118e+01,2.075273e+01,2.065513e+01,2.072486e+01,2.071091e+01,2.062025e+01,2.062723e+01,2.064118e+01,2.062723e+01,2.062025e+01,2.066211e+01,2.065513e+01,2.065513e+01,2.060629e+01,2.067605e+01,2.072486e+01,2.057140e+01,2.057838e+01,2.057838e+01,2.055743e+01,2.060629e+01,2.076667e+01,2.058536e+01,2.059234e+01,2.068303e+01,2.069697e+01,2.068303e+01,2.069000e+01,2.059932e+01,2.064816e+01,2.057140e+01,2.055045e+01,2.068303e+01,2.066211e+01,2.071091e+01,2.070394e+01,2.062723e+01,2.045266e+01,2.070394e+01,2.057838e+01,2.067605e+01,2.056442e+01,2.059932e+01,2.062025e+01,2.063420e+01,2.062723e+01,2.062723e+01,2.060629e+01,2.059234e+01,2.055045e+01,2.059234e+01,2.057140e+01,2.059234e+01,2.062025e+01,2.058536e+01,2.062025e+01,2.059234e+01,2.064816e+01,2.055045e+01,2.060629e+01,2.074576e+01,2.069000e+01,2.075273e+01,2.059932e+01,2.057838e+01,2.063420e+01,2.057838e+01,2.056442e+01,2.052252e+01,2.053649e+01,2.052252e+01,2.055045e+01,2.057140e+01,2.053649e+01,2.052950e+01,2.050855e+01,2.052950e+01,2.055743e+01,2.068303e+01,2.056442e+01,2.075970e+01,2.057838e+01,2.057838e+01,2.064118e+01,2.051554e+01,2.063420e+01,2.062025e+01,2.045266e+01,2.056442e+01,2.056442e+01,2.054347e+01,2.058536e+01,2.048061e+01,2.045964e+01,2.045964e+01,2.041071e+01,2.038274e+01,2.040372e+01,2.043169e+01,2.062723e+01,2.025677e+01,2.009559e+01,1.950469e+01,1.888189e+01,1.862598e+01,1.851203e+01,1.856190e+01,1.859750e+01,1.847639e+01,1.836940e+01,1.846926e+01,1.845500e+01,1.849064e+01,1.850490e+01,1.844074e+01,1.859038e+01,1.851915e+01,1.851203e+01,1.874691e+01,1.867579e+01,1.893157e+01,1.894576e+01,1.895995e+01,1.897414e+01,1.902378e+01,1.905922e+01,1.904504e+01,1.904504e+01,1.876112e+01,1.880376e+01,1.863309e+01,1.869713e+01,1.863309e+01,1.869002e+01,1.875401e+01,1.878955e+01,1.888189e+01,1.893867e+01,1.901669e+01,1.899541e+01,1.900960e+01,1.905922e+01,1.906630e+01,1.907339e+01,1.910173e+01,1.905922e+01,1.904504e+01,1.902378e+01,1.903087e+01,1.877534e+01,1.880376e+01,1.888899e+01,1.875401e+01,1.895995e+01,1.877534e+01,1.893157e+01,1.877534e+01,1.878955e+01,1.878955e+01,1.871847e+01,1.871847e+01,1.869713e+01,1.855477e+01,1.853340e+01,1.846926e+01,1.844787e+01,1.850490e+01,1.864021e+01,1.848352e+01,1.863309e+01,1.856902e+01,1.864733e+01,1.864733e+01,1.881797e+01,1.911590e+01,1.949764e+01,1.996926e+01,2.029178e+01,2.049458e+01,2.057140e+01,2.067605e+01,2.053649e+01,2.064118e+01,2.071091e+01,2.064118e+01,2.061327e+01,2.070394e+01,2.064118e+01,2.068303e+01,2.059234e+01,2.057140e+01,2.067605e+01,2.066211e+01,2.066908e+01,2.066908e+01,2.087112e+01,2.073879e+01,2.070394e+01,2.069697e+01,2.075970e+01,2.075970e+01,2.065513e+01,2.078060e+01,2.059234e+01,2.066211e+01,2.059932e+01,2.059234e+01,2.049458e+01,2.047362e+01,2.066908e+01,2.049458e+01,2.046663e+01,2.055743e+01,2.057140e+01,2.049458e+01,2.063420e+01,2.070394e+01,2.065513e+01,2.078757e+01,2.075273e+01,2.069000e+01,2.074576e+01,2.071091e+01,2.072486e+01,2.066908e+01,2.082239e+01,2.081543e+01,2.072486e+01,2.071789e+01,2.072486e+01,2.069000e+01,2.062025e+01,2.061327e+01,2.071091e+01,2.067605e+01,2.066211e+01,2.048061e+01,1.996224e+01,1.968092e+01,1.948352e+01,1.925745e+01,1.893867e+01,1.893157e+01,1.895286e+01,1.899541e+01,1.898832e+01,1.896704e+01,1.897414e+01,1.906630e+01,1.891738e+01,1.908047e+01,1.905922e+01,1.904504e+01,1.916546e+01,1.917254e+01,1.926452e+01,1.947647e+01,1.962456e+01,1.971613e+01,1.953996e+01,1.930695e+01,1.920793e+01,1.910173e+01,1.913006e+01,1.914422e+01,1.915130e+01,1.916546e+01,1.947647e+01,1.979354e+01,2.044567e+01,2.058536e+01,2.055045e+01,2.012364e+01,1.968092e+01,1.933522e+01,1.905922e+01,1.886769e+01,1.895995e+01,1.898123e+01,1.910881e+01,1.900960e+01,1.915130e+01,1.913714e+01,1.916546e+01,1.911590e+01,1.913714e+01,1.912298e+01,1.909464e+01,1.909464e+01,1.903795e+01,1.910173e+01,1.929988e+01,1.973021e+01,2.039673e+01,2.052252e+01,2.061327e+01,2.057838e+01,2.074576e+01,2.071789e+01,2.072486e+01,2.075273e+01,2.067605e+01,2.072486e+01,2.066211e+01,2.075970e+01,2.078757e+01,2.075970e+01,2.075970e+01,2.075273e+01,2.075273e+01,2.071789e+01,2.080150e+01,2.079453e+01,2.089200e+01,2.080846e+01,2.080150e+01,2.079453e+01,2.075273e+01,2.070394e+01,2.064816e+01,2.074576e+01,2.069697e+01,2.075970e+01,2.073182e+01,2.069697e+01,2.064118e+01,2.075273e+01,2.071789e+01,2.071789e+01,2.077363e+01,2.077363e+01,2.075970e+01,2.085720e+01,2.072486e+01,2.076667e+01,2.078757e+01,2.078060e+01,2.081543e+01,2.080846e+01,2.089896e+01,2.079453e+01,2.079453e+01,2.075970e+01,2.075970e+01,2.080846e+01,2.073182e+01,2.075273e+01,2.079453e+01,2.071789e+01,2.075970e+01,2.071789e+01,2.072486e+01,2.071789e+01,2.079453e+01,2.073182e+01,2.073182e+01,2.080846e+01,2.073182e+01,2.071789e+01,2.073182e+01,2.076667e+01,2.078757e+01,2.074576e+01,2.077363e+01,2.080846e+01,2.065513e+01,2.073879e+01,2.073879e+01,2.078757e+01,2.080150e+01,2.080846e+01,2.081543e+01,2.077363e+01,2.079453e+01,2.078060e+01,2.089200e+01,2.080150e+01,2.075273e+01,2.072486e+01,2.075273e+01,2.069697e+01,2.082239e+01,2.071091e+01,2.083632e+01,2.078060e+01,2.068303e+01,2.076667e+01,2.084328e+01,2.075970e+01,2.075273e+01,2.075970e+01,2.073879e+01,2.064118e+01,2.065513e+01,2.067605e+01,2.074576e+01,2.076667e+01,2.072486e+01,2.075273e+01,2.081543e+01,2.087808e+01,2.069697e+01,2.078757e+01,2.082239e+01,2.070394e+01,2.071789e+01,2.083632e+01,2.070394e+01,2.071091e+01,2.073182e+01,2.076667e+01,2.075273e+01,2.078757e+01,2.071789e+01,2.076667e+01,2.071091e+01,2.080150e+01,2.078757e+01,2.086416e+01,2.082239e+01,2.071789e+01,2.080150e+01,2.083632e+01,2.080846e+01,2.082239e+01,2.085720e+01,2.090592e+01,2.066211e+01,2.065513e+01,2.070394e+01,2.066211e+01,2.082935e+01,2.068303e+01,2.085024e+01,2.069697e+01,2.072486e+01,2.082239e+01,2.079453e+01,2.090592e+01,2.078757e+01,2.078060e+01,2.078060e+01,2.078060e+01,2.080846e+01,2.080150e+01,2.070394e+01,2.076667e+01,2.068303e+01,2.075273e+01,2.071789e+01,2.079453e+01,2.073182e+01,2.070394e+01,2.075273e+01,2.069697e+01,2.078060e+01,2.080150e+01,2.080846e+01,2.081543e+01,2.078060e+01,2.077363e+01,2.082935e+01,2.089896e+01,2.073879e+01,2.078060e+01,2.067605e+01,2.081543e+01,2.078757e+01,2.078060e+01,2.082935e+01,2.078757e+01,2.072486e+01,2.081543e+01,2.075970e+01,2.078757e+01,2.071091e+01,2.070394e+01,2.078060e+01,2.071789e+01,2.074576e+01,2.072486e+01,2.082239e+01,2.092679e+01,2.074576e+01,2.089200e+01,2.075273e+01,2.068303e+01,2.069697e+01,2.071789e+01,2.074576e+01,2.078060e+01,2.081543e+01,2.082935e+01,2.089200e+01,2.066211e+01,2.063420e+01,2.069000e+01,2.065513e+01,2.069000e+01,2.075970e+01,2.071789e+01,2.073182e+01,2.059234e+01,2.075970e+01,2.080150e+01,2.080150e+01,2.081543e+01,2.082239e+01,2.081543e+01,2.073182e+01,2.071789e+01,2.075970e+01,2.067605e+01,2.071091e+01,2.066908e+01,2.069697e+01,2.066908e+01,2.078757e+01,2.080150e+01,2.072486e+01,2.076667e+01,2.066211e+01,2.078757e+01,2.070394e+01,2.075273e+01,2.073182e+01,2.073182e+01,2.073879e+01,2.071789e+01,2.074576e+01,2.074576e+01,2.075273e+01,2.068303e+01,2.062025e+01,2.076667e+01,2.071091e+01,2.067605e+01
2.051554e+01,2.053649e+01,2.059932e+01,2.047362e+01,2.046663e+01,2.050855e+01,2.053649e+01,2.053649e+01,2.058536e+01,2.059932e+01,2.055045e+01,2.064118e+01,2.054347e+01,2.063420e+01,2.050855e+01,2.061327e+01,2.064118e+01,2.059932e+01,2.041071e+01,2.060629e+01,2.054347e+01,2.054347e+01,2.081543e+01,2.064118e+01,2.052950e+01,2.061327e+01,2.064118e+01,2.059932e+01,2.062025e+01,2.062723e+01,2.059234e+01,2.062025e+01,2.054347e+01,2.041770e+01,2.065513e+01,2.058536e+01,2.051554e+01,2.045964e+01,2.053649e+01,2.052252e+01,2.052252e+01,2.046663e+01,2.069000e+01,2.045266e+01,2.051554e+01,2.055045e+01,2.074576e+01,2.057140e+01,2.063420e+01,2.066908e+01,2.064816e+01,2.062025e+01,2.065513e+01,2.064816e+01,2.060629e+01,2.063420e+01,2.066908e+01,2.058536e+01,2.048061e+01,2.054347e+01,2.055045e+01,2.073879e+01,2.061327e+01,2.065513e+01,2.068303e+01,2.064118e+01,2.071789e+01,2.073182e+01,2.064118e+01,2.066211e+01,2.063420e+01,2.066211e+01,2.069697e+01,2.075273e+01,2.058536e+01,2.067605e+01,2.062025e+01,2.059932e+01,2.064118e+01,2.079453e+01,2.078060e+01,2.062025e+01,2.064816e+01,2.060629e+01,2.063420e+01,2.058536e+01,2.071789e+01,2.066908e+01,2.071091e+01,2.058536e+01,2.075970e+01,2.077363e+01,2.068303e+01,2.075273e+01,2.064118e+01,2.060629e+01,2.066908e+01,2.067605e+01,2.071091e+01,2.066908e+01,2.062025e+01,2.055045e+01,2.076667e+01,2.072486e+01,2.069697e+01,2.073182e+01,2.063420e+01,2.066211e+01,2.064118e+01,2.064816e+01,2.064816e+01,2.065513e+01,2.064118e+01,2.065513e+01,2.059932e+01,2.066211e+01,2.059234e+01,2.057838e+01,2.045964e+01,2.053649e+01,2.066908e+01,2.074576e+01,2.064816e+01,2.058536e+01,2.064118e+01,2.068303e+01,2.063420e+01,2.061327e+01,2.064118e+01,2.064118e+01,2.064816e+01,2.067605e+01,2.050157e+01,2.064816e+01,2.068303e+01,2.065513e+01,2.064118e+01,2.058536e+01,2.069000e+01,2.062723e+01,2.057838e+01,2.068303e+01,2.067605e+01,2.053649e+01,2.070394e+01,2.059932e+01,2.059932e+01,2.066908e+01,2.062025e+01,2.060629e+01,2.062723e+01,2.058536e+01,2.065513e+01,2.064816e+01,2.065513e+01,2.058536e+01,2.064118e+01,2.057140e+01,2.061327e+01,2.063420e+01,2.062723e+01,2.055743e+01,2.064816e+01,2.068303e+01,2.059234e+01,2.060629e+01,2.063420e+01,2.055743e+01,2.056442e+01,2.055743e+01,2.083632e+01,2.059932e+01,2.057838e+01,2.067605e+01,2.055045e+01,2.055045e+01,2.057140e+01,2.057140e+01,2.069697e+01,2.052252e+01,2.068303e+01,2.050855e+01,2.063420e+01,2.047362e+01,2.070394e+01,2.054347e+01,2.062723e+01,2.065513e+01,2.057140e+01,2.059234e+01,2.059932e+01,2.047362e+01,2.061327e+01,2.057838e+01,2.042470e+01,2.039673e+01,2.012364e+01,2.001139e+01,2.001139e+01,1.988495e+01,2.001841e+01,2.003244e+01,2.003244e+01,2.002542e+01,1.973725e+01,1.915838e+01,1.864733e+01,1.849064e+01,1.849777e+01,1.835513e+01,1.833372e+01,1.833372e+01,1.839794e+01,1.837654e+01,1.851915e+01,1.846213e+01,1.846213e+01,1.844787e+01,1.849777e+01,1.833372e+01,1.854765e+01,1.869713e+01,1.871135e+01,1.893867e+01,1.880376e+01,1.895995e+01,1.898123e+01,1.896704e+01,1.900251e+01,1.898832e+01,1.873269e+01,1.862598e+01,1.862598e+01,1.859038e+01,1.847639e+01,1.855477e+01,1.878955e+01,1.868290e+01,1.880376e+01,1.876823e+01,1.888899e+01,1.883218e+01,1.895995e+01,1.905922e+01,1.908756e+01,1.903795e+01,1.897414e+01,1.910173e+01,1.899541e+01,1.898832e+01,1.881797e+01,1.882508e+01,1.878245e+01,1.873980e+01,1.876823e+01,1.888899e+01,1.875401e+01,1.885349e+01,1.878245e+01,1.897414e+01,1.896704e+01,1.878245e+01,1.880376e+01,1.870424e+01,1.863309e+01,1.857614e+01,1.846213e+01,1.846213e+01,1.847639e+01,1.844787e+01,1.849064e+01,1.861886e+01,1.851915e+01,1.855477e+01,1.849777e+01,1.861174e+01,1.872558e+01,1.888899e+01,1.930695e+01,1.951175e+01,1.996926e+01,2.033377e+01,2.050855e+01,2.066211e+01,2.060629e+01,2.059234e+01,2.071789e+01,2.069697e+01,2.060629e+01,2.068303e+01,2.062723e+01,2.064816e+01,2.069000e+01,2.062025e+01,2.068303e+01,2.063420e+01,2.066211e+01,2.060629e+01,2.070394e+01,2.071091e+01,2.064118e+01,2.074576e+01,2.076667e+01,2.074576e+01,2.071091e+01,2.061327e+01,2.059234e+01,2.063420e+01,2.058536e+01,2.050855e+01,2.051554e+01,2.055045e+01,2.059932e+01,2.046663e+01,2.044567e+01,2.031978e+01,2.059234e+01,2.062723e+01,2.069000e+01,2.073879e+01,2.077363e+01,2.072486e+01,2.067605e+01,2.071091e+01,2.067605e+01,2.066211e+01,2.079453e+01,2.073879e+01,2.070394e+01,2.070394e+01,2.069000e+01,2.062025e+01,2.064816e+01,2.071091e+01,2.072486e+01,2.062723e+01,2.064816e+01,2.065513e+01,2.062723e+01,2.046663e+01,2.017271e+01,1.993414e+01,1.957522e+01,1.922208e+01,1.901669e+01,1.878955e+01,1.894576e+01,1.911590e+01,1.900960e+01,1.895286e+01,1.894576e+01,1.909464e+01,1.917254e+01,1.909464e+01,1.913006e+01,1.917254e+01,1.907339e+01,1.924331e+01,1.946235e+01,1.955407e+01,1.978650e+01,2.022876e+01,1.967388e+01,1.938468e+01,1.911590e+01,1.910881e+01,1.937762e+01,1.911590e+01,1.922916e+01,1.929281e+01,1.958227e+01,2.001841e+01,2.059932e+01,2.060629e+01,2.062025e+01,2.023577e+01,2.012364e+01,1.965274e+01,1.927160e+01,1.907339e+01,1.896704e+01,1.885349e+01,1.908047e+01,1.890318e+01,1.913714e+01,1.908756e+01,1.923623e+01,1.911590e+01,1.918670e+01,1.918670e+01,1.881797e+01,1.910881e+01,1.911590e+01,1.912298e+01,1.921501e+01,1.981464e+01,2.050855e+01,2.057838e+01,2.057140e+01,2.070394e+01,2.071789e+01,2.073182e+01,2.074576e+01,2.075970e+01,2.074576e+01,2.071091e+01,2.080150e+01,2.073879e+01,2.076667e+01,2.064816e+01,2.077363e+01,2.071091e+01,2.071789e+01,2.076667e+01,2.074576e+01,2.072486e+01,2.082239e+01,2.068303e+01,2.094765e+01,2.091287e+01,2.076667e+01,2.068303e+01,2.075273e+01,2.070394e+01,2.080150e+01,2.069697e+01,2.082239e+01,2.078060e+01,2.066211e+01,2.073182e+01,2.073182e+01,2.073879e+01,2.070394e+01,2.075273e+01,2.082935e+01,2.082935e+01,2.084328e+01,2.089200e+01,2.086416e+01,2.080150e+01,2.077363e+01,2.082935e+01,2.084328e+01,2.078757e+01,2.072486e+01,2.078060e+01,2.068303e+01,2.083632e+01,2.085720e+01,2.076667e+01,2.075970e+01,2.083632e+01,2.080846e+01,2.072486e+01,2.073182e+01,2.079453e+01,2.085024e+01,2.077363e+01,2.072486e+01,2.074576e+01,2.073879e+01,2.074576e+01,2.080846e+01,2.075273e+01,2.078060e+01,2.080846e+01,2.080846e+01,2.081543e+01,2.070394e+01,2.082239e+01,2.073182e+01,2.073182e+01,2.071091e+01,2.082239e+01,2.079453e+01,2.082239e+01,2.081543e+01,2.076667e+01,2.077363e+01,2.069697e+01,2.079453e+01,2.078757e+01,2.066908e+01,2.075273e+01,2.075273e+01,2.075273e+01,2.077363e+01,2.080846e+01,2.074576e+01,2.078757e+01,2.069697e+01,2.074576e+01,2.073879e+01,2.075273e+01,2.071789e+01,2.069000e+01,2.073879e+01,2.073879e+01,2.073182e+01,2.078757e+01,2.077363e+01,2.072486e+01,2.073879e+01,2.072486e+01,2.073879e+01,2.075273e+01,2.080150e+01,2.073879e+01,2.075273e+01,2.079453e+01,2.078757e+01,2.073879e+01,2.059234e+01,2.076667e+01,2.073879e+01,2.065513e+01,2.075273e+01,2.069000e+01,2.087808e+01,2.066908e+01,2.069697e+01,2.085024e+01,2.085024e+01,2.073879e+01,2.077363e+01,2.072486e+01,2.081543e+01,2.076667e+01,2.074576e+01,2.086416e+01,2.066908e+01,2.082239e+01,2.069697e+01,2.082935e+01,2.080150e+01,2.069697e+01,2.083632e+01,2.081543e+01,2.078757e+01,2.075970e+01,2.087112e+01,2.094070e+01,2.080150e+01,2.075970e+01,2.078757e+01,2.074576e+01,2.075970e+01,2.077363e+01,2.072486e+01,2.081543e+01,2.078060e+01,2.091287e+01,2.080150e+01,2.087808e+01,2.075273e+01,2.082239e+01,2.071789e+01,2.080846e+01,2.082935e+01,2.080150e+01,2.084328e+01,2.085024e+01,2.078757e+01,2.077363e+01,2.076667e+01,2.074576e+01,2.079453e+01,2.077363e+01,2.073879e+01,2.075970e+01,2.094070e+01,2.075970e+01,2.076667e+01,2.087112e+01,2.079453e+01,2.083632e+01,2.082239e+01,2.078060e+01,2.089896e+01,2.075273e+01,2.081543e+01,2.071091e+01,2.085024e+01,2.083632e+01,2.066908e+01,2.071789e+01,2.077363e+01,2.072486e+01,2.073879e+01,2.069000e+01,2.069000e+01,2.076667e+01,2.060629e+01,2.073182e+01,2.082935e+01,2.080150e+01,2.062723e+01,2.081543e+01,2.075273e+01,2.081543e+01,2.071091e+01,2.075970e+01,2.077363e+01,2.072486e+01,2.078757e+01,2.063420e+01,2.078757e+01,2.056442e+01,2.085024e+01,2.085024e+01,2.085720e+01,2.079453e+01,2.068303e+01,2.069000e+01,2.067605e+01,2.071789e+01,2.072486e+01,2.086416e+01,2.077363e+01,2.071789e+01,2.075970e+01,2.078060e+01,2.078060e+01,2.082239e+01,2.080846e+01,2.071789e+01,2.073879e+01,2.075970e+01,2.082935e+01,2.069000e+01,2.075970e+01,2.076667e+01,2.074576e+01,2.078060e+01,2.087808e+01,2.071091e+01,2.091983e+01,2.070394e+01,2.067605e+01,2.069000e+01
2.053649e+01,2.055743e+01,2.050855e+01,2.060629e+01,2.056442e+01,2.046663e+01,2.061327e+01,2.052950e+01,2.058536e+01,2.052252e+01,2.055045e+01,2.054347e+01,2.058536e+01,2.053649e+01,2.073182e+01,2.062723e+01,2.052950e+01,2.057838e+01,2.054347e+01,2.038274e+01,2.055045e+01,2.052950e+01,2.057140e+01,2.056442e+01,2.064816e+01,2.063420e+01,2.058536e+01,2.049458e+01,2.052950e+01,2.050157e+01,2.052252e+01,2.051554e+01,2.038974e+01,2.062025e+01,2.055045e+01,2.062025e+01,2.062723e+01,2.064816e+01,2.047362e+01,2.063420e+01,2.046663e+01,2.045964e+01,2.050855e+01,2.057140e+01,2.055743e+01,2.077363e+01,2.050157e+01,2.059932e+01,2.067605e+01,2.061327e+01,2.070394e+01,2.063420e+01,2.055045e+01,2.062723e+01,2.059932e+01,2.060629e+01,2.066211e+01,2.063420e+01,2.071091e+01,2.064816e+01,2.056442e+01,2.065513e+01,2.066211e+01,2.078060e+01,2.061327e+01,2.061327e+01,2.065513e+01,2.066908e+01,2.051554e+01,2.065513e+01,2.058536e+01,2.070394e+01,2.062723e+01,2.070394e+01,2.064118e+01,2.062025e+01,2.059932e+01,2.061327e+01,2.060629e+01,2.067605e+01,2.069697e+01,2.067605e+01,2.082239e+01,2.066211e+01,2.069697e+01,2.062025e+01,2.070394e+01,2.069697e+01,2.059932e+01,2.075970e+01,2.073879e+01,2.059234e+01,2.067605e+01,2.061327e+01,2.078060e+01,2.067605e+01,2.064816e+01,2.069697e+01,2.069000e+01,2.070394e+01,2.068303e+01,2.066211e+01,2.076667e+01,2.069697e+01,2.072486e+01,2.072486e+01,2.063420e+01,2.059932e+01,2.071789e+01,2.065513e+01,2.064118e+01,2.063420e+01,2.066908e+01,2.064816e+01,2.064118e+01,2.065513e+01,2.062025e+01,2.071091e+01,2.074576e+01,2.048061e+01,2.052252e+01,2.069000e+01,2.062723e+01,2.060629e+01,2.059932e+01,2.068303e+01,2.072486e+01,2.064816e+01,2.071789e+01,2.062025e+01,2.064118e+01,2.057140e+01,2.066211e+01,2.066211e+01,2.056442e+01,2.068303e+01,2.074576e+01,2.062723e+01,2.071789e+01,2.073182e+01,2.066211e+01,2.064118e+01,2.057838e+01,2.063420e+01,2.064816e+01,2.064118e+01,2.063420e+01,2.062723e+01,2.062025e+01,2.060629e+01,2.061327e+01,2.060629e+01,2.056442e+01,2.055743e+01,2.068303e+01,2.061327e+01,2.061327e+01,2.061327e+01,2.059932e+01,2.062723e+01,2.063420e+01,2.059932e+01,2.066211e+01,2.064816e+01,2.058536e+01,2.061327e+01,2.068303e+01,2.059234e+01,2.069697e+01,2.058536e+01,2.066211e+01,2.068303e+01,2.057838e+01,2.055743e+01,2.055743e+01,2.059234e+01,2.057838e+01,2.065513e+01,2.061327e+01,2.050855e+01,2.057140e+01,2.063420e+01,2.062723e+01,2.053649e+01,2.061327e+01,2.068303e+01,2.066211e+01,2.066211e+01,2.060629e+01,2.055743e+01,2.052950e+01,2.045964e+01,2.065513e+01,2.027078e+01,2.011663e+01,2.010961e+01,1.975836e+01,1.967388e+01,1.941999e+01,1.926452e+01,1.932109e+01,1.942705e+01,1.944118e+01,1.946941e+01,1.915130e+01,1.883928e+01,1.849777e+01,1.848352e+01,1.840508e+01,1.830515e+01,1.829801e+01,1.833372e+01,1.846213e+01,1.831944e+01,1.848352e+01,1.847639e+01,1.864733e+01,1.844074e+01,1.846213e+01,1.867579e+01,1.861174e+01,1.864021e+01,1.871135e+01,1.893157e+01,1.894576e+01,1.895286e+01,1.884638e+01,1.893867e+01,1.881087e+01,1.866867e+01,1.862598e+01,1.861886e+01,1.847639e+01,1.856190e+01,1.844787e+01,1.851915e+01,1.866156e+01,1.864021e+01,1.868290e+01,1.881087e+01,1.879666e+01,1.881797e+01,1.886769e+01,1.897414e+01,1.902378e+01,1.918670e+01,1.897414e+01,1.903087e+01,1.900251e+01,1.886059e+01,1.886059e+01,1.883218e+01,1.873980e+01,1.875401e+01,1.866156e+01,1.881797e+01,1.871847e+01,1.875401e+01,1.872558e+01,1.882508e+01,1.886769e+01,1.874691e+01,1.871135e+01,1.876112e+01,1.854765e+01,1.853340e+01,1.844787e+01,1.849064e+01,1.849064e+01,1.846926e+01,1.835513e+01,1.849064e+01,1.844787e+01,1.849064e+01,1.849064e+01,1.856902e+01,1.865444e+01,1.877534e+01,1.910881e+01,1.932815e+01,1.965979e+01,1.996926e+01,2.029178e+01,2.054347e+01,2.051554e+01,2.069697e+01,2.057838e+01,2.064118e+01,2.065513e+01,2.058536e+01,2.064118e+01,2.066211e+01,2.080846e+01,2.060629e+01,2.065513e+01,2.064816e+01,2.072486e+01,2.072486e+01,2.069697e+01,2.069000e+01,2.080846e+01,2.069697e+01,2.076667e+01,2.071789e+01,2.075273e+01,2.068303e+01,2.069000e+01,2.068303e+01,2.071091e+01,2.055045e+01,2.054347e+01,2.047362e+01,2.043868e+01,2.045964e+01,2.044567e+01,2.052950e+01,2.051554e+01,2.054347e+01,2.060629e+01,2.068303e+01,2.078060e+01,2.073879e+01,2.073182e+01,2.073879e+01,2.071789e+01,2.069697e+01,2.071091e+01,2.070394e+01,2.080846e+01,2.069697e+01,2.068303e+01,2.073879e+01,2.064816e+01,2.066211e+01,2.061327e+01,2.066211e+01,2.068303e+01,2.060629e+01,2.066211e+01,2.064118e+01,2.025677e+01,1.992711e+01,1.965274e+01,1.956112e+01,1.915130e+01,1.895286e+01,1.893157e+01,1.895995e+01,1.895995e+01,1.901669e+01,1.907339e+01,1.908047e+01,1.911590e+01,1.921501e+01,1.906630e+01,1.923623e+01,1.933522e+01,1.928574e+01,1.946235e+01,1.986386e+01,2.022176e+01,2.031978e+01,2.025677e+01,1.945529e+01,1.931402e+01,1.915838e+01,1.937762e+01,1.913006e+01,1.921501e+01,1.947647e+01,1.947647e+01,2.003244e+01,2.059234e+01,2.064816e+01,2.065513e+01,2.063420e+01,2.045266e+01,2.005350e+01,1.963865e+01,1.907339e+01,1.903795e+01,1.883928e+01,1.876823e+01,1.889609e+01,1.910173e+01,1.910173e+01,1.913714e+01,1.909464e+01,1.925745e+01,1.910173e+01,1.909464e+01,1.912298e+01,1.917254e+01,1.919378e+01,1.924331e+01,1.981464e+01,2.046663e+01,2.080846e+01,2.067605e+01,2.080150e+01,2.078757e+01,2.073879e+01,2.069697e+01,2.068303e+01,2.071091e+01,2.070394e+01,2.075970e+01,2.061327e+01,2.080150e+01,2.078060e+01,2.073182e+01,2.074576e+01,2.072486e+01,2.075970e+01,2.069697e+01,2.078060e+01,2.076667e+01,2.070394e+01,2.083632e+01,2.073182e+01,2.072486e+01,2.071091e+01,2.080846e+01,2.076667e+01,2.085024e+01,2.073879e+01,2.076667e+01,2.073182e+01,2.078757e+01,2.066211e+01,2.071789e+01,2.074576e+01,2.081543e+01,2.077363e+01,2.078060e+01,2.085720e+01,2.077363e+01,2.084328e+01,2.077363e+01,2.078060e+01,2.079453e+01,2.077363e+01,2.088504e+01,2.078757e+01,2.070394e+01,2.076667e+01,2.079453e+01,2.082935e+01,2.084328e+01,2.086416e+01,2.075970e+01,2.072486e+01,2.082239e+01,2.082935e+01,2.073879e+01,2.085720e+01,2.085720e+01,2.073879e+01,2.073182e+01,2.078060e+01,2.066908e+01,2.073879e+01,2.074576e+01,2.075273e+01,2.080150e+01,2.082239e+01,2.080846e+01,2.083632e+01,2.077363e+01,2.084328e+01,2.078060e+01,2.076667e+01,2.083632e+01,2.081543e+01,2.082239e+01,2.081543e+01,2.080846e+01,2.078060e+01,2.075970e+01,2.078757e+01,2.078060e+01,2.075273e+01,2.081543e+01,2.078757e+01,2.080846e+01,2.077363e+01,2.080150e+01,2.059932e+01,2.080150e+01,2.078060e+01,2.076667e+01,2.077363e+01,2.076667e+01,2.078757e+01,2.071091e+01,2.073182e+01,2.089200e+01,2.078060e+01,2.064816e+01,2.075970e+01,2.081543e+01,2.075273e+01,2.086416e+01,2.064118e+01,2.058536e+01,2.078757e+01,2.074576e+01,2.077363e+01,2.081543e+01,2.075970e+01,2.077363e+01,2.074576e+01,2.075970e+01,2.075970e+01,2.079453e+01,2.074576e+01,2.078757e+01,2.083632e+01,2.078757e+01,2.082239e+01,2.072486e+01,2.069697e+01,2.070394e+01,2.074576e+01,2.081543e+01,2.080150e+01,2.079453e+01,2.078060e+01,2.081543e+01,2.081543e+01,2.087112e+01,2.087112e+01,2.077363e+01,2.069000e+01,2.079453e+01,2.080846e+01,2.069697e+01,2.087112e+01,2.082935e+01,2.075970e+01,2.082935e+01,2.078060e+01,2.080846e+01,2.090592e+01,2.089200e+01,2.087112e+01,2.079453e+01,2.080150e+01,2.082935e+01,2.074576e+01,2.080846e+01,2.081543e+01,2.075970e+01,2.072486e+01,2.078757e+01,2.073182e+01,2.085720e+01,2.082935e+01,2.080846e+01,2.080846e+01,2.091983e+01,2.080846e+01,2.078060e+01,2.078757e+01,2.084328e+01,2.075970e+01,2.080150e+01,2.075970e+01,2.084328e+01,2.086416e+01,2.075970e+01,2.084328e+01,2.080846e+01,2.079453e+01,2.075273e+01,2.073879e+01,2.076667e+01,2.073182e+01,2.073879e+01,2.071789e+01,2.073879e+01,2.075970e+01,2.082239e+01,2.079453e+01,2.075970e+01,2.081543e+01,2.064816e+01,2.078060e+01,2.073182e+01,2.073182e+01,2.080150e+01,2.073182e+01,2.073879e+01,2.080846e+01,2.073182e+01,2.080150e+01,2.071091e+01,2.064816e+01,2.060629e+01,2.068303e+01,2.072486e+01,2.071091e+01,2.077363e+01,2.061327e+01,2.071789e+01,2.066908e+01,2.079453e+01,2.068303e+01,2.085720e+01,2.081543e+01,2.070394e+01,2.080846e+01,2.071789e+01,2.080846e+01,2.070394e+01,2.067605e+01,2.082239e+01,2.085720e+01,2.084328e+01,2.064118e+01,2.078757e+01,2.078757e+01,2.078757e+01,2.076667e+01,2.073182e+01,2.069000e+01,2.082935e+01,2.080846e+01,2.080150e+01,2.071789e+01,2.073879e+01,2.078060e+01,2.075970e+01,2.078757e+01,2.077363e+01,2.070394e+01,2.069697e+01,2.069000e+01,2.068303e+01,2.055045e+01
2.053649e+01,2.055045e+01,2.059932e+01,2.049458e+01,2.050157e+01,2.045964e+01,2.064118e+01,2.055045e+01,2.050855e+01,2.048061e+01,2.058536e+01,2.061327e+01,2.048061e+01,2.050855e+01,2.070394e+01,2.054347e+01,2.048759e+01,2.041770e+01,2.051554e+01,2.053649e+01,2.054347e+01,2.052252e+01,2.062025e+01,2.054347e+01,2.038974e+01,2.049458e+01,2.060629e+01,2.049458e+01,2.062723e+01,2.058536e+01,2.057140e+01,2.054347e+01,2.055743e+01,2.053649e+01,2.050855e+01,2.058536e+01,2.057838e+01,2.056442e+01,2.054347e+01,2.070394e+01,2.045964e+01,2.047362e+01,2.080846e+01,2.066908e+01,2.061327e+01,2.054347e+01,2.062723e+01,2.054347e+01,2.055743e+01,2.064816e+01,2.064816e+01,2.064816e+01,2.059234e+01,2.059932e+01,2.060629e+01,2.057140e+01,2.054347e+01,2.067605e+01,2.059932e+01,2.062025e+01,2.062723e+01,2.069697e+01,2.059234e+01,2.060629e+01,2.067605e+01,2.062723e+01,2.069000e+01,2.059932e+01,2.062723e+01,2.056442e+01,2.059234e+01,2.063420e+01,2.069697e+01,2.065513e+01,2.065513e+01,2.067605e+01,2.051554e+01,2.064816e+01,2.066211e+01,2.075970e+01,2.071091e+01,2.065513e+01,2.069697e+01,2.082239e+01,2.080846e+01,2.059234e+01,2.066908e+01,2.062025e+01,2.071091e+01,2.071789e+01,2.080150e+01,2.064118e+01,2.071091e+01,2.067605e+01,2.058536e+01,2.075273e+01,2.067605e+01,2.075273e+01,2.067605e+01,2.069697e+01,2.064816e+01,2.069000e+01,2.066908e+01,2.073879e+01,2.065513e+01,2.064816e+01,2.063420e+01,2.063420e+01,2.082239e+01,2.064816e+01,2.063420e+01,2.065513e+01,2.067605e+01,2.065513e+01,2.068303e+01,2.064816e+01,2.068303e+01,2.057838e+01,2.069697e+01,2.073182e+01,2.071789e+01,2.070394e+01,2.067605e+01,2.058536e+01,2.059932e+01,2.064118e+01,2.064118e+01,2.063420e+01,2.071091e+01,2.066211e+01,2.069697e+01,2.064118e+01,2.066211e+01,2.069697e+01,2.062723e+01,2.065513e+01,2.071789e+01,2.062025e+01,2.065513e+01,2.059932e+01,2.068303e+01,2.068303e+01,2.065513e+01,2.057140e+01,2.066908e+01,2.069697e+01,2.066908e+01,2.065513e+01,2.070394e+01,2.062025e+01,2.068303e+01,2.059234e+01,2.066908e+01,2.062723e+01,2.062723e+01,2.060629e+01,2.062025e+01,2.061327e+01,2.060629e+01,2.067605e+01,2.064118e+01,2.045266e+01,2.064816e+01,2.076667e+01,2.059234e+01,2.071091e+01,2.062025e+01,2.062025e+01,2.063420e+01,2.066211e+01,2.066211e+01,2.052252e+01,2.052950e+01,2.053649e+01,2.058536e+01,2.055743e+01,2.055045e+01,2.061327e+01,2.055743e+01,2.052252e+01,2.084328e+01,2.057838e+01,2.059234e+01,2.065513e+01,2.061327e+01,2.049458e+01,2.066211e+01,2.047362e+01,2.048759e+01,2.047362e+01,2.040372e+01,2.042470e+01,2.025677e+01,2.001841e+01,1.975836e+01,1.941999e+01,1.922208e+01,1.897414e+01,1.873269e+01,1.873980e+01,1.871135e+01,1.871135e+01,1.883218e+01,1.866867e+01,1.863309e+01,1.843361e+01,1.831230e+01,1.834085e+01,1.835513e+01,1.835513e+01,1.823372e+01,1.835513e+01,1.833372e+01,1.830515e+01,1.845500e+01,1.847639e+01,1.851915e+01,1.851203e+01,1.870424e+01,1.870424e+01,1.866867e+01,1.869002e+01,1.888899e+01,1.874691e+01,1.893157e+01,1.895286e+01,1.893157e+01,1.866867e+01,1.865444e+01,1.847639e+01,1.860462e+01,1.841934e+01,1.843361e+01,1.844787e+01,1.851203e+01,1.845500e+01,1.852628e+01,1.863309e+01,1.862598e+01,1.864021e+01,1.878245e+01,1.878955e+01,1.881797e+01,1.898832e+01,1.904504e+01,1.903087e+01,1.898832e+01,1.881087e+01,1.895286e+01,1.876823e+01,1.872558e+01,1.859750e+01,1.869713e+01,1.861886e+01,1.876823e+01,1.867579e+01,1.864021e+01,1.858326e+01,1.869002e+01,1.867579e+01,1.869002e+01,1.876823e+01,1.859038e+01,1.861174e+01,1.864733e+01,1.845500e+01,1.853340e+01,1.850490e+01,1.844787e+01,1.841934e+01,1.842648e+01,1.841221e+01,1.846213e+01,1.844074e+01,1.851203e+01,1.854765e+01,1.859750e+01,1.865444e+01,1.895995e+01,1.910881e+01,1.929988e+01,1.965274e+01,1.980761e+01,2.039673e+01,2.034077e+01,2.065513e+01,2.067605e+01,2.069697e+01,2.069697e+01,2.056442e+01,2.072486e+01,2.067605e+01,2.069697e+01,2.066908e+01,2.064118e+01,2.065513e+01,2.069697e+01,2.065513e+01,2.062025e+01,2.059932e+01,2.075273e+01,2.076667e+01,2.066908e+01,2.076667e+01,2.071091e+01,2.064816e+01,2.063420e+01,2.069000e+01,2.057838e+01,2.062723e+01,2.054347e+01,2.050855e+01,2.048759e+01,2.046663e+01,2.042470e+01,2.045266e+01,2.062723e+01,2.059932e+01,2.069000e+01,2.068303e+01,2.068303e+01,2.072486e+01,2.073182e+01,2.075970e+01,2.071789e+01,2.072486e+01,2.067605e+01,2.064118e+01,2.075970e+01,2.068303e+01,2.068303e+01,2.067605e+01,2.063420e+01,2.061327e+01,2.070394e+01,2.062723e+01,2.066211e+01,2.065513e+01,2.064118e+01,2.057838e+01,2.055743e+01,2.026378e+01,1.993414e+01,1.956817e+01,1.920085e+01,1.921501e+01,1.903087e+01,1.893157e+01,1.898832e+01,1.908047e+01,1.917254e+01,1.909464e+01,1.908756e+01,1.913006e+01,1.904504e+01,1.919378e+01,1.925745e+01,1.948352e+01,1.975132e+01,1.987090e+01,2.031278e+01,2.036875e+01,2.058536e+01,1.992711e+01,1.937055e+01,1.934936e+01,1.936349e+01,1.933522e+01,1.936349e+01,1.938468e+01,1.981464e+01,2.028478e+01,2.063420e+01,2.066908e+01,2.071789e+01,2.059234e+01,2.058536e+01,2.048061e+01,1.999033e+01,1.930695e+01,1.911590e+01,1.883218e+01,1.893157e+01,1.891738e+01,1.895995e+01,1.911590e+01,1.912298e+01,1.908756e+01,1.914422e+01,1.916546e+01,1.915130e+01,1.912298e+01,1.915130e+01,1.920793e+01,1.929988e+01,1.988495e+01,2.038274e+01,2.059932e+01,2.075970e+01,2.067605e+01,2.073182e+01,2.069000e+01,2.082239e+01,2.077363e+01,2.074576e+01,2.083632e+01,2.063420e+01,2.071091e+01,2.078757e+01,2.078757e+01,2.078757e+01,2.069697e+01,2.075273e+01,2.077363e+01,2.078060e+01,2.071091e+01,2.067605e+01,2.070394e+01,2.078060e+01,2.070394e+01,2.066908e+01,2.072486e+01,2.069000e+01,2.080846e+01,2.073182e+01,2.071789e+01,2.073879e+01,2.083632e+01,2.075273e+01,2.077363e+01,2.073879e+01,2.078757e+01,2.085024e+01,2.077363e+01,2.075273e+01,2.071091e+01,2.073879e+01,2.071789e+01,2.080150e+01,2.081543e+01,2.087112e+01,2.088504e+01,2.089200e+01,2.084328e+01,2.074576e+01,2.078060e+01,2.080150e+01,2.080846e+01,2.078060e+01,2.068303e+01,2.083632e+01,2.088504e+01,2.092679e+01,2.073879e+01,2.078757e+01,2.073182e+01,2.082935e+01,2.087808e+01,2.082935e+01,2.073182e+01,2.069697e+01,2.082239e+01,2.080150e+01,2.074576e+01,2.080150e+01,2.080150e+01,2.077363e+01,2.083632e+01,2.075273e+01,2.078060e+01,2.080150e+01,2.082935e+01,2.081543e+01,2.075970e+01,2.080846e+01,2.081543e+01,2.077363e+01,2.080150e+01,2.065513e+01,2.052252e+01,2.071789e+01,2.075273e+01,2.078757e+01,2.072486e+01,2.067605e+01,2.078060e+01,2.075970e+01,2.078757e+01,2.075970e+01,2.075970e+01,2.075970e+01,2.072486e+01,2.070394e+01,2.080846e+01,2.071091e+01,2.064816e+01,2.075273e+01,2.075970e+01,2.066211e+01,2.074576e+01,2.078060e+01,2.072486e+01,2.072486e+01,2.081543e+01,2.062025e+01,2.076667e+01,2.075273e+01,2.080846e+01,2.078757e+01,2.070394e+01,2.081543e+01,2.080150e+01,2.074576e+01,2.080150e+01,2.073879e+01,2.079453e+01,2.067605e+01,2.066211e+01,2.081543e+01,2.075273e+01,2.070394e+01,2.085720e+01,2.083632e+01,2.079453e+01,2.071789e+01,2.071091e+01,2.075273e+01,2.075970e+01,2.085024e+01,2.080846e+01,2.080846e+01,2.077363e+01,2.073879e+01,2.071091e+01,2.082935e+01,2.071789e+01,2.078060e+01,2.075273e+01,2.078757e+01,2.085024e+01,2.077363e+01,2.086416e+01,2.077363e+01,2.089200e+01,2.080846e+01,2.084328e+01,2.086416e+01,2.085024e+01,2.068303e+01,2.073182e+01,2.073182e+01,2.077363e+01,2.075970e+01,2.067605e+01,2.086416e+01,2.069697e+01,2.078757e+01,2.073879e+01,2.073182e+01,2.083632e+01,2.078757e+01,2.072486e+01,2.073879e+01,2.079453e+01,2.076667e+01,2.082935e+01,2.078757e+01,2.075970e+01,2.077363e+01,2.071091e+01,2.076667e+01,2.073182e+01,2.075273e+01,2.072486e+01,2.079453e+01,2.073182e+01,2.072486e+01,2.071789e+01,2.078757e+01,2.072486e+01,2.069000e+01,2.073182e+01,2.086416e+01,2.080846e+01,2.074576e+01,2.080846e+01,2.080846e+01,2.075970e+01,2.072486e+01,2.074576e+01,2.075970e+01,2.074576e+01,2.081543e+01,2.069697e+01,2.071091e+01,2.059932e+01,2.075273e+01,2.079453e+01,2.058536e+01,2.073879e+01,2.079453e+01,2.082239e+01,2.073182e+01,2.078757e+01,2.071789e+01,2.074576e+01,2.068303e+01,2.066908e+01,2.068303e+01,2.073182e+01,2.069697e+01,2.084328e+01,2.078757e+01,2.071091e+01,2.066908e+01,2.069000e+01,2.075273e+01,2.074576e+01,2.077363e+01,2.059234e+01,2.077363e+01,2.076667e+01,2.078757e+01,2.076667e+01,2.062025e+01,2.084328e+01,2.079453e+01,2.087112e+01,2.078060e+01,2.073182e+01,2.078060e+01,2.074576e+01,2.076667e+01,2.073879e+01,2.080150e+01,2.070394e+01,2.069697e+01,2.063420e+01,2.068303e+01,2.055743e+01
2.058536e+01,2.051554e+01,2.044567e+01,2.062025e+01,2.047362e+01,2.062723e+01,2.053649e+01,2.041770e+01,2.050157e+01,2.055743e+01,2.052252e+01,2.049458e+01,2.057140e+01,2.057140e+01,2.055743e+01,2.066908e+01,2.054347e+01,2.033377e+01,2.051554e+01,2.066908e+01,2.057140e+01,2.049458e+01,2.051554e+01,2.050855e+01,2.046663e+01,2.049458e+01,2.065513e+01,2.050855e+01,2.052252e+01,2.055743e+01,2.054347e+01,2.055045e+01,2.052950e+01,2.066908e+01,2.062723e+01,2.059932e+01,2.054347e+01,2.045266e+01,2.060629e+01,2.061327e+01,2.066211e+01,2.062025e+01,2.055743e+01,2.080150e+01,2.057140e+01,2.059932e+01,2.058536e+01,2.057838e+01,2.058536e+01,2.075273e+01,2.064118e+01,2.072486e+01,2.075970e+01,2.069697e+01,2.062025e+01,2.060629e+01,2.069000e+01,2.062723e+01,2.063420e+01,2.069000e+01,2.060629e+01,2.068303e+01,2.056442e+01,2.066908e+01,2.077363e+01,2.065513e+01,2.061327e+01,2.073182e+01,2.062723e+01,2.062025e+01,2.061327e+01,2.062025e+01,2.066211e+01,2.062723e+01,2.073879e+01,2.073879e+01,2.073879e+01,2.060629e+01,2.070394e+01,2.073182e+01,2.074576e+01,2.069000e+01,2.069000e+01,2.071789e+01,2.064816e+01,2.066211e+01,2.071091e+01,2.069000e+01,2.060629e+01,2.074576e+01,2.063420e+01,2.072486e+01,2.066908e+01,2.066211e+01,2.071789e+01,2.072486e+01,2.066908e+01,2.091287e+01,2.073879e+01,2.071789e+01,2.069697e+01,2.069000e+01,2.078757e+01,2.078757e+01,2.061327e+01,2.068303e+01,2.073879e+01,2.067605e+01,2.065513e+01,2.064816e+01,2.071091e+01,2.068303e+01,2.059234e+01,2.070394e+01,2.068303e+01,2.046663e+01,2.063420e+01,2.064118e+01,2.051554e+01,2.059932e+01,2.063420e+01,2.055743e+01,2.066908e+01,2.072486e+01,2.071091e+01,2.074576e+01,2.069697e+01,2.060629e+01,2.072486e+01,2.066908e+01,2.066908e+01,2.066908e+01,2.075273e+01,2.067605e+01,2.068303e+01,2.067605e+01,2.069000e+01,2.057838e+01,2.075970e+01,2.066211e+01,2.068303e+01,2.057140e+01,2.067605e+01,2.072486e+01,2.062025e+01,2.063420e+01,2.069697e+01,2.069697e+01,2.075273e+01,2.064816e+01,2.057838e+01,2.061327e+01,2.064118e+01,2.065513e+01,2.071091e+01,2.064816e+01,2.061327e+01,2.066908e+01,2.062025e+01,2.057140e+01,2.067605e+01,2.063420e+01,2.059932e+01,2.062025e+01,2.071789e+01,2.063420e+01,2.061327e+01,2.056442e+01,2.060629e+01,2.064816e+01,2.064118e+01,2.061327e+01,2.065513e+01,2.061327e+01,2.057140e+01,2.067605e+01,2.063420e+01,2.072486e+01,2.062723e+01,2.054347e+01,2.064816e+01,2.064118e+01,2.064816e+01,2.058536e+01,2.057838e+01,2.064118e+01,2.050855e+01,2.055045e+01,2.050855e+01,2.059932e+01,2.055743e+01,2.019373e+01,1.996224e+01,1.973021e+01,1.925038e+01,1.905213e+01,1.903795e+01,1.876823e+01,1.873269e+01,1.858326e+01,1.864021e+01,1.871847e+01,1.856190e+01,1.864021e+01,1.832658e+01,1.844787e+01,1.841934e+01,1.828373e+01,1.831230e+01,1.827659e+01,1.834799e+01,1.833372e+01,1.847639e+01,1.822657e+01,1.851915e+01,1.849777e+01,1.852628e+01,1.851203e+01,1.854765e+01,1.873269e+01,1.874691e+01,1.878955e+01,1.883218e+01,1.884638e+01,1.881797e+01,1.878955e+01,1.891738e+01,1.870424e+01,1.875401e+01,1.850490e+01,1.834799e+01,1.836940e+01,1.842648e+01,1.849064e+01,1.848352e+01,1.856902e+01,1.860462e+01,1.864021e+01,1.867579e+01,1.875401e+01,1.867579e+01,1.878955e+01,1.883928e+01,1.891028e+01,1.895286e+01,1.893157e+01,1.898832e+01,1.905922e+01,1.879666e+01,1.876823e+01,1.876823e+01,1.859750e+01,1.867579e+01,1.856190e+01,1.871135e+01,1.865444e+01,1.857614e+01,1.856902e+01,1.862598e+01,1.866156e+01,1.868290e+01,1.867579e+01,1.859750e+01,1.860462e+01,1.856190e+01,1.845500e+01,1.851915e+01,1.849064e+01,1.843361e+01,1.839081e+01,1.842648e+01,1.844074e+01,1.846213e+01,1.844074e+01,1.853340e+01,1.854765e+01,1.861886e+01,1.862598e+01,1.881087e+01,1.892448e+01,1.927160e+01,1.944118e+01,1.971613e+01,2.005350e+01,2.033377e+01,2.048759e+01,2.067605e+01,2.057140e+01,2.064118e+01,2.066211e+01,2.061327e+01,2.069000e+01,2.076667e+01,2.067605e+01,2.064816e+01,2.064816e+01,2.061327e+01,2.065513e+01,2.066211e+01,2.075273e+01,2.066211e+01,2.057140e+01,2.064816e+01,2.066908e+01,2.073182e+01,2.059234e+01,2.060629e+01,2.064118e+01,2.063420e+01,2.053649e+01,2.046663e+01,2.045964e+01,2.049458e+01,2.050157e+01,2.048759e+01,2.045964e+01,2.061327e+01,2.066211e+01,2.070394e+01,2.063420e+01,2.085720e+01,2.072486e+01,2.071789e+01,2.073182e+01,2.068303e+01,2.073182e+01,2.073879e+01,2.078757e+01,2.076667e+01,2.072486e+01,2.071789e+01,2.077363e+01,2.065513e+01,2.078757e+01,2.064816e+01,2.067605e+01,2.068303e+01,2.066908e+01,2.069000e+01,2.072486e+01,2.065513e+01,2.052252e+01,2.002542e+01,1.992711e+01,1.956112e+01,1.905922e+01,1.922208e+01,1.903087e+01,1.903795e+01,1.917962e+01,1.908756e+01,1.915838e+01,1.917254e+01,1.908047e+01,1.926452e+01,1.927867e+01,1.941293e+01,1.970909e+01,1.994819e+01,2.027778e+01,2.033377e+01,2.069000e+01,2.068303e+01,2.034777e+01,1.984277e+01,1.953291e+01,1.952586e+01,1.953291e+01,1.951880e+01,1.970909e+01,1.965274e+01,2.059932e+01,2.065513e+01,2.073879e+01,2.069000e+01,2.065513e+01,2.062025e+01,2.059234e+01,2.035476e+01,1.989198e+01,1.932109e+01,1.891028e+01,1.901669e+01,1.894576e+01,1.893867e+01,1.905922e+01,1.898832e+01,1.905922e+01,1.914422e+01,1.925038e+01,1.922916e+01,1.923623e+01,1.911590e+01,1.922208e+01,1.932109e+01,2.009559e+01,2.048759e+01,2.058536e+01,2.064118e+01,2.064816e+01,2.073182e+01,2.086416e+01,2.073879e+01,2.071091e+01,2.080150e+01,2.081543e+01,2.071789e+01,2.067605e+01,2.068303e+01,2.069000e+01,2.066908e+01,2.078060e+01,2.080150e+01,2.072486e+01,2.073182e+01,2.077363e+01,2.072486e+01,2.075273e+01,2.070394e+01,2.089200e+01,2.065513e+01,2.088504e+01,2.072486e+01,2.085024e+01,2.073879e+01,2.078757e+01,2.075970e+01,2.078060e+01,2.077363e+01,2.072486e+01,2.075970e+01,2.084328e+01,2.077363e+01,2.078757e+01,2.084328e+01,2.066908e+01,2.088504e+01,2.072486e+01,2.088504e+01,2.090592e+01,2.085720e+01,2.083632e+01,2.076667e+01,2.075273e+01,2.073879e+01,2.074576e+01,2.074576e+01,2.078757e+01,2.084328e+01,2.070394e+01,2.069000e+01,2.078757e+01,2.076667e+01,2.071091e+01,2.085024e+01,2.080846e+01,2.077363e+01,2.084328e+01,2.080846e+01,2.078757e+01,2.080846e+01,2.075970e+01,2.079453e+01,2.074576e+01,2.075970e+01,2.082935e+01,2.081543e+01,2.081543e+01,2.072486e+01,2.083632e+01,2.082935e+01,2.078060e+01,2.085720e+01,2.071091e+01,2.075273e+01,2.074576e+01,2.087808e+01,2.071789e+01,2.077363e+01,2.080846e+01,2.075273e+01,2.071091e+01,2.076667e+01,2.074576e+01,2.067605e+01,2.081543e+01,2.069697e+01,2.078060e+01,2.075970e+01,2.082935e+01,2.073879e+01,2.076667e+01,2.074576e+01,2.073182e+01,2.070394e+01,2.081543e+01,2.087112e+01,2.078060e+01,2.080150e+01,2.075273e+01,2.073879e+01,2.076667e+01,2.071091e+01,2.075970e+01,2.071789e+01,2.073182e+01,2.082935e+01,2.081543e+01,2.079453e+01,2.077363e+01,2.074576e+01,2.069697e+01,2.082239e+01,2.078757e+01,2.075273e+01,2.072486e+01,2.073182e+01,2.069000e+01,2.077363e+01,2.069000e+01,2.082239e+01,2.078060e+01,2.080150e+01,2.079453e+01,2.071091e+01,2.075970e+01,2.075970e+01,2.075273e+01,2.084328e+01,2.073182e+01,2.087808e+01,2.073182e+01,2.087808e+01,2.074576e+01,2.071091e+01,2.075273e+01,2.085024e+01,2.078757e+01,2.080846e+01,2.090592e+01,2.078757e+01,2.089200e+01,2.080150e+01,2.082239e+01,2.087808e+01,2.076667e+01,2.086416e+01,2.085720e+01,2.063420e+01,2.072486e+01,2.094765e+01,2.079453e+01,2.079453e+01,2.075273e+01,2.075273e+01,2.070394e+01,2.082239e+01,2.066908e+01,2.077363e+01,2.074576e+01,2.080150e+01,2.080846e+01,2.073879e+01,2.077363e+01,2.082239e+01,2.084328e+01,2.075273e+01,2.078757e+01,2.071789e+01,2.073879e+01,2.077363e+01,2.078757e+01,2.081543e+01,2.074576e+01,2.082239e+01,2.075273e+01,2.075273e+01,2.079453e+01,2.074576e+01,2.075273e+01,2.073182e+01,2.069697e+01,2.069000e+01,2.071091e+01,2.082239e+01,2.081543e+01,2.075970e+01,2.069697e+01,2.078060e+01,2.078757e+01,2.073182e+01,2.070394e+01,2.074576e+01,2.078060e+01,2.081543e+01,2.059932e+01,2.077363e+01,2.075970e+01,2.078757e+01,2.080150e+01,2.072486e+01,2.063420e+01,2.078060e+01,2.075970e+01,2.080150e+01,2.078757e+01,2.063420e+01,2.075970e+01,2.071789e+01,2.075273e+01,2.066211e+01,2.070394e+01,2.069000e+01,2.071091e+01,2.082239e+01,2.083632e+01,2.073182e+01,2.085720e+01,2.076667e+01,2.079453e+01,2.075970e+01,2.075970e+01,2.068303e+01,2.082935e+01,2.075970e+01,2.068303e+01,2.080846e+01,2.054347e+01,2.075273e+01,2.079453e+01,2.059932e+01,2.076667e+01,2.080846e+01,2.071091e+01,2.080150e+01,2.071091e+01,2.077363e+01,2.070394e+01,2.066908e+01,2.069000e+01
2.044567e+01,2.050855e+01,2.055045e+01,2.060629e+01,2.048759e+01,2.055743e+01,2.048759e+01,2.057838e+01,2.057140e+01,2.065513e+01,2.059932e+01,2.056442e+01,2.059234e+01,2.056442e+01,2.056442e+01,2.035476e+01,2.053649e+01,2.043169e+01,2.054347e+01,2.050855e+01,2.053649e+01,2.055045e+01,2.064816e+01,2.049458e+01,2.068303e+01,2.055045e+01,2.058536e+01,2.031278e+01,2.052252e+01,2.057838e+01,2.059234e+01,2.052252e+01,2.061327e+01,2.066908e+01,2.061327e+01,2.073182e+01,2.057838e+01,2.057140e+01,2.046663e+01,2.058536e+01,2.066908e+01,2.072486e+01,2.056442e+01,2.065513e+01,2.056442e+01,2.058536e+01,2.057838e+01,2.052252e+01,2.061327e+01,2.067605e+01,2.071091e+01,2.066211e+01,2.073182e+01,2.066211e+01,2.057140e+01,2.052252e+01,2.074576e+01,2.057140e+01,2.071091e+01,2.059932e+01,2.062025e+01,2.066908e+01,2.063420e+01,2.048759e+01,2.069000e+01,2.064118e+01,2.064118e+01,2.070394e+01,2.064118e+01,2.057838e+01,2.059932e+01,2.076667e+01,2.070394e+01,2.070394e+01,2.067605e+01,2.056442e+01,2.074576e+01,2.073879e+01,2.050855e+01,2.073182e+01,2.074576e+01,2.064118e+01,2.073879e+01,2.073879e+01,2.075273e+01,2.078060e+01,2.069697e+01,2.072486e+01,2.075273e+01,2.077363e+01,2.071789e+01,2.070394e+01,2.069697e+01,2.074576e+01,2.071789e+01,2.070394e+01,2.070394e+01,2.064816e+01,2.071789e+01,2.064816e+01,2.071091e+01,2.078757e+01,2.069000e+01,2.064118e+01,2.060629e+01,2.067605e+01,2.074576e+01,2.078757e+01,2.065513e+01,2.081543e+01,2.064816e+01,2.070394e+01,2.073879e+01,2.072486e+01,2.060629e+01,2.066908e+01,2.053649e+01,2.057140e+01,2.070394e+01,2.054347e+01,2.063420e+01,2.059234e+01,2.071091e+01,2.072486e+01,2.073182e+01,2.057838e+01,2.076667e+01,2.066908e+01,2.075273e+01,2.064816e+01,2.062025e+01,2.080150e+01,2.065513e+01,2.063420e+01,2.066908e+01,2.064816e+01,2.066211e+01,2.074576e+01,2.063420e+01,2.064118e+01,2.064816e+01,2.066908e+01,2.048061e+01,2.069697e+01,2.068303e+01,2.066908e+01,2.056442e+01,2.064118e+01,2.057838e+01,2.059932e+01,2.067605e+01,2.060629e+01,2.060629e+01,2.064118e+01,2.061327e+01,2.071789e+01,2.069000e+01,2.071789e+01,2.070394e+01,2.066908e+01,2.058536e+01,2.062723e+01,2.065513e+01,2.065513e+01,2.071091e+01,2.062025e+01,2.060629e+01,2.058536e+01,2.064816e+01,2.066908e+01,2.069697e+01,2.064816e+01,2.070394e+01,2.062025e+01,2.069697e+01,2.066908e+01,2.069000e+01,2.069000e+01,2.069000e+01,2.067605e+01,2.082239e+01,2.059234e+01,2.055743e+01,2.059234e+01,2.067605e+01,2.057140e+01,2.051554e+01,2.048759e+01,2.055743e+01,2.041071e+01,2.025677e+01,1.994117e+01,1.969500e+01,1.923623e+01,1.903087e+01,1.880376e+01,1.879666e+01,1.871847e+01,1.865444e+01,1.839081e+01,1.839794e+01,1.836227e+01,1.834799e+01,1.811932e+01,1.829087e+01,1.831944e+01,1.829087e+01,1.820513e+01,1.829087e+01,1.819798e+01,1.829801e+01,1.828373e+01,1.839081e+01,1.843361e+01,1.853340e+01,1.851203e+01,1.873980e+01,1.868290e+01,1.872558e+01,1.873980e+01,1.882508e+01,1.867579e+01,1.870424e+01,1.868290e+01,1.876823e+01,1.859038e+01,1.867579e+01,1.860462e+01,1.859750e+01,1.849777e+01,1.846926e+01,1.829087e+01,1.836940e+01,1.841934e+01,1.846926e+01,1.844787e+01,1.854765e+01,1.860462e+01,1.861886e+01,1.865444e+01,1.866867e+01,1.885349e+01,1.891028e+01,1.892448e+01,1.893157e+01,1.904504e+01,1.891028e+01,1.891028e+01,1.881087e+01,1.882508e+01,1.881797e+01,1.864733e+01,1.869002e+01,1.856190e+01,1.841934e+01,1.853340e+01,1.852628e+01,1.869713e+01,1.848352e+01,1.856190e+01,1.852628e+01,1.861886e+01,1.861174e+01,1.859750e+01,1.850490e+01,1.848352e+01,1.849064e+01,1.839081e+01,1.839794e+01,1.839081e+01,1.841934e+01,1.841934e+01,1.849777e+01,1.849064e+01,1.848352e+01,1.839081e+01,1.856190e+01,1.863309e+01,1.866867e+01,1.883218e+01,1.889609e+01,1.925038e+01,1.946235e+01,1.980761e+01,2.018673e+01,2.046663e+01,2.064118e+01,2.067605e+01,2.078060e+01,2.072486e+01,2.069697e+01,2.075273e+01,2.069697e+01,2.067605e+01,2.067605e+01,2.066211e+01,2.062025e+01,2.064816e+01,2.073879e+01,2.073182e+01,2.067605e+01,2.080150e+01,2.067605e+01,2.063420e+01,2.079453e+01,2.071789e+01,2.072486e+01,2.065513e+01,2.054347e+01,2.059932e+01,2.050855e+01,2.046663e+01,2.047362e+01,2.051554e+01,2.042470e+01,2.045964e+01,2.056442e+01,2.057140e+01,2.060629e+01,2.064118e+01,2.071789e+01,2.075970e+01,2.069697e+01,2.073182e+01,2.069000e+01,2.073182e+01,2.073879e+01,2.071789e+01,2.066211e+01,2.066908e+01,2.073182e+01,2.064816e+01,2.066908e+01,2.065513e+01,2.064118e+01,2.076667e+01,2.069697e+01,2.069000e+01,2.066908e+01,2.066908e+01,2.068303e+01,2.052950e+01,2.032678e+01,2.002542e+01,1.961047e+01,1.951880e+01,1.922208e+01,1.913006e+01,1.919378e+01,1.908047e+01,1.918670e+01,1.929988e+01,1.917962e+01,1.932109e+01,1.923623e+01,1.956112e+01,1.960342e+01,1.972317e+01,1.999033e+01,2.030578e+01,2.040372e+01,2.070394e+01,2.066908e+01,2.070394e+01,2.039673e+01,1.991306e+01,1.960342e+01,1.953996e+01,1.954701e+01,1.965274e+01,1.999735e+01,2.061327e+01,2.068303e+01,2.064816e+01,2.073182e+01,2.075970e+01,2.067605e+01,2.060629e+01,2.069000e+01,2.023577e+01,1.969500e+01,1.931402e+01,1.903087e+01,1.875401e+01,1.883218e+01,1.898123e+01,1.898123e+01,1.910173e+01,1.921501e+01,1.965979e+01,2.003946e+01,1.961751e+01,1.920085e+01,1.924331e+01,1.947647e+01,2.006753e+01,2.067605e+01,2.051554e+01,2.064816e+01,2.069697e+01,2.069697e+01,2.069697e+01,2.066211e+01,2.077363e+01,2.069697e+01,2.078060e+01,2.081543e+01,2.069697e+01,2.075273e+01,2.071789e+01,2.074576e+01,2.080150e+01,2.077363e+01,2.071789e+01,2.079453e+01,2.075273e+01,2.076667e+01,2.069697e+01,2.073182e+01,2.066211e+01,2.072486e+01,2.075273e+01,2.068303e+01,2.078757e+01,2.074576e+01,2.074576e+01,2.052252e+01,2.077363e+01,2.074576e+01,2.073879e+01,2.074576e+01,2.078060e+01,2.078060e+01,2.079453e+01,2.073879e+01,2.069697e+01,2.074576e+01,2.072486e+01,2.074576e+01,2.072486e+01,2.092679e+01,2.074576e+01,2.085024e+01,2.083632e+01,2.075970e+01,2.082239e+01,2.087808e+01,2.082239e+01,2.077363e+01,2.069000e+01,2.069697e+01,2.078757e+01,2.074576e+01,2.084328e+01,2.075273e+01,2.088504e+01,2.072486e+01,2.070394e+01,2.085720e+01,2.068303e+01,2.072486e+01,2.075970e+01,2.076667e+01,2.070394e+01,2.073879e+01,2.073182e+01,2.072486e+01,2.075970e+01,2.076667e+01,2.076667e+01,2.077363e+01,2.072486e+01,2.076667e+01,2.073182e+01,2.076667e+01,2.080150e+01,2.081543e+01,2.085024e+01,2.068303e+01,2.076667e+01,2.077363e+01,2.075970e+01,2.076667e+01,2.071789e+01,2.071789e+01,2.081543e+01,2.070394e+01,2.085720e+01,2.077363e+01,2.075970e+01,2.078060e+01,2.075970e+01,2.071789e+01,2.075970e+01,2.081543e+01,2.077363e+01,2.071091e+01,2.075273e+01,2.082935e+01,2.081543e+01,2.081543e+01,2.078757e+01,2.085024e+01,2.087808e+01,2.065513e+01,2.085024e+01,2.073879e+01,2.076667e+01,2.080150e+01,2.088504e+01,2.080846e+01,2.070394e+01,2.080150e+01,2.075273e+01,2.072486e+01,2.056442e+01,2.089896e+01,2.072486e+01,2.078060e+01,2.069000e+01,2.067605e+01,2.085024e+01,2.071091e+01,2.078757e+01,2.076667e+01,2.079453e+01,2.074576e+01,2.078757e+01,2.071789e+01,2.081543e+01,2.082239e+01,2.074576e+01,2.087808e+01,2.093374e+01,2.087112e+01,2.082239e+01,2.071091e+01,2.073879e+01,2.075970e+01,2.084328e+01,2.081543e+01,2.070394e+01,2.075970e+01,2.084328e+01,2.071789e+01,2.076667e+01,2.085024e+01,2.073182e+01,2.082239e+01,2.078757e+01,2.098242e+01,2.078757e+01,2.075273e+01,2.072486e+01,2.076667e+01,2.072486e+01,2.061327e+01,2.078060e+01,2.079453e+01,2.080846e+01,2.080846e+01,2.083632e+01,2.078060e+01,2.077363e+01,2.076667e+01,2.077363e+01,2.073182e+01,2.082239e+01,2.079453e+01,2.081543e+01,2.082935e+01,2.073182e+01,2.077363e+01,2.075273e+01,2.082935e+01,2.081543e+01,2.071091e+01,2.073879e+01,2.073182e+01,2.074576e+01,2.075273e+01,2.077363e+01,2.078757e+01,2.085720e+01,2.070394e+01,2.075970e+01,2.069000e+01,2.070394e+01,2.067605e+01,2.074576e+01,2.070394e+01,2.074576e+01,2.073879e+01,2.079453e+01,2.069697e+01,2.084328e+01,2.078060e+01,2.076667e+01,2.074576e+01,2.080846e+01,2.073879e+01,2.077363e+01,2.075970e+01,2.076667e+01,2.064118e+01,2.079453e+01,2.081543e+01,2.084328e+01,2.074576e+01,2.075273e+01,2.084328e+01,2.075970e+01,2.075273e+01,2.071091e+01,2.069000e+01,2.072486e+01,2.083632e+01,2.066908e+01,2.070394e+01,2.075970e+01,2.080846e+01,2.071091e+01,2.076667e+01,2.068303e+01,2.075970e+01,2.080846e+01,2.066211e+01,2.072486e+01,2.083632e+01,2.100327e+01,2.073182e+01,2.073879e+01,2.066908e+01,2.070394e+01,2.070394e+01,2.064816e+01,2.081543e+01,2.069697e+01,2.083632e+01,2.077363e+01
2.055045e+01,2.049458e+01,2.059932e+01,2.059932e+01,2.059932e+01,2.062025e+01,2.052950e+01,2.058536e+01,2.058536e+01,2.053649e+01,2.062025e+01,2.054347e+01,2.066908e+01,2.055743e+01,2.057838e+01,2.062025e+01,2.055045e+01,2.056442e+01,2.054347e+01,2.061327e+01,2.043868e+01,2.054347e+01,2.056442e+01,2.064816e+01,2.052950e+01,2.059234e+01,2.064816e+01,2.059932e+01,2.063420e+01,2.059932e+01,2.051554e+01,2.055743e+01,2.064118e+01,2.069697e+01,2.053649e+01,2.065513e+01,2.061327e+01,2.056442e+01,2.040372e+01,2.060629e+01,2.067605e+01,2.078060e+01,2.068303e+01,2.073879e+01,2.062723e+01,2.068303e+01,2.057838e+01,2.057838e+01,2.062025e+01,2.066211e+01,2.065513e+01,2.064816e+01,2.059932e+01,2.071789e+01,2.067605e+01,2.069697e+01,2.059932e+01,2.062025e+01,2.068303e+01,2.074576e+01,2.073182e+01,2.074576e+01,2.069000e+01,2.069000e+01,2.069000e+01,2.072486e+01,2.092679e+01,2.057140e+01,2.065513e+01,2.069000e+01,2.059932e+01,2.062025e+01,2.073182e+01,2.071091e+01,2.069697e+01,2.068303e+01,2.073182e+01,2.067605e+01,2.073879e+01,2.077363e+01,2.075970e+01,2.064816e+01,2.070394e+01,2.068303e+01,2.064118e+01,2.074576e+01,2.071091e+01,2.068303e+01,2.073879e+01,2.070394e+01,2.069697e+01,2.078060e+01,2.076667e+01,2.075970e+01,2.069697e+01,2.075273e+01,2.074576e+01,2.079453e+01,2.071789e+01,2.073879e+01,2.078757e+01,2.071091e+01,2.073879e+01,2.060629e+01,2.079453e+01,2.062025e+01,2.062025e+01,2.065513e+01,2.071789e+01,2.075273e+01,2.065513e+01,2.073879e+01,2.072486e+01,2.068303e+01,2.068303e+01,2.062723e+01,2.067605e+01,2.073879e+01,2.072486e+01,2.066211e+01,2.066908e+01,2.071789e+01,2.075273e+01,2.065513e+01,2.067605e+01,2.066908e+01,2.066211e+01,2.066908e+01,2.074576e+01,2.071091e+01,2.069000e+01,2.064816e+01,2.061327e+01,2.069000e+01,2.058536e+01,2.071091e+01,2.066211e+01,2.070394e+01,2.062723e+01,2.064816e+01,2.076667e+01,2.071091e+01,2.060629e+01,2.070394e+01,2.066211e+01,2.065513e+01,2.061327e+01,2.069000e+01,2.068303e+01,2.066211e+01,2.067605e+01,2.062723e+01,2.063420e+01,2.062025e+01,2.066211e+01,2.072486e+01,2.064816e+01,2.071789e+01,2.064816e+01,2.066908e+01,2.075970e+01,2.062025e+01,2.066211e+01,2.064118e+01,2.071789e+01,2.070394e+01,2.064816e+01,2.069000e+01,2.068303e+01,2.069697e+01,2.060629e+01,2.069000e+01,2.066908e+01,2.061327e+01,2.070394e+01,2.071789e+01,2.067605e+01,2.069697e+01,2.069000e+01,2.064816e+01,2.067605e+01,2.063420e+01,2.062025e+01,2.059932e+01,2.062025e+01,2.059234e+01,2.058536e+01,2.064118e+01,2.059234e+01,2.037575e+01,1.997628e+01,1.967388e+01,1.934936e+01,1.915130e+01,1.890318e+01,1.879666e+01,1.875401e+01,1.841934e+01,1.846213e+01,1.844787e+01,1.834799e+01,1.834085e+01,1.847639e+01,1.818369e+01,1.833372e+01,1.826944e+01,1.831230e+01,1.836940e+01,1.838367e+01,1.838367e+01,1.827659e+01,1.843361e+01,1.851915e+01,1.840508e+01,1.847639e+01,1.854053e+01,1.854053e+01,1.873269e+01,1.876823e+01,1.871847e+01,1.869002e+01,1.876112e+01,1.859750e+01,1.871135e+01,1.855477e+01,1.861886e+01,1.856902e+01,1.852628e+01,1.847639e+01,1.836940e+01,1.846213e+01,1.832658e+01,1.844074e+01,1.837654e+01,1.846213e+01,1.843361e+01,1.856902e+01,1.869713e+01,1.862598e+01,1.888899e+01,1.871847e+01,1.882508e+01,1.890318e+01,1.897414e+01,1.888189e+01,1.903795e+01,1.888189e+01,1.884638e+01,1.881797e+01,1.878955e+01,1.879666e+01,1.869002e+01,1.876823e+01,1.853340e+01,1.856190e+01,1.853340e+01,1.852628e+01,1.852628e+01,1.850490e+01,1.857614e+01,1.862598e+01,1.859750e+01,1.862598e+01,1.854053e+01,1.866867e+01,1.864733e+01,1.856902e+01,1.844074e+01,1.848352e+01,1.841934e+01,1.848352e+01,1.836940e+01,1.846213e+01,1.841221e+01,1.851203e+01,1.857614e+01,1.854765e+01,1.858326e+01,1.881797e+01,1.883218e+01,1.886059e+01,1.889609e+01,1.925745e+01,1.976540e+01,2.015869e+01,2.045266e+01,2.064118e+01,2.068303e+01,2.071091e+01,2.073182e+01,2.075273e+01,2.072486e+01,2.073182e+01,2.069697e+01,2.077363e+01,2.070394e+01,2.066211e+01,2.069697e+01,2.066908e+01,2.072486e+01,2.068303e+01,2.066211e+01,2.066211e+01,2.075970e+01,2.068303e+01,2.068303e+01,2.069000e+01,2.084328e+01,2.069697e+01,2.058536e+01,2.054347e+01,2.054347e+01,2.052950e+01,2.045964e+01,2.045266e+01,2.046663e+01,2.045266e+01,2.054347e+01,2.064118e+01,2.067605e+01,2.073879e+01,2.071091e+01,2.073182e+01,2.072486e+01,2.073879e+01,2.070394e+01,2.075970e+01,2.069697e+01,2.077363e+01,2.078060e+01,2.061327e+01,2.063420e+01,2.076667e+01,2.076667e+01,2.069000e+01,2.069000e+01,2.072486e+01,2.073182e+01,2.073879e+01,2.080846e+01,2.070394e+01,2.054347e+01,2.033377e+01,2.022876e+01,2.001139e+01,1.974428e+01,1.939881e+01,1.925745e+01,1.931402e+01,1.929281e+01,1.929281e+01,1.926452e+01,1.922916e+01,1.933522e+01,1.956112e+01,1.979354e+01,2.000437e+01,2.028478e+01,2.036875e+01,2.073182e+01,2.065513e+01,2.075273e+01,2.068303e+01,2.066211e+01,2.070394e+01,2.050157e+01,1.996926e+01,1.981464e+01,1.978650e+01,1.985683e+01,2.027778e+01,2.064118e+01,2.071789e+01,2.067605e+01,2.064816e+01,2.082935e+01,2.066211e+01,2.073182e+01,2.067605e+01,2.057140e+01,2.036875e+01,1.969500e+01,1.936349e+01,1.896704e+01,1.901669e+01,1.900251e+01,1.918670e+01,1.908756e+01,1.912298e+01,1.965274e+01,2.031978e+01,2.020774e+01,1.948352e+01,1.920793e+01,1.954701e+01,2.036875e+01,2.057140e+01,2.073182e+01,2.077363e+01,2.066211e+01,2.075273e+01,2.071789e+01,2.085024e+01,2.080150e+01,2.071091e+01,2.078060e+01,2.082935e+01,2.081543e+01,2.078060e+01,2.076667e+01,2.080846e+01,2.080150e+01,2.078060e+01,2.082935e+01,2.084328e+01,2.082935e+01,2.082935e+01,2.063420e+01,2.081543e+01,2.085024e+01,2.076667e+01,2.080846e+01,2.071091e+01,2.080150e+01,2.089896e+01,2.075273e+01,2.080150e+01,2.078060e+01,2.078757e+01,2.072486e+01,2.072486e+01,2.075970e+01,2.076667e+01,2.074576e+01,2.076667e+01,2.090592e+01,2.075970e+01,2.082239e+01,2.075273e+01,2.073879e+01,2.076667e+01,2.092679e+01,2.089896e+01,2.074576e+01,2.082935e+01,2.076667e+01,2.080150e+01,2.079453e+01,2.073182e+01,2.082239e+01,2.080846e+01,2.080846e+01,2.071091e+01,2.080150e+01,2.069000e+01,2.075273e+01,2.077363e+01,2.077363e+01,2.077363e+01,2.081543e+01,2.080150e+01,2.071789e+01,2.076667e+01,2.069697e+01,2.080150e+01,2.067605e+01,2.072486e+01,2.090592e+01,2.069000e+01,2.078060e+01,2.081543e+01,2.081543e+01,2.083632e+01,2.080150e+01,2.085024e+01,2.082935e+01,2.080846e+01,2.080846e+01,2.069697e+01,2.075970e+01,2.083632e+01,2.084328e+01,2.082935e+01,2.082935e+01,2.081543e+01,2.083632e+01,2.082239e+01,2.082935e+01,2.079453e+01,2.076667e+01,2.081543e+01,2.078060e+01,2.077363e+01,2.088504e+01,2.077363e+01,2.073879e+01,2.082239e+01,2.078060e+01,2.078757e+01,2.079453e+01,2.079453e+01,2.078060e+01,2.086416e+01,2.075970e+01,2.076667e+01,2.069000e+01,2.078757e+01,2.073879e+01,2.077363e+01,2.078060e+01,2.082935e+01,2.080150e+01,2.069697e+01,2.072486e+01,2.073879e+01,2.073182e+01,2.078060e+01,2.080846e+01,2.072486e+01,2.082935e+01,2.069697e+01,2.080846e+01,2.078060e+01,2.077363e+01,2.080846e+01,2.064118e+01,2.071091e+01,2.071789e+01,2.074576e+01,2.072486e+01,2.076667e+01,2.074576e+01,2.077363e+01,2.087808e+01,2.073879e+01,2.075970e+01,2.078757e+01,2.077363e+01,2.075273e+01,2.078060e+01,2.081543e+01,2.086416e+01,2.085024e+01,2.097547e+01,2.071789e+01,2.070394e+01,2.074576e+01,2.085024e+01,2.082935e+01,2.079453e+01,2.078060e+01,2.082935e+01,2.074576e+01,2.077363e+01,2.071789e+01,2.073182e+01,2.074576e+01,2.072486e+01,2.078757e+01,2.085720e+01,2.083632e+01,2.081543e+01,2.078757e+01,2.096156e+01,2.072486e+01,2.086416e+01,2.075273e+01,2.076667e+01,2.084328e+01,2.064816e+01,2.073879e+01,2.073879e+01,2.089896e+01,2.075273e+01,2.081543e+01,2.087112e+01,2.076667e+01,2.074576e+01,2.073879e+01,2.073879e+01,2.071091e+01,2.072486e+01,2.067605e+01,2.070394e+01,2.070394e+01,2.081543e+01,2.071091e+01,2.069000e+01,2.043169e+01,2.068303e+01,2.075970e+01,2.080846e+01,2.082935e+01,2.085024e+01,2.081543e+01,2.074576e+01,2.078060e+01,2.068303e+01,2.080150e+01,2.071789e+01,2.071789e+01,2.072486e+01,2.075970e+01,2.073879e+01,2.080150e+01,2.059234e+01,2.075273e+01,2.085720e+01,2.057140e+01,2.080846e+01,2.075273e+01,2.075273e+01,2.080846e+01,2.087112e+01,2.088504e+01,2.091287e+01,2.089896e+01,2.083632e+01,2.091287e+01,2.069697e+01,2.076667e+01,2.074576e+01,2.070394e+01,2.075273e+01,2.082239e+01,2.082935e+01,2.080150e+01,2.084328e+01,2.063420e+01,2.055045e+01,2.071091e+01,2.077363e+01,2.077363e+01,2.069697e+01,2.063420e+01,2.068303e+01,2.077363e+01,2.076667e+01,2.067605e+01,2.084328e+01
2.057838e+01,2.046663e+01,2.060629e+01,2.062025e+01,2.055743e+01,2.059932e+01,2.052950e+01,2.059932e+01,2.050855e+01,2.061327e+01,2.052252e+01,2.048061e+01,2.064118e+01,2.059932e+01,2.059234e+01,2.059932e+01,2.058536e+01,2.049458e+01,2.054347e+01,2.052950e+01,2.059932e+01,2.043868e+01,2.052950e+01,2.057838e+01,2.056442e+01,2.054347e+01,2.026378e+01,2.052950e+01,2.059932e+01,2.056442e+01,2.056442e+01,2.067605e+01,2.071789e+01,2.065513e+01,2.066908e+01,2.057140e+01,2.055743e+01,2.059234e+01,2.056442e+01,2.059932e+01,2.077363e+01,2.062723e+01,2.055743e+01,2.068303e+01,2.062723e+01,2.056442e+01,2.057140e+01,2.066211e+01,2.063420e+01,2.057140e+01,2.063420e+01,2.062025e+01,2.075273e+01,2.064816e+01,2.062025e+01,2.066211e+01,2.061327e+01,2.075273e+01,2.064816e+01,2.064118e+01,2.071091e+01,2.057140e+01,2.082935e+01,2.071789e+01,2.052252e+01,2.066908e+01,2.069697e+01,2.071091e+01,2.061327e+01,2.079453e+01,2.066908e+01,2.060629e+01,2.074576e+01,2.078060e+01,2.075970e+01,2.070394e+01,2.065513e+01,2.059932e+01,2.077363e+01,2.078060e+01,2.077363e+01,2.076667e+01,2.071789e+01,2.069697e+01,2.071091e+01,2.066211e+01,2.061327e+01,2.069697e+01,2.072486e+01,2.073182e+01,2.072486e+01,2.078060e+01,2.070394e+01,2.074576e+01,2.071091e+01,2.069697e+01,2.081543e+01,2.072486e+01,2.073182e+01,2.075273e+01,2.068303e+01,2.069697e+01,2.075970e+01,2.057838e+01,2.061327e+01,2.072486e+01,2.072486e+01,2.063420e+01,2.073879e+01,2.072486e+01,2.070394e+01,2.054347e+01,2.073879e+01,2.079453e+01,2.059932e+01,2.062723e+01,2.075970e+01,2.072486e+01,2.052252e+01,2.055743e+01,2.066211e+01,2.068303e+01,2.069000e+01,2.076667e+01,2.064816e+01,2.081543e+01,2.072486e+01,2.077363e+01,2.075970e+01,2.073182e+01,2.073182e+01,2.064816e+01,2.078757e+01,2.067605e+01,2.064816e+01,2.063420e+01,2.064816e+01,2.066908e+01,2.067605e+01,2.064816e+01,2.079453e+01,2.075970e+01,2.069000e+01,2.069697e+01,2.056442e+01,2.057838e+01,2.059234e+01,2.060629e+01,2.075970e+01,2.060629e+01,2.065513e+01,2.064816e+01,2.082239e+01,2.068303e+01,2.066211e+01,2.064118e+01,2.067605e+01,2.066908e+01,2.062025e+01,2.062025e+01,2.064816e+01,2.062723e+01,2.065513e+01,2.066211e+01,2.061327e+01,2.061327e+01,2.070394e+01,2.068303e+01,2.068303e+01,2.069697e+01,2.060629e+01,2.064816e+01,2.069000e+01,2.064118e+01,2.070394e+01,2.071091e+01,2.064118e+01,2.065513e+01,2.052950e+01,2.065513e+01,2.067605e+01,2.069000e+01,2.069697e+01,2.059932e+01,2.063420e+01,2.062025e+01,2.059932e+01,2.061327e+01,2.052950e+01,2.033377e+01,2.002542e+01,1.935642e+01,1.920793e+01,1.898832e+01,1.882508e+01,1.869002e+01,1.873980e+01,1.834799e+01,1.843361e+01,1.832658e+01,1.821228e+01,1.819798e+01,1.834799e+01,1.821943e+01,1.833372e+01,1.827659e+01,1.825516e+01,1.831230e+01,1.831230e+01,1.845500e+01,1.836940e+01,1.822657e+01,1.847639e+01,1.853340e+01,1.854053e+01,1.859750e+01,1.872558e+01,1.873269e+01,1.873980e+01,1.874691e+01,1.852628e+01,1.853340e+01,1.862598e+01,1.862598e+01,1.861174e+01,1.837654e+01,1.845500e+01,1.823372e+01,1.821943e+01,1.831944e+01,1.834085e+01,1.834085e+01,1.836940e+01,1.834085e+01,1.846213e+01,1.837654e+01,1.855477e+01,1.856190e+01,1.873269e+01,1.878245e+01,1.880376e+01,1.895995e+01,1.886769e+01,1.888189e+01,1.902378e+01,1.905922e+01,1.905922e+01,1.893867e+01,1.881087e+01,1.879666e+01,1.886059e+01,1.859038e+01,1.861174e+01,1.858326e+01,1.851203e+01,1.849064e+01,1.848352e+01,1.851203e+01,1.851203e+01,1.846926e+01,1.856190e+01,1.847639e+01,1.857614e+01,1.850490e+01,1.845500e+01,1.850490e+01,1.844074e+01,1.844074e+01,1.850490e+01,1.843361e+01,1.850490e+01,1.846926e+01,1.841934e+01,1.839794e+01,1.849064e+01,1.856902e+01,1.861886e+01,1.860462e+01,1.879666e+01,1.884638e+01,1.886059e+01,1.919378e+01,1.951880e+01,1.995521e+01,2.017271e+01,2.055743e+01,2.067605e+01,2.071091e+01,2.067605e+01,2.069697e+01,2.071789e+01,2.073182e+01,2.072486e+01,2.071091e+01,2.071091e+01,2.065513e+01,2.058536e+01,2.068303e+01,2.081543e+01,2.071789e+01,2.066908e+01,2.067605e+01,2.069000e+01,2.074576e+01,2.073879e+01,2.068303e+01,2.066211e+01,2.069697e+01,2.062025e+01,2.051554e+01,2.041770e+01,2.045964e+01,2.050855e+01,2.048759e+01,2.042470e+01,2.056442e+01,2.056442e+01,2.058536e+01,2.064118e+01,2.066211e+01,2.073182e+01,2.070394e+01,2.078060e+01,2.085720e+01,2.076667e+01,2.072486e+01,2.069697e+01,2.072486e+01,2.071091e+01,2.069000e+01,2.091287e+01,2.080846e+01,2.075273e+01,2.074576e+01,2.069697e+01,2.070394e+01,2.071091e+01,2.070394e+01,2.073182e+01,2.071091e+01,2.068303e+01,2.078757e+01,2.054347e+01,2.035476e+01,2.012364e+01,1.984980e+01,1.968796e+01,1.955407e+01,1.929281e+01,1.929281e+01,1.939174e+01,1.934229e+01,1.949764e+01,1.952586e+01,1.982168e+01,1.991306e+01,2.027778e+01,2.035476e+01,2.044567e+01,2.058536e+01,2.073879e+01,2.064118e+01,2.073879e+01,2.068303e+01,2.074576e+01,2.062025e+01,2.066908e+01,2.046663e+01,2.022876e+01,2.028478e+01,2.064118e+01,2.066908e+01,2.073879e+01,2.065513e+01,2.068303e+01,2.064816e+01,2.076667e+01,2.077363e+01,2.079453e+01,2.072486e+01,2.050855e+01,2.008857e+01,1.965979e+01,1.906630e+01,1.904504e+01,1.906630e+01,1.910881e+01,1.906630e+01,1.918670e+01,1.939881e+01,2.006753e+01,2.022876e+01,1.968796e+01,1.939881e+01,1.953996e+01,2.024977e+01,2.057140e+01,2.051554e+01,2.078060e+01,2.081543e+01,2.083632e+01,2.077363e+01,2.062723e+01,2.066908e+01,2.090592e+01,2.088504e+01,2.081543e+01,2.080150e+01,2.075970e+01,2.071789e+01,2.077363e+01,2.075970e+01,2.078757e+01,2.086416e+01,2.071789e+01,2.071091e+01,2.082239e+01,2.071789e+01,2.078757e+01,2.076667e+01,2.086416e+01,2.082239e+01,2.075273e+01,2.072486e+01,2.078757e+01,2.073182e+01,2.074576e+01,2.078757e+01,2.069000e+01,2.075970e+01,2.082239e+01,2.077363e+01,2.078060e+01,2.074576e+01,2.075970e+01,2.083632e+01,2.073182e+01,2.080846e+01,2.078060e+01,2.071091e+01,2.080150e+01,2.077363e+01,2.083632e+01,2.077363e+01,2.072486e+01,2.071091e+01,2.073182e+01,2.069697e+01,2.073182e+01,2.072486e+01,2.081543e+01,2.075273e+01,2.072486e+01,2.066908e+01,2.064816e+01,2.085720e+01,2.084328e+01,2.072486e+01,2.082935e+01,2.085024e+01,2.082239e+01,2.075970e+01,2.081543e+01,2.077363e+01,2.075970e+01,2.072486e+01,2.067605e+01,2.086416e+01,2.067605e+01,2.077363e+01,2.074576e+01,2.081543e+01,2.077363e+01,2.078757e+01,2.069000e+01,2.082239e+01,2.078757e+01,2.085024e+01,2.087112e+01,2.082935e+01,2.080846e+01,2.073182e+01,2.075273e+01,2.082935e+01,2.087112e+01,2.080150e+01,2.066211e+01,2.073879e+01,2.082239e+01,2.075273e+01,2.075273e+01,2.073879e+01,2.079453e+01,2.082935e+01,2.080846e+01,2.072486e+01,2.080150e+01,2.077363e+01,2.080150e+01,2.080846e+01,2.080150e+01,2.079453e+01,2.069000e+01,2.079453e+01,2.075273e+01,2.070394e+01,2.075970e+01,2.072486e+01,2.075273e+01,2.075970e+01,2.069697e+01,2.074576e+01,2.077363e+01,2.075273e+01,2.075273e+01,2.055045e+01,2.082239e+01,2.066908e+01,2.071789e+01,2.073182e+01,2.074576e+01,2.079453e+01,2.076667e+01,2.080150e+01,2.076667e+01,2.073879e+01,2.081543e+01,2.076667e+01,2.082239e+01,2.083632e+01,2.078757e+01,2.076667e+01,2.084328e+01,2.074576e+01,2.075273e+01,2.076667e+01,2.075970e+01,2.078060e+01,2.077363e+01,2.091287e+01,2.075273e+01,2.080846e+01,2.075970e+01,2.066908e+01,2.070394e+01,2.075273e+01,2.079453e+01,2.082935e+01,2.078060e+01,2.095461e+01,2.077363e+01,2.073182e+01,2.086416e+01,2.070394e+01,2.073879e+01,2.074576e+01,2.070394e+01,2.085720e+01,2.077363e+01,2.079453e+01,2.085024e+01,2.080150e+01,2.086416e+01,2.075970e+01,2.078060e+01,2.083632e+01,2.078757e+01,2.088504e+01,2.081543e+01,2.089200e+01,2.073182e+01,2.077363e+01,2.071789e+01,2.080846e+01,2.057838e+01,2.082239e+01,2.081543e+01,2.075273e+01,2.073879e+01,2.071091e+01,2.067605e+01,2.070394e+01,2.069000e+01,2.083632e+01,2.079453e+01,2.069000e+01,2.066908e+01,2.071789e+01,2.076667e+01,2.070394e+01,2.068303e+01,2.044567e+01,2.076667e+01,2.084328e+01,2.082239e+01,2.073879e+01,2.082935e+01,2.072486e+01,2.072486e+01,2.073879e+01,2.073182e+01,2.073879e+01,2.074576e+01,2.073879e+01,2.069000e+01,2.081543e+01,2.067605e+01,2.083632e+01,2.082935e+01,2.077363e+01,2.057838e+01,2.085720e+01,2.094070e+01,2.085024e+01,2.084328e+01,2.078757e+01,2.073879e+01,2.083632e+01,2.087808e+01,2.073182e+01,2.085024e+01,2.071091e+01,2.082935e+01,2.078060e+01,2.075273e+01,2.078060e+01,2.068303e+01,2.080846e+01,2.078060e+01,2.075970e+01,2.076667e+01,2.073879e+01,2.079453e+01,2.078060e+01,2.071789e+01,2.076667e+01,2.072486e+01,2.069000e+01,2.074576e+01,2.075970e+01
2.061327e+01,2.060629e+01,2.055045e+01,2.059234e+01,2.059932e+01,2.049458e+01,2.055045e+01,2.066211e+01,2.053649e+01,2.056442e+01,2.050855e+01,2.069000e+01,2.050855e+01,2.056442e+01,2.059932e+01,2.059932e+01,2.059932e+01,2.058536e+01,2.059932e+01,2.050855e+01,2.048061e+01,2.057838e+01,2.059234e+01,2.059234e+01,2.050157e+01,2.067605e+01,2.064816e+01,2.065513e+01,2.062723e+01,2.056442e+01,2.050855e+01,2.057140e+01,2.055045e+01,2.050157e+01,2.066908e+01,2.048759e+01,2.060629e+01,2.062025e+01,2.069000e+01,2.066211e+01,2.045964e+01,2.064118e+01,2.061327e+01,2.060629e+01,2.070394e+01,2.066211e+01,2.057140e+01,2.071091e+01,2.072486e+01,2.068303e+01,2.056442e+01,2.063420e+01,2.064118e+01,2.073182e+01,2.066211e+01,2.059234e+01,2.066908e+01,2.094765e+01,2.069697e+01,2.081543e+01,2.069000e+01,2.064816e+01,2.078757e+01,2.066908e+01,2.070394e+01,2.069000e+01,2.069697e+01,2.071091e+01,2.062723e+01,2.067605e+01,2.066211e+01,2.062723e+01,2.068303e+01,2.069000e+01,2.070394e+01,2.080150e+01,2.078757e+01,2.067605e+01,2.079453e+01,2.079453e+01,2.069000e+01,2.078757e+01,2.075970e+01,2.070394e+01,2.073879e+01,2.066211e+01,2.076667e+01,2.069697e+01,2.080846e+01,2.065513e+01,2.072486e+01,2.072486e+01,2.069697e+01,2.069697e+01,2.071091e+01,2.069000e+01,2.072486e+01,2.070394e+01,2.084328e+01,2.067605e+01,2.066211e+01,2.069697e+01,2.072486e+01,2.075970e+01,2.079453e+01,2.073879e+01,2.073879e+01,2.064816e+01,2.066908e+01,2.077363e+01,2.077363e+01,2.066211e+01,2.071091e+01,2.063420e+01,2.059234e+01,2.072486e+01,2.067605e+01,2.071091e+01,2.067605e+01,2.074576e+01,2.069000e+01,2.074576e+01,2.072486e+01,2.064816e+01,2.066211e+01,2.063420e+01,2.071091e+01,2.064118e+01,2.075273e+01,2.075970e+01,2.073182e+01,2.068303e+01,2.071789e+01,2.074576e+01,2.075970e+01,2.059932e+01,2.062723e+01,2.069000e+01,2.059932e+01,2.062723e+01,2.059234e+01,2.059234e+01,2.073182e+01,2.069697e+01,2.057140e+01,2.068303e+01,2.073182e+01,2.058536e+01,2.075970e+01,2.075970e+01,2.065513e+01,2.064118e+01,2.070394e+01,2.071789e+01,2.066908e+01,2.071091e+01,2.069000e+01,2.069697e+01,2.067605e+01,2.057838e+01,2.066211e+01,2.064816e+01,2.059932e+01,2.065513e+01,2.063420e+01,2.064816e+01,2.064816e+01,2.068303e+01,2.062025e+01,2.070394e+01,2.066211e+01,2.071789e+01,2.071789e+01,2.058536e+01,2.069697e+01,2.059234e+01,2.069697e+01,2.067605e+01,2.068303e+01,2.064118e+01,2.066211e+01,2.062723e+01,2.073879e+01,2.062025e+01,2.064118e+01,2.060629e+01,2.062025e+01,2.073879e+01,2.053649e+01,2.039673e+01,1.998330e+01,1.933522e+01,1.919378e+01,1.897414e+01,1.869713e+01,1.869713e+01,1.846926e+01,1.844074e+01,1.841221e+01,1.810501e+01,1.831230e+01,1.827659e+01,1.825516e+01,1.821228e+01,1.821228e+01,1.827659e+01,1.829087e+01,1.828373e+01,1.843361e+01,1.821943e+01,1.844787e+01,1.848352e+01,1.846926e+01,1.852628e+01,1.849777e+01,1.866867e+01,1.873980e+01,1.863309e+01,1.873269e+01,1.863309e+01,1.851915e+01,1.851915e+01,1.836940e+01,1.846213e+01,1.844787e+01,1.849777e+01,1.844074e+01,1.836227e+01,1.834799e+01,1.834085e+01,1.832658e+01,1.814078e+01,1.831230e+01,1.839081e+01,1.844787e+01,1.851915e+01,1.865444e+01,1.859750e+01,1.856902e+01,1.861886e+01,1.864021e+01,1.882508e+01,1.874691e+01,1.898832e+01,1.898123e+01,1.886769e+01,1.899541e+01,1.908047e+01,1.891028e+01,1.877534e+01,1.869713e+01,1.874691e+01,1.864021e+01,1.859750e+01,1.855477e+01,1.847639e+01,1.830515e+01,1.850490e+01,1.841934e+01,1.844787e+01,1.839794e+01,1.856902e+01,1.852628e+01,1.851915e+01,1.847639e+01,1.846926e+01,1.847639e+01,1.844074e+01,1.842648e+01,1.837654e+01,1.840508e+01,1.838367e+01,1.851203e+01,1.844074e+01,1.850490e+01,1.864733e+01,1.857614e+01,1.859750e+01,1.860462e+01,1.888189e+01,1.903087e+01,1.935642e+01,1.965274e+01,2.017271e+01,2.019373e+01,2.050855e+01,2.067605e+01,2.070394e+01,2.068303e+01,2.069000e+01,2.072486e+01,2.068303e+01,2.075273e+01,2.072486e+01,2.073879e+01,2.062723e+01,2.063420e+01,2.073879e+01,2.071789e+01,2.071789e+01,2.070394e+01,2.069697e+01,2.071091e+01,2.078060e+01,2.073879e+01,2.069000e+01,2.070394e+01,2.071789e+01,2.069697e+01,2.068303e+01,2.050157e+01,2.050855e+01,2.049458e+01,2.046663e+01,2.050157e+01,2.043169e+01,2.044567e+01,2.054347e+01,2.063420e+01,2.061327e+01,2.069697e+01,2.073182e+01,2.076667e+01,2.069000e+01,2.071789e+01,2.078060e+01,2.085024e+01,2.066211e+01,2.082239e+01,2.081543e+01,2.080846e+01,2.063420e+01,2.080150e+01,2.074576e+01,2.073879e+01,2.071091e+01,2.064816e+01,2.059234e+01,2.062025e+01,2.060629e+01,2.071091e+01,2.065513e+01,2.067605e+01,2.059234e+01,2.022876e+01,2.014467e+01,1.991306e+01,1.989901e+01,1.956817e+01,1.957522e+01,1.955407e+01,1.982168e+01,1.989901e+01,1.992009e+01,2.001841e+01,2.029178e+01,2.030578e+01,2.060629e+01,2.068303e+01,2.055743e+01,2.071789e+01,2.074576e+01,2.074576e+01,2.075273e+01,2.072486e+01,2.084328e+01,2.069000e+01,2.068303e+01,2.066908e+01,2.061327e+01,2.067605e+01,2.064118e+01,2.074576e+01,2.062025e+01,2.078060e+01,2.070394e+01,2.068303e+01,2.072486e+01,2.071789e+01,2.069697e+01,2.071789e+01,2.041071e+01,2.003244e+01,1.939881e+01,1.916546e+01,1.915838e+01,1.908047e+01,1.916546e+01,1.913006e+01,1.915130e+01,1.927867e+01,1.992009e+01,1.992711e+01,1.946941e+01,1.955407e+01,2.026378e+01,2.066211e+01,2.073182e+01,2.073182e+01,2.075273e+01,2.081543e+01,2.077363e+01,2.070394e+01,2.085024e+01,2.083632e+01,2.080150e+01,2.077363e+01,2.068303e+01,2.085024e+01,2.079453e+01,2.068303e+01,2.082935e+01,2.071789e+01,2.079453e+01,2.080846e+01,2.085720e+01,2.077363e+01,2.078757e+01,2.085024e+01,2.078060e+01,2.078757e+01,2.073879e+01,2.079453e+01,2.070394e+01,2.071091e+01,2.085024e+01,2.071789e+01,2.080846e+01,2.070394e+01,2.074576e+01,2.075970e+01,2.079453e+01,2.080150e+01,2.076667e+01,2.067605e+01,2.074576e+01,2.071789e+01,2.085024e+01,2.075970e+01,2.075273e+01,2.080150e+01,2.078757e+01,2.076667e+01,2.082935e+01,2.087112e+01,2.078757e+01,2.080846e+01,2.082239e+01,2.069697e+01,2.073879e+01,2.070394e+01,2.078757e+01,2.081543e+01,2.085024e+01,2.073879e+01,2.078060e+01,2.075273e+01,2.074576e+01,2.075273e+01,2.072486e+01,2.082239e+01,2.077363e+01,2.077363e+01,2.086416e+01,2.077363e+01,2.069697e+01,2.074576e+01,2.069000e+01,2.084328e+01,2.084328e+01,2.082239e+01,2.078060e+01,2.085024e+01,2.085024e+01,2.080846e+01,2.080846e+01,2.078060e+01,2.080846e+01,2.071091e+01,2.079453e+01,2.078060e+01,2.080150e+01,2.083632e+01,2.075970e+01,2.085720e+01,2.071789e+01,2.083632e+01,2.080150e+01,2.080846e+01,2.082935e+01,2.082935e+01,2.080846e+01,2.071091e+01,2.086416e+01,2.065513e+01,2.075970e+01,2.070394e+01,2.081543e+01,2.077363e+01,2.079453e+01,2.079453e+01,2.083632e+01,2.080846e+01,2.081543e+01,2.068303e+01,2.073182e+01,2.075970e+01,2.075970e+01,2.084328e+01,2.077363e+01,2.074576e+01,2.080846e+01,2.081543e+01,2.075273e+01,2.071091e+01,2.077363e+01,2.084328e+01,2.071789e+01,2.080150e+01,2.078757e+01,2.080846e+01,2.069697e+01,2.073879e+01,2.080150e+01,2.071091e+01,2.082239e+01,2.078757e+01,2.080846e+01,2.082239e+01,2.081543e+01,2.085024e+01,2.079453e+01,2.081543e+01,2.077363e+01,2.085720e+01,2.073182e+01,2.080150e+01,2.078060e+01,2.079453e+01,2.092679e+01,2.072486e+01,2.080846e+01,2.078060e+01,2.071091e+01,2.078757e+01,2.087112e+01,2.080150e+01,2.082935e+01,2.085024e+01,2.078060e+01,2.080150e+01,2.067605e+01,2.087808e+01,2.080846e+01,2.080150e+01,2.071789e+01,2.071789e+01,2.087112e+01,2.079453e+01,2.095461e+01,2.083632e+01,2.069697e+01,2.084328e+01,2.078060e+01,2.079453e+01,2.085024e+01,2.082935e+01,2.086416e+01,2.071789e+01,2.074576e+01,2.082239e+01,2.073879e+01,2.073182e+01,2.086416e+01,2.074576e+01,2.067605e+01,2.073182e+01,2.073879e+01,2.074576e+01,2.075273e+01,2.073879e+01,2.087112e+01,2.085720e+01,2.080846e+01,2.067605e+01,2.085720e+01,2.074576e+01,2.082239e+01,2.071091e+01,2.074576e+01,2.069000e+01,2.082935e+01,2.082935e+01,2.082935e+01,2.073879e+01,2.073182e+01,2.074576e+01,2.080846e+01,2.078060e+01,2.069000e+01,2.077363e+01,2.069697e+01,2.076667e+01,2.081543e+01,2.082239e+01,2.082239e+01,2.082239e+01,2.079453e+01,2.083632e+01,2.074576e+01,2.076667e+01,2.076667e+01,2.077363e+01,2.077363e+01,2.091287e+01,2.088504e+01,2.077363e+01,2.062025e+01,2.088504e+01,2.075273e+01,2.073879e+01,2.069697e+01,2.082935e+01,2.078060e+01,2.072486e+01,2.080150e+01,2.085024e+01,2.081543e+01,2.073182e+01,2.077363e+01,2.078060e+01,2.065513e+01,2.074576e+01,2.080150e+01,2.074576e+01,2.066908e+01,2.073182e+01,2.069000e+01,2.068303e+01,2.069697e+01
2.064118e+01,2.059932e+01,2.059932e+01,2.058536e+01,2.059932e+01,2.063420e+01,2.048759e+01,2.064816e+01,2.066908e+01,2.057140e+01,2.061327e+01,2.055045e+01,2.055743e+01,2.064118e+01,2.063420e+01,2.062025e+01,2.058536e+01,2.057140e+01,2.064118e+01,2.064118e+01,2.063420e+01,2.057838e+01,2.053649e+01,2.066908e+01,2.066211e+01,2.066908e+01,2.063420e+01,2.048061e+01,2.069000e+01,2.066908e+01,2.057838e+01,2.055045e+01,2.057838e+01,2.065513e+01,2.052252e+01,2.069697e+01,2.062723e+01,2.063420e+01,2.071091e+01,2.064816e+01,2.062025e+01,2.057140e+01,2.066908e+01,2.067605e+01,2.057140e+01,2.059932e+01,2.073182e+01,2.075970e+01,2.066908e+01,2.056442e+01,2.078757e+01,2.069000e+01,2.065513e+01,2.078757e+01,2.065513e+01,2.068303e+01,2.070394e+01,2.069000e+01,2.066908e+01,2.065513e+01,2.074576e+01,2.072486e+01,2.081543e+01,2.074576e+01,2.066908e+01,2.066211e+01,2.069000e+01,2.069697e+01,2.073879e+01,2.068303e+01,2.064118e+01,2.068303e+01,2.071789e+01,2.071789e+01,2.078060e+01,2.078060e+01,2.071789e+01,2.071789e+01,2.062723e+01,2.068303e+01,2.080846e+01,2.082239e+01,2.064816e+01,2.073182e+01,2.068303e+01,2.074576e+01,2.066908e+01,2.079453e+01,2.066908e+01,2.061327e+01,2.062025e+01,2.064816e+01,2.068303e+01,2.071091e+01,2.070394e+01,2.082239e+01,2.082239e+01,2.071091e+01,2.080150e+01,2.068303e+01,2.062723e+01,2.076667e+01,2.082239e+01,2.060629e+01,2.074576e+01,2.073182e+01,2.073879e+01,2.066211e+01,2.058536e+01,2.069000e+01,2.060629e+01,2.071091e+01,2.077363e+01,2.062723e+01,2.065513e+01,2.089200e+01,2.071091e+01,2.068303e+01,2.073879e+01,2.048759e+01,2.076667e+01,2.071789e+01,2.072486e+01,2.064816e+01,2.065513e+01,2.069000e+01,2.062025e+01,2.068303e+01,2.076667e+01,2.078060e+01,2.070394e+01,2.075273e+01,2.071789e+01,2.064118e+01,2.066908e+01,2.070394e+01,2.063420e+01,2.065513e+01,2.068303e+01,2.076667e+01,2.074576e+01,2.069000e+01,2.068303e+01,2.062025e+01,2.069697e+01,2.056442e+01,2.062723e+01,2.069000e+01,2.075273e+01,2.072486e+01,2.068303e+01,2.069697e+01,2.070394e+01,2.069000e+01,2.066211e+01,2.063420e+01,2.069000e+01,2.066211e+01,2.071789e+01,2.066908e+01,2.064816e+01,2.063420e+01,2.077363e+01,2.073182e+01,2.078757e+01,2.069000e+01,2.068303e+01,2.062723e+01,2.070394e+01,2.070394e+01,2.073879e+01,2.059932e+01,2.069000e+01,2.071091e+01,2.068303e+01,2.057140e+01,2.064118e+01,2.079453e+01,2.068303e+01,2.066211e+01,2.087808e+01,2.061327e+01,2.064816e+01,2.062025e+01,2.068303e+01,2.063420e+01,2.064816e+01,2.057838e+01,2.046663e+01,2.027778e+01,1.984980e+01,1.922208e+01,1.899541e+01,1.891028e+01,1.873269e+01,1.850490e+01,1.848352e+01,1.847639e+01,1.844787e+01,1.834799e+01,1.831230e+01,1.831230e+01,1.831230e+01,1.821228e+01,1.824801e+01,1.831230e+01,1.834085e+01,1.828373e+01,1.844074e+01,1.837654e+01,1.848352e+01,1.843361e+01,1.842648e+01,1.853340e+01,1.876823e+01,1.861174e+01,1.869002e+01,1.853340e+01,1.855477e+01,1.854053e+01,1.859750e+01,1.836940e+01,1.836227e+01,1.836940e+01,1.845500e+01,1.831230e+01,1.817653e+01,1.831944e+01,1.822657e+01,1.819083e+01,1.824087e+01,1.830515e+01,1.841934e+01,1.839081e+01,1.851203e+01,1.844787e+01,1.854765e+01,1.857614e+01,1.855477e+01,1.874691e+01,1.873980e+01,1.881797e+01,1.894576e+01,1.893157e+01,1.898123e+01,1.900960e+01,1.900960e+01,1.897414e+01,1.892448e+01,1.877534e+01,1.876823e+01,1.873980e+01,1.858326e+01,1.867579e+01,1.845500e+01,1.851203e+01,1.844787e+01,1.851915e+01,1.843361e+01,1.840508e+01,1.830515e+01,1.837654e+01,1.829087e+01,1.846213e+01,1.846926e+01,1.846213e+01,1.832658e+01,1.838367e+01,1.842648e+01,1.844074e+01,1.849777e+01,1.847639e+01,1.844787e+01,1.854053e+01,1.844787e+01,1.850490e+01,1.871135e+01,1.858326e+01,1.861174e+01,1.895995e+01,1.912298e+01,1.948352e+01,1.962456e+01,2.018673e+01,2.036875e+01,2.071091e+01,2.068303e+01,2.074576e+01,2.078060e+01,2.063420e+01,2.069000e+01,2.077363e+01,2.069000e+01,2.070394e+01,2.066211e+01,2.073879e+01,2.060629e+01,2.079453e+01,2.081543e+01,2.070394e+01,2.064118e+01,2.081543e+01,2.071091e+01,2.069697e+01,2.070394e+01,2.069000e+01,2.072486e+01,2.074576e+01,2.066908e+01,2.062025e+01,2.035476e+01,2.052950e+01,2.051554e+01,2.045964e+01,2.049458e+01,2.043868e+01,2.045266e+01,2.059234e+01,2.060629e+01,2.064816e+01,2.091287e+01,2.071091e+01,2.069000e+01,2.072486e+01,2.072486e+01,2.071789e+01,2.080150e+01,2.058536e+01,2.059234e+01,2.055045e+01,2.031978e+01,2.043169e+01,2.037575e+01,2.037575e+01,2.031978e+01,2.038974e+01,2.022176e+01,2.030578e+01,2.034777e+01,2.050855e+01,2.055743e+01,2.076667e+01,2.082239e+01,2.066908e+01,2.072486e+01,2.021475e+01,2.017972e+01,2.020074e+01,2.009559e+01,2.010260e+01,1.987090e+01,2.017271e+01,2.020774e+01,2.024977e+01,2.033377e+01,2.057838e+01,2.063420e+01,2.062723e+01,2.076667e+01,2.071789e+01,2.067605e+01,2.080150e+01,2.071091e+01,2.076667e+01,2.075970e+01,2.081543e+01,2.085720e+01,2.066211e+01,2.061327e+01,2.069000e+01,2.081543e+01,2.069697e+01,2.064816e+01,2.065513e+01,2.075970e+01,2.066211e+01,2.076667e+01,2.071789e+01,2.079453e+01,2.080846e+01,2.082935e+01,2.062723e+01,2.031978e+01,1.980058e+01,1.915838e+01,1.903087e+01,1.915838e+01,1.924331e+01,1.915838e+01,1.901669e+01,1.905213e+01,1.949764e+01,1.992711e+01,1.950469e+01,1.985683e+01,2.054347e+01,2.066211e+01,2.079453e+01,2.075273e+01,2.075273e+01,2.071091e+01,2.082935e+01,2.075970e+01,2.085024e+01,2.085024e+01,2.069000e+01,2.071091e+01,2.066211e+01,2.080150e+01,2.084328e+01,2.078060e+01,2.073182e+01,2.074576e+01,2.082935e+01,2.081543e+01,2.078757e+01,2.076667e+01,2.082239e+01,2.080846e+01,2.073182e+01,2.078757e+01,2.073182e+01,2.078757e+01,2.073879e+01,2.069697e+01,2.078060e+01,2.093374e+01,2.090592e+01,2.077363e+01,2.089896e+01,2.074576e+01,2.076667e+01,2.079453e+01,2.078060e+01,2.076667e+01,2.079453e+01,2.089896e+01,2.079453e+01,2.080150e+01,2.085024e+01,2.080846e+01,2.075970e+01,2.079453e+01,2.081543e+01,2.074576e+01,2.065513e+01,2.080150e+01,2.078060e+01,2.072486e+01,2.079453e+01,2.080150e+01,2.072486e+01,2.082935e+01,2.084328e+01,2.089896e+01,2.077363e+01,2.074576e+01,2.090592e+01,2.081543e+01,2.071091e+01,2.082239e+01,2.088504e+01,2.085024e+01,2.084328e+01,2.080846e+01,2.077363e+01,2.081543e+01,2.080846e+01,2.066211e+01,2.066908e+01,2.065513e+01,2.084328e+01,2.080150e+01,2.084328e+01,2.083632e+01,2.079453e+01,2.075273e+01,2.080150e+01,2.085720e+01,2.077363e+01,2.071789e+01,2.071091e+01,2.082239e+01,2.077363e+01,2.075273e+01,2.085720e+01,2.082239e+01,2.082935e+01,2.083632e+01,2.075273e+01,2.075970e+01,2.075970e+01,2.080150e+01,2.071789e+01,2.073182e+01,2.075970e+01,2.078060e+01,2.080150e+01,2.080150e+01,2.082239e+01,2.076667e+01,2.073182e+01,2.083632e+01,2.079453e+01,2.064118e+01,2.078060e+01,2.079453e+01,2.077363e+01,2.075970e+01,2.075273e+01,2.082239e+01,2.068303e+01,2.069000e+01,2.079453e+01,2.071091e+01,2.084328e+01,2.073182e+01,2.087112e+01,2.071789e+01,2.086416e+01,2.082935e+01,2.072486e+01,2.073182e+01,2.073182e+01,2.079453e+01,2.077363e+01,2.082935e+01,2.081543e+01,2.080150e+01,2.080846e+01,2.077363e+01,2.082935e+01,2.074576e+01,2.084328e+01,2.085720e+01,2.073182e+01,2.083632e+01,2.081543e+01,2.075273e+01,2.082239e+01,2.090592e+01,2.085720e+01,2.073182e+01,2.086416e+01,2.089896e+01,2.080150e+01,2.082935e+01,2.080846e+01,2.076667e+01,2.080150e+01,2.081543e+01,2.080150e+01,2.068303e+01,2.086416e+01,2.076667e+01,2.080150e+01,2.079453e+01,2.078757e+01,2.078060e+01,2.076667e+01,2.091287e+01,2.084328e+01,2.091983e+01,2.090592e+01,2.075273e+01,2.080846e+01,2.080150e+01,2.074576e+01,2.076667e+01,2.078757e+01,2.071091e+01,2.082935e+01,2.080846e+01,2.071091e+01,2.069697e+01,2.076667e+01,2.087112e+01,2.086416e+01,2.076667e+01,2.075273e+01,2.064816e+01,2.078757e+01,2.067605e+01,2.080150e+01,2.077363e+01,2.071789e+01,2.078757e+01,2.080150e+01,2.085024e+01,2.077363e+01,2.079453e+01,2.070394e+01,2.072486e+01,2.085024e+01,2.072486e+01,2.069697e+01,2.078757e+01,2.071789e+01,2.085720e+01,2.069697e+01,2.075970e+01,2.073182e+01,2.063420e+01,2.082239e+01,2.072486e+01,2.079453e+01,2.077363e+01,2.066211e+01,2.085024e+01,2.078060e+01,2.080150e+01,2.078060e+01,2.083632e+01,2.105887e+01,2.074576e+01,2.084328e+01,2.069000e+01,2.069000e+01,2.088504e+01,2.076667e+01,2.086416e+01,2.080846e+01,2.087808e+01,2.089200e+01,2.083632e+01,2.091983e+01,2.076667e+01,2.080150e+01,2.078757e+01,2.083632e+01,2.074576e+01,2.079453e+01,2.080150e+01,2.070394e+01,2.066908e+01,2.091287e+01,2.066908e+01,2.071789e+01,2.066211e+01,2.067605e+01
2.057838e+01,2.063420e+01,2.066211e+01,2.062723e+01,2.064816e+01,2.062723e+01,2.071789e+01,2.064118e+01,2.057838e+01,2.068303e+01,2.065513e+01,2.055045e+01,2.051554e+01,2.060629e+01,2.071789e+01,2.062025e+01,2.057140e+01,2.057838e+01,2.055743e+01,2.066908e+01,2.066908e+01,2.065513e+01,2.064816e+01,2.066211e+01,2.067605e+01,2.067605e+01,2.065513e+01,2.069697e+01,2.065513e+01,2.063420e+01,2.069697e+01,2.064118e+01,2.054347e+01,2.059234e+01,2.071789e+01,2.063420e+01,2.059234e+01,2.071091e+01,2.069697e+01,2.052950e+01,2.061327e+01,2.070394e+01,2.057838e+01,2.073879e+01,2.072486e+01,2.076667e+01,2.076667e+01,2.078060e+01,2.071091e+01,2.068303e+01,2.065513e+01,2.065513e+01,2.064816e+01,2.068303e+01,2.067605e+01,2.069697e+01,2.072486e+01,2.074576e+01,2.071091e+01,2.072486e+01,2.078060e+01,2.068303e+01,2.074576e+01,2.061327e+01,2.070394e+01,2.073879e+01,2.080846e+01,2.074576e+01,2.066211e+01,2.079453e+01,2.074576e+01,2.080846e+01,2.080846e+01,2.079453e+01,2.080846e+01,2.071789e+01,2.081543e+01,2.077363e+01,2.064118e+01,2.081543e+01,2.084328e+01,2.068303e+01,2.067605e+01,2.075273e+01,2.079453e+01,2.069697e+01,2.071789e+01,2.069697e+01,2.078757e+01,2.066211e+01,2.073879e+01,2.085024e+01,2.082239e+01,2.085720e+01,2.080150e+01,2.079453e+01,2.072486e+01,2.067605e+01,2.070394e+01,2.080150e+01,2.080150e+01,2.082239e+01,2.073879e+01,2.082935e+01,2.082935e+01,2.073182e+01,2.073182e+01,2.066908e+01,2.071789e+01,2.069000e+01,2.075273e+01,2.073879e+01,2.074576e+01,2.079453e+01,2.078757e+01,2.068303e+01,2.071789e+01,2.062723e+01,2.061327e+01,2.066908e+01,2.075970e+01,2.073879e+01,2.075970e+01,2.066211e+01,2.069000e+01,2.073879e+01,2.066211e+01,2.066211e+01,2.076667e+01,2.077363e+01,2.078757e+01,2.080150e+01,2.073879e+01,2.069697e+01,2.069697e+01,2.068303e+01,2.070394e+01,2.076667e+01,2.069697e+01,2.080150e+01,2.074576e+01,2.058536e+01,2.069697e+01,2.071789e+01,2.069000e+01,2.069697e+01,2.067605e+01,2.067605e+01,2.067605e+01,2.070394e+01,2.077363e+01,2.074576e+01,2.071091e+01,2.074576e+01,2.069697e+01,2.059932e+01,2.076667e+01,2.072486e+01,2.080846e+01,2.069000e+01,2.064118e+01,2.069697e+01,2.067605e+01,2.062025e+01,2.073879e+01,2.073879e+01,2.076667e+01,2.067605e+01,2.070394e+01,2.066211e+01,2.069697e+01,2.082239e+01,2.071091e+01,2.074576e+01,2.071091e+01,2.062025e+01,2.075273e+01,2.073879e+01,2.059234e+01,2.075970e+01,2.078060e+01,2.083632e+01,2.066211e+01,2.078060e+01,2.078757e+01,2.066908e+01,2.078060e+01,2.064118e+01,2.054347e+01,2.045266e+01,1.982168e+01,1.929281e+01,1.929988e+01,1.891028e+01,1.881087e+01,1.865444e+01,1.854053e+01,1.848352e+01,1.826230e+01,1.839794e+01,1.832658e+01,1.830515e+01,1.835513e+01,1.832658e+01,1.828373e+01,1.840508e+01,1.831944e+01,1.830515e+01,1.836940e+01,1.852628e+01,1.865444e+01,1.859038e+01,1.859038e+01,1.854053e+01,1.867579e+01,1.866867e+01,1.867579e+01,1.865444e+01,1.849777e+01,1.851915e+01,1.845500e+01,1.851915e+01,1.856190e+01,1.836940e+01,1.836940e+01,1.827659e+01,1.832658e+01,1.816223e+01,1.831230e+01,1.822657e+01,1.831944e+01,1.828373e+01,1.830515e+01,1.841221e+01,1.838367e+01,1.850490e+01,1.852628e+01,1.859038e+01,1.863309e+01,1.868290e+01,1.888189e+01,1.881797e+01,1.894576e+01,1.903795e+01,1.932109e+01,1.926452e+01,1.922208e+01,1.909464e+01,1.898832e+01,1.889609e+01,1.883218e+01,1.869002e+01,1.861886e+01,1.846926e+01,1.846926e+01,1.837654e+01,1.831944e+01,1.834085e+01,1.830515e+01,1.840508e+01,1.839794e+01,1.845500e+01,1.841934e+01,1.849777e+01,1.844787e+01,1.845500e+01,1.843361e+01,1.831944e+01,1.833372e+01,1.837654e+01,1.835513e+01,1.847639e+01,1.849777e+01,1.856190e+01,1.850490e+01,1.866156e+01,1.856190e+01,1.855477e+01,1.886059e+01,1.882508e+01,1.911590e+01,1.954701e+01,1.993414e+01,2.050157e+01,2.050157e+01,2.069697e+01,2.079453e+01,2.081543e+01,2.073182e+01,2.071789e+01,2.070394e+01,2.071091e+01,2.072486e+01,2.078757e+01,2.077363e+01,2.074576e+01,2.078060e+01,2.073879e+01,2.072486e+01,2.069697e+01,2.071789e+01,2.079453e+01,2.070394e+01,2.072486e+01,2.074576e+01,2.077363e+01,2.073879e+01,2.077363e+01,2.078757e+01,2.062025e+01,2.062723e+01,2.050855e+01,2.045266e+01,2.051554e+01,2.045964e+01,2.042470e+01,2.057838e+01,2.062025e+01,2.043169e+01,2.065513e+01,2.074576e+01,2.075273e+01,2.078060e+01,2.076667e+01,2.068303e+01,2.071091e+01,2.057140e+01,2.029178e+01,2.021475e+01,2.029178e+01,2.024277e+01,2.021475e+01,2.022176e+01,1.996926e+01,2.021475e+01,2.017972e+01,1.999735e+01,2.020774e+01,2.013766e+01,2.034777e+01,2.026378e+01,2.062723e+01,2.068303e+01,2.069697e+01,2.079453e+01,2.067605e+01,2.046663e+01,2.043169e+01,2.041071e+01,2.017972e+01,2.017271e+01,2.020774e+01,2.025677e+01,2.066211e+01,2.066908e+01,2.065513e+01,2.074576e+01,2.076667e+01,2.071091e+01,2.074576e+01,2.073879e+01,2.075273e+01,2.075273e+01,2.068303e+01,2.082935e+01,2.079453e+01,2.070394e+01,2.074576e+01,2.069000e+01,2.083632e+01,2.069697e+01,2.070394e+01,2.086416e+01,2.080846e+01,2.073182e+01,2.076667e+01,2.077363e+01,2.080846e+01,2.076667e+01,2.067605e+01,2.062025e+01,2.064118e+01,2.058536e+01,2.001841e+01,1.965274e+01,1.920085e+01,1.913714e+01,1.921501e+01,1.913006e+01,1.912298e+01,1.898832e+01,1.920085e+01,1.928574e+01,1.952586e+01,1.989901e+01,2.039673e+01,2.077363e+01,2.078060e+01,2.081543e+01,2.077363e+01,2.081543e+01,2.080846e+01,2.086416e+01,2.078060e+01,2.083632e+01,2.078757e+01,2.080846e+01,2.076667e+01,2.081543e+01,2.081543e+01,2.081543e+01,2.073879e+01,2.081543e+01,2.074576e+01,2.097547e+01,2.075273e+01,2.075970e+01,2.078060e+01,2.075273e+01,2.082935e+01,2.086416e+01,2.076667e+01,2.081543e+01,2.083632e+01,2.080846e+01,2.086416e+01,2.080150e+01,2.071091e+01,2.077363e+01,2.081543e+01,2.082935e+01,2.081543e+01,2.077363e+01,2.075970e+01,2.079453e+01,2.084328e+01,2.077363e+01,2.082935e+01,2.077363e+01,2.091287e+01,2.082239e+01,2.083632e+01,2.085024e+01,2.083632e+01,2.076667e+01,2.075970e+01,2.083632e+01,2.078060e+01,2.085024e+01,2.086416e+01,2.078757e+01,2.080846e+01,2.075970e+01,2.082935e+01,2.075273e+01,2.085720e+01,2.076667e+01,2.075273e+01,2.064816e+01,2.075273e+01,2.076667e+01,2.083632e+01,2.086416e+01,2.080150e+01,2.078060e+01,2.082239e+01,2.081543e+01,2.083632e+01,2.080150e+01,2.082239e+01,2.065513e+01,2.089200e+01,2.082239e+01,2.082239e+01,2.081543e+01,2.080150e+01,2.077363e+01,2.077363e+01,2.073182e+01,2.079453e+01,2.073879e+01,2.078757e+01,2.074576e+01,2.089200e+01,2.084328e+01,2.085024e+01,2.077363e+01,2.073182e+01,2.080150e+01,2.087808e+01,2.076667e+01,2.080846e+01,2.088504e+01,2.076667e+01,2.081543e+01,2.070394e+01,2.075970e+01,2.069697e+01,2.087112e+01,2.090592e+01,2.075970e+01,2.078757e+01,2.075273e+01,2.071091e+01,2.080150e+01,2.080150e+01,2.078757e+01,2.072486e+01,2.084328e+01,2.093374e+01,2.085024e+01,2.074576e+01,2.070394e+01,2.079453e+01,2.082239e+01,2.070394e+01,2.085024e+01,2.085024e+01,2.076667e+01,2.071091e+01,2.078060e+01,2.075273e+01,2.076667e+01,2.074576e+01,2.078757e+01,2.087112e+01,2.091983e+01,2.082935e+01,2.082239e+01,2.081543e+01,2.085024e+01,2.081543e+01,2.089200e+01,2.087112e+01,2.073182e+01,2.083632e+01,2.083632e+01,2.071091e+01,2.071789e+01,2.082239e+01,2.080150e+01,2.078757e+01,2.070394e+01,2.076667e+01,2.082239e+01,2.085024e+01,2.078757e+01,2.081543e+01,2.080150e+01,2.081543e+01,2.075273e+01,2.078757e+01,2.084328e+01,2.071091e+01,2.077363e+01,2.082239e+01,2.088504e+01,2.082935e+01,2.087112e+01,2.068303e+01,2.080846e+01,2.082935e+01,2.082239e+01,2.081543e+01,2.078757e+01,2.080150e+01,2.078060e+01,2.080150e+01,2.081543e+01,2.082935e+01,2.084328e+01,2.080150e+01,2.075273e+01,2.075970e+01,2.081543e+01,2.080150e+01,2.072486e+01,2.075970e+01,2.073879e+01,2.103107e+01,2.091983e+01,2.071789e+01,2.069697e+01,2.069000e+01,2.080846e+01,2.071789e+01,2.080150e+01,2.078060e+01,2.074576e+01,2.080846e+01,2.081543e+01,2.081543e+01,2.086416e+01,2.080150e+01,2.078757e+01,2.075273e+01,2.075273e+01,2.078060e+01,2.081543e+01,2.064816e+01,2.070394e+01,2.078757e+01,2.076667e+01,2.075273e+01,2.080846e+01,2.081543e+01,2.078060e+01,2.073879e+01,2.087112e+01,2.079453e+01,2.085720e+01,2.077363e+01,2.072486e+01,2.077363e+01,2.087112e+01,2.086416e+01,2.073879e+01,2.086416e+01,2.070394e+01,2.067605e+01,2.067605e+01,2.080846e+01,2.081543e+01,2.079453e+01,2.085720e+01,2.070394e+01,2.073879e+01,2.075273e+01,2.076667e+01,2.087112e+01,2.082935e+01,2.087808e+01,2.083632e+01,2.084328e+01,2.074576e+01,2.068303e+01,2.080846e+01,2.078060e+01,2.077363e+01,2.069000e+01
2.057838e+01,2.061327e+01,2.066211e+01,2.048759e+01,2.065513e+01,2.071091e+01,2.055045e+01,2.066908e+01,2.071091e+01,2.064118e+01,2.051554e+01,2.069000e+01,2.072486e+01,2.063420e+01,2.061327e+01,2.057838e+01,2.059932e+01,2.047362e+01,2.076667e+01,2.058536e+01,2.064118e+01,2.062723e+01,2.066211e+01,2.067605e+01,2.064816e+01,2.079453e+01,2.064816e+01,2.055743e+01,2.068303e+01,2.068303e+01,2.066908e+01,2.063420e+01,2.064118e+01,2.053649e+01,2.057140e+01,2.069000e+01,2.067605e+01,2.068303e+01,2.059932e+01,2.063420e+01,2.062723e+01,2.067605e+01,2.071091e+01,2.073182e+01,2.060629e+01,2.070394e+01,2.073182e+01,2.078757e+01,2.071789e+01,2.076667e+01,2.075273e+01,2.078757e+01,2.071091e+01,2.073879e+01,2.073182e+01,2.077363e+01,2.074576e+01,2.071789e+01,2.073182e+01,2.080150e+01,2.069000e+01,2.076667e+01,2.077363e+01,2.073182e+01,2.072486e+01,2.070394e+01,2.073182e+01,2.067605e+01,2.085720e+01,2.101023e+01,2.069697e+01,2.068303e+01,2.066211e+01,2.068303e+01,2.071789e+01,2.078757e+01,2.078757e+01,2.078757e+01,2.080150e+01,2.066211e+01,2.080150e+01,2.083632e+01,2.076667e+01,2.071789e+01,2.072486e+01,2.077363e+01,2.071091e+01,2.084328e+01,2.078060e+01,2.080846e+01,2.069697e+01,2.070394e+01,2.073182e+01,2.068303e+01,2.070394e+01,2.079453e+01,2.081543e+01,2.082239e+01,2.074576e+01,2.080846e+01,2.070394e+01,2.076667e+01,2.077363e+01,2.070394e+01,2.069000e+01,2.075273e+01,2.069000e+01,2.073879e+01,2.075970e+01,2.071091e+01,2.077363e+01,2.074576e+01,2.084328e+01,2.069697e+01,2.071789e+01,2.067605e+01,2.068303e+01,2.071789e+01,2.064118e+01,2.064118e+01,2.065513e+01,2.075970e+01,2.071789e+01,2.069697e+01,2.070394e+01,2.065513e+01,2.066908e+01,2.066211e+01,2.066211e+01,2.071091e+01,2.075970e+01,2.066211e+01,2.067605e+01,2.071789e+01,2.072486e+01,2.084328e+01,2.077363e+01,2.069697e+01,2.048759e+01,2.069000e+01,2.075970e+01,2.069000e+01,2.070394e+01,2.076667e+01,2.068303e+01,2.053649e+01,2.072486e+01,2.069697e+01,2.068303e+01,2.073182e+01,2.083632e+01,2.069697e+01,2.067605e+01,2.073879e+01,2.073879e+01,2.073879e+01,2.073879e+01,2.074576e+01,2.069000e+01,2.075970e+01,2.068303e+01,2.065513e+01,2.066211e+01,2.069000e+01,2.076667e+01,2.068303e+01,2.073182e+01,2.069697e+01,2.070394e+01,2.071091e+01,2.073182e+01,2.072486e+01,2.071789e+01,2.068303e+01,2.071091e+01,2.070394e+01,2.069697e+01,2.065513e+01,2.073182e+01,2.067605e+01,2.076667e+01,2.064118e+01,2.065513e+01,2.071789e+01,2.065513e+01,2.072486e+01,2.071789e+01,2.066211e+01,2.053649e+01,2.052252e+01,1.991306e+01,1.949058e+01,1.908047e+01,1.900251e+01,1.867579e+01,1.861174e+01,1.848352e+01,1.844787e+01,1.840508e+01,1.814793e+01,1.829801e+01,1.815508e+01,1.826944e+01,1.834799e+01,1.836940e+01,1.833372e+01,1.835513e+01,1.840508e+01,1.851203e+01,1.865444e+01,1.868290e+01,1.862598e+01,1.859038e+01,1.863309e+01,1.874691e+01,1.862598e+01,1.860462e+01,1.864733e+01,1.846926e+01,1.847639e+01,1.843361e+01,1.834799e+01,1.836227e+01,1.834085e+01,1.836227e+01,1.834799e+01,1.819083e+01,1.822657e+01,1.816223e+01,1.833372e+01,1.826944e+01,1.829801e+01,1.829087e+01,1.844787e+01,1.838367e+01,1.849064e+01,1.842648e+01,1.866867e+01,1.858326e+01,1.869002e+01,1.876823e+01,1.900960e+01,1.897414e+01,1.932815e+01,1.946941e+01,1.955407e+01,1.956112e+01,1.934936e+01,1.900960e+01,1.876823e+01,1.884638e+01,1.871135e+01,1.864733e+01,1.862598e+01,1.846926e+01,1.844787e+01,1.830515e+01,1.846213e+01,1.845500e+01,1.845500e+01,1.843361e+01,1.844074e+01,1.843361e+01,1.845500e+01,1.841934e+01,1.859038e+01,1.841934e+01,1.828373e+01,1.832658e+01,1.832658e+01,1.835513e+01,1.849777e+01,1.846213e+01,1.848352e+01,1.843361e+01,1.854053e+01,1.873269e+01,1.854053e+01,1.882508e+01,1.906630e+01,1.914422e+01,1.954701e+01,1.989198e+01,2.051554e+01,2.063420e+01,2.072486e+01,2.073879e+01,2.069697e+01,2.072486e+01,2.077363e+01,2.071789e+01,2.073182e+01,2.073182e+01,2.077363e+01,2.076667e+01,2.073879e+01,2.078060e+01,2.075273e+01,2.070394e+01,2.062723e+01,2.065513e+01,2.062025e+01,2.076667e+01,2.075970e+01,2.075970e+01,2.055743e+01,2.062025e+01,2.072486e+01,2.062723e+01,2.062025e+01,2.052950e+01,2.052252e+01,2.052950e+01,2.051554e+01,2.048759e+01,2.057140e+01,2.055045e+01,2.059234e+01,2.064118e+01,2.057140e+01,2.080150e+01,2.071789e+01,2.062723e+01,2.077363e+01,2.064816e+01,2.052950e+01,2.057140e+01,2.026378e+01,2.008857e+01,2.002542e+01,1.980761e+01,1.998330e+01,1.970205e+01,2.007454e+01,1.989198e+01,1.970909e+01,1.977947e+01,1.963161e+01,1.988495e+01,1.988495e+01,2.007454e+01,2.022176e+01,2.033377e+01,2.070394e+01,2.072486e+01,2.071789e+01,2.074576e+01,2.050157e+01,2.059932e+01,2.062723e+01,2.057838e+01,2.064118e+01,2.066908e+01,2.080150e+01,2.071091e+01,2.069000e+01,2.070394e+01,2.078757e+01,2.074576e+01,2.075970e+01,2.078060e+01,2.079453e+01,2.081543e+01,2.072486e+01,2.075273e+01,2.069697e+01,2.075970e+01,2.066908e+01,2.071789e+01,2.069697e+01,2.080150e+01,2.084328e+01,2.074576e+01,2.085024e+01,2.075970e+01,2.080150e+01,2.066211e+01,2.081543e+01,2.073182e+01,2.070394e+01,2.069000e+01,2.066908e+01,2.057838e+01,2.029178e+01,1.970909e+01,1.920793e+01,1.920793e+01,1.919378e+01,1.911590e+01,1.886059e+01,1.901669e+01,1.891738e+01,1.911590e+01,1.953291e+01,1.989901e+01,2.059932e+01,2.078757e+01,2.080150e+01,2.078757e+01,2.066211e+01,2.087112e+01,2.086416e+01,2.086416e+01,2.080150e+01,2.085024e+01,2.080846e+01,2.078060e+01,2.080150e+01,2.078060e+01,2.074576e+01,2.080846e+01,2.080150e+01,2.083632e+01,2.074576e+01,2.085024e+01,2.075970e+01,2.076667e+01,2.075970e+01,2.076667e+01,2.083632e+01,2.083632e+01,2.082935e+01,2.076667e+01,2.075970e+01,2.078757e+01,2.081543e+01,2.085024e+01,2.079453e+01,2.084328e+01,2.083632e+01,2.082935e+01,2.093374e+01,2.080150e+01,2.073182e+01,2.081543e+01,2.079453e+01,2.089896e+01,2.086416e+01,2.080150e+01,2.075970e+01,2.077363e+01,2.077363e+01,2.080150e+01,2.086416e+01,2.075273e+01,2.075970e+01,2.085024e+01,2.087808e+01,2.087112e+01,2.075970e+01,2.090592e+01,2.071091e+01,2.083632e+01,2.091983e+01,2.075273e+01,2.076667e+01,2.076667e+01,2.078060e+01,2.075970e+01,2.089896e+01,2.066908e+01,2.089200e+01,2.076667e+01,2.087112e+01,2.078757e+01,2.084328e+01,2.073182e+01,2.078757e+01,2.067605e+01,2.082935e+01,2.076667e+01,2.085720e+01,2.076667e+01,2.085024e+01,2.084328e+01,2.082239e+01,2.079453e+01,2.085024e+01,2.087112e+01,2.089200e+01,2.077363e+01,2.086416e+01,2.089200e+01,2.076667e+01,2.085024e+01,2.075273e+01,2.076667e+01,2.078060e+01,2.085024e+01,2.080846e+01,2.075273e+01,2.089200e+01,2.085720e+01,2.088504e+01,2.081543e+01,2.090592e+01,2.086416e+01,2.077363e+01,2.080150e+01,2.084328e+01,2.083632e+01,2.081543e+01,2.075970e+01,2.082239e+01,2.081543e+01,2.079453e+01,2.081543e+01,2.074576e+01,2.077363e+01,2.077363e+01,2.081543e+01,2.073182e+01,2.072486e+01,2.076667e+01,2.071789e+01,2.073879e+01,2.073182e+01,2.085024e+01,2.078757e+01,2.083632e+01,2.071091e+01,2.078060e+01,2.087808e+01,2.077363e+01,2.077363e+01,2.071091e+01,2.083632e+01,2.080846e+01,2.082935e+01,2.080846e+01,2.084328e+01,2.074576e+01,2.089200e+01,2.070394e+01,2.087112e+01,2.087112e+01,2.068303e+01,2.082239e+01,2.079453e+01,2.082935e+01,2.089200e+01,2.075970e+01,2.080846e+01,2.080150e+01,2.083632e+01,2.088504e+01,2.091983e+01,2.083632e+01,2.078060e+01,2.085024e+01,2.089896e+01,2.077363e+01,2.081543e+01,2.085720e+01,2.074576e+01,2.074576e+01,2.083632e+01,2.081543e+01,2.085024e+01,2.071789e+01,2.091287e+01,2.085024e+01,2.094070e+01,2.078757e+01,2.085024e+01,2.078060e+01,2.074576e+01,2.079453e+01,2.070394e+01,2.080150e+01,2.071789e+01,2.082239e+01,2.073879e+01,2.074576e+01,2.085720e+01,2.075970e+01,2.085720e+01,2.085720e+01,2.077363e+01,2.080150e+01,2.082239e+01,2.085720e+01,2.083632e+01,2.077363e+01,2.068303e+01,2.068303e+01,2.078060e+01,2.079453e+01,2.078060e+01,2.080150e+01,2.082935e+01,2.069697e+01,2.081543e+01,2.066211e+01,2.078757e+01,2.079453e+01,2.080846e+01,2.079453e+01,2.067605e+01,2.064816e+01,2.080150e+01,2.078060e+01,2.078060e+01,2.078757e+01,2.059234e+01,2.077363e+01,2.069697e+01,2.087112e+01,2.076667e+01,2.078757e+01,2.079453e+01,2.146100e+01,2.099632e+01,2.087112e+01,2.075970e+01,2.081543e+01,2.086416e+01,2.095461e+01,2.087112e+01,2.082239e+01,2.085720e+01,2.087808e+01,2.074576e+01,2.085720e+01,2.082935e+01,2.084328e+01,2.085024e+01,2.078757e+01,2.075970e+01,2.079453e+01,2.084328e+01,2.064118e+01,2.075273e+01,2.077363e+01,2.073879e+01,2.073182e+01,2.069000e+01,2.076667e+01,2.074576e+01,2.072486e+01
2.057140e+01,2.058536e+01,2.053649e+01,2.053649e+01,2.072486e+01,2.058536e+01,2.056442e+01,2.061327e+01,2.065513e+01,2.071789e+01,2.070394e+01,2.053649e+01,2.064816e+01,2.071091e+01,2.059932e+01,2.065513e+01,2.059234e+01,2.062723e+01,2.064118e+01,2.066908e+01,2.056442e+01,2.073879e+01,2.050855e+01,2.068303e+01,2.064118e+01,2.063420e+01,2.070394e+01,2.061327e+01,2.078757e+01,2.059932e+01,2.057838e+01,2.055743e+01,2.055743e+01,2.065513e+01,2.059234e+01,2.057838e+01,2.056442e+01,2.064118e+01,2.067605e+01,2.069000e+01,2.064118e+01,2.070394e+01,2.057838e+01,2.069697e+01,2.071091e+01,2.064816e+01,2.077363e+01,2.066211e+01,2.073879e+01,2.073879e+01,2.066211e+01,2.076667e+01,2.078060e+01,2.062723e+01,2.075970e+01,2.073879e+01,2.070394e+01,2.077363e+01,2.065513e+01,2.074576e+01,2.074576e+01,2.078060e+01,2.069000e+01,2.076667e+01,2.073879e+01,2.077363e+01,2.070394e+01,2.073182e+01,2.069697e+01,2.072486e+01,2.064816e+01,2.066211e+01,2.080150e+01,2.075970e+01,2.058536e+01,2.064816e+01,2.077363e+01,2.069000e+01,2.076667e+01,2.074576e+01,2.072486e+01,2.069697e+01,2.075970e+01,2.067605e+01,2.069697e+01,2.078757e+01,2.067605e+01,2.080846e+01,2.068303e+01,2.083632e+01,2.066908e+01,2.066211e+01,2.073182e+01,2.060629e+01,2.074576e+01,2.088504e+01,2.079453e+01,2.076667e+01,2.075970e+01,2.078757e+01,2.074576e+01,2.067605e+01,2.069697e+01,2.073182e+01,2.072486e+01,2.069000e+01,2.072486e+01,2.071091e+01,2.073182e+01,2.069000e+01,2.082239e+01,2.078060e+01,2.073879e+01,2.066908e+01,2.069697e+01,2.066211e+01,2.073879e+01,2.062723e+01,2.073182e+01,2.071789e+01,2.064816e+01,2.075273e+01,2.070394e+01,2.067605e+01,2.074576e+01,2.066908e+01,2.066908e+01,2.067605e+01,2.067605e+01,2.078757e+01,2.080846e+01,2.071789e+01,2.073879e+01,2.073182e+01,2.073182e+01,2.071789e+01,2.072486e+01,2.064816e+01,2.072486e+01,2.071789e+01,2.071789e+01,2.066908e+01,2.066908e+01,2.067605e+01,2.058536e+01,2.073182e+01,2.065513e+01,2.070394e+01,2.076667e+01,2.072486e+01,2.070394e+01,2.069697e+01,2.071091e+01,2.064816e+01,2.071789e+01,2.075273e+01,2.074576e+01,2.068303e+01,2.064816e+01,2.069000e+01,2.066908e+01,2.066211e+01,2.071091e+01,2.071789e+01,2.070394e+01,2.069000e+01,2.066908e+01,2.069697e+01,2.071789e+01,2.073182e+01,2.072486e+01,2.073879e+01,2.072486e+01,2.072486e+01,2.069697e+01,2.066211e+01,2.061327e+01,2.061327e+01,2.068303e+01,2.069697e+01,2.076667e+01,2.072486e+01,2.066211e+01,2.074576e+01,2.064816e+01,2.064816e+01,2.062723e+01,2.061327e+01,2.058536e+01,2.050157e+01,2.013766e+01,1.961047e+01,1.913006e+01,1.883218e+01,1.861174e+01,1.851915e+01,1.849777e+01,1.841934e+01,1.840508e+01,1.830515e+01,1.831944e+01,1.832658e+01,1.831230e+01,1.832658e+01,1.841221e+01,1.844787e+01,1.853340e+01,1.845500e+01,1.849064e+01,1.861174e+01,1.861174e+01,1.862598e+01,1.866867e+01,1.861174e+01,1.867579e+01,1.855477e+01,1.851915e+01,1.834799e+01,1.837654e+01,1.835513e+01,1.845500e+01,1.835513e+01,1.833372e+01,1.833372e+01,1.834799e+01,1.822657e+01,1.817653e+01,1.827659e+01,1.821943e+01,1.817653e+01,1.829801e+01,1.842648e+01,1.836227e+01,1.841221e+01,1.844074e+01,1.839794e+01,1.864733e+01,1.852628e+01,1.852628e+01,1.881087e+01,1.883928e+01,1.894576e+01,1.927160e+01,1.944823e+01,1.975836e+01,1.975836e+01,1.961751e+01,1.952586e+01,1.913006e+01,1.895995e+01,1.893867e+01,1.881087e+01,1.859038e+01,1.858326e+01,1.846213e+01,1.851203e+01,1.834799e+01,1.841221e+01,1.831230e+01,1.833372e+01,1.829801e+01,1.839794e+01,1.839081e+01,1.839794e+01,1.831944e+01,1.827659e+01,1.831230e+01,1.829087e+01,1.831944e+01,1.834085e+01,1.841934e+01,1.836940e+01,1.845500e+01,1.846213e+01,1.848352e+01,1.849777e+01,1.868290e+01,1.861174e+01,1.876112e+01,1.880376e+01,1.922916e+01,1.949764e+01,1.980058e+01,2.035476e+01,2.050855e+01,2.076667e+01,2.078060e+01,2.077363e+01,2.074576e+01,2.075273e+01,2.074576e+01,2.069697e+01,2.071091e+01,2.075970e+01,2.059932e+01,2.073182e+01,2.074576e+01,2.076667e+01,2.075970e+01,2.075273e+01,2.070394e+01,2.076667e+01,2.072486e+01,2.073879e+01,2.073182e+01,2.077363e+01,2.075970e+01,2.071789e+01,2.062025e+01,2.058536e+01,2.073182e+01,2.051554e+01,2.043868e+01,2.050157e+01,2.037575e+01,2.044567e+01,2.040372e+01,2.041071e+01,2.059234e+01,2.062723e+01,2.078757e+01,2.073182e+01,2.074576e+01,2.079453e+01,2.048759e+01,2.021475e+01,2.017972e+01,1.975132e+01,1.968092e+01,1.955407e+01,1.939881e+01,1.941293e+01,1.939881e+01,1.937055e+01,1.938468e+01,1.929988e+01,1.934936e+01,1.937055e+01,1.930695e+01,1.959637e+01,1.977947e+01,2.001139e+01,2.019373e+01,2.035476e+01,2.052950e+01,2.050855e+01,2.074576e+01,2.083632e+01,2.048759e+01,2.065513e+01,2.069000e+01,2.072486e+01,2.082239e+01,2.074576e+01,2.071091e+01,2.075273e+01,2.075970e+01,2.077363e+01,2.078060e+01,2.078060e+01,2.077363e+01,2.079453e+01,2.073879e+01,2.079453e+01,2.080150e+01,2.078757e+01,2.075273e+01,2.075970e+01,2.069697e+01,2.073182e+01,2.073182e+01,2.072486e+01,2.082935e+01,2.077363e+01,2.070394e+01,2.082935e+01,2.077363e+01,2.074576e+01,2.077363e+01,2.071091e+01,2.068303e+01,2.064118e+01,2.064118e+01,2.029178e+01,2.000437e+01,1.938468e+01,1.925038e+01,1.908047e+01,1.894576e+01,1.881087e+01,1.883218e+01,1.879666e+01,1.889609e+01,1.920085e+01,2.024277e+01,2.050157e+01,2.065513e+01,2.080150e+01,2.082935e+01,2.082239e+01,2.069697e+01,2.071789e+01,2.072486e+01,2.071091e+01,2.075273e+01,2.085024e+01,2.081543e+01,2.080846e+01,2.076667e+01,2.081543e+01,2.076667e+01,2.076667e+01,2.075273e+01,2.080846e+01,2.084328e+01,2.078060e+01,2.082935e+01,2.075970e+01,2.082239e+01,2.080846e+01,2.081543e+01,2.078060e+01,2.081543e+01,2.089896e+01,2.073879e+01,2.076667e+01,2.080846e+01,2.084328e+01,2.082239e+01,2.066211e+01,2.078060e+01,2.076667e+01,2.075273e+01,2.073182e+01,2.076667e+01,2.071789e+01,2.071789e+01,2.073879e+01,2.082935e+01,2.077363e+01,2.085024e+01,2.078060e+01,2.077363e+01,2.085720e+01,2.083632e+01,2.094070e+01,2.081543e+01,2.087112e+01,2.075273e+01,2.085024e+01,2.079453e+01,2.091983e+01,2.076667e+01,2.080846e+01,2.074576e+01,2.077363e+01,2.078060e+01,2.077363e+01,2.072486e+01,2.071091e+01,2.064816e+01,2.087112e+01,2.085024e+01,2.085720e+01,2.085720e+01,2.076667e+01,2.078060e+01,2.083632e+01,2.080150e+01,2.071091e+01,2.085720e+01,2.072486e+01,2.082239e+01,2.082239e+01,2.084328e+01,2.081543e+01,2.080846e+01,2.087112e+01,2.076667e+01,2.080846e+01,2.072486e+01,2.081543e+01,2.071091e+01,2.082239e+01,2.068303e+01,2.078060e+01,2.075273e+01,2.076667e+01,2.078060e+01,2.075273e+01,2.082239e+01,2.073182e+01,2.080150e+01,2.072486e+01,2.079453e+01,2.083632e+01,2.066211e+01,2.071091e+01,2.075970e+01,2.069697e+01,2.082239e+01,2.075970e+01,2.081543e+01,2.080846e+01,2.083632e+01,2.080846e+01,2.081543e+01,2.073879e+01,2.068303e+01,2.086416e+01,2.069000e+01,2.070394e+01,2.069000e+01,2.072486e+01,2.079453e+01,2.075273e+01,2.087112e+01,2.073182e+01,2.075970e+01,2.087112e+01,2.079453e+01,2.078060e+01,2.075273e+01,2.088504e+01,2.077363e+01,2.077363e+01,2.078757e+01,2.078060e+01,2.079453e+01,2.077363e+01,2.083632e+01,2.085720e+01,2.085720e+01,2.076667e+01,2.080846e+01,2.073182e+01,2.073182e+01,2.083632e+01,2.078060e+01,2.073879e+01,2.078060e+01,2.088504e+01,2.081543e+01,2.084328e+01,2.078060e+01,2.083632e+01,2.080150e+01,2.075970e+01,2.077363e+01,2.081543e+01,2.082935e+01,2.083632e+01,2.073182e+01,2.079453e+01,2.082935e+01,2.082239e+01,2.083632e+01,2.086416e+01,2.081543e+01,2.080150e+01,2.083632e+01,2.094765e+01,2.089896e+01,2.080150e+01,2.082935e+01,2.094070e+01,2.078757e+01,2.073182e+01,2.071789e+01,2.073182e+01,2.071091e+01,2.085720e+01,2.074576e+01,2.074576e+01,2.078060e+01,2.076667e+01,2.084328e+01,2.080846e+01,2.070394e+01,2.078757e+01,2.077363e+01,2.075970e+01,2.078757e+01,2.080846e+01,2.077363e+01,2.078060e+01,2.076667e+01,2.074576e+01,2.075970e+01,2.078757e+01,2.075970e+01,2.073182e+01,2.067605e+01,2.074576e+01,2.078060e+01,2.071789e+01,2.085024e+01,2.074576e+01,2.075970e+01,2.070394e+01,2.068303e+01,2.076667e+01,2.083632e+01,2.072486e+01,2.069000e+01,2.078060e+01,2.077363e+01,2.076667e+01,2.088504e+01,2.077363e+01,2.076667e+01,2.154400e+01,2.089200e+01,2.071091e+01,2.083632e+01,2.085720e+01,2.086416e+01,2.085024e+01,2.069697e+01,2.083632e+01,2.059932e+01,2.084328e+01,2.087808e+01,2.076667e+01,2.085720e+01,2.078060e+01,2.077363e+01,2.082935e+01,2.069000e+01,2.080150e+01,2.080150e+01,2.085024e+01,2.076667e+01,2.069697e+01,2.072486e+01,2.079453e+01,2.071789e+01,2.079453e+01,2.069697e+01,2.066211e+01
2.063420e+01,2.078757e+01,2.067605e+01,2.074576e+01,2.064118e+01,2.062723e+01,2.057838e+01,2.065513e+01,2.065513e+01,2.074576e+01,2.057838e+01,2.061327e+01,2.069697e+01,2.069000e+01,2.069000e+01,2.060629e+01,2.069697e+01,2.069697e+01,2.060629e+01,2.061327e+01,2.053649e+01,2.048759e+01,2.059932e+01,2.061327e+01,2.045964e+01,2.066211e+01,2.055743e+01,2.064816e+01,2.063420e+01,2.062723e+01,2.060629e+01,2.063420e+01,2.062723e+01,2.061327e+01,2.066211e+01,2.075970e+01,2.073182e+01,2.070394e+01,2.078060e+01,2.069000e+01,2.064816e+01,2.067605e+01,2.075273e+01,2.067605e+01,2.062723e+01,2.065513e+01,2.072486e+01,2.069697e+01,2.066908e+01,2.072486e+01,2.069697e+01,2.082239e+01,2.080150e+01,2.062723e+01,2.078060e+01,2.073879e+01,2.078757e+01,2.074576e+01,2.080846e+01,2.074576e+01,2.076667e+01,2.080150e+01,2.070394e+01,2.073182e+01,2.076667e+01,2.082935e+01,2.073879e+01,2.078060e+01,2.085024e+01,2.082935e+01,2.066211e+01,2.063420e+01,2.081543e+01,2.070394e+01,2.070394e+01,2.078757e+01,2.073879e+01,2.077363e+01,2.078060e+01,2.077363e+01,2.074576e+01,2.074576e+01,2.069697e+01,2.069000e+01,2.080150e+01,2.079453e+01,2.070394e+01,2.073879e+01,2.077363e+01,2.071789e+01,2.075273e+01,2.071789e+01,2.069697e+01,2.071789e+01,2.076667e+01,2.075273e+01,2.075970e+01,2.082935e+01,2.076667e+01,2.088504e+01,2.072486e+01,2.082239e+01,2.076667e+01,2.070394e+01,2.081543e+01,2.073879e+01,2.082935e+01,2.075273e+01,2.070394e+01,2.076667e+01,2.072486e+01,2.075970e+01,2.080846e+01,2.075273e+01,2.071091e+01,2.070394e+01,2.071091e+01,2.067605e+01,2.078757e+01,2.069697e+01,2.077363e+01,2.073182e+01,2.073182e+01,2.072486e+01,2.079453e+01,2.064118e+01,2.064816e+01,2.065513e+01,2.068303e+01,2.066908e+01,2.069000e+01,2.075970e+01,2.074576e+01,2.072486e+01,2.060629e+01,2.064816e+01,2.073182e+01,2.066211e+01,2.069000e+01,2.067605e+01,2.078757e+01,2.065513e+01,2.064816e+01,2.066908e+01,2.066211e+01,2.066211e+01,2.069697e+01,2.066211e+01,2.071789e+01,2.064118e+01,2.071789e+01,2.075970e+01,2.064816e+01,2.072486e+01,2.064118e+01,2.052950e+01,2.071789e+01,2.068303e+01,2.064816e+01,2.087808e+01,2.064118e+01,2.075970e+01,2.070394e+01,2.069000e+01,2.066908e+01,2.069000e+01,2.080150e+01,2.073182e+01,2.071091e+01,2.069000e+01,2.068303e+01,2.069000e+01,2.071091e+01,2.070394e+01,2.072486e+01,2.066908e+01,2.081543e+01,2.073182e+01,2.080150e+01,2.071789e+01,2.070394e+01,2.069697e+01,2.078060e+01,2.075970e+01,2.066908e+01,2.066908e+01,2.066908e+01,2.076667e+01,2.052252e+01,2.055743e+01,2.013766e+01,1.975836e+01,1.907339e+01,1.883928e+01,1.855477e+01,1.855477e+01,1.844787e+01,1.840508e+01,1.831230e+01,1.836940e+01,1.833372e+01,1.831230e+01,1.831944e+01,1.839794e+01,1.821943e+01,1.853340e+01,1.836940e+01,1.854053e+01,1.855477e+01,1.856190e+01,1.861886e+01,1.862598e+01,1.857614e+01,1.869713e+01,1.846926e+01,1.849777e+01,1.851203e+01,1.835513e+01,1.844787e+01,1.836227e+01,1.836227e+01,1.834799e+01,1.833372e+01,1.842648e+01,1.833372e+01,1.830515e+01,1.814793e+01,1.814793e+01,1.817653e+01,1.830515e+01,1.838367e+01,1.833372e+01,1.831230e+01,1.845500e+01,1.844787e+01,1.839794e+01,1.853340e+01,1.867579e+01,1.866867e+01,1.876112e+01,1.890318e+01,1.913714e+01,1.935642e+01,1.977243e+01,2.010961e+01,2.010260e+01,2.004648e+01,1.981464e+01,1.965274e+01,1.901669e+01,1.878955e+01,1.862598e+01,1.863309e+01,1.859038e+01,1.847639e+01,1.847639e+01,1.846213e+01,1.829087e+01,1.829087e+01,1.837654e+01,1.834085e+01,1.841934e+01,1.835513e+01,1.839081e+01,1.838367e+01,1.838367e+01,1.843361e+01,1.828373e+01,1.839794e+01,1.827659e+01,1.833372e+01,1.833372e+01,1.846213e+01,1.848352e+01,1.854765e+01,1.854053e+01,1.860462e+01,1.872558e+01,1.861174e+01,1.877534e+01,1.898123e+01,1.925745e+01,1.970909e+01,2.000437e+01,2.034077e+01,2.062025e+01,2.076667e+01,2.075970e+01,2.076667e+01,2.075273e+01,2.073879e+01,2.077363e+01,2.082239e+01,2.072486e+01,2.076667e+01,2.075273e+01,2.076667e+01,2.078060e+01,2.078757e+01,2.067605e+01,2.075273e+01,2.075970e+01,2.073182e+01,2.078060e+01,2.075970e+01,2.078060e+01,2.076667e+01,2.074576e+01,2.074576e+01,2.076667e+01,2.069697e+01,2.049458e+01,2.051554e+01,2.047362e+01,2.042470e+01,2.050855e+01,2.057838e+01,2.066211e+01,2.056442e+01,2.068303e+01,2.059932e+01,2.076667e+01,2.074576e+01,2.052252e+01,2.022876e+01,2.021475e+01,1.982871e+01,1.967388e+01,1.944118e+01,1.926452e+01,1.933522e+01,1.938468e+01,1.920085e+01,1.926452e+01,1.925038e+01,1.925038e+01,1.932815e+01,1.929281e+01,1.929281e+01,1.929281e+01,1.927867e+01,1.958932e+01,1.984980e+01,1.998330e+01,2.020774e+01,2.049458e+01,2.069697e+01,2.066908e+01,2.080150e+01,2.069697e+01,2.075970e+01,2.070394e+01,2.082239e+01,2.075970e+01,2.067605e+01,2.076667e+01,2.078757e+01,2.074576e+01,2.076667e+01,2.078060e+01,2.078060e+01,2.080846e+01,2.075970e+01,2.080150e+01,2.069000e+01,2.062723e+01,2.075970e+01,2.076667e+01,2.070394e+01,2.076667e+01,2.075970e+01,2.079453e+01,2.073182e+01,2.069697e+01,2.071789e+01,2.078757e+01,2.085024e+01,2.068303e+01,2.071789e+01,2.072486e+01,2.072486e+01,2.068303e+01,2.073879e+01,2.048061e+01,2.028478e+01,1.953996e+01,1.924331e+01,1.901669e+01,1.886769e+01,1.888899e+01,1.888189e+01,1.872558e+01,1.892448e+01,1.920085e+01,1.975132e+01,2.023577e+01,2.059234e+01,2.075273e+01,2.084328e+01,2.073879e+01,2.059234e+01,2.090592e+01,2.075273e+01,2.073879e+01,2.087112e+01,2.082935e+01,2.077363e+01,2.078757e+01,2.079453e+01,2.081543e+01,2.080150e+01,2.087112e+01,2.080150e+01,2.080846e+01,2.082935e+01,2.085720e+01,2.079453e+01,2.078757e+01,2.079453e+01,2.087808e+01,2.078060e+01,2.081543e+01,2.078060e+01,2.089200e+01,2.074576e+01,2.082239e+01,2.085720e+01,2.085720e+01,2.075273e+01,2.084328e+01,2.083632e+01,2.080150e+01,2.082935e+01,2.080846e+01,2.080150e+01,2.076667e+01,2.081543e+01,2.078757e+01,2.075273e+01,2.080150e+01,2.076667e+01,2.084328e+01,2.077363e+01,2.079453e+01,2.086416e+01,2.087808e+01,2.079453e+01,2.079453e+01,2.076667e+01,2.085024e+01,2.093374e+01,2.078757e+01,2.074576e+01,2.073879e+01,2.082239e+01,2.075273e+01,2.088504e+01,2.088504e+01,2.082935e+01,2.087808e+01,2.087112e+01,2.091287e+01,2.076667e+01,2.084328e+01,2.072486e+01,2.082239e+01,2.083632e+01,2.083632e+01,2.081543e+01,2.080846e+01,2.075970e+01,2.086416e+01,2.085720e+01,2.082935e+01,2.069000e+01,2.081543e+01,2.082239e+01,2.080150e+01,2.080846e+01,2.078060e+01,2.066908e+01,2.079453e+01,2.080846e+01,2.091983e+01,2.074576e+01,2.094070e+01,2.067605e+01,2.079453e+01,2.072486e+01,2.088504e+01,2.068303e+01,2.079453e+01,2.067605e+01,2.084328e+01,2.077363e+01,2.080846e+01,2.075273e+01,2.081543e+01,2.085720e+01,2.075273e+01,2.075970e+01,2.071789e+01,2.078757e+01,2.082935e+01,2.078757e+01,2.087808e+01,2.096156e+01,2.082935e+01,2.059234e+01,2.074576e+01,2.082935e+01,2.077363e+01,2.089896e+01,2.073879e+01,2.075970e+01,2.078757e+01,2.090592e+01,2.087808e+01,2.084328e+01,2.081543e+01,2.079453e+01,2.075273e+01,2.085720e+01,2.074576e+01,2.074576e+01,2.079453e+01,2.087808e+01,2.080846e+01,2.076667e+01,2.091287e+01,2.077363e+01,2.075273e+01,2.085024e+01,2.088504e+01,2.089896e+01,2.073879e+01,2.084328e+01,2.087808e+01,2.087808e+01,2.082935e+01,2.087808e+01,2.080150e+01,2.082935e+01,2.082239e+01,2.080846e+01,2.079453e+01,2.089200e+01,2.084328e+01,2.079453e+01,2.087808e+01,2.073182e+01,2.083632e+01,2.080150e+01,2.075970e+01,2.076667e+01,2.076667e+01,2.086416e+01,2.082935e+01,2.091983e+01,2.083632e+01,2.084328e+01,2.092679e+01,2.091983e+01,2.088504e+01,2.078060e+01,2.084328e+01,2.080150e+01,2.087808e+01,2.071789e+01,2.071789e+01,2.071789e+01,2.080846e+01,2.085024e+01,2.074576e+01,2.083632e+01,2.071091e+01,2.084328e+01,2.078757e+01,2.071789e+01,2.076667e+01,2.073879e+01,2.077363e+01,2.077363e+01,2.073879e+01,2.071091e+01,2.085720e+01,2.080846e+01,2.073182e+01,2.077363e+01,2.076667e+01,2.081543e+01,2.080846e+01,2.078060e+01,2.090592e+01,2.071789e+01,2.077363e+01,2.086416e+01,2.080846e+01,2.066211e+01,2.064816e+01,2.067605e+01,2.066211e+01,2.066211e+01,2.070394e+01,2.077363e+01,2.081543e+01,2.074576e+01,2.088504e+01,2.080846e+01,2.078060e+01,2.071789e+01,2.080846e+01,2.092679e+01,2.064816e+01,2.060629e+01,2.073879e+01,2.071789e+01,2.082935e+01,2.071789e+01,2.076667e+01,2.082239e+01,2.085024e+01,2.075273e+01,2.076667e+01,2.083632e+01,2.080150e+01,2.083632e+01,2.073879e+01,2.077363e+01,2.085024e+01,2.071091e+01,2.063420e+01,2.068303e+01,2.085720e+01,2.066908e+01,2.075970e+01,2.073879e+01,2.078757e+01,2.071789e+01,2.071789e+01
2.064118e+01,2.066211e+01,2.059234e+01,2.064118e+01,2.082935e+01,2.060629e+01,2.063420e+01,2.066211e+01,2.055045e+01,2.065513e+01,2.073879e+01,2.063420e+01,2.069000e+01,2.060629e+01,2.069000e+01,2.080150e+01,2.073182e+01,2.052950e+01,2.062723e+01,2.072486e+01,2.064816e+01,2.059932e+01,2.058536e+01,2.062723e+01,2.064118e+01,2.063420e+01,2.061327e+01,2.057838e+01,2.059234e+01,2.073879e+01,2.065513e+01,2.059932e+01,2.061327e+01,2.062025e+01,2.064118e+01,2.080846e+01,2.066211e+01,2.064816e+01,2.072486e+01,2.062723e+01,2.065513e+01,2.068303e+01,2.064816e+01,2.076667e+01,2.075273e+01,2.069000e+01,2.071091e+01,2.078060e+01,2.069697e+01,2.065513e+01,2.074576e+01,2.079453e+01,2.075970e+01,2.078757e+01,2.070394e+01,2.071091e+01,2.078757e+01,2.069697e+01,2.070394e+01,2.071091e+01,2.075970e+01,2.074576e+01,2.075273e+01,2.075273e+01,2.080846e+01,2.072486e+01,2.078060e+01,2.069000e+01,2.068303e+01,2.084328e+01,2.073879e+01,2.066211e+01,2.082935e+01,2.076667e+01,2.077363e+01,2.079453e+01,2.064118e+01,2.079453e+01,2.075970e+01,2.072486e+01,2.070394e+01,2.098937e+01,2.068303e+01,2.069697e+01,2.082239e+01,2.069000e+01,2.079453e+01,2.071789e+01,2.076667e+01,2.072486e+01,2.072486e+01,2.072486e+01,2.075273e+01,2.074576e+01,2.078757e+01,2.075970e+01,2.077363e+01,2.082935e+01,2.075273e+01,2.080150e+01,2.070394e+01,2.068303e+01,2.071789e+01,2.085024e+01,2.075273e+01,2.076667e+01,2.071091e+01,2.076667e+01,2.072486e+01,2.073182e+01,2.069000e+01,2.080846e+01,2.071789e+01,2.071789e+01,2.071091e+01,2.068303e+01,2.066211e+01,2.068303e+01,2.080846e+01,2.065513e+01,2.073182e+01,2.078060e+01,2.066908e+01,2.073879e+01,2.079453e+01,2.075970e+01,2.066908e+01,2.064816e+01,2.077363e+01,2.067605e+01,2.079453e+01,2.080846e+01,2.065513e+01,2.072486e+01,2.068303e+01,2.066908e+01,2.072486e+01,2.070394e+01,2.069697e+01,2.079453e+01,2.080150e+01,2.073879e+01,2.062025e+01,2.064118e+01,2.080150e+01,2.074576e+01,2.074576e+01,2.078757e+01,2.062723e+01,2.075273e+01,2.073182e+01,2.069697e+01,2.086416e+01,2.078060e+01,2.071091e+01,2.068303e+01,2.070394e+01,2.064118e+01,2.067605e+01,2.080150e+01,2.066211e+01,2.081543e+01,2.068303e+01,2.059234e+01,2.069697e+01,2.072486e+01,2.073182e+01,2.073879e+01,2.074576e+01,2.071091e+01,2.072486e+01,2.071789e+01,2.073182e+01,2.069697e+01,2.082239e+01,2.082935e+01,2.075273e+01,2.068303e+01,2.068303e+01,2.070394e+01,2.068303e+01,2.066908e+01,2.070394e+01,2.064118e+01,2.064816e+01,2.066211e+01,2.066908e+01,2.061327e+01,2.059932e+01,2.049458e+01,2.015168e+01,1.945529e+01,1.910173e+01,1.861174e+01,1.878955e+01,1.854765e+01,1.851915e+01,1.845500e+01,1.839794e+01,1.834085e+01,1.836227e+01,1.831230e+01,1.829087e+01,1.821943e+01,1.839081e+01,1.842648e+01,1.854053e+01,1.849777e+01,1.861174e+01,1.866156e+01,1.861886e+01,1.850490e+01,1.862598e+01,1.834085e+01,1.836940e+01,1.843361e+01,1.844074e+01,1.842648e+01,1.836227e+01,1.831944e+01,1.836227e+01,1.835513e+01,1.832658e+01,1.831230e+01,1.830515e+01,1.834085e+01,1.824087e+01,1.826944e+01,1.833372e+01,1.830515e+01,1.839794e+01,1.827659e+01,1.842648e+01,1.831230e+01,1.856902e+01,1.861174e+01,1.864021e+01,1.881797e+01,1.884638e+01,1.883928e+01,1.902378e+01,1.924331e+01,1.959637e+01,1.986386e+01,2.016570e+01,2.040372e+01,2.016570e+01,2.004648e+01,1.973021e+01,1.930695e+01,1.889609e+01,1.876823e+01,1.864021e+01,1.863309e+01,1.849777e+01,1.847639e+01,1.840508e+01,1.842648e+01,1.845500e+01,1.834799e+01,1.836227e+01,1.829087e+01,1.837654e+01,1.839081e+01,1.831944e+01,1.839794e+01,1.841221e+01,1.840508e+01,1.825516e+01,1.841221e+01,1.846213e+01,1.836227e+01,1.836227e+01,1.853340e+01,1.847639e+01,1.848352e+01,1.854765e+01,1.868290e+01,1.867579e+01,1.864733e+01,1.924331e+01,1.924331e+01,1.975836e+01,2.000437e+01,2.027778e+01,2.059234e+01,2.078757e+01,2.072486e+01,2.078060e+01,2.074576e+01,2.073879e+01,2.064816e+01,2.075273e+01,2.073879e+01,2.070394e+01,2.073879e+01,2.071091e+01,2.078757e+01,2.069697e+01,2.082239e+01,2.074576e+01,2.078060e+01,2.075273e+01,2.073879e+01,2.063420e+01,2.072486e+01,2.075273e+01,2.067605e+01,2.076667e+01,2.073879e+01,2.054347e+01,2.049458e+01,2.050855e+01,2.048759e+01,2.048061e+01,2.043169e+01,2.055743e+01,2.052950e+01,2.063420e+01,2.058536e+01,2.070394e+01,2.072486e+01,2.068303e+01,2.046663e+01,2.021475e+01,1.987792e+01,1.958932e+01,1.941999e+01,1.932109e+01,1.925745e+01,1.922916e+01,1.929281e+01,1.922208e+01,1.927160e+01,1.924331e+01,1.919378e+01,1.929988e+01,1.925745e+01,1.920793e+01,1.929988e+01,1.934229e+01,1.932815e+01,1.956817e+01,1.994819e+01,1.994117e+01,2.020774e+01,2.047362e+01,2.059234e+01,2.069000e+01,2.072486e+01,2.059234e+01,2.078060e+01,2.083632e+01,2.080150e+01,2.089200e+01,2.082239e+01,2.078060e+01,2.080150e+01,2.079453e+01,2.075273e+01,2.078060e+01,2.082239e+01,2.082239e+01,2.081543e+01,2.077363e+01,2.080150e+01,2.083632e+01,2.079453e+01,2.069000e+01,2.077363e+01,2.077363e+01,2.070394e+01,2.083632e+01,2.080150e+01,2.071789e+01,2.066908e+01,2.069697e+01,2.084328e+01,2.074576e+01,2.067605e+01,2.071789e+01,2.073879e+01,2.071789e+01,2.059932e+01,2.028478e+01,1.962456e+01,1.907339e+01,1.887479e+01,1.873980e+01,1.868290e+01,1.864021e+01,1.877534e+01,1.878245e+01,1.906630e+01,1.947647e+01,2.010961e+01,2.045266e+01,2.048759e+01,2.071789e+01,2.087808e+01,2.085720e+01,2.082239e+01,2.075970e+01,2.071789e+01,2.075970e+01,2.076667e+01,2.083632e+01,2.087808e+01,2.082239e+01,2.079453e+01,2.076667e+01,2.085024e+01,2.071091e+01,2.074576e+01,2.081543e+01,2.085024e+01,2.083632e+01,2.082239e+01,2.082239e+01,2.078060e+01,2.080150e+01,2.085024e+01,2.073182e+01,2.091983e+01,2.087112e+01,2.075273e+01,2.078060e+01,2.075970e+01,2.082239e+01,2.079453e+01,2.082935e+01,2.081543e+01,2.085720e+01,2.075970e+01,2.072486e+01,2.071789e+01,2.080150e+01,2.074576e+01,2.071789e+01,2.083632e+01,2.096852e+01,2.091287e+01,2.078060e+01,2.080846e+01,2.082239e+01,2.084328e+01,2.086416e+01,2.071091e+01,2.082239e+01,2.076667e+01,2.085720e+01,2.080846e+01,2.076667e+01,2.088504e+01,2.085024e+01,2.077363e+01,2.088504e+01,2.087112e+01,2.085720e+01,2.087808e+01,2.093374e+01,2.090592e+01,2.072486e+01,2.083632e+01,2.092679e+01,2.082239e+01,2.082239e+01,2.084328e+01,2.081543e+01,2.080150e+01,2.082239e+01,2.083632e+01,2.085720e+01,2.090592e+01,2.078757e+01,2.080846e+01,2.076667e+01,2.080150e+01,2.078757e+01,2.091287e+01,2.087112e+01,2.070394e+01,2.075273e+01,2.074576e+01,2.095461e+01,2.066908e+01,2.078757e+01,2.075273e+01,2.073182e+01,2.069000e+01,2.075970e+01,2.067605e+01,2.078060e+01,2.078757e+01,2.075970e+01,2.081543e+01,2.086416e+01,2.073879e+01,2.078757e+01,2.075970e+01,2.071789e+01,2.079453e+01,2.082935e+01,2.077363e+01,2.079453e+01,2.087112e+01,2.082239e+01,2.080150e+01,2.080846e+01,2.080150e+01,2.065513e+01,2.078757e+01,2.063420e+01,2.073182e+01,2.078757e+01,2.086416e+01,2.074576e+01,2.075970e+01,2.081543e+01,2.082239e+01,2.080846e+01,2.083632e+01,2.081543e+01,2.077363e+01,2.079453e+01,2.077363e+01,2.074576e+01,2.078060e+01,2.080846e+01,2.077363e+01,2.076667e+01,2.081543e+01,2.074576e+01,2.084328e+01,2.080150e+01,2.085720e+01,2.082239e+01,2.084328e+01,2.079453e+01,2.082935e+01,2.082239e+01,2.083632e+01,2.081543e+01,2.082935e+01,2.082239e+01,2.094765e+01,2.089200e+01,2.094765e+01,2.087808e+01,2.089896e+01,2.075273e+01,2.087112e+01,2.077363e+01,2.078757e+01,2.075273e+01,2.081543e+01,2.083632e+01,2.075970e+01,2.078060e+01,2.079453e+01,2.078060e+01,2.090592e+01,2.088504e+01,2.087808e+01,2.087112e+01,2.085720e+01,2.085720e+01,2.084328e+01,2.083632e+01,2.084328e+01,2.087112e+01,2.085024e+01,2.087112e+01,2.080150e+01,2.083632e+01,2.085024e+01,2.080150e+01,2.080150e+01,2.076667e+01,2.078757e+01,2.073879e+01,2.075970e+01,2.074576e+01,2.071091e+01,2.082935e+01,2.085720e+01,2.073879e+01,2.071091e+01,2.079453e+01,2.080846e+01,2.081543e+01,2.079453e+01,2.077363e+01,2.078757e+01,2.082239e+01,2.069697e+01,2.085720e+01,2.078060e+01,2.080846e+01,2.066211e+01,2.078060e+01,2.085024e+01,2.069697e+01,2.075273e+01,2.076667e+01,2.073879e+01,2.074576e+01,2.085720e+01,2.073879e+01,2.078757e+01,2.067605e+01,2.080150e+01,2.091287e+01,2.080846e+01,2.076667e+01,2.077363e+01,2.069000e+01,2.078060e+01,2.084328e+01,2.071789e+01,2.067605e+01,2.078757e+01,2.085024e+01,2.085720e+01,2.084328e+01,2.079453e+01,2.081543e+01,2.078757e+01,2.075273e+01,2.080150e+01,2.073182e+01,2.085024e+01,2.086416e+01,2.075970e+01,2.083632e+01,2.067605e+01,2.073182e+01,2.088504e+01,2.073879e+01,2.076667e+01
2.070394e+01,2.059932e+01,2.062723e+01,2.065513e+01,2.063420e+01,2.088504e+01,2.063420e+01,2.073879e+01,2.065513e+01,2.066211e+01,2.048061e+01,2.069697e+01,2.075970e+01,2.059932e+01,2.068303e+01,2.066908e+01,2.056442e+01,2.055045e+01,2.066211e+01,2.059234e+01,2.056442e+01,2.060629e+01,2.057140e+01,2.066908e+01,2.066908e+01,2.058536e+01,2.060629e+01,2.064816e+01,2.066211e+01,2.052950e+01,2.062025e+01,2.061327e+01,2.060629e+01,2.061327e+01,2.064816e+01,2.064118e+01,2.067605e+01,2.070394e+01,2.056442e+01,2.062025e+01,2.069697e+01,2.073182e+01,2.078757e+01,2.063420e+01,2.071091e+01,2.072486e+01,2.065513e+01,2.073182e+01,2.066908e+01,2.067605e+01,2.073879e+01,2.066211e+01,2.070394e+01,2.075273e+01,2.071789e+01,2.073182e+01,2.078060e+01,2.086416e+01,2.067605e+01,2.071091e+01,2.071789e+01,2.076667e+01,2.075273e+01,2.076667e+01,2.074576e+01,2.077363e+01,2.079453e+01,2.062025e+01,2.069000e+01,2.069000e+01,2.068303e+01,2.082239e+01,2.079453e+01,2.078757e+01,2.066908e+01,2.082239e+01,2.071789e+01,2.071789e+01,2.070394e+01,2.072486e+01,2.082935e+01,2.074576e+01,2.076667e+01,2.072486e+01,2.073879e+01,2.077363e+01,2.081543e+01,2.078060e+01,2.069697e+01,2.068303e+01,2.072486e+01,2.082935e+01,2.074576e+01,2.078757e+01,2.082239e+01,2.078757e+01,2.080846e+01,2.085024e+01,2.076667e+01,2.086416e+01,2.072486e+01,2.085720e+01,2.084328e+01,2.083632e+01,2.084328e+01,2.085024e+01,2.086416e+01,2.072486e+01,2.073182e+01,2.077363e+01,2.073182e+01,2.077363e+01,2.075970e+01,2.069697e+01,2.069000e+01,2.066908e+01,2.066908e+01,2.067605e+01,2.069697e+01,2.069697e+01,2.073182e+01,2.072486e+01,2.069697e+01,2.069000e+01,2.079453e+01,2.063420e+01,2.065513e+01,2.062723e+01,2.066908e+01,2.075273e+01,2.080150e+01,2.074576e+01,2.069000e+01,2.069000e+01,2.071091e+01,2.065513e+01,2.073182e+01,2.079453e+01,2.068303e+01,2.068303e+01,2.080846e+01,2.073879e+01,2.065513e+01,2.062025e+01,2.064816e+01,2.073879e+01,2.078757e+01,2.075970e+01,2.070394e+01,2.063420e+01,2.071789e+01,2.067605e+01,2.066211e+01,2.069000e+01,2.062025e+01,2.071091e+01,2.065513e+01,2.070394e+01,2.081543e+01,2.064118e+01,2.069697e+01,2.075970e+01,2.072486e+01,2.059932e+01,2.073879e+01,2.072486e+01,2.071091e+01,2.069000e+01,2.058536e+01,2.067605e+01,2.073879e+01,2.071091e+01,2.073879e+01,2.077363e+01,2.075273e+01,2.070394e+01,2.065513e+01,2.081543e+01,2.076667e+01,2.066211e+01,2.061327e+01,2.070394e+01,2.065513e+01,2.059932e+01,2.066908e+01,2.065513e+01,2.064118e+01,2.063420e+01,2.052950e+01,2.041770e+01,1.991306e+01,1.946941e+01,1.887479e+01,1.876112e+01,1.846926e+01,1.848352e+01,1.837654e+01,1.838367e+01,1.829801e+01,1.831230e+01,1.831944e+01,1.829087e+01,1.831944e+01,1.821228e+01,1.842648e+01,1.825516e+01,1.845500e+01,1.840508e+01,1.844787e+01,1.862598e+01,1.854053e+01,1.861174e+01,1.835513e+01,1.846926e+01,1.834085e+01,1.846213e+01,1.832658e+01,1.836940e+01,1.827659e+01,1.824087e+01,1.821943e+01,1.836227e+01,1.835513e+01,1.831944e+01,1.825516e+01,1.832658e+01,1.826230e+01,1.819798e+01,1.816938e+01,1.828373e+01,1.837654e+01,1.828373e+01,1.840508e+01,1.838367e+01,1.844074e+01,1.859038e+01,1.861886e+01,1.882508e+01,1.883218e+01,1.888189e+01,1.911590e+01,1.933522e+01,1.978650e+01,2.010961e+01,2.062025e+01,2.066211e+01,2.038974e+01,2.028478e+01,1.982871e+01,1.963865e+01,1.915130e+01,1.889609e+01,1.869713e+01,1.871847e+01,1.854765e+01,1.835513e+01,1.841934e+01,1.830515e+01,1.834799e+01,1.838367e+01,1.833372e+01,1.831230e+01,1.826230e+01,1.831230e+01,1.830515e+01,1.842648e+01,1.842648e+01,1.831944e+01,1.833372e+01,1.826944e+01,1.844787e+01,1.837654e+01,1.844787e+01,1.844074e+01,1.844787e+01,1.851203e+01,1.862598e+01,1.849064e+01,1.870424e+01,1.872558e+01,1.878955e+01,1.917962e+01,1.951880e+01,1.998330e+01,2.019373e+01,2.055743e+01,2.072486e+01,2.068303e+01,2.078060e+01,2.070394e+01,2.080846e+01,2.082239e+01,2.072486e+01,2.066211e+01,2.068303e+01,2.067605e+01,2.069000e+01,2.078060e+01,2.071789e+01,2.077363e+01,2.078757e+01,2.073182e+01,2.066211e+01,2.059234e+01,2.076667e+01,2.073879e+01,2.074576e+01,2.071789e+01,2.069697e+01,2.052950e+01,2.048061e+01,2.049458e+01,2.052252e+01,2.045266e+01,2.033377e+01,2.042470e+01,2.055045e+01,2.052252e+01,2.043169e+01,2.066211e+01,2.064816e+01,2.073182e+01,2.054347e+01,2.040372e+01,2.005350e+01,1.982168e+01,1.961751e+01,1.934229e+01,1.929988e+01,1.938468e+01,1.919378e+01,1.941999e+01,1.923623e+01,1.922208e+01,1.927867e+01,1.926452e+01,1.933522e+01,1.934229e+01,1.915130e+01,1.922916e+01,1.927160e+01,1.923623e+01,1.929281e+01,1.937055e+01,1.966683e+01,1.977243e+01,2.001841e+01,2.022876e+01,2.050855e+01,2.067605e+01,2.069000e+01,2.050855e+01,2.082239e+01,2.072486e+01,2.084328e+01,2.075970e+01,2.076667e+01,2.069000e+01,2.071091e+01,2.069000e+01,2.069697e+01,2.075273e+01,2.081543e+01,2.078060e+01,2.082239e+01,2.082935e+01,2.073879e+01,2.078060e+01,2.073182e+01,2.079453e+01,2.078757e+01,2.081543e+01,2.077363e+01,2.075970e+01,2.088504e+01,2.071789e+01,2.072486e+01,2.082935e+01,2.082935e+01,2.072486e+01,2.075273e+01,2.073182e+01,2.073182e+01,2.052950e+01,2.027078e+01,1.963865e+01,1.922208e+01,1.895286e+01,1.871135e+01,1.862598e+01,1.876823e+01,1.864021e+01,1.882508e+01,1.882508e+01,1.893157e+01,1.982871e+01,2.022176e+01,2.048759e+01,2.071091e+01,2.072486e+01,2.076667e+01,2.083632e+01,2.069697e+01,2.073182e+01,2.087808e+01,2.088504e+01,2.082935e+01,2.079453e+01,2.085720e+01,2.082935e+01,2.081543e+01,2.073182e+01,2.075273e+01,2.076667e+01,2.089896e+01,2.087112e+01,2.090592e+01,2.085024e+01,2.092679e+01,2.080150e+01,2.080150e+01,2.077363e+01,2.084328e+01,2.085024e+01,2.077363e+01,2.077363e+01,2.075273e+01,2.078757e+01,2.080150e+01,2.069697e+01,2.083632e+01,2.068303e+01,2.070394e+01,2.070394e+01,2.075970e+01,2.080150e+01,2.085720e+01,2.086416e+01,2.078757e+01,2.087808e+01,2.091287e+01,2.082935e+01,2.077363e+01,2.083632e+01,2.085720e+01,2.080150e+01,2.081543e+01,2.083632e+01,2.075970e+01,2.086416e+01,2.081543e+01,2.075970e+01,2.078060e+01,2.077363e+01,2.084328e+01,2.082935e+01,2.078757e+01,2.080846e+01,2.067605e+01,2.082935e+01,2.087808e+01,2.072486e+01,2.078757e+01,2.084328e+01,2.085024e+01,2.080150e+01,2.076667e+01,2.082239e+01,2.076667e+01,2.080150e+01,2.091287e+01,2.062723e+01,2.089896e+01,2.075970e+01,2.082935e+01,2.078060e+01,2.075273e+01,2.075970e+01,2.082935e+01,2.078060e+01,2.078060e+01,2.080150e+01,2.075970e+01,2.078060e+01,2.073879e+01,2.087808e+01,2.069000e+01,2.082935e+01,2.082239e+01,2.078757e+01,2.084328e+01,2.078060e+01,2.070394e+01,2.082239e+01,2.072486e+01,2.075273e+01,2.079453e+01,2.067605e+01,2.080846e+01,2.073182e+01,2.080150e+01,2.080150e+01,2.087808e+01,2.090592e+01,2.075970e+01,2.078757e+01,2.074576e+01,2.068303e+01,2.083632e+01,2.080846e+01,2.083632e+01,2.075970e+01,2.068303e+01,2.069000e+01,2.083632e+01,2.089200e+01,2.089896e+01,2.082239e+01,2.084328e+01,2.066211e+01,2.059234e+01,2.072486e+01,2.080846e+01,2.069000e+01,2.076667e+01,2.080846e+01,2.078757e+01,2.075273e+01,2.080150e+01,2.077363e+01,2.079453e+01,2.085024e+01,2.073182e+01,2.081543e+01,2.078060e+01,2.085720e+01,2.065513e+01,2.085720e+01,2.085024e+01,2.075970e+01,2.080846e+01,2.083632e+01,2.081543e+01,2.080150e+01,2.077363e+01,2.077363e+01,2.077363e+01,2.083632e+01,2.091287e+01,2.090592e+01,2.082239e+01,2.089200e+01,2.077363e+01,2.072486e+01,2.072486e+01,2.075273e+01,2.072486e+01,2.080150e+01,2.082935e+01,2.073182e+01,2.090592e+01,2.085024e+01,2.087808e+01,2.089896e+01,2.075970e+01,2.088504e+01,2.069697e+01,2.074576e+01,2.091983e+01,2.078060e+01,2.088504e+01,2.071091e+01,2.077363e+01,2.073182e+01,2.078060e+01,2.081543e+01,2.080846e+01,2.082935e+01,2.066211e+01,2.079453e+01,2.073182e+01,2.078757e+01,2.071789e+01,2.072486e+01,2.080150e+01,2.073879e+01,2.075970e+01,2.079453e+01,2.076667e+01,2.073182e+01,2.068303e+01,2.085024e+01,2.080846e+01,2.058536e+01,2.085720e+01,2.073182e+01,2.070394e+01,2.073879e+01,2.075273e+01,2.074576e+01,2.066908e+01,2.069000e+01,2.069697e+01,2.080150e+01,2.075273e+01,2.058536e+01,2.073182e+01,2.072486e+01,2.076667e+01,2.071789e+01,2.078060e+01,2.094070e+01,2.086416e+01,2.075970e+01,2.073182e+01,2.085720e+01,2.084328e+01,2.092679e+01,2.076667e+01,2.092679e+01,2.080150e+01,2.088504e+01,2.077363e+01,2.082935e+01,2.086416e+01,2.076667e+01,2.077363e+01,2.065513e+01,2.073182e+01,2.086416e+01,2.082935e+01,2.081543e+01,2.085720e+01,2.069697e+01,2.073879e+01,2.085024e+01,2.073182e+01,2.086416e+01,2.080846e+01,2.076667e+01
2.064816e+01,2.066211e+01,2.063420e+01,2.069697e+01,2.057838e+01,2.052950e+01,2.062025e+01,2.062723e+01,2.060629e+01,2.071789e+01,2.066908e+01,2.066908e+01,2.068303e+01,2.080846e+01,2.066211e+01,2.060629e+01,2.078060e+01,2.067605e+01,2.060629e+01,2.067605e+01,2.060629e+01,2.067605e+01,2.059234e+01,2.060629e+01,2.058536e+01,2.070394e+01,2.065513e+01,2.065513e+01,2.060629e+01,2.051554e+01,2.062025e+01,2.061327e+01,2.064816e+01,2.068303e+01,2.080150e+01,2.064118e+01,2.064816e+01,2.080150e+01,2.068303e+01,2.065513e+01,2.073182e+01,2.062723e+01,2.074576e+01,2.073879e+01,2.078757e+01,2.083632e+01,2.072486e+01,2.075970e+01,2.069697e+01,2.069000e+01,2.076667e+01,2.079453e+01,2.075273e+01,2.073879e+01,2.071091e+01,2.071091e+01,2.080846e+01,2.070394e+01,2.072486e+01,2.080846e+01,2.072486e+01,2.080150e+01,2.073879e+01,2.085024e+01,2.076667e+01,2.082239e+01,2.081543e+01,2.083632e+01,2.085024e+01,2.073879e+01,2.065513e+01,2.077363e+01,2.085720e+01,2.084328e+01,2.082239e+01,2.071789e+01,2.068303e+01,2.074576e+01,2.074576e+01,2.075970e+01,2.080150e+01,2.078060e+01,2.077363e+01,2.078757e+01,2.075273e+01,2.079453e+01,2.073879e+01,2.082935e+01,2.076667e+01,2.072486e+01,2.073879e+01,2.072486e+01,2.074576e+01,2.075970e+01,2.082239e+01,2.074576e+01,2.082935e+01,2.071789e+01,2.073182e+01,2.080150e+01,2.071091e+01,2.071789e+01,2.080150e+01,2.077363e+01,2.073879e+01,2.073182e+01,2.073879e+01,2.070394e+01,2.073182e+01,2.070394e+01,2.075970e+01,2.078757e+01,2.078060e+01,2.077363e+01,2.072486e+01,2.075970e+01,2.085720e+01,2.066211e+01,2.069000e+01,2.071091e+01,2.073182e+01,2.078757e+01,2.077363e+01,2.067605e+01,2.077363e+01,2.067605e+01,2.066908e+01,2.064118e+01,2.070394e+01,2.080846e+01,2.066211e+01,2.075273e+01,2.069697e+01,2.071091e+01,2.070394e+01,2.066211e+01,2.070394e+01,2.073182e+01,2.074576e+01,2.066908e+01,2.076667e+01,2.064118e+01,2.072486e+01,2.075273e+01,2.074576e+01,2.074576e+01,2.074576e+01,2.076667e+01,2.068303e+01,2.064118e+01,2.068303e+01,2.066908e+01,2.073879e+01,2.076667e+01,2.070394e+01,2.070394e+01,2.064816e+01,2.070394e+01,2.068303e+01,2.080150e+01,2.077363e+01,2.056442e+01,2.066211e+01,2.071091e+01,2.072486e+01,2.077363e+01,2.066908e+01,2.068303e+01,2.075970e+01,2.062723e+01,2.068303e+01,2.064816e+01,2.065513e+01,2.062025e+01,2.072486e+01,2.071789e+01,2.066211e+01,2.073182e+01,2.066211e+01,2.066908e+01,2.063420e+01,2.075970e+01,2.071091e+01,2.075273e+01,2.066211e+01,2.064816e+01,2.065513e+01,2.063420e+01,2.039673e+01,2.008156e+01,1.979354e+01,1.922208e+01,1.867579e+01,1.846213e+01,1.841221e+01,1.834085e+01,1.842648e+01,1.828373e+01,1.837654e+01,1.820513e+01,1.823372e+01,1.827659e+01,1.834799e+01,1.824087e+01,1.841934e+01,1.846926e+01,1.839794e+01,1.846213e+01,1.846213e+01,1.839081e+01,1.843361e+01,1.834799e+01,1.849064e+01,1.848352e+01,1.849064e+01,1.831230e+01,1.836940e+01,1.831230e+01,1.830515e+01,1.826944e+01,1.821943e+01,1.828373e+01,1.830515e+01,1.834085e+01,1.824801e+01,1.829087e+01,1.824087e+01,1.829801e+01,1.834799e+01,1.839081e+01,1.829087e+01,1.853340e+01,1.843361e+01,1.849777e+01,1.853340e+01,1.867579e+01,1.875401e+01,1.886059e+01,1.893867e+01,1.921501e+01,1.956817e+01,1.977243e+01,1.983574e+01,2.048759e+01,2.066211e+01,2.068303e+01,2.061327e+01,2.038274e+01,2.009559e+01,1.989198e+01,1.929281e+01,1.888189e+01,1.871135e+01,1.875401e+01,1.851915e+01,1.841934e+01,1.839081e+01,1.837654e+01,1.846213e+01,1.838367e+01,1.834085e+01,1.833372e+01,1.826230e+01,1.830515e+01,1.832658e+01,1.834085e+01,1.828373e+01,1.842648e+01,1.839794e+01,1.833372e+01,1.836227e+01,1.832658e+01,1.840508e+01,1.842648e+01,1.843361e+01,1.854765e+01,1.851203e+01,1.863309e+01,1.854053e+01,1.869002e+01,1.890318e+01,1.908047e+01,1.956817e+01,1.994117e+01,2.027078e+01,2.066211e+01,2.069697e+01,2.066211e+01,2.067605e+01,2.073879e+01,2.064816e+01,2.071091e+01,2.084328e+01,2.065513e+01,2.073182e+01,2.068303e+01,2.069697e+01,2.081543e+01,2.080150e+01,2.085024e+01,2.078060e+01,2.066908e+01,2.072486e+01,2.075273e+01,2.075970e+01,2.066908e+01,2.073879e+01,2.078060e+01,2.077363e+01,2.057838e+01,2.050157e+01,2.051554e+01,2.042470e+01,2.048061e+01,2.028478e+01,2.029178e+01,2.033377e+01,2.050855e+01,2.058536e+01,2.066211e+01,2.064816e+01,2.065513e+01,2.062025e+01,2.036875e+01,2.008156e+01,1.994819e+01,1.961047e+01,1.941293e+01,1.944823e+01,1.939174e+01,1.937762e+01,1.926452e+01,1.941293e+01,1.941293e+01,1.927867e+01,1.926452e+01,1.929281e+01,1.929281e+01,1.927160e+01,1.921501e+01,1.920085e+01,1.919378e+01,1.933522e+01,1.917254e+01,1.936349e+01,1.961047e+01,1.971613e+01,1.995521e+01,2.019373e+01,2.042470e+01,2.052950e+01,2.066908e+01,2.071789e+01,2.082239e+01,2.077363e+01,2.072486e+01,2.071091e+01,2.069000e+01,2.078757e+01,2.078060e+01,2.078060e+01,2.075970e+01,2.082239e+01,2.078757e+01,2.078757e+01,2.060629e+01,2.085720e+01,2.075273e+01,2.071789e+01,2.072486e+01,2.062723e+01,2.074576e+01,2.078060e+01,2.080846e+01,2.078757e+01,2.075273e+01,2.073879e+01,2.069697e+01,2.069697e+01,2.073182e+01,2.077363e+01,2.074576e+01,2.078060e+01,2.070394e+01,2.035476e+01,1.994117e+01,1.953291e+01,1.897414e+01,1.895286e+01,1.868290e+01,1.878245e+01,1.865444e+01,1.876823e+01,1.877534e+01,1.887479e+01,1.931402e+01,2.006753e+01,2.048061e+01,2.073879e+01,2.069697e+01,2.071789e+01,2.082239e+01,2.085024e+01,2.080150e+01,2.081543e+01,2.084328e+01,2.085024e+01,2.085024e+01,2.082935e+01,2.084328e+01,2.085024e+01,2.079453e+01,2.073879e+01,2.074576e+01,2.078757e+01,2.075970e+01,2.075970e+01,2.078757e+01,2.078757e+01,2.078757e+01,2.080150e+01,2.078757e+01,2.082239e+01,2.076667e+01,2.081543e+01,2.087808e+01,2.076667e+01,2.075273e+01,2.073879e+01,2.084328e+01,2.083632e+01,2.063420e+01,2.084328e+01,2.073879e+01,2.078060e+01,2.075970e+01,2.091983e+01,2.089896e+01,2.071091e+01,2.085720e+01,2.075273e+01,2.079453e+01,2.083632e+01,2.085024e+01,2.083632e+01,2.082935e+01,2.078757e+01,2.080846e+01,2.080846e+01,2.071091e+01,2.087112e+01,2.079453e+01,2.081543e+01,2.085720e+01,2.071789e+01,2.076667e+01,2.080150e+01,2.074576e+01,2.076667e+01,2.084328e+01,2.073879e+01,2.086416e+01,2.074576e+01,2.086416e+01,2.075970e+01,2.078060e+01,2.078757e+01,2.075970e+01,2.078757e+01,2.081543e+01,2.083632e+01,2.088504e+01,2.085024e+01,2.091983e+01,2.069697e+01,2.083632e+01,2.082935e+01,2.083632e+01,2.078060e+01,2.078060e+01,2.092679e+01,2.088504e+01,2.083632e+01,2.075273e+01,2.076667e+01,2.081543e+01,2.082935e+01,2.085024e+01,2.078060e+01,2.086416e+01,2.081543e+01,2.080846e+01,2.083632e+01,2.081543e+01,2.076667e+01,2.084328e+01,2.079453e+01,2.085024e+01,2.080846e+01,2.081543e+01,2.082935e+01,2.075970e+01,2.075970e+01,2.075970e+01,2.072486e+01,2.078060e+01,2.080150e+01,2.078060e+01,2.073879e+01,2.072486e+01,2.075970e+01,2.073182e+01,2.069000e+01,2.069697e+01,2.073879e+01,2.086416e+01,2.075970e+01,2.074576e+01,2.077363e+01,2.079453e+01,2.080846e+01,2.081543e+01,2.078757e+01,2.076667e+01,2.082239e+01,2.081543e+01,2.078757e+01,2.094070e+01,2.078757e+01,2.080150e+01,2.080150e+01,2.082239e+01,2.087808e+01,2.080150e+01,2.080150e+01,2.079453e+01,2.082239e+01,2.087112e+01,2.075273e+01,2.087112e+01,2.096156e+01,2.066908e+01,2.080846e+01,2.087808e+01,2.078757e+01,2.080150e+01,2.080846e+01,2.079453e+01,2.080846e+01,2.089200e+01,2.078757e+01,2.074576e+01,2.073879e+01,2.078757e+01,2.079453e+01,2.074576e+01,2.094070e+01,2.083632e+01,2.078757e+01,2.076667e+01,2.086416e+01,2.072486e+01,2.085720e+01,2.086416e+01,2.075970e+01,2.084328e+01,2.081543e+01,2.089200e+01,2.082935e+01,2.069697e+01,2.078757e+01,2.072486e+01,2.073182e+01,2.079453e+01,2.076667e+01,2.075273e+01,2.076667e+01,2.075970e+01,2.075273e+01,2.076667e+01,2.076667e+01,2.073879e+01,2.073879e+01,2.079453e+01,2.075970e+01,2.086416e+01,2.075970e+01,2.082239e+01,2.072486e+01,2.088504e+01,2.075970e+01,2.075273e+01,2.068303e+01,2.076667e+01,2.069697e+01,2.085720e+01,2.082239e+01,2.048759e+01,2.059932e+01,2.076667e+01,2.075970e+01,2.075273e+01,2.081543e+01,2.075273e+01,2.075273e+01,2.073182e+01,2.077363e+01,2.096156e+01,2.078757e+01,2.080150e+01,2.083632e+01,2.078757e+01,2.080846e+01,2.068303e+01,2.073879e+01,2.086416e+01,2.075273e+01,2.076667e+01,2.092679e+01,2.085024e+01,2.078060e+01,2.081543e+01,2.084328e+01,2.074576e+01,2.078757e+01,2.076667e+01,2.074576e+01,2.082935e+01,2.073182e+01,2.085720e+01,2.078060e+01,2.080846e+01,2.072486e+01,2.082935e+01,2.071091e+01,2.080846e+01,2.085024e+01,2.078060e+01,2.064816e+01,2.077363e+01
2.067605e+01,2.069697e+01,2.059932e+01,2.067605e+01,2.067605e+01,2.066908e+01,2.065513e+01,2.079453e+01,2.066908e+01,2.053649e+01,2.057140e+01,2.075273e+01,2.062025e+01,2.067605e+01,2.070394e+01,2.061327e+01,2.064816e+01,2.063420e+01,2.066908e+01,2.061327e+01,2.089896e+01,2.062025e+01,2.064816e+01,2.085720e+01,2.063420e+01,2.071789e+01,2.071789e+01,2.069697e+01,2.058536e+01,2.064118e+01,2.062723e+01,2.066211e+01,2.066908e+01,2.067605e+01,2.072486e+01,2.086416e+01,2.063420e+01,2.058536e+01,2.071091e+01,2.071091e+01,2.070394e+01,2.072486e+01,2.075273e+01,2.079453e+01,2.073879e+01,2.081543e+01,2.078757e+01,2.081543e+01,2.076667e+01,2.091287e+01,2.076667e+01,2.081543e+01,2.083632e+01,2.079453e+01,2.065513e+01,2.073879e+01,2.069697e+01,2.082935e+01,2.069000e+01,2.069697e+01,2.078757e+01,2.080846e+01,2.082935e+01,2.082239e+01,2.078757e+01,2.076667e+01,2.096852e+01,2.080846e+01,2.082239e+01,2.071789e+01,2.070394e+01,2.083632e+01,2.073879e+01,2.083632e+01,2.087112e+01,2.071091e+01,2.071789e+01,2.083632e+01,2.086416e+01,2.078757e+01,2.071789e+01,2.078757e+01,2.082935e+01,2.083632e+01,2.079453e+01,2.081543e+01,2.082239e+01,2.074576e+01,2.082239e+01,2.073182e+01,2.073182e+01,2.085024e+01,2.080150e+01,2.074576e+01,2.077363e+01,2.073182e+01,2.075273e+01,2.072486e+01,2.080846e+01,2.071091e+01,2.088504e+01,2.073182e+01,2.075970e+01,2.078060e+01,2.069000e+01,2.070394e+01,2.084328e+01,2.067605e+01,2.068303e+01,2.082239e+01,2.074576e+01,2.080150e+01,2.075970e+01,2.076667e+01,2.078757e+01,2.070394e+01,2.067605e+01,2.075273e+01,2.067605e+01,2.080846e+01,2.066211e+01,2.072486e+01,2.073182e+01,2.074576e+01,2.079453e+01,2.062025e+01,2.066211e+01,2.080846e+01,2.082239e+01,2.075273e+01,2.068303e+01,2.070394e+01,2.068303e+01,2.065513e+01,2.077363e+01,2.085024e+01,2.075273e+01,2.062025e+01,2.070394e+01,2.077363e+01,2.073182e+01,2.073182e+01,2.067605e+01,2.073879e+01,2.074576e+01,2.074576e+01,2.077363e+01,2.074576e+01,2.069697e+01,2.071789e+01,2.075273e+01,2.069000e+01,2.070394e+01,2.073182e+01,2.068303e+01,2.062025e+01,2.065513e+01,2.075970e+01,2.071789e+01,2.079453e+01,2.069000e+01,2.070394e+01,2.071091e+01,2.071789e+01,2.073879e+01,2.077363e+01,2.075970e+01,2.071789e+01,2.078060e+01,2.075970e+01,2.076667e+01,2.074576e+01,2.077363e+01,2.075970e+01,2.079453e+01,2.068303e+01,2.066211e+01,2.073182e+01,2.082239e+01,2.066211e+01,2.076667e+01,2.062723e+01,2.075273e+01,2.074576e+01,2.071091e+01,2.064816e+01,2.041071e+01,2.038974e+01,1.993414e+01,1.979354e+01,1.941293e+01,1.890318e+01,1.873980e+01,1.841934e+01,1.836227e+01,1.841221e+01,1.829087e+01,1.824087e+01,1.823372e+01,1.826230e+01,1.824087e+01,1.814078e+01,1.836940e+01,1.847639e+01,1.844787e+01,1.846926e+01,1.843361e+01,1.859038e+01,1.847639e+01,1.837654e+01,1.836940e+01,1.835513e+01,1.834085e+01,1.831230e+01,1.836940e+01,1.831230e+01,1.831230e+01,1.826230e+01,1.836940e+01,1.819083e+01,1.831944e+01,1.832658e+01,1.828373e+01,1.815508e+01,1.822657e+01,1.826944e+01,1.826944e+01,1.828373e+01,1.826944e+01,1.836227e+01,1.839794e+01,1.844787e+01,1.859038e+01,1.859038e+01,1.866867e+01,1.879666e+01,1.880376e+01,1.888899e+01,1.917962e+01,1.954701e+01,1.980058e+01,1.983574e+01,2.023577e+01,2.055743e+01,2.067605e+01,2.063420e+01,2.061327e+01,2.045964e+01,2.021475e+01,1.991306e+01,1.958227e+01,1.903087e+01,1.889609e+01,1.871135e+01,1.866867e+01,1.863309e+01,1.848352e+01,1.836940e+01,1.839794e+01,1.839794e+01,1.834085e+01,1.832658e+01,1.829801e+01,1.821943e+01,1.830515e+01,1.838367e+01,1.836227e+01,1.836940e+01,1.825516e+01,1.832658e+01,1.839081e+01,1.836227e+01,1.846926e+01,1.844787e+01,1.844787e+01,1.853340e+01,1.856902e+01,1.858326e+01,1.864021e+01,1.865444e+01,1.909464e+01,1.933522e+01,1.963865e+01,1.999735e+01,2.029878e+01,2.066908e+01,2.077363e+01,2.069000e+01,2.081543e+01,2.067605e+01,2.068303e+01,2.067605e+01,2.083632e+01,2.070394e+01,2.085720e+01,2.073879e+01,2.085720e+01,2.080846e+01,2.082935e+01,2.077363e+01,2.074576e+01,2.077363e+01,2.080150e+01,2.082239e+01,2.086416e+01,2.076667e+01,2.074576e+01,2.071789e+01,2.073182e+01,2.067605e+01,2.057140e+01,2.041770e+01,2.028478e+01,2.025677e+01,2.024977e+01,2.028478e+01,2.029878e+01,2.028478e+01,2.050855e+01,2.051554e+01,2.062025e+01,2.068303e+01,2.051554e+01,2.041071e+01,1.999033e+01,2.000437e+01,1.972317e+01,1.974428e+01,1.964570e+01,1.955407e+01,1.950469e+01,1.950469e+01,1.944823e+01,1.949058e+01,1.956817e+01,1.940587e+01,1.942705e+01,1.937762e+01,1.937055e+01,1.932109e+01,1.929988e+01,1.932109e+01,1.915130e+01,1.912298e+01,1.910881e+01,1.935642e+01,1.962456e+01,1.970205e+01,1.987090e+01,2.008156e+01,2.029178e+01,2.031278e+01,2.066908e+01,2.071091e+01,2.070394e+01,2.079453e+01,2.075970e+01,2.078757e+01,2.062025e+01,2.080150e+01,2.069697e+01,2.070394e+01,2.075273e+01,2.074576e+01,2.068303e+01,2.074576e+01,2.078757e+01,2.081543e+01,2.082239e+01,2.077363e+01,2.078757e+01,2.064816e+01,2.077363e+01,2.081543e+01,2.080846e+01,2.076667e+01,2.079453e+01,2.077363e+01,2.076667e+01,2.071789e+01,2.091287e+01,2.072486e+01,2.073879e+01,2.074576e+01,2.047362e+01,2.022876e+01,1.957522e+01,1.900251e+01,1.887479e+01,1.880376e+01,1.876112e+01,1.863309e+01,1.872558e+01,1.888189e+01,1.884638e+01,1.906630e+01,1.964570e+01,2.024977e+01,2.069697e+01,2.103802e+01,2.075970e+01,2.081543e+01,2.078757e+01,2.082935e+01,2.073879e+01,2.082935e+01,2.086416e+01,2.082935e+01,2.064118e+01,2.082935e+01,2.085024e+01,2.088504e+01,2.078757e+01,2.073879e+01,2.078060e+01,2.085720e+01,2.080846e+01,2.080150e+01,2.078757e+01,2.076667e+01,2.085024e+01,2.080846e+01,2.079453e+01,2.079453e+01,2.091287e+01,2.081543e+01,2.084328e+01,2.076667e+01,2.087112e+01,2.073182e+01,2.082239e+01,2.085024e+01,2.081543e+01,2.081543e+01,2.075970e+01,2.085720e+01,2.076667e+01,2.079453e+01,2.070394e+01,2.074576e+01,2.080150e+01,2.080846e+01,2.090592e+01,2.083632e+01,2.080150e+01,2.077363e+01,2.083632e+01,2.086416e+01,2.087112e+01,2.088504e+01,2.089200e+01,2.085720e+01,2.084328e+01,2.086416e+01,2.077363e+01,2.075970e+01,2.076667e+01,2.087112e+01,2.079453e+01,2.080846e+01,2.082239e+01,2.082239e+01,2.081543e+01,2.080150e+01,2.075970e+01,2.076667e+01,2.075970e+01,2.074576e+01,2.082239e+01,2.080846e+01,2.082935e+01,2.081543e+01,2.082239e+01,2.080150e+01,2.085024e+01,2.082239e+01,2.078757e+01,2.085024e+01,2.085024e+01,2.082935e+01,2.080150e+01,2.087808e+01,2.087808e+01,2.075970e+01,2.087808e+01,2.078060e+01,2.082239e+01,2.079453e+01,2.081543e+01,2.089200e+01,2.081543e+01,2.073879e+01,2.075273e+01,2.072486e+01,2.085720e+01,2.079453e+01,2.080150e+01,2.083632e+01,2.078060e+01,2.080150e+01,2.078757e+01,2.085024e+01,2.086416e+01,2.082935e+01,2.078757e+01,2.085024e+01,2.075273e+01,2.077363e+01,2.085720e+01,2.095461e+01,2.083632e+01,2.085024e+01,2.082935e+01,2.087112e+01,2.085720e+01,2.071789e+01,2.076667e+01,2.089896e+01,2.083632e+01,2.066908e+01,2.075273e+01,2.088504e+01,2.079453e+01,2.082935e+01,2.080150e+01,2.078757e+01,2.072486e+01,2.081543e+01,2.075970e+01,2.089200e+01,2.082935e+01,2.090592e+01,2.088504e+01,2.086416e+01,2.077363e+01,2.075970e+01,2.087112e+01,2.082239e+01,2.085720e+01,2.089896e+01,2.083632e+01,2.082239e+01,2.082935e+01,2.080846e+01,2.078060e+01,2.080150e+01,2.080150e+01,2.078757e+01,2.077363e+01,2.094070e+01,2.080150e+01,2.085720e+01,2.075970e+01,2.079453e+01,2.070394e+01,2.089200e+01,2.073879e+01,2.075970e+01,2.072486e+01,2.080846e+01,2.085720e+01,2.074576e+01,2.086416e+01,2.083632e+01,2.084328e+01,2.096156e+01,2.080846e+01,2.089200e+01,2.071789e+01,2.082239e+01,2.088504e+01,2.079453e+01,2.071789e+01,2.074576e+01,2.081543e+01,2.078757e+01,2.080846e+01,2.086416e+01,2.071091e+01,2.061327e+01,2.075273e+01,2.072486e+01,2.080846e+01,2.064816e+01,2.083632e+01,2.080150e+01,2.077363e+01,2.077363e+01,2.078060e+01,2.082239e+01,2.074576e+01,2.075273e+01,2.078060e+01,2.064816e+01,2.083632e+01,2.083632e+01,2.088504e+01,2.082935e+01,2.073879e+01,2.071789e+01,2.076667e+01,2.076667e+01,2.077363e+01,2.071789e+01,2.080846e+01,2.080846e+01,2.080150e+01,2.078757e+01,2.080150e+01,2.082239e+01,2.075273e+01,2.075273e+01,2.078060e+01,2.080150e+01,2.073879e+01,2.072486e+01,2.072486e+01,2.089896e+01,2.075273e+01,2.085024e+01,2.078060e+01,2.081543e+01,2.077363e+01,2.082935e+01,2.085720e+01,2.092679e+01,2.082935e+01,2.075970e+01,2.082935e+01,2.083632e+01,2.079453e+01,2.089200e+01,2.080150e+01,2.069000e+01,2.077363e+01,2.088504e+01,2.111443e+01,2.070394e+01,2.075273e+01,2.080846e+01
2.058536e+01,2.065513e+01,2.070394e+01,2.065513e+01,2.069697e+01,2.068303e+01,2.069697e+01,2.066211e+01,2.050157e+01,2.063420e+01,2.064118e+01,2.059932e+01,2.071789e+01,2.055743e+01,2.065513e+01,2.062025e+01,2.071789e+01,2.061327e+01,2.061327e+01,2.062723e+01,2.065513e+01,2.060629e+01,2.065513e+01,2.082935e+01,2.071091e+01,2.067605e+01,2.063420e+01,2.063420e+01,2.064118e+01,2.051554e+01,2.055743e+01,2.064118e+01,2.072486e+01,2.062723e+01,2.062723e+01,2.064118e+01,2.054347e+01,2.069697e+01,2.069697e+01,2.070394e+01,2.072486e+01,2.076667e+01,2.070394e+01,2.085024e+01,2.076667e+01,2.079453e+01,2.080846e+01,2.070394e+01,2.080150e+01,2.080846e+01,2.078757e+01,2.082239e+01,2.074576e+01,2.070394e+01,2.073879e+01,2.075970e+01,2.065513e+01,2.072486e+01,2.079453e+01,2.077363e+01,2.073182e+01,2.073182e+01,2.085024e+01,2.079453e+01,2.080846e+01,2.086416e+01,2.082935e+01,2.098242e+01,2.085024e+01,2.066908e+01,2.073182e+01,2.083632e+01,2.071789e+01,2.075970e+01,2.073879e+01,2.071091e+01,2.072486e+01,2.085720e+01,2.080150e+01,2.078060e+01,2.076667e+01,2.081543e+01,2.079453e+01,2.087112e+01,2.074576e+01,2.079453e+01,2.073879e+01,2.071789e+01,2.070394e+01,2.070394e+01,2.071091e+01,2.074576e+01,2.084328e+01,2.078757e+01,2.071789e+01,2.075273e+01,2.073879e+01,2.075273e+01,2.090592e+01,2.075273e+01,2.075273e+01,2.069697e+01,2.073879e+01,2.074576e+01,2.069697e+01,2.077363e+01,2.079453e+01,2.069697e+01,2.070394e+01,2.081543e+01,2.067605e+01,2.077363e+01,2.078757e+01,2.076667e+01,2.075273e+01,2.078060e+01,2.073879e+01,2.075273e+01,2.070394e+01,2.070394e+01,2.066211e+01,2.071091e+01,2.072486e+01,2.073182e+01,2.080846e+01,2.078060e+01,2.068303e+01,2.064118e+01,2.077363e+01,2.080846e+01,2.069697e+01,2.071789e+01,2.080846e+01,2.071789e+01,2.064816e+01,2.077363e+01,2.073182e+01,2.063420e+01,2.075273e+01,2.073879e+01,2.071789e+01,2.091287e+01,2.070394e+01,2.072486e+01,2.084328e+01,2.073879e+01,2.074576e+01,2.055045e+01,2.070394e+01,2.072486e+01,2.068303e+01,2.073879e+01,2.072486e+01,2.072486e+01,2.071091e+01,2.072486e+01,2.067605e+01,2.075273e+01,2.071091e+01,2.072486e+01,2.077363e+01,2.064816e+01,2.071789e+01,2.066211e+01,2.060629e+01,2.079453e+01,2.077363e+01,2.078060e+01,2.071091e+01,2.072486e+01,2.076667e+01,2.073182e+01,2.073879e+01,2.085720e+01,2.069000e+01,2.062025e+01,2.065513e+01,2.062723e+01,2.084328e+01,2.066211e+01,2.072486e+01,2.076667e+01,2.075970e+01,2.071091e+01,2.061327e+01,2.036875e+01,2.023577e+01,1.990604e+01,1.971613e+01,1.929281e+01,1.887479e+01,1.836940e+01,1.838367e+01,1.840508e+01,1.828373e+01,1.832658e+01,1.827659e+01,1.821228e+01,1.821943e+01,1.823372e+01,1.818369e+01,1.824801e+01,1.830515e+01,1.847639e+01,1.841221e+01,1.846926e+01,1.834799e+01,1.823372e+01,1.835513e+01,1.836227e+01,1.827659e+01,1.836940e+01,1.819083e+01,1.834085e+01,1.828373e+01,1.839081e+01,1.830515e+01,1.819798e+01,1.819083e+01,1.829801e+01,1.832658e+01,1.829087e+01,1.824087e+01,1.821228e+01,1.826230e+01,1.827659e+01,1.833372e+01,1.827659e+01,1.830515e+01,1.826230e+01,1.836940e+01,1.847639e+01,1.854053e+01,1.859750e+01,1.876823e+01,1.878955e+01,1.878955e+01,1.906630e+01,1.953996e+01,1.980058e+01,2.012364e+01,2.031978e+01,2.031978e+01,2.064118e+01,2.073182e+01,2.064118e+01,2.069697e+01,2.050157e+01,2.027078e+01,2.013065e+01,1.978650e+01,1.937762e+01,1.886059e+01,1.866867e+01,1.865444e+01,1.861174e+01,1.843361e+01,1.839081e+01,1.839081e+01,1.853340e+01,1.837654e+01,1.834799e+01,1.826230e+01,1.829087e+01,1.846213e+01,1.823372e+01,1.834799e+01,1.836940e+01,1.838367e+01,1.839081e+01,1.836227e+01,1.834799e+01,1.836227e+01,1.839081e+01,1.846213e+01,1.854765e+01,1.854765e+01,1.859750e+01,1.863309e+01,1.879666e+01,1.910881e+01,1.934936e+01,1.970909e+01,1.999735e+01,2.047362e+01,2.062025e+01,2.069697e+01,2.077363e+01,2.084328e+01,2.072486e+01,2.078060e+01,2.080150e+01,2.073182e+01,2.075970e+01,2.075273e+01,2.073182e+01,2.079453e+01,2.080150e+01,2.075970e+01,2.078757e+01,2.076667e+01,2.078757e+01,2.082935e+01,2.084328e+01,2.082935e+01,2.084328e+01,2.078757e+01,2.057838e+01,2.063420e+01,2.054347e+01,2.054347e+01,2.049458e+01,2.023577e+01,2.025677e+01,2.008156e+01,1.989901e+01,2.011663e+01,2.026378e+01,2.032678e+01,2.038974e+01,2.034077e+01,2.043868e+01,2.038974e+01,2.022176e+01,2.000437e+01,1.966683e+01,1.992009e+01,1.989901e+01,1.968092e+01,1.986386e+01,1.990604e+01,1.988495e+01,1.981464e+01,1.988495e+01,1.986386e+01,1.971613e+01,1.964570e+01,1.961751e+01,1.945529e+01,1.936349e+01,1.929988e+01,1.927867e+01,1.927867e+01,1.927160e+01,1.917254e+01,1.918670e+01,1.925038e+01,1.929988e+01,1.953996e+01,1.975836e+01,1.982871e+01,2.012364e+01,2.033377e+01,2.039673e+01,2.041770e+01,2.067605e+01,2.062025e+01,2.071091e+01,2.075273e+01,2.069000e+01,2.073182e+01,2.067605e+01,2.079453e+01,2.078060e+01,2.069697e+01,2.080150e+01,2.083632e+01,2.076667e+01,2.071091e+01,2.078060e+01,2.076667e+01,2.080150e+01,2.071091e+01,2.076667e+01,2.077363e+01,2.080846e+01,2.075273e+01,2.070394e+01,2.075273e+01,2.087808e+01,2.073879e+01,2.069697e+01,2.076667e+01,2.075273e+01,2.069697e+01,2.023577e+01,1.961751e+01,1.910173e+01,1.901669e+01,1.899541e+01,1.880376e+01,1.862598e+01,1.877534e+01,1.864021e+01,1.880376e+01,1.884638e+01,1.932815e+01,1.997628e+01,2.059234e+01,2.071091e+01,2.076667e+01,2.078060e+01,2.078757e+01,2.082935e+01,2.082935e+01,2.086416e+01,2.089896e+01,2.082935e+01,2.085720e+01,2.082935e+01,2.075970e+01,2.080150e+01,2.071789e+01,2.085024e+01,2.080150e+01,2.074576e+01,2.079453e+01,2.080150e+01,2.075273e+01,2.078060e+01,2.074576e+01,2.071789e+01,2.078757e+01,2.078060e+01,2.082935e+01,2.076667e+01,2.080150e+01,2.076667e+01,2.076667e+01,2.083632e+01,2.085720e+01,2.071789e+01,2.083632e+01,2.079453e+01,2.082239e+01,2.084328e+01,2.087808e+01,2.082935e+01,2.087112e+01,2.079453e+01,2.082239e+01,2.085024e+01,2.087112e+01,2.085024e+01,2.082935e+01,2.080150e+01,2.080846e+01,2.062723e+01,2.076667e+01,2.076667e+01,2.080150e+01,2.089896e+01,2.076667e+01,2.092679e+01,2.075273e+01,2.093374e+01,2.085720e+01,2.074576e+01,2.082935e+01,2.075970e+01,2.094765e+01,2.078060e+01,2.081543e+01,2.079453e+01,2.077363e+01,2.079453e+01,2.073879e+01,2.073879e+01,2.082935e+01,2.072486e+01,2.076667e+01,2.080150e+01,2.085024e+01,2.072486e+01,2.080846e+01,2.080150e+01,2.070394e+01,2.072486e+01,2.080150e+01,2.082935e+01,2.083632e+01,2.081543e+01,2.087112e+01,2.077363e+01,2.075273e+01,2.087808e+01,2.079453e+01,2.061327e+01,2.079453e+01,2.082239e+01,2.083632e+01,2.084328e+01,2.082935e+01,2.075970e+01,2.082935e+01,2.078060e+01,2.081543e+01,2.082239e+01,2.085024e+01,2.084328e+01,2.082239e+01,2.080846e+01,2.080150e+01,2.083632e+01,2.081543e+01,2.082239e+01,2.084328e+01,2.083632e+01,2.081543e+01,2.091983e+01,2.075970e+01,2.071091e+01,2.082935e+01,2.085720e+01,2.071091e+01,2.076667e+01,2.085720e+01,2.078757e+01,2.070394e+01,2.078757e+01,2.094070e+01,2.081543e+01,2.080846e+01,2.087808e+01,2.079453e+01,2.078757e+01,2.071789e+01,2.077363e+01,2.074576e+01,2.096156e+01,2.082935e+01,2.082239e+01,2.084328e+01,2.087112e+01,2.076667e+01,2.086416e+01,2.071091e+01,2.084328e+01,2.071789e+01,2.074576e+01,2.084328e+01,2.085024e+01,2.073879e+01,2.084328e+01,2.085024e+01,2.080150e+01,2.080846e+01,2.080150e+01,2.079453e+01,2.078757e+01,2.082239e+01,2.080150e+01,2.077363e+01,2.082239e+01,2.091983e+01,2.094765e+01,2.079453e+01,2.075273e+01,2.078757e+01,2.082935e+01,2.080846e+01,2.087112e+01,2.088504e+01,2.084328e+01,2.094070e+01,2.088504e+01,2.095461e+01,2.075273e+01,2.080846e+01,2.073182e+01,2.082239e+01,2.089200e+01,2.074576e+01,2.085720e+01,2.077363e+01,2.082239e+01,2.069697e+01,2.085024e+01,2.066908e+01,2.080150e+01,2.070394e+01,2.080846e+01,2.076667e+01,2.075273e+01,2.087112e+01,2.081543e+01,2.078757e+01,2.078060e+01,2.078060e+01,2.073879e+01,2.078060e+01,2.077363e+01,2.085024e+01,2.094070e+01,2.096156e+01,2.077363e+01,2.080846e+01,2.070394e+01,2.050157e+01,2.077363e+01,2.078757e+01,2.073879e+01,2.083632e+01,2.084328e+01,2.080846e+01,2.074576e+01,2.080150e+01,2.080846e+01,2.068303e+01,2.080846e+01,2.071091e+01,2.073182e+01,2.075273e+01,2.078060e+01,2.076667e+01,2.082239e+01,2.075970e+01,2.064118e+01,2.064816e+01,2.078757e+01,2.080846e+01,2.079453e+01,2.076667e+01,2.082239e+01,2.075970e+01,2.074576e+01,2.073182e+01,2.078060e+01,2.081543e+01,2.080150e+01,2.081543e+01,2.080846e+01,2.083632e+01,2.081543e+01,2.082935e+01,2.087808e+01,2.085024e+01,2.078060e+01,2.074576e+01,2.071091e+01
2.081543e+01,2.068303e+01,2.066211e+01,2.061327e+01,2.078060e+01,2.064816e+01,2.065513e+01,2.069697e+01,2.074576e+01,2.062723e+01,2.064118e+01,2.061327e+01,2.074576e+01,2.082239e+01,2.078060e+01,2.066908e+01,2.069697e+01,2.072486e+01,2.066211e+01,2.066211e+01,2.068303e+01,2.064118e+01,2.074576e+01,2.073879e+01,2.067605e+01,2.076667e+01,2.064118e+01,2.063420e+01,2.062025e+01,2.064118e+01,2.068303e+01,2.069000e+01,2.066211e+01,2.066908e+01,2.069697e+01,2.073879e+01,2.070394e+01,2.069000e+01,2.071789e+01,2.059234e+01,2.071789e+01,2.084328e+01,2.071789e+01,2.069697e+01,2.078060e+01,2.080150e+01,2.080846e+01,2.084328e+01,2.083632e+01,2.084328e+01,2.075273e+01,2.071091e+01,2.074576e+01,2.071789e+01,2.080846e+01,2.079453e+01,2.085720e+01,2.082239e+01,2.065513e+01,2.079453e+01,2.089896e+01,2.081543e+01,2.082935e+01,2.088504e+01,2.080150e+01,2.080846e+01,2.087808e+01,2.073879e+01,2.075970e+01,2.072486e+01,2.078060e+01,2.080150e+01,2.089200e+01,2.086416e+01,2.085024e+01,2.087112e+01,2.085720e+01,2.085024e+01,2.074576e+01,2.080846e+01,2.084328e+01,2.079453e+01,2.066211e+01,2.078060e+01,2.080846e+01,2.069000e+01,2.087112e+01,2.066211e+01,2.073182e+01,2.083632e+01,2.082935e+01,2.071091e+01,2.076667e+01,2.079453e+01,2.080150e+01,2.090592e+01,2.068303e+01,2.088504e+01,2.069697e+01,2.071789e+01,2.071789e+01,2.078060e+01,2.071789e+01,2.069697e+01,2.073879e+01,2.075970e+01,2.073879e+01,2.070394e+01,2.066908e+01,2.068303e+01,2.079453e+01,2.069000e+01,2.079453e+01,2.069697e+01,2.072486e+01,2.071091e+01,2.066908e+01,2.087112e+01,2.075273e+01,2.071091e+01,2.071789e+01,2.074576e+01,2.075970e+01,2.078060e+01,2.077363e+01,2.072486e+01,2.078060e+01,2.076667e+01,2.075273e+01,2.073879e+01,2.060629e+01,2.077363e+01,2.073182e+01,2.071091e+01,2.067605e+01,2.079453e+01,2.076667e+01,2.074576e+01,2.076667e+01,2.069697e+01,2.073879e+01,2.074576e+01,2.073879e+01,2.068303e+01,2.053649e+01,2.074576e+01,2.062025e+01,2.074576e+01,2.060629e+01,2.071789e+01,2.071091e+01,2.085024e+01,2.075970e+01,2.073879e+01,2.071789e+01,2.073182e+01,2.071789e+01,2.069000e+01,2.073182e+01,2.073182e+01,2.083632e+01,2.071789e+01,2.066211e+01,2.084328e+01,2.069000e+01,2.078060e+01,2.081543e+01,2.072486e+01,2.078757e+01,2.074576e+01,2.075273e+01,2.078060e+01,2.078757e+01,2.083632e+01,2.072486e+01,2.081543e+01,2.064118e+01,2.065513e+01,2.078757e+01,2.084328e+01,2.057140e+01,2.055743e+01,2.055045e+01,2.063420e+01,2.034077e+01,1.997628e+01,1.987792e+01,1.934229e+01,1.898123e+01,1.866867e+01,1.864021e+01,1.838367e+01,1.823372e+01,1.835513e+01,1.824801e+01,1.831944e+01,1.814078e+01,1.823372e+01,1.819798e+01,1.824087e+01,1.821943e+01,1.824087e+01,1.829801e+01,1.850490e+01,1.844787e+01,1.844074e+01,1.848352e+01,1.846213e+01,1.835513e+01,1.834799e+01,1.819798e+01,1.827659e+01,1.824087e+01,1.829801e+01,1.831230e+01,1.830515e+01,1.831230e+01,1.830515e+01,1.824801e+01,1.817653e+01,1.834799e+01,1.818369e+01,1.835513e+01,1.819798e+01,1.826230e+01,1.829801e+01,1.831230e+01,1.829087e+01,1.816938e+01,1.832658e+01,1.834085e+01,1.854765e+01,1.854053e+01,1.870424e+01,1.868290e+01,1.874691e+01,1.892448e+01,1.941293e+01,1.969500e+01,2.002542e+01,2.034077e+01,2.062723e+01,2.040372e+01,2.066211e+01,2.068303e+01,2.069697e+01,2.075273e+01,2.069697e+01,2.048759e+01,2.020074e+01,1.991306e+01,1.953996e+01,1.908047e+01,1.877534e+01,1.870424e+01,1.867579e+01,1.855477e+01,1.845500e+01,1.840508e+01,1.841934e+01,1.831944e+01,1.834799e+01,1.831944e+01,1.826944e+01,1.830515e+01,1.831230e+01,1.837654e+01,1.835513e+01,1.828373e+01,1.839794e+01,1.833372e+01,1.843361e+01,1.844787e+01,1.839081e+01,1.859750e+01,1.850490e+01,1.858326e+01,1.859038e+01,1.874691e+01,1.902378e+01,1.919378e+01,1.950469e+01,1.978650e+01,2.024977e+01,2.050157e+01,2.060629e+01,2.069697e+01,2.070394e+01,2.077363e+01,2.075970e+01,2.069000e+01,2.072486e+01,2.069697e+01,2.073182e+01,2.080846e+01,2.068303e+01,2.077363e+01,2.073182e+01,2.071091e+01,2.078757e+01,2.078060e+01,2.082239e+01,2.075970e+01,2.076667e+01,2.084328e+01,2.076667e+01,2.083632e+01,2.073879e+01,2.069000e+01,2.056442e+01,2.036176e+01,2.024977e+01,2.022176e+01,2.023577e+01,2.002542e+01,1.998330e+01,2.006051e+01,2.010961e+01,2.008857e+01,2.008156e+01,2.020774e+01,2.026378e+01,2.013065e+01,2.012364e+01,2.015869e+01,2.017972e+01,2.010260e+01,2.027078e+01,1.999033e+01,2.020774e+01,2.027778e+01,2.018673e+01,2.020074e+01,2.016570e+01,2.004648e+01,2.007454e+01,1.983574e+01,1.973021e+01,1.966683e+01,1.944118e+01,1.944823e+01,1.945529e+01,1.932109e+01,1.929281e+01,1.935642e+01,1.929281e+01,1.937762e+01,1.946235e+01,1.949058e+01,1.946941e+01,1.961047e+01,1.979354e+01,2.001841e+01,2.003244e+01,2.019373e+01,2.041071e+01,2.067605e+01,2.066908e+01,2.071091e+01,2.079453e+01,2.077363e+01,2.067605e+01,2.067605e+01,2.070394e+01,2.071091e+01,2.080846e+01,2.071091e+01,2.076667e+01,2.075970e+01,2.075273e+01,2.067605e+01,2.070394e+01,2.067605e+01,2.074576e+01,2.074576e+01,2.079453e+01,2.075273e+01,2.077363e+01,2.074576e+01,2.080150e+01,2.080150e+01,2.082935e+01,2.069000e+01,2.075273e+01,2.068303e+01,2.045964e+01,1.970909e+01,1.941999e+01,1.902378e+01,1.898832e+01,1.888189e+01,1.877534e+01,1.872558e+01,1.862598e+01,1.879666e+01,1.877534e+01,1.907339e+01,1.960342e+01,2.052950e+01,2.064118e+01,2.080846e+01,2.069000e+01,2.077363e+01,2.082935e+01,2.077363e+01,2.079453e+01,2.087112e+01,2.087808e+01,2.082239e+01,2.085024e+01,2.082239e+01,2.094765e+01,2.082239e+01,2.075970e+01,2.073879e+01,2.079453e+01,2.081543e+01,2.075970e+01,2.078060e+01,2.077363e+01,2.079453e+01,2.094070e+01,2.080150e+01,2.080846e+01,2.091983e+01,2.075970e+01,2.079453e+01,2.075970e+01,2.075970e+01,2.084328e+01,2.075970e+01,2.071091e+01,2.086416e+01,2.084328e+01,2.088504e+01,2.085720e+01,2.082239e+01,2.086416e+01,2.083632e+01,2.075273e+01,2.081543e+01,2.081543e+01,2.082239e+01,2.078060e+01,2.082239e+01,2.087112e+01,2.080150e+01,2.066211e+01,2.076667e+01,2.082935e+01,2.087808e+01,2.082239e+01,2.078757e+01,2.087808e+01,2.075970e+01,2.095461e+01,2.078060e+01,2.088504e+01,2.080846e+01,2.084328e+01,2.085024e+01,2.075970e+01,2.077363e+01,2.085024e+01,2.076667e+01,2.079453e+01,2.078060e+01,2.077363e+01,2.085720e+01,2.077363e+01,2.074576e+01,2.080846e+01,2.081543e+01,2.080150e+01,2.079453e+01,2.071789e+01,2.078757e+01,2.078060e+01,2.078060e+01,2.085024e+01,2.078060e+01,2.076667e+01,2.083632e+01,2.088504e+01,2.080150e+01,2.084328e+01,2.081543e+01,2.078060e+01,2.080150e+01,2.078757e+01,2.078757e+01,2.084328e+01,2.080846e+01,2.078757e+01,2.075970e+01,2.078060e+01,2.082239e+01,2.078757e+01,2.082935e+01,2.080846e+01,2.075273e+01,2.087112e+01,2.078757e+01,2.081543e+01,2.082239e+01,2.082239e+01,2.082935e+01,2.082935e+01,2.087112e+01,2.078757e+01,2.071789e+01,2.085024e+01,2.087112e+01,2.087808e+01,2.080846e+01,2.087808e+01,2.089896e+01,2.070394e+01,2.075273e+01,2.074576e+01,2.084328e+01,2.083632e+01,2.071091e+01,2.083632e+01,2.080846e+01,2.084328e+01,2.075273e+01,2.075970e+01,2.078060e+01,2.089896e+01,2.085024e+01,2.083632e+01,2.088504e+01,2.082935e+01,2.078757e+01,2.079453e+01,2.069000e+01,2.073182e+01,2.087112e+01,2.080150e+01,2.081543e+01,2.080846e+01,2.082239e+01,2.082935e+01,2.087112e+01,2.077363e+01,2.078757e+01,2.078757e+01,2.075970e+01,2.078757e+01,2.075970e+01,2.076667e+01,2.077363e+01,2.084328e+01,2.087112e+01,2.073879e+01,2.088504e+01,2.078757e+01,2.078060e+01,2.085024e+01,2.085720e+01,2.085024e+01,2.080150e+01,2.085024e+01,2.080846e+01,2.081543e+01,2.071091e+01,2.085720e+01,2.074576e+01,2.074576e+01,2.092679e+01,2.082239e+01,2.078060e+01,2.088504e+01,2.069697e+01,2.066211e+01,2.082935e+01,2.069697e+01,2.081543e+01,2.077363e+01,2.078060e+01,2.075273e+01,2.073182e+01,2.069000e+01,2.080846e+01,2.075273e+01,2.069000e+01,2.082239e+01,2.066908e+01,2.064816e+01,2.080150e+01,2.073182e+01,2.072486e+01,2.072486e+01,2.069000e+01,2.092679e+01,2.081543e+01,2.073182e+01,2.073182e+01,2.080150e+01,2.076667e+01,2.082239e+01,2.073182e+01,2.079453e+01,2.073879e+01,2.075970e+01,2.066211e+01,2.062025e+01,2.098937e+01,2.080150e+01,2.077363e+01,2.074576e+01,2.080150e+01,2.078757e+01,2.075970e+01,2.078060e+01,2.075273e+01,2.075273e+01,2.087112e+01,2.075970e+01,2.081543e+01,2.078757e+01,2.074576e+01,2.059932e+01,2.080846e+01,2.078060e+01,2.079453e+01,2.083632e+01,2.078060e+01,2.082935e+01,2.077363e+01,2.081543e+01,2.073879e+01,2.071789e+01,2.081543e+01,2.088504e+01,2.083632e+01,2.077363e+01,2.085024e+01,2.072486e+01
2.063420e+01,2.061327e+01,2.062025e+01,2.065513e+01,2.062723e+01,2.068303e+01,2.066908e+01,2.063420e+01,2.065513e+01,2.072486e+01,2.055743e+01,2.062025e+01,2.066211e+01,2.071789e+01,2.066908e+01,2.066211e+01,2.065513e+01,2.076667e+01,2.064816e+01,2.065513e+01,2.069000e+01,2.067605e+01,2.064118e+01,2.068303e+01,2.065513e+01,2.070394e+01,2.068303e+01,2.069697e+01,2.065513e+01,2.060629e+01,2.061327e+01,2.063420e+01,2.060629e+01,2.071789e+01,2.064118e+01,2.068303e+01,2.067605e+01,2.070394e+01,2.066211e+01,2.070394e+01,2.073182e+01,2.078060e+01,2.073879e+01,2.080150e+01,2.085720e+01,2.072486e+01,2.085024e+01,2.073182e+01,2.079453e+01,2.070394e+01,2.084328e+01,2.073879e+01,2.072486e+01,2.075273e+01,2.073879e+01,2.072486e+01,2.080150e+01,2.080846e+01,2.080150e+01,2.080150e+01,2.080150e+01,2.078757e+01,2.080846e+01,2.085024e+01,2.088504e+01,2.081543e+01,2.076667e+01,2.073182e+01,2.075273e+01,2.079453e+01,2.076667e+01,2.078757e+01,2.078060e+01,2.074576e+01,2.075970e+01,2.071091e+01,2.082239e+01,2.075970e+01,2.082935e+01,2.079453e+01,2.084328e+01,2.077363e+01,2.076667e+01,2.080150e+01,2.078060e+01,2.082239e+01,2.066211e+01,2.078060e+01,2.066211e+01,2.080846e+01,2.073182e+01,2.074576e+01,2.071091e+01,2.083632e+01,2.086416e+01,2.070394e+01,2.073879e+01,2.071789e+01,2.075273e+01,2.072486e+01,2.077363e+01,2.069697e+01,2.070394e+01,2.064118e+01,2.077363e+01,2.073879e+01,2.075970e+01,2.071789e+01,2.071091e+01,2.069697e+01,2.072486e+01,2.072486e+01,2.078757e+01,2.069697e+01,2.066908e+01,2.068303e+01,2.069697e+01,2.076667e+01,2.084328e+01,2.071789e+01,2.071091e+01,2.061327e+01,2.074576e+01,2.065513e+01,2.073879e+01,2.079453e+01,2.068303e+01,2.079453e+01,2.075970e+01,2.065513e+01,2.073879e+01,2.079453e+01,2.074576e+01,2.075273e+01,2.064816e+01,2.075273e+01,2.074576e+01,2.071091e+01,2.075273e+01,2.072486e+01,2.074576e+01,2.075970e+01,2.071789e+01,2.082935e+01,2.069697e+01,2.075273e+01,2.074576e+01,2.069000e+01,2.076667e+01,2.064118e+01,2.082935e+01,2.071091e+01,2.071789e+01,2.073182e+01,2.073182e+01,2.071091e+01,2.071091e+01,2.073879e+01,2.070394e+01,2.070394e+01,2.070394e+01,2.065513e+01,2.068303e+01,2.080846e+01,2.062025e+01,2.079453e+01,2.085024e+01,2.070394e+01,2.070394e+01,2.073182e+01,2.068303e+01,2.073879e+01,2.069697e+01,2.080150e+01,2.072486e+01,2.062025e+01,2.064118e+01,2.077363e+01,2.070394e+01,2.070394e+01,2.060629e+01,2.055045e+01,2.055045e+01,2.027078e+01,2.000437e+01,1.946235e+01,1.940587e+01,1.895286e+01,1.851915e+01,1.856190e+01,1.850490e+01,1.831230e+01,1.830515e+01,1.832658e+01,1.838367e+01,1.811216e+01,1.820513e+01,1.823372e+01,1.818369e+01,1.820513e+01,1.824801e+01,1.819798e+01,1.837654e+01,1.840508e+01,1.841934e+01,1.849064e+01,1.843361e+01,1.833372e+01,1.824087e+01,1.826944e+01,1.816223e+01,1.831944e+01,1.814078e+01,1.832658e+01,1.830515e+01,1.826944e+01,1.830515e+01,1.816223e+01,1.826230e+01,1.819798e+01,1.821943e+01,1.816938e+01,1.811932e+01,1.831230e+01,1.824087e+01,1.818369e+01,1.824087e+01,1.827659e+01,1.827659e+01,1.833372e+01,1.834085e+01,1.850490e+01,1.852628e+01,1.866867e+01,1.877534e+01,1.884638e+01,1.914422e+01,1.941999e+01,1.981464e+01,2.013065e+01,2.048759e+01,2.064118e+01,2.066908e+01,2.069000e+01,2.079453e+01,2.066211e+01,2.048759e+01,2.071789e+01,2.055743e+01,2.041071e+01,2.008156e+01,1.983574e+01,1.941999e+01,1.904504e+01,1.867579e+01,1.857614e+01,1.846213e+01,1.844787e+01,1.860462e+01,1.841934e+01,1.834799e+01,1.836227e+01,1.827659e+01,1.829087e+01,1.827659e+01,1.831944e+01,1.836940e+01,1.841934e+01,1.837654e+01,1.839081e+01,1.847639e+01,1.844787e+01,1.847639e+01,1.841934e+01,1.855477e+01,1.853340e+01,1.854765e+01,1.862598e+01,1.876112e+01,1.880376e+01,1.925038e+01,1.951175e+01,2.014467e+01,2.031278e+01,2.057140e+01,2.071091e+01,2.071091e+01,2.077363e+01,2.069697e+01,2.076667e+01,2.076667e+01,2.069697e+01,2.072486e+01,2.080846e+01,2.077363e+01,2.071789e+01,2.076667e+01,2.069697e+01,2.077363e+01,2.079453e+01,2.080846e+01,2.091287e+01,2.071789e+01,2.085024e+01,2.085720e+01,2.082935e+01,2.078060e+01,2.076667e+01,2.073182e+01,2.050157e+01,2.044567e+01,2.050157e+01,2.021475e+01,1.994819e+01,1.989901e+01,1.986386e+01,1.979354e+01,1.982168e+01,1.996224e+01,2.007454e+01,2.009559e+01,2.010961e+01,2.015168e+01,2.019373e+01,2.022876e+01,2.036176e+01,2.030578e+01,2.033377e+01,2.031278e+01,2.044567e+01,2.041071e+01,2.053649e+01,2.033377e+01,2.034077e+01,2.035476e+01,2.015869e+01,2.000437e+01,2.004648e+01,1.980761e+01,1.980058e+01,1.958227e+01,1.940587e+01,1.933522e+01,1.948352e+01,1.933522e+01,1.952586e+01,1.968092e+01,1.953291e+01,1.967388e+01,1.949764e+01,1.951175e+01,1.969500e+01,1.980761e+01,1.991306e+01,2.007454e+01,2.029178e+01,2.037575e+01,2.071091e+01,2.069000e+01,2.070394e+01,2.069000e+01,2.062723e+01,2.067605e+01,2.074576e+01,2.076667e+01,2.089200e+01,2.070394e+01,2.075970e+01,2.078060e+01,2.074576e+01,2.081543e+01,2.074576e+01,2.072486e+01,2.070394e+01,2.077363e+01,2.073879e+01,2.076667e+01,2.079453e+01,2.078757e+01,2.072486e+01,2.082239e+01,2.070394e+01,2.074576e+01,2.069697e+01,2.066211e+01,2.056442e+01,2.006753e+01,1.946941e+01,1.898832e+01,1.870424e+01,1.870424e+01,1.864733e+01,1.866867e+01,1.859750e+01,1.869713e+01,1.876823e+01,1.882508e+01,1.939881e+01,2.024277e+01,2.059234e+01,2.069697e+01,2.068303e+01,2.077363e+01,2.078757e+01,2.078060e+01,2.081543e+01,2.085024e+01,2.082935e+01,2.083632e+01,2.081543e+01,2.085024e+01,2.079453e+01,2.081543e+01,2.089200e+01,2.073182e+01,2.083632e+01,2.075273e+01,2.078060e+01,2.075273e+01,2.078060e+01,2.077363e+01,2.075970e+01,2.081543e+01,2.090592e+01,2.083632e+01,2.083632e+01,2.073182e+01,2.079453e+01,2.078060e+01,2.072486e+01,2.082239e+01,2.090592e+01,2.087112e+01,2.073182e+01,2.076667e+01,2.083632e+01,2.079453e+01,2.080846e+01,2.081543e+01,2.088504e+01,2.077363e+01,2.084328e+01,2.074576e+01,2.080150e+01,2.072486e+01,2.078757e+01,2.080846e+01,2.073182e+01,2.081543e+01,2.081543e+01,2.079453e+01,2.082239e+01,2.096156e+01,2.076667e+01,2.080846e+01,2.075273e+01,2.091983e+01,2.074576e+01,2.075273e+01,2.076667e+01,2.080846e+01,2.080846e+01,2.075273e+01,2.080150e+01,2.082935e+01,2.077363e+01,2.077363e+01,2.079453e+01,2.069697e+01,2.072486e+01,2.075970e+01,2.078757e+01,2.084328e+01,2.075273e+01,2.079453e+01,2.082239e+01,2.071091e+01,2.078757e+01,2.077363e+01,2.075970e+01,2.083632e+01,2.071789e+01,2.084328e+01,2.084328e+01,2.078757e+01,2.080846e+01,2.076667e+01,2.074576e+01,2.078757e+01,2.080846e+01,2.072486e+01,2.080150e+01,2.081543e+01,2.060629e+01,2.075970e+01,2.080846e+01,2.074576e+01,2.083632e+01,2.086416e+01,2.078757e+01,2.075970e+01,2.073182e+01,2.082935e+01,2.076667e+01,2.080846e+01,2.079453e+01,2.082239e+01,2.078757e+01,2.073879e+01,2.080846e+01,2.084328e+01,2.084328e+01,2.078757e+01,2.071789e+01,2.084328e+01,2.078757e+01,2.080150e+01,2.083632e+01,2.089200e+01,2.073879e+01,2.085720e+01,2.080846e+01,2.091287e+01,2.079453e+01,2.079453e+01,2.082935e+01,2.083632e+01,2.077363e+01,2.075273e+01,2.076667e+01,2.093374e+01,2.088504e+01,2.084328e+01,2.088504e+01,2.081543e+01,2.083632e+01,2.078757e+01,2.083632e+01,2.081543e+01,2.085024e+01,2.085024e+01,2.084328e+01,2.080150e+01,2.081543e+01,2.082239e+01,2.078757e+01,2.085024e+01,2.082935e+01,2.068303e+01,2.080150e+01,2.073182e+01,2.073879e+01,2.080846e+01,2.073879e+01,2.073879e+01,2.078060e+01,2.079453e+01,2.073879e+01,2.082935e+01,2.086416e+01,2.087112e+01,2.084328e+01,2.085720e+01,2.082239e+01,2.083632e+01,2.084328e+01,2.085720e+01,2.082935e+01,2.082935e+01,2.073879e+01,2.087808e+01,2.092679e+01,2.087808e+01,2.090592e+01,2.079453e+01,2.069000e+01,2.077363e+01,2.079453e+01,2.077363e+01,2.077363e+01,2.080846e+01,2.078757e+01,2.078060e+01,2.073879e+01,2.078757e+01,2.081543e+01,2.082239e+01,2.077363e+01,2.066908e+01,2.083632e+01,2.066211e+01,2.075273e+01,2.083632e+01,2.071091e+01,2.085024e+01,2.078060e+01,2.073879e+01,2.079453e+01,2.073182e+01,2.078060e+01,2.079453e+01,2.075970e+01,2.080150e+01,2.082239e+01,2.080846e+01,2.078757e+01,2.082935e+01,2.066908e+01,2.077363e+01,2.075970e+01,2.065513e+01,2.080846e+01,2.073182e+01,2.077363e+01,2.074576e+01,2.078060e+01,2.075970e+01,2.080846e+01,2.071789e+01,2.064816e+01,2.073879e+01,2.077363e+01,2.077363e+01,2.075273e+01,2.073879e+01,2.080846e+01,2.085720e+01,2.072486e+01,2.075273e+01,2.082935e+01,2.072486e+01,2.075273e+01,2.085024e+01,2.075273e+01,2.081543e+01,2.080846e+01,2.088504e+01,2.075970e+01,2.071789e+01,2.068303e+01
2.075970e+01,2.064118e+01,2.073182e+01,2.077363e+01,2.062025e+01,2.073182e+01,2.070394e+01,2.067605e+01,2.069000e+01,2.070394e+01,2.065513e+01,2.069000e+01,2.070394e+01,2.082239e+01,2.065513e+01,2.057140e+01,2.063420e+01,2.071789e+01,2.055743e+01,2.066908e+01,2.066908e+01,2.069000e+01,2.066908e+01,2.069697e+01,2.071789e+01,2.069697e+01,2.080150e+01,2.064118e+01,2.062025e+01,2.069000e+01,2.071789e+01,2.060629e+01,2.061327e+01,2.064816e+01,2.061327e+01,2.065513e+01,2.064816e+01,2.069697e+01,2.064118e+01,2.069697e+01,2.077363e+01,2.082935e+01,2.073182e+01,2.076667e+01,2.081543e+01,2.073879e+01,2.079453e+01,2.073182e+01,2.074576e+01,2.075273e+01,2.070394e+01,2.077363e+01,2.074576e+01,2.079453e+01,2.076667e+01,2.078060e+01,2.059932e+01,2.078060e+01,2.073879e+01,2.085720e+01,2.080150e+01,2.079453e+01,2.082935e+01,2.089896e+01,2.080150e+01,2.083632e+01,2.086416e+01,2.069697e+01,2.089200e+01,2.063420e+01,2.075273e+01,2.069000e+01,2.078060e+01,2.075273e+01,2.084328e+01,2.073182e+01,2.085720e+01,2.071789e+01,2.079453e+01,2.080150e+01,2.085720e+01,2.082935e+01,2.080846e+01,2.079453e+01,2.089200e+01,2.086416e+01,2.066211e+01,2.085024e+01,2.080846e+01,2.071789e+01,2.075273e+01,2.059932e+01,2.070394e+01,2.067605e+01,2.070394e+01,2.083632e+01,2.070394e+01,2.086416e+01,2.075970e+01,2.071789e+01,2.074576e+01,2.073182e+01,2.071091e+01,2.066908e+01,2.077363e+01,2.073879e+01,2.075273e+01,2.079453e+01,2.077363e+01,2.077363e+01,2.069697e+01,2.069697e+01,2.071789e+01,2.087112e+01,2.068303e+01,2.067605e+01,2.070394e+01,2.073182e+01,2.071091e+01,2.075273e+01,2.069697e+01,2.071091e+01,2.073182e+01,2.066908e+01,2.071789e+01,2.068303e+01,2.071091e+01,2.069697e+01,2.075273e+01,2.073879e+01,2.071091e+01,2.074576e+01,2.073182e+01,2.075273e+01,2.083632e+01,2.088504e+01,2.069000e+01,2.071091e+01,2.084328e+01,2.070394e+01,2.073182e+01,2.071789e+01,2.072486e+01,2.067605e+01,2.071789e+01,2.073879e+01,2.071789e+01,2.075970e+01,2.071789e+01,2.073879e+01,2.073182e+01,2.069697e+01,2.071091e+01,2.086416e+01,2.082935e+01,2.071091e+01,2.086416e+01,2.069697e+01,2.088504e+01,2.069000e+01,2.064816e+01,2.071789e+01,2.078757e+01,2.078060e+01,2.077363e+01,2.076667e+01,2.073879e+01,2.071091e+01,2.076667e+01,2.070394e+01,2.074576e+01,2.063420e+01,2.079453e+01,2.060629e+01,2.069000e+01,2.071789e+01,2.060629e+01,2.063420e+01,2.073879e+01,2.070394e+01,2.057140e+01,2.041770e+01,2.024277e+01,1.973725e+01,1.969500e+01,1.905922e+01,1.884638e+01,1.856902e+01,1.855477e+01,1.845500e+01,1.838367e+01,1.829801e+01,1.828373e+01,1.816938e+01,1.819798e+01,1.814793e+01,1.818369e+01,1.828373e+01,1.816938e+01,1.824801e+01,1.833372e+01,1.833372e+01,1.823372e+01,1.849777e+01,1.838367e+01,1.839794e+01,1.824087e+01,1.828373e+01,1.830515e+01,1.821943e+01,1.826230e+01,1.818369e+01,1.827659e+01,1.821943e+01,1.821943e+01,1.817653e+01,1.814793e+01,1.816223e+01,1.816938e+01,1.820513e+01,1.822657e+01,1.823372e+01,1.824087e+01,1.826944e+01,1.818369e+01,1.824087e+01,1.830515e+01,1.826230e+01,1.831230e+01,1.846213e+01,1.832658e+01,1.834085e+01,1.851915e+01,1.861174e+01,1.869713e+01,1.907339e+01,1.925745e+01,1.967388e+01,2.008156e+01,2.036875e+01,2.071091e+01,2.069000e+01,2.066908e+01,2.068303e+01,2.068303e+01,2.066908e+01,2.067605e+01,2.053649e+01,2.055743e+01,2.044567e+01,2.027078e+01,2.001841e+01,1.963865e+01,1.934936e+01,1.896704e+01,1.887479e+01,1.865444e+01,1.841934e+01,1.839081e+01,1.846213e+01,1.829087e+01,1.838367e+01,1.814078e+01,1.831230e+01,1.840508e+01,1.834085e+01,1.829087e+01,1.849777e+01,1.840508e+01,1.836227e+01,1.842648e+01,1.840508e+01,1.856190e+01,1.847639e+01,1.853340e+01,1.851203e+01,1.859750e+01,1.863309e+01,1.881797e+01,1.898832e+01,1.925038e+01,1.980761e+01,2.021475e+01,2.041770e+01,2.071789e+01,2.075273e+01,2.069697e+01,2.069697e+01,2.076667e+01,2.077363e+01,2.078060e+01,2.078060e+01,2.052252e+01,2.075970e+01,2.075273e+01,2.075273e+01,2.076667e+01,2.068303e+01,2.082935e+01,2.082239e+01,2.087112e+01,2.076667e+01,2.068303e+01,2.076667e+01,2.070394e+01,2.068303e+01,2.067605e+01,2.053649e+01,2.057838e+01,2.055045e+01,2.047362e+01,2.010260e+01,2.004648e+01,1.989198e+01,1.967388e+01,1.966683e+01,1.952586e+01,1.951880e+01,1.977947e+01,1.980058e+01,1.979354e+01,1.977947e+01,2.007454e+01,2.014467e+01,2.006051e+01,2.027778e+01,2.029878e+01,2.034077e+01,2.052950e+01,2.061327e+01,2.059932e+01,2.061327e+01,2.067605e+01,2.065513e+01,2.055743e+01,2.035476e+01,2.036176e+01,2.010260e+01,2.010260e+01,2.006051e+01,1.989901e+01,1.964570e+01,1.953291e+01,1.965274e+01,1.963161e+01,1.973725e+01,1.970909e+01,1.979354e+01,1.986386e+01,1.988495e+01,1.980761e+01,1.963161e+01,1.985683e+01,1.985683e+01,1.995521e+01,2.019373e+01,2.038974e+01,2.049458e+01,2.061327e+01,2.052950e+01,2.059932e+01,2.057140e+01,2.069697e+01,2.064816e+01,2.065513e+01,2.071789e+01,2.074576e+01,2.066908e+01,2.069000e+01,2.067605e+01,2.072486e+01,2.075273e+01,2.066908e+01,2.074576e+01,2.073879e+01,2.074576e+01,2.067605e+01,2.079453e+01,2.072486e+01,2.075970e+01,2.069000e+01,2.069697e+01,2.079453e+01,2.072486e+01,2.065513e+01,2.059932e+01,2.009559e+01,1.947647e+01,1.895286e+01,1.892448e+01,1.886059e+01,1.884638e+01,1.881087e+01,1.876112e+01,1.878245e+01,1.871135e+01,1.878955e+01,1.908756e+01,1.994819e+01,2.055743e+01,2.078060e+01,2.078060e+01,2.066908e+01,2.073879e+01,2.075970e+01,2.078060e+01,2.083632e+01,2.074576e+01,2.085024e+01,2.069000e+01,2.085024e+01,2.075970e+01,2.079453e+01,2.075273e+01,2.083632e+01,2.084328e+01,2.081543e+01,2.082935e+01,2.078757e+01,2.073879e+01,2.078757e+01,2.091287e+01,2.073182e+01,2.085720e+01,2.074576e+01,2.072486e+01,2.076667e+01,2.071091e+01,2.078060e+01,2.088504e+01,2.080150e+01,2.078060e+01,2.085024e+01,2.075970e+01,2.083632e+01,2.080846e+01,2.089200e+01,2.082239e+01,2.082239e+01,2.084328e+01,2.071789e+01,2.079453e+01,2.085024e+01,2.078757e+01,2.072486e+01,2.073182e+01,2.071789e+01,2.086416e+01,2.079453e+01,2.079453e+01,2.082935e+01,2.084328e+01,2.081543e+01,2.083632e+01,2.084328e+01,2.073182e+01,2.073879e+01,2.085024e+01,2.074576e+01,2.079453e+01,2.082239e+01,2.075273e+01,2.080846e+01,2.080150e+01,2.080150e+01,2.091983e+01,2.086416e+01,2.082239e+01,2.077363e+01,2.081543e+01,2.085720e+01,2.087112e+01,2.076667e+01,2.078060e+01,2.080150e+01,2.062723e+01,2.083632e+01,2.078060e+01,2.081543e+01,2.077363e+01,2.076667e+01,2.089200e+01,2.086416e+01,2.087808e+01,2.087808e+01,2.080150e+01,2.077363e+01,2.073879e+01,2.082239e+01,2.080150e+01,2.073182e+01,2.084328e+01,2.076667e+01,2.079453e+01,2.075970e+01,2.074576e+01,2.074576e+01,2.073879e+01,2.072486e+01,2.072486e+01,2.083632e+01,2.080150e+01,2.069697e+01,2.082239e+01,2.082935e+01,2.059932e+01,2.081543e+01,2.080846e+01,2.082935e+01,2.074576e+01,2.083632e+01,2.074576e+01,2.075970e+01,2.082935e+01,2.074576e+01,2.075273e+01,2.079453e+01,2.076667e+01,2.080846e+01,2.082239e+01,2.082935e+01,2.073879e+01,2.083632e+01,2.079453e+01,2.077363e+01,2.062025e+01,2.075273e+01,2.079453e+01,2.075273e+01,2.082239e+01,2.082239e+01,2.074576e+01,2.080846e+01,2.082239e+01,2.079453e+01,2.080846e+01,2.075273e+01,2.084328e+01,2.069697e+01,2.071789e+01,2.082239e+01,2.083632e+01,2.089200e+01,2.080150e+01,2.078060e+01,2.078757e+01,2.081543e+01,2.067605e+01,2.084328e+01,2.078060e+01,2.066908e+01,2.078757e+01,2.072486e+01,2.077363e+01,2.071789e+01,2.079453e+01,2.075970e+01,2.076667e+01,2.075970e+01,2.075273e+01,2.081543e+01,2.087112e+01,2.081543e+01,2.074576e+01,2.077363e+01,2.092679e+01,2.083632e+01,2.087112e+01,2.084328e+01,2.086416e+01,2.090592e+01,2.091287e+01,2.091983e+01,2.091983e+01,2.078757e+01,2.080846e+01,2.078757e+01,2.082935e+01,2.077363e+01,2.084328e+01,2.083632e+01,2.078060e+01,2.080150e+01,2.073879e+01,2.078757e+01,2.076667e+01,2.066908e+01,2.080150e+01,2.081543e+01,2.074576e+01,2.079453e+01,2.066211e+01,2.079453e+01,2.073182e+01,2.075970e+01,2.075273e+01,2.080150e+01,2.080150e+01,2.075970e+01,2.080150e+01,2.073182e+01,2.073879e+01,2.077363e+01,2.089200e+01,2.064118e+01,2.069697e+01,2.073879e+01,2.070394e+01,2.077363e+01,2.076667e+01,2.078060e+01,2.079453e+01,2.080846e+01,2.073182e+01,2.078060e+01,2.078060e+01,2.070394e+01,2.077363e+01,2.066211e+01,2.075970e+01,2.080846e+01,2.082935e+01,2.083632e+01,2.075273e+01,2.081543e+01,2.080150e+01,2.077363e+01,2.083632e+01,2.081543e+01,2.073879e+01,2.087112e+01,2.084328e+01,2.083632e+01,2.082935e+01,2.071789e+01,2.075273e+01,2.078060e+01,2.071091e+01,2.099632e+01,2.071091e+01
2.069697e+01,2.076667e+01,2.075273e+01,2.077363e+01,2.071789e+01,2.064816e+01,2.070394e+01,2.074576e+01,2.069000e+01,2.055045e+01,2.059234e+01,2.080150e+01,2.071091e+01,2.066908e+01,2.071091e+01,2.078060e+01,2.067605e+01,2.064816e+01,2.065513e+01,2.065513e+01,2.067605e+01,2.065513e+01,2.071091e+01,2.070394e+01,2.070394e+01,2.080846e+01,2.073182e+01,2.061327e+01,2.069697e+01,2.070394e+01,2.065513e+01,2.080846e+01,2.079453e+01,2.060629e+01,2.080150e+01,2.069000e+01,2.059932e+01,2.072486e+01,2.071789e+01,2.075970e+01,2.075970e+01,2.073879e+01,2.081543e+01,2.076667e+01,2.081543e+01,2.080846e+01,2.083632e+01,2.076667e+01,2.075970e+01,2.079453e+01,2.075273e+01,2.084328e+01,2.087112e+01,2.075273e+01,2.080150e+01,2.086416e+01,2.085024e+01,2.086416e+01,2.083632e+01,2.085720e+01,2.080150e+01,2.080150e+01,2.080846e+01,2.089896e+01,2.079453e+01,2.085024e+01,2.084328e+01,2.076667e+01,2.078060e+01,2.076667e+01,2.076667e+01,2.074576e+01,2.084328e+01,2.085024e+01,2.083632e+01,2.082935e+01,2.082239e+01,2.079453e+01,2.080846e+01,2.083632e+01,2.083632e+01,2.082935e+01,2.085720e+01,2.084328e+01,2.081543e+01,2.085720e+01,2.084328e+01,2.066908e+01,2.067605e+01,2.071091e+01,2.088504e+01,2.069697e+01,2.077363e+01,2.076667e+01,2.068303e+01,2.081543e+01,2.080150e+01,2.072486e+01,2.085024e+01,2.074576e+01,2.076667e+01,2.084328e+01,2.076667e+01,2.081543e+01,2.079453e+01,2.077363e+01,2.083632e+01,2.069697e+01,2.081543e+01,2.065513e+01,2.073182e+01,2.082935e+01,2.086416e+01,2.071789e+01,2.087808e+01,2.069000e+01,2.069000e+01,2.089200e+01,2.089200e+01,2.068303e+01,2.066211e+01,2.074576e+01,2.075970e+01,2.074576e+01,2.067605e+01,2.071091e+01,2.074576e+01,2.086416e+01,2.068303e+01,2.075970e+01,2.077363e+01,2.074576e+01,2.071789e+01,2.078757e+01,2.071789e+01,2.084328e+01,2.077363e+01,2.075970e+01,2.076667e+01,2.073879e+01,2.078757e+01,2.071091e+01,2.075273e+01,2.072486e+01,2.072486e+01,2.075273e+01,2.076667e+01,2.073879e+01,2.089200e+01,2.072486e+01,2.072486e+01,2.075273e+01,2.083632e+01,2.077363e+01,2.071091e+01,2.071789e+01,2.070394e+01,2.069000e+01,2.073879e+01,2.071091e+01,2.073182e+01,2.072486e+01,2.068303e+01,2.063420e+01,2.073182e+01,2.074576e+01,2.083632e+01,2.082239e+01,2.067605e+01,2.071789e+01,2.073182e+01,2.066211e+01,2.077363e+01,2.078060e+01,2.074576e+01,2.072486e+01,2.078757e+01,2.073879e+01,2.071091e+01,2.057140e+01,2.059234e+01,2.017271e+01,1.977243e+01,1.934229e+01,1.909464e+01,1.883218e+01,1.854765e+01,1.852628e+01,1.849777e+01,1.822657e+01,1.834085e+01,1.819798e+01,1.811932e+01,1.818369e+01,1.819798e+01,1.816223e+01,1.823372e+01,1.842648e+01,1.821228e+01,1.825516e+01,1.827659e+01,1.844074e+01,1.826230e+01,1.833372e+01,1.834085e+01,1.834085e+01,1.821228e+01,1.817653e+01,1.818369e+01,1.818369e+01,1.824087e+01,1.821943e+01,1.828373e+01,1.829087e+01,1.824087e+01,1.818369e+01,1.823372e+01,1.826944e+01,1.814793e+01,1.834085e+01,1.821228e+01,1.816223e+01,1.822657e+01,1.822657e+01,1.832658e+01,1.816223e+01,1.830515e+01,1.831944e+01,1.830515e+01,1.831230e+01,1.846926e+01,1.857614e+01,1.867579e+01,1.868290e+01,1.886769e+01,1.906630e+01,1.940587e+01,1.979354e+01,2.008857e+01,2.043169e+01,2.068303e+01,2.066908e+01,2.071789e+01,2.066908e+01,2.069697e+01,2.074576e+01,2.062025e+01,2.073879e+01,2.071789e+01,2.069697e+01,2.041071e+01,2.030578e+01,2.004648e+01,1.963161e+01,1.936349e+01,1.866867e+01,1.864733e+01,1.847639e+01,1.844787e+01,1.844074e+01,1.854053e+01,1.835513e+01,1.839794e+01,1.839794e+01,1.824087e+01,1.829087e+01,1.837654e+01,1.840508e+01,1.841221e+01,1.840508e+01,1.834085e+01,1.845500e+01,1.848352e+01,1.858326e+01,1.850490e+01,1.850490e+01,1.856190e+01,1.851915e+01,1.869002e+01,1.922208e+01,1.955407e+01,1.981464e+01,2.027778e+01,2.055045e+01,2.067605e+01,2.070394e+01,2.067605e+01,2.075970e+01,2.069697e+01,2.075273e+01,2.078757e+01,2.080150e+01,2.075273e+01,2.080846e+01,2.075970e+01,2.073182e+01,2.073879e+01,2.071789e+01,2.080846e+01,2.085024e+01,2.083632e+01,2.085720e+01,2.075273e+01,2.075970e+01,2.072486e+01,2.070394e+01,2.069697e+01,2.069697e+01,2.059932e+01,2.024977e+01,2.022876e+01,1.997628e+01,1.977947e+01,1.984980e+01,1.964570e+01,1.970205e+01,1.947647e+01,1.965274e+01,1.958932e+01,1.965979e+01,1.979354e+01,1.979354e+01,1.975836e+01,2.017271e+01,2.020774e+01,2.022876e+01,2.032678e+01,2.035476e+01,2.059932e+01,2.062723e+01,2.069000e+01,2.069697e+01,2.062723e+01,2.069697e+01,2.064816e+01,2.049458e+01,2.037575e+01,2.032678e+01,2.017271e+01,2.012364e+01,2.010260e+01,1.994819e+01,1.988495e+01,1.976540e+01,1.970909e+01,1.978650e+01,2.005350e+01,1.995521e+01,2.004648e+01,2.015168e+01,2.004648e+01,1.994819e+01,2.002542e+01,2.015168e+01,1.996926e+01,2.020774e+01,2.045964e+01,2.048061e+01,2.069000e+01,2.042470e+01,2.059234e+01,2.060629e+01,2.052252e+01,2.051554e+01,2.035476e+01,2.062025e+01,2.064118e+01,2.066908e+01,2.067605e+01,2.076667e+01,2.084328e+01,2.076667e+01,2.075273e+01,2.072486e+01,2.073182e+01,2.083632e+01,2.072486e+01,2.079453e+01,2.078757e+01,2.072486e+01,2.069000e+01,2.079453e+01,2.071789e+01,2.084328e+01,2.078757e+01,2.058536e+01,2.006753e+01,1.970909e+01,1.894576e+01,1.878245e+01,1.883928e+01,1.890318e+01,1.876823e+01,1.861886e+01,1.870424e+01,1.875401e+01,1.876823e+01,1.909464e+01,1.939174e+01,2.026378e+01,2.065513e+01,2.075970e+01,2.078757e+01,2.080150e+01,2.081543e+01,2.080150e+01,2.081543e+01,2.073182e+01,2.084328e+01,2.088504e+01,2.080150e+01,2.089200e+01,2.084328e+01,2.085720e+01,2.086416e+01,2.083632e+01,2.088504e+01,2.080846e+01,2.080846e+01,2.078060e+01,2.081543e+01,2.081543e+01,2.078060e+01,2.081543e+01,2.081543e+01,2.078757e+01,2.075970e+01,2.081543e+01,2.081543e+01,2.080150e+01,2.082935e+01,2.078060e+01,2.080846e+01,2.077363e+01,2.082935e+01,2.076667e+01,2.086416e+01,2.086416e+01,2.085720e+01,2.087808e+01,2.086416e+01,2.077363e+01,2.075273e+01,2.075970e+01,2.082239e+01,2.086416e+01,2.073182e+01,2.080846e+01,2.080846e+01,2.080846e+01,2.085720e+01,2.087808e+01,2.087808e+01,2.082935e+01,2.087808e+01,2.084328e+01,2.091983e+01,2.075273e+01,2.081543e+01,2.078060e+01,2.077363e+01,2.075273e+01,2.079453e+01,2.079453e+01,2.078757e+01,2.073879e+01,2.093374e+01,2.071789e+01,2.075970e+01,2.086416e+01,2.078060e+01,2.080846e+01,2.107971e+01,2.075273e+01,2.079453e+01,2.081543e+01,2.082935e+01,2.081543e+01,2.087808e+01,2.082239e+01,2.073182e+01,2.079453e+01,2.085024e+01,2.083632e+01,2.091287e+01,2.079453e+01,2.084328e+01,2.076667e+01,2.080150e+01,2.082935e+01,2.083632e+01,2.074576e+01,2.078757e+01,2.081543e+01,2.075970e+01,2.073182e+01,2.080846e+01,2.074576e+01,2.075273e+01,2.082935e+01,2.082935e+01,2.071091e+01,2.080150e+01,2.085720e+01,2.082935e+01,2.081543e+01,2.078757e+01,2.070394e+01,2.078060e+01,2.085024e+01,2.083632e+01,2.083632e+01,2.080846e+01,2.073182e+01,2.080150e+01,2.078757e+01,2.069697e+01,2.078757e+01,2.082239e+01,2.072486e+01,2.075970e+01,2.086416e+01,2.073182e+01,2.087112e+01,2.083632e+01,2.087808e+01,2.077363e+01,2.080150e+01,2.085024e+01,2.091287e+01,2.084328e+01,2.074576e+01,2.091983e+01,2.087808e+01,2.074576e+01,2.067605e+01,2.082239e+01,2.080150e+01,2.084328e+01,2.085720e+01,2.081543e+01,2.085024e+01,2.084328e+01,2.085024e+01,2.071789e+01,2.075273e+01,2.076667e+01,2.080150e+01,2.084328e+01,2.073879e+01,2.071091e+01,2.081543e+01,2.084328e+01,2.080846e+01,2.077363e+01,2.079453e+01,2.078757e+01,2.080846e+01,2.086416e+01,2.080150e+01,2.079453e+01,2.086416e+01,2.073879e+01,2.087808e+01,2.075970e+01,2.080846e+01,2.089200e+01,2.087808e+01,2.087808e+01,2.076667e+01,2.089896e+01,2.085024e+01,2.090592e+01,2.081543e+01,2.082239e+01,2.083632e+01,2.082935e+01,2.078757e+01,2.078060e+01,2.078060e+01,2.076667e+01,2.075970e+01,2.073182e+01,2.081543e+01,2.075970e+01,2.075273e+01,2.074576e+01,2.073879e+01,2.068303e+01,2.068303e+01,2.079453e+01,2.066211e+01,2.066211e+01,2.070394e+01,2.069697e+01,2.076667e+01,2.078757e+01,2.078060e+01,2.078060e+01,2.075273e+01,2.073182e+01,2.078757e+01,2.066908e+01,2.080846e+01,2.066908e+01,2.071789e+01,2.076667e+01,2.077363e+01,2.076667e+01,2.078757e+01,2.076667e+01,2.077363e+01,2.080846e+01,2.083632e+01,2.080846e+01,2.081543e+01,2.073879e+01,2.073879e+01,2.085024e+01,2.075970e+01,2.075273e+01,2.067605e+01,2.075970e+01,2.080846e+01,2.075970e+01,2.081543e+01,2.079453e+01,2.080150e+01,2.080150e+01,2.085720e+01,2.078757e+01,2.071789e+01,2.074576e+01,2.070394e+01,2.089896e+01,2.082935e+01,2.073182e+01,2.082935e+01,2.073879e+01,2.075273e+01
2.073182e+01,2.069697e+01,2.065513e+01,2.071091e+01,2.073182e+01,2.074576e+01,2.075273e+01,2.079453e+01,2.074576e+01,2.069697e+01,2.066908e+01,2.074576e+01,2.070394e+01,2.082239e+01,2.066211e+01,2.078757e+01,2.084328e+01,2.065513e+01,2.066211e+01,2.082935e+01,2.062723e+01,2.069697e+01,2.069697e+01,2.073879e+01,2.073182e+01,2.067605e+01,2.068303e+01,2.068303e+01,2.073182e+01,2.067605e+01,2.064816e+01,2.071091e+01,2.066211e+01,2.080150e+01,2.073879e+01,2.076667e+01,2.066908e+01,2.069697e+01,2.065513e+01,2.075970e+01,2.072486e+01,2.080150e+01,2.073879e+01,2.082935e+01,2.078060e+01,2.072486e+01,2.071789e+01,2.073182e+01,2.075273e+01,2.070394e+01,2.078757e+01,2.069697e+01,2.075273e+01,2.087112e+01,2.087112e+01,2.087112e+01,2.085024e+01,2.091983e+01,2.082935e+01,2.085024e+01,2.082935e+01,2.091983e+01,2.099632e+01,2.084328e+01,2.078757e+01,2.085720e+01,2.091287e+01,2.083632e+01,2.075273e+01,2.076667e+01,2.073879e+01,2.071789e+01,2.085024e+01,2.075273e+01,2.098937e+01,2.087808e+01,2.070394e+01,2.082239e+01,2.082935e+01,2.084328e+01,2.084328e+01,2.079453e+01,2.085720e+01,2.088504e+01,2.085024e+01,2.084328e+01,2.069697e+01,2.075273e+01,2.078060e+01,2.085024e+01,2.075970e+01,2.075970e+01,2.071789e+01,2.071091e+01,2.074576e+01,2.068303e+01,2.082935e+01,2.085024e+01,2.082935e+01,2.082935e+01,2.085024e+01,2.084328e+01,2.082239e+01,2.075273e+01,2.080150e+01,2.066908e+01,2.064118e+01,2.066211e+01,2.076667e+01,2.075970e+01,2.075273e+01,2.075970e+01,2.072486e+01,2.071789e+01,2.074576e+01,2.067605e+01,2.070394e+01,2.065513e+01,2.073182e+01,2.069697e+01,2.072486e+01,2.075273e+01,2.068303e+01,2.062723e+01,2.082239e+01,2.069000e+01,2.070394e+01,2.069697e+01,2.069697e+01,2.073182e+01,2.070394e+01,2.072486e+01,2.075273e+01,2.082239e+01,2.078060e+01,2.077363e+01,2.080846e+01,2.085720e+01,2.078060e+01,2.075970e+01,2.085720e+01,2.077363e+01,2.075970e+01,2.073879e+01,2.074576e+01,2.075273e+01,2.073879e+01,2.087112e+01,2.073879e+01,2.073182e+01,2.072486e+01,2.073182e+01,2.071091e+01,2.088504e+01,2.085720e+01,2.072486e+01,2.082935e+01,2.073182e+01,2.078757e+01,2.069697e+01,2.070394e+01,2.068303e+01,2.073182e+01,2.075273e+01,2.078757e+01,2.068303e+01,2.066908e+01,2.073879e+01,2.082239e+01,2.074576e+01,2.070394e+01,2.077363e+01,2.072486e+01,2.074576e+01,2.080846e+01,2.073879e+01,2.061327e+01,2.059234e+01,2.075970e+01,2.057838e+01,2.022876e+01,1.981464e+01,1.936349e+01,1.903087e+01,1.881797e+01,1.881087e+01,1.875401e+01,1.848352e+01,1.829087e+01,1.829087e+01,1.827659e+01,1.826944e+01,1.815508e+01,1.824087e+01,1.817653e+01,1.821943e+01,1.829087e+01,1.834799e+01,1.829087e+01,1.829801e+01,1.847639e+01,1.827659e+01,1.835513e+01,1.829801e+01,1.829801e+01,1.831230e+01,1.817653e+01,1.817653e+01,1.818369e+01,1.822657e+01,1.830515e+01,1.823372e+01,1.826944e+01,1.823372e+01,1.814793e+01,1.821228e+01,1.824801e+01,1.820513e+01,1.818369e+01,1.832658e+01,1.825516e+01,1.819798e+01,1.819083e+01,1.821943e+01,1.827659e+01,1.830515e+01,1.839794e+01,1.841934e+01,1.831944e+01,1.858326e+01,1.860462e+01,1.858326e+01,1.876823e+01,1.860462e+01,1.887479e+01,1.920793e+01,1.959637e+01,1.984277e+01,2.043868e+01,2.076667e+01,2.064118e+01,2.073182e+01,2.069697e+01,2.072486e+01,2.072486e+01,2.066211e+01,2.070394e+01,2.071091e+01,2.075273e+01,2.069000e+01,2.069697e+01,2.041071e+01,2.010260e+01,1.963865e+01,1.935642e+01,1.893867e+01,1.851915e+01,1.851915e+01,1.860462e+01,1.848352e+01,1.854053e+01,1.856190e+01,1.834799e+01,1.837654e+01,1.832658e+01,1.836940e+01,1.843361e+01,1.849064e+01,1.845500e+01,1.846926e+01,1.853340e+01,1.842648e+01,1.853340e+01,1.854765e+01,1.853340e+01,1.866867e+01,1.878245e+01,1.869713e+01,1.892448e+01,1.900960e+01,1.959637e+01,1.986386e+01,2.027078e+01,2.058536e+01,2.066908e+01,2.080150e+01,2.073879e+01,2.069697e+01,2.093374e+01,2.074576e+01,2.078060e+01,2.077363e+01,2.075970e+01,2.076667e+01,2.075970e+01,2.073879e+01,2.076667e+01,2.075970e+01,2.089200e+01,2.067605e+01,2.072486e+01,2.067605e+01,2.078757e+01,2.073879e+01,2.072486e+01,2.057838e+01,2.059234e+01,2.032678e+01,2.024277e+01,2.026378e+01,1.999033e+01,1.995521e+01,1.998330e+01,1.989198e+01,1.974428e+01,1.956817e+01,1.922208e+01,1.932109e+01,1.945529e+01,1.941293e+01,1.956817e+01,1.956112e+01,1.977243e+01,1.979354e+01,1.998330e+01,2.006051e+01,2.027078e+01,2.029878e+01,2.054347e+01,2.054347e+01,2.059234e+01,2.062723e+01,2.086416e+01,2.067605e+01,2.064118e+01,2.062025e+01,2.059234e+01,2.034777e+01,2.035476e+01,2.015869e+01,1.994117e+01,2.002542e+01,1.999033e+01,1.994819e+01,1.975132e+01,1.990604e+01,2.013766e+01,2.013766e+01,2.006753e+01,2.033377e+01,2.028478e+01,2.030578e+01,2.035476e+01,2.033377e+01,2.025677e+01,2.023577e+01,2.053649e+01,2.058536e+01,2.064118e+01,2.056442e+01,2.054347e+01,2.052950e+01,2.034777e+01,2.037575e+01,2.038274e+01,2.041770e+01,2.055045e+01,2.076667e+01,2.075970e+01,2.075970e+01,2.072486e+01,2.075273e+01,2.075273e+01,2.078060e+01,2.073182e+01,2.074576e+01,2.071789e+01,2.080150e+01,2.077363e+01,2.074576e+01,2.078060e+01,2.081543e+01,2.069697e+01,2.073182e+01,2.066211e+01,2.068303e+01,2.013065e+01,1.970205e+01,1.918670e+01,1.886059e+01,1.881087e+01,1.878955e+01,1.876823e+01,1.885349e+01,1.878245e+01,1.878245e+01,1.880376e+01,1.877534e+01,1.905922e+01,1.962456e+01,2.027078e+01,2.063420e+01,2.079453e+01,2.080846e+01,2.082239e+01,2.085720e+01,2.078757e+01,2.081543e+01,2.082239e+01,2.072486e+01,2.087808e+01,2.080846e+01,2.086416e+01,2.085024e+01,2.085024e+01,2.087112e+01,2.081543e+01,2.078060e+01,2.078757e+01,2.072486e+01,2.083632e+01,2.080846e+01,2.081543e+01,2.082935e+01,2.080846e+01,2.084328e+01,2.080846e+01,2.085720e+01,2.085024e+01,2.072486e+01,2.087112e+01,2.096156e+01,2.085024e+01,2.085720e+01,2.080150e+01,2.084328e+01,2.084328e+01,2.081543e+01,2.082239e+01,2.087112e+01,2.082239e+01,2.080150e+01,2.080846e+01,2.084328e+01,2.081543e+01,2.081543e+01,2.075273e+01,2.081543e+01,2.078757e+01,2.081543e+01,2.082935e+01,2.085024e+01,2.080150e+01,2.084328e+01,2.080150e+01,2.080846e+01,2.080846e+01,2.075970e+01,2.076667e+01,2.081543e+01,2.087808e+01,2.087808e+01,2.075970e+01,2.073182e+01,2.085024e+01,2.089200e+01,2.089200e+01,2.085024e+01,2.087808e+01,2.083632e+01,2.082935e+01,2.081543e+01,2.076667e+01,2.082239e+01,2.081543e+01,2.085720e+01,2.079453e+01,2.083632e+01,2.082935e+01,2.086416e+01,2.082239e+01,2.085720e+01,2.087112e+01,2.075970e+01,2.094070e+01,2.082239e+01,2.089200e+01,2.077363e+01,2.071789e+01,2.080846e+01,2.074576e+01,2.075970e+01,2.084328e+01,2.074576e+01,2.072486e+01,2.085720e+01,2.073182e+01,2.080846e+01,2.071789e+01,2.082239e+01,2.080150e+01,2.084328e+01,2.082935e+01,2.081543e+01,2.067605e+01,2.081543e+01,2.082239e+01,2.084328e+01,2.080846e+01,2.083632e+01,2.077363e+01,2.076667e+01,2.075970e+01,2.080846e+01,2.074576e+01,2.076667e+01,2.083632e+01,2.080150e+01,2.078060e+01,2.082935e+01,2.085720e+01,2.075970e+01,2.086416e+01,2.085720e+01,2.084328e+01,2.076667e+01,2.078060e+01,2.081543e+01,2.092679e+01,2.073182e+01,2.082935e+01,2.085720e+01,2.094070e+01,2.080846e+01,2.082935e+01,2.087112e+01,2.071789e+01,2.090592e+01,2.079453e+01,2.088504e+01,2.082935e+01,2.085024e+01,2.078060e+01,2.082935e+01,2.088504e+01,2.090592e+01,2.079453e+01,2.078757e+01,2.078757e+01,2.078060e+01,2.082935e+01,2.080150e+01,2.073182e+01,2.075273e+01,2.080150e+01,2.073879e+01,2.071789e+01,2.073879e+01,2.076667e+01,2.080150e+01,2.075273e+01,2.078060e+01,2.077363e+01,2.091983e+01,2.080846e+01,2.077363e+01,2.074576e+01,2.085720e+01,2.076667e+01,2.077363e+01,2.094765e+01,2.072486e+01,2.085720e+01,2.087112e+01,2.073182e+01,2.072486e+01,2.080846e+01,2.080150e+01,2.073182e+01,2.076667e+01,2.075970e+01,2.074576e+01,2.085720e+01,2.078060e+01,2.077363e+01,2.078060e+01,2.073182e+01,2.079453e+01,2.080846e+01,2.066211e+01,2.081543e+01,2.084328e+01,2.062025e+01,2.080846e+01,2.073182e+01,2.078060e+01,2.078757e+01,2.079453e+01,2.080846e+01,2.093374e+01,2.069000e+01,2.077363e+01,2.082935e+01,2.069000e+01,2.078060e+01,2.080846e+01,2.084328e+01,2.078060e+01,2.074576e+01,2.076667e+01,2.076667e+01,2.062025e+01,2.078060e+01,2.078757e+01,2.064816e+01,2.082239e+01,2.078060e+01,2.078757e+01,2.085024e+01,2.075970e+01,2.081543e+01,2.077363e+01,2.080150e+01,2.080150e+01,2.086416e+01,2.082935e+01,2.081543e+01,2.084328e+01,2.082239e+01,2.086416e+01,2.078757e+01,2.105887e+01,2.089200e+01,2.080150e+01,2.080846e+01,2.069000e+01,2.080846e+01,2.062025e+01,2.085720e+01,2.069000e+01
2.073879e+01,2.076667e+01,2.078757e+01,2.077363e+01,2.081543e+01,2.074576e+01,2.075970e+01,2.073879e+01,2.078060e+01,2.073182e+01,2.062025e+01,2.077363e+01,2.072486e+01,2.071091e+01,2.077363e+01,2.057140e+01,2.086416e+01,2.058536e+01,2.073182e+01,2.070394e+01,2.073879e+01,2.071789e+01,2.069697e+01,2.071091e+01,2.071091e+01,2.079453e+01,2.075970e+01,2.069697e+01,2.069000e+01,2.077363e+01,2.077363e+01,2.067605e+01,2.073182e+01,2.081543e+01,2.066211e+01,2.078757e+01,2.101718e+01,2.075273e+01,2.073879e+01,2.074576e+01,2.078060e+01,2.078060e+01,2.073182e+01,2.075970e+01,2.080846e+01,2.080150e+01,2.070394e+01,2.071789e+01,2.072486e+01,2.074576e+01,2.078757e+01,2.071091e+01,2.070394e+01,2.087112e+01,2.087112e+01,2.085024e+01,2.091287e+01,2.087112e+01,2.087808e+01,2.082239e+01,2.086416e+01,2.087112e+01,2.095461e+01,2.087112e+01,2.097547e+01,2.092679e+01,2.089896e+01,2.080150e+01,2.082239e+01,2.091287e+01,2.078757e+01,2.087112e+01,2.086416e+01,2.085720e+01,2.076667e+01,2.085720e+01,2.078060e+01,2.082239e+01,2.082935e+01,2.082239e+01,2.084328e+01,2.082935e+01,2.084328e+01,2.087808e+01,2.085720e+01,2.088504e+01,2.086416e+01,2.079453e+01,2.087112e+01,2.080846e+01,2.082239e+01,2.080150e+01,2.078060e+01,2.069697e+01,2.075970e+01,2.081543e+01,2.073879e+01,2.085720e+01,2.075970e+01,2.087112e+01,2.076667e+01,2.081543e+01,2.080150e+01,2.079453e+01,2.085024e+01,2.077363e+01,2.079453e+01,2.078757e+01,2.076667e+01,2.080846e+01,2.070394e+01,2.077363e+01,2.082935e+01,2.082935e+01,2.071091e+01,2.069000e+01,2.066908e+01,2.069697e+01,2.071091e+01,2.071789e+01,2.071091e+01,2.074576e+01,2.086416e+01,2.062723e+01,2.066908e+01,2.073879e+01,2.071091e+01,2.070394e+01,2.075970e+01,2.068303e+01,2.073182e+01,2.080846e+01,2.071789e+01,2.071091e+01,2.074576e+01,2.075970e+01,2.079453e+01,2.081543e+01,2.066908e+01,2.078060e+01,2.085024e+01,2.075970e+01,2.071091e+01,2.069000e+01,2.070394e+01,2.075970e+01,2.075273e+01,2.066908e+01,2.066908e+01,2.069697e+01,2.070394e+01,2.080150e+01,2.067605e+01,2.075970e+01,2.080150e+01,2.071091e+01,2.068303e+01,2.066908e+01,2.071091e+01,2.070394e+01,2.082935e+01,2.070394e+01,2.071091e+01,2.066908e+01,2.082935e+01,2.068303e+01,2.080150e+01,2.071789e+01,2.072486e+01,2.074576e+01,2.075970e+01,2.073879e+01,2.074576e+01,2.073182e+01,2.071091e+01,2.069000e+01,2.069000e+01,2.067605e+01,2.048061e+01,2.023577e+01,1.982871e+01,1.948352e+01,1.891738e+01,1.873269e+01,1.857614e+01,1.862598e+01,1.854053e+01,1.846213e+01,1.824087e+01,1.826944e+01,1.821943e+01,1.816938e+01,1.826230e+01,1.822657e+01,1.830515e+01,1.819083e+01,1.831944e+01,1.829801e+01,1.828373e+01,1.834085e+01,1.838367e+01,1.845500e+01,1.834799e+01,1.829801e+01,1.820513e+01,1.817653e+01,1.816938e+01,1.817653e+01,1.819798e+01,1.809069e+01,1.819083e+01,1.826230e+01,1.814078e+01,1.816938e+01,1.817653e+01,1.815508e+01,1.814793e+01,1.816223e+01,1.824087e+01,1.833372e+01,1.824087e+01,1.830515e+01,1.824087e+01,1.824087e+01,1.826944e+01,1.844074e+01,1.846213e+01,1.837654e+01,1.852628e+01,1.864733e+01,1.854053e+01,1.876823e+01,1.873269e+01,1.880376e+01,1.922916e+01,1.943411e+01,1.978650e+01,2.008156e+01,2.038274e+01,2.060629e+01,2.069000e+01,2.071789e+01,2.069000e+01,2.071091e+01,2.068303e+01,2.075970e+01,2.073182e+01,2.075273e+01,2.068303e+01,2.071789e+01,2.069000e+01,2.041071e+01,2.003244e+01,1.994819e+01,1.939881e+01,1.920793e+01,1.887479e+01,1.862598e+01,1.852628e+01,1.852628e+01,1.841221e+01,1.855477e+01,1.839081e+01,1.836227e+01,1.834799e+01,1.844074e+01,1.837654e+01,1.856190e+01,1.844787e+01,1.843361e+01,1.850490e+01,1.854765e+01,1.860462e+01,1.864021e+01,1.869002e+01,1.864733e+01,1.883218e+01,1.887479e+01,1.890318e+01,1.916546e+01,1.967388e+01,2.003244e+01,2.033377e+01,2.073182e+01,2.065513e+01,2.074576e+01,2.069697e+01,2.073879e+01,2.081543e+01,2.079453e+01,2.075273e+01,2.072486e+01,2.072486e+01,2.069000e+01,2.081543e+01,2.075970e+01,2.075970e+01,2.076667e+01,2.067605e+01,2.083632e+01,2.082935e+01,2.063420e+01,2.069697e+01,2.058536e+01,2.056442e+01,2.034777e+01,2.033377e+01,2.038274e+01,2.021475e+01,2.021475e+01,2.008857e+01,2.002542e+01,1.998330e+01,1.974428e+01,1.968092e+01,1.963161e+01,1.937055e+01,1.927160e+01,1.930695e+01,1.929281e+01,1.944823e+01,1.969500e+01,1.960342e+01,1.984980e+01,1.985683e+01,2.000437e+01,2.001841e+01,2.021475e+01,2.028478e+01,2.052950e+01,2.034077e+01,2.036875e+01,2.061327e+01,2.061327e+01,2.059234e+01,2.062723e+01,2.061327e+01,2.050157e+01,2.034077e+01,2.017972e+01,2.015869e+01,1.994117e+01,1.998330e+01,1.982871e+01,1.984980e+01,1.996926e+01,2.000437e+01,2.008857e+01,2.022176e+01,2.032678e+01,2.039673e+01,2.038974e+01,2.038974e+01,2.066908e+01,2.056442e+01,2.059234e+01,2.069000e+01,2.064816e+01,2.060629e+01,2.066211e+01,2.037575e+01,2.037575e+01,2.052252e+01,2.045964e+01,2.022176e+01,2.026378e+01,2.034077e+01,2.061327e+01,2.071789e+01,2.074576e+01,2.069697e+01,2.071789e+01,2.075970e+01,2.075273e+01,2.075970e+01,2.075273e+01,2.071789e+01,2.069000e+01,2.075970e+01,2.076667e+01,2.073879e+01,2.071789e+01,2.082239e+01,2.069000e+01,2.073182e+01,2.070394e+01,2.028478e+01,1.982871e+01,1.925038e+01,1.892448e+01,1.882508e+01,1.895286e+01,1.886059e+01,1.896704e+01,1.900251e+01,1.876112e+01,1.875401e+01,1.875401e+01,1.878245e+01,1.919378e+01,1.992711e+01,2.066211e+01,2.066908e+01,2.069697e+01,2.074576e+01,2.083632e+01,2.084328e+01,2.066211e+01,2.077363e+01,2.080846e+01,2.084328e+01,2.081543e+01,2.082239e+01,2.081543e+01,2.080150e+01,2.082239e+01,2.081543e+01,2.081543e+01,2.071789e+01,2.078060e+01,2.075273e+01,2.084328e+01,2.080150e+01,2.085720e+01,2.073879e+01,2.089896e+01,2.086416e+01,2.085024e+01,2.080846e+01,2.083632e+01,2.096852e+01,2.098937e+01,2.082239e+01,2.082239e+01,2.082935e+01,2.083632e+01,2.082935e+01,2.084328e+01,2.082935e+01,2.078757e+01,2.085720e+01,2.087808e+01,2.083632e+01,2.077363e+01,2.080846e+01,2.074576e+01,2.082239e+01,2.078757e+01,2.080846e+01,2.097547e+01,2.079453e+01,2.084328e+01,2.091983e+01,2.085720e+01,2.080846e+01,2.082239e+01,2.075273e+01,2.088504e+01,2.082239e+01,2.087808e+01,2.088504e+01,2.089896e+01,2.077363e+01,2.072486e+01,2.073182e+01,2.086416e+01,2.085720e+01,2.080846e+01,2.083632e+01,2.079453e+01,2.076667e+01,2.087112e+01,2.085720e+01,2.072486e+01,2.074576e+01,2.078060e+01,2.088504e+01,2.073879e+01,2.078060e+01,2.090592e+01,2.078060e+01,2.085024e+01,2.071789e+01,2.077363e+01,2.079453e+01,2.088504e+01,2.086416e+01,2.087808e+01,2.081543e+01,2.078060e+01,2.083632e+01,2.078060e+01,2.085720e+01,2.084328e+01,2.083632e+01,2.080150e+01,2.080150e+01,2.078060e+01,2.073879e+01,2.079453e+01,2.081543e+01,2.085024e+01,2.091287e+01,2.090592e+01,2.077363e+01,2.082239e+01,2.081543e+01,2.083632e+01,2.082239e+01,2.080846e+01,2.080846e+01,2.078757e+01,2.075273e+01,2.075273e+01,2.082935e+01,2.082935e+01,2.082239e+01,2.080150e+01,2.080846e+01,2.074576e+01,2.080150e+01,2.084328e+01,2.089200e+01,2.089200e+01,2.080846e+01,2.080846e+01,2.084328e+01,2.078060e+01,2.086416e+01,2.078060e+01,2.082935e+01,2.080846e+01,2.093374e+01,2.087808e+01,2.073182e+01,2.094765e+01,2.082935e+01,2.098242e+01,2.073879e+01,2.082239e+01,2.082935e+01,2.085720e+01,2.087112e+01,2.084328e+01,2.087112e+01,2.094765e+01,2.097547e+01,2.073182e+01,2.078757e+01,2.091983e+01,2.078757e+01,2.081543e+01,2.080150e+01,2.090592e+01,2.076667e+01,2.074576e+01,2.067605e+01,2.073879e+01,2.082935e+01,2.076667e+01,2.077363e+01,2.074576e+01,2.075273e+01,2.075273e+01,2.078757e+01,2.084328e+01,2.089200e+01,2.087112e+01,2.079453e+01,2.097547e+01,2.077363e+01,2.078060e+01,2.085024e+01,2.084328e+01,2.073879e+01,2.077363e+01,2.087808e+01,2.079453e+01,2.083632e+01,2.077363e+01,2.096156e+01,2.074576e+01,2.078757e+01,2.075970e+01,2.082239e+01,2.082935e+01,2.082239e+01,2.082935e+01,2.082239e+01,2.084328e+01,2.082935e+01,2.061327e+01,2.082239e+01,2.069697e+01,2.075970e+01,2.080846e+01,2.078060e+01,2.077363e+01,2.079453e+01,2.079453e+01,2.076667e+01,2.076667e+01,2.081543e+01,2.069697e+01,2.071091e+01,2.066908e+01,2.080150e+01,2.080846e+01,2.077363e+01,2.086416e+01,2.093374e+01,2.078757e+01,2.077363e+01,2.075273e+01,2.079453e+01,2.073879e+01,2.078060e+01,2.071091e+01,2.080150e+01,2.090592e+01,2.064118e+01,2.084328e+01,2.078757e+01,2.074576e+01,2.081543e+01,2.072486e+01,2.083632e+01,2.082239e+01,2.081543e+01,2.081543e+01,2.087808e+01,2.090592e+01,2.078757e+01,2.088504e+01,2.089200e+01,2.084328e+01,2.074576e+01,2.078060e+01,2.071091e+01,2.069697e+01
2.078757e+01,2.075970e+01,2.057838e+01,2.078060e+01,2.082239e+01,2.057140e+01,2.073879e+01,2.075273e+01,2.077363e+01,2.055743e+01,2.066211e+01,2.078757e+01,2.081543e+01,2.072486e+01,2.077363e+01,2.078757e+01,2.069697e+01,2.064816e+01,2.071789e+01,2.073879e+01,2.064816e+01,2.075273e+01,2.073879e+01,2.068303e+01,2.071091e+01,2.080150e+01,2.066211e+01,2.069697e+01,2.070394e+01,2.073182e+01,2.057838e+01,2.078757e+01,2.073879e+01,2.064118e+01,2.059932e+01,2.072486e+01,2.071789e+01,2.075970e+01,2.072486e+01,2.073879e+01,2.069697e+01,2.075273e+01,2.071789e+01,2.077363e+01,2.069000e+01,2.082239e+01,2.076667e+01,2.079453e+01,2.078757e+01,2.080150e+01,2.079453e+01,2.087112e+01,2.078060e+01,2.071789e+01,2.086416e+01,2.089896e+01,2.086416e+01,2.090592e+01,2.088504e+01,2.087808e+01,2.086416e+01,2.088504e+01,2.075970e+01,2.071091e+01,2.091983e+01,2.087112e+01,2.080846e+01,2.082239e+01,2.081543e+01,2.090592e+01,2.086416e+01,2.089200e+01,2.086416e+01,2.082935e+01,2.084328e+01,2.088504e+01,2.086416e+01,2.080846e+01,2.085720e+01,2.065513e+01,2.090592e+01,2.087808e+01,2.090592e+01,2.077363e+01,2.078060e+01,2.082935e+01,2.084328e+01,2.087112e+01,2.080150e+01,2.085024e+01,2.089896e+01,2.075970e+01,2.071091e+01,2.076667e+01,2.081543e+01,2.083632e+01,2.077363e+01,2.080150e+01,2.069000e+01,2.071789e+01,2.079453e+01,2.075970e+01,2.082239e+01,2.075970e+01,2.080846e+01,2.074576e+01,2.079453e+01,2.081543e+01,2.076667e+01,2.075273e+01,2.074576e+01,2.071789e+01,2.072486e+01,2.068303e+01,2.070394e+01,2.071091e+01,2.066211e+01,2.072486e+01,2.072486e+01,2.075273e+01,2.072486e+01,2.074576e+01,2.080150e+01,2.080846e+01,2.069000e+01,2.066211e+01,2.073879e+01,2.069697e+01,2.080150e+01,2.081543e+01,2.081543e+01,2.078060e+01,2.072486e+01,2.071789e+01,2.073182e+01,2.080150e+01,2.078757e+01,2.073879e+01,2.071789e+01,2.075970e+01,2.074576e+01,2.074576e+01,2.074576e+01,2.073182e+01,2.073182e+01,2.076667e+01,2.088504e+01,2.080150e+01,2.071789e+01,2.071091e+01,2.083632e+01,2.085024e+01,2.066908e+01,2.069697e+01,2.076667e+01,2.078060e+01,2.076667e+01,2.066908e+01,2.072486e+01,2.069000e+01,2.073182e+01,2.072486e+01,2.069697e+01,2.071789e+01,2.073182e+01,2.067605e+01,2.086416e+01,2.071091e+01,2.073182e+01,2.064118e+01,2.075273e+01,2.066211e+01,2.070394e+01,2.080150e+01,2.056442e+01,2.057838e+01,2.050855e+01,2.027078e+01,2.012364e+01,1.964570e+01,1.945529e+01,1.908756e+01,1.888189e+01,1.858326e+01,1.849064e+01,1.846213e+01,1.842648e+01,1.826230e+01,1.829087e+01,1.825516e+01,1.818369e+01,1.818369e+01,1.823372e+01,1.831230e+01,1.832658e+01,1.806922e+01,1.834799e+01,1.838367e+01,1.829801e+01,1.842648e+01,1.840508e+01,1.834085e+01,1.821943e+01,1.826944e+01,1.819798e+01,1.831944e+01,1.786142e+01,1.814793e+01,1.814793e+01,1.821943e+01,1.817653e+01,1.819798e+01,1.819798e+01,1.817653e+01,1.821943e+01,1.816938e+01,1.818369e+01,1.813362e+01,1.829087e+01,1.836940e+01,1.826230e+01,1.835513e+01,1.834085e+01,1.834085e+01,1.820513e+01,1.829801e+01,1.846926e+01,1.848352e+01,1.858326e+01,1.855477e+01,1.861886e+01,1.860462e+01,1.873980e+01,1.894576e+01,1.939174e+01,1.970205e+01,2.003946e+01,2.031278e+01,2.043868e+01,2.073182e+01,2.070394e+01,2.074576e+01,2.069000e+01,2.064118e+01,2.073182e+01,2.071789e+01,2.073182e+01,2.071091e+01,2.073879e+01,2.072486e+01,2.066211e+01,2.069697e+01,2.044567e+01,2.003946e+01,1.963161e+01,1.938468e+01,1.886059e+01,1.861174e+01,1.854053e+01,1.848352e+01,1.852628e+01,1.851203e+01,1.841221e+01,1.847639e+01,1.841934e+01,1.855477e+01,1.858326e+01,1.846213e+01,1.849064e+01,1.860462e+01,1.851915e+01,1.856902e+01,1.864021e+01,1.860462e+01,1.867579e+01,1.864733e+01,1.883928e+01,1.871847e+01,1.914422e+01,1.930695e+01,1.974428e+01,2.005350e+01,2.043868e+01,2.066211e+01,2.071091e+01,2.069000e+01,2.075273e+01,2.078060e+01,2.069697e+01,2.075273e+01,2.078060e+01,2.073879e+01,2.078757e+01,2.078757e+01,2.074576e+01,2.076667e+01,2.079453e+01,2.075970e+01,2.094070e+01,2.069000e+01,2.069697e+01,2.068303e+01,2.067605e+01,2.052252e+01,2.039673e+01,2.020774e+01,2.022176e+01,1.996926e+01,2.013065e+01,2.014467e+01,2.001841e+01,1.999735e+01,1.998330e+01,1.993414e+01,1.973021e+01,1.956112e+01,1.957522e+01,1.915130e+01,1.925038e+01,1.929988e+01,1.927867e+01,1.939881e+01,1.940587e+01,1.958227e+01,1.958227e+01,1.963161e+01,1.981464e+01,1.988495e+01,2.001841e+01,2.012364e+01,2.033377e+01,2.032678e+01,2.030578e+01,2.041071e+01,2.057838e+01,2.052950e+01,2.062025e+01,2.057140e+01,2.057838e+01,2.034777e+01,2.022876e+01,2.012364e+01,1.994117e+01,1.992711e+01,1.989198e+01,1.982168e+01,1.980761e+01,2.002542e+01,2.007454e+01,2.031978e+01,2.036176e+01,2.036176e+01,2.036875e+01,2.052950e+01,2.070394e+01,2.072486e+01,2.071789e+01,2.069697e+01,2.066908e+01,2.069697e+01,2.061327e+01,2.038274e+01,2.035476e+01,2.027078e+01,2.031278e+01,2.021475e+01,2.022176e+01,2.035476e+01,2.063420e+01,2.069000e+01,2.064816e+01,2.069000e+01,2.074576e+01,2.063420e+01,2.071091e+01,2.073879e+01,2.072486e+01,2.073182e+01,2.074576e+01,2.074576e+01,2.071789e+01,2.075970e+01,2.070394e+01,2.072486e+01,2.073182e+01,2.068303e+01,2.037575e+01,1.973021e+01,1.927867e+01,1.888189e+01,1.884638e+01,1.894576e+01,1.886769e+01,1.876823e+01,1.884638e+01,1.876823e+01,1.876112e+01,1.878245e+01,1.875401e+01,1.903087e+01,1.967388e+01,2.066908e+01,2.066908e+01,2.082239e+01,2.066908e+01,2.069000e+01,2.081543e+01,2.081543e+01,2.081543e+01,2.081543e+01,2.083632e+01,2.083632e+01,2.078060e+01,2.081543e+01,2.083632e+01,2.085720e+01,2.082239e+01,2.071789e+01,2.078060e+01,2.077363e+01,2.080150e+01,2.080846e+01,2.082935e+01,2.080150e+01,2.086416e+01,2.089896e+01,2.084328e+01,2.076667e+01,2.085720e+01,2.082935e+01,2.089200e+01,2.090592e+01,2.076667e+01,2.089896e+01,2.089200e+01,2.087808e+01,2.089200e+01,2.089200e+01,2.085720e+01,2.082239e+01,2.076667e+01,2.077363e+01,2.090592e+01,2.078757e+01,2.083632e+01,2.080846e+01,2.082239e+01,2.082239e+01,2.079453e+01,2.087112e+01,2.081543e+01,2.092679e+01,2.087112e+01,2.082935e+01,2.088504e+01,2.081543e+01,2.081543e+01,2.080846e+01,2.082935e+01,2.083632e+01,2.081543e+01,2.086416e+01,2.095461e+01,2.094070e+01,2.072486e+01,2.074576e+01,2.097547e+01,2.081543e+01,2.085024e+01,2.079453e+01,2.087112e+01,2.075970e+01,2.080846e+01,2.075970e+01,2.081543e+01,2.076667e+01,2.085720e+01,2.079453e+01,2.078060e+01,2.075970e+01,2.081543e+01,2.075970e+01,2.085024e+01,2.078757e+01,2.075273e+01,2.078060e+01,2.076667e+01,2.082935e+01,2.080150e+01,2.079453e+01,2.075273e+01,2.078060e+01,2.078757e+01,2.065513e+01,2.085720e+01,2.079453e+01,2.079453e+01,2.088504e+01,2.079453e+01,2.080150e+01,2.087112e+01,2.091287e+01,2.080150e+01,2.081543e+01,2.079453e+01,2.072486e+01,2.081543e+01,2.071789e+01,2.079453e+01,2.084328e+01,2.089200e+01,2.078060e+01,2.078757e+01,2.078757e+01,2.080150e+01,2.075970e+01,2.078060e+01,2.081543e+01,2.080150e+01,2.087808e+01,2.082935e+01,2.079453e+01,2.087112e+01,2.079453e+01,2.077363e+01,2.088504e+01,2.083632e+01,2.085720e+01,2.081543e+01,2.082935e+01,2.083632e+01,2.082239e+01,2.094070e+01,2.082935e+01,2.074576e+01,2.080150e+01,2.087112e+01,2.081543e+01,2.081543e+01,2.082935e+01,2.081543e+01,2.085720e+01,2.071091e+01,2.073182e+01,2.082935e+01,2.080846e+01,2.096852e+01,2.080150e+01,2.082935e+01,2.088504e+01,2.079453e+01,2.071789e+01,2.080846e+01,2.077363e+01,2.071789e+01,2.083632e+01,2.082935e+01,2.076667e+01,2.080150e+01,2.075273e+01,2.077363e+01,2.076667e+01,2.075273e+01,2.075970e+01,2.080846e+01,2.069000e+01,2.084328e+01,2.073879e+01,2.086416e+01,2.090592e+01,2.075273e+01,2.074576e+01,2.087808e+01,2.085024e+01,2.083632e+01,2.085720e+01,2.080150e+01,2.071789e+01,2.082935e+01,2.078757e+01,2.069000e+01,2.072486e+01,2.076667e+01,2.082239e+01,2.083632e+01,2.080150e+01,2.067605e+01,2.055743e+01,2.083632e+01,2.082935e+01,2.085024e+01,2.087112e+01,2.077363e+01,2.083632e+01,2.072486e+01,2.073879e+01,2.079453e+01,2.070394e+01,2.071091e+01,2.071091e+01,2.048061e+01,2.080846e+01,2.078757e+01,2.071091e+01,2.082935e+01,2.081543e+01,2.077363e+01,2.073879e+01,2.080150e+01,2.087808e+01,2.078757e+01,2.072486e+01,2.080150e+01,2.076667e+01,2.078757e+01,2.089896e+01,2.073182e+01,2.075970e+01,2.072486e+01,2.066211e+01,2.081543e+01,2.064118e+01,2.064118e+01,2.080846e+01,2.080150e+01,2.076667e+01,2.077363e+01,2.088504e+01,2.078757e+01,2.085024e+01,2.090592e+01,2.088504e+01,2.089200e+01,2.069697e+01,2.075273e+01,2.086416e+01,2.077363e+01,2.076667e+01,2.081543e+01,2.084328e+01
2.079453e+01,2.066908e+01,2.073182e+01,2.071789e+01,2.074576e+01,2.069000e+01,2.073182e+01,2.070394e+01,2.073182e+01,2.059932e+01,2.066908e+01,2.078757e+01,2.069000e+01,2.080150e+01,2.063420e+01,2.076667e+01,2.067605e+01,2.067605e+01,2.057838e+01,2.083632e+01,2.063420e+01,2.071091e+01,2.071091e+01,2.078060e+01,2.069000e+01,2.070394e+01,2.066211e+01,2.076667e+01,2.068303e+01,2.078757e+01,2.064118e+01,2.059932e+01,2.065513e+01,2.082239e+01,2.068303e+01,2.072486e+01,2.047362e+01,2.072486e+01,2.080846e+01,2.069000e+01,2.076667e+01,2.077363e+01,2.069000e+01,2.074576e+01,2.084328e+01,2.092679e+01,2.073182e+01,2.078757e+01,2.075273e+01,2.074576e+01,2.071789e+01,2.095461e+01,2.075970e+01,2.071789e+01,2.087112e+01,2.069697e+01,2.090592e+01,2.070394e+01,2.083632e+01,2.085720e+01,2.085024e+01,2.085720e+01,2.096852e+01,2.072486e+01,2.091983e+01,2.090592e+01,2.083632e+01,2.080846e+01,2.088504e+01,2.078757e+01,2.075970e+01,2.072486e+01,2.087808e+01,2.078757e+01,2.085024e+01,2.082239e+01,2.073879e+01,2.087112e+01,2.080846e+01,2.076667e+01,2.086416e+01,2.074576e+01,2.080150e+01,2.085720e+01,2.076667e+01,2.080150e+01,2.082239e+01,2.081543e+01,2.085720e+01,2.085720e+01,2.076667e+01,2.071789e+01,2.080150e+01,2.070394e+01,2.080150e+01,2.072486e+01,2.085720e+01,2.082239e+01,2.077363e+01,2.070394e+01,2.071091e+01,2.075273e+01,2.078757e+01,2.071789e+01,2.080846e+01,2.071091e+01,2.081543e+01,2.075273e+01,2.071091e+01,2.074576e+01,2.087808e+01,2.072486e+01,2.076667e+01,2.082239e+01,2.071091e+01,2.069000e+01,2.076667e+01,2.085024e+01,2.071091e+01,2.073182e+01,2.071789e+01,2.073182e+01,2.073879e+01,2.077363e+01,2.079453e+01,2.080846e+01,2.080846e+01,2.078757e+01,2.085024e+01,2.087808e+01,2.079453e+01,2.076667e+01,2.071091e+01,2.078060e+01,2.083632e+01,2.076667e+01,2.082935e+01,2.075970e+01,2.085024e+01,2.076667e+01,2.075273e+01,2.075970e+01,2.070394e+01,2.073182e+01,2.070394e+01,2.074576e+01,2.073879e+01,2.072486e+01,2.073879e+01,2.067605e+01,2.075273e+01,2.084328e+01,2.066908e+01,2.073879e+01,2.072486e+01,2.072486e+01,2.069000e+01,2.071091e+01,2.085024e+01,2.067605e+01,2.071091e+01,2.071789e+01,2.069000e+01,2.067605e+01,2.073182e+01,2.073182e+01,2.073879e+01,2.068303e+01,2.058536e+01,2.077363e+01,2.079453e+01,2.082239e+01,2.062723e+01,2.069000e+01,2.073879e+01,2.059932e+01,2.043868e+01,2.008857e+01,1.973021e+01,1.935642e+01,1.908047e+01,1.866867e+01,1.856902e+01,1.856190e+01,1.847639e+01,1.841934e+01,1.829087e+01,1.829801e+01,1.824087e+01,1.820513e+01,1.825516e+01,1.827659e+01,1.829801e+01,1.826230e+01,1.832658e+01,1.831230e+01,1.833372e+01,1.836227e+01,1.836227e+01,1.836227e+01,1.832658e+01,1.826944e+01,1.834085e+01,1.824801e+01,1.813362e+01,1.832658e+01,1.814078e+01,1.812647e+01,1.824087e+01,1.815508e+01,1.825516e+01,1.819083e+01,1.819798e+01,1.818369e+01,1.821228e+01,1.820513e+01,1.829801e+01,1.822657e+01,1.823372e+01,1.826230e+01,1.844074e+01,1.837654e+01,1.836940e+01,1.829801e+01,1.831944e+01,1.845500e+01,1.846213e+01,1.848352e+01,1.848352e+01,1.851915e+01,1.870424e+01,1.871847e+01,1.885349e+01,1.927867e+01,1.944823e+01,1.969500e+01,2.025677e+01,2.055743e+01,2.057140e+01,2.068303e+01,2.073182e+01,2.073879e+01,2.071789e+01,2.071091e+01,2.075273e+01,2.074576e+01,2.071789e+01,2.075273e+01,2.080846e+01,2.071789e+01,2.073182e+01,2.066908e+01,2.044567e+01,2.006753e+01,1.972317e+01,1.929281e+01,1.884638e+01,1.866156e+01,1.872558e+01,1.856902e+01,1.863309e+01,1.849064e+01,1.846213e+01,1.857614e+01,1.859038e+01,1.856902e+01,1.858326e+01,1.859038e+01,1.859750e+01,1.859038e+01,1.880376e+01,1.871847e+01,1.865444e+01,1.885349e+01,1.878245e+01,1.878245e+01,1.886769e+01,1.892448e+01,1.922208e+01,1.951880e+01,1.968796e+01,2.021475e+01,2.053649e+01,2.069697e+01,2.071789e+01,2.066211e+01,2.073182e+01,2.073182e+01,2.081543e+01,2.075970e+01,2.066908e+01,2.072486e+01,2.078757e+01,2.068303e+01,2.074576e+01,2.076667e+01,2.076667e+01,2.069697e+01,2.077363e+01,2.075273e+01,2.064816e+01,2.065513e+01,2.052950e+01,2.038974e+01,2.033377e+01,2.017271e+01,2.003946e+01,1.994819e+01,1.993414e+01,1.995521e+01,1.994117e+01,1.996926e+01,1.998330e+01,2.008857e+01,1.987090e+01,1.963161e+01,1.963865e+01,1.926452e+01,1.931402e+01,1.918670e+01,1.929988e+01,1.939881e+01,1.929988e+01,1.939174e+01,1.941999e+01,1.959637e+01,1.956817e+01,1.969500e+01,1.987090e+01,2.005350e+01,2.009559e+01,2.010260e+01,2.025677e+01,2.036176e+01,2.042470e+01,2.060629e+01,2.062025e+01,2.059932e+01,2.064816e+01,2.039673e+01,2.035476e+01,2.005350e+01,2.003946e+01,1.995521e+01,1.982871e+01,1.990604e+01,1.970205e+01,1.974428e+01,1.981464e+01,1.998330e+01,2.010260e+01,2.031278e+01,2.032678e+01,2.043169e+01,2.057140e+01,2.071091e+01,2.072486e+01,2.069697e+01,2.066908e+01,2.067605e+01,2.050157e+01,2.049458e+01,2.015168e+01,2.013065e+01,2.017972e+01,2.001841e+01,2.014467e+01,2.021475e+01,2.025677e+01,2.050855e+01,2.058536e+01,2.062723e+01,2.070394e+01,2.069000e+01,2.071789e+01,2.071091e+01,2.073182e+01,2.072486e+01,2.071091e+01,2.073182e+01,2.068303e+01,2.082239e+01,2.084328e+01,2.076667e+01,2.075970e+01,2.064118e+01,2.042470e+01,1.973725e+01,1.927867e+01,1.887479e+01,1.889609e+01,1.884638e+01,1.886769e+01,1.888189e+01,1.890318e+01,1.889609e+01,1.878245e+01,1.881087e+01,1.877534e+01,1.900251e+01,1.931402e+01,2.024277e+01,2.066211e+01,2.073879e+01,2.087112e+01,2.076667e+01,2.082239e+01,2.077363e+01,2.081543e+01,2.082239e+01,2.080846e+01,2.082935e+01,2.083632e+01,2.085720e+01,2.080846e+01,2.081543e+01,2.080846e+01,2.080846e+01,2.090592e+01,2.080150e+01,2.082935e+01,2.079453e+01,2.081543e+01,2.085024e+01,2.083632e+01,2.093374e+01,2.090592e+01,2.090592e+01,2.082935e+01,2.085720e+01,2.082935e+01,2.089896e+01,2.073879e+01,2.087808e+01,2.075970e+01,2.080846e+01,2.087112e+01,2.087112e+01,2.087808e+01,2.081543e+01,2.087808e+01,2.074576e+01,2.083632e+01,2.080846e+01,2.080150e+01,2.064816e+01,2.078060e+01,2.083632e+01,2.080846e+01,2.082239e+01,2.094070e+01,2.073182e+01,2.071091e+01,2.082239e+01,2.091983e+01,2.071091e+01,2.083632e+01,2.081543e+01,2.069000e+01,2.085024e+01,2.074576e+01,2.073879e+01,2.077363e+01,2.086416e+01,2.086416e+01,2.073879e+01,2.078060e+01,2.081543e+01,2.082935e+01,2.076667e+01,2.085720e+01,2.073182e+01,2.083632e+01,2.086416e+01,2.075970e+01,2.074576e+01,2.080150e+01,2.075273e+01,2.076667e+01,2.076667e+01,2.075970e+01,2.075970e+01,2.077363e+01,2.080150e+01,2.081543e+01,2.077363e+01,2.078060e+01,2.075970e+01,2.077363e+01,2.083632e+01,2.079453e+01,2.080150e+01,2.089200e+01,2.083632e+01,2.075970e+01,2.069697e+01,2.078757e+01,2.072486e+01,2.083632e+01,2.079453e+01,2.079453e+01,2.075273e+01,2.094070e+01,2.089896e+01,2.073182e+01,2.081543e+01,2.071091e+01,2.048759e+01,2.077363e+01,2.079453e+01,2.077363e+01,2.088504e+01,2.077363e+01,2.091287e+01,2.067605e+01,2.088504e+01,2.070394e+01,2.080150e+01,2.080846e+01,2.071091e+01,2.073879e+01,2.085024e+01,2.087112e+01,2.077363e+01,2.086416e+01,2.094765e+01,2.087808e+01,2.086416e+01,2.083632e+01,2.070394e+01,2.081543e+01,2.082239e+01,2.080150e+01,2.084328e+01,2.085024e+01,2.082935e+01,2.073879e+01,2.096156e+01,2.091983e+01,2.080846e+01,2.087808e+01,2.084328e+01,2.084328e+01,2.077363e+01,2.079453e+01,2.073879e+01,2.077363e+01,2.080150e+01,2.078060e+01,2.082239e+01,2.091983e+01,2.076667e+01,2.079453e+01,2.078757e+01,2.070394e+01,2.079453e+01,2.080150e+01,2.072486e+01,2.074576e+01,2.084328e+01,2.078757e+01,2.081543e+01,2.064118e+01,2.085720e+01,2.082935e+01,2.079453e+01,2.088504e+01,2.071789e+01,2.071789e+01,2.073182e+01,2.077363e+01,2.085024e+01,2.082935e+01,2.085720e+01,2.085024e+01,2.071091e+01,2.090592e+01,2.081543e+01,2.082239e+01,2.068303e+01,2.081543e+01,2.080846e+01,2.082239e+01,2.080846e+01,2.083632e+01,2.071091e+01,2.080846e+01,2.078060e+01,2.069697e+01,2.081543e+01,2.084328e+01,2.072486e+01,2.085024e+01,2.085024e+01,2.072486e+01,2.076667e+01,2.076667e+01,2.069000e+01,2.078757e+01,2.074576e+01,2.083632e+01,2.081543e+01,2.079453e+01,2.078060e+01,2.078060e+01,2.078060e+01,2.087112e+01,2.082239e+01,2.071091e+01,2.085024e+01,2.064816e+01,2.084328e+01,2.079453e+01,2.077363e+01,2.078757e+01,2.073182e+01,2.069697e+01,2.071091e+01,2.069000e+01,2.089200e+01,2.072486e+01,2.085024e+01,2.086416e+01,2.080846e+01,2.066908e+01,2.072486e+01,2.075970e+01,2.080150e+01,2.087112e+01,2.080846e+01,2.065513e+01,2.068303e+01,2.075970e+01,2.070394e+01,2.064118e+01,2.078060e+01,2.093374e+01,2.078757e+01,2.081543e+01,2.078060e+01
2.078060e+01,2.071091e+01,2.069000e+01,2.054347e+01,2.071091e+01,2.082935e+01,2.061327e+01,2.074576e+01,2.073879e+01,2.073182e+01,2.078060e+01,2.061327e+01,2.079453e+01,2.069697e+01,2.079453e+01,2.077363e+01,2.065513e+01,2.078060e+01,2.055743e+01,2.072486e+01,2.075273e+01,2.055743e+01,2.060629e+01,2.063420e+01,2.079453e+01,2.081543e+01,2.070394e+01,2.071091e+01,2.068303e+01,2.095461e+01,2.097547e+01,2.066211e+01,2.074576e+01,2.061327e+01,2.068303e+01,2.073879e+01,2.074576e+01,2.075273e+01,2.073182e+01,2.081543e+01,2.071789e+01,2.070394e+01,2.075970e+01,2.071789e+01,2.084328e+01,2.073879e+01,2.078757e+01,2.089200e+01,2.078757e+01,2.075970e+01,2.082239e+01,2.076667e+01,2.073879e+01,2.076667e+01,2.073182e+01,2.073879e+01,2.087808e+01,2.090592e+01,2.089200e+01,2.087808e+01,2.088504e+01,2.082935e+01,2.091287e+01,2.089200e+01,2.075273e+01,2.088504e+01,2.089200e+01,2.069697e+01,2.087112e+01,2.087112e+01,2.080150e+01,2.088504e+01,2.083632e+01,2.088504e+01,2.080150e+01,2.089896e+01,2.089896e+01,2.078060e+01,2.094765e+01,2.081543e+01,2.087112e+01,2.073182e+01,2.086416e+01,2.090592e+01,2.083632e+01,2.080150e+01,2.075273e+01,2.082935e+01,2.078060e+01,2.080150e+01,2.094765e+01,2.078060e+01,2.071091e+01,2.087112e+01,2.082935e+01,2.075273e+01,2.094070e+01,2.086416e+01,2.078060e+01,2.073879e+01,2.077363e+01,2.075970e+01,2.078757e+01,2.075970e+01,2.076667e+01,2.072486e+01,2.073879e+01,2.072486e+01,2.075970e+01,2.071091e+01,2.080150e+01,2.079453e+01,2.069000e+01,2.075970e+01,2.081543e+01,2.076667e+01,2.069697e+01,2.062723e+01,2.082935e+01,2.073879e+01,2.080846e+01,2.080150e+01,2.070394e+01,2.074576e+01,2.062025e+01,2.080150e+01,2.078757e+01,2.071091e+01,2.085720e+01,2.080150e+01,2.086416e+01,2.086416e+01,2.084328e+01,2.080846e+01,2.085720e+01,2.078757e+01,2.075970e+01,2.073182e+01,2.069697e+01,2.069697e+01,2.075273e+01,2.063420e+01,2.073182e+01,2.087808e+01,2.073182e+01,2.077363e+01,2.074576e+01,2.071789e+01,2.083632e+01,2.073182e+01,2.077363e+01,2.067605e+01,2.069697e+01,2.072486e+01,2.076667e+01,2.063420e+01,2.080150e+01,2.073879e+01,2.080846e+01,2.066908e+01,2.065513e+01,2.080150e+01,2.078060e+01,2.077363e+01,2.066211e+01,2.071091e+01,2.072486e+01,2.058536e+01,2.066211e+01,2.059234e+01,2.073182e+01,2.081543e+01,2.065513e+01,2.063420e+01,2.056442e+01,2.050855e+01,2.008156e+01,1.968796e+01,1.935642e+01,1.893867e+01,1.888899e+01,1.865444e+01,1.856190e+01,1.838367e+01,1.828373e+01,1.841221e+01,1.839081e+01,1.839081e+01,1.835513e+01,1.821228e+01,1.830515e+01,1.824801e+01,1.819083e+01,1.830515e+01,1.829087e+01,1.831230e+01,1.834085e+01,1.844787e+01,1.836940e+01,1.840508e+01,1.835513e+01,1.833372e+01,1.823372e+01,1.819798e+01,1.811216e+01,1.826230e+01,1.821228e+01,1.807638e+01,1.808354e+01,1.811932e+01,1.817653e+01,1.817653e+01,1.817653e+01,1.819083e+01,1.818369e+01,1.815508e+01,1.826944e+01,1.818369e+01,1.825516e+01,1.831230e+01,1.837654e+01,1.836940e+01,1.836227e+01,1.841221e+01,1.845500e+01,1.849777e+01,1.852628e+01,1.849064e+01,1.851203e+01,1.876112e+01,1.889609e+01,1.887479e+01,1.910173e+01,1.949764e+01,1.970205e+01,2.010260e+01,2.050157e+01,2.066211e+01,2.078060e+01,2.072486e+01,2.068303e+01,2.059932e+01,2.073879e+01,2.080846e+01,2.080150e+01,2.073182e+01,2.072486e+01,2.073879e+01,2.070394e+01,2.080846e+01,2.059234e+01,2.069697e+01,2.041770e+01,2.010961e+01,1.980058e+01,1.927160e+01,1.888899e+01,1.864021e+01,1.868290e+01,1.864733e+01,1.868290e+01,1.867579e+01,1.869002e+01,1.859750e+01,1.871135e+01,1.860462e+01,1.879666e+01,1.860462e+01,1.879666e+01,1.861174e+01,1.884638e+01,1.886059e+01,1.864733e+01,1.886059e+01,1.892448e+01,1.878955e+01,1.895286e+01,1.893867e+01,1.935642e+01,1.973725e+01,1.978650e+01,2.024277e+01,2.057838e+01,2.064816e+01,2.067605e+01,2.073879e+01,2.063420e+01,2.081543e+01,2.085024e+01,2.071789e+01,2.071091e+01,2.081543e+01,2.073879e+01,2.075970e+01,2.074576e+01,2.078757e+01,2.069000e+01,2.068303e+01,2.077363e+01,2.059234e+01,2.052950e+01,2.044567e+01,2.029178e+01,2.017972e+01,1.999033e+01,2.008857e+01,1.983574e+01,1.989198e+01,1.983574e+01,1.982871e+01,1.993414e+01,2.010260e+01,2.010961e+01,2.008857e+01,2.006753e+01,1.992711e+01,1.964570e+01,1.935642e+01,1.934936e+01,1.915838e+01,1.925038e+01,1.922916e+01,1.929281e+01,1.928574e+01,1.941293e+01,1.952586e+01,1.962456e+01,1.973725e+01,1.971613e+01,1.977947e+01,1.992009e+01,1.999033e+01,2.013065e+01,2.017972e+01,2.041770e+01,2.038274e+01,2.062025e+01,2.061327e+01,2.065513e+01,2.064816e+01,2.032678e+01,2.025677e+01,2.002542e+01,1.995521e+01,1.985683e+01,1.972317e+01,1.972317e+01,1.974428e+01,1.980058e+01,1.977947e+01,2.020074e+01,1.997628e+01,2.030578e+01,2.030578e+01,2.050855e+01,2.059234e+01,2.069697e+01,2.069000e+01,2.073879e+01,2.073879e+01,2.062025e+01,2.048759e+01,2.016570e+01,2.015869e+01,2.001139e+01,1.995521e+01,1.998330e+01,1.994819e+01,2.010260e+01,2.030578e+01,2.049458e+01,2.063420e+01,2.068303e+01,2.071091e+01,2.064816e+01,2.073182e+01,2.073182e+01,2.075970e+01,2.064118e+01,2.070394e+01,2.071789e+01,2.074576e+01,2.072486e+01,2.074576e+01,2.072486e+01,2.062723e+01,2.046663e+01,1.984277e+01,1.934229e+01,1.891738e+01,1.881797e+01,1.885349e+01,1.885349e+01,1.895995e+01,1.898832e+01,1.900960e+01,1.878955e+01,1.877534e+01,1.863309e+01,1.873269e+01,1.896704e+01,1.987792e+01,2.064118e+01,2.066211e+01,2.076667e+01,2.080150e+01,2.080846e+01,2.086416e+01,2.080150e+01,2.081543e+01,2.077363e+01,2.082935e+01,2.082935e+01,2.081543e+01,2.069697e+01,2.082935e+01,2.089200e+01,2.081543e+01,2.081543e+01,2.082239e+01,2.083632e+01,2.081543e+01,2.076667e+01,2.085720e+01,2.073879e+01,2.087112e+01,2.085720e+01,2.086416e+01,2.082239e+01,2.080846e+01,2.082935e+01,2.085024e+01,2.075273e+01,2.083632e+01,2.079453e+01,2.079453e+01,2.087808e+01,2.087808e+01,2.082935e+01,2.087808e+01,2.084328e+01,2.085720e+01,2.083632e+01,2.082239e+01,2.084328e+01,2.083632e+01,2.088504e+01,2.083632e+01,2.080150e+01,2.088504e+01,2.081543e+01,2.084328e+01,2.082239e+01,2.086416e+01,2.083632e+01,2.080846e+01,2.082935e+01,2.079453e+01,2.087112e+01,2.080150e+01,2.087112e+01,2.072486e+01,2.089896e+01,2.080846e+01,2.083632e+01,2.073879e+01,2.078757e+01,2.078757e+01,2.078757e+01,2.077363e+01,2.081543e+01,2.073879e+01,2.087808e+01,2.074576e+01,2.080150e+01,2.073182e+01,2.083632e+01,2.073182e+01,2.073879e+01,2.077363e+01,2.075970e+01,2.078060e+01,2.086416e+01,2.076667e+01,2.079453e+01,2.082239e+01,2.082239e+01,2.069000e+01,2.082935e+01,2.076667e+01,2.089896e+01,2.082239e+01,2.076667e+01,2.078060e+01,2.078060e+01,2.080150e+01,2.078060e+01,2.079453e+01,2.073182e+01,2.062025e+01,2.076667e+01,2.076667e+01,2.069697e+01,2.077363e+01,2.079453e+01,2.080150e+01,2.074576e+01,2.083632e+01,2.073879e+01,2.080150e+01,2.080150e+01,2.087808e+01,2.084328e+01,2.087112e+01,2.088504e+01,2.081543e+01,2.082935e+01,2.085720e+01,2.083632e+01,2.080846e+01,2.063420e+01,2.085720e+01,2.083632e+01,2.087112e+01,2.085720e+01,2.082935e+01,2.073879e+01,2.089200e+01,2.087112e+01,2.082239e+01,2.081543e+01,2.085024e+01,2.096852e+01,2.081543e+01,2.075970e+01,2.078757e+01,2.076667e+01,2.075970e+01,2.086416e+01,2.086416e+01,2.075273e+01,2.085024e+01,2.084328e+01,2.081543e+01,2.084328e+01,2.077363e+01,2.075273e+01,2.078757e+01,2.080150e+01,2.081543e+01,2.082935e+01,2.072486e+01,2.073879e+01,2.084328e+01,2.079453e+01,2.080150e+01,2.083632e+01,2.078060e+01,2.081543e+01,2.071789e+01,2.075970e+01,2.088504e+01,2.073879e+01,2.075970e+01,2.080150e+01,2.080150e+01,2.085024e+01,2.080846e+01,2.079453e+01,2.079453e+01,2.075970e+01,2.084328e+01,2.084328e+01,2.089896e+01,2.090592e+01,2.075273e+01,2.073879e+01,2.083632e+01,2.079453e+01,2.078060e+01,2.078060e+01,2.078060e+01,2.082935e+01,2.082935e+01,2.078060e+01,2.080846e+01,2.080150e+01,2.078060e+01,2.074576e+01,2.083632e+01,2.085720e+01,2.080846e+01,2.075273e+01,2.067605e+01,2.082239e+01,2.070394e+01,2.071789e+01,2.080150e+01,2.077363e+01,2.078757e+01,2.073182e+01,2.076667e+01,2.078060e+01,2.073879e+01,2.083632e+01,2.082239e+01,2.074576e+01,2.064118e+01,2.078757e+01,2.088504e+01,2.078060e+01,2.078060e+01,2.078757e+01,2.078757e+01,2.079453e+01,2.080150e+01,2.069697e+01,2.072486e+01,2.064816e+01,2.064118e+01,2.089896e+01,2.071789e+01,2.082935e+01,2.076667e+01,2.085024e+01,2.088504e+01,2.084328e+01,2.075273e+01,2.080846e+01,2.080846e+01,2.087112e+01,2.088504e+01,2.078757e+01,2.087112e+01,2.060629e+01,2.082239e+01,2.070394e+01,2.082239e+01,2.074576e+01,2.073879e+01
2.078060e+01,2.075273e+01,2.067605e+01,2.073182e+01,2.066908e+01,2.069000e+01,2.073879e+01,2.073879e+01,2.078060e+01,2.071789e+01,2.078060e+01,2.079453e+01,2.073879e+01,2.073182e+01,2.082239e+01,2.071789e+01,2.080150e+01,2.071789e+01,2.074576e+01,2.076667e+01,2.069697e+01,2.077363e+01,2.069000e+01,2.071091e+01,2.080150e+01,2.079453e+01,2.069697e+01,2.068303e+01,2.068303e+01,2.066211e+01,2.070394e+01,2.073182e+01,2.073182e+01,2.074576e+01,2.078060e+01,2.069697e+01,2.064118e+01,2.077363e+01,2.075273e+01,2.078060e+01,2.079453e+01,2.071789e+01,2.073182e+01,2.075273e+01,2.072486e+01,2.080150e+01,2.069000e+01,2.085024e+01,2.081543e+01,2.080150e+01,2.073182e+01,2.075273e+01,2.076667e+01,2.082935e+01,2.078060e+01,2.073182e+01,2.089896e+01,2.087112e+01,2.075273e+01,2.087808e+01,2.086416e+01,2.089896e+01,2.097547e+01,2.087112e+01,2.079453e+01,2.083632e+01,2.085024e+01,2.083632e+01,2.088504e+01,2.091983e+01,2.093374e+01,2.091983e+01,2.080150e+01,2.083632e+01,2.086416e+01,2.082239e+01,2.089200e+01,2.080846e+01,2.091287e+01,2.089896e+01,2.089200e+01,2.093374e+01,2.077363e+01,2.079453e+01,2.080150e+01,2.084328e+01,2.080150e+01,2.078060e+01,2.079453e+01,2.089200e+01,2.094070e+01,2.079453e+01,2.086416e+01,2.079453e+01,2.082239e+01,2.078757e+01,2.071091e+01,2.095461e+01,2.088504e+01,2.090592e+01,2.071091e+01,2.078060e+01,2.086416e+01,2.080150e+01,2.073879e+01,2.075273e+01,2.074576e+01,2.081543e+01,2.079453e+01,2.080846e+01,2.088504e+01,2.079453e+01,2.077363e+01,2.080846e+01,2.080846e+01,2.078757e+01,2.073182e+01,2.074576e+01,2.072486e+01,2.074576e+01,2.080846e+01,2.081543e+01,2.077363e+01,2.076667e+01,2.078060e+01,2.073182e+01,2.079453e+01,2.084328e+01,2.074576e+01,2.089896e+01,2.085720e+01,2.085720e+01,2.084328e+01,2.079453e+01,2.071789e+01,2.073879e+01,2.079453e+01,2.082935e+01,2.077363e+01,2.076667e+01,2.074576e+01,2.078060e+01,2.073879e+01,2.075970e+01,2.085720e+01,2.076667e+01,2.080150e+01,2.075273e+01,2.069697e+01,2.075273e+01,2.073182e+01,2.072486e+01,2.072486e+01,2.073879e+01,2.075273e+01,2.066908e+01,2.081543e+01,2.082935e+01,2.082239e+01,2.074576e+01,2.073879e+01,2.072486e+01,2.075970e+01,2.070394e+01,2.072486e+01,2.071091e+01,2.069000e+01,2.068303e+01,2.073182e+01,2.078757e+01,2.069697e+01,2.084328e+01,2.080846e+01,2.062723e+01,2.055743e+01,2.042470e+01,1.980761e+01,1.937762e+01,1.903795e+01,1.892448e+01,1.868290e+01,1.863309e+01,1.856190e+01,1.843361e+01,1.832658e+01,1.844787e+01,1.831230e+01,1.836940e+01,1.832658e+01,1.833372e+01,1.829801e+01,1.826230e+01,1.831230e+01,1.834799e+01,1.825516e+01,1.835513e+01,1.844787e+01,1.842648e+01,1.836227e+01,1.834085e+01,1.834799e+01,1.826230e+01,1.819798e+01,1.814078e+01,1.831944e+01,1.822657e+01,1.808354e+01,1.809785e+01,1.804775e+01,1.840508e+01,1.839794e+01,1.836227e+01,1.812647e+01,1.818369e+01,1.817653e+01,1.815508e+01,1.825516e+01,1.826230e+01,1.826230e+01,1.834085e+01,1.849064e+01,1.841934e+01,1.840508e+01,1.834799e+01,1.845500e+01,1.847639e+01,1.856190e+01,1.859038e+01,1.876823e+01,1.891028e+01,1.893867e+01,1.908756e+01,1.944118e+01,1.953291e+01,1.999735e+01,2.025677e+01,2.059932e+01,2.064816e+01,2.072486e+01,2.075970e+01,2.066908e+01,2.066211e+01,2.072486e+01,2.076667e+01,2.070394e+01,2.072486e+01,2.073182e+01,2.074576e+01,2.074576e+01,2.073182e+01,2.077363e+01,2.071091e+01,2.064816e+01,2.011663e+01,1.978650e+01,1.937762e+01,1.899541e+01,1.880376e+01,1.864021e+01,1.881087e+01,1.891028e+01,1.878245e+01,1.881797e+01,1.885349e+01,1.889609e+01,1.889609e+01,1.888899e+01,1.895286e+01,1.884638e+01,1.867579e+01,1.887479e+01,1.886059e+01,1.888189e+01,1.898123e+01,1.900251e+01,1.900251e+01,1.915838e+01,1.923623e+01,1.957522e+01,1.977243e+01,2.018673e+01,2.040372e+01,2.067605e+01,2.080150e+01,2.073182e+01,2.066908e+01,2.071091e+01,2.069697e+01,2.070394e+01,2.070394e+01,2.074576e+01,2.065513e+01,2.075970e+01,2.073182e+01,2.073879e+01,2.066211e+01,2.069000e+01,2.074576e+01,2.062025e+01,2.052252e+01,2.052252e+01,2.019373e+01,2.020774e+01,2.020074e+01,1.993414e+01,1.994819e+01,1.991306e+01,1.980761e+01,1.988495e+01,1.977243e+01,2.006753e+01,2.016570e+01,2.023577e+01,2.020774e+01,2.009559e+01,1.987090e+01,1.965979e+01,1.964570e+01,1.932109e+01,1.931402e+01,1.927867e+01,1.924331e+01,1.917962e+01,1.941293e+01,1.920085e+01,1.946941e+01,1.937762e+01,1.940587e+01,1.940587e+01,1.961047e+01,1.964570e+01,1.982871e+01,1.989198e+01,1.996224e+01,2.023577e+01,2.026378e+01,2.059932e+01,2.045964e+01,2.061327e+01,2.059234e+01,2.055743e+01,2.033377e+01,2.029878e+01,2.027778e+01,1.996224e+01,1.994117e+01,1.970205e+01,1.971613e+01,1.970909e+01,1.982871e+01,1.984277e+01,1.997628e+01,2.024277e+01,2.031278e+01,2.043169e+01,2.050855e+01,2.059932e+01,2.067605e+01,2.073182e+01,2.069697e+01,2.057140e+01,2.055045e+01,2.018673e+01,1.994819e+01,1.987792e+01,1.989198e+01,1.993414e+01,1.982168e+01,2.006051e+01,2.009559e+01,2.020774e+01,2.052252e+01,2.050157e+01,2.070394e+01,2.073879e+01,2.072486e+01,2.064816e+01,2.073182e+01,2.058536e+01,2.062723e+01,2.062723e+01,2.078757e+01,2.086416e+01,2.077363e+01,2.066908e+01,2.065513e+01,2.061327e+01,1.998330e+01,1.926452e+01,1.894576e+01,1.892448e+01,1.897414e+01,1.886059e+01,1.893157e+01,1.899541e+01,1.898832e+01,1.898123e+01,1.882508e+01,1.878245e+01,1.866867e+01,1.886769e+01,1.936349e+01,2.053649e+01,2.064118e+01,2.073879e+01,2.082935e+01,2.073879e+01,2.082935e+01,2.078060e+01,2.080150e+01,2.083632e+01,2.082935e+01,2.086416e+01,2.085720e+01,2.082935e+01,2.083632e+01,2.083632e+01,2.085720e+01,2.081543e+01,2.079453e+01,2.080150e+01,2.076667e+01,2.074576e+01,2.082935e+01,2.074576e+01,2.085720e+01,2.088504e+01,2.076667e+01,2.083632e+01,2.080846e+01,2.080150e+01,2.088504e+01,2.089200e+01,2.076667e+01,2.086416e+01,2.079453e+01,2.075273e+01,2.087112e+01,2.078757e+01,2.084328e+01,2.088504e+01,2.087808e+01,2.089200e+01,2.084328e+01,2.077363e+01,2.076667e+01,2.081543e+01,2.081543e+01,2.092679e+01,2.080150e+01,2.083632e+01,2.085024e+01,2.081543e+01,2.082935e+01,2.075970e+01,2.073879e+01,2.081543e+01,2.085720e+01,2.071091e+01,2.085720e+01,2.085720e+01,2.079453e+01,2.086416e+01,2.079453e+01,2.087112e+01,2.082239e+01,2.080846e+01,2.084328e+01,2.075273e+01,2.089896e+01,2.094765e+01,2.077363e+01,2.087112e+01,2.082239e+01,2.077363e+01,2.080846e+01,2.090592e+01,2.081543e+01,2.085024e+01,2.072486e+01,2.085024e+01,2.078060e+01,2.089896e+01,2.084328e+01,2.079453e+01,2.082239e+01,2.081543e+01,2.071789e+01,2.089200e+01,2.082239e+01,2.082239e+01,2.073879e+01,2.076667e+01,2.082239e+01,2.071789e+01,2.080150e+01,2.080150e+01,2.079453e+01,2.076667e+01,2.080150e+01,2.073879e+01,2.080846e+01,2.080150e+01,2.077363e+01,2.075273e+01,2.076667e+01,2.078060e+01,2.080846e+01,2.077363e+01,2.079453e+01,2.078060e+01,2.079453e+01,2.087808e+01,2.083632e+01,2.086416e+01,2.078757e+01,2.086416e+01,2.082239e+01,2.089200e+01,2.079453e+01,2.078757e+01,2.081543e+01,2.094765e+01,2.084328e+01,2.078757e+01,2.079453e+01,2.078757e+01,2.084328e+01,2.069000e+01,2.080150e+01,2.086416e+01,2.080150e+01,2.079453e+01,2.085024e+01,2.085720e+01,2.073879e+01,2.078757e+01,2.091983e+01,2.085024e+01,2.087808e+01,2.091983e+01,2.080150e+01,2.080150e+01,2.079453e+01,2.077363e+01,2.078060e+01,2.084328e+01,2.077363e+01,2.111443e+01,2.074576e+01,2.097547e+01,2.078757e+01,2.078060e+01,2.078757e+01,2.081543e+01,2.075970e+01,2.084328e+01,2.088504e+01,2.088504e+01,2.085720e+01,2.082239e+01,2.079453e+01,2.074576e+01,2.082239e+01,2.072486e+01,2.082935e+01,2.080846e+01,2.074576e+01,2.072486e+01,2.059932e+01,2.075970e+01,2.089200e+01,2.087112e+01,2.072486e+01,2.081543e+01,2.072486e+01,2.086416e+01,2.070394e+01,2.078757e+01,2.078060e+01,2.073879e+01,2.086416e+01,2.084328e+01,2.083632e+01,2.071091e+01,2.075970e+01,2.085720e+01,2.078060e+01,2.072486e+01,2.082935e+01,2.080846e+01,2.078060e+01,2.079453e+01,2.083632e+01,2.076667e+01,2.081543e+01,2.078060e+01,2.080150e+01,2.076667e+01,2.076667e+01,2.077363e+01,2.078757e+01,2.082239e+01,2.072486e+01,2.069000e+01,2.076667e+01,2.085024e+01,2.075970e+01,2.088504e+01,2.074576e+01,2.088504e+01,2.075273e+01,2.080150e+01,2.079453e+01,2.081543e+01,2.072486e+01,2.071789e+01,2.065513e+01,2.087808e+01,2.074576e+01,2.089200e+01,2.064816e+01,2.083632e+01,2.074576e+01,2.075970e+01,2.076667e+01,2.078060e+01,2.069697e+01,2.076667e+01,2.076667e+01,2.087808e+01,2.078757e+01,2.080150e+01,2.072486e+01,2.083632e+01,2.076667e+01,2.068303e+01,2.078060e+01,2.075273e+01,2.073879e+01
2.078757e+01,2.071789e+01,2.068303e+01,2.065513e+01,2.069000e+01,2.081543e+01,2.071789e+01,2.074576e+01,2.077363e+01,2.070394e+01,2.075273e+01,2.077363e+01,2.077363e+01,2.064816e+01,2.074576e+01,2.072486e+01,2.075273e+01,2.075273e+01,2.068303e+01,2.078060e+01,2.068303e+01,2.071091e+01,2.075970e+01,2.075970e+01,2.071091e+01,2.075273e+01,2.071789e+01,2.088504e+01,2.086416e+01,2.087112e+01,2.071789e+01,2.066908e+01,2.090592e+01,2.072486e+01,2.079453e+01,2.074576e+01,2.069000e+01,2.073182e+01,2.080846e+01,2.080150e+01,2.066908e+01,2.117690e+01,2.080846e+01,2.073182e+01,2.084328e+01,2.070394e+01,2.070394e+01,2.082239e+01,2.084328e+01,2.080150e+01,2.074576e+01,2.075970e+01,2.077363e+01,2.074576e+01,2.099632e+01,2.110748e+01,2.085720e+01,2.089200e+01,2.089896e+01,2.096156e+01,2.102413e+01,2.094765e+01,2.095461e+01,2.091287e+01,2.091287e+01,2.082239e+01,2.092679e+01,2.073879e+01,2.087112e+01,2.089896e+01,2.086416e+01,2.096852e+01,2.091983e+01,2.081543e+01,2.083632e+01,2.087808e+01,2.087808e+01,2.083632e+01,2.082935e+01,2.090592e+01,2.101718e+01,2.079453e+01,2.090592e+01,2.089200e+01,2.084328e+01,2.091983e+01,2.089200e+01,2.086416e+01,2.094070e+01,2.080150e+01,2.085024e+01,2.092679e+01,2.080846e+01,2.078757e+01,2.091983e+01,2.073879e+01,2.073879e+01,2.083632e+01,2.089896e+01,2.074576e+01,2.091983e+01,2.071091e+01,2.076667e+01,2.080150e+01,2.077363e+01,2.074576e+01,2.072486e+01,2.069000e+01,2.078757e+01,2.085720e+01,2.075273e+01,2.079453e+01,2.076667e+01,2.078060e+01,2.078757e+01,2.077363e+01,2.082239e+01,2.076667e+01,2.083632e+01,2.081543e+01,2.082935e+01,2.084328e+01,2.075970e+01,2.078060e+01,2.087808e+01,2.082239e+01,2.078757e+01,2.086416e+01,2.080846e+01,2.083632e+01,2.082935e+01,2.081543e+01,2.069697e+01,2.094765e+01,2.082239e+01,2.083632e+01,2.079453e+01,2.085720e+01,2.094765e+01,2.084328e+01,2.075273e+01,2.079453e+01,2.074576e+01,2.077363e+01,2.076667e+01,2.078060e+01,2.088504e+01,2.080150e+01,2.071789e+01,2.078060e+01,2.082935e+01,2.080150e+01,2.073182e+01,2.073182e+01,2.085024e+01,2.091983e+01,2.067605e+01,2.082239e+01,2.078060e+01,2.069697e+01,2.077363e+01,2.076667e+01,2.069697e+01,2.079453e+01,2.073879e+01,2.073879e+01,2.075273e+01,2.075970e+01,2.082239e+01,2.073182e+01,2.075273e+01,2.075970e+01,2.057838e+01,2.064816e+01,2.055045e+01,2.019373e+01,1.968092e+01,1.913714e+01,1.898123e+01,1.870424e+01,1.865444e+01,1.861886e+01,1.844074e+01,1.840508e+01,1.833372e+01,1.843361e+01,1.839794e+01,1.839794e+01,1.833372e+01,1.833372e+01,1.832658e+01,1.825516e+01,1.834085e+01,1.833372e+01,1.831944e+01,1.834085e+01,1.836227e+01,1.837654e+01,1.831944e+01,1.837654e+01,1.846213e+01,1.825516e+01,1.828373e+01,1.812647e+01,1.819798e+01,1.808354e+01,1.814078e+01,1.824087e+01,1.831230e+01,1.824087e+01,1.826944e+01,1.822657e+01,1.823372e+01,1.829801e+01,1.824087e+01,1.829087e+01,1.821943e+01,1.826944e+01,1.830515e+01,1.837654e+01,1.851203e+01,1.853340e+01,1.837654e+01,1.845500e+01,1.843361e+01,1.863309e+01,1.869002e+01,1.874691e+01,1.901669e+01,1.909464e+01,1.927867e+01,1.945529e+01,1.954701e+01,1.992009e+01,2.024977e+01,2.050157e+01,2.059234e+01,2.075273e+01,2.059234e+01,2.072486e+01,2.062025e+01,2.072486e+01,2.071091e+01,2.075273e+01,2.076667e+01,2.073879e+01,2.067605e+01,2.075273e+01,2.070394e+01,2.076667e+01,2.071789e+01,2.070394e+01,2.048759e+01,2.000437e+01,1.991306e+01,1.944823e+01,1.910173e+01,1.891738e+01,1.886769e+01,1.886059e+01,1.891028e+01,1.886059e+01,1.883928e+01,1.878245e+01,1.893157e+01,1.905213e+01,1.908756e+01,1.906630e+01,1.893157e+01,1.895286e+01,1.913714e+01,1.910881e+01,1.901669e+01,1.899541e+01,1.920085e+01,1.917962e+01,1.947647e+01,1.963161e+01,1.973725e+01,1.999033e+01,2.026378e+01,2.055045e+01,2.071789e+01,2.073182e+01,2.075273e+01,2.076667e+01,2.066211e+01,2.070394e+01,2.076667e+01,2.070394e+01,2.055743e+01,2.063420e+01,2.076667e+01,2.073879e+01,2.074576e+01,2.075970e+01,2.078060e+01,2.077363e+01,2.058536e+01,2.041071e+01,2.037575e+01,2.018673e+01,2.013065e+01,2.007454e+01,1.989198e+01,1.984277e+01,1.986386e+01,1.982871e+01,1.987792e+01,2.003946e+01,2.017972e+01,2.028478e+01,2.040372e+01,2.014467e+01,2.008156e+01,2.008156e+01,1.987792e+01,1.968092e+01,1.953291e+01,1.939174e+01,1.926452e+01,1.925745e+01,1.927867e+01,1.921501e+01,1.927867e+01,1.928574e+01,1.944823e+01,1.939174e+01,1.932815e+01,1.940587e+01,1.946235e+01,1.959637e+01,1.988495e+01,1.986386e+01,2.009559e+01,2.024977e+01,2.030578e+01,2.043868e+01,2.058536e+01,2.067605e+01,2.069697e+01,2.057140e+01,2.034777e+01,2.031978e+01,2.014467e+01,1.994819e+01,1.993414e+01,1.977243e+01,1.970909e+01,1.966683e+01,1.972317e+01,1.980761e+01,1.993414e+01,1.995521e+01,2.024977e+01,2.031978e+01,2.037575e+01,2.065513e+01,2.066908e+01,2.060629e+01,2.075970e+01,2.066908e+01,2.043169e+01,2.018673e+01,1.992711e+01,1.958227e+01,1.984277e+01,1.983574e+01,1.959637e+01,1.984980e+01,2.011663e+01,2.026378e+01,2.048061e+01,2.044567e+01,2.049458e+01,2.050855e+01,2.048759e+01,2.059234e+01,2.062025e+01,2.059932e+01,2.069000e+01,2.075273e+01,2.071091e+01,2.075273e+01,2.056442e+01,2.075970e+01,2.058536e+01,1.999033e+01,1.944118e+01,1.909464e+01,1.886769e+01,1.892448e+01,1.908047e+01,1.898832e+01,1.896704e+01,1.895995e+01,1.897414e+01,1.898123e+01,1.873980e+01,1.876823e+01,1.880376e+01,1.935642e+01,2.013766e+01,2.066908e+01,2.071091e+01,2.080846e+01,2.085720e+01,2.073879e+01,2.076667e+01,2.087808e+01,2.083632e+01,2.085720e+01,2.079453e+01,2.085024e+01,2.070394e+01,2.083632e+01,2.090592e+01,2.083632e+01,2.082239e+01,2.081543e+01,2.085024e+01,2.077363e+01,2.081543e+01,2.077363e+01,2.087112e+01,2.082935e+01,2.083632e+01,2.092679e+01,2.087112e+01,2.080846e+01,2.082935e+01,2.082239e+01,2.071091e+01,2.082239e+01,2.084328e+01,2.089896e+01,2.082935e+01,2.080846e+01,2.082935e+01,2.087112e+01,2.100327e+01,2.085720e+01,2.085024e+01,2.082935e+01,2.082935e+01,2.089896e+01,2.076667e+01,2.085024e+01,2.083632e+01,2.085024e+01,2.084328e+01,2.082935e+01,2.079453e+01,2.069697e+01,2.080846e+01,2.075970e+01,2.088504e+01,2.073879e+01,2.090592e+01,2.075273e+01,2.075273e+01,2.083632e+01,2.076667e+01,2.085024e+01,2.080846e+01,2.078060e+01,2.080846e+01,2.081543e+01,2.081543e+01,2.089896e+01,2.093374e+01,2.085024e+01,2.082239e+01,2.078060e+01,2.087112e+01,2.078757e+01,2.072486e+01,2.091287e+01,2.078757e+01,2.085024e+01,2.087808e+01,2.082935e+01,2.076667e+01,2.083632e+01,2.080846e+01,2.086416e+01,2.083632e+01,2.087112e+01,2.083632e+01,2.075970e+01,2.082935e+01,2.075273e+01,2.073879e+01,2.072486e+01,2.086416e+01,2.075970e+01,2.082935e+01,2.083632e+01,2.078757e+01,2.075273e+01,2.079453e+01,2.071789e+01,2.078757e+01,2.075273e+01,2.076667e+01,2.073879e+01,2.075273e+01,2.078757e+01,2.062025e+01,2.077363e+01,2.078757e+01,2.077363e+01,2.082935e+01,2.084328e+01,2.082239e+01,2.067605e+01,2.087808e+01,2.091287e+01,2.076667e+01,2.078060e+01,2.078060e+01,2.088504e+01,2.073182e+01,2.083632e+01,2.091287e+01,2.075970e+01,2.085720e+01,2.080150e+01,2.085720e+01,2.090592e+01,2.079453e+01,2.085024e+01,2.078757e+01,2.092679e+01,2.087112e+01,2.087808e+01,2.076667e+01,2.081543e+01,2.085720e+01,2.077363e+01,2.075273e+01,2.074576e+01,2.078757e+01,2.077363e+01,2.072486e+01,2.079453e+01,2.083632e+01,2.075970e+01,2.076667e+01,2.089896e+01,2.080846e+01,2.089896e+01,2.082239e+01,2.081543e+01,2.071091e+01,2.080150e+01,2.068303e+01,2.071091e+01,2.085024e+01,2.085720e+01,2.069697e+01,2.077363e+01,2.075273e+01,2.073879e+01,2.075970e+01,2.082935e+01,2.076667e+01,2.087808e+01,2.082935e+01,2.087112e+01,2.090592e+01,2.074576e+01,2.087112e+01,2.080150e+01,2.073879e+01,2.094765e+01,2.094070e+01,2.087808e+01,2.075273e+01,2.082935e+01,2.078060e+01,2.078757e+01,2.072486e+01,2.096156e+01,2.082935e+01,2.082935e+01,2.083632e+01,2.080150e+01,2.078060e+01,2.085720e+01,2.081543e+01,2.077363e+01,2.078757e+01,2.064816e+01,2.073182e+01,2.070394e+01,2.078757e+01,2.086416e+01,2.074576e+01,2.076667e+01,2.079453e+01,2.069697e+01,2.078060e+01,2.080846e+01,2.073879e+01,2.075273e+01,2.075970e+01,2.075970e+01,2.080150e+01,2.075273e+01,2.067605e+01,2.082935e+01,2.075970e+01,2.080846e+01,2.079453e+01,2.084328e+01,2.071091e+01,2.081543e+01,2.072486e+01,2.091983e+01,2.071091e+01,2.084328e+01,2.074576e+01,2.085024e+01,2.071091e+01,2.075273e+01,2.079453e+01,2.078757e+01,2.087808e+01,2.064118e+01,2.078757e+01,2.076667e+01,2.075970e+01,2.085024e+01,2.074576e+01,2.071789e+01,2.065513e+01,2.071789e+01,2.078757e+01,2.072486e+01
2.076667e+01,2.072486e+01,2.076667e+01,2.071789e+01,2.068303e+01,2.071091e+01,2.078060e+01,2.069697e+01,2.074576e+01,2.076667e+01,2.074576e+01,2.073182e+01,2.078757e+01,2.072486e+01,2.057140e+01,2.075273e+01,2.073182e+01,2.078060e+01,2.079453e+01,2.071789e+01,2.079453e+01,2.078060e+01,2.075970e+01,2.077363e+01,2.078757e+01,2.069697e+01,2.072486e+01,2.069697e+01,2.070394e+01,2.069697e+01,2.080846e+01,2.073182e+01,2.073182e+01,2.075970e+01,2.080846e+01,2.059932e+01,2.078060e+01,2.075273e+01,2.078060e+01,2.070394e+01,2.079453e+01,2.088504e+01,2.083632e+01,2.083632e+01,2.080150e+01,2.085024e+01,2.075273e+01,2.086416e+01,2.075970e+01,2.083632e+01,2.073879e+01,2.089200e+01,2.087112e+01,2.089200e+01,2.086416e+01,2.087112e+01,2.089200e+01,2.087808e+01,2.096156e+01,2.090592e+01,2.089200e+01,2.089200e+01,2.096852e+01,2.095461e+01,2.093374e+01,2.087808e+01,2.073879e+01,2.086416e+01,2.080150e+01,2.088504e+01,2.085024e+01,2.086416e+01,2.098937e+01,2.089200e+01,2.081543e+01,2.085720e+01,2.084328e+01,2.082935e+01,2.096156e+01,2.086416e+01,2.091983e+01,2.098242e+01,2.093374e+01,2.089896e+01,2.090592e+01,2.086416e+01,2.084328e+01,2.085024e+01,2.083632e+01,2.091287e+01,2.087808e+01,2.090592e+01,2.078060e+01,2.087808e+01,2.082935e+01,2.078060e+01,2.077363e+01,2.080150e+01,2.079453e+01,2.075970e+01,2.086416e+01,2.080150e+01,2.086416e+01,2.091287e+01,2.075273e+01,2.076667e+01,2.075273e+01,2.075970e+01,2.082935e+01,2.080846e+01,2.082239e+01,2.081543e+01,2.075970e+01,2.077363e+01,2.080150e+01,2.081543e+01,2.071789e+01,2.081543e+01,2.074576e+01,2.072486e+01,2.082239e+01,2.082239e+01,2.086416e+01,2.080150e+01,2.082239e+01,2.073182e+01,2.086416e+01,2.080846e+01,2.095461e+01,2.085720e+01,2.084328e+01,2.083632e+01,2.088504e+01,2.086416e+01,2.080150e+01,2.084328e+01,2.080846e+01,2.087808e+01,2.084328e+01,2.071091e+01,2.071091e+01,2.080150e+01,2.085024e+01,2.074576e+01,2.078757e+01,2.082935e+01,2.077363e+01,2.077363e+01,2.078757e+01,2.073879e+01,2.076667e+01,2.072486e+01,2.078757e+01,2.075970e+01,2.085720e+01,2.076667e+01,2.080150e+01,2.074576e+01,2.078060e+01,2.071789e+01,2.071091e+01,2.069697e+01,2.080846e+01,2.072486e+01,2.071091e+01,2.074576e+01,2.071789e+01,2.071789e+01,2.073879e+01,2.075273e+01,2.073879e+01,2.075273e+01,2.071091e+01,2.052950e+01,2.029878e+01,2.001841e+01,1.949764e+01,1.914422e+01,1.894576e+01,1.869713e+01,1.867579e+01,1.866867e+01,1.845500e+01,1.844787e+01,1.837654e+01,1.843361e+01,1.841934e+01,1.836940e+01,1.834085e+01,1.826230e+01,1.832658e+01,1.827659e+01,1.830515e+01,1.825516e+01,1.836227e+01,1.836227e+01,1.849064e+01,1.834085e+01,1.837654e+01,1.832658e+01,1.822657e+01,1.816938e+01,1.817653e+01,1.821228e+01,1.807638e+01,1.819083e+01,1.812647e+01,1.826944e+01,1.824087e+01,1.819798e+01,1.829801e+01,1.819798e+01,1.821943e+01,1.822657e+01,1.824087e+01,1.829087e+01,1.824801e+01,1.829087e+01,1.836227e+01,1.837654e+01,1.841221e+01,1.845500e+01,1.841934e+01,1.848352e+01,1.852628e+01,1.856190e+01,1.873269e+01,1.913714e+01,1.925745e+01,1.930695e+01,1.956112e+01,1.958227e+01,1.987090e+01,2.012364e+01,2.064118e+01,2.065513e+01,2.060629e+01,2.076667e+01,2.058536e+01,2.074576e+01,2.069000e+01,2.068303e+01,2.077363e+01,2.073182e+01,2.078060e+01,2.073182e+01,2.066908e+01,2.073879e+01,2.077363e+01,2.074576e+01,2.067605e+01,2.069000e+01,2.051554e+01,2.008156e+01,1.997628e+01,1.958932e+01,1.913714e+01,1.917254e+01,1.887479e+01,1.902378e+01,1.903795e+01,1.906630e+01,1.891738e+01,1.913006e+01,1.909464e+01,1.926452e+01,1.920085e+01,1.927160e+01,1.922916e+01,1.922916e+01,1.922208e+01,1.921501e+01,1.920793e+01,1.927160e+01,1.943411e+01,1.944118e+01,1.981464e+01,1.972317e+01,2.007454e+01,2.025677e+01,2.048759e+01,2.071789e+01,2.077363e+01,2.072486e+01,2.072486e+01,2.075970e+01,2.062025e+01,2.051554e+01,2.066211e+01,2.042470e+01,2.058536e+01,2.054347e+01,2.062025e+01,2.076667e+01,2.076667e+01,2.060629e+01,2.066211e+01,2.062723e+01,2.047362e+01,2.032678e+01,2.017271e+01,2.001139e+01,1.992009e+01,1.989901e+01,1.992009e+01,1.985683e+01,1.986386e+01,1.994117e+01,2.002542e+01,1.989901e+01,2.018673e+01,2.025677e+01,2.051554e+01,2.038974e+01,2.010961e+01,2.008857e+01,2.010260e+01,1.982871e+01,1.981464e+01,1.952586e+01,1.929281e+01,1.942705e+01,1.915838e+01,1.934229e+01,1.928574e+01,1.931402e+01,1.935642e+01,1.939174e+01,1.937055e+01,1.944118e+01,1.944118e+01,1.941999e+01,1.973021e+01,1.975836e+01,1.989901e+01,2.005350e+01,2.034777e+01,2.041770e+01,2.052252e+01,2.062025e+01,2.069697e+01,2.064816e+01,2.042470e+01,2.034777e+01,2.022176e+01,2.009559e+01,1.993414e+01,1.990604e+01,1.990604e+01,1.980058e+01,1.977947e+01,1.977243e+01,1.979354e+01,1.995521e+01,1.995521e+01,2.034077e+01,2.034777e+01,2.063420e+01,2.062025e+01,2.066211e+01,2.076667e+01,2.057838e+01,2.047362e+01,2.008857e+01,1.989901e+01,1.987792e+01,1.957522e+01,1.956817e+01,1.982871e+01,1.982871e+01,1.983574e+01,1.987792e+01,2.008156e+01,2.024277e+01,2.044567e+01,2.024277e+01,2.025677e+01,2.033377e+01,2.027078e+01,2.032678e+01,2.034077e+01,2.059234e+01,2.056442e+01,2.059234e+01,2.067605e+01,2.073879e+01,2.055743e+01,2.005350e+01,1.970205e+01,1.917254e+01,1.906630e+01,1.899541e+01,1.894576e+01,1.904504e+01,1.896704e+01,1.908047e+01,1.905922e+01,1.900251e+01,1.883928e+01,1.866867e+01,1.864733e+01,1.894576e+01,1.964570e+01,2.044567e+01,2.071091e+01,2.075970e+01,2.075273e+01,2.085024e+01,2.080846e+01,2.078060e+01,2.077363e+01,2.082239e+01,2.078757e+01,2.086416e+01,2.077363e+01,2.089896e+01,2.081543e+01,2.081543e+01,2.082935e+01,2.079453e+01,2.080150e+01,2.082935e+01,2.081543e+01,2.079453e+01,2.075970e+01,2.074576e+01,2.077363e+01,2.081543e+01,2.080846e+01,2.078060e+01,2.076667e+01,2.094765e+01,2.087112e+01,2.082935e+01,2.085720e+01,2.080846e+01,2.089896e+01,2.081543e+01,2.082935e+01,2.085720e+01,2.085720e+01,2.087808e+01,2.077363e+01,2.088504e+01,2.084328e+01,2.079453e+01,2.082935e+01,2.083632e+01,2.081543e+01,2.090592e+01,2.075970e+01,2.083632e+01,2.080846e+01,2.087112e+01,2.076667e+01,2.083632e+01,2.073879e+01,2.091983e+01,2.087112e+01,2.078757e+01,2.089200e+01,2.079453e+01,2.075970e+01,2.078757e+01,2.075970e+01,2.075970e+01,2.082239e+01,2.083632e+01,2.082935e+01,2.080150e+01,2.083632e+01,2.078060e+01,2.093374e+01,2.087112e+01,2.080150e+01,2.078060e+01,2.082935e+01,2.089200e+01,2.082935e+01,2.085024e+01,2.080846e+01,2.079453e+01,2.082239e+01,2.082935e+01,2.080846e+01,2.084328e+01,2.082935e+01,2.082239e+01,2.088504e+01,2.088504e+01,2.078757e+01,2.088504e+01,2.073879e+01,2.075273e+01,2.085024e+01,2.081543e+01,2.084328e+01,2.077363e+01,2.078060e+01,2.072486e+01,2.072486e+01,2.083632e+01,2.075970e+01,2.078757e+01,2.081543e+01,2.079453e+01,2.079453e+01,2.078060e+01,2.082239e+01,2.082239e+01,2.092679e+01,2.080150e+01,2.079453e+01,2.079453e+01,2.080150e+01,2.093374e+01,2.075970e+01,2.085720e+01,2.078757e+01,2.087112e+01,2.082239e+01,2.091983e+01,2.084328e+01,2.078757e+01,2.081543e+01,2.083632e+01,2.074576e+01,2.088504e+01,2.077363e+01,2.079453e+01,2.077363e+01,2.081543e+01,2.074576e+01,2.085720e+01,2.082239e+01,2.082935e+01,2.085720e+01,2.082239e+01,2.071789e+01,2.089200e+01,2.082935e+01,2.083632e+01,2.073879e+01,2.070394e+01,2.087808e+01,2.087112e+01,2.082935e+01,2.082239e+01,2.080846e+01,2.063420e+01,2.079453e+01,2.078060e+01,2.082935e+01,2.083632e+01,2.087808e+01,2.078757e+01,2.080846e+01,2.081543e+01,2.086416e+01,2.084328e+01,2.073879e+01,2.086416e+01,2.082935e+01,2.084328e+01,2.078060e+01,2.082239e+01,2.079453e+01,2.073182e+01,2.075970e+01,2.087808e+01,2.075273e+01,2.085024e+01,2.076667e+01,2.089896e+01,2.075273e+01,2.077363e+01,2.076667e+01,2.086416e+01,2.086416e+01,2.087112e+01,2.081543e+01,2.080150e+01,2.079453e+01,2.085720e+01,2.081543e+01,2.072486e+01,2.072486e+01,2.075273e+01,2.078060e+01,2.076667e+01,2.078757e+01,2.083632e+01,2.080150e+01,2.066211e+01,2.073182e+01,2.072486e+01,2.074576e+01,2.074576e+01,2.073182e+01,2.072486e+01,2.083632e+01,2.070394e+01,2.083632e+01,2.084328e+01,2.078060e+01,2.073879e+01,2.070394e+01,2.084328e+01,2.075273e+01,2.082935e+01,2.085024e+01,2.076667e+01,2.080846e+01,2.085024e+01,2.064816e+01,2.078757e+01,2.079453e+01,2.061327e+01,2.078757e+01,2.064118e+01,2.089200e+01,2.066908e+01,2.082239e+01,2.078757e+01,2.083632e+01,2.079453e+01,2.075970e+01,2.078060e+01,2.085720e+01,2.077363e+01,2.085720e+01,2.080846e+01,2.072486e+01,2.084328e+01,2.077363e+01,2.080150e+01,2.082935e+01,2.080150e+01,2.072486e+01,2.075970e+01
2.076667e+01,2.078060e+01,2.077363e+01,2.078060e+01,2.069697e+01,2.072486e+01,2.069000e+01,2.073879e+01,2.069697e+01,2.077363e+01,2.078757e+01,2.077363e+01,2.085024e+01,2.080846e+01,2.076667e+01,2.081543e+01,2.076667e+01,2.075273e+01,2.078060e+01,2.067605e+01,2.069000e+01,2.071789e+01,2.068303e+01,2.063420e+01,2.074576e+01,2.067605e+01,2.079453e+01,2.071091e+01,2.082935e+01,2.064118e+01,2.078060e+01,2.069000e+01,2.068303e+01,2.071789e+01,2.071789e+01,2.082239e+01,2.079453e+01,2.061327e+01,2.073879e+01,2.080846e+01,2.072486e+01,2.085720e+01,2.081543e+01,2.080846e+01,2.081543e+01,2.083632e+01,2.073879e+01,2.073879e+01,2.087808e+01,2.086416e+01,2.085720e+01,2.081543e+01,2.082935e+01,2.080846e+01,2.072486e+01,2.075970e+01,2.086416e+01,2.085720e+01,2.089896e+01,2.091983e+01,2.090592e+01,2.076667e+01,2.089896e+01,2.091287e+01,2.095461e+01,2.089200e+01,2.088504e+01,2.091287e+01,2.087112e+01,2.095461e+01,2.086416e+01,2.090592e+01,2.082239e+01,2.087808e+01,2.089896e+01,2.087112e+01,2.084328e+01,2.087112e+01,2.096852e+01,2.087808e+01,2.085024e+01,2.079453e+01,2.080150e+01,2.090592e+01,2.091983e+01,2.086416e+01,2.087808e+01,2.092679e+01,2.091287e+01,2.096156e+01,2.084328e+01,2.083632e+01,2.083632e+01,2.083632e+01,2.082239e+01,2.081543e+01,2.080150e+01,2.079453e+01,2.085720e+01,2.095461e+01,2.085720e+01,2.087112e+01,2.087112e+01,2.085024e+01,2.076667e+01,2.077363e+01,2.084328e+01,2.074576e+01,2.082239e+01,2.078757e+01,2.086416e+01,2.082935e+01,2.084328e+01,2.083632e+01,2.091287e+01,2.075970e+01,2.080846e+01,2.082239e+01,2.080150e+01,2.074576e+01,2.078757e+01,2.087808e+01,2.083632e+01,2.073182e+01,2.080150e+01,2.072486e+01,2.091287e+01,2.081543e+01,2.084328e+01,2.088504e+01,2.075273e+01,2.083632e+01,2.085720e+01,2.087808e+01,2.082239e+01,2.080150e+01,2.079453e+01,2.080846e+01,2.083632e+01,2.079453e+01,2.082239e+01,2.080846e+01,2.079453e+01,2.073879e+01,2.075970e+01,2.079453e+01,2.074576e+01,2.069000e+01,2.081543e+01,2.070394e+01,2.082935e+01,2.072486e+01,2.071091e+01,2.073182e+01,2.076667e+01,2.076667e+01,2.070394e+01,2.069697e+01,2.072486e+01,2.074576e+01,2.080846e+01,2.080150e+01,2.081543e+01,2.069000e+01,2.065513e+01,2.073879e+01,2.075273e+01,2.072486e+01,2.075970e+01,2.078060e+01,2.064816e+01,2.077363e+01,2.068303e+01,2.054347e+01,2.020774e+01,1.979354e+01,1.948352e+01,1.921501e+01,1.912298e+01,1.894576e+01,1.863309e+01,1.848352e+01,1.846213e+01,1.841221e+01,1.846213e+01,1.846926e+01,1.834799e+01,1.833372e+01,1.836227e+01,1.821943e+01,1.833372e+01,1.833372e+01,1.841221e+01,1.828373e+01,1.841221e+01,1.839081e+01,1.836940e+01,1.836940e+01,1.836227e+01,1.836940e+01,1.827659e+01,1.821228e+01,1.825516e+01,1.812647e+01,1.811216e+01,1.811216e+01,1.820513e+01,1.824801e+01,1.827659e+01,1.826944e+01,1.822657e+01,1.824801e+01,1.835513e+01,1.824087e+01,1.829801e+01,1.824801e+01,1.824087e+01,1.834085e+01,1.842648e+01,1.838367e+01,1.844074e+01,1.845500e+01,1.848352e+01,1.850490e+01,1.848352e+01,1.859038e+01,1.875401e+01,1.920085e+01,1.930695e+01,1.960342e+01,1.999033e+01,2.008156e+01,2.001841e+01,2.025677e+01,2.064816e+01,2.066211e+01,2.069697e+01,2.071091e+01,2.077363e+01,2.081543e+01,2.075970e+01,2.074576e+01,2.075970e+01,2.073879e+01,2.075970e+01,2.080846e+01,2.073879e+01,2.063420e+01,2.075273e+01,2.077363e+01,2.069000e+01,2.070394e+01,2.062025e+01,2.020774e+01,2.001841e+01,1.961751e+01,1.920793e+01,1.917254e+01,1.911590e+01,1.908756e+01,1.908047e+01,1.905922e+01,1.910173e+01,1.910173e+01,1.910173e+01,1.922208e+01,1.937762e+01,1.941293e+01,1.942705e+01,1.957522e+01,1.949058e+01,1.943411e+01,1.950469e+01,1.949764e+01,1.959637e+01,1.977947e+01,1.984277e+01,2.013065e+01,2.027078e+01,2.047362e+01,2.066211e+01,2.070394e+01,2.071789e+01,2.073182e+01,2.078757e+01,2.064816e+01,2.073879e+01,2.057140e+01,2.050855e+01,2.052950e+01,2.047362e+01,2.052252e+01,2.047362e+01,2.031978e+01,2.034077e+01,2.059932e+01,2.059234e+01,2.057140e+01,2.042470e+01,2.037575e+01,2.016570e+01,1.997628e+01,1.986386e+01,1.992711e+01,1.999735e+01,1.984277e+01,1.990604e+01,1.994819e+01,2.000437e+01,2.017972e+01,2.024277e+01,2.040372e+01,2.054347e+01,2.050157e+01,2.035476e+01,2.020074e+01,1.991306e+01,1.995521e+01,1.982168e+01,1.979354e+01,1.950469e+01,1.948352e+01,1.936349e+01,1.937055e+01,1.937055e+01,1.928574e+01,1.939174e+01,1.935642e+01,1.938468e+01,1.939174e+01,1.949058e+01,1.954701e+01,1.948352e+01,1.957522e+01,1.971613e+01,1.992009e+01,2.029178e+01,2.014467e+01,2.036176e+01,2.041071e+01,2.064118e+01,2.070394e+01,2.068303e+01,2.059234e+01,2.037575e+01,2.034077e+01,2.034077e+01,2.003946e+01,1.987090e+01,1.982168e+01,1.973725e+01,1.975836e+01,1.971613e+01,1.979354e+01,1.987792e+01,2.001139e+01,2.018673e+01,2.027778e+01,2.052950e+01,2.052950e+01,2.058536e+01,2.055743e+01,2.038974e+01,2.026378e+01,1.994117e+01,1.963865e+01,1.934936e+01,1.936349e+01,1.940587e+01,1.947647e+01,1.947647e+01,1.972317e+01,1.979354e+01,1.987090e+01,1.977947e+01,1.999735e+01,1.987792e+01,1.993414e+01,2.001139e+01,1.994819e+01,2.015168e+01,2.014467e+01,2.045266e+01,2.036176e+01,2.051554e+01,2.055743e+01,2.066211e+01,2.010260e+01,1.977947e+01,1.920793e+01,1.916546e+01,1.892448e+01,1.895995e+01,1.898832e+01,1.897414e+01,1.900960e+01,1.903795e+01,1.910173e+01,1.883218e+01,1.868290e+01,1.872558e+01,1.883928e+01,1.931402e+01,2.015168e+01,2.062025e+01,2.077363e+01,2.075970e+01,2.075273e+01,2.073879e+01,2.082935e+01,2.073182e+01,2.085720e+01,2.078757e+01,2.078060e+01,2.082935e+01,2.077363e+01,2.078757e+01,2.080846e+01,2.079453e+01,2.078060e+01,2.079453e+01,2.080150e+01,2.080846e+01,2.078060e+01,2.085024e+01,2.094765e+01,2.080150e+01,2.073182e+01,2.075970e+01,2.074576e+01,2.084328e+01,2.077363e+01,2.079453e+01,2.084328e+01,2.082239e+01,2.093374e+01,2.079453e+01,2.083632e+01,2.078757e+01,2.080150e+01,2.085024e+01,2.085024e+01,2.087112e+01,2.088504e+01,2.089896e+01,2.078060e+01,2.081543e+01,2.081543e+01,2.082239e+01,2.082239e+01,2.083632e+01,2.082239e+01,2.090592e+01,2.093374e+01,2.075273e+01,2.078060e+01,2.076667e+01,2.077363e+01,2.067605e+01,2.084328e+01,2.084328e+01,2.083632e+01,2.082935e+01,2.075970e+01,2.086416e+01,2.082935e+01,2.084328e+01,2.077363e+01,2.083632e+01,2.089896e+01,2.087808e+01,2.082935e+01,2.077363e+01,2.079453e+01,2.076667e+01,2.075273e+01,2.078060e+01,2.075970e+01,2.071789e+01,2.076667e+01,2.074576e+01,2.082935e+01,2.081543e+01,2.084328e+01,2.078757e+01,2.078060e+01,2.073182e+01,2.073879e+01,2.085720e+01,2.086416e+01,2.078757e+01,2.082935e+01,2.078060e+01,2.082239e+01,2.082239e+01,2.075273e+01,2.083632e+01,2.073879e+01,2.078060e+01,2.071789e+01,2.079453e+01,2.093374e+01,2.077363e+01,2.084328e+01,2.081543e+01,2.079453e+01,2.080150e+01,2.079453e+01,2.085024e+01,2.085720e+01,2.086416e+01,2.082239e+01,2.080846e+01,2.073879e+01,2.076667e+01,2.087112e+01,2.082935e+01,2.086416e+01,2.073182e+01,2.084328e+01,2.078757e+01,2.078060e+01,2.088504e+01,2.080846e+01,2.075273e+01,2.078757e+01,2.085024e+01,2.079453e+01,2.079453e+01,2.078757e+01,2.081543e+01,2.077363e+01,2.080150e+01,2.078757e+01,2.081543e+01,2.087808e+01,2.085024e+01,2.084328e+01,2.083632e+01,2.075970e+01,2.078060e+01,2.085720e+01,2.088504e+01,2.095461e+01,2.089896e+01,2.088504e+01,2.066211e+01,2.079453e+01,2.084328e+01,2.082239e+01,2.077363e+01,2.075970e+01,2.078757e+01,2.083632e+01,2.077363e+01,2.078757e+01,2.072486e+01,2.077363e+01,2.076667e+01,2.075970e+01,2.073182e+01,2.085720e+01,2.075970e+01,2.078060e+01,2.082239e+01,2.083632e+01,2.082935e+01,2.084328e+01,2.075273e+01,2.082935e+01,2.073879e+01,2.082935e+01,2.081543e+01,2.086416e+01,2.088504e+01,2.089896e+01,2.090592e+01,2.081543e+01,2.087808e+01,2.087808e+01,2.078757e+01,2.074576e+01,2.081543e+01,2.080846e+01,2.065513e+01,2.082935e+01,2.074576e+01,2.066211e+01,2.085720e+01,2.076667e+01,2.080150e+01,2.084328e+01,2.085720e+01,2.069000e+01,2.075970e+01,2.064816e+01,2.080150e+01,2.088504e+01,2.074576e+01,2.066211e+01,2.070394e+01,2.085024e+01,2.089896e+01,2.075970e+01,2.069000e+01,2.075970e+01,2.073879e+01,2.087112e+01,2.089200e+01,2.089896e+01,2.078060e+01,2.082239e+01,2.087808e+01,2.082935e+01,2.080846e+01,2.078060e+01,2.077363e+01,2.080150e+01,2.072486e+01,2.082239e+01,2.063420e+01,2.070394e+01,2.076667e+01,2.085024e+01,2.083632e+01,2.064816e+01,2.075970e+01,2.091983e+01,2.082239e+01,2.089200e+01,2.080150e+01,2.088504e+01,2.075273e+01,2.073182e+01,2.065513e+01,2.062723e+01,2.078060e+01,2.070394e+01,2.082239e+01,2.078060e+01
2.075273e+01,2.078060e+01,2.079453e+01,2.075970e+01,2.075273e+01,2.073182e+01,2.093374e+01,2.076667e+01,2.074576e+01,2.071789e+01,2.082239e+01,2.087808e+01,2.084328e+01,2.080150e+01,2.078060e+01,2.075970e+01,2.079453e+01,2.073879e+01,2.080846e+01,2.069697e+01,2.079453e+01,2.073182e+01,2.066211e+01,2.077363e+01,2.085720e+01,2.074576e+01,2.080150e+01,2.075273e+01,2.082935e+01,2.075273e+01,2.091287e+01,2.072486e+01,2.083632e+01,2.072486e+01,2.078060e+01,2.068303e+01,2.074576e+01,2.077363e+01,2.078060e+01,2.091983e+01,2.071789e+01,2.080846e+01,2.082935e+01,2.086416e+01,2.084328e+01,2.078060e+01,2.073182e+01,2.076667e+01,2.086416e+01,2.089200e+01,2.077363e+01,2.086416e+01,2.086416e+01,2.080846e+01,2.086416e+01,2.085024e+01,2.085024e+01,2.074576e+01,2.075273e+01,2.086416e+01,2.080846e+01,2.091983e+01,2.080150e+01,2.085024e+01,2.099632e+01,2.091983e+01,2.090592e+01,2.091287e+01,2.087808e+01,2.089896e+01,2.084328e+01,2.088504e+01,2.085720e+01,2.093374e+01,2.081543e+01,2.086416e+01,2.082239e+01,2.079453e+01,2.094765e+01,2.088504e+01,2.078060e+01,2.079453e+01,2.091287e+01,2.085720e+01,2.088504e+01,2.091287e+01,2.087112e+01,2.097547e+01,2.089200e+01,2.092679e+01,2.087808e+01,2.092679e+01,2.082239e+01,2.090592e+01,2.087808e+01,2.080150e+01,2.082935e+01,2.083632e+01,2.085024e+01,2.080846e+01,2.087808e+01,2.086416e+01,2.083632e+01,2.085024e+01,2.084328e+01,2.076667e+01,2.082935e+01,2.080846e+01,2.082935e+01,2.076667e+01,2.085720e+01,2.082239e+01,2.082239e+01,2.086416e+01,2.071789e+01,2.085024e+01,2.089896e+01,2.081543e+01,2.082935e+01,2.087808e+01,2.082239e+01,2.080150e+01,2.083632e+01,2.089896e+01,2.081543e+01,2.082239e+01,2.096156e+01,2.089200e+01,2.084328e+01,2.099632e+01,2.082935e+01,2.086416e+01,2.082935e+01,2.070394e+01,2.080150e+01,2.098937e+01,2.079453e+01,2.082239e+01,2.075273e+01,2.092679e+01,2.078060e+01,2.073879e+01,2.075970e+01,2.072486e+01,2.080150e+01,2.077363e+01,2.080150e+01,2.089200e+01,2.082935e+01,2.088504e+01,2.083632e+01,2.068303e+01,2.080150e+01,2.073182e+01,2.065513e+01,2.077363e+01,2.078757e+01,2.074576e+01,2.070394e+01,2.087808e+01,2.078060e+01,2.081543e+01,2.080150e+01,2.078060e+01,2.075970e+01,2.075273e+01,2.089896e+01,2.073182e+01,2.073182e+01,2.073182e+01,2.077363e+01,2.069000e+01,2.079453e+01,2.053649e+01,2.029878e+01,1.999033e+01,1.961047e+01,1.953996e+01,1.932109e+01,1.927160e+01,1.893867e+01,1.856190e+01,1.849777e+01,1.851203e+01,1.841221e+01,1.845500e+01,1.837654e+01,1.834799e+01,1.831230e+01,1.834799e+01,1.821943e+01,1.830515e+01,1.831944e+01,1.828373e+01,1.844074e+01,1.829801e+01,1.837654e+01,1.828373e+01,1.824801e+01,1.820513e+01,1.821943e+01,1.820513e+01,1.819798e+01,1.817653e+01,1.822657e+01,1.819798e+01,1.826230e+01,1.820513e+01,1.829087e+01,1.830515e+01,1.824801e+01,1.830515e+01,1.829087e+01,1.823372e+01,1.822657e+01,1.831944e+01,1.841221e+01,1.840508e+01,1.848352e+01,1.848352e+01,1.849777e+01,1.846926e+01,1.854053e+01,1.864021e+01,1.866867e+01,1.867579e+01,1.903087e+01,1.930695e+01,1.962456e+01,1.999033e+01,2.022176e+01,2.021475e+01,2.027078e+01,2.044567e+01,2.069697e+01,2.080150e+01,2.070394e+01,2.073182e+01,2.082935e+01,2.074576e+01,2.076667e+01,2.077363e+01,2.075970e+01,2.078757e+01,2.079453e+01,2.073182e+01,2.064118e+01,2.080846e+01,2.078757e+01,2.084328e+01,2.075273e+01,2.066908e+01,2.062723e+01,2.018673e+01,2.013766e+01,1.970205e+01,1.937055e+01,1.912298e+01,1.913714e+01,1.910173e+01,1.909464e+01,1.910173e+01,1.910173e+01,1.919378e+01,1.935642e+01,1.958227e+01,1.958227e+01,1.960342e+01,1.985683e+01,1.982168e+01,1.975132e+01,1.984277e+01,1.977947e+01,1.987090e+01,1.985683e+01,2.013065e+01,2.021475e+01,2.031278e+01,2.052950e+01,2.063420e+01,2.075273e+01,2.078060e+01,2.073182e+01,2.071789e+01,2.069697e+01,2.064118e+01,2.056442e+01,2.031278e+01,2.034777e+01,2.040372e+01,2.003946e+01,2.019373e+01,2.031978e+01,2.034777e+01,2.036176e+01,2.048061e+01,2.033377e+01,2.057140e+01,2.055743e+01,2.022176e+01,2.015168e+01,2.012364e+01,2.004648e+01,1.999735e+01,1.992711e+01,1.987090e+01,1.992009e+01,1.997628e+01,2.019373e+01,2.016570e+01,2.019373e+01,2.048759e+01,2.042470e+01,2.028478e+01,2.045266e+01,2.029878e+01,2.023577e+01,2.009559e+01,2.008857e+01,1.987090e+01,1.973021e+01,1.958932e+01,1.949058e+01,1.946235e+01,1.944118e+01,1.939881e+01,1.940587e+01,1.944823e+01,1.937055e+01,1.939881e+01,1.948352e+01,1.952586e+01,1.949764e+01,1.956817e+01,1.962456e+01,2.005350e+01,2.015869e+01,2.013065e+01,2.015168e+01,2.041770e+01,2.068303e+01,2.071789e+01,2.071789e+01,2.074576e+01,2.055743e+01,2.050855e+01,2.033377e+01,2.032678e+01,2.012364e+01,1.979354e+01,1.978650e+01,1.975836e+01,1.975132e+01,1.975132e+01,1.975132e+01,2.002542e+01,2.019373e+01,2.019373e+01,2.052252e+01,2.056442e+01,2.045964e+01,2.036875e+01,2.034777e+01,1.995521e+01,1.992009e+01,1.972317e+01,1.934936e+01,1.923623e+01,1.918670e+01,1.943411e+01,1.946941e+01,1.949058e+01,1.951175e+01,1.963161e+01,1.967388e+01,1.968796e+01,1.962456e+01,1.963865e+01,1.970205e+01,1.970909e+01,1.968092e+01,1.995521e+01,2.004648e+01,1.996224e+01,2.036875e+01,2.050157e+01,2.053649e+01,2.041770e+01,2.002542e+01,1.947647e+01,1.913006e+01,1.906630e+01,1.895286e+01,1.898123e+01,1.903795e+01,1.905213e+01,1.915130e+01,1.898832e+01,1.883928e+01,1.883218e+01,1.882508e+01,1.878245e+01,1.920085e+01,1.972317e+01,2.046663e+01,2.066211e+01,2.083632e+01,2.071091e+01,2.078060e+01,2.087808e+01,2.084328e+01,2.078757e+01,2.082935e+01,2.077363e+01,2.078757e+01,2.081543e+01,2.080846e+01,2.082239e+01,2.078757e+01,2.082935e+01,2.078060e+01,2.089896e+01,2.081543e+01,2.081543e+01,2.087808e+01,2.080150e+01,2.093374e+01,2.080846e+01,2.085024e+01,2.078060e+01,2.096852e+01,2.078060e+01,2.082935e+01,2.074576e+01,2.079453e+01,2.084328e+01,2.089896e+01,2.082239e+01,2.084328e+01,2.084328e+01,2.080846e+01,2.085720e+01,2.075273e+01,2.088504e+01,2.087808e+01,2.080150e+01,2.085720e+01,2.085720e+01,2.085024e+01,2.083632e+01,2.082239e+01,2.093374e+01,2.069000e+01,2.075273e+01,2.093374e+01,2.083632e+01,2.086416e+01,2.089200e+01,2.079453e+01,2.085024e+01,2.087112e+01,2.082239e+01,2.086416e+01,2.084328e+01,2.084328e+01,2.085720e+01,2.075273e+01,2.085720e+01,2.084328e+01,2.078060e+01,2.092679e+01,2.070394e+01,2.080150e+01,2.074576e+01,2.074576e+01,2.076667e+01,2.077363e+01,2.078060e+01,2.081543e+01,2.086416e+01,2.085720e+01,2.077363e+01,2.079453e+01,2.084328e+01,2.080150e+01,2.085720e+01,2.088504e+01,2.076667e+01,2.080150e+01,2.091983e+01,2.077363e+01,2.092679e+01,2.082935e+01,2.085024e+01,2.076667e+01,2.078757e+01,2.086416e+01,2.082239e+01,2.079453e+01,2.077363e+01,2.073879e+01,2.073182e+01,2.099632e+01,2.082239e+01,2.075970e+01,2.082239e+01,2.085024e+01,2.083632e+01,2.066908e+01,2.080150e+01,2.078757e+01,2.063420e+01,2.090592e+01,2.077363e+01,2.078757e+01,2.079453e+01,2.076667e+01,2.087808e+01,2.082239e+01,2.072486e+01,2.079453e+01,2.076667e+01,2.087808e+01,2.084328e+01,2.083632e+01,2.081543e+01,2.086416e+01,2.089200e+01,2.080846e+01,2.089200e+01,2.085024e+01,2.091983e+01,2.078060e+01,2.082935e+01,2.085024e+01,2.084328e+01,2.077363e+01,2.073879e+01,2.082935e+01,2.089200e+01,2.073879e+01,2.087808e+01,2.083632e+01,2.080846e+01,2.088504e+01,2.075970e+01,2.082239e+01,2.085024e+01,2.087112e+01,2.078757e+01,2.081543e+01,2.082935e+01,2.078757e+01,2.081543e+01,2.077363e+01,2.082239e+01,2.078060e+01,2.064118e+01,2.087112e+01,2.075970e+01,2.080846e+01,2.087112e+01,2.085024e+01,2.081543e+01,2.071091e+01,2.079453e+01,2.082935e+01,2.080150e+01,2.084328e+01,2.076667e+01,2.082239e+01,2.082935e+01,2.087808e+01,2.091983e+01,2.091983e+01,2.087112e+01,2.078757e+01,2.092679e+01,2.079453e+01,2.085720e+01,2.080846e+01,2.084328e+01,2.082239e+01,2.083632e+01,2.077363e+01,2.080150e+01,2.078757e+01,2.082935e+01,2.084328e+01,2.082239e+01,2.082239e+01,2.071091e+01,2.073879e+01,2.078060e+01,2.087112e+01,2.074576e+01,2.064816e+01,2.091983e+01,2.064118e+01,2.082935e+01,2.080150e+01,2.072486e+01,2.067605e+01,2.082239e+01,2.074576e+01,2.084328e+01,2.075970e+01,2.075970e+01,2.085024e+01,2.089200e+01,2.083632e+01,2.083632e+01,2.082935e+01,2.071091e+01,2.083632e+01,2.089200e+01,2.074576e+01,2.076667e+01,2.095461e+01,2.082239e+01,2.096852e+01,2.087112e+01,2.086416e+01,2.085720e+01,2.085024e+01,2.087112e+01,2.083632e+01,2.078757e+01,2.078757e+01,2.090592e+01,2.080846e+01,2.076667e+01,2.089896e+01,2.071091e+01,2.076667e+01,2.078757e+01,2.063420e+01,2.073182e+01,2.084328e+01,2.079453e+01
2.073879e+01,2.074576e+01,2.078757e+01,2.078060e+01,2.078757e+01,2.071091e+01,2.074576e+01,2.087112e+01,2.080150e+01,2.069697e+01,2.069000e+01,2.071789e+01,2.087808e+01,2.076667e+01,2.078060e+01,2.080150e+01,2.081543e+01,2.067605e+01,2.081543e+01,2.075273e+01,2.071091e+01,2.065513e+01,2.067605e+01,2.076667e+01,2.066211e+01,2.075970e+01,2.080150e+01,2.078757e+01,2.078757e+01,2.078757e+01,2.076667e+01,2.083632e+01,2.085720e+01,2.073182e+01,2.077363e+01,2.085720e+01,2.077363e+01,2.080150e+01,2.082239e+01,2.081543e+01,2.079453e+01,2.075273e+01,2.087112e+01,2.072486e+01,2.083632e+01,2.076667e+01,2.080150e+01,2.087112e+01,2.073182e+01,2.087808e+01,2.073182e+01,2.089896e+01,2.087808e+01,2.077363e+01,2.085720e+01,2.080150e+01,2.073879e+01,2.082239e+01,2.089896e+01,2.089896e+01,2.089896e+01,2.094765e+01,2.085024e+01,2.079453e+01,2.081543e+01,2.086416e+01,2.083632e+01,2.079453e+01,2.087808e+01,2.089896e+01,2.082239e+01,2.082935e+01,2.082935e+01,2.094070e+01,2.087112e+01,2.081543e+01,2.083632e+01,2.080846e+01,2.094070e+01,2.076667e+01,2.087112e+01,2.083632e+01,2.089200e+01,2.089896e+01,2.089896e+01,2.090592e+01,2.089200e+01,2.093374e+01,2.084328e+01,2.088504e+01,2.080150e+01,2.082239e+01,2.087808e+01,2.087112e+01,2.090592e+01,2.084328e+01,2.080846e+01,2.087112e+01,2.090592e+01,2.078060e+01,2.072486e+01,2.073879e+01,2.089896e+01,2.078757e+01,2.078757e+01,2.082239e+01,2.076667e+01,2.080846e+01,2.090592e+01,2.069697e+01,2.077363e+01,2.095461e+01,2.085720e+01,2.085720e+01,2.079453e+01,2.092679e+01,2.084328e+01,2.087112e+01,2.075273e+01,2.078757e+01,2.072486e+01,2.084328e+01,2.084328e+01,2.080150e+01,2.088504e+01,2.087112e+01,2.087112e+01,2.085720e+01,2.075970e+01,2.085024e+01,2.080150e+01,2.080150e+01,2.082239e+01,2.078060e+01,2.085720e+01,2.075273e+01,2.080150e+01,2.081543e+01,2.079453e+01,2.082935e+01,2.087112e+01,2.095461e+01,2.086416e+01,2.074576e+01,2.077363e+01,2.069000e+01,2.083632e+01,2.082935e+01,2.080846e+01,2.078757e+01,2.069697e+01,2.087112e+01,2.083632e+01,2.079453e+01,2.067605e+01,2.078757e+01,2.071789e+01,2.069000e+01,2.081543e+01,2.080846e+01,2.074576e+01,2.071091e+01,2.078060e+01,2.075970e+01,2.071789e+01,2.072486e+01,2.082935e+01,2.073182e+01,2.073182e+01,2.072486e+01,2.067605e+01,2.074576e+01,2.078757e+01,2.055045e+01,2.046663e+01,2.039673e+01,2.007454e+01,1.996926e+01,1.996224e+01,1.951880e+01,1.910173e+01,1.860462e+01,1.846926e+01,1.849777e+01,1.846926e+01,1.844787e+01,1.842648e+01,1.834085e+01,1.838367e+01,1.834085e+01,1.832658e+01,1.832658e+01,1.829801e+01,1.831230e+01,1.832658e+01,1.836940e+01,1.836940e+01,1.835513e+01,1.837654e+01,1.834799e+01,1.817653e+01,1.822657e+01,1.829087e+01,1.813362e+01,1.810501e+01,1.818369e+01,1.821228e+01,1.824801e+01,1.824087e+01,1.828373e+01,1.834799e+01,1.833372e+01,1.835513e+01,1.834085e+01,1.831230e+01,1.830515e+01,1.837654e+01,1.843361e+01,1.844787e+01,1.852628e+01,1.851203e+01,1.846213e+01,1.849777e+01,1.866867e+01,1.869713e+01,1.870424e+01,1.908047e+01,1.934229e+01,1.997628e+01,2.050157e+01,2.050157e+01,2.059234e+01,2.050157e+01,2.065513e+01,2.062723e+01,2.067605e+01,2.071091e+01,2.080846e+01,2.071091e+01,2.075273e+01,2.071789e+01,2.077363e+01,2.069000e+01,2.062723e+01,2.067605e+01,2.078060e+01,2.078060e+01,2.079453e+01,2.080150e+01,2.071091e+01,2.071789e+01,2.068303e+01,2.064118e+01,2.035476e+01,2.016570e+01,1.980761e+01,1.952586e+01,1.920085e+01,1.922208e+01,1.928574e+01,1.927160e+01,1.924331e+01,1.917254e+01,1.916546e+01,1.928574e+01,1.937055e+01,1.965979e+01,1.959637e+01,1.984277e+01,1.985683e+01,1.986386e+01,1.987090e+01,1.990604e+01,2.010260e+01,2.023577e+01,2.029878e+01,2.048759e+01,2.058536e+01,2.058536e+01,2.067605e+01,2.076667e+01,2.079453e+01,2.066908e+01,2.067605e+01,2.056442e+01,2.050855e+01,2.034777e+01,2.031278e+01,2.017271e+01,2.006051e+01,1.996224e+01,1.988495e+01,2.008857e+01,2.008156e+01,2.027078e+01,2.011663e+01,2.018673e+01,2.026378e+01,2.028478e+01,2.024277e+01,2.010260e+01,2.015869e+01,2.004648e+01,1.997628e+01,1.999033e+01,1.997628e+01,1.999735e+01,2.017271e+01,2.022876e+01,2.030578e+01,2.053649e+01,2.042470e+01,2.048759e+01,2.066211e+01,2.045266e+01,2.029178e+01,2.030578e+01,2.016570e+01,2.006753e+01,2.002542e+01,1.975836e+01,1.967388e+01,1.947647e+01,1.949764e+01,1.946941e+01,1.937762e+01,1.939881e+01,1.943411e+01,1.949058e+01,1.952586e+01,1.935642e+01,1.953996e+01,1.949058e+01,1.952586e+01,1.962456e+01,1.965274e+01,1.982168e+01,2.013065e+01,2.037575e+01,2.038974e+01,2.038274e+01,2.073182e+01,2.055743e+01,2.055743e+01,2.057838e+01,2.029178e+01,2.017271e+01,2.017271e+01,2.010260e+01,1.980058e+01,1.974428e+01,1.975836e+01,1.977243e+01,1.965274e+01,1.968796e+01,1.984980e+01,2.002542e+01,2.037575e+01,2.022876e+01,2.041770e+01,2.050157e+01,2.024277e+01,2.022876e+01,1.994819e+01,1.984980e+01,1.963865e+01,1.936349e+01,1.924331e+01,1.912298e+01,1.939881e+01,1.917962e+01,1.926452e+01,1.913006e+01,1.939174e+01,1.934229e+01,1.930695e+01,1.930695e+01,1.930695e+01,1.930695e+01,1.932109e+01,1.937055e+01,1.962456e+01,1.980761e+01,1.998330e+01,2.001139e+01,2.034077e+01,2.053649e+01,2.053649e+01,2.015869e+01,1.975836e+01,1.917254e+01,1.913714e+01,1.897414e+01,1.900251e+01,1.898123e+01,1.897414e+01,1.913006e+01,1.911590e+01,1.908047e+01,1.883218e+01,1.881797e+01,1.883218e+01,1.891738e+01,1.922208e+01,2.018673e+01,2.048061e+01,2.075273e+01,2.085024e+01,2.086416e+01,2.085024e+01,2.072486e+01,2.073182e+01,2.073182e+01,2.076667e+01,2.079453e+01,2.083632e+01,2.080150e+01,2.079453e+01,2.080846e+01,2.080150e+01,2.082239e+01,2.085720e+01,2.091287e+01,2.083632e+01,2.084328e+01,2.075970e+01,2.082935e+01,2.082935e+01,2.078060e+01,2.078060e+01,2.080150e+01,2.089200e+01,2.073182e+01,2.074576e+01,2.085024e+01,2.080150e+01,2.077363e+01,2.081543e+01,2.080846e+01,2.091983e+01,2.085720e+01,2.084328e+01,2.087112e+01,2.082935e+01,2.085720e+01,2.086416e+01,2.088504e+01,2.088504e+01,2.082935e+01,2.082239e+01,2.077363e+01,2.093374e+01,2.085024e+01,2.084328e+01,2.091287e+01,2.076667e+01,2.087112e+01,2.087808e+01,2.082935e+01,2.082935e+01,2.081543e+01,2.082239e+01,2.083632e+01,2.087112e+01,2.087112e+01,2.080846e+01,2.085720e+01,2.076667e+01,2.084328e+01,2.075970e+01,2.086416e+01,2.087112e+01,2.087808e+01,2.080846e+01,2.078757e+01,2.076667e+01,2.075970e+01,2.078757e+01,2.078757e+01,2.078060e+01,2.081543e+01,2.089200e+01,2.084328e+01,2.069000e+01,2.085720e+01,2.080150e+01,2.080150e+01,2.078757e+01,2.082935e+01,2.083632e+01,2.078757e+01,2.082935e+01,2.078060e+01,2.080846e+01,2.079453e+01,2.073879e+01,2.082239e+01,2.074576e+01,2.079453e+01,2.081543e+01,2.078757e+01,2.082935e+01,2.076667e+01,2.078060e+01,2.078757e+01,2.075970e+01,2.082935e+01,2.089896e+01,2.080846e+01,2.082935e+01,2.079453e+01,2.084328e+01,2.075273e+01,2.085720e+01,2.077363e+01,2.082935e+01,2.079453e+01,2.074576e+01,2.086416e+01,2.085024e+01,2.084328e+01,2.078757e+01,2.081543e+01,2.087808e+01,2.082239e+01,2.077363e+01,2.089896e+01,2.071789e+01,2.077363e+01,2.078060e+01,2.089896e+01,2.075273e+01,2.085720e+01,2.086416e+01,2.075970e+01,2.087808e+01,2.082935e+01,2.089200e+01,2.073182e+01,2.087808e+01,2.070394e+01,2.088504e+01,2.073879e+01,2.085720e+01,2.084328e+01,2.084328e+01,2.085024e+01,2.080846e+01,2.084328e+01,2.075970e+01,2.078060e+01,2.077363e+01,2.078060e+01,2.079453e+01,2.080150e+01,2.080846e+01,2.080150e+01,2.080150e+01,2.078060e+01,2.079453e+01,2.080846e+01,2.085024e+01,2.086416e+01,2.080150e+01,2.086416e+01,2.066908e+01,2.082239e+01,2.080846e+01,2.079453e+01,2.078757e+01,2.079453e+01,2.085024e+01,2.087808e+01,2.082239e+01,2.092679e+01,2.075970e+01,2.082239e+01,2.078060e+01,2.082935e+01,2.082239e+01,2.083632e+01,2.079453e+01,2.088504e+01,2.086416e+01,2.087808e+01,2.091983e+01,2.080150e+01,2.060629e+01,2.078757e+01,2.079453e+01,2.078060e+01,2.081543e+01,2.062025e+01,2.056442e+01,2.083632e+01,2.077363e+01,2.064816e+01,2.078060e+01,2.069000e+01,2.086416e+01,2.086416e+01,2.070394e+01,2.087112e+01,2.071091e+01,2.082935e+01,2.069697e+01,2.075970e+01,2.066908e+01,2.086416e+01,2.078060e+01,2.091287e+01,2.087808e+01,2.086416e+01,2.087112e+01,2.084328e+01,2.077363e+01,2.082239e+01,2.069697e+01,2.091983e+01,2.097547e+01,2.075273e+01,2.087808e+01,2.084328e+01,2.077363e+01,2.091287e+01,2.067605e+01,2.070394e+01,2.077363e+01,2.074576e+01,2.083632e+01,2.087808e+01,2.091983e+01,2.081543e+01,2.071789e+01,2.077363e+01,2.069000e+01,2.076667e+01,2.077363e+01,2.062025e+01,2.080846e+01
2.065513e+01,2.075970e+01,2.081543e+01,2.073182e+01,2.078757e+01,2.090592e+01,2.073182e+01,2.080150e+01,2.086416e+01,2.082935e+01,2.091287e+01,2.090592e+01,2.078060e+01,2.073879e+01,2.080150e+01,2.081543e+01,2.072486e+01,2.079453e+01,2.080846e+01,2.073879e+01,2.073182e+01,2.071789e+01,2.074576e+01,2.073879e+01,2.080150e+01,2.082239e+01,2.071789e+01,2.079453e+01,2.079453e+01,2.077363e+01,2.078757e+01,2.078757e+01,2.078060e+01,2.076667e+01,2.076667e+01,2.082935e+01,2.075970e+01,2.085720e+01,2.081543e+01,2.078757e+01,2.079453e+01,2.082935e+01,2.084328e+01,2.082239e+01,2.076667e+01,2.084328e+01,2.087808e+01,2.085720e+01,2.071789e+01,2.087112e+01,2.087112e+01,2.088504e+01,2.085720e+01,2.089896e+01,2.080846e+01,2.085024e+01,2.090592e+01,2.082239e+01,2.089200e+01,2.090592e+01,2.074576e+01,2.078757e+01,2.088504e+01,2.092679e+01,2.093374e+01,2.090592e+01,2.076667e+01,2.087808e+01,2.085720e+01,2.088504e+01,2.091983e+01,2.091983e+01,2.089200e+01,2.084328e+01,2.082239e+01,2.091287e+01,2.076667e+01,2.084328e+01,2.093374e+01,2.085720e+01,2.094765e+01,2.093374e+01,2.080150e+01,2.094070e+01,2.082239e+01,2.089896e+01,2.088504e+01,2.096852e+01,2.085720e+01,2.081543e+01,2.089200e+01,2.082935e+01,2.081543e+01,2.087808e+01,2.082935e+01,2.093374e+01,2.082239e+01,2.092679e+01,2.083632e+01,2.087808e+01,2.094765e+01,2.082239e+01,2.080846e+01,2.077363e+01,2.086416e+01,2.077363e+01,2.079453e+01,2.069697e+01,2.081543e+01,2.080846e+01,2.085720e+01,2.085720e+01,2.082239e+01,2.091983e+01,2.086416e+01,2.087112e+01,2.087808e+01,2.083632e+01,2.085720e+01,2.078757e+01,2.082239e+01,2.081543e+01,2.081543e+01,2.087808e+01,2.083632e+01,2.112831e+01,2.074576e+01,2.090592e+01,2.083632e+01,2.082935e+01,2.079453e+01,2.080150e+01,2.079453e+01,2.086416e+01,2.097547e+01,2.078757e+01,2.100327e+01,2.079453e+01,2.091287e+01,2.082239e+01,2.084328e+01,2.089896e+01,2.081543e+01,2.075273e+01,2.086416e+01,2.073182e+01,2.077363e+01,2.085024e+01,2.080150e+01,2.080846e+01,2.080150e+01,2.077363e+01,2.082239e+01,2.083632e+01,2.080150e+01,2.072486e+01,2.076667e+01,2.075273e+01,2.075970e+01,2.075970e+01,2.086416e+01,2.082935e+01,2.075273e+01,2.077363e+01,2.073182e+01,2.072486e+01,2.073182e+01,2.070394e+01,2.073182e+01,2.071091e+01,2.076667e+01,2.071091e+01,2.072486e+01,2.075273e+01,2.054347e+01,2.051554e+01,2.045266e+01,2.040372e+01,2.003244e+01,1.964570e+01,1.913714e+01,1.859038e+01,1.846926e+01,1.854053e+01,1.832658e+01,1.845500e+01,1.835513e+01,1.830515e+01,1.833372e+01,1.833372e+01,1.837654e+01,1.839081e+01,1.852628e+01,1.829801e+01,1.834799e+01,1.829801e+01,1.827659e+01,1.834799e+01,1.814078e+01,1.833372e+01,1.839081e+01,1.821228e+01,1.828373e+01,1.813362e+01,1.819083e+01,1.821943e+01,1.821228e+01,1.831944e+01,1.828373e+01,1.826230e+01,1.831230e+01,1.832658e+01,1.827659e+01,1.834085e+01,1.841934e+01,1.851915e+01,1.854765e+01,1.853340e+01,1.859750e+01,1.859038e+01,1.856902e+01,1.861174e+01,1.864733e+01,1.868290e+01,1.864733e+01,1.902378e+01,1.932815e+01,1.962456e+01,2.014467e+01,2.052950e+01,2.057838e+01,2.066908e+01,2.061327e+01,2.077363e+01,2.066908e+01,2.069000e+01,2.064118e+01,2.070394e+01,2.075970e+01,2.078060e+01,2.074576e+01,2.096156e+01,2.075970e+01,2.067605e+01,2.078060e+01,2.063420e+01,2.078060e+01,2.064816e+01,2.071789e+01,2.071091e+01,2.073182e+01,2.066211e+01,2.044567e+01,2.041770e+01,2.012364e+01,1.982871e+01,1.984277e+01,1.946941e+01,1.927867e+01,1.929281e+01,1.926452e+01,1.924331e+01,1.932815e+01,1.928574e+01,1.945529e+01,1.946235e+01,1.958227e+01,1.984277e+01,1.981464e+01,1.989198e+01,1.992711e+01,2.006051e+01,2.008857e+01,2.010961e+01,2.045266e+01,2.048061e+01,2.071091e+01,2.073879e+01,2.075970e+01,2.071789e+01,2.076667e+01,2.069697e+01,2.074576e+01,2.070394e+01,2.050855e+01,2.027078e+01,2.050157e+01,2.011663e+01,2.003244e+01,2.003244e+01,1.984277e+01,1.997628e+01,1.980761e+01,2.000437e+01,2.010961e+01,2.002542e+01,1.999735e+01,2.008857e+01,2.015869e+01,2.027078e+01,2.013065e+01,2.011663e+01,2.017972e+01,2.013766e+01,1.998330e+01,2.003244e+01,2.018673e+01,2.032678e+01,2.039673e+01,2.043169e+01,2.064118e+01,2.056442e+01,2.045964e+01,2.060629e+01,2.070394e+01,2.041071e+01,2.037575e+01,2.036176e+01,2.013065e+01,2.006051e+01,1.981464e+01,1.975836e+01,1.959637e+01,1.955407e+01,1.949058e+01,1.942705e+01,1.944823e+01,1.933522e+01,1.948352e+01,1.953996e+01,1.951175e+01,1.945529e+01,1.951880e+01,1.949058e+01,1.956112e+01,1.964570e+01,1.993414e+01,2.003244e+01,2.014467e+01,2.010260e+01,2.036875e+01,2.057838e+01,2.053649e+01,2.062723e+01,2.059234e+01,2.050855e+01,2.030578e+01,2.018673e+01,2.029178e+01,2.012364e+01,2.004648e+01,1.993414e+01,1.980058e+01,1.971613e+01,1.960342e+01,1.971613e+01,1.973021e+01,2.002542e+01,2.015869e+01,2.024277e+01,2.043169e+01,2.029878e+01,2.025677e+01,2.005350e+01,1.975132e+01,1.961751e+01,1.927867e+01,1.934229e+01,1.913714e+01,1.910881e+01,1.913006e+01,1.913006e+01,1.906630e+01,1.905213e+01,1.909464e+01,1.921501e+01,1.900251e+01,1.910881e+01,1.909464e+01,1.908756e+01,1.915130e+01,1.935642e+01,1.948352e+01,1.964570e+01,1.994819e+01,2.011663e+01,2.039673e+01,2.054347e+01,2.039673e+01,1.999033e+01,1.946941e+01,1.925038e+01,1.907339e+01,1.908756e+01,1.920793e+01,1.905922e+01,1.922208e+01,1.916546e+01,1.899541e+01,1.902378e+01,1.880376e+01,1.880376e+01,1.885349e+01,1.885349e+01,1.990604e+01,2.048061e+01,2.084328e+01,2.080150e+01,2.084328e+01,2.087112e+01,2.077363e+01,2.072486e+01,2.076667e+01,2.078060e+01,2.088504e+01,2.085024e+01,2.078757e+01,2.083632e+01,2.085720e+01,2.082239e+01,2.085024e+01,2.081543e+01,2.087808e+01,2.094070e+01,2.086416e+01,2.088504e+01,2.082239e+01,2.090592e+01,2.088504e+01,2.085024e+01,2.087808e+01,2.081543e+01,2.085720e+01,2.078757e+01,2.073879e+01,2.081543e+01,2.098242e+01,2.084328e+01,2.096852e+01,2.080846e+01,2.090592e+01,2.078757e+01,2.076667e+01,2.086416e+01,2.085720e+01,2.089200e+01,2.082935e+01,2.089896e+01,2.078757e+01,2.084328e+01,2.082935e+01,2.098242e+01,2.081543e+01,2.087112e+01,2.073879e+01,2.073879e+01,2.079453e+01,2.078060e+01,2.076667e+01,2.078757e+01,2.081543e+01,2.082239e+01,2.081543e+01,2.082935e+01,2.080150e+01,2.080846e+01,2.081543e+01,2.076667e+01,2.086416e+01,2.076667e+01,2.078757e+01,2.071091e+01,2.083632e+01,2.076667e+01,2.080846e+01,2.077363e+01,2.080846e+01,2.085024e+01,2.084328e+01,2.085720e+01,2.078757e+01,2.087808e+01,2.086416e+01,2.085720e+01,2.086416e+01,2.085720e+01,2.079453e+01,2.080150e+01,2.084328e+01,2.079453e+01,2.085024e+01,2.081543e+01,2.078060e+01,2.080846e+01,2.082935e+01,2.080846e+01,2.079453e+01,2.075273e+01,2.076667e+01,2.083632e+01,2.079453e+01,2.079453e+01,2.077363e+01,2.077363e+01,2.073182e+01,2.085720e+01,2.085024e+01,2.084328e+01,2.082935e+01,2.086416e+01,2.087808e+01,2.078060e+01,2.075970e+01,2.074576e+01,2.080150e+01,2.078757e+01,2.084328e+01,2.076667e+01,2.085720e+01,2.087808e+01,2.087808e+01,2.085720e+01,2.089200e+01,2.084328e+01,2.086416e+01,2.087808e+01,2.075273e+01,2.083632e+01,2.084328e+01,2.091983e+01,2.078060e+01,2.087808e+01,2.083632e+01,2.073879e+01,2.085024e+01,2.095461e+01,2.078757e+01,2.084328e+01,2.077363e+01,2.085720e+01,2.084328e+01,2.085024e+01,2.087112e+01,2.082935e+01,2.080846e+01,2.076667e+01,2.085720e+01,2.086416e+01,2.084328e+01,2.080150e+01,2.081543e+01,2.074576e+01,2.078060e+01,2.082239e+01,2.077363e+01,2.084328e+01,2.083632e+01,2.082935e+01,2.087112e+01,2.069697e+01,2.078060e+01,2.080846e+01,2.090592e+01,2.081543e+01,2.082935e+01,2.080150e+01,2.078757e+01,2.080150e+01,2.080846e+01,2.083632e+01,2.075273e+01,2.085720e+01,2.084328e+01,2.086416e+01,2.074576e+01,2.088504e+01,2.078757e+01,2.080150e+01,2.080150e+01,2.080150e+01,2.085024e+01,2.080150e+01,2.088504e+01,2.080150e+01,2.078060e+01,2.085720e+01,2.080150e+01,2.080150e+01,2.084328e+01,2.078060e+01,2.067605e+01,2.085024e+01,2.092679e+01,2.082935e+01,2.075273e+01,2.081543e+01,2.082935e+01,2.080150e+01,2.085024e+01,2.086416e+01,2.078757e+01,2.061327e+01,2.075970e+01,2.061327e+01,2.082935e+01,2.065513e+01,2.064118e+01,2.068303e+01,2.080846e+01,2.079453e+01,2.086416e+01,2.087808e+01,2.058536e+01,2.080846e+01,2.077363e+01,2.083632e+01,2.078757e+01,2.088504e+01,2.084328e+01,2.072486e+01,2.091287e+01,2.083632e+01,2.094070e+01,2.076667e+01,2.084328e+01,2.091287e+01,2.078757e+01,2.089896e+01,2.092679e+01,2.087808e+01,2.079453e+01,2.089200e+01,2.080846e+01,2.077363e+01,2.086416e+01,2.087112e+01,2.064118e+01,2.089200e+01,2.075970e+01,2.072486e+01
2.071091e+01,2.060629e+01,2.064118e+01,2.073182e+01,2.070394e+01,2.086416e+01,2.067605e+01,2.091983e+01,2.077363e+01,2.065513e+01,2.069697e+01,2.078060e+01,2.081543e+01,2.070394e+01,2.087112e+01,2.082935e+01,2.073182e+01,2.075273e+01,2.073879e+01,2.077363e+01,2.075273e+01,2.075273e+01,2.068303e+01,2.071091e+01,2.091983e+01,2.088504e+01,2.075273e+01,2.071091e+01,2.073879e+01,2.078757e+01,2.073182e+01,2.085720e+01,2.085024e+01,2.075273e+01,2.076667e+01,2.085720e+01,2.092679e+01,2.090592e+01,2.078757e+01,2.084328e+01,2.081543e+01,2.089200e+01,2.085024e+01,2.081543e+01,2.073182e+01,2.080846e+01,2.076667e+01,2.083632e+01,2.074576e+01,2.089200e+01,2.086416e+01,2.079453e+01,2.082935e+01,2.089200e+01,2.087112e+01,2.096852e+01,2.085024e+01,2.088504e+01,2.092679e+01,2.090592e+01,2.087112e+01,2.085720e+01,2.086416e+01,2.085024e+01,2.085024e+01,2.087808e+01,2.083632e+01,2.091983e+01,2.091983e+01,2.092679e+01,2.095461e+01,2.089896e+01,2.088504e+01,2.089200e+01,2.094765e+01,2.085024e+01,2.096852e+01,2.078060e+01,2.104497e+01,2.103107e+01,2.088504e+01,2.082935e+01,2.083632e+01,2.085024e+01,2.082935e+01,2.084328e+01,2.085024e+01,2.085720e+01,2.083632e+01,2.084328e+01,2.083632e+01,2.088504e+01,2.092679e+01,2.089896e+01,2.085024e+01,2.085024e+01,2.080846e+01,2.085024e+01,2.096156e+01,2.096852e+01,2.091287e+01,2.090592e+01,2.087112e+01,2.096156e+01,2.091983e+01,2.085720e+01,2.081543e+01,2.082935e+01,2.088504e+01,2.080150e+01,2.085024e+01,2.087808e+01,2.087808e+01,2.079453e+01,2.083632e+01,2.073182e+01,2.080150e+01,2.082239e+01,2.082239e+01,2.082239e+01,2.074576e+01,2.094070e+01,2.078757e+01,2.088504e+01,2.083632e+01,2.079453e+01,2.083632e+01,2.091983e+01,2.081543e+01,2.072486e+01,2.080846e+01,2.078757e+01,2.080150e+01,2.085024e+01,2.081543e+01,2.087112e+01,2.078757e+01,2.081543e+01,2.082239e+01,2.082239e+01,2.086416e+01,2.086416e+01,2.087112e+01,2.071091e+01,2.077363e+01,2.081543e+01,2.080150e+01,2.085024e+01,2.087808e+01,2.085024e+01,2.078060e+01,2.069697e+01,2.088504e+01,2.082239e+01,2.077363e+01,2.080150e+01,2.079453e+01,2.084328e+01,2.082239e+01,2.074576e+01,2.080846e+01,2.073879e+01,2.086416e+01,2.074576e+01,2.073182e+01,2.084328e+01,2.076667e+01,2.077363e+01,2.075970e+01,2.077363e+01,2.078060e+01,2.076667e+01,2.077363e+01,2.073182e+01,2.071789e+01,2.068303e+01,2.072486e+01,2.039673e+01,1.992711e+01,1.961751e+01,1.892448e+01,1.856902e+01,1.844074e+01,1.846213e+01,1.834085e+01,1.835513e+01,1.838367e+01,1.836227e+01,1.835513e+01,1.849064e+01,1.838367e+01,1.835513e+01,1.839081e+01,1.829801e+01,1.839794e+01,1.831944e+01,1.829087e+01,1.831230e+01,1.827659e+01,1.816938e+01,1.828373e+01,1.819083e+01,1.821943e+01,1.816938e+01,1.824801e+01,1.818369e+01,1.827659e+01,1.835513e+01,1.833372e+01,1.829087e+01,1.830515e+01,1.826230e+01,1.829087e+01,1.833372e+01,1.846213e+01,1.840508e+01,1.863309e+01,1.855477e+01,1.855477e+01,1.859038e+01,1.857614e+01,1.859038e+01,1.871135e+01,1.873269e+01,1.891738e+01,1.908047e+01,1.937762e+01,1.984277e+01,2.015168e+01,2.055045e+01,2.073182e+01,2.083632e+01,2.066908e+01,2.065513e+01,2.079453e+01,2.069697e+01,2.080846e+01,2.085720e+01,2.073879e+01,2.072486e+01,2.075273e+01,2.075970e+01,2.074576e+01,2.062025e+01,2.066211e+01,2.074576e+01,2.066211e+01,2.063420e+01,2.066211e+01,2.063420e+01,2.064118e+01,2.055743e+01,2.046663e+01,2.037575e+01,2.014467e+01,2.010961e+01,1.987090e+01,1.956817e+01,1.935642e+01,1.929281e+01,1.950469e+01,1.936349e+01,1.936349e+01,1.940587e+01,1.930695e+01,1.952586e+01,1.957522e+01,1.982871e+01,1.980761e+01,1.990604e+01,2.001139e+01,2.004648e+01,2.027778e+01,2.036176e+01,2.047362e+01,2.064816e+01,2.068303e+01,2.072486e+01,2.072486e+01,2.078060e+01,2.075970e+01,2.077363e+01,2.065513e+01,2.060629e+01,2.049458e+01,2.030578e+01,2.010961e+01,1.978650e+01,2.001139e+01,1.962456e+01,1.967388e+01,1.957522e+01,1.961047e+01,1.970205e+01,1.994819e+01,1.964570e+01,1.989901e+01,2.008156e+01,2.008156e+01,2.003244e+01,2.023577e+01,2.017271e+01,2.016570e+01,2.022176e+01,2.011663e+01,2.017271e+01,2.028478e+01,2.038274e+01,2.059932e+01,2.048061e+01,2.064816e+01,2.062723e+01,2.059932e+01,2.048061e+01,2.061327e+01,2.055743e+01,2.050855e+01,2.034077e+01,2.029178e+01,2.004648e+01,2.005350e+01,1.999033e+01,1.967388e+01,1.951175e+01,1.950469e+01,1.942705e+01,1.944118e+01,1.948352e+01,1.953291e+01,1.938468e+01,1.944823e+01,1.950469e+01,1.951175e+01,1.948352e+01,1.951880e+01,1.961751e+01,1.969500e+01,1.987792e+01,2.003946e+01,2.036875e+01,2.033377e+01,2.050157e+01,2.060629e+01,2.053649e+01,2.041071e+01,2.036875e+01,2.031978e+01,2.048061e+01,2.030578e+01,2.013766e+01,2.015869e+01,1.999033e+01,1.994117e+01,1.977947e+01,1.973021e+01,1.963161e+01,1.972317e+01,2.000437e+01,2.018673e+01,2.031978e+01,2.028478e+01,2.010961e+01,2.025677e+01,1.990604e+01,1.984980e+01,1.963161e+01,1.935642e+01,1.929988e+01,1.918670e+01,1.912298e+01,1.906630e+01,1.913006e+01,1.918670e+01,1.897414e+01,1.896704e+01,1.900960e+01,1.886769e+01,1.895995e+01,1.897414e+01,1.886769e+01,1.908047e+01,1.892448e+01,1.934229e+01,1.949764e+01,1.968796e+01,1.995521e+01,2.018673e+01,2.048061e+01,2.048759e+01,2.022876e+01,1.979354e+01,1.937762e+01,1.923623e+01,1.907339e+01,1.903087e+01,1.921501e+01,1.911590e+01,1.915838e+01,1.920085e+01,1.903087e+01,1.889609e+01,1.886059e+01,1.870424e+01,1.891028e+01,1.951880e+01,2.052252e+01,2.072486e+01,2.073182e+01,2.084328e+01,2.067605e+01,2.085024e+01,2.069697e+01,2.076667e+01,2.080150e+01,2.079453e+01,2.085024e+01,2.082239e+01,2.087112e+01,2.083632e+01,2.083632e+01,2.084328e+01,2.086416e+01,2.087808e+01,2.089200e+01,2.073879e+01,2.091983e+01,2.082239e+01,2.077363e+01,2.076667e+01,2.090592e+01,2.081543e+01,2.100327e+01,2.080150e+01,2.083632e+01,2.078060e+01,2.082239e+01,2.082935e+01,2.087112e+01,2.080846e+01,2.080846e+01,2.078757e+01,2.085024e+01,2.086416e+01,2.086416e+01,2.082935e+01,2.085720e+01,2.087808e+01,2.086416e+01,2.089896e+01,2.087808e+01,2.094070e+01,2.080150e+01,2.087112e+01,2.087808e+01,2.087112e+01,2.089200e+01,2.082935e+01,2.078060e+01,2.082239e+01,2.083632e+01,2.081543e+01,2.081543e+01,2.080846e+01,2.090592e+01,2.085720e+01,2.083632e+01,2.089200e+01,2.075970e+01,2.079453e+01,2.083632e+01,2.085720e+01,2.087808e+01,2.091983e+01,2.083632e+01,2.075970e+01,2.078757e+01,2.085720e+01,2.080150e+01,2.071091e+01,2.082239e+01,2.080846e+01,2.077363e+01,2.075273e+01,2.085720e+01,2.086416e+01,2.080846e+01,2.085720e+01,2.084328e+01,2.087112e+01,2.078060e+01,2.082935e+01,2.080150e+01,2.082935e+01,2.082239e+01,2.079453e+01,2.083632e+01,2.073879e+01,2.080150e+01,2.080846e+01,2.085024e+01,2.081543e+01,2.078757e+01,2.090592e+01,2.080150e+01,2.084328e+01,2.086416e+01,2.083632e+01,2.085024e+01,2.082935e+01,2.075273e+01,2.079453e+01,2.078757e+01,2.078757e+01,2.075273e+01,2.077363e+01,2.080846e+01,2.079453e+01,2.087808e+01,2.085720e+01,2.084328e+01,2.074576e+01,2.078757e+01,2.081543e+01,2.087112e+01,2.087112e+01,2.081543e+01,2.085024e+01,2.085720e+01,2.087112e+01,2.088504e+01,2.078757e+01,2.086416e+01,2.086416e+01,2.094070e+01,2.075273e+01,2.076667e+01,2.080150e+01,2.090592e+01,2.085720e+01,2.087112e+01,2.088504e+01,2.084328e+01,2.085720e+01,2.091287e+01,2.081543e+01,2.081543e+01,2.091287e+01,2.085720e+01,2.083632e+01,2.087112e+01,2.089200e+01,2.073879e+01,2.078060e+01,2.079453e+01,2.075970e+01,2.075970e+01,2.085024e+01,2.078060e+01,2.085024e+01,2.085720e+01,2.081543e+01,2.076667e+01,2.078757e+01,2.087808e+01,2.077363e+01,2.080150e+01,2.077363e+01,2.098242e+01,2.080150e+01,2.076667e+01,2.080846e+01,2.087808e+01,2.085024e+01,2.088504e+01,2.081543e+01,2.078757e+01,2.080150e+01,2.083632e+01,2.080150e+01,2.094070e+01,2.082239e+01,2.094070e+01,2.089200e+01,2.076667e+01,2.095461e+01,2.081543e+01,2.081543e+01,2.082239e+01,2.083632e+01,2.080150e+01,2.085720e+01,2.074576e+01,2.078757e+01,2.094765e+01,2.077363e+01,2.082935e+01,2.086416e+01,2.086416e+01,2.074576e+01,2.081543e+01,2.077363e+01,2.079453e+01,2.090592e+01,2.071789e+01,2.084328e+01,2.079453e+01,2.076667e+01,2.075273e+01,2.079453e+01,2.078757e+01,2.076667e+01,2.080150e+01,2.078060e+01,2.068303e+01,2.080846e+01,2.077363e+01,2.074576e+01,2.076667e+01,2.074576e+01,2.083632e+01,2.082935e+01,2.073879e+01,2.080846e+01,2.080846e+01,2.082239e+01,2.087808e+01,2.078060e+01,2.083632e+01,2.075273e+01,2.088504e+01,2.087112e+01,2.085720e+01,2.087808e+01,2.080150e+01,2.090592e+01,2.073182e+01,2.084328e+01,2.073879e+01,2.073182e+01,2.086416e+01
2.071091e+01,2.078060e+01,2.082239e+01,2.073182e+01,2.075970e+01,2.069000e+01,2.068303e+01,2.078757e+01,2.077363e+01,2.080846e+01,2.078060e+01,2.095461e+01,2.080150e+01,2.080150e+01,2.073182e+01,2.068303e+01,2.066211e+01,2.069697e+01,2.073879e+01,2.073182e+01,2.068303e+01,2.069000e+01,2.075273e+01,2.081543e+01,2.083632e+01,2.076667e+01,2.075970e+01,2.074576e+01,2.078757e+01,2.080846e+01,2.072486e+01,2.078060e+01,2.074576e+01,2.074576e+01,2.074576e+01,2.074576e+01,2.073879e+01,2.078060e+01,2.081543e+01,2.090592e+01,2.076667e+01,2.078060e+01,2.085024e+01,2.080150e+01,2.080846e+01,2.084328e+01,2.087112e+01,2.071789e+01,2.087808e+01,2.080846e+01,2.083632e+01,2.082239e+01,2.090592e+01,2.080846e+01,2.081543e+01,2.083632e+01,2.090592e+01,2.091983e+01,2.085720e+01,2.084328e+01,2.087808e+01,2.084328e+01,2.080846e+01,2.082239e+01,2.087112e+01,2.080846e+01,2.077363e+01,2.079453e+01,2.075970e+01,2.095461e+01,2.085720e+01,2.066908e+01,2.085024e+01,2.089200e+01,2.088504e+01,2.089200e+01,2.090592e+01,2.091287e+01,2.081543e+01,2.083632e+01,2.093374e+01,2.083632e+01,2.080846e+01,2.081543e+01,2.084328e+01,2.089200e+01,2.088504e+01,2.086416e+01,2.085720e+01,2.080846e+01,2.086416e+01,2.089896e+01,2.085720e+01,2.085024e+01,2.082935e+01,2.079453e+01,2.085024e+01,2.087112e+01,2.080846e+01,2.087112e+01,2.078060e+01,2.078060e+01,2.085024e+01,2.075273e+01,2.078060e+01,2.079453e+01,2.072486e+01,2.072486e+01,2.082239e+01,2.080846e+01,2.085720e+01,2.078757e+01,2.082935e+01,2.082239e+01,2.077363e+01,2.083632e+01,2.076667e+01,2.076667e+01,2.080846e+01,2.082239e+01,2.082239e+01,2.075970e+01,2.077363e+01,2.082239e+01,2.085024e+01,2.073879e+01,2.082239e+01,2.083632e+01,2.091287e+01,2.078060e+01,2.080150e+01,2.076667e+01,2.076667e+01,2.078060e+01,2.081543e+01,2.079453e+01,2.082239e+01,2.086416e+01,2.081543e+01,2.088504e+01,2.085720e+01,2.071789e+01,2.078060e+01,2.077363e+01,2.081543e+01,2.085024e+01,2.090592e+01,2.080150e+01,2.081543e+01,2.075970e+01,2.073182e+01,2.075970e+01,2.085024e+01,2.070394e+01,2.080846e+01,2.075273e+01,2.081543e+01,2.076667e+01,2.078060e+01,2.072486e+01,2.073182e+01,2.073182e+01,2.073182e+01,2.075273e+01,2.076667e+01,2.077363e+01,2.077363e+01,2.073182e+01,2.074576e+01,2.071789e+01,2.069000e+01,2.069697e+01,2.071091e+01,2.071789e+01,2.072486e+01,2.057838e+01,2.044567e+01,2.008857e+01,1.973021e+01,1.913006e+01,1.856902e+01,1.855477e+01,1.851915e+01,1.844074e+01,1.834085e+01,1.831230e+01,1.828373e+01,1.840508e+01,1.836227e+01,1.846926e+01,1.841934e+01,1.850490e+01,1.827659e+01,1.834085e+01,1.829801e+01,1.817653e+01,1.818369e+01,1.826944e+01,1.814793e+01,1.819798e+01,1.818369e+01,1.821943e+01,1.818369e+01,1.816938e+01,1.819083e+01,1.823372e+01,1.828373e+01,1.822657e+01,1.828373e+01,1.826230e+01,1.828373e+01,1.839081e+01,1.842648e+01,1.839794e+01,1.837654e+01,1.844074e+01,1.855477e+01,1.849777e+01,1.859750e+01,1.861886e+01,1.861174e+01,1.866867e+01,1.862598e+01,1.874691e+01,1.880376e+01,1.907339e+01,1.939174e+01,1.984277e+01,2.023577e+01,2.060629e+01,2.068303e+01,2.064118e+01,2.069000e+01,2.064816e+01,2.061327e+01,2.083632e+01,2.085024e+01,2.062723e+01,2.059932e+01,2.064118e+01,2.064118e+01,2.057838e+01,2.059932e+01,2.062723e+01,2.064816e+01,2.062723e+01,2.057140e+01,2.052950e+01,2.042470e+01,2.037575e+01,2.030578e+01,2.039673e+01,2.030578e+01,2.033377e+01,2.003244e+01,1.992711e+01,1.972317e+01,1.971613e+01,1.956817e+01,1.949764e+01,1.944118e+01,1.948352e+01,1.923623e+01,1.944823e+01,1.949764e+01,1.954701e+01,1.953996e+01,1.961751e+01,1.983574e+01,1.989901e+01,1.994117e+01,1.994819e+01,2.012364e+01,2.031978e+01,2.024977e+01,2.052252e+01,2.054347e+01,2.073182e+01,2.077363e+01,2.076667e+01,2.064816e+01,2.069697e+01,2.068303e+01,2.046663e+01,2.031278e+01,2.030578e+01,2.003946e+01,1.997628e+01,1.984277e+01,1.971613e+01,1.949058e+01,1.946235e+01,1.955407e+01,1.945529e+01,1.953996e+01,1.946235e+01,1.975132e+01,1.978650e+01,2.000437e+01,2.001139e+01,2.010961e+01,2.015168e+01,2.017271e+01,2.010961e+01,2.015869e+01,2.017271e+01,2.036176e+01,2.034777e+01,2.062025e+01,2.056442e+01,2.066211e+01,2.067605e+01,2.064118e+01,2.047362e+01,2.050157e+01,2.050855e+01,2.052252e+01,2.045964e+01,2.035476e+01,2.004648e+01,2.011663e+01,1.994117e+01,1.989198e+01,1.968796e+01,1.964570e+01,1.959637e+01,1.965979e+01,1.953996e+01,1.947647e+01,1.958932e+01,1.936349e+01,1.939174e+01,1.955407e+01,1.951175e+01,1.951175e+01,1.968796e+01,1.966683e+01,1.977947e+01,1.996224e+01,2.013766e+01,2.030578e+01,2.047362e+01,2.029878e+01,2.027078e+01,2.025677e+01,2.013065e+01,2.049458e+01,2.023577e+01,2.027778e+01,2.026378e+01,2.034777e+01,1.999033e+01,1.995521e+01,1.997628e+01,1.993414e+01,1.974428e+01,1.970909e+01,1.979354e+01,2.006051e+01,2.017972e+01,2.010961e+01,2.012364e+01,1.990604e+01,1.992009e+01,1.989901e+01,1.950469e+01,1.929281e+01,1.927867e+01,1.912298e+01,1.920085e+01,1.915130e+01,1.905922e+01,1.899541e+01,1.901669e+01,1.890318e+01,1.895286e+01,1.898832e+01,1.890318e+01,1.888189e+01,1.886059e+01,1.887479e+01,1.887479e+01,1.899541e+01,1.904504e+01,1.951880e+01,1.994117e+01,2.010260e+01,2.038974e+01,2.053649e+01,2.041770e+01,1.994819e+01,1.930695e+01,1.925038e+01,1.903795e+01,1.908047e+01,1.908756e+01,1.903795e+01,1.918670e+01,1.922916e+01,1.929281e+01,1.895286e+01,1.890318e+01,1.871847e+01,1.873980e+01,1.920793e+01,2.013766e+01,2.045964e+01,2.075970e+01,2.075273e+01,2.072486e+01,2.077363e+01,2.066908e+01,2.076667e+01,2.080846e+01,2.077363e+01,2.078060e+01,2.076667e+01,2.080846e+01,2.073182e+01,2.073879e+01,2.080846e+01,2.084328e+01,2.087112e+01,2.080150e+01,2.088504e+01,2.082239e+01,2.084328e+01,2.075273e+01,2.080846e+01,2.074576e+01,2.073879e+01,2.085024e+01,2.082935e+01,2.071789e+01,2.080846e+01,2.078060e+01,2.078757e+01,2.082935e+01,2.067605e+01,2.075970e+01,2.077363e+01,2.087112e+01,2.081543e+01,2.079453e+01,2.082239e+01,2.082239e+01,2.083632e+01,2.089200e+01,2.080846e+01,2.082935e+01,2.103802e+01,2.081543e+01,2.093374e+01,2.078757e+01,2.073182e+01,2.089896e+01,2.071789e+01,2.082239e+01,2.082239e+01,2.080846e+01,2.076667e+01,2.091287e+01,2.082239e+01,2.080846e+01,2.075273e+01,2.082935e+01,2.079453e+01,2.075970e+01,2.072486e+01,2.077363e+01,2.091983e+01,2.080846e+01,2.082239e+01,2.075970e+01,2.077363e+01,2.079453e+01,2.077363e+01,2.083632e+01,2.081543e+01,2.072486e+01,2.076667e+01,2.071789e+01,2.078060e+01,2.085720e+01,2.087112e+01,2.078757e+01,2.081543e+01,2.075273e+01,2.077363e+01,2.082935e+01,2.076667e+01,2.076667e+01,2.087808e+01,2.077363e+01,2.074576e+01,2.078757e+01,2.082239e+01,2.077363e+01,2.078060e+01,2.068303e+01,2.075970e+01,2.081543e+01,2.085720e+01,2.085720e+01,2.075970e+01,2.083632e+01,2.079453e+01,2.071789e+01,2.079453e+01,2.079453e+01,2.073182e+01,2.076667e+01,2.079453e+01,2.078060e+01,2.080846e+01,2.080150e+01,2.082239e+01,2.086416e+01,2.078060e+01,2.075273e+01,2.087808e+01,2.075970e+01,2.072486e+01,2.082935e+01,2.070394e+01,2.085720e+01,2.071789e+01,2.082935e+01,2.088504e+01,2.080846e+01,2.078060e+01,2.071789e+01,2.078757e+01,2.073182e+01,2.075970e+01,2.075970e+01,2.080846e+01,2.077363e+01,2.076667e+01,2.088504e+01,2.085720e+01,2.085024e+01,2.076667e+01,2.082239e+01,2.084328e+01,2.077363e+01,2.081543e+01,2.085024e+01,2.082239e+01,2.079453e+01,2.076667e+01,2.083632e+01,2.080846e+01,2.076667e+01,2.078060e+01,2.072486e+01,2.066211e+01,2.075970e+01,2.073182e+01,2.075273e+01,2.078060e+01,2.078757e+01,2.079453e+01,2.079453e+01,2.080846e+01,2.080150e+01,2.079453e+01,2.077363e+01,2.073879e+01,2.078757e+01,2.088504e+01,2.085720e+01,2.076667e+01,2.082239e+01,2.071789e+01,2.079453e+01,2.087808e+01,2.078757e+01,2.057140e+01,2.079453e+01,2.084328e+01,2.092679e+01,2.091287e+01,2.078757e+01,2.088504e+01,2.085720e+01,2.076667e+01,2.078060e+01,2.084328e+01,2.068303e+01,2.085024e+01,2.080846e+01,2.077363e+01,2.074576e+01,2.082935e+01,2.085720e+01,2.085024e+01,2.086416e+01,2.076667e+01,2.076667e+01,2.073879e+01,2.072486e+01,2.075273e+01,2.073879e+01,2.071789e+01,2.084328e+01,2.071789e+01,2.058536e+01,2.080846e+01,2.070394e+01,2.078060e+01,2.074576e+01,2.082239e+01,2.073182e+01,2.078060e+01,2.075273e+01,2.077363e+01,2.074576e+01,2.073182e+01,2.075970e+01,2.094765e+01,2.075273e+01,2.075970e+01,2.078060e+01,2.077363e+01,2.073182e+01,2.068303e+01,2.065513e+01,2.079453e+01,2.083632e+01,2.078757e+01,2.082935e+01,2.085024e+01,2.071091e+01,2.073879e+01,2.064118e+01,2.056442e+01,2.080150e+01,2.080150e+01,2.063420e+01
2.080846e+01,2.077363e+01,2.078757e+01,2.068303e+01,2.071789e+01,2.072486e+01,2.076667e+01,2.076667e+01,2.078757e+01,2.078757e+01,2.091287e+01,2.088504e+01,2.091287e+01,2.069000e+01,2.079453e+01,2.072486e+01,2.067605e+01,2.067605e+01,2.073879e+01,2.070394e+01,2.075273e+01,2.077363e+01,2.073879e+01,2.073182e+01,2.076667e+01,2.075970e+01,2.069697e+01,2.078060e+01,2.078060e+01,2.077363e+01,2.069697e+01,2.075970e+01,2.064816e+01,2.080846e+01,2.082935e+01,2.071789e+01,2.078757e+01,2.087112e+01,2.069697e+01,2.093374e+01,2.077363e+01,2.073182e+01,2.081543e+01,2.082935e+01,2.085024e+01,2.090592e+01,2.084328e+01,2.088504e+01,2.080846e+01,2.084328e+01,2.082239e+01,2.081543e+01,2.080846e+01,2.074576e+01,2.086416e+01,2.083632e+01,2.105192e+01,2.106581e+01,2.085720e+01,2.086416e+01,2.088504e+01,2.084328e+01,2.084328e+01,2.081543e+01,2.085720e+01,2.080846e+01,2.080150e+01,2.092679e+01,2.094070e+01,2.094070e+01,2.076667e+01,2.088504e+01,2.085024e+01,2.085720e+01,2.091287e+01,2.089896e+01,2.091287e+01,2.092679e+01,2.085720e+01,2.080150e+01,2.078757e+01,2.077363e+01,2.087808e+01,2.082935e+01,2.086416e+01,2.089200e+01,2.086416e+01,2.087808e+01,2.089200e+01,2.074576e+01,2.082935e+01,2.084328e+01,2.086416e+01,2.082239e+01,2.094070e+01,2.090592e+01,2.084328e+01,2.085720e+01,2.091983e+01,2.087808e+01,2.089200e+01,2.079453e+01,2.085720e+01,2.085720e+01,2.077363e+01,2.084328e+01,2.082239e+01,2.074576e+01,2.085024e+01,2.081543e+01,2.087808e+01,2.081543e+01,2.085720e+01,2.085720e+01,2.082935e+01,2.077363e+01,2.083632e+01,2.080846e+01,2.080150e+01,2.082239e+01,2.078757e+01,2.080846e+01,2.082239e+01,2.074576e+01,2.087112e+01,2.081543e+01,2.093374e+01,2.082239e+01,2.089896e+01,2.084328e+01,2.074576e+01,2.080846e+01,2.079453e+01,2.078757e+01,2.084328e+01,2.086416e+01,2.085024e+01,2.080846e+01,2.090592e+01,2.096852e+01,2.077363e+01,2.085024e+01,2.078060e+01,2.081543e+01,2.080846e+01,2.087112e+01,2.075970e+01,2.083632e+01,2.078060e+01,2.077363e+01,2.085024e+01,2.073182e+01,2.075970e+01,2.077363e+01,2.078060e+01,2.073182e+01,2.075970e+01,2.072486e+01,2.073182e+01,2.078060e+01,2.083632e+01,2.078757e+01,2.082239e+01,2.079453e+01,2.080150e+01,2.077363e+01,2.080846e+01,2.076667e+01,2.078060e+01,2.076667e+01,2.076667e+01,2.073879e+01,2.070394e+01,2.067605e+01,2.069000e+01,2.050855e+01,2.041770e+01,1.987090e+01,1.937762e+01,1.881797e+01,1.849064e+01,1.850490e+01,1.849064e+01,1.856190e+01,1.835513e+01,1.835513e+01,1.826944e+01,1.846213e+01,1.846213e+01,1.847639e+01,1.838367e+01,1.836940e+01,1.844787e+01,1.825516e+01,1.829087e+01,1.821943e+01,1.830515e+01,1.819083e+01,1.829087e+01,1.831230e+01,1.821228e+01,1.816938e+01,1.829801e+01,1.826230e+01,1.821228e+01,1.820513e+01,1.831230e+01,1.838367e+01,1.832658e+01,1.826230e+01,1.826944e+01,1.833372e+01,1.821228e+01,1.851203e+01,1.844074e+01,1.855477e+01,1.864733e+01,1.851203e+01,1.861886e+01,1.865444e+01,1.874691e+01,1.874691e+01,1.875401e+01,1.890318e+01,1.900960e+01,1.920793e+01,1.966683e+01,1.991306e+01,2.038274e+01,2.055743e+01,2.062025e+01,2.075273e+01,2.059932e+01,2.059932e+01,2.062723e+01,2.066211e+01,2.067605e+01,2.058536e+01,2.057838e+01,2.057838e+01,2.060629e+01,2.054347e+01,2.057838e+01,2.045964e+01,2.042470e+01,2.041071e+01,2.040372e+01,2.027778e+01,2.034777e+01,2.023577e+01,2.024277e+01,1.992009e+01,2.006753e+01,1.990604e+01,1.993414e+01,1.973021e+01,1.973021e+01,1.968796e+01,1.952586e+01,1.958227e+01,1.946941e+01,1.940587e+01,1.946235e+01,1.944823e+01,1.956112e+01,1.954701e+01,1.973725e+01,1.959637e+01,1.969500e+01,1.990604e+01,1.994819e+01,2.001841e+01,2.012364e+01,2.022176e+01,2.048061e+01,2.066211e+01,2.055045e+01,2.074576e+01,2.079453e+01,2.077363e+01,2.063420e+01,2.063420e+01,2.069697e+01,2.047362e+01,2.031978e+01,2.013766e+01,1.999735e+01,1.980058e+01,1.971613e+01,1.971613e+01,1.949058e+01,1.961047e+01,1.939174e+01,1.945529e+01,1.944118e+01,1.946235e+01,1.966683e+01,1.973725e+01,1.969500e+01,2.005350e+01,2.007454e+01,2.018673e+01,2.027078e+01,2.039673e+01,2.041770e+01,2.037575e+01,2.046663e+01,2.064118e+01,2.063420e+01,2.066211e+01,2.069000e+01,2.064816e+01,2.044567e+01,2.053649e+01,2.059932e+01,2.055743e+01,2.056442e+01,2.040372e+01,2.035476e+01,2.027078e+01,2.013065e+01,1.999735e+01,2.001841e+01,1.982168e+01,1.964570e+01,1.967388e+01,1.951175e+01,1.961751e+01,1.961751e+01,1.944823e+01,1.954701e+01,1.961751e+01,1.951175e+01,1.968092e+01,1.956817e+01,1.961751e+01,1.967388e+01,1.989198e+01,2.002542e+01,2.015168e+01,1.997628e+01,2.008156e+01,2.012364e+01,2.010961e+01,2.001841e+01,2.010961e+01,2.023577e+01,2.029878e+01,2.050157e+01,2.049458e+01,2.037575e+01,2.013766e+01,2.022876e+01,1.997628e+01,1.990604e+01,1.996224e+01,1.975836e+01,1.982871e+01,2.008156e+01,2.008156e+01,2.008156e+01,1.991306e+01,1.995521e+01,1.988495e+01,1.967388e+01,1.956817e+01,1.946235e+01,1.917254e+01,1.916546e+01,1.920085e+01,1.913006e+01,1.917962e+01,1.913006e+01,1.891028e+01,1.893157e+01,1.890318e+01,1.893157e+01,1.895995e+01,1.893157e+01,1.887479e+01,1.887479e+01,1.886059e+01,1.898123e+01,1.910881e+01,1.951880e+01,1.951880e+01,1.991306e+01,2.004648e+01,2.037575e+01,2.036875e+01,2.015168e+01,1.961047e+01,1.925745e+01,1.908756e+01,1.909464e+01,1.927160e+01,1.922208e+01,1.927867e+01,1.932815e+01,1.931402e+01,1.911590e+01,1.874691e+01,1.874691e+01,1.880376e+01,1.903087e+01,2.001139e+01,2.068303e+01,2.068303e+01,2.071091e+01,2.078060e+01,2.081543e+01,2.079453e+01,2.080150e+01,2.069697e+01,2.084328e+01,2.078757e+01,2.074576e+01,2.085720e+01,2.073182e+01,2.082935e+01,2.086416e+01,2.080150e+01,2.084328e+01,2.075970e+01,2.090592e+01,2.086416e+01,2.083632e+01,2.081543e+01,2.089896e+01,2.085024e+01,2.084328e+01,2.080846e+01,2.083632e+01,2.082239e+01,2.079453e+01,2.079453e+01,2.084328e+01,2.072486e+01,2.079453e+01,2.085024e+01,2.080150e+01,2.078060e+01,2.080846e+01,2.090592e+01,2.081543e+01,2.080150e+01,2.083632e+01,2.085720e+01,2.078757e+01,2.084328e+01,2.081543e+01,2.080846e+01,2.078757e+01,2.080846e+01,2.087808e+01,2.085720e+01,2.084328e+01,2.080846e+01,2.079453e+01,2.087112e+01,2.082239e+01,2.080150e+01,2.082935e+01,2.078757e+01,2.079453e+01,2.082239e+01,2.089896e+01,2.082935e+01,2.078757e+01,2.085720e+01,2.082935e+01,2.089896e+01,2.078757e+01,2.084328e+01,2.083632e+01,2.082935e+01,2.082935e+01,2.082935e+01,2.082935e+01,2.069000e+01,2.081543e+01,2.081543e+01,2.084328e+01,2.056442e+01,2.083632e+01,2.066211e+01,2.074576e+01,2.076667e+01,2.082935e+01,2.080150e+01,2.075970e+01,2.075970e+01,2.082239e+01,2.075970e+01,2.078060e+01,2.076667e+01,2.082239e+01,2.078060e+01,2.094765e+01,2.079453e+01,2.091287e+01,2.075970e+01,2.079453e+01,2.078060e+01,2.076667e+01,2.074576e+01,2.081543e+01,2.077363e+01,2.078060e+01,2.077363e+01,2.081543e+01,2.073879e+01,2.081543e+01,2.082935e+01,2.081543e+01,2.080150e+01,2.080150e+01,2.076667e+01,2.087112e+01,2.087112e+01,2.088504e+01,2.087808e+01,2.083632e+01,2.086416e+01,2.080846e+01,2.088504e+01,2.081543e+01,2.075970e+01,2.078060e+01,2.078060e+01,2.082935e+01,2.087112e+01,2.086416e+01,2.084328e+01,2.087112e+01,2.076667e+01,2.082935e+01,2.082239e+01,2.090592e+01,2.084328e+01,2.080150e+01,2.096852e+01,2.082935e+01,2.084328e+01,2.091287e+01,2.062025e+01,2.077363e+01,2.087112e+01,2.084328e+01,2.078757e+01,2.083632e+01,2.087112e+01,2.089896e+01,2.078060e+01,2.075970e+01,2.099632e+01,2.079453e+01,2.078060e+01,2.078060e+01,2.081543e+01,2.079453e+01,2.072486e+01,2.080150e+01,2.081543e+01,2.096156e+01,2.080846e+01,2.087808e+01,2.077363e+01,2.074576e+01,2.072486e+01,2.080150e+01,2.074576e+01,2.069697e+01,2.076667e+01,2.082239e+01,2.082239e+01,2.080846e+01,2.091287e+01,2.080150e+01,2.080150e+01,2.080150e+01,2.077363e+01,2.075970e+01,2.078757e+01,2.075970e+01,2.085024e+01,2.096156e+01,2.078060e+01,2.078757e+01,2.087112e+01,2.087808e+01,2.071091e+01,2.082935e+01,2.085720e+01,2.078757e+01,2.085024e+01,2.084328e+01,2.081543e+01,2.087112e+01,2.080846e+01,2.073879e+01,2.069697e+01,2.076667e+01,2.079453e+01,2.073182e+01,2.077363e+01,2.074576e+01,2.064118e+01,2.079453e+01,2.078757e+01,2.080846e+01,2.082935e+01,2.076667e+01,2.077363e+01,2.070394e+01,2.075970e+01,2.074576e+01,2.073879e+01,2.071789e+01,2.092679e+01,2.098242e+01,2.077363e+01,2.080150e+01,2.076667e+01,2.080846e+01,2.080846e+01,2.077363e+01,2.078060e+01,2.068303e+01,2.075273e+01,2.085720e+01,2.085024e+01,2.090592e+01,2.078757e+01,2.074576e+01,2.086416e+01,2.073879e+01,2.085024e+01,2.072486e+01,2.085024e+01
2.075273e+01,2.070394e+01,2.073182e+01,2.072486e+01,2.074576e+01,2.071091e+01,2.062025e+01,2.080846e+01,2.072486e+01,2.071789e+01,2.078757e+01,2.081543e+01,2.064816e+01,2.078757e+01,2.069000e+01,2.075970e+01,2.071091e+01,2.066211e+01,2.066908e+01,2.071789e+01,2.078060e+01,2.073879e+01,2.069000e+01,2.071091e+01,2.069697e+01,2.079453e+01,2.076667e+01,2.075273e+01,2.076667e+01,2.072486e+01,2.071789e+01,2.078060e+01,2.074576e+01,2.077363e+01,2.073182e+01,2.070394e+01,2.083632e+01,2.081543e+01,2.075273e+01,2.078757e+01,2.080846e+01,2.075273e+01,2.080150e+01,2.077363e+01,2.084328e+01,2.087808e+01,2.073879e+01,2.089200e+01,2.079453e+01,2.083632e+01,2.075273e+01,2.078060e+01,2.079453e+01,2.079453e+01,2.078060e+01,2.081543e+01,2.080846e+01,2.086416e+01,2.091287e+01,2.084328e+01,2.077363e+01,2.081543e+01,2.082935e+01,2.082239e+01,2.089200e+01,2.091983e+01,2.081543e+01,2.080846e+01,2.096156e+01,2.084328e+01,2.089200e+01,2.085720e+01,2.085024e+01,2.083632e+01,2.086416e+01,2.080846e+01,2.085024e+01,2.078757e+01,2.082935e+01,2.087112e+01,2.087808e+01,2.088504e+01,2.094070e+01,2.089200e+01,2.085720e+01,2.086416e+01,2.085720e+01,2.086416e+01,2.085024e+01,2.078757e+01,2.087112e+01,2.080150e+01,2.083632e+01,2.090592e+01,2.080150e+01,2.087112e+01,2.081543e+01,2.085024e+01,2.083632e+01,2.082935e+01,2.067605e+01,2.081543e+01,2.069697e+01,2.085720e+01,2.077363e+01,2.085024e+01,2.081543e+01,2.082239e+01,2.081543e+01,2.083632e+01,2.080846e+01,2.084328e+01,2.075970e+01,2.083632e+01,2.085024e+01,2.081543e+01,2.084328e+01,2.080846e+01,2.083632e+01,2.089200e+01,2.079453e+01,2.083632e+01,2.077363e+01,2.081543e+01,2.078060e+01,2.078757e+01,2.094765e+01,2.085720e+01,2.078757e+01,2.087112e+01,2.082935e+01,2.081543e+01,2.079453e+01,2.078757e+01,2.082935e+01,2.084328e+01,2.082935e+01,2.081543e+01,2.075273e+01,2.088504e+01,2.091983e+01,2.077363e+01,2.089200e+01,2.076667e+01,2.077363e+01,2.078757e+01,2.079453e+01,2.080846e+01,2.080150e+01,2.081543e+01,2.075970e+01,2.073879e+01,2.071789e+01,2.073182e+01,2.073879e+01,2.069697e+01,2.073879e+01,2.074576e+01,2.071091e+01,2.084328e+01,2.091983e+01,2.082935e+01,2.085720e+01,2.072486e+01,2.074576e+01,2.085720e+01,2.075273e+01,2.080150e+01,2.075970e+01,2.074576e+01,2.072486e+01,2.073879e+01,2.071789e+01,2.057140e+01,2.070394e+01,2.045964e+01,2.008156e+01,1.963865e+01,1.908047e+01,1.868290e+01,1.856902e+01,1.853340e+01,1.849777e+01,1.836940e+01,1.837654e+01,1.839794e+01,1.820513e+01,1.839081e+01,1.841934e+01,1.846213e+01,1.833372e+01,1.828373e+01,1.827659e+01,1.824801e+01,1.830515e+01,1.807638e+01,1.814078e+01,1.831230e+01,1.814078e+01,1.819083e+01,1.829801e+01,1.815508e+01,1.831230e+01,1.817653e+01,1.827659e+01,1.827659e+01,1.836227e+01,1.835513e+01,1.835513e+01,1.829087e+01,1.833372e+01,1.825516e+01,1.836227e+01,1.853340e+01,1.852628e+01,1.854765e+01,1.844074e+01,1.871847e+01,1.867579e+01,1.872558e+01,1.880376e+01,1.875401e+01,1.881797e+01,1.893867e+01,1.908756e+01,1.947647e+01,1.984277e+01,2.013766e+01,2.059234e+01,2.069000e+01,2.070394e+01,2.079453e+01,2.076667e+01,2.068303e+01,2.067605e+01,2.069697e+01,2.058536e+01,2.059234e+01,2.047362e+01,2.048061e+01,2.043169e+01,2.024277e+01,2.024277e+01,2.020774e+01,2.020774e+01,2.004648e+01,2.001139e+01,1.994819e+01,1.992711e+01,1.991306e+01,1.988495e+01,1.990604e+01,1.977947e+01,1.979354e+01,1.965274e+01,1.963161e+01,1.967388e+01,1.966683e+01,1.956112e+01,1.955407e+01,1.945529e+01,1.952586e+01,1.939174e+01,1.950469e+01,1.956817e+01,1.965979e+01,1.970909e+01,1.959637e+01,1.987792e+01,1.975132e+01,1.994117e+01,1.996926e+01,2.004648e+01,2.046663e+01,2.032678e+01,2.052252e+01,2.056442e+01,2.081543e+01,2.073182e+01,2.070394e+01,2.069697e+01,2.062025e+01,2.058536e+01,2.043868e+01,2.018673e+01,2.013766e+01,1.997628e+01,1.970909e+01,1.971613e+01,1.961047e+01,1.944823e+01,1.949764e+01,1.924331e+01,1.938468e+01,1.945529e+01,1.949058e+01,1.954701e+01,1.970205e+01,1.989901e+01,2.008156e+01,2.006753e+01,2.038274e+01,2.021475e+01,2.045266e+01,2.045266e+01,2.061327e+01,2.061327e+01,2.078757e+01,2.078060e+01,2.066908e+01,2.064816e+01,2.064816e+01,2.052950e+01,2.050157e+01,2.054347e+01,2.054347e+01,2.052950e+01,2.035476e+01,2.029178e+01,2.039673e+01,2.028478e+01,2.016570e+01,2.000437e+01,2.010260e+01,1.984980e+01,1.967388e+01,1.963161e+01,1.955407e+01,1.961751e+01,1.956112e+01,1.965979e+01,1.961047e+01,1.958932e+01,1.954701e+01,1.959637e+01,1.967388e+01,1.965979e+01,1.984980e+01,1.984980e+01,1.999735e+01,1.984277e+01,1.993414e+01,2.002542e+01,1.998330e+01,1.990604e+01,2.013065e+01,2.011663e+01,2.027078e+01,2.052252e+01,2.051554e+01,2.045964e+01,2.032678e+01,2.030578e+01,2.002542e+01,1.984980e+01,1.985683e+01,1.991306e+01,1.985683e+01,1.996224e+01,2.003244e+01,2.008857e+01,1.985683e+01,1.987792e+01,1.970909e+01,1.970909e+01,1.949058e+01,1.935642e+01,1.929988e+01,1.928574e+01,1.924331e+01,1.917962e+01,1.920793e+01,1.895286e+01,1.899541e+01,1.894576e+01,1.891028e+01,1.913006e+01,1.898123e+01,1.891738e+01,1.880376e+01,1.878245e+01,1.887479e+01,1.891028e+01,1.897414e+01,1.909464e+01,1.953996e+01,1.965274e+01,1.979354e+01,2.001841e+01,2.017972e+01,1.996926e+01,1.961751e+01,1.918670e+01,1.912298e+01,1.909464e+01,1.912298e+01,1.921501e+01,1.934229e+01,1.951175e+01,1.940587e+01,1.930695e+01,1.893157e+01,1.883928e+01,1.883218e+01,1.873980e+01,1.966683e+01,2.036176e+01,2.077363e+01,2.078060e+01,2.070394e+01,2.078757e+01,2.077363e+01,2.077363e+01,2.073879e+01,2.073879e+01,2.078757e+01,2.085024e+01,2.073879e+01,2.080846e+01,2.080846e+01,2.073182e+01,2.074576e+01,2.087112e+01,2.085720e+01,2.084328e+01,2.087808e+01,2.078757e+01,2.072486e+01,2.077363e+01,2.080846e+01,2.082239e+01,2.082935e+01,2.078757e+01,2.079453e+01,2.079453e+01,2.082935e+01,2.082935e+01,2.083632e+01,2.083632e+01,2.082935e+01,2.080846e+01,2.081543e+01,2.078757e+01,2.085720e+01,2.078060e+01,2.076667e+01,2.077363e+01,2.080846e+01,2.078060e+01,2.078060e+01,2.081543e+01,2.080846e+01,2.080846e+01,2.079453e+01,2.073879e+01,2.075970e+01,2.090592e+01,2.082935e+01,2.086416e+01,2.084328e+01,2.082935e+01,2.082239e+01,2.085024e+01,2.078757e+01,2.082239e+01,2.089200e+01,2.080846e+01,2.079453e+01,2.084328e+01,2.071789e+01,2.085720e+01,2.075273e+01,2.075273e+01,2.089200e+01,2.069000e+01,2.069000e+01,2.068303e+01,2.080150e+01,2.082935e+01,2.071091e+01,2.078060e+01,2.073879e+01,2.081543e+01,2.085024e+01,2.091287e+01,2.089200e+01,2.071091e+01,2.085720e+01,2.080846e+01,2.082239e+01,2.070394e+01,2.080150e+01,2.081543e+01,2.080150e+01,2.091287e+01,2.083632e+01,2.078757e+01,2.075970e+01,2.094070e+01,2.083632e+01,2.087808e+01,2.087808e+01,2.075273e+01,2.077363e+01,2.072486e+01,2.079453e+01,2.076667e+01,2.075273e+01,2.078060e+01,2.075273e+01,2.078757e+01,2.078757e+01,2.075273e+01,2.074576e+01,2.082239e+01,2.075970e+01,2.082935e+01,2.082239e+01,2.088504e+01,2.088504e+01,2.072486e+01,2.082935e+01,2.083632e+01,2.068303e+01,2.081543e+01,2.080150e+01,2.094070e+01,2.082935e+01,2.089896e+01,2.082239e+01,2.086416e+01,2.072486e+01,2.069697e+01,2.079453e+01,2.078060e+01,2.076667e+01,2.090592e+01,2.084328e+01,2.088504e+01,2.087808e+01,2.076667e+01,2.083632e+01,2.079453e+01,2.082239e+01,2.101718e+01,2.078757e+01,2.093374e+01,2.079453e+01,2.085024e+01,2.087112e+01,2.085720e+01,2.081543e+01,2.082935e+01,2.076667e+01,2.094765e+01,2.095461e+01,2.076667e+01,2.082239e+01,2.084328e+01,2.072486e+01,2.073879e+01,2.080150e+01,2.079453e+01,2.079453e+01,2.080846e+01,2.082239e+01,2.078757e+01,2.078757e+01,2.071091e+01,2.088504e+01,2.081543e+01,2.091287e+01,2.079453e+01,2.082239e+01,2.081543e+01,2.085024e+01,2.083632e+01,2.072486e+01,2.076667e+01,2.082239e+01,2.086416e+01,2.081543e+01,2.078060e+01,2.078060e+01,2.083632e+01,2.077363e+01,2.094765e+01,2.077363e+01,2.077363e+01,2.076667e+01,2.089896e+01,2.090592e+01,2.086416e+01,2.076667e+01,2.082935e+01,2.081543e+01,2.081543e+01,2.082935e+01,2.085720e+01,2.073182e+01,2.089896e+01,2.092679e+01,2.083632e+01,2.072486e+01,2.079453e+01,2.083632e+01,2.073879e+01,2.078060e+01,2.076667e+01,2.080846e+01,2.069000e+01,2.081543e+01,2.079453e+01,2.083632e+01,2.083632e+01,2.073879e+01,2.075273e+01,2.075273e+01,2.072486e+01,2.071789e+01,2.078060e+01,2.079453e+01,2.077363e+01,2.075970e+01,2.078757e+01,2.092679e+01,2.078757e+01,2.064118e+01,2.082935e+01,2.082935e+01,2.089200e+01,2.085720e+01,2.083632e+01,2.091287e+01,2.085024e+01,2.071789e+01,2.076667e+01,2.077363e+01,2.080846e+01,2.081543e+01
2.094070e+01,2.070394e+01,2.071789e+01,2.067605e+01,2.069697e+01,2.076667e+01,2.073182e+01,2.080150e+01,2.082935e+01,2.078060e+01,2.081543e+01,2.075273e+01,2.079453e+01,2.072486e+01,2.072486e+01,2.070394e+01,2.062723e+01,2.073182e+01,2.069697e+01,2.072486e+01,2.077363e+01,2.066908e+01,2.074576e+01,2.074576e+01,2.069000e+01,2.075970e+01,2.084328e+01,2.069697e+01,2.076667e+01,2.072486e+01,2.064118e+01,2.071091e+01,2.081543e+01,2.085720e+01,2.078060e+01,2.075273e+01,2.090592e+01,2.078757e+01,2.071091e+01,2.075273e+01,2.076667e+01,2.084328e+01,2.077363e+01,2.075970e+01,2.078757e+01,2.082239e+01,2.077363e+01,2.079453e+01,2.085024e+01,2.084328e+01,2.083632e+01,2.087808e+01,2.086416e+01,2.081543e+01,2.081543e+01,2.082935e+01,2.087112e+01,2.087112e+01,2.068303e+01,2.088504e+01,2.092679e+01,2.085024e+01,2.087112e+01,2.087112e+01,2.086416e+01,2.085720e+01,2.089200e+01,2.076667e+01,2.084328e+01,2.080150e+01,2.082935e+01,2.087808e+01,2.087112e+01,2.084328e+01,2.087112e+01,2.084328e+01,2.076667e+01,2.089200e+01,2.088504e+01,2.078757e+01,2.091287e+01,2.087808e+01,2.080846e+01,2.090592e+01,2.082935e+01,2.096156e+01,2.086416e+01,2.079453e+01,2.085720e+01,2.086416e+01,2.076667e+01,2.085720e+01,2.090592e+01,2.081543e+01,2.085720e+01,2.088504e+01,2.075273e+01,2.082239e+01,2.087112e+01,2.084328e+01,2.076667e+01,2.085720e+01,2.089896e+01,2.080846e+01,2.082935e+01,2.081543e+01,2.082935e+01,2.085024e+01,2.086416e+01,2.085024e+01,2.082935e+01,2.083632e+01,2.088504e+01,2.077363e+01,2.085720e+01,2.082935e+01,2.082935e+01,2.079453e+01,2.080846e+01,2.082239e+01,2.089200e+01,2.079453e+01,2.085720e+01,2.075273e+01,2.077363e+01,2.075970e+01,2.089896e+01,2.075273e+01,2.085024e+01,2.083632e+01,2.089896e+01,2.092679e+01,2.078757e+01,2.084328e+01,2.083632e+01,2.082935e+01,2.085720e+01,2.089896e+01,2.086416e+01,2.079453e+01,2.092679e+01,2.092679e+01,2.091287e+01,2.074576e+01,2.079453e+01,2.089200e+01,2.082239e+01,2.085720e+01,2.076667e+01,2.076667e+01,2.081543e+01,2.082239e+01,2.083632e+01,2.077363e+01,2.078060e+01,2.082935e+01,2.074576e+01,2.070394e+01,2.071789e+01,2.088504e+01,2.081543e+01,2.092679e+01,2.080150e+01,2.072486e+01,2.083632e+01,2.076667e+01,2.077363e+01,2.084328e+01,2.077363e+01,2.075970e+01,2.075273e+01,2.074576e+01,2.073182e+01,2.069697e+01,2.066211e+01,2.043169e+01,1.980058e+01,1.934229e+01,1.902378e+01,1.855477e+01,1.856902e+01,1.853340e+01,1.856902e+01,1.853340e+01,1.849064e+01,1.850490e+01,1.837654e+01,1.834799e+01,1.841221e+01,1.843361e+01,1.845500e+01,1.832658e+01,1.826944e+01,1.831230e+01,1.831230e+01,1.819083e+01,1.813362e+01,1.812647e+01,1.824801e+01,1.829087e+01,1.817653e+01,1.816938e+01,1.829087e+01,1.827659e+01,1.829087e+01,1.829801e+01,1.828373e+01,1.831230e+01,1.836227e+01,1.830515e+01,1.841221e+01,1.836227e+01,1.836227e+01,1.843361e+01,1.838367e+01,1.859038e+01,1.869713e+01,1.872558e+01,1.876823e+01,1.873980e+01,1.883218e+01,1.893867e+01,1.895995e+01,1.917962e+01,1.941999e+01,1.965979e+01,1.988495e+01,2.034077e+01,2.065513e+01,2.071091e+01,2.064118e+01,2.066211e+01,2.061327e+01,2.065513e+01,2.061327e+01,2.055743e+01,2.032678e+01,2.024277e+01,2.031978e+01,2.008857e+01,2.010260e+01,1.982168e+01,1.982168e+01,1.982168e+01,1.972317e+01,1.980761e+01,1.970205e+01,1.973725e+01,1.971613e+01,1.963865e+01,1.962456e+01,1.961751e+01,1.958227e+01,1.934936e+01,1.958932e+01,1.951880e+01,1.963161e+01,1.949058e+01,1.951880e+01,1.954701e+01,1.950469e+01,1.951880e+01,1.951880e+01,1.952586e+01,1.963161e+01,1.960342e+01,1.972317e+01,1.974428e+01,1.983574e+01,1.991306e+01,1.997628e+01,1.999735e+01,1.999033e+01,2.025677e+01,2.031978e+01,2.053649e+01,2.055743e+01,2.055045e+01,2.056442e+01,2.059932e+01,2.075273e+01,2.065513e+01,2.050855e+01,2.042470e+01,2.017972e+01,2.006051e+01,1.987792e+01,1.986386e+01,1.973021e+01,1.949058e+01,1.943411e+01,1.944118e+01,1.933522e+01,1.939174e+01,1.949058e+01,1.940587e+01,1.951175e+01,1.977243e+01,1.985683e+01,1.999033e+01,2.015869e+01,2.021475e+01,2.037575e+01,2.045266e+01,2.050157e+01,2.048759e+01,2.052950e+01,2.066211e+01,2.073879e+01,2.060629e+01,2.070394e+01,2.056442e+01,2.054347e+01,2.069000e+01,2.059932e+01,2.030578e+01,2.055045e+01,2.052950e+01,2.039673e+01,2.011663e+01,2.036875e+01,2.001139e+01,1.999735e+01,1.990604e+01,2.006051e+01,1.967388e+01,1.965979e+01,1.973021e+01,1.964570e+01,1.956817e+01,1.973725e+01,1.970909e+01,1.968092e+01,1.962456e+01,1.960342e+01,1.961751e+01,1.981464e+01,1.968092e+01,1.985683e+01,1.984980e+01,1.982871e+01,1.967388e+01,1.983574e+01,1.970205e+01,1.982168e+01,1.985683e+01,1.999735e+01,2.029178e+01,2.052252e+01,2.054347e+01,2.062025e+01,2.033377e+01,2.031978e+01,2.022176e+01,2.017271e+01,1.984980e+01,1.993414e+01,1.984277e+01,1.995521e+01,2.003946e+01,1.984980e+01,1.986386e+01,1.979354e+01,1.974428e+01,1.972317e+01,1.954701e+01,1.944823e+01,1.944118e+01,1.923623e+01,1.923623e+01,1.910173e+01,1.923623e+01,1.920085e+01,1.922208e+01,1.894576e+01,1.914422e+01,1.894576e+01,1.914422e+01,1.899541e+01,1.897414e+01,1.899541e+01,1.889609e+01,1.894576e+01,1.900251e+01,1.920085e+01,1.920085e+01,1.944823e+01,1.940587e+01,1.996224e+01,1.986386e+01,1.973725e+01,1.965979e+01,1.933522e+01,1.915838e+01,1.910173e+01,1.917254e+01,1.917962e+01,1.937762e+01,1.958932e+01,1.951880e+01,1.932109e+01,1.913714e+01,1.892448e+01,1.878955e+01,1.878245e+01,1.920793e+01,2.028478e+01,2.069697e+01,2.066908e+01,2.081543e+01,2.082239e+01,2.078757e+01,2.076667e+01,2.078060e+01,2.064118e+01,2.078060e+01,2.078757e+01,2.080150e+01,2.075970e+01,2.082239e+01,2.079453e+01,2.082935e+01,2.086416e+01,2.087112e+01,2.082935e+01,2.085024e+01,2.085024e+01,2.083632e+01,2.079453e+01,2.083632e+01,2.079453e+01,2.082239e+01,2.080846e+01,2.080150e+01,2.084328e+01,2.082239e+01,2.075273e+01,2.083632e+01,2.084328e+01,2.085024e+01,2.082935e+01,2.078757e+01,2.083632e+01,2.081543e+01,2.081543e+01,2.081543e+01,2.080846e+01,2.082239e+01,2.078757e+01,2.079453e+01,2.080846e+01,2.080846e+01,2.080846e+01,2.078757e+01,2.076667e+01,2.086416e+01,2.087808e+01,2.075273e+01,2.088504e+01,2.082935e+01,2.080150e+01,2.089896e+01,2.086416e+01,2.087112e+01,2.078757e+01,2.080150e+01,2.084328e+01,2.084328e+01,2.084328e+01,2.080150e+01,2.082239e+01,2.062723e+01,2.087112e+01,2.087112e+01,2.075970e+01,2.083632e+01,2.084328e+01,2.082935e+01,2.080150e+01,2.071091e+01,2.080846e+01,2.073182e+01,2.083632e+01,2.057140e+01,2.085720e+01,2.085024e+01,2.075273e+01,2.075273e+01,2.085720e+01,2.087112e+01,2.083632e+01,2.078757e+01,2.082239e+01,2.083632e+01,2.078757e+01,2.080846e+01,2.078060e+01,2.082239e+01,2.075273e+01,2.083632e+01,2.083632e+01,2.079453e+01,2.080846e+01,2.071789e+01,2.090592e+01,2.071091e+01,2.082935e+01,2.076667e+01,2.083632e+01,2.081543e+01,2.065513e+01,2.078060e+01,2.080846e+01,2.079453e+01,2.086416e+01,2.078060e+01,2.082239e+01,2.083632e+01,2.076667e+01,2.083632e+01,2.085024e+01,2.083632e+01,2.079453e+01,2.080846e+01,2.075273e+01,2.080846e+01,2.083632e+01,2.079453e+01,2.081543e+01,2.078757e+01,2.088504e+01,2.074576e+01,2.083632e+01,2.082239e+01,2.079453e+01,2.085024e+01,2.089200e+01,2.087112e+01,2.087112e+01,2.081543e+01,2.084328e+01,2.078757e+01,2.066908e+01,2.078757e+01,2.098937e+01,2.075970e+01,2.080846e+01,2.085720e+01,2.091983e+01,2.087808e+01,2.091287e+01,2.077363e+01,2.093374e+01,2.080150e+01,2.078060e+01,2.080846e+01,2.078757e+01,2.096852e+01,2.083632e+01,2.072486e+01,2.071091e+01,2.079453e+01,2.080150e+01,2.066211e+01,2.081543e+01,2.081543e+01,2.093374e+01,2.087112e+01,2.086416e+01,2.075970e+01,2.085720e+01,2.089200e+01,2.069697e+01,2.082239e+01,2.084328e+01,2.081543e+01,2.081543e+01,2.083632e+01,2.076667e+01,2.073182e+01,2.083632e+01,2.073879e+01,2.076667e+01,2.078060e+01,2.082239e+01,2.081543e+01,2.077363e+01,2.091287e+01,2.077363e+01,2.079453e+01,2.075273e+01,2.089200e+01,2.085720e+01,2.084328e+01,2.077363e+01,2.079453e+01,2.088504e+01,2.082935e+01,2.082239e+01,2.079453e+01,2.075970e+01,2.083632e+01,2.089200e+01,2.070394e+01,2.092679e+01,2.087808e+01,2.074576e+01,2.073182e+01,2.077363e+01,2.079453e+01,2.080150e+01,2.081543e+01,2.082239e+01,2.082239e+01,2.095461e+01,2.073879e+01,2.088504e+01,2.075970e+01,2.073182e+01,2.078060e+01,2.077363e+01,2.077363e+01,2.078757e+01,2.093374e+01,2.075970e+01,2.078060e+01,2.084328e+01,2.067605e+01,2.086416e+01,2.076667e+01,2.080150e+01,2.075970e+01,2.085720e+01,2.080150e+01,2.082935e+01,2.075273e+01,2.084328e+01,2.078757e+01,2.077363e+01,2.068303e+01
2.073879e+01,2.072486e+01,2.071789e+01,2.073182e+01,2.063420e+01,2.082239e+01,2.075273e+01,2.065513e+01,2.072486e+01,2.078060e+01,2.074576e+01,2.078757e+01,2.082239e+01,2.080150e+01,2.057140e+01,2.070394e+01,2.071091e+01,2.078757e+01,2.080846e+01,2.071091e+01,2.071091e+01,2.066211e+01,2.064118e+01,2.077363e+01,2.073879e+01,2.073879e+01,2.066908e+01,2.073182e+01,2.072486e+01,2.070394e+01,2.056442e+01,2.075970e+01,2.078757e+01,2.082935e+01,2.075970e+01,2.089896e+01,2.087808e+01,2.083632e+01,2.078060e+01,2.077363e+01,2.090592e+01,2.083632e+01,2.076667e+01,2.075970e+01,2.079453e+01,2.079453e+01,2.080150e+01,2.085720e+01,2.084328e+01,2.081543e+01,2.082239e+01,2.078757e+01,2.074576e+01,2.082239e+01,2.079453e+01,2.075273e+01,2.087112e+01,2.080150e+01,2.073182e+01,2.088504e+01,2.080150e+01,2.076667e+01,2.091287e+01,2.085024e+01,2.082239e+01,2.104497e+01,2.086416e+01,2.085720e+01,2.089200e+01,2.078757e+01,2.083632e+01,2.071091e+01,2.085720e+01,2.090592e+01,2.080150e+01,2.087112e+01,2.086416e+01,2.084328e+01,2.075970e+01,2.080846e+01,2.087112e+01,2.088504e+01,2.090592e+01,2.086416e+01,2.086416e+01,2.089896e+01,2.085024e+01,2.085024e+01,2.076667e+01,2.075970e+01,2.082935e+01,2.083632e+01,2.083632e+01,2.076667e+01,2.086416e+01,2.076667e+01,2.085720e+01,2.080150e+01,2.082239e+01,2.078757e+01,2.086416e+01,2.088504e+01,2.082239e+01,2.082935e+01,2.085024e+01,2.071091e+01,2.078060e+01,2.089896e+01,2.087808e+01,2.089896e+01,2.082239e+01,2.087808e+01,2.081543e+01,2.078757e+01,2.078060e+01,2.082239e+01,2.079453e+01,2.082239e+01,2.082239e+01,2.084328e+01,2.080150e+01,2.071091e+01,2.083632e+01,2.079453e+01,2.085024e+01,2.075273e+01,2.077363e+01,2.076667e+01,2.080150e+01,2.078060e+01,2.079453e+01,2.081543e+01,2.085024e+01,2.087808e+01,2.073182e+01,2.084328e+01,2.071091e+01,2.082239e+01,2.076667e+01,2.081543e+01,2.084328e+01,2.055045e+01,2.081543e+01,2.072486e+01,2.082935e+01,2.082935e+01,2.078757e+01,2.080150e+01,2.080846e+01,2.082935e+01,2.082935e+01,2.072486e+01,2.084328e+01,2.085720e+01,2.080846e+01,2.082935e+01,2.085720e+01,2.075273e+01,2.077363e+01,2.083632e+01,2.088504e+01,2.070394e+01,2.085720e+01,2.083632e+01,2.088504e+01,2.078757e+01,2.085720e+01,2.077363e+01,2.082935e+01,2.078757e+01,2.078757e+01,2.075970e+01,2.078060e+01,2.062723e+01,2.057140e+01,2.006753e+01,1.975836e+01,1.908047e+01,1.886769e+01,1.862598e+01,1.846213e+01,1.842648e+01,1.843361e+01,1.838367e+01,1.832658e+01,1.835513e+01,1.844787e+01,1.817653e+01,1.839081e+01,1.821943e+01,1.824087e+01,1.831944e+01,1.822657e+01,1.831944e+01,1.834085e+01,1.820513e+01,1.833372e+01,1.830515e+01,1.831944e+01,1.832658e+01,1.827659e+01,1.829801e+01,1.830515e+01,1.826944e+01,1.827659e+01,1.825516e+01,1.831944e+01,1.841934e+01,1.833372e+01,1.833372e+01,1.843361e+01,1.840508e+01,1.849777e+01,1.852628e+01,1.853340e+01,1.872558e+01,1.873269e+01,1.871847e+01,1.880376e+01,1.881087e+01,1.881797e+01,1.896704e+01,1.900960e+01,1.919378e+01,1.944823e+01,1.984980e+01,2.006051e+01,2.050157e+01,2.065513e+01,2.067605e+01,2.062723e+01,2.066908e+01,2.062025e+01,2.041770e+01,2.055743e+01,2.034777e+01,2.016570e+01,1.987090e+01,1.985683e+01,1.965274e+01,1.966683e+01,1.958932e+01,1.953996e+01,1.934229e+01,1.946941e+01,1.953291e+01,1.940587e+01,1.926452e+01,1.936349e+01,1.930695e+01,1.932109e+01,1.936349e+01,1.920085e+01,1.917254e+01,1.939174e+01,1.944118e+01,1.937055e+01,1.968092e+01,1.947647e+01,1.952586e+01,1.956112e+01,1.946941e+01,1.956112e+01,1.949764e+01,1.955407e+01,1.970909e+01,1.971613e+01,1.975132e+01,1.988495e+01,1.987090e+01,1.995521e+01,1.997628e+01,1.999033e+01,2.017972e+01,2.034077e+01,2.034777e+01,2.056442e+01,2.071789e+01,2.059234e+01,2.062025e+01,2.053649e+01,2.057140e+01,2.050855e+01,2.041770e+01,2.013766e+01,1.993414e+01,1.991306e+01,1.971613e+01,1.949764e+01,1.951175e+01,1.943411e+01,1.938468e+01,1.934229e+01,1.942705e+01,1.947647e+01,1.950469e+01,1.975836e+01,1.982871e+01,1.994117e+01,2.013766e+01,2.038274e+01,2.039673e+01,2.046663e+01,2.047362e+01,2.054347e+01,2.060629e+01,2.069697e+01,2.077363e+01,2.062025e+01,2.063420e+01,2.058536e+01,2.060629e+01,2.057140e+01,2.061327e+01,2.059234e+01,2.055045e+01,2.050157e+01,2.050157e+01,2.029178e+01,2.030578e+01,2.014467e+01,2.000437e+01,2.010961e+01,1.999033e+01,1.997628e+01,1.989198e+01,1.973021e+01,1.973021e+01,1.980761e+01,1.967388e+01,1.973021e+01,1.974428e+01,1.970909e+01,1.953291e+01,1.961751e+01,1.956817e+01,1.976540e+01,1.973021e+01,1.982871e+01,1.967388e+01,1.971613e+01,1.971613e+01,1.963865e+01,1.980761e+01,1.984980e+01,1.987090e+01,2.012364e+01,2.020074e+01,2.043169e+01,2.059234e+01,2.061327e+01,2.047362e+01,2.045964e+01,2.033377e+01,2.014467e+01,2.012364e+01,2.012364e+01,1.982168e+01,1.981464e+01,1.985683e+01,1.994117e+01,1.980058e+01,1.983574e+01,1.964570e+01,1.967388e+01,1.949764e+01,1.946941e+01,1.937055e+01,1.946235e+01,1.927867e+01,1.927867e+01,1.926452e+01,1.927160e+01,1.903087e+01,1.917962e+01,1.916546e+01,1.915130e+01,1.914422e+01,1.898832e+01,1.893867e+01,1.920085e+01,1.915130e+01,1.899541e+01,1.913006e+01,1.893867e+01,1.903087e+01,1.934229e+01,1.936349e+01,1.962456e+01,1.969500e+01,1.964570e+01,1.942705e+01,1.914422e+01,1.920085e+01,1.907339e+01,1.915130e+01,1.930695e+01,1.939881e+01,1.971613e+01,1.975132e+01,1.925745e+01,1.901669e+01,1.889609e+01,1.869002e+01,1.883928e+01,1.916546e+01,2.001139e+01,2.037575e+01,2.073182e+01,2.080150e+01,2.064816e+01,2.071091e+01,2.075273e+01,2.075970e+01,2.082935e+01,2.089200e+01,2.085024e+01,2.087808e+01,2.082935e+01,2.082239e+01,2.080846e+01,2.082239e+01,2.083632e+01,2.082239e+01,2.081543e+01,2.087808e+01,2.083632e+01,2.078757e+01,2.078757e+01,2.085024e+01,2.082239e+01,2.087112e+01,2.080846e+01,2.079453e+01,2.083632e+01,2.084328e+01,2.095461e+01,2.089896e+01,2.085024e+01,2.085720e+01,2.085024e+01,2.081543e+01,2.081543e+01,2.087112e+01,2.078757e+01,2.087112e+01,2.078060e+01,2.080846e+01,2.079453e+01,2.071091e+01,2.080150e+01,2.080846e+01,2.085024e+01,2.086416e+01,2.079453e+01,2.091983e+01,2.078060e+01,2.078757e+01,2.080150e+01,2.089896e+01,2.078060e+01,2.079453e+01,2.081543e+01,2.080150e+01,2.086416e+01,2.069000e+01,2.086416e+01,2.084328e+01,2.091983e+01,2.085024e+01,2.081543e+01,2.082935e+01,2.085024e+01,2.077363e+01,2.075970e+01,2.076667e+01,2.073879e+01,2.108665e+01,2.082239e+01,2.081543e+01,2.080846e+01,2.082935e+01,2.080846e+01,2.080150e+01,2.091983e+01,2.087112e+01,2.074576e+01,2.079453e+01,2.070394e+01,2.087808e+01,2.082239e+01,2.082935e+01,2.084328e+01,2.075970e+01,2.080846e+01,2.085720e+01,2.084328e+01,2.074576e+01,2.075970e+01,2.098937e+01,2.083632e+01,2.087808e+01,2.084328e+01,2.077363e+01,2.093374e+01,2.077363e+01,2.076667e+01,2.069697e+01,2.080846e+01,2.083632e+01,2.080846e+01,2.081543e+01,2.081543e+01,2.074576e+01,2.075273e+01,2.088504e+01,2.073879e+01,2.087112e+01,2.072486e+01,2.085024e+01,2.074576e+01,2.078060e+01,2.077363e+01,2.076667e+01,2.073879e+01,2.077363e+01,2.080150e+01,2.089200e+01,2.093374e+01,2.078060e+01,2.075970e+01,2.079453e+01,2.089200e+01,2.088504e+01,2.089200e+01,2.081543e+01,2.092679e+01,2.082239e+01,2.081543e+01,2.080846e+01,2.091983e+01,2.075273e+01,2.079453e+01,2.068303e+01,2.089896e+01,2.089896e+01,2.085024e+01,2.079453e+01,2.083632e+01,2.077363e+01,2.085024e+01,2.094070e+01,2.087112e+01,2.075970e+01,2.080846e+01,2.076667e+01,2.077363e+01,2.080150e+01,2.073879e+01,2.074576e+01,2.080846e+01,2.075970e+01,2.081543e+01,2.083632e+01,2.077363e+01,2.092679e+01,2.082935e+01,2.080846e+01,2.077363e+01,2.075273e+01,2.079453e+01,2.095461e+01,2.084328e+01,2.075970e+01,2.089200e+01,2.083632e+01,2.085024e+01,2.083632e+01,2.082239e+01,2.083632e+01,2.084328e+01,2.067605e+01,2.084328e+01,2.078757e+01,2.080150e+01,2.074576e+01,2.082935e+01,2.087808e+01,2.089200e+01,2.087808e+01,2.075273e+01,2.087808e+01,2.091287e+01,2.085720e+01,2.081543e+01,2.085720e+01,2.083632e+01,2.085720e+01,2.075970e+01,2.085720e+01,2.083632e+01,2.072486e+01,2.086416e+01,2.077363e+01,2.072486e+01,2.078757e+01,2.086416e+01,2.075970e+01,2.077363e+01,2.081543e+01,2.080846e+01,2.080846e+01,2.068303e+01,2.077363e+01,2.074576e+01,2.079453e+01,2.080846e+01,2.085720e+01,2.078757e+01,2.073879e+01,2.098242e+01,2.070394e+01,2.078757e+01,2.084328e+01,2.078060e+01,2.075273e+01,2.082239e+01,2.078060e+01,2.083632e+01,2.079453e+01,2.076667e+01,2.080150e+01,2.083632e+01,2.080846e+01,2.081543e+01,2.073879e+01,2.081543e+01,2.078060e+01,2.079453e+01,2.077363e+01
2.073879e+01,2.090592e+01,2.069697e+01,2.075970e+01,2.067605e+01,2.073879e+01,2.080150e+01,2.065513e+01,2.073182e+01,2.075970e+01,2.082239e+01,2.076667e+01,2.073182e+01,2.071091e+01,2.082239e+01,2.073879e+01,2.069697e+01,2.073879e+01,2.079453e+01,2.061327e+01,2.082239e+01,2.057838e+01,2.078060e+01,2.078060e+01,2.078757e+01,2.079453e+01,2.071091e+01,2.084328e+01,2.068303e+01,2.058536e+01,2.072486e+01,2.080150e+01,2.073879e+01,2.071091e+01,2.080150e+01,2.086416e+01,2.090592e+01,2.070394e+01,2.087112e+01,2.077363e+01,2.085024e+01,2.087112e+01,2.080150e+01,2.079453e+01,2.078060e+01,2.082239e+01,2.075273e+01,2.073182e+01,2.089896e+01,2.089200e+01,2.070394e+01,2.084328e+01,2.075970e+01,2.080150e+01,2.071789e+01,2.080846e+01,2.091983e+01,2.068303e+01,2.082239e+01,2.075273e+01,2.071091e+01,2.085024e+01,2.081543e+01,2.081543e+01,2.083632e+01,2.087808e+01,2.086416e+01,2.085024e+01,2.085720e+01,2.082239e+01,2.089896e+01,2.075273e+01,2.086416e+01,2.088504e+01,2.083632e+01,2.083632e+01,2.079453e+01,2.084328e+01,2.085024e+01,2.078060e+01,2.088504e+01,2.082935e+01,2.087808e+01,2.089200e+01,2.101023e+01,2.086416e+01,2.101023e+01,2.092679e+01,2.095461e+01,2.081543e+01,2.084328e+01,2.081543e+01,2.087808e+01,2.080150e+01,2.083632e+01,2.088504e+01,2.080846e+01,2.078060e+01,2.089896e+01,2.086416e+01,2.080150e+01,2.071091e+01,2.075273e+01,2.075970e+01,2.085024e+01,2.082935e+01,2.083632e+01,2.069697e+01,2.087112e+01,2.078757e+01,2.086416e+01,2.083632e+01,2.088504e+01,2.083632e+01,2.087808e+01,2.082935e+01,2.085720e+01,2.081543e+01,2.088504e+01,2.076667e+01,2.082239e+01,2.080846e+01,2.080150e+01,2.080846e+01,2.088504e+01,2.082935e+01,2.087112e+01,2.078060e+01,2.080150e+01,2.087112e+01,2.078060e+01,2.083632e+01,2.082935e+01,2.088504e+01,2.087112e+01,2.069697e+01,2.081543e+01,2.083632e+01,2.084328e+01,2.082935e+01,2.079453e+01,2.070394e+01,2.072486e+01,2.089896e+01,2.089200e+01,2.086416e+01,2.081543e+01,2.078757e+01,2.089200e+01,2.078060e+01,2.082935e+01,2.079453e+01,2.078060e+01,2.083632e+01,2.080846e+01,2.083632e+01,2.075273e+01,2.085024e+01,2.073182e+01,2.082935e+01,2.072486e+01,2.078060e+01,2.082239e+01,2.070394e+01,2.087112e+01,2.088504e+01,2.080846e+01,2.084328e+01,2.078757e+01,2.078757e+01,2.073879e+01,2.078060e+01,2.075970e+01,2.055743e+01,2.047362e+01,1.993414e+01,1.946941e+01,1.902378e+01,1.881087e+01,1.854765e+01,1.847639e+01,1.844787e+01,1.844787e+01,1.844787e+01,1.846926e+01,1.836227e+01,1.831944e+01,1.834799e+01,1.830515e+01,1.834799e+01,1.836227e+01,1.831944e+01,1.843361e+01,1.819083e+01,1.830515e+01,1.814793e+01,1.829087e+01,1.819083e+01,1.816223e+01,1.824801e+01,1.821943e+01,1.828373e+01,1.830515e+01,1.826230e+01,1.827659e+01,1.830515e+01,1.836940e+01,1.836227e+01,1.829087e+01,1.828373e+01,1.836227e+01,1.850490e+01,1.839081e+01,1.836940e+01,1.864733e+01,1.870424e+01,1.876823e+01,1.891738e+01,1.883928e+01,1.885349e+01,1.903087e+01,1.902378e+01,1.907339e+01,1.934936e+01,1.971613e+01,2.001139e+01,2.031278e+01,2.054347e+01,2.066908e+01,2.064118e+01,2.061327e+01,2.062723e+01,2.038274e+01,2.038274e+01,2.027078e+01,1.992711e+01,1.986386e+01,1.963161e+01,1.942705e+01,1.940587e+01,1.939174e+01,1.926452e+01,1.905213e+01,1.927160e+01,1.922916e+01,1.900960e+01,1.919378e+01,1.909464e+01,1.910881e+01,1.903795e+01,1.913006e+01,1.914422e+01,1.920085e+01,1.917962e+01,1.923623e+01,1.922916e+01,1.939174e+01,1.937055e+01,1.944823e+01,1.948352e+01,1.947647e+01,1.951175e+01,1.949058e+01,1.960342e+01,1.961751e+01,1.963865e+01,1.984277e+01,1.982168e+01,1.993414e+01,2.006753e+01,1.992711e+01,1.992009e+01,2.020774e+01,2.027078e+01,2.024277e+01,2.036176e+01,2.036176e+01,2.054347e+01,2.062025e+01,2.059932e+01,2.059932e+01,2.052950e+01,2.041770e+01,2.017972e+01,2.009559e+01,2.007454e+01,1.976540e+01,1.975132e+01,1.965274e+01,1.949058e+01,1.951175e+01,1.945529e+01,1.952586e+01,1.964570e+01,1.952586e+01,1.975836e+01,1.982871e+01,1.976540e+01,2.005350e+01,2.012364e+01,2.042470e+01,2.050855e+01,2.048759e+01,2.071091e+01,2.077363e+01,2.068303e+01,2.073879e+01,2.082935e+01,2.078757e+01,2.060629e+01,2.067605e+01,2.071789e+01,2.066908e+01,2.057838e+01,2.063420e+01,2.045964e+01,2.054347e+01,2.034777e+01,2.038974e+01,2.020074e+01,2.014467e+01,2.001139e+01,1.992711e+01,1.996224e+01,1.996224e+01,1.969500e+01,1.974428e+01,1.975132e+01,1.966683e+01,1.962456e+01,1.980058e+01,1.970909e+01,1.964570e+01,1.964570e+01,1.965979e+01,1.965979e+01,1.981464e+01,1.958932e+01,1.970909e+01,1.970205e+01,1.965979e+01,1.962456e+01,1.964570e+01,1.963865e+01,1.978650e+01,1.999033e+01,1.998330e+01,2.020774e+01,2.051554e+01,2.070394e+01,2.068303e+01,2.066211e+01,2.041770e+01,2.040372e+01,2.034777e+01,2.017972e+01,2.008857e+01,1.984980e+01,1.984980e+01,1.991306e+01,1.988495e+01,1.985683e+01,1.989901e+01,1.989901e+01,1.957522e+01,1.971613e+01,1.953996e+01,1.950469e+01,1.951175e+01,1.949058e+01,1.944118e+01,1.924331e+01,1.925038e+01,1.927160e+01,1.921501e+01,1.920085e+01,1.922916e+01,1.918670e+01,1.912298e+01,1.902378e+01,1.903087e+01,1.898832e+01,1.906630e+01,1.892448e+01,1.903795e+01,1.895995e+01,1.913714e+01,1.923623e+01,1.946235e+01,1.956112e+01,1.961751e+01,1.937762e+01,1.925745e+01,1.917254e+01,1.924331e+01,1.920793e+01,1.928574e+01,1.965274e+01,1.967388e+01,1.977947e+01,1.931402e+01,1.890318e+01,1.891028e+01,1.884638e+01,1.885349e+01,1.918670e+01,1.995521e+01,2.052950e+01,2.071789e+01,2.074576e+01,2.063420e+01,2.074576e+01,2.073182e+01,2.084328e+01,2.075970e+01,2.076667e+01,2.082935e+01,2.070394e+01,2.079453e+01,2.080150e+01,2.080150e+01,2.079453e+01,2.086416e+01,2.086416e+01,2.086416e+01,2.078757e+01,2.076667e+01,2.075970e+01,2.093374e+01,2.077363e+01,2.077363e+01,2.088504e+01,2.076667e+01,2.085024e+01,2.087112e+01,2.082935e+01,2.080150e+01,2.083632e+01,2.078060e+01,2.079453e+01,2.080846e+01,2.073879e+01,2.087808e+01,2.085720e+01,2.079453e+01,2.081543e+01,2.088504e+01,2.079453e+01,2.082935e+01,2.080846e+01,2.082239e+01,2.083632e+01,2.100327e+01,2.080150e+01,2.079453e+01,2.088504e+01,2.087112e+01,2.077363e+01,2.078060e+01,2.076667e+01,2.077363e+01,2.089896e+01,2.086416e+01,2.091287e+01,2.079453e+01,2.087112e+01,2.077363e+01,2.073879e+01,2.085024e+01,2.084328e+01,2.083632e+01,2.086416e+01,2.087808e+01,2.074576e+01,2.074576e+01,2.078757e+01,2.080846e+01,2.085024e+01,2.085024e+01,2.083632e+01,2.085024e+01,2.083632e+01,2.082935e+01,2.082239e+01,2.080150e+01,2.076667e+01,2.087112e+01,2.085720e+01,2.071789e+01,2.086416e+01,2.094070e+01,2.090592e+01,2.082239e+01,2.085720e+01,2.080846e+01,2.071789e+01,2.081543e+01,2.078757e+01,2.077363e+01,2.091287e+01,2.075273e+01,2.075273e+01,2.075970e+01,2.082239e+01,2.090592e+01,2.103107e+01,2.092679e+01,2.070394e+01,2.082935e+01,2.083632e+01,2.083632e+01,2.075970e+01,2.072486e+01,2.083632e+01,2.086416e+01,2.075970e+01,2.077363e+01,2.109360e+01,2.071789e+01,2.080150e+01,2.076667e+01,2.083632e+01,2.073879e+01,2.079453e+01,2.083632e+01,2.080150e+01,2.078060e+01,2.089200e+01,2.089200e+01,2.078060e+01,2.088504e+01,2.086416e+01,2.085720e+01,2.087808e+01,2.086416e+01,2.078757e+01,2.081543e+01,2.080150e+01,2.085720e+01,2.083632e+01,2.081543e+01,2.090592e+01,2.083632e+01,2.080846e+01,2.082239e+01,2.082239e+01,2.082935e+01,2.077363e+01,2.085024e+01,2.080846e+01,2.071789e+01,2.080846e+01,2.079453e+01,2.079453e+01,2.085720e+01,2.077363e+01,2.076667e+01,2.079453e+01,2.074576e+01,2.080150e+01,2.080150e+01,2.080846e+01,2.081543e+01,2.078757e+01,2.081543e+01,2.083632e+01,2.080150e+01,2.078060e+01,2.070394e+01,2.068303e+01,2.077363e+01,2.085720e+01,2.085720e+01,2.087808e+01,2.087808e+01,2.071789e+01,2.085720e+01,2.087808e+01,2.078757e+01,2.083632e+01,2.081543e+01,2.074576e+01,2.081543e+01,2.078757e+01,2.073879e+01,2.088504e+01,2.080846e+01,2.085720e+01,2.088504e+01,2.088504e+01,2.089896e+01,2.084328e+01,2.079453e+01,2.086416e+01,2.087112e+01,2.082935e+01,2.083632e+01,2.080846e+01,2.078757e+01,2.085720e+01,2.075970e+01,2.076667e+01,2.077363e+01,2.087808e+01,2.071091e+01,2.079453e+01,2.082239e+01,2.086416e+01,2.080846e+01,2.078757e+01,2.078060e+01,2.076667e+01,2.084328e+01,2.083632e+01,2.075970e+01,2.081543e+01,2.080150e+01,2.091287e+01,2.096852e+01,2.079453e+01,2.078757e+01,2.078060e+01,2.074576e+01,2.079453e+01,2.074576e+01,2.077363e+01,2.080846e+01,2.080150e+01,2.081543e+01,2.075970e+01,2.083632e+01,2.080846e+01,2.074576e+01,2.071091e+01,2.083632e+01,2.083632e+01,2.081543e+01,2.077363e+01,2.091287e+01,2.077363e+01
2.073182e+01,2.073182e+01,2.082935e+01,2.071789e+01,2.072486e+01,2.069000e+01,2.075970e+01,2.073182e+01,2.075273e+01,2.072486e+01,2.079453e+01,2.069000e+01,2.073182e+01,2.063420e+01,2.075970e+01,2.075273e+01,2.076667e+01,2.073182e+01,2.078060e+01,2.085024e+01,2.069697e+01,2.060629e+01,2.085024e+01,2.069697e+01,2.068303e+01,2.082239e+01,2.073879e+01,2.072486e+01,2.064118e+01,2.084328e+01,2.085720e+01,2.084328e+01,2.076667e+01,2.076667e+01,2.071091e+01,2.067605e+01,2.080150e+01,2.082239e+01,2.082935e+01,2.073182e+01,2.076667e+01,2.074576e+01,2.085024e+01,2.082935e+01,2.075970e+01,2.074576e+01,2.073879e+01,2.083632e+01,2.071091e+01,2.076667e+01,2.084328e+01,2.091287e+01,2.077363e+01,2.080846e+01,2.085720e+01,2.088504e+01,2.078060e+01,2.080846e+01,2.071789e+01,2.089200e+01,2.094070e+01,2.093374e+01,2.105192e+01,2.085720e+01,2.088504e+01,2.086416e+01,2.086416e+01,2.085720e+01,2.079453e+01,2.089896e+01,2.078060e+01,2.078060e+01,2.082935e+01,2.082239e+01,2.081543e+01,2.086416e+01,2.089200e+01,2.087112e+01,2.086416e+01,2.094070e+01,2.089200e+01,2.089200e+01,2.083632e+01,2.083632e+01,2.085024e+01,2.082935e+01,2.087808e+01,2.091983e+01,2.076667e+01,2.095461e+01,2.082239e+01,2.073182e+01,2.090592e+01,2.087808e+01,2.070394e+01,2.089896e+01,2.088504e+01,2.089896e+01,2.076667e+01,2.084328e+01,2.080150e+01,2.082935e+01,2.068303e+01,2.080150e+01,2.081543e+01,2.080846e+01,2.086416e+01,2.077363e+01,2.077363e+01,2.085720e+01,2.078757e+01,2.080846e+01,2.085024e+01,2.080846e+01,2.087112e+01,2.086416e+01,2.088504e+01,2.078757e+01,2.075273e+01,2.079453e+01,2.083632e+01,2.076667e+01,2.079453e+01,2.087808e+01,2.084328e+01,2.075273e+01,2.081543e+01,2.080846e+01,2.075970e+01,2.080150e+01,2.081543e+01,2.080150e+01,2.078757e+01,2.077363e+01,2.085024e+01,2.083632e+01,2.087808e+01,2.085720e+01,2.085720e+01,2.078757e+01,2.088504e+01,2.078060e+01,2.085024e+01,2.079453e+01,2.078060e+01,2.085024e+01,2.083632e+01,2.081543e+01,2.087808e+01,2.087808e+01,2.082935e+01,2.078757e+01,2.081543e+01,2.081543e+01,2.087112e+01,2.082935e+01,2.078757e+01,2.087112e+01,2.074576e+01,2.085720e+01,2.080150e+01,2.078757e+01,2.085720e+01,2.082239e+01,2.087808e+01,2.087112e+01,2.082239e+01,2.091287e+01,2.080846e+01,2.079453e+01,2.078060e+01,2.078757e+01,2.069000e+01,2.059932e+01,2.046663e+01,1.990604e+01,1.926452e+01,1.891028e+01,1.883218e+01,1.850490e+01,1.846926e+01,1.846926e+01,1.844074e+01,1.844787e+01,1.837654e+01,1.839081e+01,1.836227e+01,1.819798e+01,1.833372e+01,1.823372e+01,1.826230e+01,1.823372e+01,1.831944e+01,1.818369e+01,1.818369e+01,1.837654e+01,1.826944e+01,1.816223e+01,1.834799e+01,1.820513e+01,1.825516e+01,1.826230e+01,1.822657e+01,1.826944e+01,1.824801e+01,1.830515e+01,1.833372e+01,1.836940e+01,1.839081e+01,1.833372e+01,1.832658e+01,1.842648e+01,1.834085e+01,1.858326e+01,1.870424e+01,1.876823e+01,1.878245e+01,1.886769e+01,1.901669e+01,1.900251e+01,1.905213e+01,1.908047e+01,1.925745e+01,1.968796e+01,1.972317e+01,2.001139e+01,2.028478e+01,2.064816e+01,2.050157e+01,2.027778e+01,2.030578e+01,2.022876e+01,1.994819e+01,2.018673e+01,1.992711e+01,1.968092e+01,1.942705e+01,1.927160e+01,1.925745e+01,1.924331e+01,1.888189e+01,1.888899e+01,1.884638e+01,1.891738e+01,1.898832e+01,1.903795e+01,1.895286e+01,1.898832e+01,1.886059e+01,1.901669e+01,1.905922e+01,1.905922e+01,1.913714e+01,1.918670e+01,1.918670e+01,1.921501e+01,1.923623e+01,1.935642e+01,1.943411e+01,1.951880e+01,1.950469e+01,1.959637e+01,1.946941e+01,1.957522e+01,1.963161e+01,1.977243e+01,1.981464e+01,1.993414e+01,1.982168e+01,1.992711e+01,2.009559e+01,2.015168e+01,2.015869e+01,2.020774e+01,2.038974e+01,2.027078e+01,2.040372e+01,2.043169e+01,2.057140e+01,2.056442e+01,2.057140e+01,2.037575e+01,2.033377e+01,2.010260e+01,2.002542e+01,1.996926e+01,1.984277e+01,1.968796e+01,1.970205e+01,1.963161e+01,1.962456e+01,1.960342e+01,1.960342e+01,1.970909e+01,1.953291e+01,1.970909e+01,1.984277e+01,1.990604e+01,1.998330e+01,2.006753e+01,2.035476e+01,2.037575e+01,2.044567e+01,2.059234e+01,2.070394e+01,2.081543e+01,2.083632e+01,2.078757e+01,2.081543e+01,2.062025e+01,2.066211e+01,2.062025e+01,2.051554e+01,2.053649e+01,2.055045e+01,2.054347e+01,2.054347e+01,2.045266e+01,2.024277e+01,2.014467e+01,2.007454e+01,1.996926e+01,1.998330e+01,1.993414e+01,1.993414e+01,1.969500e+01,1.977243e+01,1.985683e+01,1.974428e+01,1.975132e+01,1.982871e+01,1.975836e+01,1.975836e+01,1.977243e+01,1.969500e+01,1.977243e+01,1.961047e+01,1.975836e+01,1.975132e+01,1.966683e+01,1.968092e+01,1.962456e+01,1.963161e+01,1.961047e+01,1.978650e+01,1.994819e+01,1.996224e+01,2.015869e+01,2.022176e+01,2.048759e+01,2.057140e+01,2.064118e+01,2.060629e+01,2.040372e+01,2.024977e+01,2.024277e+01,2.012364e+01,1.988495e+01,1.987090e+01,1.982871e+01,1.982871e+01,1.987792e+01,1.993414e+01,1.977947e+01,1.972317e+01,1.970205e+01,1.962456e+01,1.949764e+01,1.951175e+01,1.947647e+01,1.930695e+01,1.946235e+01,1.932109e+01,1.936349e+01,1.925745e+01,1.923623e+01,1.928574e+01,1.933522e+01,1.922208e+01,1.924331e+01,1.920793e+01,1.910173e+01,1.905922e+01,1.908756e+01,1.893867e+01,1.895995e+01,1.904504e+01,1.910173e+01,1.915130e+01,1.936349e+01,1.951175e+01,1.936349e+01,1.923623e+01,1.916546e+01,1.907339e+01,1.915130e+01,1.931402e+01,1.938468e+01,1.975132e+01,1.973725e+01,1.937055e+01,1.906630e+01,1.876823e+01,1.867579e+01,1.885349e+01,1.893867e+01,1.935642e+01,2.046663e+01,2.071091e+01,2.080846e+01,2.076667e+01,2.078060e+01,2.071789e+01,2.073182e+01,2.081543e+01,2.091287e+01,2.076667e+01,2.080846e+01,2.080150e+01,2.078757e+01,2.078757e+01,2.080846e+01,2.083632e+01,2.082935e+01,2.082239e+01,2.076667e+01,2.083632e+01,2.078060e+01,2.079453e+01,2.094070e+01,2.089896e+01,2.084328e+01,2.085720e+01,2.084328e+01,2.085720e+01,2.084328e+01,2.083632e+01,2.085024e+01,2.084328e+01,2.084328e+01,2.081543e+01,2.071789e+01,2.082935e+01,2.080846e+01,2.080846e+01,2.085024e+01,2.079453e+01,2.080150e+01,2.071789e+01,2.083632e+01,2.085024e+01,2.073182e+01,2.083632e+01,2.089896e+01,2.082935e+01,2.082935e+01,2.082239e+01,2.080150e+01,2.070394e+01,2.074576e+01,2.087112e+01,2.078757e+01,2.089200e+01,2.087808e+01,2.080846e+01,2.082935e+01,2.085720e+01,2.084328e+01,2.084328e+01,2.071789e+01,2.085024e+01,2.089200e+01,2.084328e+01,2.077363e+01,2.080846e+01,2.087112e+01,2.082239e+01,2.077363e+01,2.078060e+01,2.087808e+01,2.085024e+01,2.085720e+01,2.078060e+01,2.082935e+01,2.091983e+01,2.080150e+01,2.086416e+01,2.082935e+01,2.085720e+01,2.082239e+01,2.083632e+01,2.100327e+01,2.082239e+01,2.087112e+01,2.081543e+01,2.069000e+01,2.083632e+01,2.083632e+01,2.084328e+01,2.077363e+01,2.089200e+01,2.089896e+01,2.085024e+01,2.080846e+01,2.080846e+01,2.096156e+01,2.084328e+01,2.091287e+01,2.075273e+01,2.083632e+01,2.082935e+01,2.081543e+01,2.085024e+01,2.080846e+01,2.085024e+01,2.082239e+01,2.081543e+01,2.084328e+01,2.084328e+01,2.081543e+01,2.077363e+01,2.085024e+01,2.076667e+01,2.084328e+01,2.082239e+01,2.075273e+01,2.082239e+01,2.080846e+01,2.077363e+01,2.091287e+01,2.091287e+01,2.084328e+01,2.082935e+01,2.079453e+01,2.083632e+01,2.089200e+01,2.089200e+01,2.084328e+01,2.086416e+01,2.082239e+01,2.087808e+01,2.091287e+01,2.082239e+01,2.087112e+01,2.081543e+01,2.075273e+01,2.080150e+01,2.087808e+01,2.087808e+01,2.069000e+01,2.081543e+01,2.064118e+01,2.086416e+01,2.082935e+01,2.080846e+01,2.082935e+01,2.078757e+01,2.080150e+01,2.079453e+01,2.057140e+01,2.080150e+01,2.077363e+01,2.078757e+01,2.080846e+01,2.079453e+01,2.074576e+01,2.089200e+01,2.080150e+01,2.076667e+01,2.086416e+01,2.066908e+01,2.085024e+01,2.088504e+01,2.084328e+01,2.078757e+01,2.084328e+01,2.084328e+01,2.089200e+01,2.082935e+01,2.075273e+01,2.078060e+01,2.081543e+01,2.088504e+01,2.071091e+01,2.084328e+01,2.079453e+01,2.085720e+01,2.081543e+01,2.080150e+01,2.083632e+01,2.084328e+01,2.085024e+01,2.075273e+01,2.071091e+01,2.091287e+01,2.089200e+01,2.075970e+01,2.082239e+01,2.073879e+01,2.085024e+01,2.078757e+01,2.080150e+01,2.087808e+01,2.078060e+01,2.086416e+01,2.084328e+01,2.085024e+01,2.080150e+01,2.088504e+01,2.084328e+01,2.070394e+01,2.075273e+01,2.082239e+01,2.080846e+01,2.084328e+01,2.080846e+01,2.086416e+01,2.084328e+01,2.083632e+01,2.080846e+01,2.078060e+01,2.084328e+01,2.073879e+01,2.071091e+01,2.087808e+01,2.076667e+01,2.075970e+01,2.080150e+01,2.084328e+01,2.078757e+01,2.085720e+01,2.086416e+01,2.087112e+01,2.083632e+01,2.087112e+01,2.077363e+01,2.082239e+01,2.065513e+01,2.077363e+01,2.080846e+01
2.079453e+01,2.079453e+01,2.076667e+01,2.084328e+01,2.066211e+01,2.066908e+01,2.075273e+01,2.066908e+01,2.069697e+01,2.073879e+01,2.080846e+01,2.085720e+01,2.079453e+01,2.082239e+01,2.071091e+01,2.072486e+01,2.085720e+01,2.070394e+01,2.080846e+01,2.072486e+01,2.072486e+01,2.066211e+01,2.072486e+01,2.069000e+01,2.075273e+01,2.080846e+01,2.085024e+01,2.072486e+01,2.086416e+01,2.073182e+01,2.074576e+01,2.073879e+01,2.069000e+01,2.094070e+01,2.077363e+01,2.070394e+01,2.082239e+01,2.082935e+01,2.086416e+01,2.073879e+01,2.080846e+01,2.080846e+01,2.079453e+01,2.066908e+01,2.075970e+01,2.075273e+01,2.088504e+01,2.077363e+01,2.091287e+01,2.082239e+01,2.074576e+01,2.085024e+01,2.082935e+01,2.078060e+01,2.075970e+01,2.082935e+01,2.089896e+01,2.082239e+01,2.085024e+01,2.082935e+01,2.071789e+01,2.081543e+01,2.070394e+01,2.085720e+01,2.080150e+01,2.081543e+01,2.087112e+01,2.091287e+01,2.094070e+01,2.090592e+01,2.082239e+01,2.069000e+01,2.084328e+01,2.080846e+01,2.091287e+01,2.075970e+01,2.087112e+01,2.085720e+01,2.089896e+01,2.086416e+01,2.087112e+01,2.084328e+01,2.089896e+01,2.083632e+01,2.092679e+01,2.087112e+01,2.087808e+01,2.090592e+01,2.080150e+01,2.091287e+01,2.087808e+01,2.085024e+01,2.090592e+01,2.073879e+01,2.091287e+01,2.085720e+01,2.085720e+01,2.087808e+01,2.087808e+01,2.078060e+01,2.085024e+01,2.073182e+01,2.084328e+01,2.089200e+01,2.082239e+01,2.082239e+01,2.078060e+01,2.081543e+01,2.093374e+01,2.072486e+01,2.087112e+01,2.078060e+01,2.082239e+01,2.085024e+01,2.082239e+01,2.084328e+01,2.098937e+01,2.076667e+01,2.083632e+01,2.081543e+01,2.077363e+01,2.081543e+01,2.081543e+01,2.080846e+01,2.081543e+01,2.080150e+01,2.073879e+01,2.078060e+01,2.085024e+01,2.078757e+01,2.078757e+01,2.083632e+01,2.079453e+01,2.086416e+01,2.082239e+01,2.080846e+01,2.081543e+01,2.079453e+01,2.079453e+01,2.081543e+01,2.076667e+01,2.087808e+01,2.072486e+01,2.081543e+01,2.079453e+01,2.080150e+01,2.080150e+01,2.088504e+01,2.075970e+01,2.088504e+01,2.085720e+01,2.083632e+01,2.088504e+01,2.080150e+01,2.083632e+01,2.085024e+01,2.084328e+01,2.082935e+01,2.077363e+01,2.085024e+01,2.080846e+01,2.064118e+01,2.073879e+01,2.083632e+01,2.085024e+01,2.072486e+01,2.085720e+01,2.083632e+01,2.079453e+01,2.079453e+01,2.077363e+01,2.074576e+01,2.063420e+01,2.062723e+01,2.016570e+01,1.976540e+01,1.919378e+01,1.883928e+01,1.887479e+01,1.864021e+01,1.848352e+01,1.848352e+01,1.841934e+01,1.845500e+01,1.844787e+01,1.841934e+01,1.839794e+01,1.834799e+01,1.809069e+01,1.830515e+01,1.832658e+01,1.828373e+01,1.824801e+01,1.822657e+01,1.819798e+01,1.824801e+01,1.826230e+01,1.833372e+01,1.834799e+01,1.834799e+01,1.831944e+01,1.827659e+01,1.828373e+01,1.824801e+01,1.835513e+01,1.830515e+01,1.840508e+01,1.831230e+01,1.838367e+01,1.841221e+01,1.833372e+01,1.844787e+01,1.844787e+01,1.853340e+01,1.877534e+01,1.876823e+01,1.876823e+01,1.887479e+01,1.915838e+01,1.913006e+01,1.910173e+01,1.915130e+01,1.925745e+01,1.970909e+01,2.004648e+01,2.005350e+01,2.028478e+01,2.013766e+01,2.015168e+01,2.024977e+01,2.006051e+01,1.996926e+01,1.994819e+01,1.956817e+01,1.950469e+01,1.946235e+01,1.920085e+01,1.895995e+01,1.889609e+01,1.886769e+01,1.863309e+01,1.884638e+01,1.886059e+01,1.883928e+01,1.883218e+01,1.876112e+01,1.878245e+01,1.888899e+01,1.893867e+01,1.881087e+01,1.904504e+01,1.911590e+01,1.913714e+01,1.913006e+01,1.919378e+01,1.924331e+01,1.923623e+01,1.915838e+01,1.946235e+01,1.939174e+01,1.963865e+01,1.952586e+01,1.959637e+01,1.962456e+01,1.961047e+01,1.992711e+01,1.962456e+01,1.980058e+01,2.005350e+01,2.006753e+01,2.013065e+01,2.007454e+01,2.015168e+01,2.017271e+01,2.035476e+01,2.043169e+01,2.047362e+01,2.059932e+01,2.059932e+01,2.062025e+01,2.058536e+01,2.041071e+01,2.029878e+01,2.020074e+01,2.000437e+01,1.984277e+01,1.996224e+01,1.970205e+01,1.973725e+01,1.966683e+01,1.954701e+01,1.981464e+01,1.986386e+01,1.965274e+01,1.983574e+01,1.978650e+01,1.982168e+01,1.982871e+01,2.006051e+01,2.000437e+01,2.022176e+01,2.043169e+01,2.041071e+01,2.054347e+01,2.071091e+01,2.064816e+01,2.070394e+01,2.068303e+01,2.072486e+01,2.082935e+01,2.060629e+01,2.059932e+01,2.051554e+01,2.056442e+01,2.050855e+01,2.053649e+01,2.043868e+01,2.034077e+01,2.041071e+01,2.015869e+01,2.007454e+01,2.012364e+01,2.001841e+01,2.007454e+01,1.999735e+01,1.971613e+01,1.973021e+01,1.989901e+01,1.985683e+01,1.973725e+01,1.977947e+01,1.978650e+01,1.977243e+01,1.977243e+01,1.978650e+01,1.977243e+01,1.975132e+01,1.976540e+01,1.977947e+01,1.968092e+01,1.952586e+01,1.949058e+01,1.961047e+01,1.950469e+01,1.960342e+01,1.985683e+01,1.993414e+01,1.996926e+01,2.038274e+01,2.049458e+01,2.060629e+01,2.064816e+01,2.056442e+01,2.057140e+01,2.059932e+01,2.030578e+01,2.014467e+01,2.002542e+01,1.992009e+01,1.988495e+01,1.983574e+01,1.988495e+01,1.981464e+01,1.980761e+01,1.975836e+01,1.977947e+01,1.970205e+01,1.945529e+01,1.951880e+01,1.946235e+01,1.948352e+01,1.946235e+01,1.943411e+01,1.940587e+01,1.939174e+01,1.937055e+01,1.909464e+01,1.927160e+01,1.923623e+01,1.928574e+01,1.910173e+01,1.920793e+01,1.925038e+01,1.919378e+01,1.918670e+01,1.893157e+01,1.900960e+01,1.902378e+01,1.908756e+01,1.920793e+01,1.934936e+01,1.937055e+01,1.920793e+01,1.915130e+01,1.926452e+01,1.917254e+01,1.919378e+01,1.931402e+01,1.970205e+01,1.995521e+01,1.939174e+01,1.925745e+01,1.906630e+01,1.896704e+01,1.891738e+01,1.890318e+01,1.932109e+01,2.020774e+01,2.074576e+01,2.058536e+01,2.071789e+01,2.075970e+01,2.075273e+01,2.085024e+01,2.079453e+01,2.082935e+01,2.089200e+01,2.078757e+01,2.082239e+01,2.083632e+01,2.080846e+01,2.087808e+01,2.078060e+01,2.089200e+01,2.082239e+01,2.092679e+01,2.086416e+01,2.083632e+01,2.078060e+01,2.078757e+01,2.075970e+01,2.091983e+01,2.083632e+01,2.084328e+01,2.085024e+01,2.084328e+01,2.085024e+01,2.088504e+01,2.085024e+01,2.095461e+01,2.082239e+01,2.071091e+01,2.091983e+01,2.087112e+01,2.074576e+01,2.081543e+01,2.081543e+01,2.079453e+01,2.073182e+01,2.085024e+01,2.082935e+01,2.089200e+01,2.089896e+01,2.085720e+01,2.070394e+01,2.078757e+01,2.080150e+01,2.085024e+01,2.082935e+01,2.087808e+01,2.082239e+01,2.080150e+01,2.084328e+01,2.082935e+01,2.080150e+01,2.080846e+01,2.082935e+01,2.083632e+01,2.088504e+01,2.085720e+01,2.085024e+01,2.084328e+01,2.087112e+01,2.091287e+01,2.087112e+01,2.079453e+01,2.078060e+01,2.081543e+01,2.085024e+01,2.089896e+01,2.082935e+01,2.087808e+01,2.076667e+01,2.080846e+01,2.090592e+01,2.078757e+01,2.084328e+01,2.085024e+01,2.074576e+01,2.084328e+01,2.077363e+01,2.081543e+01,2.080846e+01,2.083632e+01,2.090592e+01,2.087808e+01,2.080846e+01,2.083632e+01,2.089200e+01,2.080150e+01,2.083632e+01,2.076667e+01,2.081543e+01,2.069000e+01,2.079453e+01,2.088504e+01,2.087112e+01,2.085720e+01,2.082239e+01,2.082935e+01,2.084328e+01,2.084328e+01,2.082239e+01,2.078757e+01,2.084328e+01,2.085024e+01,2.082239e+01,2.087808e+01,2.078060e+01,2.087808e+01,2.083632e+01,2.081543e+01,2.081543e+01,2.085024e+01,2.075273e+01,2.084328e+01,2.088504e+01,2.077363e+01,2.089200e+01,2.076667e+01,2.089200e+01,2.082239e+01,2.085024e+01,2.057838e+01,2.080150e+01,2.091287e+01,2.085720e+01,2.086416e+01,2.081543e+01,2.085720e+01,2.084328e+01,2.089200e+01,2.091983e+01,2.080846e+01,2.078060e+01,2.085024e+01,2.082935e+01,2.087112e+01,2.083632e+01,2.080846e+01,2.086416e+01,2.083632e+01,2.089200e+01,2.085024e+01,2.078060e+01,2.081543e+01,2.082935e+01,2.085024e+01,2.085024e+01,2.079453e+01,2.079453e+01,2.079453e+01,2.083632e+01,2.076667e+01,2.075273e+01,2.085720e+01,2.075273e+01,2.075273e+01,2.077363e+01,2.079453e+01,2.080150e+01,2.087808e+01,2.083632e+01,2.089200e+01,2.098242e+01,2.080846e+01,2.091287e+01,2.087808e+01,2.090592e+01,2.090592e+01,2.085720e+01,2.089896e+01,2.075970e+01,2.081543e+01,2.082239e+01,2.078757e+01,2.082935e+01,2.083632e+01,2.082239e+01,2.078060e+01,2.078757e+01,2.083632e+01,2.086416e+01,2.080150e+01,2.087808e+01,2.077363e+01,2.096852e+01,2.077363e+01,2.077363e+01,2.073879e+01,2.078757e+01,2.090592e+01,2.082239e+01,2.086416e+01,2.083632e+01,2.078060e+01,2.077363e+01,2.075273e+01,2.079453e+01,2.093374e+01,2.074576e+01,2.080846e+01,2.088504e+01,2.081543e+01,2.084328e+01,2.079453e+01,2.087808e+01,2.079453e+01,2.082239e+01,2.085024e+01,2.082935e+01,2.071091e+01,2.089200e+01,2.073182e+01,2.083632e+01,2.082239e+01,2.087112e+01,2.078757e+01,2.072486e+01,2.081543e+01,2.086416e+01,2.083632e+01,2.080150e+01,2.076667e+01,2.080846e+01,2.064816e+01,2.078060e+01,2.080846e+01,2.075970e+01,2.069000e+01
2.073879e+01,2.075273e+01,2.075970e+01,2.073182e+01,2.065513e+01,2.079453e+01,2.070394e+01,2.072486e+01,2.071789e+01,2.077363e+01,2.079453e+01,2.081543e+01,2.077363e+01,2.079453e+01,2.073879e+01,2.072486e+01,2.077363e+01,2.074576e+01,2.065513e+01,2.078060e+01,2.083632e+01,2.076667e+01,2.076667e+01,2.073879e+01,2.075273e+01,2.083632e+01,2.082239e+01,2.072486e+01,2.085024e+01,2.074576e+01,2.069000e+01,2.089896e+01,2.080846e+01,2.093374e+01,2.074576e+01,2.097547e+01,2.075970e+01,2.069697e+01,2.076667e+01,2.078060e+01,2.081543e+01,2.080846e+01,2.082239e+01,2.077363e+01,2.090592e+01,2.087112e+01,2.091983e+01,2.097547e+01,2.088504e+01,2.078757e+01,2.080846e+01,2.078060e+01,2.078060e+01,2.077363e+01,2.091983e+01,2.080150e+01,2.084328e+01,2.086416e+01,2.080846e+01,2.081543e+01,2.071091e+01,2.091983e+01,2.095461e+01,2.087112e+01,2.101023e+01,2.082935e+01,2.071789e+01,2.082239e+01,2.080150e+01,2.083632e+01,2.076667e+01,2.080846e+01,2.091287e+01,2.082935e+01,2.084328e+01,2.084328e+01,2.086416e+01,2.090592e+01,2.092679e+01,2.087112e+01,2.085720e+01,2.084328e+01,2.096156e+01,2.093374e+01,2.093374e+01,2.093374e+01,2.093374e+01,2.087112e+01,2.080846e+01,2.085024e+01,2.106581e+01,2.080846e+01,2.081543e+01,2.088504e+01,2.087112e+01,2.083632e+01,2.083632e+01,2.085024e+01,2.078060e+01,2.087808e+01,2.088504e+01,2.073182e+01,2.076667e+01,2.076667e+01,2.075970e+01,2.080150e+01,2.092679e+01,2.069697e+01,2.075273e+01,2.066908e+01,2.078757e+01,2.068303e+01,2.080846e+01,2.082935e+01,2.082239e+01,2.082239e+01,2.077363e+01,2.090592e+01,2.076667e+01,2.071091e+01,2.083632e+01,2.072486e+01,2.084328e+01,2.077363e+01,2.089200e+01,2.089896e+01,2.082935e+01,2.071789e+01,2.085720e+01,2.083632e+01,2.073879e+01,2.080846e+01,2.080846e+01,2.087808e+01,2.079453e+01,2.084328e+01,2.079453e+01,2.086416e+01,2.078757e+01,2.087808e+01,2.091287e+01,2.079453e+01,2.086416e+01,2.087112e+01,2.087808e+01,2.081543e+01,2.081543e+01,2.076667e+01,2.084328e+01,2.082239e+01,2.091983e+01,2.082239e+01,2.081543e+01,2.081543e+01,2.083632e+01,2.091287e+01,2.084328e+01,2.075970e+01,2.079453e+01,2.082239e+01,2.082935e+01,2.076667e+01,2.080846e+01,2.087112e+01,2.080846e+01,2.095461e+01,2.085720e+01,2.072486e+01,2.078060e+01,2.078060e+01,2.077363e+01,2.075273e+01,2.077363e+01,2.059932e+01,2.016570e+01,1.942705e+01,1.910173e+01,1.888899e+01,1.870424e+01,1.854765e+01,1.849064e+01,1.855477e+01,1.844074e+01,1.844787e+01,1.834085e+01,1.838367e+01,1.840508e+01,1.832658e+01,1.829087e+01,1.826230e+01,1.825516e+01,1.843361e+01,1.824087e+01,1.816938e+01,1.819083e+01,1.824801e+01,1.834799e+01,1.834085e+01,1.825516e+01,1.831230e+01,1.828373e+01,1.823372e+01,1.826944e+01,1.840508e+01,1.844787e+01,1.833372e+01,1.832658e+01,1.828373e+01,1.833372e+01,1.836940e+01,1.836940e+01,1.855477e+01,1.854765e+01,1.859038e+01,1.877534e+01,1.878955e+01,1.897414e+01,1.898123e+01,1.913006e+01,1.911590e+01,1.921501e+01,1.951175e+01,1.962456e+01,1.992711e+01,2.001841e+01,2.023577e+01,2.004648e+01,2.003946e+01,1.993414e+01,1.966683e+01,1.968796e+01,1.948352e+01,1.941293e+01,1.938468e+01,1.919378e+01,1.898832e+01,1.884638e+01,1.880376e+01,1.864733e+01,1.876112e+01,1.861886e+01,1.883218e+01,1.877534e+01,1.874691e+01,1.878955e+01,1.876112e+01,1.888899e+01,1.883928e+01,1.890318e+01,1.906630e+01,1.903087e+01,1.900251e+01,1.895995e+01,1.915838e+01,1.917962e+01,1.917254e+01,1.917962e+01,1.943411e+01,1.935642e+01,1.940587e+01,1.946941e+01,1.944823e+01,1.949058e+01,1.968092e+01,1.959637e+01,1.986386e+01,2.001841e+01,1.988495e+01,1.992711e+01,1.992009e+01,2.008156e+01,2.033377e+01,2.031278e+01,2.021475e+01,2.036176e+01,2.047362e+01,2.040372e+01,2.057838e+01,2.062723e+01,2.053649e+01,2.058536e+01,2.060629e+01,2.050157e+01,2.022876e+01,2.020074e+01,2.012364e+01,1.996926e+01,1.993414e+01,1.994819e+01,1.994819e+01,1.999033e+01,1.989198e+01,1.983574e+01,1.982871e+01,1.985683e+01,1.981464e+01,1.982871e+01,1.996926e+01,1.996926e+01,2.020074e+01,2.023577e+01,2.025677e+01,2.038974e+01,2.039673e+01,2.047362e+01,2.064816e+01,2.058536e+01,2.049458e+01,2.073182e+01,2.069000e+01,2.059234e+01,2.061327e+01,2.055045e+01,2.049458e+01,2.051554e+01,2.033377e+01,2.043169e+01,2.027778e+01,2.031278e+01,2.020074e+01,2.015168e+01,2.010260e+01,2.002542e+01,2.001841e+01,1.999735e+01,1.983574e+01,1.982168e+01,1.984277e+01,1.982871e+01,1.989198e+01,1.991306e+01,1.978650e+01,1.983574e+01,1.983574e+01,1.984277e+01,1.982168e+01,1.973021e+01,1.977947e+01,1.971613e+01,1.968092e+01,1.966683e+01,1.962456e+01,1.960342e+01,1.956817e+01,1.968796e+01,1.966683e+01,1.989198e+01,2.003946e+01,2.027078e+01,2.048759e+01,2.051554e+01,2.055743e+01,2.069000e+01,2.056442e+01,2.029178e+01,2.027778e+01,2.019373e+01,2.003244e+01,1.999033e+01,1.999735e+01,2.000437e+01,1.996224e+01,1.991306e+01,1.992009e+01,1.981464e+01,1.988495e+01,1.973725e+01,1.958932e+01,1.951880e+01,1.963865e+01,1.963161e+01,1.952586e+01,1.946235e+01,1.941293e+01,1.946941e+01,1.939174e+01,1.936349e+01,1.937762e+01,1.926452e+01,1.928574e+01,1.911590e+01,1.922208e+01,1.924331e+01,1.926452e+01,1.907339e+01,1.910173e+01,1.901669e+01,1.915130e+01,1.907339e+01,1.905213e+01,1.928574e+01,1.929988e+01,1.915130e+01,1.920085e+01,1.920085e+01,1.911590e+01,1.917962e+01,1.928574e+01,1.968092e+01,1.990604e+01,1.952586e+01,1.927867e+01,1.892448e+01,1.890318e+01,1.886059e+01,1.893867e+01,1.902378e+01,2.011663e+01,2.057838e+01,2.070394e+01,2.071789e+01,2.073879e+01,2.066211e+01,2.075970e+01,2.078060e+01,2.073879e+01,2.089896e+01,2.072486e+01,2.080846e+01,2.087112e+01,2.094070e+01,2.078060e+01,2.088504e+01,2.084328e+01,2.072486e+01,2.088504e+01,2.090592e+01,2.087112e+01,2.085024e+01,2.081543e+01,2.078060e+01,2.084328e+01,2.071091e+01,2.087808e+01,2.091287e+01,2.087808e+01,2.086416e+01,2.080846e+01,2.080846e+01,2.073879e+01,2.072486e+01,2.083632e+01,2.087112e+01,2.073182e+01,2.085024e+01,2.082935e+01,2.085024e+01,2.082935e+01,2.081543e+01,2.080150e+01,2.081543e+01,2.083632e+01,2.087808e+01,2.078060e+01,2.087112e+01,2.089200e+01,2.080846e+01,2.075970e+01,2.075970e+01,2.080150e+01,2.094765e+01,2.090592e+01,2.082239e+01,2.082935e+01,2.080846e+01,2.080150e+01,2.079453e+01,2.080846e+01,2.078757e+01,2.088504e+01,2.092679e+01,2.075273e+01,2.078757e+01,2.084328e+01,2.078060e+01,2.075273e+01,2.082239e+01,2.080150e+01,2.079453e+01,2.079453e+01,2.089896e+01,2.089200e+01,2.085720e+01,2.090592e+01,2.080150e+01,2.092679e+01,2.086416e+01,2.084328e+01,2.085024e+01,2.080846e+01,2.097547e+01,2.084328e+01,2.086416e+01,2.091983e+01,2.083632e+01,2.086416e+01,2.071789e+01,2.080150e+01,2.078060e+01,2.080846e+01,2.095461e+01,2.081543e+01,2.079453e+01,2.088504e+01,2.089200e+01,2.074576e+01,2.091983e+01,2.073182e+01,2.086416e+01,2.078757e+01,2.080150e+01,2.082935e+01,2.081543e+01,2.081543e+01,2.077363e+01,2.084328e+01,2.072486e+01,2.084328e+01,2.073879e+01,2.082239e+01,2.078060e+01,2.084328e+01,2.083632e+01,2.085720e+01,2.077363e+01,2.084328e+01,2.077363e+01,2.083632e+01,2.078757e+01,2.085024e+01,2.091287e+01,2.087112e+01,2.082239e+01,2.078757e+01,2.080150e+01,2.083632e+01,2.084328e+01,2.089200e+01,2.098242e+01,2.088504e+01,2.080846e+01,2.090592e+01,2.089896e+01,2.086416e+01,2.085720e+01,2.086416e+01,2.085024e+01,2.088504e+01,2.087112e+01,2.080150e+01,2.080150e+01,2.086416e+01,2.091983e+01,2.081543e+01,2.078757e+01,2.084328e+01,2.082935e+01,2.080150e+01,2.086416e+01,2.078757e+01,2.079453e+01,2.079453e+01,2.075970e+01,2.092679e+01,2.083632e+01,2.076667e+01,2.084328e+01,2.077363e+01,2.075970e+01,2.087808e+01,2.082239e+01,2.097547e+01,2.080846e+01,2.093374e+01,2.091983e+01,2.093374e+01,2.091983e+01,2.083632e+01,2.087112e+01,2.092679e+01,2.078757e+01,2.091287e+01,2.080150e+01,2.080150e+01,2.085024e+01,2.081543e+01,2.080846e+01,2.080150e+01,2.073182e+01,2.080846e+01,2.079453e+01,2.084328e+01,2.087808e+01,2.080846e+01,2.085720e+01,2.089200e+01,2.080150e+01,2.081543e+01,2.081543e+01,2.098937e+01,2.076667e+01,2.076667e+01,2.082935e+01,2.075970e+01,2.084328e+01,2.082935e+01,2.082239e+01,2.072486e+01,2.082239e+01,2.078060e+01,2.089200e+01,2.075273e+01,2.089896e+01,2.087112e+01,2.079453e+01,2.087112e+01,2.076667e+01,2.089896e+01,2.086416e+01,2.085024e+01,2.080846e+01,2.072486e+01,2.089200e+01,2.087112e+01,2.086416e+01,2.090592e+01,2.082239e+01,2.082935e+01,2.084328e+01,2.085024e+01,2.086416e+01,2.087112e+01,2.078757e+01,2.088504e+01,2.081543e+01,2.078757e+01,2.084328e+01,2.072486e+01,2.078757e+01,2.064118e+01
2.076667e+01,2.076667e+01,2.066211e+01,2.069000e+01,2.069697e+01,2.072486e+01,2.065513e+01,2.069697e+01,2.073879e+01,2.073182e+01,2.077363e+01,2.076667e+01,2.078060e+01,2.071789e+01,2.085024e+01,2.072486e+01,2.075273e+01,2.072486e+01,2.077363e+01,2.071091e+01,2.072486e+01,2.069697e+01,2.069000e+01,2.078757e+01,2.077363e+01,2.082935e+01,2.069000e+01,2.071091e+01,2.071789e+01,2.069000e+01,2.078060e+01,2.086416e+01,2.094070e+01,2.094765e+01,2.078757e+01,2.078060e+01,2.076667e+01,2.073182e+01,2.077363e+01,2.078757e+01,2.077363e+01,2.076667e+01,2.080150e+01,2.078060e+01,2.085720e+01,2.082935e+01,2.087112e+01,2.082239e+01,2.086416e+01,2.081543e+01,2.100327e+01,2.076667e+01,2.076667e+01,2.075970e+01,2.077363e+01,2.078060e+01,2.081543e+01,2.079453e+01,2.086416e+01,2.091983e+01,2.082239e+01,2.067605e+01,2.080846e+01,2.088504e+01,2.084328e+01,2.086416e+01,2.087808e+01,2.083632e+01,2.083632e+01,2.089200e+01,2.080150e+01,2.080150e+01,2.087112e+01,2.074576e+01,2.071789e+01,2.082239e+01,2.085720e+01,2.081543e+01,2.087808e+01,2.087112e+01,2.086416e+01,2.086416e+01,2.083632e+01,2.087112e+01,2.088504e+01,2.084328e+01,2.089896e+01,2.087808e+01,2.080846e+01,2.080846e+01,2.079453e+01,2.075970e+01,2.087808e+01,2.084328e+01,2.082239e+01,2.091983e+01,2.084328e+01,2.096852e+01,2.080846e+01,2.086416e+01,2.082239e+01,2.075970e+01,2.073182e+01,2.076667e+01,2.077363e+01,2.066908e+01,2.066211e+01,2.066211e+01,2.066211e+01,2.066908e+01,2.073182e+01,2.081543e+01,2.079453e+01,2.076667e+01,2.083632e+01,2.082935e+01,2.083632e+01,2.075970e+01,2.082239e+01,2.075970e+01,2.078757e+01,2.074576e+01,2.077363e+01,2.077363e+01,2.078757e+01,2.079453e+01,2.074576e+01,2.083632e+01,2.083632e+01,2.080150e+01,2.085720e+01,2.088504e+01,2.071789e+01,2.076667e+01,2.091287e+01,2.082239e+01,2.085024e+01,2.080846e+01,2.083632e+01,2.085720e+01,2.080846e+01,2.075970e+01,2.082935e+01,2.082239e+01,2.087808e+01,2.080150e+01,2.075970e+01,2.085720e+01,2.073182e+01,2.085024e+01,2.087112e+01,2.076667e+01,2.080150e+01,2.089200e+01,2.089896e+01,2.079453e+01,2.081543e+01,2.085024e+01,2.079453e+01,2.083632e+01,2.078757e+01,2.079453e+01,2.086416e+01,2.078757e+01,2.082239e+01,2.078757e+01,2.073879e+01,2.073182e+01,2.073182e+01,2.076667e+01,2.079453e+01,2.066908e+01,2.059932e+01,2.038274e+01,1.996224e+01,1.922208e+01,1.899541e+01,1.883928e+01,1.866867e+01,1.862598e+01,1.850490e+01,1.847639e+01,1.842648e+01,1.839081e+01,1.844074e+01,1.835513e+01,1.842648e+01,1.825516e+01,1.836940e+01,1.843361e+01,1.836940e+01,1.824087e+01,1.824801e+01,1.823372e+01,1.829801e+01,1.821228e+01,1.824087e+01,1.832658e+01,1.839794e+01,1.839794e+01,1.829087e+01,1.837654e+01,1.831230e+01,1.823372e+01,1.841221e+01,1.828373e+01,1.842648e+01,1.836940e+01,1.837654e+01,1.839794e+01,1.840508e+01,1.850490e+01,1.856190e+01,1.857614e+01,1.857614e+01,1.884638e+01,1.897414e+01,1.908756e+01,1.916546e+01,1.927867e+01,1.953291e+01,1.961751e+01,1.996224e+01,1.986386e+01,2.012364e+01,2.023577e+01,2.011663e+01,1.979354e+01,1.956817e+01,1.940587e+01,1.925745e+01,1.909464e+01,1.895286e+01,1.898832e+01,1.877534e+01,1.884638e+01,1.867579e+01,1.862598e+01,1.849777e+01,1.857614e+01,1.859750e+01,1.860462e+01,1.877534e+01,1.864021e+01,1.875401e+01,1.879666e+01,1.879666e+01,1.877534e+01,1.894576e+01,1.892448e+01,1.900960e+01,1.900960e+01,1.907339e+01,1.911590e+01,1.928574e+01,1.909464e+01,1.924331e+01,1.940587e+01,1.946941e+01,1.942705e+01,1.946235e+01,1.953996e+01,1.955407e+01,1.965979e+01,1.972317e+01,1.987792e+01,1.988495e+01,2.005350e+01,1.992711e+01,2.000437e+01,2.011663e+01,2.020074e+01,2.019373e+01,2.020774e+01,2.031278e+01,2.035476e+01,2.046663e+01,2.060629e+01,2.060629e+01,2.060629e+01,2.057838e+01,2.053649e+01,2.054347e+01,2.033377e+01,2.001841e+01,2.034077e+01,2.022176e+01,2.017972e+01,2.013766e+01,2.015168e+01,1.998330e+01,1.992711e+01,1.991306e+01,1.991306e+01,1.991306e+01,1.983574e+01,1.982871e+01,1.992711e+01,1.991306e+01,1.995521e+01,2.004648e+01,2.015168e+01,2.001841e+01,2.042470e+01,2.044567e+01,2.056442e+01,2.065513e+01,2.065513e+01,2.066908e+01,2.069000e+01,2.062025e+01,2.059932e+01,2.056442e+01,2.050855e+01,2.053649e+01,2.052950e+01,2.052252e+01,2.032678e+01,2.033377e+01,2.022176e+01,2.015869e+01,2.015168e+01,2.015168e+01,2.003244e+01,2.006051e+01,1.995521e+01,1.979354e+01,1.988495e+01,1.970205e+01,1.980761e+01,1.985683e+01,1.980761e+01,1.990604e+01,1.984277e+01,1.980058e+01,1.975132e+01,1.978650e+01,1.977947e+01,1.968092e+01,1.952586e+01,1.956817e+01,1.963161e+01,1.952586e+01,1.953291e+01,1.953291e+01,1.961047e+01,1.971613e+01,1.989901e+01,2.020774e+01,2.034777e+01,2.030578e+01,2.034077e+01,2.056442e+01,2.052950e+01,2.037575e+01,2.032678e+01,2.027078e+01,2.012364e+01,2.018673e+01,2.007454e+01,1.998330e+01,2.003244e+01,1.999033e+01,1.991306e+01,1.965274e+01,1.973725e+01,1.978650e+01,1.978650e+01,1.965979e+01,1.961047e+01,1.949764e+01,1.958227e+01,1.944118e+01,1.942705e+01,1.938468e+01,1.937055e+01,1.934936e+01,1.929281e+01,1.927160e+01,1.925038e+01,1.924331e+01,1.925038e+01,1.917254e+01,1.912298e+01,1.919378e+01,1.908756e+01,1.921501e+01,1.895286e+01,1.906630e+01,1.900960e+01,1.908756e+01,1.914422e+01,1.910881e+01,1.914422e+01,1.917254e+01,1.919378e+01,1.927160e+01,1.942705e+01,1.957522e+01,1.971613e+01,1.966683e+01,1.939174e+01,1.916546e+01,1.886059e+01,1.887479e+01,1.886059e+01,1.908047e+01,1.963865e+01,2.039673e+01,2.074576e+01,2.075273e+01,2.089896e+01,2.085720e+01,2.096156e+01,2.073879e+01,2.075273e+01,2.080150e+01,2.084328e+01,2.081543e+01,2.079453e+01,2.078757e+01,2.081543e+01,2.082239e+01,2.075273e+01,2.074576e+01,2.083632e+01,2.090592e+01,2.085024e+01,2.078757e+01,2.080150e+01,2.087112e+01,2.085720e+01,2.071091e+01,2.082935e+01,2.086416e+01,2.081543e+01,2.075273e+01,2.080846e+01,2.083632e+01,2.094765e+01,2.075273e+01,2.082935e+01,2.091287e+01,2.075970e+01,2.080846e+01,2.072486e+01,2.082935e+01,2.082935e+01,2.086416e+01,2.083632e+01,2.079453e+01,2.084328e+01,2.081543e+01,2.078757e+01,2.086416e+01,2.082935e+01,2.078757e+01,2.083632e+01,2.078757e+01,2.085720e+01,2.079453e+01,2.082239e+01,2.086416e+01,2.082935e+01,2.080846e+01,2.080846e+01,2.080150e+01,2.082239e+01,2.085024e+01,2.082239e+01,2.080846e+01,2.073182e+01,2.078757e+01,2.078060e+01,2.078757e+01,2.076667e+01,2.079453e+01,2.082239e+01,2.080150e+01,2.078060e+01,2.085024e+01,2.077363e+01,2.090592e+01,2.084328e+01,2.082239e+01,2.072486e+01,2.083632e+01,2.073182e+01,2.080846e+01,2.097547e+01,2.073879e+01,2.096156e+01,2.069697e+01,2.083632e+01,2.066908e+01,2.084328e+01,2.080150e+01,2.081543e+01,2.082935e+01,2.081543e+01,2.082935e+01,2.078757e+01,2.080846e+01,2.088504e+01,2.069697e+01,2.079453e+01,2.078757e+01,2.081543e+01,2.073182e+01,2.082239e+01,2.083632e+01,2.073182e+01,2.076667e+01,2.079453e+01,2.081543e+01,2.075970e+01,2.075970e+01,2.076667e+01,2.076667e+01,2.076667e+01,2.082935e+01,2.078757e+01,2.076667e+01,2.077363e+01,2.076667e+01,2.082935e+01,2.080846e+01,2.075273e+01,2.087808e+01,2.075970e+01,2.090592e+01,2.083632e+01,2.084328e+01,2.085024e+01,2.081543e+01,2.089896e+01,2.089200e+01,2.088504e+01,2.085024e+01,2.086416e+01,2.093374e+01,2.095461e+01,2.082239e+01,2.084328e+01,2.080150e+01,2.080846e+01,2.088504e+01,2.089200e+01,2.084328e+01,2.090592e+01,2.085720e+01,2.089200e+01,2.080150e+01,2.079453e+01,2.084328e+01,2.082239e+01,2.084328e+01,2.077363e+01,2.092679e+01,2.080150e+01,2.075273e+01,2.096156e+01,2.085024e+01,2.076667e+01,2.080150e+01,2.092679e+01,2.080846e+01,2.078060e+01,2.080150e+01,2.073182e+01,2.078757e+01,2.087808e+01,2.078060e+01,2.082935e+01,2.085720e+01,2.092679e+01,2.083632e+01,2.085024e+01,2.085720e+01,2.085024e+01,2.088504e+01,2.091287e+01,2.078757e+01,2.076667e+01,2.084328e+01,2.076667e+01,2.085024e+01,2.085024e+01,2.077363e+01,2.082935e+01,2.086416e+01,2.079453e+01,2.086416e+01,2.097547e+01,2.083632e+01,2.084328e+01,2.079453e+01,2.087112e+01,2.089896e+01,2.069697e+01,2.098937e+01,2.081543e+01,2.086416e+01,2.071091e+01,2.084328e+01,2.089200e+01,2.084328e+01,2.091287e+01,2.090592e+01,2.078757e+01,2.076667e+01,2.075970e+01,2.076667e+01,2.077363e+01,2.087112e+01,2.087808e+01,2.085024e+01,2.082239e+01,2.073182e+01,2.079453e+01,2.086416e+01,2.071091e+01,2.075970e+01,2.067605e+01,2.088504e+01,2.066908e+01,2.089200e+01,2.087808e+01,2.087808e+01,2.080150e+01,2.087808e+01,2.084328e+01,2.078757e+01,2.075273e+01,2.079453e+01,2.082239e+01,2.065513e+01,2.080150e+01,2.069000e+01,2.077363e+01
2.075273e+01,2.071789e+01,2.067605e+01,2.048061e+01,2.075273e+01,2.071091e+01,2.067605e+01,2.070394e+01,2.064118e+01,2.068303e+01,2.063420e+01,2.067605e+01,2.078060e+01,2.076667e+01,2.078757e+01,2.071789e+01,2.072486e+01,2.075273e+01,2.075273e+01,2.074576e+01,2.073182e+01,2.077363e+01,2.069000e+01,2.075273e+01,2.073879e+01,2.073182e+01,2.080150e+01,2.082935e+01,2.080150e+01,2.076667e+01,2.069697e+01,2.077363e+01,2.071789e+01,2.080846e+01,2.067605e+01,2.066211e+01,2.081543e+01,2.077363e+01,2.084328e+01,2.089200e+01,2.081543e+01,2.075970e+01,2.078060e+01,2.078757e+01,2.081543e+01,2.086416e+01,2.084328e+01,2.082239e+01,2.076667e+01,2.080150e+01,2.078060e+01,2.073182e+01,2.075970e+01,2.089200e+01,2.078060e+01,2.088504e+01,2.080150e+01,2.089896e+01,2.087112e+01,2.089200e+01,2.091983e+01,2.081543e+01,2.080846e+01,2.078060e+01,2.078060e+01,2.099632e+01,2.087808e+01,2.083632e+01,2.085720e+01,2.087112e+01,2.072486e+01,2.082935e+01,2.083632e+01,2.093374e+01,2.077363e+01,2.090592e+01,2.083632e+01,2.083632e+01,2.072486e+01,2.079453e+01,2.086416e+01,2.079453e+01,2.085720e+01,2.082239e+01,2.087112e+01,2.092679e+01,2.082935e+01,2.082239e+01,2.082935e+01,2.088504e+01,2.096852e+01,2.080150e+01,2.087808e+01,2.080846e+01,2.084328e+01,2.076667e+01,2.083632e+01,2.087112e+01,2.080150e+01,2.077363e+01,2.089200e+01,2.075970e+01,2.080846e+01,2.075970e+01,2.071091e+01,2.078060e+01,2.080846e+01,2.079453e+01,2.094070e+01,2.076667e+01,2.072486e+01,2.069697e+01,2.075970e+01,2.084328e+01,2.081543e+01,2.081543e+01,2.082239e+01,2.083632e+01,2.075970e+01,2.081543e+01,2.075970e+01,2.072486e+01,2.082935e+01,2.072486e+01,2.075970e+01,2.087808e+01,2.078757e+01,2.082935e+01,2.081543e+01,2.085024e+01,2.085024e+01,2.082239e+01,2.082935e+01,2.073879e+01,2.075970e+01,2.075273e+01,2.073182e+01,2.078757e+01,2.074576e+01,2.084328e+01,2.075273e+01,2.087808e+01,2.079453e+01,2.080150e+01,2.083632e+01,2.074576e+01,2.075273e+01,2.082935e+01,2.081543e+01,2.077363e+01,2.082239e+01,2.085024e+01,2.077363e+01,2.082239e+01,2.080150e+01,2.078060e+01,2.079453e+01,2.080846e+01,2.078060e+01,2.078757e+01,2.087808e+01,2.081543e+01,2.089200e+01,2.066908e+01,2.081543e+01,2.075970e+01,2.078757e+01,2.081543e+01,2.075273e+01,2.078060e+01,2.080150e+01,2.077363e+01,2.074576e+01,2.038274e+01,1.979354e+01,1.922208e+01,1.896704e+01,1.874691e+01,1.869713e+01,1.856902e+01,1.853340e+01,1.851203e+01,1.847639e+01,1.834799e+01,1.844074e+01,1.831230e+01,1.833372e+01,1.830515e+01,1.839081e+01,1.834799e+01,1.837654e+01,1.837654e+01,1.835513e+01,1.832658e+01,1.829801e+01,1.838367e+01,1.839081e+01,1.833372e+01,1.839794e+01,1.835513e+01,1.842648e+01,1.841221e+01,1.851915e+01,1.844787e+01,1.841221e+01,1.839794e+01,1.835513e+01,1.848352e+01,1.849777e+01,1.843361e+01,1.839794e+01,1.859038e+01,1.849777e+01,1.869713e+01,1.887479e+01,1.894576e+01,1.901669e+01,1.930695e+01,1.945529e+01,1.961047e+01,1.956112e+01,1.988495e+01,2.001139e+01,2.019373e+01,2.018673e+01,2.021475e+01,1.984980e+01,1.980058e+01,1.953291e+01,1.928574e+01,1.910173e+01,1.895995e+01,1.876112e+01,1.869713e+01,1.860462e+01,1.861886e+01,1.857614e+01,1.844787e+01,1.845500e+01,1.846213e+01,1.856190e+01,1.870424e+01,1.875401e+01,1.880376e+01,1.877534e+01,1.878245e+01,1.880376e+01,1.876823e+01,1.879666e+01,1.881087e+01,1.903795e+01,1.903087e+01,1.900251e+01,1.906630e+01,1.920085e+01,1.922208e+01,1.924331e+01,1.933522e+01,1.948352e+01,1.947647e+01,1.950469e+01,1.972317e+01,1.965274e+01,1.983574e+01,1.978650e+01,1.994819e+01,1.986386e+01,2.002542e+01,2.005350e+01,2.013065e+01,2.008857e+01,2.012364e+01,2.018673e+01,2.024977e+01,2.031978e+01,2.045964e+01,2.046663e+01,2.048759e+01,2.055743e+01,2.064118e+01,2.059932e+01,2.043868e+01,2.034777e+01,2.037575e+01,2.038974e+01,2.034077e+01,2.034077e+01,2.021475e+01,2.021475e+01,2.016570e+01,2.015168e+01,2.017972e+01,2.006051e+01,2.005350e+01,1.989901e+01,1.994117e+01,1.982168e+01,1.979354e+01,1.993414e+01,1.970909e+01,1.984277e+01,1.993414e+01,2.001841e+01,1.999033e+01,2.034077e+01,2.045964e+01,2.043868e+01,2.047362e+01,2.050855e+01,2.066908e+01,2.064118e+01,2.057838e+01,2.045266e+01,2.057140e+01,2.052950e+01,2.050157e+01,2.051554e+01,2.031978e+01,2.037575e+01,2.029878e+01,2.034777e+01,2.017271e+01,2.006753e+01,2.013766e+01,2.004648e+01,1.989198e+01,1.987792e+01,1.988495e+01,1.979354e+01,1.980761e+01,1.984980e+01,1.983574e+01,1.984980e+01,1.984277e+01,1.977243e+01,1.974428e+01,1.974428e+01,1.977243e+01,1.974428e+01,1.949764e+01,1.949058e+01,1.960342e+01,1.963161e+01,1.947647e+01,1.951175e+01,1.963161e+01,1.986386e+01,1.987792e+01,1.999033e+01,2.008857e+01,2.023577e+01,2.037575e+01,2.035476e+01,2.044567e+01,2.047362e+01,2.029878e+01,2.031278e+01,2.014467e+01,1.993414e+01,2.006753e+01,2.000437e+01,2.006051e+01,1.990604e+01,1.995521e+01,1.983574e+01,1.984277e+01,1.980761e+01,1.971613e+01,1.973725e+01,1.976540e+01,1.975836e+01,1.960342e+01,1.958227e+01,1.945529e+01,1.958227e+01,1.950469e+01,1.944823e+01,1.952586e+01,1.942705e+01,1.927160e+01,1.930695e+01,1.934229e+01,1.925745e+01,1.927867e+01,1.906630e+01,1.905922e+01,1.911590e+01,1.905922e+01,1.910881e+01,1.899541e+01,1.900960e+01,1.903795e+01,1.913714e+01,1.918670e+01,1.919378e+01,1.923623e+01,1.905922e+01,1.931402e+01,1.948352e+01,1.974428e+01,1.974428e+01,1.943411e+01,1.925745e+01,1.908047e+01,1.900251e+01,1.885349e+01,1.908047e+01,1.964570e+01,2.036875e+01,2.073182e+01,2.075970e+01,2.073182e+01,2.074576e+01,2.077363e+01,2.071091e+01,2.074576e+01,2.081543e+01,2.087112e+01,2.078060e+01,2.086416e+01,2.070394e+01,2.094765e+01,2.075970e+01,2.076667e+01,2.082239e+01,2.089200e+01,2.074576e+01,2.090592e+01,2.089200e+01,2.091983e+01,2.080846e+01,2.086416e+01,2.078757e+01,2.073879e+01,2.089200e+01,2.081543e+01,2.089896e+01,2.073879e+01,2.089200e+01,2.077363e+01,2.087808e+01,2.081543e+01,2.076667e+01,2.073879e+01,2.080846e+01,2.079453e+01,2.085024e+01,2.085024e+01,2.086416e+01,2.080846e+01,2.082239e+01,2.089200e+01,2.073879e+01,2.077363e+01,2.074576e+01,2.087808e+01,2.078757e+01,2.082239e+01,2.075273e+01,2.087808e+01,2.080150e+01,2.088504e+01,2.088504e+01,2.067605e+01,2.078757e+01,2.078060e+01,2.077363e+01,2.085024e+01,2.088504e+01,2.081543e+01,2.079453e+01,2.085720e+01,2.084328e+01,2.076667e+01,2.080846e+01,2.087808e+01,2.084328e+01,2.079453e+01,2.080150e+01,2.087112e+01,2.078060e+01,2.093374e+01,2.084328e+01,2.082239e+01,2.081543e+01,2.082935e+01,2.073879e+01,2.069697e+01,2.080846e+01,2.073879e+01,2.069697e+01,2.081543e+01,2.073182e+01,2.078757e+01,2.086416e+01,2.080150e+01,2.087112e+01,2.080150e+01,2.078757e+01,2.083632e+01,2.093374e+01,2.084328e+01,2.079453e+01,2.084328e+01,2.086416e+01,2.077363e+01,2.078060e+01,2.077363e+01,2.086416e+01,2.077363e+01,2.071091e+01,2.078757e+01,2.075273e+01,2.073182e+01,2.076667e+01,2.076667e+01,2.066908e+01,2.072486e+01,2.078757e+01,2.078060e+01,2.078757e+01,2.070394e+01,2.086416e+01,2.082935e+01,2.082239e+01,2.074576e+01,2.078060e+01,2.102413e+01,2.080150e+01,2.084328e+01,2.087808e+01,2.086416e+01,2.082239e+01,2.080150e+01,2.080150e+01,2.085024e+01,2.087808e+01,2.092679e+01,2.087112e+01,2.075970e+01,2.093374e+01,2.078757e+01,2.077363e+01,2.085024e+01,2.085024e+01,2.085720e+01,2.078757e+01,2.077363e+01,2.084328e+01,2.073182e+01,2.085720e+01,2.090592e+01,2.076667e+01,2.082935e+01,2.085024e+01,2.077363e+01,2.080150e+01,2.087112e+01,2.078060e+01,2.077363e+01,2.074576e+01,2.089896e+01,2.075970e+01,2.091983e+01,2.075273e+01,2.091983e+01,2.082935e+01,2.073182e+01,2.076667e+01,2.076667e+01,2.082935e+01,2.098242e+01,2.080150e+01,2.092679e+01,2.088504e+01,2.091287e+01,2.091287e+01,2.089200e+01,2.078757e+01,2.091287e+01,2.094765e+01,2.079453e+01,2.096852e+01,2.082239e+01,2.085024e+01,2.076667e+01,2.078757e+01,2.062025e+01,2.081543e+01,2.078060e+01,2.077363e+01,2.085720e+01,2.084328e+01,2.082935e+01,2.070394e+01,2.087112e+01,2.086416e+01,2.085024e+01,2.070394e+01,2.077363e+01,2.073182e+01,2.083632e+01,2.085720e+01,2.081543e+01,2.085024e+01,2.091287e+01,2.070394e+01,2.090592e+01,2.085024e+01,2.089896e+01,2.086416e+01,2.090592e+01,2.084328e+01,2.086416e+01,2.078060e+01,2.079453e+01,2.089200e+01,2.089200e+01,2.084328e+01,2.087808e+01,2.086416e+01,2.075273e+01,2.073182e+01,2.072486e+01,2.080846e+01,2.073182e+01,2.075970e+01,2.085024e+01,2.085720e+01,2.078757e+01,2.087112e+01,2.080150e+01,2.080150e+01,2.077363e+01,2.071091e+01,2.080150e+01,2.087112e+01,2.083632e+01,2.077363e+01,2.070394e+01
2.067605e+01,2.075273e+01,2.075273e+01,2.076667e+01,2.067605e+01,2.069697e+01,2.075970e+01,2.068303e+01,2.082935e+01,2.095461e+01,2.082935e+01,2.070394e+01,2.069000e+01,2.078060e+01,2.071091e+01,2.095461e+01,2.073182e+01,2.075273e+01,2.094765e+01,2.073879e+01,2.075273e+01,2.071091e+01,2.062025e+01,2.069697e+01,2.076667e+01,2.074576e+01,2.080846e+01,2.082239e+01,2.078757e+01,2.074576e+01,2.075970e+01,2.069000e+01,2.071091e+01,2.068303e+01,2.068303e+01,2.087808e+01,2.073879e+01,2.078757e+01,2.081543e+01,2.084328e+01,2.082935e+01,2.075273e+01,2.075273e+01,2.081543e+01,2.074576e+01,2.077363e+01,2.076667e+01,2.087808e+01,2.076667e+01,2.075970e+01,2.085024e+01,2.082935e+01,2.073182e+01,2.088504e+01,2.075970e+01,2.075970e+01,2.082935e+01,2.091287e+01,2.089896e+01,2.086416e+01,2.089896e+01,2.092679e+01,2.091983e+01,2.091287e+01,2.088504e+01,2.090592e+01,2.082935e+01,2.079453e+01,2.080846e+01,2.080846e+01,2.081543e+01,2.087112e+01,2.072486e+01,2.083632e+01,2.075970e+01,2.085024e+01,2.080150e+01,2.087112e+01,2.089200e+01,2.089200e+01,2.088504e+01,2.081543e+01,2.087112e+01,2.082935e+01,2.089200e+01,2.091287e+01,2.081543e+01,2.080846e+01,2.089200e+01,2.093374e+01,2.081543e+01,2.080150e+01,2.084328e+01,2.081543e+01,2.084328e+01,2.082935e+01,2.083632e+01,2.080846e+01,2.087112e+01,2.089200e+01,2.075970e+01,2.074576e+01,2.075273e+01,2.078757e+01,2.072486e+01,2.088504e+01,2.069697e+01,2.077363e+01,2.076667e+01,2.067605e+01,2.082935e+01,2.074576e+01,2.075970e+01,2.090592e+01,2.089200e+01,2.085720e+01,2.082935e+01,2.073182e+01,2.081543e+01,2.071789e+01,2.080150e+01,2.072486e+01,2.085024e+01,2.079453e+01,2.084328e+01,2.078757e+01,2.080150e+01,2.081543e+01,2.082239e+01,2.085720e+01,2.079453e+01,2.087808e+01,2.080846e+01,2.083632e+01,2.085024e+01,2.080150e+01,2.080846e+01,2.075273e+01,2.086416e+01,2.080150e+01,2.080150e+01,2.080150e+01,2.082935e+01,2.091983e+01,2.082935e+01,2.090592e+01,2.082935e+01,2.078757e+01,2.087808e+01,2.079453e+01,2.077363e+01,2.085720e+01,2.081543e+01,2.080846e+01,2.072486e+01,2.085024e+01,2.090592e+01,2.085024e+01,2.078060e+01,2.085024e+01,2.073879e+01,2.082935e+01,2.073182e+01,2.080150e+01,2.082239e+01,2.079453e+01,2.085720e+01,2.073182e+01,2.078757e+01,2.064118e+01,2.067605e+01,2.079453e+01,2.072486e+01,2.015168e+01,1.968796e+01,1.905922e+01,1.880376e+01,1.874691e+01,1.866156e+01,1.859038e+01,1.849064e+01,1.844074e+01,1.851915e+01,1.828373e+01,1.836940e+01,1.841221e+01,1.834799e+01,1.836940e+01,1.829087e+01,1.834799e+01,1.839081e+01,1.834799e+01,1.830515e+01,1.825516e+01,1.837654e+01,1.826230e+01,1.841934e+01,1.834085e+01,1.842648e+01,1.843361e+01,1.841934e+01,1.844074e+01,1.851915e+01,1.842648e+01,1.843361e+01,1.851915e+01,1.841934e+01,1.845500e+01,1.849064e+01,1.846213e+01,1.855477e+01,1.860462e+01,1.869002e+01,1.892448e+01,1.886059e+01,1.893867e+01,1.923623e+01,1.921501e+01,1.961751e+01,1.980761e+01,1.981464e+01,1.977243e+01,1.997628e+01,2.001139e+01,2.016570e+01,1.998330e+01,1.956112e+01,1.954701e+01,1.936349e+01,1.895286e+01,1.883928e+01,1.883218e+01,1.861174e+01,1.859038e+01,1.873980e+01,1.851915e+01,1.846926e+01,1.845500e+01,1.855477e+01,1.845500e+01,1.849064e+01,1.857614e+01,1.878245e+01,1.866867e+01,1.875401e+01,1.873980e+01,1.876823e+01,1.879666e+01,1.888899e+01,1.913714e+01,1.897414e+01,1.905213e+01,1.910173e+01,1.919378e+01,1.920793e+01,1.919378e+01,1.928574e+01,1.952586e+01,1.951175e+01,1.951880e+01,1.961751e+01,1.965979e+01,1.980761e+01,1.967388e+01,1.994819e+01,2.002542e+01,1.989901e+01,2.001139e+01,2.008857e+01,2.016570e+01,2.010260e+01,2.024977e+01,2.027778e+01,2.031978e+01,2.036875e+01,2.036875e+01,2.045964e+01,2.070394e+01,2.055045e+01,2.064118e+01,2.064118e+01,2.059932e+01,2.064816e+01,2.052950e+01,2.040372e+01,2.051554e+01,2.059234e+01,2.041071e+01,2.040372e+01,2.042470e+01,2.027778e+01,2.029178e+01,2.011663e+01,2.011663e+01,2.005350e+01,1.983574e+01,1.964570e+01,1.977243e+01,1.949058e+01,1.974428e+01,1.969500e+01,1.977947e+01,1.978650e+01,2.002542e+01,1.991306e+01,2.013766e+01,2.037575e+01,2.038274e+01,2.048061e+01,2.063420e+01,2.054347e+01,2.057140e+01,2.058536e+01,2.057838e+01,2.055743e+01,2.056442e+01,2.055743e+01,2.056442e+01,2.035476e+01,2.028478e+01,2.042470e+01,2.034777e+01,2.033377e+01,2.018673e+01,2.010260e+01,2.007454e+01,2.001139e+01,1.987792e+01,1.984980e+01,1.992009e+01,1.985683e+01,1.998330e+01,1.999033e+01,1.996926e+01,1.992711e+01,1.985683e+01,1.977947e+01,1.976540e+01,1.970909e+01,1.952586e+01,1.963161e+01,1.961047e+01,1.946235e+01,1.957522e+01,1.957522e+01,1.963865e+01,1.976540e+01,1.987090e+01,2.001841e+01,2.021475e+01,2.035476e+01,2.036875e+01,2.046663e+01,2.058536e+01,2.048061e+01,2.029178e+01,2.028478e+01,2.027078e+01,2.025677e+01,2.001139e+01,1.996926e+01,2.000437e+01,2.000437e+01,2.002542e+01,1.992711e+01,1.986386e+01,1.982871e+01,1.984980e+01,1.980058e+01,1.977947e+01,1.971613e+01,1.960342e+01,1.960342e+01,1.944118e+01,1.947647e+01,1.960342e+01,1.945529e+01,1.952586e+01,1.939174e+01,1.936349e+01,1.939881e+01,1.935642e+01,1.927160e+01,1.934229e+01,1.929281e+01,1.925745e+01,1.908756e+01,1.929281e+01,1.902378e+01,1.920085e+01,1.916546e+01,1.916546e+01,1.917962e+01,1.913714e+01,1.914422e+01,1.908756e+01,1.928574e+01,1.927867e+01,1.949764e+01,1.968092e+01,1.964570e+01,1.948352e+01,1.937762e+01,1.930695e+01,1.910173e+01,1.891028e+01,1.902378e+01,1.934229e+01,2.038274e+01,2.070394e+01,2.074576e+01,2.073879e+01,2.076667e+01,2.076667e+01,2.075970e+01,2.073182e+01,2.068303e+01,2.078757e+01,2.066211e+01,2.087808e+01,2.085024e+01,2.071091e+01,2.069000e+01,2.087808e+01,2.088504e+01,2.087808e+01,2.076667e+01,2.080846e+01,2.075970e+01,2.084328e+01,2.078060e+01,2.085720e+01,2.084328e+01,2.087808e+01,2.085024e+01,2.082239e+01,2.078060e+01,2.080846e+01,2.079453e+01,2.098242e+01,2.078060e+01,2.084328e+01,2.082239e+01,2.074576e+01,2.082935e+01,2.084328e+01,2.087112e+01,2.082935e+01,2.089200e+01,2.080150e+01,2.079453e+01,2.083632e+01,2.076667e+01,2.076667e+01,2.078757e+01,2.089200e+01,2.087112e+01,2.081543e+01,2.079453e+01,2.080150e+01,2.091983e+01,2.082239e+01,2.062025e+01,2.089200e+01,2.082239e+01,2.081543e+01,2.079453e+01,2.075970e+01,2.082935e+01,2.080150e+01,2.082935e+01,2.087112e+01,2.085720e+01,2.077363e+01,2.075970e+01,2.080846e+01,2.080150e+01,2.087808e+01,2.087112e+01,2.077363e+01,2.085024e+01,2.087112e+01,2.082239e+01,2.082239e+01,2.064816e+01,2.082935e+01,2.080846e+01,2.078757e+01,2.069000e+01,2.086416e+01,2.078060e+01,2.089200e+01,2.078060e+01,2.089896e+01,2.076667e+01,2.085720e+01,2.082935e+01,2.084328e+01,2.083632e+01,2.077363e+01,2.082239e+01,2.075970e+01,2.079453e+01,2.082239e+01,2.080150e+01,2.081543e+01,2.072486e+01,2.080150e+01,2.085024e+01,2.079453e+01,2.086416e+01,2.078060e+01,2.081543e+01,2.081543e+01,2.084328e+01,2.096156e+01,2.087808e+01,2.070394e+01,2.079453e+01,2.083632e+01,2.089200e+01,2.076667e+01,2.074576e+01,2.075273e+01,2.076667e+01,2.077363e+01,2.071091e+01,2.095461e+01,2.081543e+01,2.080846e+01,2.083632e+01,2.080150e+01,2.085024e+01,2.081543e+01,2.077363e+01,2.079453e+01,2.085024e+01,2.085024e+01,2.094070e+01,2.089896e+01,2.086416e+01,2.088504e+01,2.082935e+01,2.085720e+01,2.080150e+01,2.075970e+01,2.077363e+01,2.085720e+01,2.084328e+01,2.077363e+01,2.076667e+01,2.082935e+01,2.081543e+01,2.082935e+01,2.072486e+01,2.080150e+01,2.078060e+01,2.071091e+01,2.088504e+01,2.076667e+01,2.071789e+01,2.080150e+01,2.068303e+01,2.089896e+01,2.089200e+01,2.069697e+01,2.071091e+01,2.082239e+01,2.079453e+01,2.083632e+01,2.084328e+01,2.101718e+01,2.093374e+01,2.094070e+01,2.094765e+01,2.082935e+01,2.082239e+01,2.080846e+01,2.087112e+01,2.083632e+01,2.091287e+01,2.089896e+01,2.089896e+01,2.090592e+01,2.092679e+01,2.088504e+01,2.079453e+01,2.075273e+01,2.083632e+01,2.090592e+01,2.091983e+01,2.082935e+01,2.085720e+01,2.081543e+01,2.077363e+01,2.085024e+01,2.084328e+01,2.073182e+01,2.066211e+01,2.087112e+01,2.070394e+01,2.082239e+01,2.087808e+01,2.087808e+01,2.089896e+01,2.087808e+01,2.069697e+01,2.085024e+01,2.080150e+01,2.088504e+01,2.073182e+01,2.078060e+01,2.082935e+01,2.083632e+01,2.079453e+01,2.080150e+01,2.092679e+01,2.080150e+01,2.088504e+01,2.071091e+01,2.078757e+01,2.085024e+01,2.076667e+01,2.084328e+01,2.087112e+01,2.075970e+01,2.087808e+01,2.076667e+01,2.072486e+01,2.082935e+01,2.088504e+01,2.083632e+01,2.078060e+01,2.089896e+01,2.070394e+01,2.085024e+01,2.085024e+01,2.085720e+01,2.082239e+01,2.078757e+01
2.070394e+01,2.069697e+01,2.076667e+01,2.075970e+01,2.077363e+01,2.073182e+01,2.076667e+01,2.069697e+01,2.071091e+01,2.076667e+01,2.088504e+01,2.078757e+01,2.071091e+01,2.073182e+01,2.073879e+01,2.068303e+01,2.073879e+01,2.073182e+01,2.073879e+01,2.073182e+01,2.078757e+01,2.078757e+01,2.087808e+01,2.077363e+01,2.071789e+01,2.076667e+01,2.075273e+01,2.069697e+01,2.078060e+01,2.069697e+01,2.069697e+01,2.071789e+01,2.072486e+01,2.083632e+01,2.091287e+01,2.080150e+01,2.082239e+01,2.080846e+01,2.082935e+01,2.078060e+01,2.077363e+01,2.080150e+01,2.080846e+01,2.077363e+01,2.081543e+01,2.081543e+01,2.087112e+01,2.075970e+01,2.075970e+01,2.073182e+01,2.073879e+01,2.073182e+01,2.090592e+01,2.069697e+01,2.083632e+01,2.083632e+01,2.085024e+01,2.084328e+01,2.085024e+01,2.082239e+01,2.079453e+01,2.081543e+01,2.077363e+01,2.080150e+01,2.083632e+01,2.080846e+01,2.081543e+01,2.084328e+01,2.083632e+01,2.075970e+01,2.087112e+01,2.081543e+01,2.079453e+01,2.083632e+01,2.079453e+01,2.089896e+01,2.086416e+01,2.091983e+01,2.087808e+01,2.082935e+01,2.091287e+01,2.080846e+01,2.087112e+01,2.079453e+01,2.089896e+01,2.078060e+01,2.083632e+01,2.089896e+01,2.100327e+01,2.102413e+01,2.085024e+01,2.081543e+01,2.080846e+01,2.083632e+01,2.092679e+01,2.083632e+01,2.089200e+01,2.085720e+01,2.080846e+01,2.085024e+01,2.079453e+01,2.087112e+01,2.085720e+01,2.081543e+01,2.075970e+01,2.074576e+01,2.080150e+01,2.071091e+01,2.076667e+01,2.096156e+01,2.091287e+01,2.078060e+01,2.083632e+01,2.077363e+01,2.085024e+01,2.087808e+01,2.072486e+01,2.079453e+01,2.078757e+01,2.079453e+01,2.082935e+01,2.083632e+01,2.081543e+01,2.087112e+01,2.075970e+01,2.077363e+01,2.078060e+01,2.082239e+01,2.075273e+01,2.084328e+01,2.078757e+01,2.081543e+01,2.083632e+01,2.074576e+01,2.070394e+01,2.083632e+01,2.077363e+01,2.080150e+01,2.078060e+01,2.086416e+01,2.084328e+01,2.080150e+01,2.080846e+01,2.075970e+01,2.080846e+01,2.091983e+01,2.075970e+01,2.078757e+01,2.078757e+01,2.071091e+01,2.079453e+01,2.084328e+01,2.082239e+01,2.075970e+01,2.082239e+01,2.079453e+01,2.082935e+01,2.079453e+01,2.084328e+01,2.087112e+01,2.072486e+01,2.086416e+01,2.091983e+01,2.083632e+01,2.080846e+01,2.089200e+01,2.081543e+01,2.070394e+01,2.078060e+01,2.080846e+01,2.078757e+01,2.072486e+01,2.059932e+01,2.015869e+01,1.965979e+01,1.911590e+01,1.881797e+01,1.883218e+01,1.876823e+01,1.866156e+01,1.859038e+01,1.843361e+01,1.834085e+01,1.840508e+01,1.834085e+01,1.840508e+01,1.831944e+01,1.838367e+01,1.830515e+01,1.836227e+01,1.826944e+01,1.826944e+01,1.826944e+01,1.842648e+01,1.844787e+01,1.837654e+01,1.835513e+01,1.844787e+01,1.839794e+01,1.844787e+01,1.851203e+01,1.846926e+01,1.856190e+01,1.845500e+01,1.859750e+01,1.839081e+01,1.845500e+01,1.851203e+01,1.859750e+01,1.860462e+01,1.857614e+01,1.861174e+01,1.861174e+01,1.870424e+01,1.867579e+01,1.900251e+01,1.922916e+01,1.939881e+01,1.940587e+01,1.971613e+01,1.966683e+01,1.992711e+01,1.999033e+01,1.999033e+01,2.003244e+01,1.974428e+01,1.951880e+01,1.949058e+01,1.895286e+01,1.903795e+01,1.881087e+01,1.878955e+01,1.853340e+01,1.851915e+01,1.848352e+01,1.851203e+01,1.848352e+01,1.846213e+01,1.853340e+01,1.873980e+01,1.849064e+01,1.876112e+01,1.876112e+01,1.883218e+01,1.873269e+01,1.878955e+01,1.883218e+01,1.875401e+01,1.897414e+01,1.907339e+01,1.907339e+01,1.907339e+01,1.917962e+01,1.920085e+01,1.943411e+01,1.923623e+01,1.934229e+01,1.954701e+01,1.956112e+01,1.953291e+01,1.958932e+01,1.981464e+01,1.982871e+01,1.987792e+01,1.983574e+01,1.999033e+01,1.990604e+01,1.999033e+01,2.006753e+01,1.999033e+01,2.007454e+01,2.016570e+01,2.019373e+01,2.022176e+01,2.036875e+01,2.031278e+01,2.046663e+01,2.048061e+01,2.060629e+01,2.061327e+01,2.072486e+01,2.062723e+01,2.080846e+01,2.073879e+01,2.076667e+01,2.080846e+01,2.078060e+01,2.061327e+01,2.071789e+01,2.064118e+01,2.041071e+01,2.036875e+01,2.041770e+01,2.014467e+01,2.010961e+01,1.984980e+01,1.950469e+01,1.960342e+01,1.961047e+01,1.953291e+01,1.937762e+01,1.984980e+01,1.967388e+01,1.990604e+01,1.993414e+01,2.002542e+01,2.015168e+01,2.002542e+01,2.015869e+01,2.038974e+01,2.041071e+01,2.055045e+01,2.057838e+01,2.055743e+01,2.056442e+01,2.058536e+01,2.057140e+01,2.069000e+01,2.043169e+01,2.043169e+01,2.054347e+01,2.038274e+01,2.041071e+01,2.038274e+01,2.039673e+01,2.013766e+01,2.004648e+01,1.997628e+01,2.004648e+01,1.980761e+01,1.997628e+01,1.992009e+01,1.997628e+01,1.993414e+01,1.982168e+01,1.984980e+01,1.980761e+01,1.976540e+01,1.968796e+01,1.962456e+01,1.975132e+01,1.963865e+01,1.962456e+01,1.950469e+01,1.949058e+01,1.960342e+01,1.964570e+01,1.967388e+01,1.987792e+01,1.996224e+01,2.028478e+01,2.031278e+01,2.041770e+01,2.048061e+01,2.039673e+01,2.041770e+01,2.027778e+01,2.030578e+01,2.010961e+01,2.009559e+01,1.996926e+01,1.999033e+01,1.984980e+01,1.987792e+01,1.998330e+01,1.984277e+01,1.984980e+01,1.980058e+01,1.978650e+01,1.970205e+01,1.978650e+01,1.964570e+01,1.961751e+01,1.961751e+01,1.962456e+01,1.962456e+01,1.945529e+01,1.947647e+01,1.956112e+01,1.955407e+01,1.939174e+01,1.946941e+01,1.938468e+01,1.946941e+01,1.945529e+01,1.932815e+01,1.936349e+01,1.929281e+01,1.934229e+01,1.938468e+01,1.920793e+01,1.926452e+01,1.925038e+01,1.917254e+01,1.923623e+01,1.924331e+01,1.918670e+01,1.930695e+01,1.951175e+01,1.967388e+01,1.967388e+01,1.954701e+01,1.960342e+01,1.932109e+01,1.927867e+01,1.910881e+01,1.908756e+01,1.933522e+01,1.999735e+01,2.062723e+01,2.082239e+01,2.075273e+01,2.083632e+01,2.075970e+01,2.082239e+01,2.079453e+01,2.078060e+01,2.085720e+01,2.080846e+01,2.085024e+01,2.085024e+01,2.082239e+01,2.080846e+01,2.087112e+01,2.075273e+01,2.076667e+01,2.073182e+01,2.080150e+01,2.085720e+01,2.070394e+01,2.074576e+01,2.091983e+01,2.085024e+01,2.081543e+01,2.082239e+01,2.082935e+01,2.085720e+01,2.080846e+01,2.074576e+01,2.079453e+01,2.084328e+01,2.078060e+01,2.085720e+01,2.077363e+01,2.073879e+01,2.084328e+01,2.087808e+01,2.082935e+01,2.086416e+01,2.088504e+01,2.078757e+01,2.078060e+01,2.072486e+01,2.084328e+01,2.075970e+01,2.079453e+01,2.082239e+01,2.090592e+01,2.085024e+01,2.089896e+01,2.082239e+01,2.082239e+01,2.078757e+01,2.084328e+01,2.077363e+01,2.080150e+01,2.076667e+01,2.069697e+01,2.082935e+01,2.082239e+01,2.080846e+01,2.085024e+01,2.084328e+01,2.085024e+01,2.085024e+01,2.078757e+01,2.076667e+01,2.085720e+01,2.080846e+01,2.072486e+01,2.071789e+01,2.081543e+01,2.084328e+01,2.080846e+01,2.078060e+01,2.088504e+01,2.084328e+01,2.081543e+01,2.080846e+01,2.076667e+01,2.084328e+01,2.075273e+01,2.074576e+01,2.078060e+01,2.091287e+01,2.091983e+01,2.086416e+01,2.086416e+01,2.080150e+01,2.082239e+01,2.078060e+01,2.075970e+01,2.080846e+01,2.072486e+01,2.077363e+01,2.080846e+01,2.085024e+01,2.078060e+01,2.084328e+01,2.075970e+01,2.083632e+01,2.085720e+01,2.066211e+01,2.087112e+01,2.082239e+01,2.072486e+01,2.100327e+01,2.082935e+01,2.075970e+01,2.080150e+01,2.083632e+01,2.077363e+01,2.076667e+01,2.096852e+01,2.080150e+01,2.089200e+01,2.081543e+01,2.085720e+01,2.080150e+01,2.078060e+01,2.080846e+01,2.080150e+01,2.080150e+01,2.081543e+01,2.081543e+01,2.084328e+01,2.088504e+01,2.087808e+01,2.092679e+01,2.076667e+01,2.075273e+01,2.087808e+01,2.085720e+01,2.081543e+01,2.083632e+01,2.081543e+01,2.084328e+01,2.073879e+01,2.073879e+01,2.085024e+01,2.079453e+01,2.081543e+01,2.075970e+01,2.084328e+01,2.080150e+01,2.079453e+01,2.089200e+01,2.086416e+01,2.074576e+01,2.082239e+01,2.074576e+01,2.089200e+01,2.086416e+01,2.084328e+01,2.080846e+01,2.090592e+01,2.080846e+01,2.072486e+01,2.088504e+01,2.101023e+01,2.085720e+01,2.089200e+01,2.082239e+01,2.083632e+01,2.094070e+01,2.085024e+01,2.085720e+01,2.088504e+01,2.085720e+01,2.089896e+01,2.080150e+01,2.088504e+01,2.083632e+01,2.081543e+01,2.091983e+01,2.082239e+01,2.091983e+01,2.089200e+01,2.071789e+01,2.077363e+01,2.090592e+01,2.079453e+01,2.077363e+01,2.082935e+01,2.076667e+01,2.085720e+01,2.080846e+01,2.087112e+01,2.075273e+01,2.077363e+01,2.087808e+01,2.073879e+01,2.085024e+01,2.085024e+01,2.082239e+01,2.085024e+01,2.084328e+01,2.085024e+01,2.084328e+01,2.083632e+01,2.089200e+01,2.084328e+01,2.082239e+01,2.086416e+01,2.084328e+01,2.077363e+01,2.073879e+01,2.079453e+01,2.082935e+01,2.091287e+01,2.088504e+01,2.085720e+01,2.082239e+01,2.087112e+01,2.087808e+01,2.084328e+01,2.085720e+01,2.081543e+01,2.082935e+01,2.082935e+01,2.076667e+01,2.083632e+01,2.078060e+01,2.082239e+01,2.069697e+01,2.082239e+01,2.086416e+01,2.075273e+01,2.075273e+01,2.078757e+01
2.066211e+01,2.075273e+01,2.077363e+01,2.073182e+01,2.080150e+01,2.077363e+01,2.069000e+01,2.069697e+01,2.069697e+01,2.069000e+01,2.085720e+01,2.073182e+01,2.082935e+01,2.092679e+01,2.083632e+01,2.071091e+01,2.072486e+01,2.070394e+01,2.072486e+01,2.075273e+01,2.088504e+01,2.077363e+01,2.077363e+01,2.078060e+01,2.075273e+01,2.078060e+01,2.072486e+01,2.081543e+01,2.067605e+01,2.086416e+01,2.072486e+01,2.071091e+01,2.087808e+01,2.090592e+01,2.083632e+01,2.085720e+01,2.080846e+01,2.066908e+01,2.084328e+01,2.074576e+01,2.076667e+01,2.078060e+01,2.079453e+01,2.074576e+01,2.069697e+01,2.085024e+01,2.075970e+01,2.083632e+01,2.091287e+01,2.073879e+01,2.074576e+01,2.088504e+01,2.076667e+01,2.078060e+01,2.088504e+01,2.072486e+01,2.088504e+01,2.089200e+01,2.084328e+01,2.093374e+01,2.085720e+01,2.082935e+01,2.092679e+01,2.096852e+01,2.079453e+01,2.081543e+01,2.092679e+01,2.078060e+01,2.092679e+01,2.089896e+01,2.086416e+01,2.094765e+01,2.075273e+01,2.089200e+01,2.074576e+01,2.082239e+01,2.083632e+01,2.090592e+01,2.075970e+01,2.092679e+01,2.087112e+01,2.085720e+01,2.079453e+01,2.088504e+01,2.091983e+01,2.088504e+01,2.080150e+01,2.087808e+01,2.082935e+01,2.085024e+01,2.082239e+01,2.080846e+01,2.081543e+01,2.091983e+01,2.090592e+01,2.086416e+01,2.079453e+01,2.075970e+01,2.075273e+01,2.075273e+01,2.072486e+01,2.064118e+01,2.075970e+01,2.075970e+01,2.076667e+01,2.077363e+01,2.077363e+01,2.073879e+01,2.079453e+01,2.084328e+01,2.084328e+01,2.089896e+01,2.073879e+01,2.074576e+01,2.086416e+01,2.080150e+01,2.085720e+01,2.073182e+01,2.079453e+01,2.078757e+01,2.078757e+01,2.078757e+01,2.071789e+01,2.086416e+01,2.077363e+01,2.085720e+01,2.087808e+01,2.086416e+01,2.085024e+01,2.078757e+01,2.086416e+01,2.082239e+01,2.083632e+01,2.082935e+01,2.080846e+01,2.087112e+01,2.074576e+01,2.075273e+01,2.087112e+01,2.078757e+01,2.086416e+01,2.087112e+01,2.079453e+01,2.089200e+01,2.081543e+01,2.080150e+01,2.080846e+01,2.080150e+01,2.080150e+01,2.080846e+01,2.084328e+01,2.084328e+01,2.082935e+01,2.084328e+01,2.080150e+01,2.073879e+01,2.082935e+01,2.088504e+01,2.075970e+01,2.078060e+01,2.079453e+01,2.086416e+01,2.078060e+01,2.091287e+01,2.081543e+01,2.085024e+01,2.069697e+01,2.072486e+01,2.082935e+01,2.080150e+01,2.077363e+01,2.071091e+01,2.050855e+01,1.981464e+01,1.939881e+01,1.909464e+01,1.890318e+01,1.893867e+01,1.870424e+01,1.865444e+01,1.859750e+01,1.862598e+01,1.839081e+01,1.834799e+01,1.839081e+01,1.837654e+01,1.829801e+01,1.836940e+01,1.858326e+01,1.846213e+01,1.836227e+01,1.841934e+01,1.826230e+01,1.831230e+01,1.831230e+01,1.837654e+01,1.835513e+01,1.849777e+01,1.851915e+01,1.851915e+01,1.853340e+01,1.854053e+01,1.860462e+01,1.848352e+01,1.854765e+01,1.846213e+01,1.847639e+01,1.847639e+01,1.851915e+01,1.855477e+01,1.860462e+01,1.872558e+01,1.868290e+01,1.872558e+01,1.879666e+01,1.898123e+01,1.922916e+01,1.923623e+01,1.959637e+01,1.952586e+01,1.970205e+01,1.959637e+01,1.977243e+01,1.964570e+01,1.938468e+01,1.946235e+01,1.921501e+01,1.920085e+01,1.896704e+01,1.877534e+01,1.876823e+01,1.879666e+01,1.856902e+01,1.856190e+01,1.836940e+01,1.840508e+01,1.842648e+01,1.844074e+01,1.854765e+01,1.846926e+01,1.855477e+01,1.871135e+01,1.860462e+01,1.868290e+01,1.877534e+01,1.873980e+01,1.878245e+01,1.898832e+01,1.903795e+01,1.905213e+01,1.921501e+01,1.917254e+01,1.934936e+01,1.917962e+01,1.956112e+01,1.937762e+01,1.953291e+01,1.951880e+01,1.956112e+01,1.958932e+01,1.959637e+01,1.970205e+01,1.985683e+01,1.984980e+01,1.981464e+01,1.982168e+01,1.984980e+01,2.001841e+01,2.006051e+01,1.994819e+01,2.009559e+01,2.003946e+01,2.012364e+01,2.015168e+01,2.037575e+01,2.039673e+01,2.053649e+01,2.058536e+01,2.064118e+01,2.075273e+01,2.075273e+01,2.072486e+01,2.067605e+01,2.082935e+01,2.078060e+01,2.079453e+01,2.075273e+01,2.068303e+01,2.082935e+01,2.070394e+01,2.062025e+01,2.060629e+01,2.021475e+01,2.016570e+01,1.984980e+01,1.968796e+01,1.965274e+01,1.945529e+01,1.953291e+01,1.943411e+01,1.961751e+01,1.962456e+01,1.972317e+01,1.970205e+01,1.966683e+01,1.988495e+01,2.009559e+01,2.008156e+01,2.012364e+01,2.034077e+01,2.036176e+01,2.054347e+01,2.059234e+01,2.059234e+01,2.053649e+01,2.055743e+01,2.063420e+01,2.048759e+01,2.059932e+01,2.055045e+01,2.057140e+01,2.044567e+01,2.040372e+01,2.057140e+01,2.040372e+01,2.041071e+01,2.030578e+01,2.013065e+01,2.003946e+01,1.984277e+01,1.994117e+01,1.985683e+01,1.998330e+01,1.996926e+01,1.984277e+01,1.986386e+01,1.982168e+01,1.973021e+01,1.972317e+01,1.971613e+01,1.968796e+01,1.966683e+01,1.949058e+01,1.961047e+01,1.946941e+01,1.963865e+01,1.958227e+01,1.980058e+01,1.987090e+01,1.996224e+01,2.023577e+01,2.027778e+01,2.036875e+01,2.032678e+01,2.037575e+01,2.031278e+01,2.013766e+01,2.013065e+01,2.010260e+01,1.992009e+01,1.989901e+01,1.990604e+01,1.987792e+01,2.003946e+01,1.988495e+01,1.999033e+01,1.992009e+01,1.975132e+01,1.982168e+01,1.984980e+01,1.982871e+01,1.969500e+01,1.974428e+01,1.963161e+01,1.994117e+01,1.968796e+01,1.964570e+01,1.963865e+01,1.970909e+01,1.973021e+01,1.956112e+01,1.963161e+01,1.951880e+01,1.953291e+01,1.944823e+01,1.949764e+01,1.919378e+01,1.942705e+01,1.939881e+01,1.930695e+01,1.925745e+01,1.937055e+01,1.927160e+01,1.921501e+01,1.927160e+01,1.919378e+01,1.931402e+01,1.933522e+01,1.933522e+01,1.942705e+01,1.953996e+01,1.952586e+01,1.951175e+01,1.937762e+01,1.933522e+01,1.925745e+01,1.909464e+01,1.930695e+01,2.002542e+01,2.052252e+01,2.071789e+01,2.062025e+01,2.078757e+01,2.076667e+01,2.079453e+01,2.075970e+01,2.078060e+01,2.083632e+01,2.085024e+01,2.082239e+01,2.083632e+01,2.085024e+01,2.084328e+01,2.084328e+01,2.083632e+01,2.087112e+01,2.083632e+01,2.075970e+01,2.078757e+01,2.073879e+01,2.075970e+01,2.089200e+01,2.078060e+01,2.069697e+01,2.078060e+01,2.082935e+01,2.081543e+01,2.082239e+01,2.092679e+01,2.082239e+01,2.073879e+01,2.079453e+01,2.078060e+01,2.079453e+01,2.080846e+01,2.082239e+01,2.083632e+01,2.067605e+01,2.086416e+01,2.087112e+01,2.088504e+01,2.080846e+01,2.085720e+01,2.079453e+01,2.082239e+01,2.080150e+01,2.083632e+01,2.085720e+01,2.080846e+01,2.081543e+01,2.091287e+01,2.080150e+01,2.080846e+01,2.081543e+01,2.080150e+01,2.081543e+01,2.086416e+01,2.084328e+01,2.087112e+01,2.085024e+01,2.087808e+01,2.087808e+01,2.083632e+01,2.078757e+01,2.076667e+01,2.080150e+01,2.075970e+01,2.078757e+01,2.081543e+01,2.085720e+01,2.086416e+01,2.090592e+01,2.085720e+01,2.080846e+01,2.080846e+01,2.074576e+01,2.075273e+01,2.080846e+01,2.086416e+01,2.083632e+01,2.073879e+01,2.076667e+01,2.072486e+01,2.078060e+01,2.088504e+01,2.071789e+01,2.083632e+01,2.091287e+01,2.078060e+01,2.073879e+01,2.084328e+01,2.080846e+01,2.075970e+01,2.078757e+01,2.080846e+01,2.079453e+01,2.076667e+01,2.084328e+01,2.087808e+01,2.083632e+01,2.084328e+01,2.080150e+01,2.080150e+01,2.073182e+01,2.094070e+01,2.091287e+01,2.087112e+01,2.081543e+01,2.083632e+01,2.082935e+01,2.080150e+01,2.079453e+01,2.098242e+01,2.078060e+01,2.076667e+01,2.073182e+01,2.079453e+01,2.082239e+01,2.085720e+01,2.080150e+01,2.082239e+01,2.077363e+01,2.087112e+01,2.076667e+01,2.077363e+01,2.094070e+01,2.079453e+01,2.086416e+01,2.091287e+01,2.084328e+01,2.087808e+01,2.089200e+01,2.074576e+01,2.092679e+01,2.084328e+01,2.081543e+01,2.078060e+01,2.074576e+01,2.089200e+01,2.099632e+01,2.081543e+01,2.083632e+01,2.078757e+01,2.080150e+01,2.078757e+01,2.078757e+01,2.079453e+01,2.082935e+01,2.085024e+01,2.079453e+01,2.085720e+01,2.087112e+01,2.080150e+01,2.072486e+01,2.070394e+01,2.078060e+01,2.091287e+01,2.091287e+01,2.080150e+01,2.083632e+01,2.087808e+01,2.089200e+01,2.096852e+01,2.094070e+01,2.097547e+01,2.092679e+01,2.094070e+01,2.082935e+01,2.085720e+01,2.097547e+01,2.096852e+01,2.081543e+01,2.082239e+01,2.091983e+01,2.093374e+01,2.084328e+01,2.076667e+01,2.088504e+01,2.075970e+01,2.095461e+01,2.088504e+01,2.082239e+01,2.080846e+01,2.072486e+01,2.081543e+01,2.083632e+01,2.087808e+01,2.084328e+01,2.070394e+01,2.082935e+01,2.079453e+01,2.085024e+01,2.080150e+01,2.085024e+01,2.082239e+01,2.082935e+01,2.075970e+01,2.089896e+01,2.103107e+01,2.079453e+01,2.081543e+01,2.087112e+01,2.089200e+01,2.086416e+01,2.082935e+01,2.093374e+01,2.086416e+01,2.085720e+01,2.094765e+01,2.077363e+01,2.085024e+01,2.091983e+01,2.089200e+01,2.075970e+01,2.078757e+01,2.073879e+01,2.082239e+01,2.080846e+01,2.088504e+01,2.081543e+01,2.082239e+01,2.075970e+01,2.082239e+01,2.095461e+01,2.078757e+01,2.087112e+01,2.080846e+01,2.083632e+01,2.085024e+01,2.081543e+01
2.076667e+01,2.079453e+01,2.075273e+01,2.070394e+01,2.076667e+01,2.071091e+01,2.092679e+01,2.081543e+01,2.077363e+01,2.066211e+01,2.082935e+01,2.081543e+01,2.084328e+01,2.071091e+01,2.071091e+01,2.073182e+01,2.076667e+01,2.072486e+01,2.073879e+01,2.074576e+01,2.062025e+01,2.076667e+01,2.078060e+01,2.071091e+01,2.071789e+01,2.076667e+01,2.077363e+01,2.088504e+01,2.073879e+01,2.067605e+01,2.088504e+01,2.071091e+01,2.075970e+01,2.098937e+01,2.069000e+01,2.078757e+01,2.082239e+01,2.080846e+01,2.085720e+01,2.083632e+01,2.081543e+01,2.087112e+01,2.075970e+01,2.078060e+01,2.080846e+01,2.079453e+01,2.078060e+01,2.079453e+01,2.078060e+01,2.078757e+01,2.080846e+01,2.082239e+01,2.085720e+01,2.070394e+01,2.096156e+01,2.085024e+01,2.077363e+01,2.080150e+01,2.080150e+01,2.089896e+01,2.082935e+01,2.081543e+01,2.083632e+01,2.081543e+01,2.093374e+01,2.075970e+01,2.074576e+01,2.079453e+01,2.077363e+01,2.089200e+01,2.075970e+01,2.083632e+01,2.078757e+01,2.090592e+01,2.083632e+01,2.077363e+01,2.085720e+01,2.073879e+01,2.090592e+01,2.085024e+01,2.087112e+01,2.078060e+01,2.086416e+01,2.075970e+01,2.080846e+01,2.095461e+01,2.087112e+01,2.085024e+01,2.087112e+01,2.083632e+01,2.089896e+01,2.089896e+01,2.076667e+01,2.090592e+01,2.090592e+01,2.074576e+01,2.078060e+01,2.085024e+01,2.076667e+01,2.083632e+01,2.074576e+01,2.076667e+01,2.083632e+01,2.077363e+01,2.075273e+01,2.082239e+01,2.087112e+01,2.077363e+01,2.077363e+01,2.084328e+01,2.099632e+01,2.077363e+01,2.071789e+01,2.074576e+01,2.082239e+01,2.085024e+01,2.078060e+01,2.079453e+01,2.083632e+01,2.080846e+01,2.075970e+01,2.087112e+01,2.087808e+01,2.073879e+01,2.081543e+01,2.089200e+01,2.085720e+01,2.081543e+01,2.078060e+01,2.087808e+01,2.085720e+01,2.087808e+01,2.084328e+01,2.066211e+01,2.080846e+01,2.076667e+01,2.078757e+01,2.080846e+01,2.086416e+01,2.078060e+01,2.087112e+01,2.061327e+01,2.079453e+01,2.085024e+01,2.071789e+01,2.080846e+01,2.078757e+01,2.087112e+01,2.081543e+01,2.081543e+01,2.085024e+01,2.082935e+01,2.082239e+01,2.071091e+01,2.075273e+01,2.084328e+01,2.084328e+01,2.085024e+01,2.081543e+01,2.068303e+01,2.076667e+01,2.080150e+01,2.078757e+01,2.080846e+01,2.091983e+01,2.079453e+01,2.082239e+01,2.077363e+01,2.068303e+01,2.081543e+01,2.069000e+01,2.052252e+01,2.034077e+01,1.982168e+01,1.917962e+01,1.889609e+01,1.891738e+01,1.887479e+01,1.878245e+01,1.860462e+01,1.869002e+01,1.839081e+01,1.845500e+01,1.837654e+01,1.841934e+01,1.832658e+01,1.842648e+01,1.835513e+01,1.831230e+01,1.826944e+01,1.836227e+01,1.828373e+01,1.829801e+01,1.838367e+01,1.849064e+01,1.842648e+01,1.853340e+01,1.854053e+01,1.856190e+01,1.853340e+01,1.846213e+01,1.846926e+01,1.857614e+01,1.862598e+01,1.846213e+01,1.856190e+01,1.845500e+01,1.846213e+01,1.845500e+01,1.850490e+01,1.869713e+01,1.867579e+01,1.881797e+01,1.876823e+01,1.901669e+01,1.905213e+01,1.913006e+01,1.921501e+01,1.934936e+01,1.947647e+01,1.941293e+01,1.937762e+01,1.922916e+01,1.925745e+01,1.922208e+01,1.908047e+01,1.893157e+01,1.902378e+01,1.855477e+01,1.869713e+01,1.851203e+01,1.852628e+01,1.847639e+01,1.842648e+01,1.841221e+01,1.848352e+01,1.842648e+01,1.844074e+01,1.841934e+01,1.846213e+01,1.852628e+01,1.859750e+01,1.860462e+01,1.869713e+01,1.873269e+01,1.886059e+01,1.878955e+01,1.898123e+01,1.907339e+01,1.915130e+01,1.912298e+01,1.942705e+01,1.939174e+01,1.920793e+01,1.950469e+01,1.956112e+01,1.955407e+01,1.952586e+01,1.954701e+01,1.958227e+01,1.960342e+01,1.979354e+01,1.982871e+01,1.982871e+01,1.973725e+01,1.986386e+01,1.993414e+01,1.988495e+01,1.998330e+01,1.996926e+01,2.001841e+01,1.996926e+01,2.018673e+01,2.026378e+01,2.040372e+01,2.040372e+01,2.065513e+01,2.067605e+01,2.066211e+01,2.079453e+01,2.077363e+01,2.082239e+01,2.083632e+01,2.082239e+01,2.084328e+01,2.081543e+01,2.079453e+01,2.079453e+01,2.081543e+01,2.070394e+01,2.061327e+01,2.069697e+01,2.027778e+01,2.013766e+01,2.008156e+01,1.988495e+01,1.968092e+01,1.956112e+01,1.949764e+01,1.940587e+01,1.944823e+01,1.956817e+01,1.961751e+01,1.971613e+01,1.966683e+01,1.996224e+01,1.988495e+01,1.991306e+01,2.003946e+01,2.020074e+01,2.036875e+01,2.041770e+01,2.041071e+01,2.059932e+01,2.058536e+01,2.052252e+01,2.060629e+01,2.062723e+01,2.059234e+01,2.062025e+01,2.059932e+01,2.066211e+01,2.054347e+01,2.056442e+01,2.043169e+01,2.040372e+01,2.036875e+01,2.013766e+01,2.012364e+01,2.004648e+01,1.992711e+01,1.999033e+01,1.996926e+01,1.992009e+01,1.987090e+01,1.980761e+01,1.987090e+01,1.977243e+01,1.980761e+01,1.976540e+01,1.972317e+01,1.958932e+01,1.962456e+01,1.958227e+01,1.951880e+01,1.964570e+01,1.957522e+01,1.975132e+01,1.976540e+01,2.010260e+01,1.998330e+01,2.013766e+01,2.043868e+01,2.039673e+01,2.008857e+01,2.010260e+01,2.015869e+01,2.022876e+01,1.992009e+01,1.986386e+01,1.989901e+01,1.982871e+01,1.982871e+01,1.987792e+01,1.988495e+01,1.988495e+01,1.985683e+01,1.985683e+01,1.975132e+01,1.980058e+01,1.977947e+01,1.987090e+01,1.998330e+01,1.993414e+01,1.993414e+01,1.993414e+01,1.985683e+01,1.983574e+01,1.993414e+01,1.983574e+01,1.969500e+01,1.972317e+01,1.956112e+01,1.975836e+01,1.970909e+01,1.961047e+01,1.963865e+01,1.966683e+01,1.939174e+01,1.951175e+01,1.944118e+01,1.936349e+01,1.924331e+01,1.947647e+01,1.922208e+01,1.928574e+01,1.924331e+01,1.929988e+01,1.932109e+01,1.935642e+01,1.951175e+01,1.947647e+01,1.957522e+01,1.934229e+01,1.949058e+01,1.913714e+01,1.894576e+01,1.916546e+01,1.984277e+01,2.056442e+01,2.061327e+01,2.062723e+01,2.075273e+01,2.079453e+01,2.084328e+01,2.075970e+01,2.080150e+01,2.085024e+01,2.086416e+01,2.087808e+01,2.085720e+01,2.080846e+01,2.089896e+01,2.087112e+01,2.089200e+01,2.087808e+01,2.083632e+01,2.072486e+01,2.078060e+01,2.074576e+01,2.081543e+01,2.078757e+01,2.073879e+01,2.082239e+01,2.088504e+01,2.082239e+01,2.077363e+01,2.078060e+01,2.089200e+01,2.085720e+01,2.071091e+01,2.077363e+01,2.073879e+01,2.091983e+01,2.080846e+01,2.082935e+01,2.079453e+01,2.085024e+01,2.083632e+01,2.072486e+01,2.079453e+01,2.082239e+01,2.079453e+01,2.084328e+01,2.072486e+01,2.085024e+01,2.075970e+01,2.082935e+01,2.087808e+01,2.082239e+01,2.087112e+01,2.085720e+01,2.094070e+01,2.081543e+01,2.078060e+01,2.073182e+01,2.074576e+01,2.081543e+01,2.087808e+01,2.083632e+01,2.082935e+01,2.084328e+01,2.085024e+01,2.085720e+01,2.082239e+01,2.082935e+01,2.081543e+01,2.081543e+01,2.082239e+01,2.088504e+01,2.086416e+01,2.082239e+01,2.079453e+01,2.071789e+01,2.080846e+01,2.082239e+01,2.080150e+01,2.078757e+01,2.076667e+01,2.078060e+01,2.087808e+01,2.089200e+01,2.086416e+01,2.085720e+01,2.093374e+01,2.094070e+01,2.080150e+01,2.080150e+01,2.100327e+01,2.077363e+01,2.076667e+01,2.074576e+01,2.080846e+01,2.078757e+01,2.079453e+01,2.087112e+01,2.080846e+01,2.078060e+01,2.078757e+01,2.082239e+01,2.078757e+01,2.078060e+01,2.076667e+01,2.071091e+01,2.073182e+01,2.082239e+01,2.083632e+01,2.091287e+01,2.086416e+01,2.080150e+01,2.082935e+01,2.079453e+01,2.080846e+01,2.094070e+01,2.081543e+01,2.076667e+01,2.087808e+01,2.074576e+01,2.078757e+01,2.082239e+01,2.078757e+01,2.087112e+01,2.079453e+01,2.076667e+01,2.089896e+01,2.087808e+01,2.081543e+01,2.075970e+01,2.085720e+01,2.084328e+01,2.085720e+01,2.085024e+01,2.087112e+01,2.080150e+01,2.089200e+01,2.081543e+01,2.083632e+01,2.083632e+01,2.083632e+01,2.081543e+01,2.090592e+01,2.082935e+01,2.081543e+01,2.080846e+01,2.079453e+01,2.078757e+01,2.077363e+01,2.075970e+01,2.089200e+01,2.077363e+01,2.078757e+01,2.082935e+01,2.085720e+01,2.079453e+01,2.087808e+01,2.078757e+01,2.081543e+01,2.086416e+01,2.087808e+01,2.074576e+01,2.089896e+01,2.098242e+01,2.092679e+01,2.068303e+01,2.088504e+01,2.091983e+01,2.089896e+01,2.100327e+01,2.089896e+01,2.088504e+01,2.095461e+01,2.089896e+01,2.082239e+01,2.094070e+01,2.090592e+01,2.081543e+01,2.072486e+01,2.090592e+01,2.086416e+01,2.086416e+01,2.082935e+01,2.069697e+01,2.080150e+01,2.075970e+01,2.080846e+01,2.079453e+01,2.069697e+01,2.081543e+01,2.069000e+01,2.069697e+01,2.085720e+01,2.083632e+01,2.083632e+01,2.087808e+01,2.087112e+01,2.084328e+01,2.082239e+01,2.069697e+01,2.082239e+01,2.069697e+01,2.077363e+01,2.084328e+01,2.087112e+01,2.082935e+01,2.078757e+01,2.081543e+01,2.085720e+01,2.078757e+01,2.084328e+01,2.088504e+01,2.082935e+01,2.083632e+01,2.085024e+01,2.082239e+01,2.084328e+01,2.087112e+01,2.078060e+01,2.075970e+01,2.077363e+01,2.075970e+01,2.084328e+01,2.071091e+01,2.079453e+01,2.073879e+01,2.080150e+01,2.079453e+01,2.079453e+01,2.073879e+01,2.076667e+01,2.080846e+01
2.078060e+01,2.066908e+01,2.073879e+01,2.062025e+01,2.063420e+01,2.075970e+01,2.074576e+01,2.087112e+01,2.073182e+01,2.076667e+01,2.080846e+01,2.071789e+01,2.075273e+01,2.081543e+01,2.073182e+01,2.069697e+01,2.072486e+01,2.057140e+01,2.074576e+01,2.075273e+01,2.065513e+01,2.076667e+01,2.082239e+01,2.073182e+01,2.083632e+01,2.076667e+01,2.066908e+01,2.080846e+01,2.089896e+01,2.078060e+01,2.076667e+01,2.070394e+01,2.069697e+01,2.068303e+01,2.075273e+01,2.079453e+01,2.069000e+01,2.081543e+01,2.080150e+01,2.082239e+01,2.075273e+01,2.082935e+01,2.084328e+01,2.082935e+01,2.076667e+01,2.079453e+01,2.077363e+01,2.083632e+01,2.072486e+01,2.082935e+01,2.085024e+01,2.074576e+01,2.066908e+01,2.071091e+01,2.089896e+01,2.069000e+01,2.083632e+01,2.080150e+01,2.070394e+01,2.079453e+01,2.078757e+01,2.072486e+01,2.078060e+01,2.069697e+01,2.091287e+01,2.076667e+01,2.077363e+01,2.087808e+01,2.087112e+01,2.085720e+01,2.082239e+01,2.080150e+01,2.073879e+01,2.083632e+01,2.081543e+01,2.080150e+01,2.095461e+01,2.089896e+01,2.088504e+01,2.089200e+01,2.071789e+01,2.094070e+01,2.085720e+01,2.081543e+01,2.081543e+01,2.102413e+01,2.082239e+01,2.089200e+01,2.088504e+01,2.087112e+01,2.091287e+01,2.080846e+01,2.079453e+01,2.078757e+01,2.075970e+01,2.080846e+01,2.079453e+01,2.094070e+01,2.076667e+01,2.077363e+01,2.075970e+01,2.084328e+01,2.080150e+01,2.083632e+01,2.077363e+01,2.080150e+01,2.088504e+01,2.074576e+01,2.081543e+01,2.071091e+01,2.074576e+01,2.081543e+01,2.083632e+01,2.076667e+01,2.079453e+01,2.081543e+01,2.078060e+01,2.080150e+01,2.064118e+01,2.076667e+01,2.079453e+01,2.076667e+01,2.076667e+01,2.067605e+01,2.080150e+01,2.075970e+01,2.079453e+01,2.077363e+01,2.087808e+01,2.086416e+01,2.081543e+01,2.103802e+01,2.078757e+01,2.073879e+01,2.091287e+01,2.080846e+01,2.085024e+01,2.080846e+01,2.082935e+01,2.081543e+01,2.082935e+01,2.083632e+01,2.076667e+01,2.074576e+01,2.073879e+01,2.080846e+01,2.082935e+01,2.081543e+01,2.087112e+01,2.078060e+01,2.083632e+01,2.082239e+01,2.084328e+01,2.082935e+01,2.078757e+01,2.079453e+01,2.085720e+01,2.079453e+01,2.080846e+01,2.082239e+01,2.085720e+01,2.078757e+01,2.070394e+01,2.081543e+01,2.078060e+01,2.087808e+01,2.079453e+01,2.066211e+01,2.080846e+01,2.080150e+01,2.061327e+01,2.061327e+01,2.020774e+01,1.967388e+01,1.916546e+01,1.899541e+01,1.891028e+01,1.876112e+01,1.871847e+01,1.862598e+01,1.865444e+01,1.865444e+01,1.854053e+01,1.832658e+01,1.844787e+01,1.836227e+01,1.844074e+01,1.836227e+01,1.844074e+01,1.841221e+01,1.834799e+01,1.842648e+01,1.843361e+01,1.847639e+01,1.846213e+01,1.843361e+01,1.850490e+01,1.856190e+01,1.851203e+01,1.859038e+01,1.852628e+01,1.855477e+01,1.858326e+01,1.849064e+01,1.854765e+01,1.846926e+01,1.846213e+01,1.851915e+01,1.844074e+01,1.844787e+01,1.869002e+01,1.871847e+01,1.876112e+01,1.883928e+01,1.895995e+01,1.888189e+01,1.905213e+01,1.901669e+01,1.901669e+01,1.912298e+01,1.902378e+01,1.893157e+01,1.872558e+01,1.864733e+01,1.870424e+01,1.871135e+01,1.856190e+01,1.869713e+01,1.848352e+01,1.852628e+01,1.850490e+01,1.844074e+01,1.837654e+01,1.843361e+01,1.844074e+01,1.842648e+01,1.841934e+01,1.852628e+01,1.866867e+01,1.861886e+01,1.864021e+01,1.869713e+01,1.865444e+01,1.871135e+01,1.877534e+01,1.881797e+01,1.900960e+01,1.904504e+01,1.908047e+01,1.913714e+01,1.932109e+01,1.920085e+01,1.939881e+01,1.940587e+01,1.939881e+01,1.945529e+01,1.946941e+01,1.952586e+01,1.965979e+01,1.963161e+01,1.975836e+01,1.968092e+01,1.979354e+01,1.983574e+01,1.982168e+01,1.982168e+01,1.977243e+01,1.979354e+01,1.984277e+01,1.981464e+01,1.996224e+01,1.999735e+01,2.015869e+01,2.032678e+01,2.051554e+01,2.050855e+01,2.044567e+01,2.069697e+01,2.070394e+01,2.069000e+01,2.075273e+01,2.078757e+01,2.083632e+01,2.080846e+01,2.078060e+01,2.080150e+01,2.075273e+01,2.070394e+01,2.086416e+01,2.075970e+01,2.076667e+01,2.047362e+01,2.045964e+01,2.010961e+01,2.006753e+01,2.009559e+01,1.965274e+01,1.941293e+01,1.956817e+01,1.958227e+01,1.948352e+01,1.953291e+01,1.957522e+01,1.964570e+01,1.971613e+01,1.970205e+01,1.984980e+01,1.996926e+01,2.007454e+01,2.026378e+01,2.024977e+01,2.030578e+01,2.039673e+01,2.048061e+01,2.055743e+01,2.059932e+01,2.064118e+01,2.057140e+01,2.051554e+01,2.060629e+01,2.058536e+01,2.073879e+01,2.057838e+01,2.062025e+01,2.059932e+01,2.046663e+01,2.046663e+01,2.007454e+01,2.013766e+01,2.008156e+01,1.994117e+01,1.994819e+01,1.996224e+01,1.998330e+01,1.997628e+01,1.982871e+01,1.986386e+01,1.987090e+01,1.983574e+01,1.977947e+01,1.968796e+01,1.963865e+01,1.964570e+01,1.962456e+01,1.963161e+01,1.953996e+01,1.965979e+01,1.971613e+01,1.983574e+01,1.987792e+01,2.010260e+01,2.023577e+01,2.023577e+01,2.026378e+01,2.023577e+01,2.007454e+01,2.002542e+01,2.009559e+01,1.994117e+01,1.984980e+01,1.975132e+01,1.973725e+01,1.984277e+01,1.985683e+01,1.985683e+01,1.989198e+01,1.984277e+01,1.979354e+01,1.982871e+01,1.996926e+01,1.977243e+01,1.983574e+01,2.000437e+01,1.993414e+01,2.003946e+01,2.001139e+01,1.997628e+01,1.996224e+01,1.987090e+01,1.989198e+01,1.989198e+01,1.978650e+01,1.983574e+01,1.990604e+01,1.973725e+01,1.974428e+01,1.975132e+01,1.961047e+01,1.970205e+01,1.964570e+01,1.953996e+01,1.941999e+01,1.941293e+01,1.932815e+01,1.925038e+01,1.929988e+01,1.922916e+01,1.927867e+01,1.931402e+01,1.937055e+01,1.934936e+01,1.929988e+01,1.936349e+01,1.955407e+01,1.946941e+01,1.932109e+01,1.925038e+01,1.910173e+01,1.970909e+01,2.034777e+01,2.077363e+01,2.082239e+01,2.072486e+01,2.080846e+01,2.084328e+01,2.070394e+01,2.075273e+01,2.079453e+01,2.087808e+01,2.085024e+01,2.089200e+01,2.086416e+01,2.085024e+01,2.085720e+01,2.075970e+01,2.085720e+01,2.073182e+01,2.077363e+01,2.084328e+01,2.078757e+01,2.076667e+01,2.082239e+01,2.081543e+01,2.078060e+01,2.077363e+01,2.086416e+01,2.082239e+01,2.078060e+01,2.075970e+01,2.089200e+01,2.089200e+01,2.081543e+01,2.085720e+01,2.070394e+01,2.078060e+01,2.084328e+01,2.079453e+01,2.080846e+01,2.082935e+01,2.087808e+01,2.078060e+01,2.093374e+01,2.087112e+01,2.077363e+01,2.075970e+01,2.079453e+01,2.078757e+01,2.085024e+01,2.082239e+01,2.081543e+01,2.080846e+01,2.080150e+01,2.081543e+01,2.078060e+01,2.073879e+01,2.078757e+01,2.072486e+01,2.084328e+01,2.096156e+01,2.089896e+01,2.083632e+01,2.081543e+01,2.089896e+01,2.078757e+01,2.082935e+01,2.080150e+01,2.076667e+01,2.070394e+01,2.077363e+01,2.078757e+01,2.076667e+01,2.076667e+01,2.069697e+01,2.082239e+01,2.089200e+01,2.082935e+01,2.086416e+01,2.086416e+01,2.085024e+01,2.082239e+01,2.080150e+01,2.079453e+01,2.081543e+01,2.081543e+01,2.074576e+01,2.080150e+01,2.094765e+01,2.081543e+01,2.084328e+01,2.085024e+01,2.085024e+01,2.079453e+01,2.078060e+01,2.082935e+01,2.073879e+01,2.078060e+01,2.087808e+01,2.075273e+01,2.076667e+01,2.080150e+01,2.078757e+01,2.080150e+01,2.083632e+01,2.085024e+01,2.082935e+01,2.085024e+01,2.091287e+01,2.089200e+01,2.087112e+01,2.080150e+01,2.081543e+01,2.078757e+01,2.078757e+01,2.075273e+01,2.077363e+01,2.086416e+01,2.062025e+01,2.084328e+01,2.078060e+01,2.090592e+01,2.080846e+01,2.080846e+01,2.078060e+01,2.080150e+01,2.075970e+01,2.071789e+01,2.076667e+01,2.096852e+01,2.080150e+01,2.084328e+01,2.080150e+01,2.088504e+01,2.086416e+01,2.089896e+01,2.091287e+01,2.081543e+01,2.088504e+01,2.081543e+01,2.077363e+01,2.083632e+01,2.096156e+01,2.080846e+01,2.076667e+01,2.081543e+01,2.079453e+01,2.078757e+01,2.079453e+01,2.073879e+01,2.080150e+01,2.084328e+01,2.093374e+01,2.073879e+01,2.074576e+01,2.089896e+01,2.071789e+01,2.083632e+01,2.072486e+01,2.077363e+01,2.081543e+01,2.076667e+01,2.090592e+01,2.075970e+01,2.085720e+01,2.091287e+01,2.091287e+01,2.091287e+01,2.073182e+01,2.082239e+01,2.100327e+01,2.081543e+01,2.095461e+01,2.097547e+01,2.082239e+01,2.082239e+01,2.075970e+01,2.088504e+01,2.081543e+01,2.082239e+01,2.069697e+01,2.087112e+01,2.082239e+01,2.082935e+01,2.078757e+01,2.078757e+01,2.069000e+01,2.082239e+01,2.075273e+01,2.077363e+01,2.080846e+01,2.068303e+01,2.066908e+01,2.078757e+01,2.085720e+01,2.098242e+01,2.082239e+01,2.084328e+01,2.085720e+01,2.069697e+01,2.078060e+01,2.073879e+01,2.071091e+01,2.080150e+01,2.079453e+01,2.087112e+01,2.087808e+01,2.085720e+01,2.091983e+01,2.091287e+01,2.083632e+01,2.082239e+01,2.066211e+01,2.082239e+01,2.083632e+01,2.082239e+01,2.086416e+01,2.088504e+01,2.071789e+01,2.068303e+01,2.082239e+01,2.071091e+01,2.080846e+01,2.076667e+01,2.080150e+01,2.075273e+01,2.080846e+01,2.076667e+01,2.064118e+01,2.080150e+01,2.084328e+01,2.086416e+01
2.074576e+01,2.053649e+01,2.075970e+01,2.068303e+01,2.064816e+01,2.066908e+01,2.080150e+01,2.081543e+01,2.076667e+01,2.074576e+01,2.069000e+01,2.077363e+01,2.073182e+01,2.073879e+01,2.073182e+01,2.072486e+01,2.073879e+01,2.069000e+01,2.071091e+01,2.071789e+01,2.080150e+01,2.075273e+01,2.073182e+01,2.076667e+01,2.074576e+01,2.080846e+01,2.083632e+01,2.081543e+01,2.082239e+01,2.082935e+01,2.072486e+01,2.076667e+01,2.069697e+01,2.089200e+01,2.092679e+01,2.073879e+01,2.075273e+01,2.073879e+01,2.079453e+01,2.075273e+01,2.080846e+01,2.076667e+01,2.076667e+01,2.078060e+01,2.090592e+01,2.089896e+01,2.079453e+01,2.086416e+01,2.076667e+01,2.080846e+01,2.085024e+01,2.081543e+01,2.087808e+01,2.071789e+01,2.080846e+01,2.073182e+01,2.091287e+01,2.078060e+01,2.087808e+01,2.087808e+01,2.084328e+01,2.081543e+01,2.078060e+01,2.071789e+01,2.082239e+01,2.073879e+01,2.073879e+01,2.085024e+01,2.086416e+01,2.085720e+01,2.074576e+01,2.087112e+01,2.072486e+01,2.075970e+01,2.079453e+01,2.074576e+01,2.079453e+01,2.084328e+01,2.082239e+01,2.081543e+01,2.081543e+01,2.084328e+01,2.084328e+01,2.080846e+01,2.103802e+01,2.082239e+01,2.087112e+01,2.082935e+01,2.084328e+01,2.081543e+01,2.085024e+01,2.092679e+01,2.077363e+01,2.087808e+01,2.072486e+01,2.081543e+01,2.087808e+01,2.075970e+01,2.084328e+01,2.074576e+01,2.083632e+01,2.073182e+01,2.078060e+01,2.067605e+01,2.078757e+01,2.059234e+01,2.073879e+01,2.082935e+01,2.071789e+01,2.063420e+01,2.082239e+01,2.073879e+01,2.091983e+01,2.076667e+01,2.075273e+01,2.075970e+01,2.084328e+01,2.085024e+01,2.080150e+01,2.075970e+01,2.075273e+01,2.074576e+01,2.080150e+01,2.075970e+01,2.075970e+01,2.082935e+01,2.085024e+01,2.087808e+01,2.073879e+01,2.082239e+01,2.087112e+01,2.068303e+01,2.080150e+01,2.088504e+01,2.079453e+01,2.079453e+01,2.073879e+01,2.084328e+01,2.083632e+01,2.082935e+01,2.075273e+01,2.064118e+01,2.075970e+01,2.076667e+01,2.082239e+01,2.071789e+01,2.077363e+01,2.084328e+01,2.086416e+01,2.080150e+01,2.084328e+01,2.082239e+01,2.083632e+01,2.079453e+01,2.076667e+01,2.079453e+01,2.089200e+01,2.077363e+01,2.084328e+01,2.080150e+01,2.073182e+01,2.092679e+01,2.089200e+01,2.082935e+01,2.073182e+01,2.083632e+01,2.075273e+01,2.078060e+01,2.078060e+01,2.064816e+01,2.069697e+01,2.043868e+01,2.027778e+01,1.966683e+01,1.919378e+01,1.911590e+01,1.883928e+01,1.881797e+01,1.868290e+01,1.859038e+01,1.864021e+01,1.849777e+01,1.856902e+01,1.854765e+01,1.832658e+01,1.834085e+01,1.843361e+01,1.854053e+01,1.844074e+01,1.845500e+01,1.825516e+01,1.841934e+01,1.856902e+01,1.844074e+01,1.846213e+01,1.850490e+01,1.855477e+01,1.867579e+01,1.850490e+01,1.854765e+01,1.861174e+01,1.863309e+01,1.851203e+01,1.852628e+01,1.860462e+01,1.854053e+01,1.856902e+01,1.866156e+01,1.870424e+01,1.859038e+01,1.882508e+01,1.883218e+01,1.882508e+01,1.882508e+01,1.876112e+01,1.880376e+01,1.891028e+01,1.881087e+01,1.878955e+01,1.882508e+01,1.877534e+01,1.861886e+01,1.852628e+01,1.859038e+01,1.858326e+01,1.849064e+01,1.859750e+01,1.842648e+01,1.856902e+01,1.845500e+01,1.844074e+01,1.849064e+01,1.832658e+01,1.849777e+01,1.842648e+01,1.849064e+01,1.846926e+01,1.841221e+01,1.855477e+01,1.859038e+01,1.859038e+01,1.868290e+01,1.883218e+01,1.873980e+01,1.884638e+01,1.883928e+01,1.892448e+01,1.900251e+01,1.911590e+01,1.928574e+01,1.921501e+01,1.934229e+01,1.939881e+01,1.937055e+01,1.951175e+01,1.950469e+01,1.948352e+01,1.953291e+01,1.958932e+01,1.949058e+01,1.963865e+01,1.961751e+01,1.967388e+01,1.976540e+01,1.970205e+01,1.967388e+01,1.970909e+01,1.974428e+01,1.979354e+01,1.987090e+01,2.001841e+01,2.019373e+01,2.022876e+01,2.046663e+01,2.033377e+01,2.059234e+01,2.070394e+01,2.075273e+01,2.069000e+01,2.083632e+01,2.083632e+01,2.079453e+01,2.084328e+01,2.080846e+01,2.079453e+01,2.081543e+01,2.091287e+01,2.069000e+01,2.077363e+01,2.077363e+01,2.072486e+01,2.053649e+01,2.042470e+01,2.026378e+01,2.008156e+01,1.989901e+01,1.992711e+01,1.946235e+01,1.945529e+01,1.937762e+01,1.945529e+01,1.957522e+01,1.953996e+01,1.953291e+01,1.962456e+01,1.968092e+01,1.981464e+01,1.972317e+01,2.005350e+01,2.003946e+01,2.031278e+01,2.030578e+01,2.039673e+01,2.055743e+01,2.058536e+01,2.059932e+01,2.062723e+01,2.045266e+01,2.050855e+01,2.065513e+01,2.063420e+01,2.071091e+01,2.072486e+01,2.060629e+01,2.064816e+01,2.045266e+01,2.039673e+01,2.037575e+01,2.024977e+01,2.008857e+01,2.005350e+01,1.994819e+01,1.997628e+01,1.997628e+01,1.999033e+01,1.989901e+01,1.994117e+01,1.989198e+01,1.977947e+01,1.980761e+01,1.953996e+01,1.969500e+01,1.958932e+01,1.963161e+01,1.965274e+01,1.958227e+01,1.975132e+01,1.975836e+01,1.982871e+01,2.002542e+01,1.997628e+01,1.998330e+01,2.025677e+01,2.016570e+01,2.015869e+01,2.006051e+01,2.011663e+01,1.988495e+01,1.989198e+01,1.980058e+01,1.981464e+01,1.984277e+01,1.994117e+01,1.984277e+01,1.968092e+01,1.985683e+01,1.982871e+01,1.986386e+01,1.985683e+01,1.989901e+01,1.993414e+01,1.999033e+01,1.995521e+01,2.005350e+01,2.003946e+01,2.003244e+01,2.006051e+01,1.994117e+01,1.996224e+01,1.992009e+01,1.996926e+01,1.984277e+01,1.984277e+01,1.984277e+01,1.982871e+01,1.970909e+01,1.976540e+01,1.980761e+01,1.971613e+01,1.971613e+01,1.951880e+01,1.949058e+01,1.949058e+01,1.938468e+01,1.928574e+01,1.925745e+01,1.929281e+01,1.930695e+01,1.932109e+01,1.928574e+01,1.925745e+01,1.932815e+01,1.936349e+01,1.937762e+01,1.941999e+01,1.941293e+01,1.923623e+01,1.917254e+01,1.956817e+01,2.019373e+01,2.059932e+01,2.062025e+01,2.079453e+01,2.067605e+01,2.076667e+01,2.085720e+01,2.074576e+01,2.074576e+01,2.086416e+01,2.087112e+01,2.075273e+01,2.076667e+01,2.077363e+01,2.089200e+01,2.080150e+01,2.087808e+01,2.080150e+01,2.087808e+01,2.082935e+01,2.082239e+01,2.081543e+01,2.082935e+01,2.082935e+01,2.084328e+01,2.079453e+01,2.079453e+01,2.078060e+01,2.082239e+01,2.080150e+01,2.078060e+01,2.075970e+01,2.087112e+01,2.086416e+01,2.085720e+01,2.084328e+01,2.076667e+01,2.085024e+01,2.079453e+01,2.083632e+01,2.076667e+01,2.081543e+01,2.086416e+01,2.075273e+01,2.077363e+01,2.079453e+01,2.084328e+01,2.080846e+01,2.080846e+01,2.081543e+01,2.079453e+01,2.091983e+01,2.076667e+01,2.095461e+01,2.082935e+01,2.076667e+01,2.080150e+01,2.084328e+01,2.085024e+01,2.080150e+01,2.085024e+01,2.085720e+01,2.077363e+01,2.076667e+01,2.090592e+01,2.083632e+01,2.087808e+01,2.079453e+01,2.078060e+01,2.073182e+01,2.084328e+01,2.081543e+01,2.086416e+01,2.075273e+01,2.080150e+01,2.089200e+01,2.081543e+01,2.082239e+01,2.081543e+01,2.082239e+01,2.078060e+01,2.083632e+01,2.085720e+01,2.075970e+01,2.074576e+01,2.075273e+01,2.075970e+01,2.071789e+01,2.082935e+01,2.080846e+01,2.083632e+01,2.079453e+01,2.080846e+01,2.075273e+01,2.085720e+01,2.076667e+01,2.080150e+01,2.078757e+01,2.076667e+01,2.069697e+01,2.075970e+01,2.077363e+01,2.072486e+01,2.096852e+01,2.094765e+01,2.075970e+01,2.085720e+01,2.078060e+01,2.083632e+01,2.085720e+01,2.084328e+01,2.084328e+01,2.080150e+01,2.092679e+01,2.081543e+01,2.092679e+01,2.081543e+01,2.075970e+01,2.075970e+01,2.078757e+01,2.075970e+01,2.076667e+01,2.086416e+01,2.082935e+01,2.087808e+01,2.082935e+01,2.092679e+01,2.091983e+01,2.079453e+01,2.081543e+01,2.082239e+01,2.081543e+01,2.096852e+01,2.095461e+01,2.079453e+01,2.081543e+01,2.086416e+01,2.090592e+01,2.078757e+01,2.090592e+01,2.077363e+01,2.087112e+01,2.082239e+01,2.081543e+01,2.078060e+01,2.080846e+01,2.074576e+01,2.093374e+01,2.080150e+01,2.085720e+01,2.072486e+01,2.067605e+01,2.080150e+01,2.085024e+01,2.088504e+01,2.082935e+01,2.089896e+01,2.082239e+01,2.075970e+01,2.075970e+01,2.082935e+01,2.073182e+01,2.090592e+01,2.079453e+01,2.109360e+01,2.086416e+01,2.091983e+01,2.082239e+01,2.089896e+01,2.083632e+01,2.083632e+01,2.083632e+01,2.087112e+01,2.084328e+01,2.100327e+01,2.082935e+01,2.094070e+01,2.089896e+01,2.078060e+01,2.082239e+01,2.076667e+01,2.079453e+01,2.079453e+01,2.066908e+01,2.073182e+01,2.079453e+01,2.074576e+01,2.067605e+01,2.069697e+01,2.078060e+01,2.079453e+01,2.082239e+01,2.083632e+01,2.071091e+01,2.082239e+01,2.080846e+01,2.084328e+01,2.083632e+01,2.079453e+01,2.078757e+01,2.090592e+01,2.082239e+01,2.089200e+01,2.083632e+01,2.087112e+01,2.080150e+01,2.080150e+01,2.085720e+01,2.080846e+01,2.084328e+01,2.084328e+01,2.080150e+01,2.082935e+01,2.089200e+01,2.088504e+01,2.098937e+01,2.082239e+01,2.075970e+01,2.071789e+01,2.083632e+01,2.082239e+01,2.069000e+01,2.083632e+01,2.083632e+01,2.080846e+01,2.081543e+01,2.085024e+01,2.086416e+01,2.075273e+01,2.078757e+01,2.085024e+01
2.071091e+01,2.068303e+01,2.069000e+01,2.062723e+01,2.069697e+01,2.072486e+01,2.079453e+01,2.078757e+01,2.070394e+01,2.078060e+01,2.073879e+01,2.075273e+01,2.072486e+01,2.070394e+01,2.064118e+01,2.071789e+01,2.073879e+01,2.069697e+01,2.067605e+01,2.077363e+01,2.078757e+01,2.074576e+01,2.075273e+01,2.065513e+01,2.075273e+01,2.067605e+01,2.082239e+01,2.069697e+01,2.078060e+01,2.085024e+01,2.080150e+01,2.080150e+01,2.072486e+01,2.082935e+01,2.080846e+01,2.085024e+01,2.076667e+01,2.078060e+01,2.074576e+01,2.086416e+01,2.071789e+01,2.075273e+01,2.077363e+01,2.075970e+01,2.077363e+01,2.079453e+01,2.082239e+01,2.091287e+01,2.078060e+01,2.078060e+01,2.087112e+01,2.076667e+01,2.078060e+01,2.073879e+01,2.090592e+01,2.088504e+01,2.078060e+01,2.083632e+01,2.084328e+01,2.080846e+01,2.068303e+01,2.075970e+01,2.069697e+01,2.070394e+01,2.074576e+01,2.075273e+01,2.075273e+01,2.072486e+01,2.072486e+01,2.086416e+01,2.074576e+01,2.093374e+01,2.073879e+01,2.075970e+01,2.084328e+01,2.085024e+01,2.078060e+01,2.078060e+01,2.075273e+01,2.089200e+01,2.071091e+01,2.071091e+01,2.070394e+01,2.077363e+01,2.087808e+01,2.080150e+01,2.080846e+01,2.091983e+01,2.091983e+01,2.090592e+01,2.086416e+01,2.089896e+01,2.081543e+01,2.085024e+01,2.082239e+01,2.076667e+01,2.079453e+01,2.079453e+01,2.081543e+01,2.091983e+01,2.078757e+01,2.077363e+01,2.078757e+01,2.073879e+01,2.073879e+01,2.073879e+01,2.086416e+01,2.084328e+01,2.081543e+01,2.075970e+01,2.076667e+01,2.078060e+01,2.077363e+01,2.082935e+01,2.078060e+01,2.075273e+01,2.077363e+01,2.075970e+01,2.078060e+01,2.075273e+01,2.081543e+01,2.082239e+01,2.080846e+01,2.083632e+01,2.079453e+01,2.082239e+01,2.083632e+01,2.080846e+01,2.080150e+01,2.065513e+01,2.072486e+01,2.077363e+01,2.080846e+01,2.081543e+01,2.082935e+01,2.078060e+01,2.081543e+01,2.069697e+01,2.082935e+01,2.082935e+01,2.083632e+01,2.066908e+01,2.082935e+01,2.082239e+01,2.087112e+01,2.073879e+01,2.084328e+01,2.079453e+01,2.091287e+01,2.082239e+01,2.078757e+01,2.078060e+01,2.082935e+01,2.081543e+01,2.075273e+01,2.082239e+01,2.085720e+01,2.082935e+01,2.082935e+01,2.084328e+01,2.076667e+01,2.075273e+01,2.087112e+01,2.073879e+01,2.091287e+01,2.072486e+01,2.083632e+01,2.079453e+01,2.077363e+01,2.080150e+01,2.064816e+01,2.045964e+01,1.999735e+01,1.950469e+01,1.900960e+01,1.898123e+01,1.881087e+01,1.871135e+01,1.876823e+01,1.862598e+01,1.861886e+01,1.851915e+01,1.837654e+01,1.836227e+01,1.839794e+01,1.850490e+01,1.852628e+01,1.851203e+01,1.849777e+01,1.853340e+01,1.858326e+01,1.841934e+01,1.842648e+01,1.841934e+01,1.849064e+01,1.855477e+01,1.871135e+01,1.856190e+01,1.862598e+01,1.856190e+01,1.861886e+01,1.870424e+01,1.849777e+01,1.848352e+01,1.860462e+01,1.861886e+01,1.854765e+01,1.864021e+01,1.869002e+01,1.886059e+01,1.889609e+01,1.888899e+01,1.877534e+01,1.882508e+01,1.882508e+01,1.882508e+01,1.877534e+01,1.869002e+01,1.853340e+01,1.856902e+01,1.853340e+01,1.853340e+01,1.851203e+01,1.840508e+01,1.841934e+01,1.848352e+01,1.838367e+01,1.835513e+01,1.841221e+01,1.841221e+01,1.846213e+01,1.844074e+01,1.836227e+01,1.851203e+01,1.841934e+01,1.846926e+01,1.841221e+01,1.867579e+01,1.862598e+01,1.856902e+01,1.862598e+01,1.876823e+01,1.869713e+01,1.881087e+01,1.895995e+01,1.898123e+01,1.905922e+01,1.911590e+01,1.911590e+01,1.914422e+01,1.913714e+01,1.935642e+01,1.938468e+01,1.948352e+01,1.943411e+01,1.948352e+01,1.949058e+01,1.929988e+01,1.945529e+01,1.946941e+01,1.951175e+01,1.940587e+01,1.951880e+01,1.956817e+01,1.953996e+01,1.965979e+01,1.968796e+01,1.982168e+01,1.971613e+01,1.973725e+01,2.003244e+01,2.015168e+01,2.027778e+01,2.034777e+01,2.066908e+01,2.064816e+01,2.070394e+01,2.085720e+01,2.076667e+01,2.071789e+01,2.083632e+01,2.078757e+01,2.078757e+01,2.086416e+01,2.078757e+01,2.087808e+01,2.080150e+01,2.075273e+01,2.076667e+01,2.093374e+01,2.078060e+01,2.057140e+01,2.047362e+01,2.048759e+01,2.004648e+01,2.007454e+01,1.997628e+01,1.963161e+01,1.962456e+01,1.948352e+01,1.948352e+01,1.949764e+01,1.941999e+01,1.951880e+01,1.962456e+01,1.962456e+01,1.962456e+01,1.984277e+01,1.998330e+01,1.996926e+01,2.003244e+01,2.034077e+01,2.040372e+01,2.034777e+01,2.049458e+01,2.059234e+01,2.059234e+01,2.059234e+01,2.058536e+01,2.060629e+01,2.052252e+01,2.073182e+01,2.064816e+01,2.055743e+01,2.073182e+01,2.047362e+01,2.047362e+01,2.024977e+01,2.029878e+01,2.018673e+01,2.003946e+01,2.001841e+01,2.003244e+01,1.992711e+01,1.996926e+01,1.992711e+01,1.989901e+01,1.995521e+01,1.977947e+01,1.986386e+01,1.962456e+01,1.967388e+01,1.966683e+01,1.966683e+01,1.965979e+01,1.955407e+01,1.965979e+01,1.970205e+01,1.977947e+01,1.990604e+01,1.985683e+01,1.997628e+01,1.999033e+01,2.002542e+01,2.014467e+01,2.001841e+01,1.988495e+01,1.987792e+01,1.987090e+01,1.973725e+01,1.971613e+01,1.965979e+01,1.968092e+01,1.975132e+01,1.978650e+01,1.979354e+01,1.982168e+01,1.982168e+01,1.986386e+01,1.998330e+01,1.990604e+01,1.994117e+01,1.996926e+01,1.999735e+01,1.999735e+01,1.994117e+01,1.998330e+01,1.999033e+01,2.001139e+01,1.984277e+01,1.980058e+01,1.994117e+01,1.987090e+01,2.002542e+01,1.970205e+01,1.969500e+01,1.970909e+01,1.971613e+01,1.971613e+01,1.968092e+01,1.969500e+01,1.965979e+01,1.940587e+01,1.949058e+01,1.927867e+01,1.923623e+01,1.922916e+01,1.927160e+01,1.928574e+01,1.931402e+01,1.926452e+01,1.934229e+01,1.927867e+01,1.919378e+01,1.929988e+01,1.934936e+01,1.938468e+01,1.920793e+01,1.954701e+01,2.014467e+01,2.057140e+01,2.068303e+01,2.075970e+01,2.073182e+01,2.075970e+01,2.075273e+01,2.071789e+01,2.085024e+01,2.077363e+01,2.068303e+01,2.078060e+01,2.080150e+01,2.082935e+01,2.089896e+01,2.075970e+01,2.075970e+01,2.080846e+01,2.075970e+01,2.081543e+01,2.077363e+01,2.075970e+01,2.096852e+01,2.080150e+01,2.084328e+01,2.080150e+01,2.080846e+01,2.075970e+01,2.079453e+01,2.082239e+01,2.079453e+01,2.080846e+01,2.085024e+01,2.086416e+01,2.085024e+01,2.089200e+01,2.082239e+01,2.081543e+01,2.079453e+01,2.078060e+01,2.082239e+01,2.096852e+01,2.096156e+01,2.096156e+01,2.077363e+01,2.075273e+01,2.080846e+01,2.083632e+01,2.080846e+01,2.081543e+01,2.080846e+01,2.084328e+01,2.087112e+01,2.069697e+01,2.073182e+01,2.085024e+01,2.079453e+01,2.087112e+01,2.069697e+01,2.095461e+01,2.079453e+01,2.077363e+01,2.069697e+01,2.078060e+01,2.082935e+01,2.080846e+01,2.075970e+01,2.080846e+01,2.070394e+01,2.073879e+01,2.085024e+01,2.087112e+01,2.074576e+01,2.069697e+01,2.075273e+01,2.089896e+01,2.088504e+01,2.071091e+01,2.078757e+01,2.082935e+01,2.082935e+01,2.085024e+01,2.077363e+01,2.076667e+01,2.075970e+01,2.091983e+01,2.079453e+01,2.076667e+01,2.073182e+01,2.078757e+01,2.075970e+01,2.075970e+01,2.076667e+01,2.076667e+01,2.077363e+01,2.082935e+01,2.087112e+01,2.072486e+01,2.074576e+01,2.082239e+01,2.078060e+01,2.072486e+01,2.073879e+01,2.078060e+01,2.079453e+01,2.082935e+01,2.090592e+01,2.081543e+01,2.093374e+01,2.087808e+01,2.070394e+01,2.079453e+01,2.080846e+01,2.071091e+01,2.076667e+01,2.076667e+01,2.098937e+01,2.082239e+01,2.088504e+01,2.085720e+01,2.080150e+01,2.083632e+01,2.077363e+01,2.090592e+01,2.081543e+01,2.077363e+01,2.085024e+01,2.070394e+01,2.083632e+01,2.090592e+01,2.090592e+01,2.077363e+01,2.098937e+01,2.078060e+01,2.079453e+01,2.078060e+01,2.077363e+01,2.076667e+01,2.079453e+01,2.078757e+01,2.082239e+01,2.075970e+01,2.087808e+01,2.080150e+01,2.075970e+01,2.078060e+01,2.078757e+01,2.078757e+01,2.085024e+01,2.075273e+01,2.087808e+01,2.088504e+01,2.080150e+01,2.081543e+01,2.084328e+01,2.080846e+01,2.084328e+01,2.074576e+01,2.087808e+01,2.088504e+01,2.074576e+01,2.085720e+01,2.093374e+01,2.080846e+01,2.093374e+01,2.085024e+01,2.082935e+01,2.086416e+01,2.075273e+01,2.085720e+01,2.090592e+01,2.086416e+01,2.089896e+01,2.082935e+01,2.080846e+01,2.073182e+01,2.081543e+01,2.099632e+01,2.085720e+01,2.077363e+01,2.080846e+01,2.085024e+01,2.077363e+01,2.085024e+01,2.078757e+01,2.081543e+01,2.069000e+01,2.073182e+01,2.077363e+01,2.075970e+01,2.078060e+01,2.071789e+01,2.074576e+01,2.080150e+01,2.080846e+01,2.080150e+01,2.069697e+01,2.071789e+01,2.084328e+01,2.089200e+01,2.086416e+01,2.083632e+01,2.090592e+01,2.092679e+01,2.089896e+01,2.087808e+01,2.086416e+01,2.085720e+01,2.089896e+01,2.088504e+01,2.089896e+01,2.090592e+01,2.072486e+01,2.088504e+01,2.087808e+01,2.085720e+01,2.085720e+01,2.082935e+01,2.074576e+01,2.088504e+01,2.084328e+01,2.078757e+01,2.074576e+01,2.079453e+01,2.080846e+01,2.078757e+01,2.078757e+01,2.056442e+01,2.080150e+01,2.066908e+01,2.068303e+01
2.073182e+01,2.068303e+01,2.065513e+01,2.065513e+01,2.068303e+01,2.083632e+01,2.076667e+01,2.080150e+01,2.073879e+01,2.077363e+01,2.076667e+01,2.066908e+01,2.069000e+01,2.073182e+01,2.075970e+01,2.070394e+01,2.074576e+01,2.079453e+01,2.081543e+01,2.069000e+01,2.066211e+01,2.075273e+01,2.078757e+01,2.075970e+01,2.080150e+01,2.088504e+01,2.084328e+01,2.087112e+01,2.078060e+01,2.068303e+01,2.081543e+01,2.087112e+01,2.075970e+01,2.078757e+01,2.072486e+01,2.080846e+01,2.076667e+01,2.085720e+01,2.075970e+01,2.077363e+01,2.073182e+01,2.076667e+01,2.075273e+01,2.072486e+01,2.080150e+01,2.082239e+01,2.082935e+01,2.073879e+01,2.080846e+01,2.077363e+01,2.084328e+01,2.085720e+01,2.084328e+01,2.091287e+01,2.078757e+01,2.065513e+01,2.078060e+01,2.073879e+01,2.084328e+01,2.094070e+01,2.084328e+01,2.070394e+01,2.078060e+01,2.080846e+01,2.077363e+01,2.073879e+01,2.073879e+01,2.076667e+01,2.081543e+01,2.078757e+01,2.086416e+01,2.085024e+01,2.088504e+01,2.074576e+01,2.074576e+01,2.075970e+01,2.085024e+01,2.091287e+01,2.078757e+01,2.094765e+01,2.085024e+01,2.088504e+01,2.077363e+01,2.088504e+01,2.087112e+01,2.084328e+01,2.083632e+01,2.085720e+01,2.086416e+01,2.091983e+01,2.085720e+01,2.075273e+01,2.079453e+01,2.079453e+01,2.080846e+01,2.078060e+01,2.082935e+01,2.085024e+01,2.082935e+01,2.080846e+01,2.080150e+01,2.078757e+01,2.078060e+01,2.074576e+01,2.073879e+01,2.075970e+01,2.070394e+01,2.075970e+01,2.080150e+01,2.079453e+01,2.076667e+01,2.075970e+01,2.070394e+01,2.068303e+01,2.066211e+01,2.087808e+01,2.085720e+01,2.084328e+01,2.084328e+01,2.086416e+01,2.076667e+01,2.065513e+01,2.084328e+01,2.081543e+01,2.078757e+01,2.085024e+01,2.075273e+01,2.075273e+01,2.080846e+01,2.071091e+01,2.081543e+01,2.078060e+01,2.082239e+01,2.081543e+01,2.080846e+01,2.082239e+01,2.081543e+01,2.080150e+01,2.082935e+01,2.081543e+01,2.087808e+01,2.071091e+01,2.085024e+01,2.084328e+01,2.089896e+01,2.068303e+01,2.076667e+01,2.077363e+01,2.090592e+01,2.078757e+01,2.074576e+01,2.072486e+01,2.079453e+01,2.078060e+01,2.078060e+01,2.075970e+01,2.085720e+01,2.076667e+01,2.072486e+01,2.081543e+01,2.092679e+01,2.071091e+01,2.072486e+01,2.076667e+01,2.094070e+01,2.073879e+01,2.073879e+01,2.085024e+01,2.075273e+01,2.069000e+01,2.070394e+01,2.048759e+01,1.987090e+01,1.940587e+01,1.913714e+01,1.904504e+01,1.883928e+01,1.861886e+01,1.880376e+01,1.867579e+01,1.846926e+01,1.832658e+01,1.834799e+01,1.839794e+01,1.833372e+01,1.848352e+01,1.850490e+01,1.849777e+01,1.846926e+01,1.844074e+01,1.845500e+01,1.841221e+01,1.844074e+01,1.846213e+01,1.849777e+01,1.870424e+01,1.861886e+01,1.867579e+01,1.878245e+01,1.870424e+01,1.871135e+01,1.856190e+01,1.872558e+01,1.854053e+01,1.855477e+01,1.861174e+01,1.871135e+01,1.877534e+01,1.883218e+01,1.883218e+01,1.891028e+01,1.883928e+01,1.886769e+01,1.888189e+01,1.882508e+01,1.864021e+01,1.868290e+01,1.843361e+01,1.851203e+01,1.850490e+01,1.854053e+01,1.834085e+01,1.831230e+01,1.840508e+01,1.838367e+01,1.844787e+01,1.836940e+01,1.837654e+01,1.833372e+01,1.846213e+01,1.853340e+01,1.851203e+01,1.839081e+01,1.838367e+01,1.848352e+01,1.862598e+01,1.849777e+01,1.867579e+01,1.869713e+01,1.887479e+01,1.872558e+01,1.891028e+01,1.884638e+01,1.883928e+01,1.908047e+01,1.903087e+01,1.893867e+01,1.912298e+01,1.919378e+01,1.924331e+01,1.941999e+01,1.932109e+01,1.932109e+01,1.934936e+01,1.941293e+01,1.933522e+01,1.934936e+01,1.944118e+01,1.946941e+01,1.946941e+01,1.925745e+01,1.946941e+01,1.938468e+01,1.938468e+01,1.949764e+01,1.954701e+01,1.965979e+01,1.961047e+01,1.976540e+01,1.987792e+01,2.017972e+01,2.027778e+01,2.047362e+01,2.057838e+01,2.066908e+01,2.068303e+01,2.076667e+01,2.079453e+01,2.073182e+01,2.085024e+01,2.079453e+01,2.081543e+01,2.085024e+01,2.082935e+01,2.083632e+01,2.078757e+01,2.077363e+01,2.075273e+01,2.078060e+01,2.089200e+01,2.081543e+01,2.050157e+01,2.052252e+01,2.044567e+01,2.025677e+01,2.005350e+01,1.998330e+01,1.968796e+01,1.955407e+01,1.946235e+01,1.953996e+01,1.956817e+01,1.954701e+01,1.958227e+01,1.955407e+01,1.958932e+01,1.959637e+01,1.980058e+01,1.987090e+01,1.999033e+01,1.993414e+01,2.024277e+01,2.029178e+01,2.032678e+01,2.036176e+01,2.045964e+01,2.049458e+01,2.050855e+01,2.069000e+01,2.049458e+01,2.061327e+01,2.075970e+01,2.073182e+01,2.067605e+01,2.066908e+01,2.069000e+01,2.054347e+01,2.031978e+01,2.035476e+01,2.027078e+01,2.029878e+01,2.001139e+01,2.001841e+01,1.994117e+01,1.994819e+01,1.999735e+01,1.997628e+01,2.000437e+01,1.989198e+01,1.989198e+01,1.975836e+01,1.961047e+01,1.972317e+01,1.951880e+01,1.963865e+01,1.965979e+01,1.972317e+01,1.971613e+01,1.974428e+01,1.980761e+01,1.989198e+01,1.987792e+01,1.989901e+01,1.994117e+01,1.989901e+01,1.987792e+01,1.984980e+01,1.980058e+01,1.974428e+01,1.963161e+01,1.968092e+01,1.968092e+01,1.970205e+01,1.975836e+01,1.976540e+01,1.983574e+01,1.987792e+01,1.980761e+01,1.988495e+01,1.980761e+01,2.000437e+01,1.994117e+01,1.996926e+01,1.998330e+01,1.999735e+01,1.996224e+01,2.006753e+01,2.005350e+01,1.996926e+01,1.987090e+01,1.992009e+01,1.980058e+01,1.982168e+01,2.003946e+01,2.007454e+01,1.985683e+01,1.982871e+01,1.970909e+01,1.971613e+01,1.988495e+01,1.963161e+01,1.968092e+01,1.963865e+01,1.928574e+01,1.922208e+01,1.929281e+01,1.927160e+01,1.918670e+01,1.932815e+01,1.927160e+01,1.922208e+01,1.929988e+01,1.920085e+01,1.917254e+01,1.917254e+01,1.933522e+01,1.922208e+01,1.932109e+01,1.929988e+01,2.001841e+01,2.035476e+01,2.074576e+01,2.073182e+01,2.071091e+01,2.074576e+01,2.076667e+01,2.069697e+01,2.077363e+01,2.079453e+01,2.080846e+01,2.077363e+01,2.082935e+01,2.073879e+01,2.089896e+01,2.079453e+01,2.074576e+01,2.081543e+01,2.078060e+01,2.081543e+01,2.081543e+01,2.090592e+01,2.078060e+01,2.080846e+01,2.080846e+01,2.082935e+01,2.084328e+01,2.082239e+01,2.078757e+01,2.084328e+01,2.078060e+01,2.078757e+01,2.084328e+01,2.074576e+01,2.071789e+01,2.068303e+01,2.070394e+01,2.081543e+01,2.069697e+01,2.076667e+01,2.075273e+01,2.080150e+01,2.075970e+01,2.090592e+01,2.080846e+01,2.084328e+01,2.080846e+01,2.084328e+01,2.080150e+01,2.079453e+01,2.080150e+01,2.081543e+01,2.080846e+01,2.087808e+01,2.081543e+01,2.079453e+01,2.080846e+01,2.080846e+01,2.085720e+01,2.080150e+01,2.083632e+01,2.089896e+01,2.071789e+01,2.081543e+01,2.071091e+01,2.082239e+01,2.084328e+01,2.090592e+01,2.073182e+01,2.073879e+01,2.082935e+01,2.073182e+01,2.090592e+01,2.085024e+01,2.089896e+01,2.079453e+01,2.087808e+01,2.085720e+01,2.079453e+01,2.082239e+01,2.085720e+01,2.087112e+01,2.085720e+01,2.081543e+01,2.075273e+01,2.080150e+01,2.080150e+01,2.074576e+01,2.078757e+01,2.070394e+01,2.074576e+01,2.082935e+01,2.087112e+01,2.078060e+01,2.080150e+01,2.075273e+01,2.077363e+01,2.076667e+01,2.080150e+01,2.072486e+01,2.083632e+01,2.082239e+01,2.072486e+01,2.084328e+01,2.075273e+01,2.091287e+01,2.080846e+01,2.083632e+01,2.078757e+01,2.075970e+01,2.085720e+01,2.076667e+01,2.082935e+01,2.081543e+01,2.080150e+01,2.080150e+01,2.088504e+01,2.078757e+01,2.078757e+01,2.087112e+01,2.086416e+01,2.088504e+01,2.098242e+01,2.075970e+01,2.094765e+01,2.088504e+01,2.080150e+01,2.089200e+01,2.073879e+01,2.096852e+01,2.075273e+01,2.076667e+01,2.077363e+01,2.086416e+01,2.075273e+01,2.089896e+01,2.077363e+01,2.081543e+01,2.078757e+01,2.078060e+01,2.078757e+01,2.076667e+01,2.079453e+01,2.092679e+01,2.080150e+01,2.095461e+01,2.079453e+01,2.077363e+01,2.086416e+01,2.080846e+01,2.073879e+01,2.075273e+01,2.082239e+01,2.085720e+01,2.075970e+01,2.080846e+01,2.087112e+01,2.077363e+01,2.091983e+01,2.075273e+01,2.078060e+01,2.083632e+01,2.074576e+01,2.096156e+01,2.085024e+01,2.089896e+01,2.084328e+01,2.085720e+01,2.091287e+01,2.081543e+01,2.085720e+01,2.084328e+01,2.083632e+01,2.085024e+01,2.079453e+01,2.073879e+01,2.087112e+01,2.087808e+01,2.071789e+01,2.082935e+01,2.077363e+01,2.074576e+01,2.066211e+01,2.072486e+01,2.071091e+01,2.083632e+01,2.072486e+01,2.078060e+01,2.077363e+01,2.080150e+01,2.091287e+01,2.077363e+01,2.089200e+01,2.073879e+01,2.080150e+01,2.079453e+01,2.078757e+01,2.077363e+01,2.085720e+01,2.077363e+01,2.079453e+01,2.083632e+01,2.082239e+01,2.085720e+01,2.085024e+01,2.078757e+01,2.090592e+01,2.091287e+01,2.074576e+01,2.091287e+01,2.089200e+01,2.073879e+01,2.087808e+01,2.090592e+01,2.087808e+01,2.085024e+01,2.071789e+01,2.082239e+01,2.085720e+01,2.080846e+01,2.078060e+01,2.078757e+01,2.082239e+01,2.080846e+01,2.082239e+01,2.084328e+01,2.076667e+01,2.070394e+01,2.075273e+01,2.079453e+01,2.082935e+01
2.077363e+01,2.071091e+01,2.087112e+01,2.076667e+01,2.079453e+01,2.080846e+01,2.079453e+01,2.082239e+01,2.064118e+01,2.071091e+01,2.070394e+01,2.065513e+01,2.063420e+01,2.080150e+01,2.071091e+01,2.080846e+01,2.070394e+01,2.081543e+01,2.066211e+01,2.084328e+01,2.069000e+01,2.067605e+01,2.074576e+01,2.078757e+01,2.076667e+01,2.078060e+01,2.090592e+01,2.089200e+01,2.069697e+01,2.081543e+01,2.080846e+01,2.078060e+01,2.059932e+01,2.077363e+01,2.088504e+01,2.077363e+01,2.073879e+01,2.073182e+01,2.082239e+01,2.072486e+01,2.075970e+01,2.091983e+01,2.095461e+01,2.080150e+01,2.080846e+01,2.091287e+01,2.082935e+01,2.082935e+01,2.082239e+01,2.080150e+01,2.071091e+01,2.073879e+01,2.081543e+01,2.087808e+01,2.099632e+01,2.085720e+01,2.076667e+01,2.094765e+01,2.085720e+01,2.063420e+01,2.079453e+01,2.086416e+01,2.089200e+01,2.092679e+01,2.076667e+01,2.088504e+01,2.093374e+01,2.086416e+01,2.075970e+01,2.081543e+01,2.081543e+01,2.084328e+01,2.080846e+01,2.085024e+01,2.083632e+01,2.079453e+01,2.095461e+01,2.078060e+01,2.076667e+01,2.087112e+01,2.089200e+01,2.090592e+01,2.090592e+01,2.094765e+01,2.084328e+01,2.086416e+01,2.091287e+01,2.078060e+01,2.081543e+01,2.085024e+01,2.079453e+01,2.095461e+01,2.100327e+01,2.078757e+01,2.076667e+01,2.078060e+01,2.080846e+01,2.087112e+01,2.082935e+01,2.073182e+01,2.076667e+01,2.075273e+01,2.070394e+01,2.074576e+01,2.077363e+01,2.084328e+01,2.078060e+01,2.081543e+01,2.079453e+01,2.104497e+01,2.078060e+01,2.078060e+01,2.071789e+01,2.078060e+01,2.081543e+01,2.085720e+01,2.075273e+01,2.069697e+01,2.091287e+01,2.083632e+01,2.085720e+01,2.074576e+01,2.070394e+01,2.089896e+01,2.071789e+01,2.080150e+01,2.073879e+01,2.071091e+01,2.082935e+01,2.079453e+01,2.081543e+01,2.077363e+01,2.066211e+01,2.078060e+01,2.075273e+01,2.082239e+01,2.080150e+01,2.076667e+01,2.080846e+01,2.082239e+01,2.085024e+01,2.081543e+01,2.083632e+01,2.075970e+01,2.077363e+01,2.091983e+01,2.073879e+01,2.071091e+01,2.074576e+01,2.078757e+01,2.073182e+01,2.080150e+01,2.076667e+01,2.073879e+01,2.078060e+01,2.075970e+01,2.079453e+01,2.073879e+01,2.083632e+01,2.066211e+01,2.080846e+01,2.080846e+01,2.084328e+01,2.074576e+01,2.075273e+01,2.078060e+01,2.071091e+01,2.078060e+01,2.069000e+01,2.059932e+01,2.060629e+01,2.030578e+01,1.968092e+01,1.924331e+01,1.888899e+01,1.888189e+01,1.882508e+01,1.874691e+01,1.858326e+01,1.856190e+01,1.861886e+01,1.832658e+01,1.840508e+01,1.854053e+01,1.854053e+01,1.855477e+01,1.849064e+01,1.849777e+01,1.856902e+01,1.851203e+01,1.833372e+01,1.846213e+01,1.846926e+01,1.861174e+01,1.853340e+01,1.860462e+01,1.871135e+01,1.869002e+01,1.877534e+01,1.875401e+01,1.875401e+01,1.873980e+01,1.874691e+01,1.871135e+01,1.867579e+01,1.876112e+01,1.876823e+01,1.882508e+01,1.889609e+01,1.885349e+01,1.894576e+01,1.880376e+01,1.881797e+01,1.870424e+01,1.859038e+01,1.866867e+01,1.869713e+01,1.835513e+01,1.842648e+01,1.839794e+01,1.838367e+01,1.828373e+01,1.830515e+01,1.838367e+01,1.849064e+01,1.837654e+01,1.849777e+01,1.834799e+01,1.854053e+01,1.857614e+01,1.834799e+01,1.834085e+01,1.851203e+01,1.844787e+01,1.851915e+01,1.853340e+01,1.869713e+01,1.866156e+01,1.867579e+01,1.873980e+01,1.884638e+01,1.883218e+01,1.881797e+01,1.886769e+01,1.895286e+01,1.909464e+01,1.893867e+01,1.905922e+01,1.916546e+01,1.914422e+01,1.932109e+01,1.941293e+01,1.941999e+01,1.928574e+01,1.935642e+01,1.925745e+01,1.925038e+01,1.946941e+01,1.923623e+01,1.944823e+01,1.917254e+01,1.948352e+01,1.946235e+01,1.937055e+01,1.942705e+01,1.965979e+01,1.952586e+01,1.973725e+01,1.981464e+01,2.010260e+01,2.020074e+01,2.021475e+01,2.062025e+01,2.069000e+01,2.067605e+01,2.072486e+01,2.085720e+01,2.082239e+01,2.082935e+01,2.085024e+01,2.085024e+01,2.082935e+01,2.085024e+01,2.080150e+01,2.085024e+01,2.076667e+01,2.081543e+01,2.076667e+01,2.087808e+01,2.079453e+01,2.078757e+01,2.078757e+01,2.062723e+01,2.048061e+01,2.026378e+01,2.006753e+01,1.997628e+01,1.996224e+01,1.963865e+01,1.950469e+01,1.953291e+01,1.951880e+01,1.963865e+01,1.955407e+01,1.964570e+01,1.954701e+01,1.953996e+01,1.978650e+01,1.988495e+01,2.006753e+01,1.999033e+01,2.012364e+01,2.021475e+01,2.033377e+01,2.043169e+01,2.042470e+01,2.041071e+01,2.052950e+01,2.055045e+01,2.067605e+01,2.075970e+01,2.069000e+01,2.077363e+01,2.072486e+01,2.069000e+01,2.071789e+01,2.062723e+01,2.049458e+01,2.032678e+01,2.015869e+01,2.026378e+01,2.013065e+01,1.989198e+01,1.994117e+01,1.999033e+01,1.994819e+01,1.993414e+01,1.999735e+01,2.001841e+01,1.994117e+01,1.989901e+01,1.970909e+01,1.965979e+01,1.969500e+01,1.953996e+01,1.971613e+01,1.965979e+01,1.971613e+01,1.974428e+01,1.975132e+01,1.975836e+01,1.992009e+01,1.989901e+01,1.987792e+01,1.989901e+01,1.984980e+01,1.975836e+01,1.973021e+01,1.966683e+01,1.968796e+01,1.965274e+01,1.972317e+01,1.965979e+01,1.971613e+01,1.983574e+01,1.984980e+01,1.980058e+01,1.986386e+01,1.992009e+01,1.992009e+01,1.992711e+01,1.999033e+01,2.001139e+01,2.002542e+01,2.003946e+01,2.015168e+01,1.990604e+01,1.993414e+01,1.999033e+01,2.000437e+01,2.010961e+01,1.984980e+01,1.980058e+01,1.983574e+01,1.983574e+01,1.982871e+01,1.990604e+01,1.994819e+01,1.992711e+01,1.992711e+01,1.972317e+01,1.968796e+01,1.961751e+01,1.949764e+01,1.943411e+01,1.934936e+01,1.927867e+01,1.933522e+01,1.934936e+01,1.929281e+01,1.922916e+01,1.920793e+01,1.917962e+01,1.929988e+01,1.941999e+01,1.932815e+01,1.947647e+01,1.930695e+01,1.936349e+01,1.962456e+01,2.033377e+01,2.059932e+01,2.077363e+01,2.079453e+01,2.082935e+01,2.080150e+01,2.073182e+01,2.071091e+01,2.075970e+01,2.082935e+01,2.075273e+01,2.065513e+01,2.080150e+01,2.082239e+01,2.079453e+01,2.093374e+01,2.091287e+01,2.085024e+01,2.075970e+01,2.083632e+01,2.079453e+01,2.077363e+01,2.078060e+01,2.085024e+01,2.082239e+01,2.084328e+01,2.085024e+01,2.082239e+01,2.082239e+01,2.082239e+01,2.082239e+01,2.082239e+01,2.085720e+01,2.069697e+01,2.084328e+01,2.068303e+01,2.083632e+01,2.083632e+01,2.077363e+01,2.075273e+01,2.082239e+01,2.081543e+01,2.081543e+01,2.085024e+01,2.082935e+01,2.079453e+01,2.080846e+01,2.084328e+01,2.086416e+01,2.082935e+01,2.080150e+01,2.084328e+01,2.079453e+01,2.079453e+01,2.079453e+01,2.080150e+01,2.088504e+01,2.086416e+01,2.107276e+01,2.082239e+01,2.082239e+01,2.069000e+01,2.083632e+01,2.084328e+01,2.086416e+01,2.079453e+01,2.082935e+01,2.081543e+01,2.075273e+01,2.083632e+01,2.093374e+01,2.073879e+01,2.071091e+01,2.070394e+01,2.083632e+01,2.087112e+01,2.073182e+01,2.075273e+01,2.071789e+01,2.075273e+01,2.080150e+01,2.077363e+01,2.087808e+01,2.080150e+01,2.088504e+01,2.079453e+01,2.076667e+01,2.087112e+01,2.077363e+01,2.078060e+01,2.079453e+01,2.079453e+01,2.075970e+01,2.072486e+01,2.073182e+01,2.069697e+01,2.080846e+01,2.073879e+01,2.083632e+01,2.083632e+01,2.087112e+01,2.073879e+01,2.085024e+01,2.085024e+01,2.089200e+01,2.080846e+01,2.085720e+01,2.078757e+01,2.085024e+01,2.087808e+01,2.075273e+01,2.080150e+01,2.077363e+01,2.080150e+01,2.089896e+01,2.097547e+01,2.098937e+01,2.082935e+01,2.082935e+01,2.080150e+01,2.089200e+01,2.074576e+01,2.078060e+01,2.085024e+01,2.079453e+01,2.080150e+01,2.081543e+01,2.080150e+01,2.089200e+01,2.090592e+01,2.085720e+01,2.087112e+01,2.089200e+01,2.083632e+01,2.076667e+01,2.078060e+01,2.084328e+01,2.075970e+01,2.080846e+01,2.078757e+01,2.078060e+01,2.082935e+01,2.085024e+01,2.086416e+01,2.077363e+01,2.081543e+01,2.091287e+01,2.083632e+01,2.087808e+01,2.081543e+01,2.087112e+01,2.082239e+01,2.085024e+01,2.087112e+01,2.089896e+01,2.087112e+01,2.095461e+01,2.087112e+01,2.074576e+01,2.075970e+01,2.082935e+01,2.087112e+01,2.082239e+01,2.089200e+01,2.085720e+01,2.088504e+01,2.081543e+01,2.091983e+01,2.086416e+01,2.088504e+01,2.085024e+01,2.085024e+01,2.073879e+01,2.073879e+01,2.081543e+01,2.073879e+01,2.091983e+01,2.082935e+01,2.092679e+01,2.078757e+01,2.072486e+01,2.091287e+01,2.089200e+01,2.078060e+01,2.074576e+01,2.076667e+01,2.079453e+01,2.080150e+01,2.075273e+01,2.074576e+01,2.091287e+01,2.073182e+01,2.078757e+01,2.071789e+01,2.074576e+01,2.075273e+01,2.079453e+01,2.076667e+01,2.073879e+01,2.089200e+01,2.080150e+01,2.079453e+01,2.081543e+01,2.078757e+01,2.071091e+01,2.085720e+01,2.090592e+01,2.084328e+01,2.085720e+01,2.074576e+01,2.089896e+01,2.079453e+01,2.087808e+01,2.076667e+01,2.080846e+01,2.075970e+01,2.085720e+01,2.087112e+01,2.075970e+01,2.080846e+01,2.079453e+01,2.082239e+01,2.085024e+01,2.082935e+01,2.082239e+01,2.075273e+01,2.081543e+01,2.078757e+01,2.076667e+01,2.078060e+01
2.073879e+01,2.068303e+01,2.066211e+01,2.069000e+01,2.073182e+01,2.082935e+01,2.064816e+01,2.080150e+01,2.082935e+01,2.069000e+01,2.079453e+01,2.063420e+01,2.079453e+01,2.080150e+01,2.080846e+01,2.073182e+01,2.075273e+01,2.069000e+01,2.067605e+01,2.064816e+01,2.080150e+01,2.085720e+01,2.071789e+01,2.064816e+01,2.082239e+01,2.070394e+01,2.071091e+01,2.072486e+01,2.076667e+01,2.071091e+01,2.077363e+01,2.076667e+01,2.080846e+01,2.076667e+01,2.087112e+01,2.073182e+01,2.077363e+01,2.078757e+01,2.072486e+01,2.076667e+01,2.080150e+01,2.091983e+01,2.080846e+01,2.080150e+01,2.080150e+01,2.075273e+01,2.080846e+01,2.078060e+01,2.076667e+01,2.080150e+01,2.085720e+01,2.075273e+01,2.080150e+01,2.085024e+01,2.078060e+01,2.078757e+01,2.074576e+01,2.079453e+01,2.064816e+01,2.107971e+01,2.080150e+01,2.078060e+01,2.080150e+01,2.077363e+01,2.085720e+01,2.085720e+01,2.075970e+01,2.066211e+01,2.088504e+01,2.089896e+01,2.073182e+01,2.090592e+01,2.075970e+01,2.073879e+01,2.088504e+01,2.087112e+01,2.084328e+01,2.090592e+01,2.087112e+01,2.089200e+01,2.075273e+01,2.082239e+01,2.087808e+01,2.085024e+01,2.071091e+01,2.085720e+01,2.085024e+01,2.077363e+01,2.081543e+01,2.087112e+01,2.086416e+01,2.080846e+01,2.080150e+01,2.078757e+01,2.082239e+01,2.086416e+01,2.085024e+01,2.086416e+01,2.088504e+01,2.089200e+01,2.089200e+01,2.075970e+01,2.092679e+01,2.080150e+01,2.075273e+01,2.080846e+01,2.079453e+01,2.078060e+01,2.078757e+01,2.078757e+01,2.075273e+01,2.071091e+01,2.071789e+01,2.081543e+01,2.085024e+01,2.078060e+01,2.085720e+01,2.081543e+01,2.083632e+01,2.071091e+01,2.069000e+01,2.071091e+01,2.081543e+01,2.074576e+01,2.076667e+01,2.082935e+01,2.081543e+01,2.086416e+01,2.083632e+01,2.082239e+01,2.085024e+01,2.080150e+01,2.066908e+01,2.078060e+01,2.078757e+01,2.079453e+01,2.089200e+01,2.072486e+01,2.085720e+01,2.083632e+01,2.087112e+01,2.082239e+01,2.085720e+01,2.078757e+01,2.077363e+01,2.077363e+01,2.078757e+01,2.077363e+01,2.073182e+01,2.080846e+01,2.078757e+01,2.075273e+01,2.078757e+01,2.079453e+01,2.076667e+01,2.080150e+01,2.079453e+01,2.080846e+01,2.069697e+01,2.066211e+01,2.075970e+01,2.077363e+01,2.081543e+01,2.075970e+01,2.081543e+01,2.073182e+01,2.073182e+01,2.062723e+01,2.068303e+01,2.061327e+01,2.054347e+01,2.013065e+01,1.957522e+01,1.930695e+01,1.919378e+01,1.925038e+01,1.884638e+01,1.881087e+01,1.859038e+01,1.859750e+01,1.861886e+01,1.863309e+01,1.849064e+01,1.859038e+01,1.852628e+01,1.854053e+01,1.856902e+01,1.851203e+01,1.850490e+01,1.856190e+01,1.852628e+01,1.844074e+01,1.864021e+01,1.859750e+01,1.869713e+01,1.857614e+01,1.866156e+01,1.876823e+01,1.876112e+01,1.873980e+01,1.876112e+01,1.875401e+01,1.878955e+01,1.878955e+01,1.878955e+01,1.880376e+01,1.876112e+01,1.881087e+01,1.893867e+01,1.893157e+01,1.894576e+01,1.881087e+01,1.890318e+01,1.854053e+01,1.846926e+01,1.836940e+01,1.836940e+01,1.840508e+01,1.836940e+01,1.836227e+01,1.836227e+01,1.827659e+01,1.832658e+01,1.831944e+01,1.844787e+01,1.853340e+01,1.851203e+01,1.836227e+01,1.831944e+01,1.835513e+01,1.850490e+01,1.849777e+01,1.836940e+01,1.840508e+01,1.851203e+01,1.863309e+01,1.873980e+01,1.890318e+01,1.885349e+01,1.881087e+01,1.878955e+01,1.892448e+01,1.887479e+01,1.896704e+01,1.883218e+01,1.898832e+01,1.907339e+01,1.912298e+01,1.914422e+01,1.923623e+01,1.920793e+01,1.940587e+01,1.918670e+01,1.929281e+01,1.925745e+01,1.929988e+01,1.925745e+01,1.921501e+01,1.919378e+01,1.922916e+01,1.917254e+01,1.932109e+01,1.921501e+01,1.951175e+01,1.944118e+01,1.944118e+01,1.966683e+01,1.973725e+01,1.997628e+01,2.013065e+01,2.034077e+01,2.059932e+01,2.069000e+01,2.083632e+01,2.080150e+01,2.082239e+01,2.091287e+01,2.084328e+01,2.077363e+01,2.082239e+01,2.078757e+01,2.081543e+01,2.078757e+01,2.078757e+01,2.086416e+01,2.081543e+01,2.080150e+01,2.082239e+01,2.080846e+01,2.082935e+01,2.071789e+01,2.083632e+01,2.066211e+01,2.060629e+01,2.040372e+01,2.031978e+01,2.008857e+01,2.006753e+01,1.976540e+01,1.960342e+01,1.958227e+01,1.954701e+01,1.951880e+01,1.957522e+01,1.963161e+01,1.965979e+01,1.968092e+01,1.978650e+01,1.983574e+01,1.987792e+01,1.985683e+01,2.009559e+01,2.028478e+01,2.015869e+01,2.040372e+01,2.041071e+01,2.048759e+01,2.043868e+01,2.047362e+01,2.054347e+01,2.074576e+01,2.085720e+01,2.084328e+01,2.075970e+01,2.077363e+01,2.066211e+01,2.059932e+01,2.062723e+01,2.055045e+01,2.033377e+01,2.021475e+01,2.031978e+01,2.010961e+01,2.018673e+01,1.995521e+01,1.996926e+01,2.000437e+01,1.997628e+01,1.994117e+01,1.986386e+01,1.984980e+01,1.984980e+01,1.971613e+01,1.971613e+01,1.973725e+01,1.968796e+01,1.981464e+01,1.976540e+01,1.975836e+01,1.975132e+01,1.989198e+01,1.989198e+01,1.980058e+01,1.983574e+01,1.990604e+01,1.979354e+01,1.984980e+01,1.970909e+01,1.962456e+01,1.968796e+01,1.972317e+01,1.972317e+01,1.982168e+01,1.975836e+01,1.981464e+01,1.985683e+01,1.989901e+01,1.989901e+01,1.995521e+01,1.995521e+01,2.003244e+01,1.995521e+01,2.001841e+01,1.999735e+01,1.998330e+01,2.009559e+01,2.010260e+01,2.006753e+01,2.007454e+01,2.007454e+01,2.010260e+01,2.006753e+01,2.009559e+01,2.009559e+01,1.999735e+01,1.999033e+01,1.988495e+01,1.985683e+01,1.989198e+01,2.005350e+01,1.998330e+01,1.994117e+01,1.961751e+01,1.960342e+01,1.965274e+01,1.927867e+01,1.931402e+01,1.922916e+01,1.927160e+01,1.932815e+01,1.931402e+01,1.923623e+01,1.927867e+01,1.929988e+01,1.925745e+01,1.932815e+01,1.934936e+01,1.936349e+01,1.934936e+01,1.982168e+01,2.017972e+01,2.071091e+01,2.067605e+01,2.080846e+01,2.073182e+01,2.080150e+01,2.075273e+01,2.073182e+01,2.078757e+01,2.082935e+01,2.084328e+01,2.082239e+01,2.079453e+01,2.081543e+01,2.087808e+01,2.091983e+01,2.080150e+01,2.089200e+01,2.075970e+01,2.080150e+01,2.074576e+01,2.086416e+01,2.089896e+01,2.087112e+01,2.085720e+01,2.074576e+01,2.080150e+01,2.080846e+01,2.076667e+01,2.081543e+01,2.084328e+01,2.080150e+01,2.086416e+01,2.078757e+01,2.080846e+01,2.086416e+01,2.077363e+01,2.079453e+01,2.084328e+01,2.078757e+01,2.077363e+01,2.090592e+01,2.082935e+01,2.082239e+01,2.082935e+01,2.082935e+01,2.080846e+01,2.085024e+01,2.080150e+01,2.092679e+01,2.084328e+01,2.084328e+01,2.086416e+01,2.078757e+01,2.082239e+01,2.078060e+01,2.083632e+01,2.082239e+01,2.083632e+01,2.080846e+01,2.082935e+01,2.083632e+01,2.083632e+01,2.086416e+01,2.089200e+01,2.085024e+01,2.082935e+01,2.085720e+01,2.087808e+01,2.088504e+01,2.087112e+01,2.085720e+01,2.080846e+01,2.077363e+01,2.089896e+01,2.083632e+01,2.078757e+01,2.079453e+01,2.081543e+01,2.080150e+01,2.086416e+01,2.083632e+01,2.085720e+01,2.087112e+01,2.085024e+01,2.080150e+01,2.080150e+01,2.075273e+01,2.079453e+01,2.080846e+01,2.089200e+01,2.082239e+01,2.077363e+01,2.083632e+01,2.070394e+01,2.078757e+01,2.080150e+01,2.093374e+01,2.080150e+01,2.077363e+01,2.087112e+01,2.075273e+01,2.082935e+01,2.079453e+01,2.079453e+01,2.083632e+01,2.078757e+01,2.089896e+01,2.075970e+01,2.072486e+01,2.076667e+01,2.070394e+01,2.081543e+01,2.073182e+01,2.093374e+01,2.080150e+01,2.080846e+01,2.089200e+01,2.092679e+01,2.077363e+01,2.091287e+01,2.089200e+01,2.080150e+01,2.078060e+01,2.078060e+01,2.081543e+01,2.079453e+01,2.076667e+01,2.085024e+01,2.089200e+01,2.082935e+01,2.085720e+01,2.081543e+01,2.100327e+01,2.077363e+01,2.080846e+01,2.078757e+01,2.073182e+01,2.092679e+01,2.078060e+01,2.082239e+01,2.078060e+01,2.086416e+01,2.088504e+01,2.087112e+01,2.091287e+01,2.086416e+01,2.087808e+01,2.076667e+01,2.081543e+01,2.084328e+01,2.082935e+01,2.095461e+01,2.084328e+01,2.079453e+01,2.090592e+01,2.088504e+01,2.077363e+01,2.071091e+01,2.088504e+01,2.088504e+01,2.089200e+01,2.077363e+01,2.082935e+01,2.087808e+01,2.094765e+01,2.092679e+01,2.092679e+01,2.083632e+01,2.084328e+01,2.085024e+01,2.082239e+01,2.078757e+01,2.084328e+01,2.078757e+01,2.087808e+01,2.089896e+01,2.073879e+01,2.090592e+01,2.084328e+01,2.085024e+01,2.078060e+01,2.080846e+01,2.068303e+01,2.076667e+01,2.078060e+01,2.073879e+01,2.086416e+01,2.079453e+01,2.078757e+01,2.078060e+01,2.080846e+01,2.078060e+01,2.073182e+01,2.082935e+01,2.082239e+01,2.073182e+01,2.085720e+01,2.082935e+01,2.087808e+01,2.087112e+01,2.089200e+01,2.087808e+01,2.079453e+01,2.080150e+01,2.090592e+01,2.080150e+01,2.075970e+01,2.084328e+01,2.076667e+01,2.092679e+01,2.086416e+01,2.082239e+01,2.074576e+01,2.080846e+01,2.084328e+01,2.081543e+01,2.082935e+01,2.089200e+01,2.081543e+01,2.083632e+01,2.080846e+01,2.086416e+01,2.094070e+01,2.088504e+01,2.079453e+01,2.078757e+01,2.071091e+01,2.075970e+01,2.075970e+01
2.069000e+01,2.071789e+01,2.071789e+01,2.085720e+01,2.070394e+01,2.064816e+01,2.076667e+01,2.077363e+01,2.064816e+01,2.066908e+01,2.083632e+01,2.067605e+01,2.075273e+01,2.072486e+01,2.077363e+01,2.069000e+01,2.068303e+01,2.079453e+01,2.065513e+01,2.068303e+01,2.073182e+01,2.069697e+01,2.074576e+01,2.075273e+01,2.073879e+01,2.063420e+01,2.078757e+01,2.077363e+01,2.080150e+01,2.071091e+01,2.069697e+01,2.069000e+01,2.069697e+01,2.077363e+01,2.076667e+01,2.088504e+01,2.073182e+01,2.073879e+01,2.080150e+01,2.090592e+01,2.086416e+01,2.076667e+01,2.082935e+01,2.079453e+01,2.080846e+01,2.080150e+01,2.080150e+01,2.091287e+01,2.075273e+01,2.089896e+01,2.085720e+01,2.085720e+01,2.077363e+01,2.079453e+01,2.079453e+01,2.079453e+01,2.069697e+01,2.077363e+01,2.079453e+01,2.085024e+01,2.080846e+01,2.081543e+01,2.071091e+01,2.073182e+01,2.088504e+01,2.087808e+01,2.071091e+01,2.067605e+01,2.073182e+01,2.077363e+01,2.086416e+01,2.073182e+01,2.075970e+01,2.080150e+01,2.086416e+01,2.081543e+01,2.086416e+01,2.092679e+01,2.078757e+01,2.076667e+01,2.082239e+01,2.089200e+01,2.078757e+01,2.089896e+01,2.076667e+01,2.085720e+01,2.070394e+01,2.074576e+01,2.089200e+01,2.069697e+01,2.070394e+01,2.078757e+01,2.079453e+01,2.076667e+01,2.066211e+01,2.084328e+01,2.084328e+01,2.076667e+01,2.084328e+01,2.071789e+01,2.074576e+01,2.082935e+01,2.079453e+01,2.075970e+01,2.095461e+01,2.075273e+01,2.076667e+01,2.080150e+01,2.076667e+01,2.078757e+01,2.080150e+01,2.078060e+01,2.080846e+01,2.086416e+01,2.084328e+01,2.074576e+01,2.067605e+01,2.090592e+01,2.084328e+01,2.072486e+01,2.073879e+01,2.087112e+01,2.077363e+01,2.066211e+01,2.071091e+01,2.082239e+01,2.073879e+01,2.075273e+01,2.080150e+01,2.084328e+01,2.083632e+01,2.082935e+01,2.080150e+01,2.082239e+01,2.069000e+01,2.076667e+01,2.072486e+01,2.075273e+01,2.084328e+01,2.078757e+01,2.080150e+01,2.081543e+01,2.068303e+01,2.080846e+01,2.080846e+01,2.075970e+01,2.078757e+01,2.075273e+01,2.076667e+01,2.075970e+01,2.078060e+01,2.088504e+01,2.079453e+01,2.078060e+01,2.075273e+01,2.078757e+01,2.073879e+01,2.082935e+01,2.073182e+01,2.080150e+01,2.082935e+01,2.064816e+01,2.080846e+01,2.074576e+01,2.071789e+01,2.074576e+01,2.080150e+01,2.073182e+01,2.075970e+01,2.066211e+01,2.059234e+01,2.010961e+01,1.947647e+01,1.925038e+01,1.913006e+01,1.882508e+01,1.871847e+01,1.869713e+01,1.861174e+01,1.859038e+01,1.856190e+01,1.854053e+01,1.845500e+01,1.846213e+01,1.848352e+01,1.848352e+01,1.854053e+01,1.849064e+01,1.862598e+01,1.849777e+01,1.849064e+01,1.853340e+01,1.854765e+01,1.852628e+01,1.856190e+01,1.856902e+01,1.866156e+01,1.876112e+01,1.878245e+01,1.878245e+01,1.881087e+01,1.879666e+01,1.882508e+01,1.881087e+01,1.884638e+01,1.878245e+01,1.878955e+01,1.879666e+01,1.889609e+01,1.886769e+01,1.871847e+01,1.858326e+01,1.871135e+01,1.858326e+01,1.862598e+01,1.824801e+01,1.831944e+01,1.838367e+01,1.836940e+01,1.836940e+01,1.832658e+01,1.836227e+01,1.825516e+01,1.835513e+01,1.836940e+01,1.842648e+01,1.832658e+01,1.843361e+01,1.839081e+01,1.834085e+01,1.834085e+01,1.854053e+01,1.852628e+01,1.854765e+01,1.873269e+01,1.868290e+01,1.865444e+01,1.873269e+01,1.875401e+01,1.886769e+01,1.883218e+01,1.886059e+01,1.882508e+01,1.881087e+01,1.883218e+01,1.910173e+01,1.896704e+01,1.904504e+01,1.897414e+01,1.912298e+01,1.910173e+01,1.919378e+01,1.914422e+01,1.905213e+01,1.908756e+01,1.908047e+01,1.904504e+01,1.909464e+01,1.912298e+01,1.915130e+01,1.919378e+01,1.936349e+01,1.925038e+01,1.948352e+01,1.956817e+01,1.952586e+01,1.977243e+01,2.001139e+01,1.996926e+01,2.029878e+01,2.049458e+01,2.060629e+01,2.063420e+01,2.065513e+01,2.085720e+01,2.077363e+01,2.085720e+01,2.092679e+01,2.075273e+01,2.092679e+01,2.082239e+01,2.080150e+01,2.078060e+01,2.073879e+01,2.078060e+01,2.083632e+01,2.080150e+01,2.083632e+01,2.088504e+01,2.084328e+01,2.080150e+01,2.076667e+01,2.076667e+01,2.075273e+01,2.059932e+01,2.038274e+01,2.013065e+01,2.008857e+01,2.002542e+01,1.968796e+01,1.962456e+01,1.963865e+01,1.965979e+01,1.951880e+01,1.963161e+01,1.964570e+01,1.963161e+01,1.977243e+01,1.980761e+01,1.984980e+01,2.003946e+01,1.999735e+01,2.020074e+01,2.034777e+01,2.036875e+01,2.038274e+01,2.040372e+01,2.041071e+01,2.048759e+01,2.052950e+01,2.064118e+01,2.076667e+01,2.081543e+01,2.075970e+01,2.077363e+01,2.072486e+01,2.073879e+01,2.059234e+01,2.045266e+01,2.031978e+01,2.024977e+01,2.021475e+01,2.014467e+01,1.994819e+01,1.989198e+01,1.997628e+01,1.997628e+01,1.999735e+01,1.999033e+01,1.994819e+01,1.981464e+01,1.969500e+01,1.971613e+01,1.970205e+01,1.969500e+01,1.975132e+01,1.978650e+01,1.977243e+01,1.973725e+01,1.984980e+01,1.988495e+01,1.976540e+01,1.977947e+01,1.978650e+01,1.977243e+01,1.976540e+01,1.977947e+01,1.980058e+01,1.978650e+01,1.973725e+01,1.974428e+01,1.973725e+01,1.977243e+01,1.977947e+01,1.984980e+01,1.986386e+01,1.981464e+01,1.984980e+01,2.007454e+01,1.992009e+01,2.003946e+01,2.003244e+01,2.013065e+01,2.002542e+01,2.001139e+01,2.008857e+01,2.009559e+01,2.009559e+01,2.013065e+01,2.003946e+01,2.000437e+01,2.010260e+01,2.001841e+01,2.001841e+01,1.982871e+01,2.003244e+01,1.992711e+01,2.001139e+01,1.991306e+01,2.001139e+01,2.005350e+01,1.996224e+01,1.996224e+01,1.970909e+01,1.963161e+01,1.954701e+01,1.949764e+01,1.938468e+01,1.932109e+01,1.929988e+01,1.929988e+01,1.922916e+01,1.927160e+01,1.925745e+01,1.926452e+01,1.934936e+01,1.936349e+01,1.935642e+01,1.959637e+01,1.980058e+01,2.036176e+01,2.073879e+01,2.071091e+01,2.081543e+01,2.079453e+01,2.076667e+01,2.078757e+01,2.076667e+01,2.082239e+01,2.075273e+01,2.090592e+01,2.082239e+01,2.085024e+01,2.081543e+01,2.080150e+01,2.080846e+01,2.082239e+01,2.071091e+01,2.080846e+01,2.080846e+01,2.081543e+01,2.091287e+01,2.071789e+01,2.080846e+01,2.078060e+01,2.079453e+01,2.086416e+01,2.081543e+01,2.078060e+01,2.077363e+01,2.074576e+01,2.078757e+01,2.087112e+01,2.084328e+01,2.079453e+01,2.075273e+01,2.069697e+01,2.085024e+01,2.082935e+01,2.081543e+01,2.079453e+01,2.080846e+01,2.080846e+01,2.085720e+01,2.082239e+01,2.085720e+01,2.085024e+01,2.078757e+01,2.082239e+01,2.077363e+01,2.084328e+01,2.085024e+01,2.079453e+01,2.062025e+01,2.086416e+01,2.086416e+01,2.085024e+01,2.076667e+01,2.080846e+01,2.077363e+01,2.084328e+01,2.070394e+01,2.070394e+01,2.085024e+01,2.076667e+01,2.080846e+01,2.076667e+01,2.083632e+01,2.082239e+01,2.085024e+01,2.077363e+01,2.078060e+01,2.080150e+01,2.078757e+01,2.076667e+01,2.080846e+01,2.080846e+01,2.083632e+01,2.080150e+01,2.075970e+01,2.085024e+01,2.076667e+01,2.076667e+01,2.071789e+01,2.075970e+01,2.073879e+01,2.079453e+01,2.084328e+01,2.087112e+01,2.090592e+01,2.078757e+01,2.079453e+01,2.075273e+01,2.080150e+01,2.081543e+01,2.082239e+01,2.087112e+01,2.083632e+01,2.071789e+01,2.087808e+01,2.074576e+01,2.080150e+01,2.080150e+01,2.080150e+01,2.082935e+01,2.075970e+01,2.081543e+01,2.076667e+01,2.078060e+01,2.075273e+01,2.073879e+01,2.077363e+01,2.078757e+01,2.075273e+01,2.074576e+01,2.080150e+01,2.085024e+01,2.082239e+01,2.082239e+01,2.085720e+01,2.093374e+01,2.076667e+01,2.087112e+01,2.080846e+01,2.078060e+01,2.085024e+01,2.080846e+01,2.080846e+01,2.080150e+01,2.077363e+01,2.089896e+01,2.090592e+01,2.082239e+01,2.076667e+01,2.089896e+01,2.074576e+01,2.076667e+01,2.093374e+01,2.079453e+01,2.091287e+01,2.082239e+01,2.081543e+01,2.069000e+01,2.087808e+01,2.081543e+01,2.076667e+01,2.082239e+01,2.088504e+01,2.091983e+01,2.080150e+01,2.087112e+01,2.075273e+01,2.087112e+01,2.094070e+01,2.083632e+01,2.089896e+01,2.066908e+01,2.082935e+01,2.078060e+01,2.073879e+01,2.091983e+01,2.089200e+01,2.076667e+01,2.090592e+01,2.078757e+01,2.078757e+01,2.084328e+01,2.085720e+01,2.084328e+01,2.082935e+01,2.082935e+01,2.083632e+01,2.081543e+01,2.084328e+01,2.075273e+01,2.085024e+01,2.077363e+01,2.075970e+01,2.078757e+01,2.092679e+01,2.080846e+01,2.080150e+01,2.090592e+01,2.077363e+01,2.082935e+01,2.073182e+01,2.073879e+01,2.084328e+01,2.084328e+01,2.078060e+01,2.074576e+01,2.080150e+01,2.079453e+01,2.075273e+01,2.085720e+01,2.078060e+01,2.084328e+01,2.084328e+01,2.088504e+01,2.074576e+01,2.073182e+01,2.073182e+01,2.075970e+01,2.087808e+01,2.090592e+01,2.089896e+01,2.079453e+01,2.078757e+01,2.089200e+01,2.080150e+01,2.080846e+01,2.075273e+01,2.079453e+01,2.079453e+01,2.086416e+01,2.089896e+01,2.085720e+01,2.089896e+01,2.087112e+01,2.081543e+01,2.089200e+01,2.085024e+01,2.081543e+01,2.077363e+01,2.080150e+01,2.068303e+01,2.095461e+01,2.087112e+01,2.081543e+01,2.077363e+01
2.073879e+01,2.073879e+01,2.080150e+01,2.063420e+01,2.075273e+01,2.076667e+01,2.075273e+01,2.067605e+01,2.078757e+01,2.064118e+01,2.079453e+01,2.080846e+01,2.076667e+01,2.078060e+01,2.062025e+01,2.064118e+01,2.084328e+01,2.071789e+01,2.069697e+01,2.066211e+01,2.064118e+01,2.064816e+01,2.068303e+01,2.067605e+01,2.064816e+01,2.065513e+01,2.077363e+01,2.067605e+01,2.078757e+01,2.090592e+01,2.084328e+01,2.087808e+01,2.068303e+01,2.073879e+01,2.070394e+01,2.075970e+01,2.077363e+01,2.087112e+01,2.077363e+01,2.081543e+01,2.085720e+01,2.081543e+01,2.083632e+01,2.074576e+01,2.073879e+01,2.078757e+01,2.078060e+01,2.075273e+01,2.082935e+01,2.072486e+01,2.083632e+01,2.080846e+01,2.078060e+01,2.080846e+01,2.079453e+01,2.095461e+01,2.077363e+01,2.081543e+01,2.082239e+01,2.082239e+01,2.082935e+01,2.080150e+01,2.085024e+01,2.084328e+01,2.090592e+01,2.079453e+01,2.089200e+01,2.089200e+01,2.089896e+01,2.092679e+01,2.069697e+01,2.074576e+01,2.073182e+01,2.071789e+01,2.075970e+01,2.080150e+01,2.087112e+01,2.080846e+01,2.087112e+01,2.085024e+01,2.083632e+01,2.082935e+01,2.080150e+01,2.096156e+01,2.085720e+01,2.080846e+01,2.082935e+01,2.085720e+01,2.071091e+01,2.085720e+01,2.069000e+01,2.080846e+01,2.083632e+01,2.086416e+01,2.077363e+01,2.076667e+01,2.073182e+01,2.077363e+01,2.082935e+01,2.080846e+01,2.074576e+01,2.074576e+01,2.078060e+01,2.074576e+01,2.080846e+01,2.071789e+01,2.079453e+01,2.076667e+01,2.070394e+01,2.076667e+01,2.082935e+01,2.074576e+01,2.080150e+01,2.071091e+01,2.073182e+01,2.076667e+01,2.078757e+01,2.083632e+01,2.074576e+01,2.070394e+01,2.074576e+01,2.088504e+01,2.073879e+01,2.071091e+01,2.080846e+01,2.078757e+01,2.071789e+01,2.073879e+01,2.080150e+01,2.082239e+01,2.084328e+01,2.083632e+01,2.071789e+01,2.071789e+01,2.077363e+01,2.077363e+01,2.077363e+01,2.078757e+01,2.081543e+01,2.085720e+01,2.081543e+01,2.082239e+01,2.073182e+01,2.072486e+01,2.078757e+01,2.072486e+01,2.078060e+01,2.079453e+01,2.073879e+01,2.079453e+01,2.075970e+01,2.071091e+01,2.078757e+01,2.082935e+01,2.060629e+01,2.084328e+01,2.084328e+01,2.074576e+01,2.071091e+01,2.080150e+01,2.079453e+01,2.075273e+01,2.078757e+01,2.076667e+01,2.073879e+01,2.076667e+01,2.066211e+01,2.054347e+01,2.060629e+01,2.062025e+01,2.051554e+01,2.008857e+01,1.958932e+01,1.917962e+01,1.903087e+01,1.903795e+01,1.883928e+01,1.866156e+01,1.863309e+01,1.860462e+01,1.854053e+01,1.861174e+01,1.845500e+01,1.848352e+01,1.846926e+01,1.848352e+01,1.846926e+01,1.846926e+01,1.859750e+01,1.860462e+01,1.851915e+01,1.864021e+01,1.857614e+01,1.865444e+01,1.860462e+01,1.870424e+01,1.870424e+01,1.888899e+01,1.890318e+01,1.876112e+01,1.877534e+01,1.881087e+01,1.886769e+01,1.878955e+01,1.897414e+01,1.883218e+01,1.876112e+01,1.874691e+01,1.880376e+01,1.876112e+01,1.883928e+01,1.855477e+01,1.852628e+01,1.852628e+01,1.827659e+01,1.834799e+01,1.832658e+01,1.819798e+01,1.825516e+01,1.823372e+01,1.827659e+01,1.823372e+01,1.827659e+01,1.811932e+01,1.806922e+01,1.827659e+01,1.840508e+01,1.840508e+01,1.832658e+01,1.836227e+01,1.846926e+01,1.863309e+01,1.857614e+01,1.866156e+01,1.871135e+01,1.869002e+01,1.886059e+01,1.886769e+01,1.873980e+01,1.878955e+01,1.879666e+01,1.878245e+01,1.883928e+01,1.883218e+01,1.893157e+01,1.887479e+01,1.893867e+01,1.881797e+01,1.893867e+01,1.900960e+01,1.903087e+01,1.902378e+01,1.905213e+01,1.903795e+01,1.899541e+01,1.896704e+01,1.901669e+01,1.897414e+01,1.912298e+01,1.931402e+01,1.917962e+01,1.920085e+01,1.926452e+01,1.925038e+01,1.936349e+01,1.965274e+01,1.999735e+01,1.995521e+01,2.018673e+01,2.048759e+01,2.044567e+01,2.062025e+01,2.072486e+01,2.085024e+01,2.083632e+01,2.075970e+01,2.078757e+01,2.081543e+01,2.082239e+01,2.078757e+01,2.080150e+01,2.084328e+01,2.080846e+01,2.079453e+01,2.073879e+01,2.087112e+01,2.082935e+01,2.080846e+01,2.081543e+01,2.076667e+01,2.087808e+01,2.075970e+01,2.070394e+01,2.062025e+01,2.064118e+01,2.044567e+01,2.036176e+01,2.006051e+01,2.001139e+01,1.978650e+01,1.963865e+01,1.965274e+01,1.966683e+01,1.965274e+01,1.956112e+01,1.964570e+01,1.973725e+01,1.976540e+01,1.978650e+01,1.982168e+01,1.993414e+01,2.003946e+01,2.002542e+01,2.021475e+01,2.036176e+01,2.038274e+01,2.050157e+01,2.048061e+01,2.061327e+01,2.059932e+01,2.074576e+01,2.080846e+01,2.067605e+01,2.077363e+01,2.066211e+01,2.078060e+01,2.060629e+01,2.053649e+01,2.053649e+01,2.039673e+01,2.027778e+01,2.031278e+01,2.022176e+01,2.017972e+01,1.986386e+01,2.004648e+01,1.994117e+01,1.992009e+01,1.993414e+01,1.991306e+01,1.987792e+01,1.973021e+01,1.977243e+01,1.980058e+01,1.968092e+01,1.968796e+01,1.977947e+01,1.974428e+01,1.984277e+01,1.967388e+01,1.987090e+01,1.996224e+01,1.987090e+01,1.979354e+01,1.983574e+01,1.976540e+01,1.971613e+01,1.976540e+01,1.973725e+01,1.971613e+01,1.973725e+01,1.973021e+01,1.973725e+01,1.982871e+01,1.982871e+01,1.982871e+01,1.984277e+01,1.992711e+01,1.994117e+01,2.002542e+01,1.992711e+01,2.006051e+01,1.999735e+01,2.001841e+01,2.004648e+01,2.006051e+01,2.013766e+01,2.011663e+01,2.014467e+01,2.001841e+01,2.001139e+01,2.011663e+01,2.013766e+01,2.011663e+01,2.002542e+01,2.010260e+01,2.003244e+01,2.003946e+01,1.996926e+01,2.000437e+01,1.997628e+01,2.008857e+01,2.003946e+01,1.983574e+01,1.977243e+01,1.956817e+01,1.954701e+01,1.946941e+01,1.937762e+01,1.935642e+01,1.933522e+01,1.932109e+01,1.922916e+01,1.931402e+01,1.932109e+01,1.933522e+01,1.932815e+01,1.937055e+01,1.938468e+01,1.958227e+01,2.014467e+01,2.060629e+01,2.066211e+01,2.081543e+01,2.080846e+01,2.078060e+01,2.075273e+01,2.076667e+01,2.079453e+01,2.084328e+01,2.075970e+01,2.082239e+01,2.082239e+01,2.082239e+01,2.080846e+01,2.088504e+01,2.080150e+01,2.080150e+01,2.087112e+01,2.083632e+01,2.093374e+01,2.076667e+01,2.078060e+01,2.074576e+01,2.082935e+01,2.076667e+01,2.079453e+01,2.079453e+01,2.082239e+01,2.086416e+01,2.078060e+01,2.082935e+01,2.080150e+01,2.080846e+01,2.070394e+01,2.083632e+01,2.086416e+01,2.082935e+01,2.081543e+01,2.078757e+01,2.074576e+01,2.082935e+01,2.078757e+01,2.082239e+01,2.085024e+01,2.078060e+01,2.087112e+01,2.087808e+01,2.082239e+01,2.073182e+01,2.085720e+01,2.078757e+01,2.086416e+01,2.075273e+01,2.070394e+01,2.078060e+01,2.074576e+01,2.071789e+01,2.081543e+01,2.080150e+01,2.076667e+01,2.080846e+01,2.085720e+01,2.085024e+01,2.075273e+01,2.080150e+01,2.079453e+01,2.085024e+01,2.087808e+01,2.084328e+01,2.078757e+01,2.081543e+01,2.075273e+01,2.074576e+01,2.076667e+01,2.083632e+01,2.085024e+01,2.085720e+01,2.075273e+01,2.085024e+01,2.074576e+01,2.075273e+01,2.080150e+01,2.080150e+01,2.085024e+01,2.084328e+01,2.092679e+01,2.062723e+01,2.077363e+01,2.079453e+01,2.085024e+01,2.081543e+01,2.084328e+01,2.076667e+01,2.075970e+01,2.081543e+01,2.086416e+01,2.073879e+01,2.071789e+01,2.083632e+01,2.078060e+01,2.073182e+01,2.082935e+01,2.080150e+01,2.078060e+01,2.055743e+01,2.085720e+01,2.085024e+01,2.087808e+01,2.074576e+01,2.066908e+01,2.075970e+01,2.077363e+01,2.080846e+01,2.077363e+01,2.090592e+01,2.073879e+01,2.085024e+01,2.078757e+01,2.082239e+01,2.082239e+01,2.071789e+01,2.080150e+01,2.082935e+01,2.075273e+01,2.081543e+01,2.080150e+01,2.082239e+01,2.077363e+01,2.077363e+01,2.079453e+01,2.081543e+01,2.080846e+01,2.081543e+01,2.092679e+01,2.066211e+01,2.077363e+01,2.083632e+01,2.082239e+01,2.082239e+01,2.078060e+01,2.079453e+01,2.092679e+01,2.083632e+01,2.083632e+01,2.070394e+01,2.069697e+01,2.088504e+01,2.083632e+01,2.082239e+01,2.075273e+01,2.092679e+01,2.076667e+01,2.077363e+01,2.090592e+01,2.085024e+01,2.071789e+01,2.087112e+01,2.069000e+01,2.073182e+01,2.085720e+01,2.083632e+01,2.087112e+01,2.086416e+01,2.078757e+01,2.082935e+01,2.078757e+01,2.083632e+01,2.082239e+01,2.080846e+01,2.081543e+01,2.080846e+01,2.072486e+01,2.084328e+01,2.086416e+01,2.087112e+01,2.073879e+01,2.075970e+01,2.090592e+01,2.088504e+01,2.062723e+01,2.080150e+01,2.077363e+01,2.078757e+01,2.075273e+01,2.066211e+01,2.083632e+01,2.082239e+01,2.078757e+01,2.078757e+01,2.079453e+01,2.081543e+01,2.076667e+01,2.089896e+01,2.078757e+01,2.078757e+01,2.077363e+01,2.075273e+01,2.079453e+01,2.077363e+01,2.080846e+01,2.074576e+01,2.071789e+01,2.085024e+01,2.075970e+01,2.073879e+01,2.091983e+01,2.086416e+01,2.087808e+01,2.074576e+01,2.082935e+01,2.082239e+01,2.074576e+01,2.085024e+01,2.075273e+01,2.084328e+01,2.096852e+01,2.074576e+01,2.081543e+01,2.080150e+01,2.081543e+01,2.080846e+01,2.090592e+01,2.090592e+01,2.072486e+01,2.075970e+01,2.079453e+01,2.080150e+01,2.089200e+01,2.077363e+01
2.080150e+01,2.069000e+01,2.083632e+01,2.071091e+01,2.071091e+01,2.076667e+01,2.062723e+01,2.075970e+01,2.075970e+01,2.078060e+01,2.073182e+01,2.073879e+01,2.080846e+01,2.084328e+01,2.073879e+01,2.074576e+01,2.071091e+01,2.074576e+01,2.071789e+01,2.081543e+01,2.076667e+01,2.065513e+01,2.083632e+01,2.077363e+01,2.080846e+01,2.062723e+01,2.080846e+01,2.085024e+01,2.080150e+01,2.068303e+01,2.066908e+01,2.082239e+01,2.080846e+01,2.059932e+01,2.082239e+01,2.087112e+01,2.088504e+01,2.073879e+01,2.082239e+01,2.079453e+01,2.080150e+01,2.080846e+01,2.072486e+01,2.082935e+01,2.083632e+01,2.079453e+01,2.077363e+01,2.078757e+01,2.082239e+01,2.084328e+01,2.083632e+01,2.082239e+01,2.078757e+01,2.076667e+01,2.069697e+01,2.077363e+01,2.080150e+01,2.080150e+01,2.092679e+01,2.085024e+01,2.080846e+01,2.078060e+01,2.089200e+01,2.085720e+01,2.090592e+01,2.084328e+01,2.089896e+01,2.062025e+01,2.068303e+01,2.064118e+01,2.095461e+01,2.089896e+01,2.093374e+01,2.073879e+01,2.082239e+01,2.080846e+01,2.096156e+01,2.080150e+01,2.082935e+01,2.082935e+01,2.083632e+01,2.089896e+01,2.079453e+01,2.100327e+01,2.082239e+01,2.081543e+01,2.082935e+01,2.085024e+01,2.073182e+01,2.082935e+01,2.085720e+01,2.083632e+01,2.068303e+01,2.079453e+01,2.071789e+01,2.092679e+01,2.071091e+01,2.074576e+01,2.074576e+01,2.083632e+01,2.086416e+01,2.094765e+01,2.078060e+01,2.078757e+01,2.073182e+01,2.078060e+01,2.076667e+01,2.084328e+01,2.079453e+01,2.096156e+01,2.083632e+01,2.087112e+01,2.075970e+01,2.082935e+01,2.078060e+01,2.083632e+01,2.078757e+01,2.081543e+01,2.073879e+01,2.078757e+01,2.087808e+01,2.070394e+01,2.079453e+01,2.083632e+01,2.075970e+01,2.075273e+01,2.078757e+01,2.085024e+01,2.084328e+01,2.083632e+01,2.081543e+01,2.083632e+01,2.079453e+01,2.075970e+01,2.075970e+01,2.078060e+01,2.089896e+01,2.081543e+01,2.080150e+01,2.071091e+01,2.082935e+01,2.075970e+01,2.073879e+01,2.080150e+01,2.082935e+01,2.068303e+01,2.078060e+01,2.091287e+01,2.078060e+01,2.075273e+01,2.081543e+01,2.082935e+01,2.075273e+01,2.080846e+01,2.067605e+01,2.078757e+01,2.082935e+01,2.082935e+01,2.080846e+01,2.072486e+01,2.069000e+01,2.066908e+01,2.085720e+01,2.078060e+01,2.074576e+01,2.084328e+01,2.074576e+01,2.082239e+01,2.074576e+01,2.075273e+01,2.036176e+01,2.005350e+01,1.958227e+01,1.920793e+01,1.904504e+01,1.899541e+01,1.893157e+01,1.884638e+01,1.865444e+01,1.859038e+01,1.850490e+01,1.848352e+01,1.846926e+01,1.845500e+01,1.846926e+01,1.847639e+01,1.856902e+01,1.857614e+01,1.849777e+01,1.858326e+01,1.851915e+01,1.868290e+01,1.870424e+01,1.862598e+01,1.870424e+01,1.883218e+01,1.884638e+01,1.885349e+01,1.894576e+01,1.893867e+01,1.891028e+01,1.881797e+01,1.871135e+01,1.889609e+01,1.898832e+01,1.883928e+01,1.878245e+01,1.878955e+01,1.869713e+01,1.871135e+01,1.866156e+01,1.864733e+01,1.846926e+01,1.845500e+01,1.831230e+01,1.815508e+01,1.819798e+01,1.828373e+01,1.822657e+01,1.820513e+01,1.822657e+01,1.839081e+01,1.825516e+01,1.826230e+01,1.831230e+01,1.835513e+01,1.844787e+01,1.851203e+01,1.858326e+01,1.850490e+01,1.851203e+01,1.850490e+01,1.865444e+01,1.868290e+01,1.887479e+01,1.877534e+01,1.862598e+01,1.902378e+01,1.886059e+01,1.878245e+01,1.883218e+01,1.879666e+01,1.879666e+01,1.880376e+01,1.884638e+01,1.880376e+01,1.881797e+01,1.881797e+01,1.883218e+01,1.892448e+01,1.894576e+01,1.900251e+01,1.898832e+01,1.900960e+01,1.895286e+01,1.895995e+01,1.894576e+01,1.893867e+01,1.895995e+01,1.904504e+01,1.924331e+01,1.922208e+01,1.927160e+01,1.941293e+01,1.961047e+01,1.969500e+01,2.000437e+01,2.003244e+01,2.029878e+01,2.031978e+01,2.061327e+01,2.085720e+01,2.082935e+01,2.085024e+01,2.080846e+01,2.087112e+01,2.082935e+01,2.090592e+01,2.081543e+01,2.084328e+01,2.077363e+01,2.082239e+01,2.080150e+01,2.083632e+01,2.081543e+01,2.088504e+01,2.086416e+01,2.078060e+01,2.082239e+01,2.082239e+01,2.087808e+01,2.077363e+01,2.074576e+01,2.073182e+01,2.066908e+01,2.045964e+01,2.037575e+01,2.034777e+01,2.009559e+01,2.003946e+01,1.980761e+01,1.963865e+01,1.964570e+01,1.965979e+01,1.964570e+01,1.970909e+01,1.977947e+01,1.984277e+01,1.988495e+01,1.992711e+01,1.990604e+01,1.997628e+01,1.999033e+01,2.026378e+01,2.024977e+01,2.039673e+01,2.044567e+01,2.041770e+01,2.049458e+01,2.071789e+01,2.075273e+01,2.066211e+01,2.077363e+01,2.084328e+01,2.078060e+01,2.073182e+01,2.080150e+01,2.061327e+01,2.050855e+01,2.043868e+01,2.055045e+01,2.043169e+01,2.032678e+01,2.031978e+01,2.029878e+01,2.026378e+01,2.000437e+01,1.991306e+01,1.994819e+01,1.993414e+01,1.993414e+01,1.975836e+01,1.974428e+01,1.976540e+01,1.977947e+01,1.977243e+01,1.980761e+01,1.979354e+01,1.980058e+01,1.987792e+01,1.977947e+01,1.982871e+01,1.989901e+01,1.981464e+01,1.980761e+01,1.976540e+01,1.980761e+01,1.975132e+01,1.974428e+01,1.988495e+01,1.974428e+01,1.986386e+01,1.975836e+01,1.985683e+01,1.984980e+01,1.980761e+01,1.982871e+01,1.999033e+01,2.008156e+01,2.009559e+01,2.009559e+01,2.007454e+01,2.010260e+01,2.035476e+01,2.013766e+01,2.008857e+01,2.006753e+01,2.014467e+01,2.012364e+01,2.017972e+01,2.001139e+01,2.022176e+01,2.009559e+01,2.007454e+01,2.008857e+01,2.009559e+01,1.999735e+01,2.017271e+01,2.003946e+01,1.997628e+01,2.012364e+01,2.010961e+01,2.008857e+01,1.999033e+01,1.985683e+01,1.971613e+01,1.955407e+01,1.945529e+01,1.942705e+01,1.935642e+01,1.934936e+01,1.934936e+01,1.929988e+01,1.934229e+01,1.934936e+01,1.936349e+01,1.956112e+01,1.945529e+01,1.956112e+01,1.939881e+01,2.009559e+01,2.064816e+01,2.064118e+01,2.079453e+01,2.080846e+01,2.076667e+01,2.080150e+01,2.081543e+01,2.080150e+01,2.076667e+01,2.083632e+01,2.085720e+01,2.068303e+01,2.078757e+01,2.082935e+01,2.086416e+01,2.080846e+01,2.080846e+01,2.086416e+01,2.085024e+01,2.078060e+01,2.077363e+01,2.083632e+01,2.080150e+01,2.078060e+01,2.075273e+01,2.092679e+01,2.082935e+01,2.075273e+01,2.087112e+01,2.085024e+01,2.086416e+01,2.083632e+01,2.077363e+01,2.085024e+01,2.083632e+01,2.082239e+01,2.080150e+01,2.085720e+01,2.081543e+01,2.085720e+01,2.086416e+01,2.086416e+01,2.081543e+01,2.082239e+01,2.089200e+01,2.087112e+01,2.075273e+01,2.066211e+01,2.088504e+01,2.084328e+01,2.078757e+01,2.084328e+01,2.082239e+01,2.082935e+01,2.073182e+01,2.085024e+01,2.062025e+01,2.085720e+01,2.080846e+01,2.079453e+01,2.082935e+01,2.081543e+01,2.078757e+01,2.082935e+01,2.083632e+01,2.083632e+01,2.086416e+01,2.080846e+01,2.087112e+01,2.083632e+01,2.082239e+01,2.084328e+01,2.079453e+01,2.080846e+01,2.085024e+01,2.083632e+01,2.076667e+01,2.075970e+01,2.075273e+01,2.080150e+01,2.082935e+01,2.082935e+01,2.080150e+01,2.085720e+01,2.083632e+01,2.090592e+01,2.089896e+01,2.068303e+01,2.089896e+01,2.088504e+01,2.096852e+01,2.096852e+01,2.081543e+01,2.075273e+01,2.075273e+01,2.076667e+01,2.085720e+01,2.073879e+01,2.071091e+01,2.076667e+01,2.084328e+01,2.080150e+01,2.082935e+01,2.075970e+01,2.084328e+01,2.080150e+01,2.082935e+01,2.082239e+01,2.081543e+01,2.080150e+01,2.088504e+01,2.079453e+01,2.079453e+01,2.080150e+01,2.075273e+01,2.090592e+01,2.077363e+01,2.081543e+01,2.082935e+01,2.091983e+01,2.082239e+01,2.078757e+01,2.082239e+01,2.081543e+01,2.083632e+01,2.085024e+01,2.080150e+01,2.085720e+01,2.079453e+01,2.082239e+01,2.075970e+01,2.092679e+01,2.083632e+01,2.091983e+01,2.080150e+01,2.076667e+01,2.083632e+01,2.073879e+01,2.085024e+01,2.087808e+01,2.087112e+01,2.089896e+01,2.081543e+01,2.074576e+01,2.071789e+01,2.060629e+01,2.078060e+01,2.085024e+01,2.070394e+01,2.079453e+01,2.075970e+01,2.092679e+01,2.080150e+01,2.089896e+01,2.085024e+01,2.085024e+01,2.082239e+01,2.083632e+01,2.080846e+01,2.085024e+01,2.081543e+01,2.079453e+01,2.078757e+01,2.081543e+01,2.082935e+01,2.086416e+01,2.084328e+01,2.074576e+01,2.085720e+01,2.077363e+01,2.074576e+01,2.073182e+01,2.078757e+01,2.085024e+01,2.085720e+01,2.085720e+01,2.087112e+01,2.078060e+01,2.078060e+01,2.080150e+01,2.082239e+01,2.075970e+01,2.080150e+01,2.066211e+01,2.082935e+01,2.080846e+01,2.082239e+01,2.077363e+01,2.080846e+01,2.073879e+01,2.080846e+01,2.079453e+01,2.075970e+01,2.081543e+01,2.087112e+01,2.080846e+01,2.082935e+01,2.084328e+01,2.082935e+01,2.078757e+01,2.072486e+01,2.086416e+01,2.089896e+01,2.089200e+01,2.085024e+01,2.091287e+01,2.073182e+01,2.078060e+01,2.081543e+01,2.075273e+01,2.088504e+01,2.088504e+01,2.082239e+01,2.084328e+01,2.089200e+01,2.082239e+01,2.085720e+01,2.091983e+01,2.091983e+01,2.082239e+01,2.078757e+01,2.093374e+01,2.091287e+01,2.090592e+01,2.073879e+01,2.089200e+01,2.083632e+01,2.082239e+01,2.073879e+01
2.068303e+01,2.069000e+01,2.080846e+01,2.071789e+01,2.077363e+01,2.080150e+01,2.066908e+01,2.064118e+01,2.072486e+01,2.066908e+01,2.076667e+01,2.071091e+01,2.071091e+01,2.085024e+01,2.082239e+01,2.076667e+01,2.085024e+01,2.072486e+01,2.074576e+01,2.073182e+01,2.082935e+01,2.065513e+01,2.081543e+01,2.068303e+01,2.066908e+01,2.077363e+01,2.069697e+01,2.075970e+01,2.069000e+01,2.070394e+01,2.069697e+01,2.072486e+01,2.069000e+01,2.070394e+01,2.067605e+01,2.085024e+01,2.075970e+01,2.085024e+01,2.074576e+01,2.082239e+01,2.082935e+01,2.078757e+01,2.074576e+01,2.074576e+01,2.073182e+01,2.080150e+01,2.080150e+01,2.080846e+01,2.072486e+01,2.082239e+01,2.085720e+01,2.083632e+01,2.082935e+01,2.073879e+01,2.080150e+01,2.082239e+01,2.078757e+01,2.079453e+01,2.085024e+01,2.085024e+01,2.082935e+01,2.077363e+01,2.084328e+01,2.081543e+01,2.078060e+01,2.081543e+01,2.073879e+01,2.080150e+01,2.078060e+01,2.091287e+01,2.094765e+01,2.072486e+01,2.079453e+01,2.079453e+01,2.091983e+01,2.077363e+01,2.082239e+01,2.078757e+01,2.082935e+01,2.085024e+01,2.103107e+01,2.083632e+01,2.086416e+01,2.096156e+01,2.080846e+01,2.080150e+01,2.079453e+01,2.082239e+01,2.084328e+01,2.069000e+01,2.085024e+01,2.085024e+01,2.082935e+01,2.083632e+01,2.078060e+01,2.076667e+01,2.082935e+01,2.086416e+01,2.082239e+01,2.075273e+01,2.073182e+01,2.082239e+01,2.080150e+01,2.075273e+01,2.080846e+01,2.078060e+01,2.075970e+01,2.082239e+01,2.086416e+01,2.075273e+01,2.084328e+01,2.075970e+01,2.081543e+01,2.078757e+01,2.089200e+01,2.091287e+01,2.081543e+01,2.083632e+01,2.085024e+01,2.061327e+01,2.075970e+01,2.076667e+01,2.085720e+01,2.073879e+01,2.076667e+01,2.071091e+01,2.072486e+01,2.083632e+01,2.075273e+01,2.081543e+01,2.071789e+01,2.075970e+01,2.080150e+01,2.075970e+01,2.075273e+01,2.072486e+01,2.084328e+01,2.076667e+01,2.081543e+01,2.089896e+01,2.085024e+01,2.072486e+01,2.073879e+01,2.082935e+01,2.081543e+01,2.071091e+01,2.078757e+01,2.091287e+01,2.069697e+01,2.071091e+01,2.083632e+01,2.070394e+01,2.078757e+01,2.085024e+01,2.062025e+01,2.082239e+01,2.080150e+01,2.076667e+01,2.072486e+01,2.077363e+01,2.069697e+01,2.079453e+01,2.075970e+01,2.074576e+01,2.087112e+01,2.075273e+01,2.077363e+01,2.062025e+01,2.066908e+01,2.051554e+01,2.036875e+01,2.008857e+01,1.961047e+01,1.917962e+01,1.907339e+01,1.902378e+01,1.893867e+01,1.878955e+01,1.859038e+01,1.864021e+01,1.855477e+01,1.853340e+01,1.850490e+01,1.846926e+01,1.847639e+01,1.862598e+01,1.859038e+01,1.859038e+01,1.855477e+01,1.866867e+01,1.863309e+01,1.856902e+01,1.865444e+01,1.866156e+01,1.886059e+01,1.882508e+01,1.889609e+01,1.889609e+01,1.885349e+01,1.887479e+01,1.895995e+01,1.891028e+01,1.893157e+01,1.888189e+01,1.889609e+01,1.891028e+01,1.872558e+01,1.866156e+01,1.861174e+01,1.861174e+01,1.851915e+01,1.854053e+01,1.816223e+01,1.817653e+01,1.818369e+01,1.820513e+01,1.821228e+01,1.818369e+01,1.825516e+01,1.831230e+01,1.824087e+01,1.836940e+01,1.831944e+01,1.834799e+01,1.826944e+01,1.848352e+01,1.848352e+01,1.853340e+01,1.854765e+01,1.856902e+01,1.858326e+01,1.865444e+01,1.859750e+01,1.866156e+01,1.865444e+01,1.866867e+01,1.866156e+01,1.863309e+01,1.871135e+01,1.879666e+01,1.875401e+01,1.868290e+01,1.862598e+01,1.873980e+01,1.858326e+01,1.870424e+01,1.871847e+01,1.878245e+01,1.887479e+01,1.896704e+01,1.897414e+01,1.876112e+01,1.893867e+01,1.884638e+01,1.891738e+01,1.884638e+01,1.895286e+01,1.910881e+01,1.893157e+01,1.925038e+01,1.917254e+01,1.922208e+01,1.941999e+01,1.958932e+01,1.968796e+01,1.994819e+01,2.015168e+01,2.029178e+01,2.029178e+01,2.051554e+01,2.065513e+01,2.068303e+01,2.078757e+01,2.089200e+01,2.087112e+01,2.076667e+01,2.092679e+01,2.083632e+01,2.078060e+01,2.082935e+01,2.080846e+01,2.079453e+01,2.082239e+01,2.080150e+01,2.082935e+01,2.080846e+01,2.080846e+01,2.085024e+01,2.078060e+01,2.078757e+01,2.077363e+01,2.082239e+01,2.085720e+01,2.082935e+01,2.073182e+01,2.063420e+01,2.038974e+01,2.038974e+01,2.014467e+01,2.007454e+01,2.002542e+01,1.999735e+01,1.962456e+01,1.963161e+01,1.974428e+01,1.962456e+01,1.984980e+01,1.975132e+01,1.989198e+01,2.000437e+01,1.992009e+01,2.008156e+01,2.004648e+01,2.019373e+01,2.016570e+01,2.024977e+01,2.034077e+01,2.041770e+01,2.072486e+01,2.050855e+01,2.069000e+01,2.088504e+01,2.075970e+01,2.082935e+01,2.073879e+01,2.077363e+01,2.082239e+01,2.072486e+01,2.066211e+01,2.060629e+01,2.063420e+01,2.043169e+01,2.036875e+01,2.017972e+01,2.013065e+01,2.034077e+01,2.009559e+01,1.998330e+01,1.995521e+01,2.003946e+01,1.994117e+01,1.977243e+01,1.984980e+01,1.980058e+01,1.979354e+01,1.974428e+01,1.975132e+01,1.992009e+01,1.982168e+01,1.984980e+01,1.982168e+01,1.987090e+01,1.987792e+01,2.002542e+01,1.977243e+01,1.980058e+01,2.003946e+01,1.986386e+01,1.989901e+01,1.975836e+01,1.972317e+01,1.987792e+01,1.973021e+01,1.969500e+01,1.984980e+01,1.981464e+01,1.994819e+01,2.002542e+01,1.989901e+01,2.027078e+01,2.005350e+01,2.035476e+01,2.013766e+01,2.031978e+01,2.027778e+01,2.027078e+01,2.036176e+01,2.017972e+01,2.027778e+01,2.022876e+01,2.037575e+01,2.034077e+01,2.038274e+01,2.024277e+01,2.030578e+01,2.020774e+01,2.022176e+01,2.028478e+01,2.024277e+01,2.023577e+01,2.018673e+01,2.017271e+01,2.018673e+01,1.996926e+01,1.988495e+01,2.001841e+01,1.978650e+01,1.955407e+01,1.957522e+01,1.940587e+01,1.935642e+01,1.929988e+01,1.941999e+01,1.941999e+01,1.941293e+01,1.941999e+01,1.936349e+01,1.948352e+01,1.934936e+01,1.946941e+01,2.010260e+01,2.063420e+01,2.064118e+01,2.078757e+01,2.080846e+01,2.082239e+01,2.078757e+01,2.081543e+01,2.081543e+01,2.084328e+01,2.073182e+01,2.066211e+01,2.075273e+01,2.080846e+01,2.076667e+01,2.087112e+01,2.082935e+01,2.084328e+01,2.085024e+01,2.061327e+01,2.082239e+01,2.074576e+01,2.078757e+01,2.078060e+01,2.078757e+01,2.077363e+01,2.078060e+01,2.095461e+01,2.081543e+01,2.087112e+01,2.088504e+01,2.078757e+01,2.073879e+01,2.079453e+01,2.078757e+01,2.069000e+01,2.084328e+01,2.074576e+01,2.085024e+01,2.079453e+01,2.076667e+01,2.074576e+01,2.078757e+01,2.075273e+01,2.087112e+01,2.085024e+01,2.075273e+01,2.089200e+01,2.077363e+01,2.087112e+01,2.086416e+01,2.072486e+01,2.086416e+01,2.078060e+01,2.082239e+01,2.087112e+01,2.074576e+01,2.082239e+01,2.084328e+01,2.084328e+01,2.071789e+01,2.078060e+01,2.098937e+01,2.076667e+01,2.084328e+01,2.086416e+01,2.082935e+01,2.078757e+01,2.086416e+01,2.082935e+01,2.085024e+01,2.083632e+01,2.080846e+01,2.085024e+01,2.075273e+01,2.065513e+01,2.085720e+01,2.085024e+01,2.076667e+01,2.082239e+01,2.078757e+01,2.081543e+01,2.079453e+01,2.088504e+01,2.086416e+01,2.078060e+01,2.077363e+01,2.073182e+01,2.089200e+01,2.071789e+01,2.090592e+01,2.089200e+01,2.077363e+01,2.078060e+01,2.075970e+01,2.079453e+01,2.071789e+01,2.073879e+01,2.082935e+01,2.081543e+01,2.082239e+01,2.081543e+01,2.087808e+01,2.072486e+01,2.071789e+01,2.085720e+01,2.078060e+01,2.081543e+01,2.078757e+01,2.080150e+01,2.072486e+01,2.078757e+01,2.074576e+01,2.077363e+01,2.071091e+01,2.081543e+01,2.082239e+01,2.078060e+01,2.079453e+01,2.080846e+01,2.082239e+01,2.089896e+01,2.078060e+01,2.081543e+01,2.081543e+01,2.082239e+01,2.083632e+01,2.079453e+01,2.080150e+01,2.079453e+01,2.085024e+01,2.082935e+01,2.105192e+01,2.075273e+01,2.085720e+01,2.085720e+01,2.079453e+01,2.083632e+01,2.080846e+01,2.078060e+01,2.075970e+01,2.089200e+01,2.088504e+01,2.079453e+01,2.087112e+01,2.076667e+01,2.065513e+01,2.072486e+01,2.082935e+01,2.078060e+01,2.076667e+01,2.074576e+01,2.078060e+01,2.073879e+01,2.085024e+01,2.085720e+01,2.079453e+01,2.082239e+01,2.080846e+01,2.082239e+01,2.086416e+01,2.076667e+01,2.088504e+01,2.087112e+01,2.087112e+01,2.085720e+01,2.085720e+01,2.085024e+01,2.084328e+01,2.085024e+01,2.089896e+01,2.089200e+01,2.078757e+01,2.081543e+01,2.083632e+01,2.081543e+01,2.085720e+01,2.080150e+01,2.088504e+01,2.078757e+01,2.058536e+01,2.078757e+01,2.077363e+01,2.076667e+01,2.082239e+01,2.078060e+01,2.085720e+01,2.076667e+01,2.072486e+01,2.067605e+01,2.074576e+01,2.073182e+01,2.075273e+01,2.077363e+01,2.080846e+01,2.075970e+01,2.088504e+01,2.089896e+01,2.089200e+01,2.081543e+01,2.082239e+01,2.067605e+01,2.082935e+01,2.080150e+01,2.069697e+01,2.082239e+01,2.085720e+01,2.087808e+01,2.087112e+01,2.081543e+01,2.087808e+01,2.085720e+01,2.077363e+01,2.076667e+01,2.082239e+01,2.087112e+01,2.082239e+01,2.084328e+01,2.078060e+01,2.083632e+01,2.079453e+01,2.080150e+01,2.085720e+01,2.082239e+01,2.080150e+01,2.080150e+01,2.090592e+01,2.079453e+01,2.075970e+01,2.067605e+01
2.077363e+01,2.069697e+01,2.072486e+01,2.076667e+01,2.071091e+01,2.078757e+01,2.071091e+01,2.080846e+01,2.078060e+01,2.077363e+01,2.076667e+01,2.071789e+01,2.071091e+01,2.077363e+01,2.075970e+01,2.059932e+01,2.067605e+01,2.076667e+01,2.064816e+01,2.068303e+01,2.070394e+01,2.068303e+01,2.078060e+01,2.070394e+01,2.068303e+01,2.065513e+01,2.079453e+01,2.070394e+01,2.080150e+01,2.078757e+01,2.084328e+01,2.075273e+01,2.068303e+01,2.069697e+01,2.071091e+01,2.066908e+01,2.089200e+01,2.074576e+01,2.090592e+01,2.080846e+01,2.077363e+01,2.075970e+01,2.075273e+01,2.086416e+01,2.073182e+01,2.082239e+01,2.074576e+01,2.082935e+01,2.076667e+01,2.086416e+01,2.079453e+01,2.078757e+01,2.076667e+01,2.082239e+01,2.078757e+01,2.087808e+01,2.082935e+01,2.080150e+01,2.083632e+01,2.090592e+01,2.085720e+01,2.082239e+01,2.079453e+01,2.078757e+01,2.092679e+01,2.089200e+01,2.085720e+01,2.086416e+01,2.075273e+01,2.089200e+01,2.075970e+01,2.072486e+01,2.089896e+01,2.087112e+01,2.088504e+01,2.079453e+01,2.082239e+01,2.083632e+01,2.082935e+01,2.082239e+01,2.083632e+01,2.085720e+01,2.081543e+01,2.080846e+01,2.085720e+01,2.082239e+01,2.081543e+01,2.080846e+01,2.082239e+01,2.087112e+01,2.086416e+01,2.085720e+01,2.085720e+01,2.080150e+01,2.071091e+01,2.087808e+01,2.077363e+01,2.085024e+01,2.075273e+01,2.074576e+01,2.075970e+01,2.080150e+01,2.078757e+01,2.077363e+01,2.095461e+01,2.080150e+01,2.080150e+01,2.087808e+01,2.084328e+01,2.080150e+01,2.079453e+01,2.079453e+01,2.078757e+01,2.075273e+01,2.075273e+01,2.077363e+01,2.074576e+01,2.074576e+01,2.089200e+01,2.074576e+01,2.083632e+01,2.080846e+01,2.073879e+01,2.083632e+01,2.075970e+01,2.078757e+01,2.077363e+01,2.075970e+01,2.082935e+01,2.080846e+01,2.080150e+01,2.085024e+01,2.080150e+01,2.074576e+01,2.080150e+01,2.077363e+01,2.087112e+01,2.078757e+01,2.071091e+01,2.077363e+01,2.081543e+01,2.085024e+01,2.075273e+01,2.080150e+01,2.075273e+01,2.069000e+01,2.074576e+01,2.064816e+01,2.075273e+01,2.076667e+01,2.078060e+01,2.073182e+01,2.078060e+01,2.074576e+01,2.085024e+01,2.081543e+01,2.078757e+01,2.078757e+01,2.076667e+01,2.066211e+01,2.078060e+01,2.078060e+01,2.081543e+01,2.083632e+01,2.075970e+01,2.078060e+01,2.076667e+01,2.075273e+01,2.065513e+01,2.054347e+01,2.034077e+01,1.982871e+01,1.961751e+01,1.932109e+01,1.899541e+01,1.903795e+01,1.895286e+01,1.878245e+01,1.878955e+01,1.867579e+01,1.856902e+01,1.849064e+01,1.849064e+01,1.849064e+01,1.861174e+01,1.866867e+01,1.854053e+01,1.856902e+01,1.861174e+01,1.866156e+01,1.870424e+01,1.864021e+01,1.864021e+01,1.880376e+01,1.886059e+01,1.869713e+01,1.905922e+01,1.909464e+01,1.910881e+01,1.899541e+01,1.893867e+01,1.903795e+01,1.887479e+01,1.891738e+01,1.890318e+01,1.891028e+01,1.886769e+01,1.861886e+01,1.861886e+01,1.851915e+01,1.836940e+01,1.835513e+01,1.820513e+01,1.824801e+01,1.819798e+01,1.823372e+01,1.811932e+01,1.824087e+01,1.833372e+01,1.838367e+01,1.839794e+01,1.839794e+01,1.839081e+01,1.845500e+01,1.856902e+01,1.856190e+01,1.859038e+01,1.861174e+01,1.857614e+01,1.858326e+01,1.856190e+01,1.861886e+01,1.852628e+01,1.864733e+01,1.865444e+01,1.857614e+01,1.864733e+01,1.872558e+01,1.849064e+01,1.868290e+01,1.869002e+01,1.868290e+01,1.859750e+01,1.859750e+01,1.873980e+01,1.880376e+01,1.894576e+01,1.877534e+01,1.891738e+01,1.900251e+01,1.879666e+01,1.867579e+01,1.879666e+01,1.879666e+01,1.882508e+01,1.888899e+01,1.878245e+01,1.889609e+01,1.914422e+01,1.914422e+01,1.924331e+01,1.939881e+01,1.949764e+01,1.958932e+01,1.999033e+01,2.018673e+01,2.022876e+01,2.043169e+01,2.059932e+01,2.082935e+01,2.092679e+01,2.090592e+01,2.085024e+01,2.085720e+01,2.074576e+01,2.089200e+01,2.087808e+01,2.087112e+01,2.085024e+01,2.084328e+01,2.082935e+01,2.078060e+01,2.082935e+01,2.082935e+01,2.085720e+01,2.077363e+01,2.089200e+01,2.078757e+01,2.080846e+01,2.078757e+01,2.077363e+01,2.086416e+01,2.087112e+01,2.083632e+01,2.078757e+01,2.068303e+01,2.038974e+01,2.061327e+01,2.031978e+01,2.026378e+01,2.004648e+01,1.996926e+01,1.978650e+01,1.962456e+01,1.982168e+01,1.973021e+01,1.977243e+01,1.977947e+01,1.977947e+01,1.992009e+01,1.988495e+01,1.995521e+01,1.999735e+01,2.012364e+01,2.024277e+01,2.014467e+01,2.028478e+01,2.034077e+01,2.057140e+01,2.055045e+01,2.060629e+01,2.079453e+01,2.085720e+01,2.080150e+01,2.076667e+01,2.077363e+01,2.074576e+01,2.073879e+01,2.072486e+01,2.050855e+01,2.064118e+01,2.044567e+01,2.035476e+01,2.029178e+01,2.028478e+01,2.031278e+01,2.020774e+01,2.004648e+01,2.003946e+01,1.992711e+01,1.996224e+01,1.992009e+01,1.989198e+01,2.001139e+01,1.980058e+01,1.996224e+01,1.987792e+01,1.996224e+01,1.988495e+01,1.991306e+01,1.992009e+01,1.979354e+01,1.992711e+01,1.992711e+01,1.994819e+01,1.992711e+01,1.994819e+01,1.987792e+01,1.988495e+01,1.983574e+01,1.975836e+01,1.973021e+01,1.972317e+01,1.963865e+01,1.985683e+01,1.984980e+01,1.997628e+01,2.021475e+01,2.029178e+01,2.031278e+01,2.028478e+01,2.031978e+01,2.034777e+01,2.038974e+01,2.040372e+01,2.053649e+01,2.048759e+01,2.049458e+01,2.052950e+01,2.025677e+01,2.057838e+01,2.055045e+01,2.052950e+01,2.058536e+01,2.034777e+01,2.038974e+01,2.036875e+01,2.041770e+01,2.041071e+01,2.023577e+01,2.019373e+01,2.043868e+01,2.045266e+01,2.029878e+01,2.022876e+01,2.017972e+01,1.984277e+01,1.980761e+01,1.957522e+01,1.938468e+01,1.934229e+01,1.937762e+01,1.947647e+01,1.934229e+01,1.937055e+01,1.956817e+01,1.947647e+01,1.933522e+01,1.949058e+01,1.946235e+01,2.001139e+01,2.062025e+01,2.071789e+01,2.077363e+01,2.078757e+01,2.080846e+01,2.080846e+01,2.080846e+01,2.086416e+01,2.081543e+01,2.082239e+01,2.083632e+01,2.085720e+01,2.085720e+01,2.086416e+01,2.084328e+01,2.087112e+01,2.087808e+01,2.086416e+01,2.076667e+01,2.089200e+01,2.076667e+01,2.077363e+01,2.082239e+01,2.075273e+01,2.083632e+01,2.080150e+01,2.081543e+01,2.078060e+01,2.085024e+01,2.089896e+01,2.080150e+01,2.077363e+01,2.086416e+01,2.082935e+01,2.084328e+01,2.080846e+01,2.082935e+01,2.085024e+01,2.080846e+01,2.081543e+01,2.082935e+01,2.090592e+01,2.092679e+01,2.080846e+01,2.075273e+01,2.088504e+01,2.071789e+01,2.079453e+01,2.080846e+01,2.075970e+01,2.077363e+01,2.076667e+01,2.076667e+01,2.077363e+01,2.076667e+01,2.082239e+01,2.075970e+01,2.084328e+01,2.085720e+01,2.084328e+01,2.084328e+01,2.076667e+01,2.085720e+01,2.080150e+01,2.082239e+01,2.099632e+01,2.087112e+01,2.080150e+01,2.082935e+01,2.080150e+01,2.081543e+01,2.085720e+01,2.071789e+01,2.085024e+01,2.082239e+01,2.070394e+01,2.078757e+01,2.079453e+01,2.076667e+01,2.085720e+01,2.076667e+01,2.084328e+01,2.091983e+01,2.091287e+01,2.081543e+01,2.082935e+01,2.087808e+01,2.085720e+01,2.071789e+01,2.087112e+01,2.091287e+01,2.079453e+01,2.078060e+01,2.063420e+01,2.074576e+01,2.073879e+01,2.083632e+01,2.090592e+01,2.083632e+01,2.091983e+01,2.082239e+01,2.073879e+01,2.078060e+01,2.078757e+01,2.086416e+01,2.085024e+01,2.080846e+01,2.080150e+01,2.084328e+01,2.092679e+01,2.078757e+01,2.081543e+01,2.081543e+01,2.081543e+01,2.091983e+01,2.089200e+01,2.082239e+01,2.079453e+01,2.075273e+01,2.079453e+01,2.091983e+01,2.081543e+01,2.083632e+01,2.081543e+01,2.071091e+01,2.088504e+01,2.085024e+01,2.085024e+01,2.087808e+01,2.087112e+01,2.082239e+01,2.086416e+01,2.082239e+01,2.082935e+01,2.087112e+01,2.087808e+01,2.080150e+01,2.085024e+01,2.081543e+01,2.062025e+01,2.078060e+01,2.075970e+01,2.075970e+01,2.074576e+01,2.079453e+01,2.074576e+01,2.075273e+01,2.079453e+01,2.078757e+01,2.086416e+01,2.086416e+01,2.088504e+01,2.079453e+01,2.093374e+01,2.085024e+01,2.087808e+01,2.089896e+01,2.077363e+01,2.081543e+01,2.081543e+01,2.080846e+01,2.073879e+01,2.084328e+01,2.082935e+01,2.082239e+01,2.078757e+01,2.087808e+01,2.082239e+01,2.081543e+01,2.082239e+01,2.083632e+01,2.068303e+01,2.069697e+01,2.077363e+01,2.083632e+01,2.080846e+01,2.078060e+01,2.077363e+01,2.062025e+01,2.078757e+01,2.080846e+01,2.064816e+01,2.084328e+01,2.077363e+01,2.075273e+01,2.073182e+01,2.078060e+01,2.064118e+01,2.074576e+01,2.075970e+01,2.082239e+01,2.064118e+01,2.079453e+01,2.076667e+01,2.081543e+01,2.071091e+01,2.079453e+01,2.088504e+01,2.080150e+01,2.084328e+01,2.087112e+01,2.101023e+01,2.079453e+01,2.080846e+01,2.084328e+01,2.076667e+01,2.089896e+01,2.089896e+01,2.076667e+01,2.087112e+01,2.075273e+01,2.082935e+01,2.088504e+01,2.082239e+01,2.090592e+01,2.077363e+01,2.079453e+01,2.088504e+01,2.077363e+01,2.080150e+01,2.089200e+01,2.088504e+01,2.081543e+01,2.076667e+01,2.087112e+01,2.084328e+01,2.085720e+01,2.078060e+01,2.084328e+01
2.085720e+01,2.071091e+01,2.068303e+01,2.073182e+01,2.077363e+01,2.064118e+01,2.073879e+01,2.066908e+01,2.075970e+01,2.078060e+01,2.073879e+01,2.071789e+01,2.082935e+01,2.071789e+01,2.073879e+01,2.078060e+01,2.079453e+01,2.053649e+01,2.064118e+01,2.076667e+01,2.079453e+01,2.071789e+01,2.080150e+01,2.069697e+01,2.075970e+01,2.075273e+01,2.061327e+01,2.080150e+01,2.077363e+01,2.082239e+01,2.069697e+01,2.083632e+01,2.079453e+01,2.082239e+01,2.069697e+01,2.069000e+01,2.073182e+01,2.078757e+01,2.075273e+01,2.073879e+01,2.074576e+01,2.090592e+01,2.081543e+01,2.074576e+01,2.075970e+01,2.080846e+01,2.083632e+01,2.077363e+01,2.069000e+01,2.082239e+01,2.086416e+01,2.084328e+01,2.078757e+01,2.077363e+01,2.073879e+01,2.082239e+01,2.077363e+01,2.070394e+01,2.082239e+01,2.085720e+01,2.084328e+01,2.080150e+01,2.080846e+01,2.084328e+01,2.080846e+01,2.076667e+01,2.085024e+01,2.087112e+01,2.080846e+01,2.095461e+01,2.077363e+01,2.076667e+01,2.090592e+01,2.092679e+01,2.084328e+01,2.091983e+01,2.084328e+01,2.082935e+01,2.084328e+01,2.087808e+01,2.098242e+01,2.084328e+01,2.088504e+01,2.080846e+01,2.091287e+01,2.089200e+01,2.083632e+01,2.087112e+01,2.086416e+01,2.083632e+01,2.075970e+01,2.082935e+01,2.073879e+01,2.074576e+01,2.076667e+01,2.075970e+01,2.088504e+01,2.075273e+01,2.080846e+01,2.070394e+01,2.082239e+01,2.080846e+01,2.080846e+01,2.078757e+01,2.075970e+01,2.076667e+01,2.075273e+01,2.085720e+01,2.079453e+01,2.075970e+01,2.082935e+01,2.078060e+01,2.079453e+01,2.085720e+01,2.069697e+01,2.075273e+01,2.082935e+01,2.066908e+01,2.072486e+01,2.089896e+01,2.078060e+01,2.080150e+01,2.078757e+01,2.078757e+01,2.079453e+01,2.070394e+01,2.066908e+01,2.080846e+01,2.080150e+01,2.085024e+01,2.081543e+01,2.080846e+01,2.080846e+01,2.085024e+01,2.078060e+01,2.078757e+01,2.084328e+01,2.098242e+01,2.082239e+01,2.089896e+01,2.075273e+01,2.078757e+01,2.076667e+01,2.080150e+01,2.073879e+01,2.080150e+01,2.070394e+01,2.074576e+01,2.076667e+01,2.072486e+01,2.071789e+01,2.073879e+01,2.078060e+01,2.082935e+01,2.073879e+01,2.073879e+01,2.075970e+01,2.076667e+01,2.080150e+01,2.078757e+01,2.077363e+01,2.076667e+01,2.071091e+01,2.079453e+01,2.070394e+01,2.075970e+01,2.075970e+01,2.071789e+01,2.066908e+01,2.050157e+01,2.043868e+01,1.999735e+01,1.956817e+01,1.928574e+01,1.900251e+01,1.876112e+01,1.897414e+01,1.873980e+01,1.882508e+01,1.876823e+01,1.861886e+01,1.849777e+01,1.863309e+01,1.859750e+01,1.857614e+01,1.869002e+01,1.859750e+01,1.859038e+01,1.856902e+01,1.866867e+01,1.864021e+01,1.861174e+01,1.872558e+01,1.887479e+01,1.887479e+01,1.891738e+01,1.893157e+01,1.915130e+01,1.898123e+01,1.902378e+01,1.907339e+01,1.897414e+01,1.889609e+01,1.889609e+01,1.896704e+01,1.890318e+01,1.879666e+01,1.860462e+01,1.837654e+01,1.839081e+01,1.818369e+01,1.834085e+01,1.816223e+01,1.822657e+01,1.816223e+01,1.821228e+01,1.825516e+01,1.829087e+01,1.836227e+01,1.840508e+01,1.843361e+01,1.849064e+01,1.854053e+01,1.854053e+01,1.855477e+01,1.856190e+01,1.860462e+01,1.858326e+01,1.855477e+01,1.859750e+01,1.861886e+01,1.858326e+01,1.865444e+01,1.854053e+01,1.859750e+01,1.849064e+01,1.858326e+01,1.856190e+01,1.845500e+01,1.851203e+01,1.848352e+01,1.863309e+01,1.859750e+01,1.866867e+01,1.867579e+01,1.869713e+01,1.867579e+01,1.883928e+01,1.878955e+01,1.895995e+01,1.873980e+01,1.876823e+01,1.873269e+01,1.892448e+01,1.878955e+01,1.888189e+01,1.888899e+01,1.888189e+01,1.900960e+01,1.914422e+01,1.916546e+01,1.944823e+01,1.955407e+01,1.978650e+01,2.001139e+01,2.013065e+01,2.040372e+01,2.063420e+01,2.079453e+01,2.081543e+01,2.080846e+01,2.069697e+01,2.078757e+01,2.085720e+01,2.085720e+01,2.076667e+01,2.082239e+01,2.075273e+01,2.080846e+01,2.080846e+01,2.076667e+01,2.085024e+01,2.081543e+01,2.085024e+01,2.084328e+01,2.094765e+01,2.080846e+01,2.078060e+01,2.079453e+01,2.082935e+01,2.087808e+01,2.087808e+01,2.090592e+01,2.080846e+01,2.076667e+01,2.077363e+01,2.066211e+01,2.059932e+01,2.034077e+01,2.028478e+01,2.001139e+01,1.993414e+01,1.987090e+01,1.976540e+01,1.969500e+01,1.977243e+01,1.974428e+01,1.980058e+01,1.980761e+01,1.994819e+01,1.996224e+01,1.996926e+01,1.998330e+01,2.024277e+01,1.999735e+01,2.012364e+01,2.024977e+01,2.035476e+01,2.033377e+01,2.057140e+01,2.047362e+01,2.075273e+01,2.062723e+01,2.071789e+01,2.080150e+01,2.082935e+01,2.082239e+01,2.072486e+01,2.075273e+01,2.073182e+01,2.061327e+01,2.065513e+01,2.046663e+01,2.043868e+01,2.046663e+01,2.028478e+01,2.024277e+01,2.011663e+01,2.001139e+01,2.006753e+01,1.998330e+01,1.989198e+01,1.989901e+01,1.981464e+01,1.992711e+01,1.996926e+01,1.980761e+01,2.001139e+01,1.984980e+01,1.985683e+01,1.989901e+01,1.986386e+01,1.995521e+01,1.994819e+01,1.984277e+01,1.991306e+01,1.998330e+01,1.989901e+01,1.987090e+01,1.984277e+01,1.983574e+01,1.975836e+01,1.968796e+01,1.971613e+01,1.968092e+01,1.974428e+01,1.984277e+01,2.003244e+01,2.017972e+01,2.050157e+01,2.052252e+01,2.033377e+01,2.052950e+01,2.054347e+01,2.052950e+01,2.051554e+01,2.069697e+01,2.069000e+01,2.057140e+01,2.056442e+01,2.060629e+01,2.073182e+01,2.073182e+01,2.067605e+01,2.043169e+01,2.045266e+01,2.046663e+01,2.043169e+01,2.061327e+01,2.055743e+01,2.057838e+01,2.045964e+01,2.046663e+01,2.045964e+01,2.042470e+01,2.024277e+01,2.025677e+01,2.015168e+01,1.977243e+01,1.943411e+01,1.951175e+01,1.937762e+01,1.937762e+01,1.933522e+01,1.937055e+01,1.939881e+01,1.942705e+01,1.947647e+01,1.933522e+01,1.939174e+01,1.993414e+01,2.048759e+01,2.055743e+01,2.064118e+01,2.080846e+01,2.080846e+01,2.080150e+01,2.076667e+01,2.082239e+01,2.087808e+01,2.084328e+01,2.081543e+01,2.087808e+01,2.086416e+01,2.084328e+01,2.086416e+01,2.080846e+01,2.085024e+01,2.085720e+01,2.082239e+01,2.079453e+01,2.084328e+01,2.075970e+01,2.075273e+01,2.073879e+01,2.093374e+01,2.082935e+01,2.082935e+01,2.079453e+01,2.085024e+01,2.083632e+01,2.077363e+01,2.084328e+01,2.088504e+01,2.091287e+01,2.077363e+01,2.074576e+01,2.084328e+01,2.085720e+01,2.078757e+01,2.081543e+01,2.077363e+01,2.075970e+01,2.080846e+01,2.077363e+01,2.081543e+01,2.076667e+01,2.077363e+01,2.085024e+01,2.083632e+01,2.075273e+01,2.087112e+01,2.077363e+01,2.076667e+01,2.081543e+01,2.082239e+01,2.078060e+01,2.075970e+01,2.084328e+01,2.081543e+01,2.073182e+01,2.075970e+01,2.071091e+01,2.085024e+01,2.078757e+01,2.079453e+01,2.078757e+01,2.079453e+01,2.088504e+01,2.080846e+01,2.080846e+01,2.079453e+01,2.082239e+01,2.085720e+01,2.093374e+01,2.078757e+01,2.080150e+01,2.077363e+01,2.082935e+01,2.079453e+01,2.076667e+01,2.084328e+01,2.087112e+01,2.079453e+01,2.082935e+01,2.081543e+01,2.080150e+01,2.080846e+01,2.084328e+01,2.084328e+01,2.087112e+01,2.078060e+01,2.078757e+01,2.087112e+01,2.078757e+01,2.085024e+01,2.075273e+01,2.067605e+01,2.080150e+01,2.085720e+01,2.082239e+01,2.082239e+01,2.078060e+01,2.073879e+01,2.071789e+01,2.082239e+01,2.082935e+01,2.080150e+01,2.093374e+01,2.082239e+01,2.079453e+01,2.079453e+01,2.080846e+01,2.076667e+01,2.078060e+01,2.076667e+01,2.084328e+01,2.081543e+01,2.077363e+01,2.078757e+01,2.101718e+01,2.080150e+01,2.080846e+01,2.080150e+01,2.081543e+01,2.098242e+01,2.072486e+01,2.069697e+01,2.088504e+01,2.082935e+01,2.083632e+01,2.089200e+01,2.082935e+01,2.085720e+01,2.079453e+01,2.082935e+01,2.078060e+01,2.077363e+01,2.086416e+01,2.084328e+01,2.088504e+01,2.075970e+01,2.084328e+01,2.076667e+01,2.078060e+01,2.075273e+01,2.089896e+01,2.080846e+01,2.078060e+01,2.080150e+01,2.080150e+01,2.088504e+01,2.080846e+01,2.085024e+01,2.075970e+01,2.078757e+01,2.078757e+01,2.077363e+01,2.071789e+01,2.080846e+01,2.069000e+01,2.082239e+01,2.080846e+01,2.077363e+01,2.076667e+01,2.070394e+01,2.085720e+01,2.085024e+01,2.065513e+01,2.080150e+01,2.077363e+01,2.079453e+01,2.074576e+01,2.079453e+01,2.073879e+01,2.073879e+01,2.075273e+01,2.085720e+01,2.075970e+01,2.081543e+01,2.079453e+01,2.077363e+01,2.079453e+01,2.074576e+01,2.079453e+01,2.073182e+01,2.052950e+01,2.087112e+01,2.073879e+01,2.071789e+01,2.083632e+01,2.078757e+01,2.075970e+01,2.078757e+01,2.081543e+01,2.088504e+01,2.087808e+01,2.089200e+01,2.091287e+01,2.062723e+01,2.080150e+01,2.083632e+01,2.080846e+01,2.073879e+01,2.079453e+01,2.077363e+01,2.085720e+01,2.085720e+01,2.073182e+01,2.081543e+01,2.089896e+01,2.089200e+01,2.071789e+01,2.082239e+01,2.084328e+01,2.087808e+01,2.077363e+01,2.079453e+01,2.084328e+01,2.090592e+01,2.086416e+01,2.085024e+01,2.080150e+01,2.091983e+01,2.081543e+01,2.080846e+01,2.085720e+01,2.087808e+01,2.082239e+01,2.088504e+01
2.072486e+01,2.067605e+01,2.066211e+01,2.068303e+01,2.073182e+01,2.062025e+01,2.081543e+01,2.076667e+01,2.080150e+01,2.069697e+01,2.081543e+01,2.068303e+01,2.071091e+01,2.072486e+01,2.085720e+01,2.080846e+01,2.090592e+01,2.080150e+01,2.078060e+01,2.079453e+01,2.073182e+01,2.074576e+01,2.070394e+01,2.073879e+01,2.069000e+01,2.067605e+01,2.079453e+01,2.080150e+01,2.081543e+01,2.075970e+01,2.051554e+01,2.076667e+01,2.071091e+01,2.080150e+01,2.078757e+01,2.079453e+01,2.087808e+01,2.075273e+01,2.073879e+01,2.078060e+01,2.079453e+01,2.079453e+01,2.082239e+01,2.076667e+01,2.085720e+01,2.075970e+01,2.075273e+01,2.066908e+01,2.081543e+01,2.091983e+01,2.091983e+01,2.085024e+01,2.077363e+01,2.082239e+01,2.085720e+01,2.075970e+01,2.084328e+01,2.078060e+01,2.076667e+01,2.076667e+01,2.071789e+01,2.077363e+01,2.081543e+01,2.082239e+01,2.090592e+01,2.080150e+01,2.080150e+01,2.080846e+01,2.082935e+01,2.073879e+01,2.071789e+01,2.075273e+01,2.087112e+01,2.102413e+01,2.081543e+01,2.086416e+01,2.082935e+01,2.071091e+01,2.080150e+01,2.087112e+01,2.089200e+01,2.076667e+01,2.086416e+01,2.080150e+01,2.079453e+01,2.079453e+01,2.089896e+01,2.079453e+01,2.073879e+01,2.085024e+01,2.078060e+01,2.079453e+01,2.085024e+01,2.072486e+01,2.098242e+01,2.101718e+01,2.075273e+01,2.083632e+01,2.085720e+01,2.080846e+01,2.077363e+01,2.081543e+01,2.089896e+01,2.080846e+01,2.078757e+01,2.082239e+01,2.075273e+01,2.085024e+01,2.066211e+01,2.087808e+01,2.086416e+01,2.083632e+01,2.076667e+01,2.077363e+01,2.077363e+01,2.085720e+01,2.076667e+01,2.073879e+01,2.082935e+01,2.082935e+01,2.080150e+01,2.076667e+01,2.077363e+01,2.076667e+01,2.073879e+01,2.075970e+01,2.082239e+01,2.083632e+01,2.084328e+01,2.080150e+01,2.072486e+01,2.080150e+01,2.080150e+01,2.080846e+01,2.080846e+01,2.081543e+01,2.074576e+01,2.082935e+01,2.087112e+01,2.074576e+01,2.073879e+01,2.073182e+01,2.078757e+01,2.076667e+01,2.076667e+01,2.075273e+01,2.077363e+01,2.075970e+01,2.076667e+01,2.075273e+01,2.073879e+01,2.083632e+01,2.082935e+01,2.085024e+01,2.067605e+01,2.075970e+01,2.071789e+01,2.075970e+01,2.069697e+01,2.063420e+01,2.089200e+01,2.075970e+01,2.078757e+01,2.069000e+01,2.069000e+01,2.069697e+01,2.073182e+01,2.068303e+01,2.072486e+01,2.070394e+01,2.049458e+01,2.001139e+01,1.963161e+01,1.937762e+01,1.906630e+01,1.879666e+01,1.893867e+01,1.874691e+01,1.885349e+01,1.878955e+01,1.868290e+01,1.873269e+01,1.876112e+01,1.869713e+01,1.874691e+01,1.861174e+01,1.877534e+01,1.860462e+01,1.871847e+01,1.854765e+01,1.876823e+01,1.873980e+01,1.887479e+01,1.888189e+01,1.891028e+01,1.898832e+01,1.898832e+01,1.927867e+01,1.917962e+01,1.913714e+01,1.900251e+01,1.897414e+01,1.891738e+01,1.878955e+01,1.885349e+01,1.866156e+01,1.861174e+01,1.839081e+01,1.855477e+01,1.829801e+01,1.829087e+01,1.818369e+01,1.818369e+01,1.817653e+01,1.821943e+01,1.826230e+01,1.846213e+01,1.838367e+01,1.844074e+01,1.831944e+01,1.852628e+01,1.846926e+01,1.858326e+01,1.883218e+01,1.876823e+01,1.888189e+01,1.860462e+01,1.859750e+01,1.876112e+01,1.857614e+01,1.861174e+01,1.856902e+01,1.856190e+01,1.848352e+01,1.851203e+01,1.844074e+01,1.846213e+01,1.843361e+01,1.840508e+01,1.841934e+01,1.856902e+01,1.854765e+01,1.861174e+01,1.866156e+01,1.871135e+01,1.862598e+01,1.877534e+01,1.872558e+01,1.873269e+01,1.876112e+01,1.881797e+01,1.875401e+01,1.875401e+01,1.885349e+01,1.889609e+01,1.882508e+01,1.889609e+01,1.903087e+01,1.903087e+01,1.915838e+01,1.937762e+01,1.957522e+01,1.976540e+01,2.001841e+01,2.013065e+01,2.042470e+01,2.077363e+01,2.078757e+01,2.078757e+01,2.081543e+01,2.082239e+01,2.083632e+01,2.081543e+01,2.076667e+01,2.083632e+01,2.081543e+01,2.077363e+01,2.087808e+01,2.079453e+01,2.086416e+01,2.080150e+01,2.082239e+01,2.094765e+01,2.082239e+01,2.084328e+01,2.080846e+01,2.080846e+01,2.080150e+01,2.080846e+01,2.084328e+01,2.087808e+01,2.090592e+01,2.088504e+01,2.087808e+01,2.085024e+01,2.080150e+01,2.069000e+01,2.071091e+01,2.038974e+01,2.032678e+01,2.022876e+01,2.012364e+01,1.982168e+01,1.989198e+01,1.978650e+01,1.973725e+01,1.975836e+01,1.980058e+01,1.980058e+01,1.996926e+01,1.991306e+01,1.989901e+01,1.998330e+01,1.998330e+01,1.993414e+01,1.996224e+01,2.018673e+01,2.028478e+01,2.036875e+01,2.049458e+01,2.048061e+01,2.061327e+01,2.069000e+01,2.072486e+01,2.083632e+01,2.073182e+01,2.071789e+01,2.077363e+01,2.074576e+01,2.075970e+01,2.073879e+01,2.062025e+01,2.070394e+01,2.046663e+01,2.039673e+01,2.037575e+01,2.038274e+01,2.021475e+01,2.026378e+01,1.999033e+01,2.011663e+01,2.009559e+01,2.005350e+01,1.999735e+01,1.995521e+01,2.003946e+01,2.009559e+01,2.012364e+01,1.992009e+01,1.994819e+01,1.992009e+01,2.001841e+01,2.006051e+01,1.997628e+01,1.993414e+01,1.997628e+01,1.990604e+01,1.999033e+01,1.985683e+01,1.978650e+01,1.973725e+01,1.970909e+01,1.967388e+01,1.957522e+01,1.952586e+01,1.968092e+01,1.980058e+01,1.997628e+01,2.014467e+01,2.028478e+01,2.050855e+01,2.054347e+01,2.055045e+01,2.059234e+01,2.063420e+01,2.057838e+01,2.067605e+01,2.080150e+01,2.074576e+01,2.050157e+01,2.076667e+01,2.072486e+01,2.068303e+01,2.077363e+01,2.073879e+01,2.071789e+01,2.067605e+01,2.067605e+01,2.063420e+01,2.079453e+01,2.073879e+01,2.064816e+01,2.065513e+01,2.063420e+01,2.044567e+01,2.029878e+01,2.021475e+01,1.984277e+01,1.975132e+01,1.957522e+01,1.952586e+01,1.944118e+01,1.940587e+01,1.937055e+01,1.948352e+01,1.938468e+01,1.941999e+01,1.964570e+01,1.963865e+01,1.928574e+01,1.965274e+01,2.052950e+01,2.062025e+01,2.095461e+01,2.075273e+01,2.079453e+01,2.081543e+01,2.084328e+01,2.060629e+01,2.085720e+01,2.085024e+01,2.083632e+01,2.082239e+01,2.084328e+01,2.066908e+01,2.074576e+01,2.087808e+01,2.075273e+01,2.078757e+01,2.070394e+01,2.070394e+01,2.075273e+01,2.085720e+01,2.077363e+01,2.078060e+01,2.082239e+01,2.087808e+01,2.078060e+01,2.082239e+01,2.081543e+01,2.086416e+01,2.083632e+01,2.073879e+01,2.085024e+01,2.090592e+01,2.075970e+01,2.089896e+01,2.085720e+01,2.078060e+01,2.082239e+01,2.080846e+01,2.080846e+01,2.082935e+01,2.090592e+01,2.086416e+01,2.079453e+01,2.080846e+01,2.073879e+01,2.076667e+01,2.076667e+01,2.077363e+01,2.075273e+01,2.079453e+01,2.081543e+01,2.078060e+01,2.083632e+01,2.091287e+01,2.080846e+01,2.085024e+01,2.071789e+01,2.085024e+01,2.079453e+01,2.085720e+01,2.083632e+01,2.082239e+01,2.085024e+01,2.075970e+01,2.077363e+01,2.087808e+01,2.083632e+01,2.079453e+01,2.077363e+01,2.085720e+01,2.080846e+01,2.081543e+01,2.085024e+01,2.086416e+01,2.078060e+01,2.080150e+01,2.080846e+01,2.082935e+01,2.090592e+01,2.071091e+01,2.080846e+01,2.075273e+01,2.082239e+01,2.082935e+01,2.073182e+01,2.081543e+01,2.080846e+01,2.081543e+01,2.077363e+01,2.083632e+01,2.078757e+01,2.078757e+01,2.074576e+01,2.080846e+01,2.092679e+01,2.075273e+01,2.069697e+01,2.073879e+01,2.084328e+01,2.085720e+01,2.083632e+01,2.083632e+01,2.080150e+01,2.085720e+01,2.080846e+01,2.085024e+01,2.094765e+01,2.085024e+01,2.075970e+01,2.087808e+01,2.068303e+01,2.080846e+01,2.089896e+01,2.073182e+01,2.076667e+01,2.078060e+01,2.088504e+01,2.078757e+01,2.080150e+01,2.079453e+01,2.095461e+01,2.080150e+01,2.084328e+01,2.081543e+01,2.083632e+01,2.089200e+01,2.080150e+01,2.093374e+01,2.084328e+01,2.087112e+01,2.086416e+01,2.085720e+01,2.076667e+01,2.084328e+01,2.080150e+01,2.081543e+01,2.078757e+01,2.075273e+01,2.073879e+01,2.083632e+01,2.078060e+01,2.084328e+01,2.077363e+01,2.077363e+01,2.085720e+01,2.077363e+01,2.086416e+01,2.087112e+01,2.085720e+01,2.078060e+01,2.084328e+01,2.082935e+01,2.079453e+01,2.083632e+01,2.079453e+01,2.081543e+01,2.079453e+01,2.081543e+01,2.076667e+01,2.073879e+01,2.081543e+01,2.081543e+01,2.082239e+01,2.082935e+01,2.082935e+01,2.082935e+01,2.090592e+01,2.078757e+01,2.077363e+01,2.075970e+01,2.074576e+01,2.071091e+01,2.079453e+01,2.086416e+01,2.077363e+01,2.077363e+01,2.088504e+01,2.074576e+01,2.075273e+01,2.079453e+01,2.074576e+01,2.072486e+01,2.080150e+01,2.089200e+01,2.080150e+01,2.075273e+01,2.067605e+01,2.075970e+01,2.075970e+01,2.085024e+01,2.082239e+01,2.079453e+01,2.084328e+01,2.089200e+01,2.080846e+01,2.079453e+01,2.073879e+01,2.086416e+01,2.086416e+01,2.076667e+01,2.084328e+01,2.080846e+01,2.073879e+01,2.086416e+01,2.074576e+01,2.077363e+01,2.077363e+01,2.072486e+01,2.087112e+01,2.075970e+01,2.069000e+01,2.069697e+01,2.078060e+01,2.074576e+01,2.082239e+01,2.087112e+01,2.077363e+01,2.083632e+01,2.082239e+01,2.111443e+01,2.082239e+01,2.085720e+01,2.082935e+01,2.079453e+01,2.077363e+01,2.084328e+01,2.075273e+01
2.069697e+01,2.071789e+01,2.073879e+01,2.070394e+01,2.075273e+01,2.075970e+01,2.081543e+01,2.084328e+01,2.057140e+01,2.078757e+01,2.074576e+01,2.082239e+01,2.079453e+01,2.066908e+01,2.070394e+01,2.080846e+01,2.078060e+01,2.073879e+01,2.062025e+01,2.074576e+01,2.080150e+01,2.071091e+01,2.074576e+01,2.081543e+01,2.079453e+01,2.064816e+01,2.080150e+01,2.079453e+01,2.075970e+01,2.076667e+01,2.079453e+01,2.074576e+01,2.060629e+01,2.069000e+01,2.082935e+01,2.079453e+01,2.082935e+01,2.078060e+01,2.073182e+01,2.092679e+01,2.068303e+01,2.078757e+01,2.069697e+01,2.078060e+01,2.086416e+01,2.080150e+01,2.067605e+01,2.084328e+01,2.075970e+01,2.080846e+01,2.076667e+01,2.069697e+01,2.071789e+01,2.070394e+01,2.080846e+01,2.077363e+01,2.082239e+01,2.087808e+01,2.075970e+01,2.071091e+01,2.079453e+01,2.075970e+01,2.086416e+01,2.078060e+01,2.091983e+01,2.075273e+01,2.078757e+01,2.075970e+01,2.077363e+01,2.082935e+01,2.087112e+01,2.071091e+01,2.090592e+01,2.079453e+01,2.085024e+01,2.075273e+01,2.083632e+01,2.092679e+01,2.073182e+01,2.089896e+01,2.078757e+01,2.079453e+01,2.080150e+01,2.077363e+01,2.079453e+01,2.081543e+01,2.082935e+01,2.083632e+01,2.080846e+01,2.088504e+01,2.071091e+01,2.069697e+01,2.087112e+01,2.080846e+01,2.078060e+01,2.081543e+01,2.083632e+01,2.072486e+01,2.082239e+01,2.077363e+01,2.070394e+01,2.077363e+01,2.082935e+01,2.075970e+01,2.073879e+01,2.073182e+01,2.085720e+01,2.075970e+01,2.085024e+01,2.088504e+01,2.085024e+01,2.080150e+01,2.084328e+01,2.077363e+01,2.083632e+01,2.076667e+01,2.085024e+01,2.076667e+01,2.072486e+01,2.082935e+01,2.075273e+01,2.073182e+01,2.079453e+01,2.073182e+01,2.079453e+01,2.075273e+01,2.085024e+01,2.071789e+01,2.082239e+01,2.080846e+01,2.079453e+01,2.080846e+01,2.071789e+01,2.081543e+01,2.077363e+01,2.084328e+01,2.092679e+01,2.089896e+01,2.086416e+01,2.092679e+01,2.071091e+01,2.075970e+01,2.069697e+01,2.074576e+01,2.076667e+01,2.071789e+01,2.089896e+01,2.071789e+01,2.071789e+01,2.076667e+01,2.077363e+01,2.078060e+01,2.073879e+01,2.078757e+01,2.080846e+01,2.074576e+01,2.073879e+01,2.069000e+01,2.071091e+01,2.085024e+01,2.081543e+01,2.070394e+01,2.076667e+01,2.072486e+01,2.069000e+01,2.078060e+01,2.062723e+01,2.069000e+01,2.071789e+01,2.067605e+01,2.041071e+01,1.999735e+01,1.961047e+01,1.932109e+01,1.920085e+01,1.901669e+01,1.885349e+01,1.878245e+01,1.878955e+01,1.878955e+01,1.878955e+01,1.870424e+01,1.873980e+01,1.883928e+01,1.871135e+01,1.869713e+01,1.871847e+01,1.862598e+01,1.861886e+01,1.876823e+01,1.862598e+01,1.877534e+01,1.885349e+01,1.889609e+01,1.912298e+01,1.913714e+01,1.905213e+01,1.920793e+01,1.913006e+01,1.910881e+01,1.902378e+01,1.893157e+01,1.877534e+01,1.874691e+01,1.881797e+01,1.843361e+01,1.859750e+01,1.835513e+01,1.833372e+01,1.825516e+01,1.816938e+01,1.819083e+01,1.818369e+01,1.824087e+01,1.824801e+01,1.830515e+01,1.836940e+01,1.826230e+01,1.862598e+01,1.848352e+01,1.865444e+01,1.865444e+01,1.859038e+01,1.884638e+01,1.883218e+01,1.884638e+01,1.884638e+01,1.868290e+01,1.861886e+01,1.861886e+01,1.869713e+01,1.854765e+01,1.851203e+01,1.838367e+01,1.841934e+01,1.839794e+01,1.844787e+01,1.841934e+01,1.854053e+01,1.839081e+01,1.844074e+01,1.857614e+01,1.856190e+01,1.866156e+01,1.867579e+01,1.877534e+01,1.864733e+01,1.873269e+01,1.877534e+01,1.886059e+01,1.873269e+01,1.875401e+01,1.877534e+01,1.886059e+01,1.870424e+01,1.887479e+01,1.898123e+01,1.894576e+01,1.917254e+01,1.934936e+01,1.968092e+01,1.977947e+01,2.001841e+01,2.029878e+01,2.046663e+01,2.071091e+01,2.079453e+01,2.079453e+01,2.078060e+01,2.080150e+01,2.082239e+01,2.078757e+01,2.079453e+01,2.078757e+01,2.079453e+01,2.081543e+01,2.074576e+01,2.088504e+01,2.081543e+01,2.086416e+01,2.072486e+01,2.088504e+01,2.088504e+01,2.085720e+01,2.084328e+01,2.079453e+01,2.089200e+01,2.089896e+01,2.087112e+01,2.076667e+01,2.077363e+01,2.086416e+01,2.080150e+01,2.089200e+01,2.082239e+01,2.078060e+01,2.083632e+01,2.062025e+01,2.057140e+01,2.037575e+01,2.042470e+01,2.032678e+01,2.021475e+01,1.994117e+01,1.979354e+01,1.981464e+01,1.979354e+01,1.977947e+01,1.982871e+01,1.975836e+01,1.989198e+01,1.980761e+01,1.994117e+01,2.005350e+01,1.994117e+01,1.996926e+01,2.008857e+01,2.012364e+01,2.034077e+01,2.020774e+01,2.041770e+01,2.043169e+01,2.042470e+01,2.069697e+01,2.071091e+01,2.071091e+01,2.054347e+01,2.073182e+01,2.075273e+01,2.076667e+01,2.070394e+01,2.077363e+01,2.069697e+01,2.062025e+01,2.060629e+01,2.051554e+01,2.036875e+01,2.021475e+01,2.021475e+01,2.020074e+01,2.008857e+01,2.012364e+01,2.005350e+01,1.997628e+01,1.998330e+01,2.010260e+01,2.002542e+01,2.005350e+01,1.999735e+01,2.008156e+01,2.006753e+01,1.996224e+01,2.005350e+01,1.998330e+01,1.990604e+01,2.002542e+01,2.006051e+01,1.999735e+01,1.980058e+01,1.990604e+01,1.984980e+01,1.966683e+01,1.965979e+01,1.959637e+01,1.961047e+01,1.965274e+01,1.973021e+01,1.999735e+01,2.000437e+01,2.010260e+01,2.048759e+01,2.055743e+01,2.066211e+01,2.069000e+01,2.073182e+01,2.055045e+01,2.078757e+01,2.070394e+01,2.078060e+01,2.081543e+01,2.071091e+01,2.078757e+01,2.077363e+01,2.085024e+01,2.070394e+01,2.080150e+01,2.069000e+01,2.068303e+01,2.079453e+01,2.069697e+01,2.082935e+01,2.075970e+01,2.075970e+01,2.066211e+01,2.050157e+01,2.036875e+01,2.026378e+01,2.006753e+01,1.976540e+01,1.950469e+01,1.961047e+01,1.948352e+01,1.944118e+01,1.940587e+01,1.949764e+01,1.936349e+01,1.946941e+01,1.945529e+01,1.946941e+01,1.935642e+01,1.977243e+01,2.040372e+01,2.058536e+01,2.063420e+01,2.073182e+01,2.087112e+01,2.082935e+01,2.082239e+01,2.081543e+01,2.078757e+01,2.071789e+01,2.082935e+01,2.085024e+01,2.085024e+01,2.082239e+01,2.089896e+01,2.080150e+01,2.075273e+01,2.075273e+01,2.082935e+01,2.064118e+01,2.088504e+01,2.078757e+01,2.078060e+01,2.082935e+01,2.090592e+01,2.078757e+01,2.069000e+01,2.085024e+01,2.080846e+01,2.080150e+01,2.077363e+01,2.085024e+01,2.071091e+01,2.080846e+01,2.087808e+01,2.080846e+01,2.079453e+01,2.073879e+01,2.081543e+01,2.084328e+01,2.079453e+01,2.082239e+01,2.079453e+01,2.087112e+01,2.084328e+01,2.082935e+01,2.082239e+01,2.078060e+01,2.076667e+01,2.080846e+01,2.081543e+01,2.079453e+01,2.089200e+01,2.076667e+01,2.073182e+01,2.073879e+01,2.073879e+01,2.082935e+01,2.085024e+01,2.072486e+01,2.080150e+01,2.082935e+01,2.089200e+01,2.085024e+01,2.077363e+01,2.078060e+01,2.078757e+01,2.089896e+01,2.087808e+01,2.080846e+01,2.080150e+01,2.076667e+01,2.079453e+01,2.083632e+01,2.076667e+01,2.075970e+01,2.077363e+01,2.062723e+01,2.082239e+01,2.083632e+01,2.082935e+01,2.090592e+01,2.071091e+01,2.086416e+01,2.082239e+01,2.072486e+01,2.073182e+01,2.077363e+01,2.081543e+01,2.082239e+01,2.076667e+01,2.075970e+01,2.071091e+01,2.078757e+01,2.083632e+01,2.088504e+01,2.073879e+01,2.078060e+01,2.075273e+01,2.089200e+01,2.082935e+01,2.083632e+01,2.086416e+01,2.085720e+01,2.077363e+01,2.071091e+01,2.082935e+01,2.085024e+01,2.086416e+01,2.084328e+01,2.083632e+01,2.082935e+01,2.075273e+01,2.081543e+01,2.085024e+01,2.083632e+01,2.082239e+01,2.079453e+01,2.075970e+01,2.083632e+01,2.089896e+01,2.086416e+01,2.090592e+01,2.080846e+01,2.110054e+01,2.082239e+01,2.086416e+01,2.082239e+01,2.082935e+01,2.089896e+01,2.087808e+01,2.087808e+01,2.085024e+01,2.088504e+01,2.075970e+01,2.082239e+01,2.081543e+01,2.083632e+01,2.082239e+01,2.079453e+01,2.076667e+01,2.078060e+01,2.079453e+01,2.076667e+01,2.074576e+01,2.085720e+01,2.078757e+01,2.075273e+01,2.077363e+01,2.085024e+01,2.078757e+01,2.085024e+01,2.083632e+01,2.075273e+01,2.075970e+01,2.088504e+01,2.085024e+01,2.082239e+01,2.068303e+01,2.083632e+01,2.072486e+01,2.074576e+01,2.082935e+01,2.078757e+01,2.084328e+01,2.091983e+01,2.079453e+01,2.086416e+01,2.086416e+01,2.078060e+01,2.076667e+01,2.080846e+01,2.070394e+01,2.078060e+01,2.083632e+01,2.082239e+01,2.076667e+01,2.075273e+01,2.078757e+01,2.073182e+01,2.069000e+01,2.073879e+01,2.076667e+01,2.071789e+01,2.091287e+01,2.073879e+01,2.076667e+01,2.064118e+01,2.078060e+01,2.081543e+01,2.080846e+01,2.075970e+01,2.082935e+01,2.076667e+01,2.078060e+01,2.083632e+01,2.079453e+01,2.075273e+01,2.075273e+01,2.075273e+01,2.075273e+01,2.085720e+01,2.087112e+01,2.083632e+01,2.079453e+01,2.073879e+01,2.078060e+01,2.072486e+01,2.071091e+01,2.081543e+01,2.069697e+01,2.068303e+01,2.084328e+01,2.082239e+01,2.079453e+01,2.078757e+01,2.073879e+01,2.081543e+01,2.074576e+01,2.084328e+01,2.080846e+01,2.088504e+01,2.085024e+01,2.080846e+01,2.090592e+01,2.091287e+01,2.091287e+01,2.090592e+01,2.083632e+01
2.069697e+01,2.066908e+01,2.094070e+01,2.084328e+01,2.069000e+01,2.074576e+01,2.075970e+01,2.083632e+01,2.069697e+01,2.082935e+01,2.082935e+01,2.078060e+01,2.069000e+01,2.076667e+01,2.068303e+01,2.075970e+01,2.065513e+01,2.079453e+01,2.082935e+01,2.073879e+01,2.078757e+01,2.073879e+01,2.067605e+01,2.086416e+01,2.081543e+01,2.074576e+01,2.087808e+01,2.089200e+01,2.073879e+01,2.079453e+01,2.080150e+01,2.082935e+01,2.085720e+01,2.073879e+01,2.075273e+01,2.071789e+01,2.080846e+01,2.075970e+01,2.078757e+01,2.083632e+01,2.087112e+01,2.080150e+01,2.082935e+01,2.079453e+01,2.078757e+01,2.081543e+01,2.078060e+01,2.068303e+01,2.090592e+01,2.084328e+01,2.076667e+01,2.085720e+01,2.069000e+01,2.071091e+01,2.085024e+01,2.081543e+01,2.075273e+01,2.075273e+01,2.086416e+01,2.082935e+01,2.074576e+01,2.074576e+01,2.081543e+01,2.078757e+01,2.088504e+01,2.078757e+01,2.075273e+01,2.075970e+01,2.075970e+01,2.082935e+01,2.085024e+01,2.072486e+01,2.088504e+01,2.081543e+01,2.080150e+01,2.081543e+01,2.082935e+01,2.084328e+01,2.079453e+01,2.090592e+01,2.089200e+01,2.073182e+01,2.078060e+01,2.085024e+01,2.082239e+01,2.085720e+01,2.084328e+01,2.066908e+01,2.077363e+01,2.072486e+01,2.078757e+01,2.078757e+01,2.085720e+01,2.090592e+01,2.077363e+01,2.083632e+01,2.076667e+01,2.085720e+01,2.069000e+01,2.073182e+01,2.073879e+01,2.069000e+01,2.081543e+01,2.081543e+01,2.083632e+01,2.072486e+01,2.072486e+01,2.073879e+01,2.086416e+01,2.076667e+01,2.077363e+01,2.077363e+01,2.077363e+01,2.079453e+01,2.085024e+01,2.080846e+01,2.080846e+01,2.081543e+01,2.081543e+01,2.083632e+01,2.080846e+01,2.073879e+01,2.075970e+01,2.079453e+01,2.077363e+01,2.071091e+01,2.083632e+01,2.080846e+01,2.083632e+01,2.084328e+01,2.090592e+01,2.078060e+01,2.081543e+01,2.071789e+01,2.096156e+01,2.073182e+01,2.086416e+01,2.085024e+01,2.075970e+01,2.085024e+01,2.071789e+01,2.071091e+01,2.071091e+01,2.071789e+01,2.083632e+01,2.073879e+01,2.080150e+01,2.075273e+01,2.085024e+01,2.082935e+01,2.072486e+01,2.089896e+01,2.075970e+01,2.075970e+01,2.074576e+01,2.080846e+01,2.077363e+01,2.080846e+01,2.071789e+01,2.070394e+01,2.068303e+01,2.069000e+01,2.073879e+01,2.071091e+01,2.078060e+01,2.081543e+01,2.077363e+01,2.078060e+01,2.072486e+01,2.061327e+01,2.049458e+01,1.999735e+01,1.955407e+01,1.932109e+01,1.933522e+01,1.907339e+01,1.877534e+01,1.876112e+01,1.877534e+01,1.879666e+01,1.879666e+01,1.876112e+01,1.882508e+01,1.880376e+01,1.876823e+01,1.888899e+01,1.878955e+01,1.881087e+01,1.877534e+01,1.875401e+01,1.880376e+01,1.890318e+01,1.908047e+01,1.894576e+01,1.911590e+01,1.909464e+01,1.911590e+01,1.918670e+01,1.913006e+01,1.903087e+01,1.876823e+01,1.876112e+01,1.883928e+01,1.861174e+01,1.857614e+01,1.856902e+01,1.843361e+01,1.832658e+01,1.832658e+01,1.819798e+01,1.823372e+01,1.820513e+01,1.824087e+01,1.837654e+01,1.834799e+01,1.835513e+01,1.849777e+01,1.867579e+01,1.858326e+01,1.868290e+01,1.863309e+01,1.881797e+01,1.891738e+01,1.886059e+01,1.890318e+01,1.884638e+01,1.888189e+01,1.884638e+01,1.875401e+01,1.876112e+01,1.877534e+01,1.874691e+01,1.852628e+01,1.851203e+01,1.852628e+01,1.850490e+01,1.831944e+01,1.841221e+01,1.841934e+01,1.835513e+01,1.852628e+01,1.851203e+01,1.860462e+01,1.855477e+01,1.869713e+01,1.862598e+01,1.873269e+01,1.878245e+01,1.871847e+01,1.876112e+01,1.882508e+01,1.864733e+01,1.880376e+01,1.890318e+01,1.890318e+01,1.888899e+01,1.896704e+01,1.913006e+01,1.935642e+01,1.967388e+01,2.001139e+01,1.999735e+01,2.020774e+01,2.046663e+01,2.048759e+01,2.078060e+01,2.078060e+01,2.074576e+01,2.077363e+01,2.084328e+01,2.080150e+01,2.083632e+01,2.080846e+01,2.087112e+01,2.082935e+01,2.081543e+01,2.082239e+01,2.080150e+01,2.087808e+01,2.090592e+01,2.089200e+01,2.087808e+01,2.083632e+01,2.090592e+01,2.082935e+01,2.087808e+01,2.083632e+01,2.080150e+01,2.083632e+01,2.089200e+01,2.079453e+01,2.092679e+01,2.089200e+01,2.091287e+01,2.089200e+01,2.085024e+01,2.083632e+01,2.075273e+01,2.057140e+01,2.052950e+01,2.051554e+01,2.022176e+01,2.006051e+01,2.010260e+01,1.984277e+01,1.979354e+01,1.968092e+01,1.980058e+01,1.977947e+01,1.985683e+01,1.989901e+01,1.973725e+01,1.975836e+01,1.994117e+01,1.995521e+01,2.004648e+01,1.999033e+01,2.001841e+01,2.007454e+01,2.017972e+01,2.036176e+01,2.048759e+01,2.038974e+01,2.043868e+01,2.043169e+01,2.057140e+01,2.071789e+01,2.064118e+01,2.075970e+01,2.075970e+01,2.073182e+01,2.077363e+01,2.075970e+01,2.073182e+01,2.053649e+01,2.052252e+01,2.038274e+01,2.036875e+01,2.032678e+01,2.020774e+01,2.010961e+01,2.018673e+01,2.018673e+01,2.003946e+01,2.019373e+01,2.005350e+01,1.999735e+01,2.005350e+01,2.005350e+01,2.015168e+01,2.010961e+01,2.001139e+01,2.006051e+01,2.004648e+01,2.017271e+01,1.996224e+01,1.998330e+01,1.994117e+01,1.980058e+01,1.982871e+01,1.968092e+01,1.977947e+01,1.961047e+01,1.964570e+01,1.949058e+01,1.946941e+01,1.968092e+01,1.970909e+01,1.983574e+01,1.999735e+01,2.027078e+01,2.030578e+01,2.064118e+01,2.067605e+01,2.063420e+01,2.075273e+01,2.078060e+01,2.076667e+01,2.078757e+01,2.079453e+01,2.070394e+01,2.079453e+01,2.079453e+01,2.087808e+01,2.083632e+01,2.078060e+01,2.088504e+01,2.075273e+01,2.087112e+01,2.087112e+01,2.085720e+01,2.083632e+01,2.083632e+01,2.070394e+01,2.073182e+01,2.045266e+01,2.037575e+01,2.025677e+01,1.982168e+01,1.976540e+01,1.952586e+01,1.947647e+01,1.944118e+01,1.970205e+01,1.946941e+01,1.951880e+01,1.946941e+01,1.946941e+01,1.930695e+01,1.932815e+01,1.974428e+01,2.051554e+01,2.075273e+01,2.081543e+01,2.076667e+01,2.069697e+01,2.092679e+01,2.083632e+01,2.089896e+01,2.078060e+01,2.082935e+01,2.068303e+01,2.082239e+01,2.079453e+01,2.083632e+01,2.087112e+01,2.078757e+01,2.072486e+01,2.078757e+01,2.078060e+01,2.084328e+01,2.073879e+01,2.069000e+01,2.089896e+01,2.089200e+01,2.078060e+01,2.077363e+01,2.082935e+01,2.082935e+01,2.080150e+01,2.082935e+01,2.080846e+01,2.080846e+01,2.080846e+01,2.084328e+01,2.082239e+01,2.081543e+01,2.088504e+01,2.074576e+01,2.077363e+01,2.087112e+01,2.084328e+01,2.071789e+01,2.086416e+01,2.077363e+01,2.086416e+01,2.075970e+01,2.081543e+01,2.082239e+01,2.082935e+01,2.083632e+01,2.085720e+01,2.071789e+01,2.090592e+01,2.082239e+01,2.084328e+01,2.073879e+01,2.084328e+01,2.081543e+01,2.083632e+01,2.087112e+01,2.087112e+01,2.075970e+01,2.081543e+01,2.084328e+01,2.078060e+01,2.081543e+01,2.086416e+01,2.078757e+01,2.094070e+01,2.085024e+01,2.082935e+01,2.083632e+01,2.077363e+01,2.082935e+01,2.086416e+01,2.078060e+01,2.082935e+01,2.082239e+01,2.078757e+01,2.080846e+01,2.085024e+01,2.085720e+01,2.086416e+01,2.087808e+01,2.086416e+01,2.082239e+01,2.082239e+01,2.075970e+01,2.073879e+01,2.076667e+01,2.074576e+01,2.087112e+01,2.073182e+01,2.084328e+01,2.080150e+01,2.086416e+01,2.073182e+01,2.082239e+01,2.085024e+01,2.082239e+01,2.078060e+01,2.079453e+01,2.085720e+01,2.073182e+01,2.075273e+01,2.079453e+01,2.083632e+01,2.080846e+01,2.083632e+01,2.082935e+01,2.073879e+01,2.084328e+01,2.079453e+01,2.083632e+01,2.073879e+01,2.083632e+01,2.083632e+01,2.085024e+01,2.081543e+01,2.087112e+01,2.080150e+01,2.083632e+01,2.101718e+01,2.085720e+01,2.090592e+01,2.083632e+01,2.085024e+01,2.083632e+01,2.081543e+01,2.087112e+01,2.080150e+01,2.074576e+01,2.086416e+01,2.093374e+01,2.083632e+01,2.090592e+01,2.085024e+01,2.080846e+01,2.082239e+01,2.080846e+01,2.071789e+01,2.072486e+01,2.077363e+01,2.075970e+01,2.087808e+01,2.075273e+01,2.072486e+01,2.084328e+01,2.079453e+01,2.084328e+01,2.079453e+01,2.077363e+01,2.075273e+01,2.074576e+01,2.077363e+01,2.075273e+01,2.075273e+01,2.078060e+01,2.080150e+01,2.093374e+01,2.082935e+01,2.081543e+01,2.081543e+01,2.082239e+01,2.082239e+01,2.089200e+01,2.075970e+01,2.068303e+01,2.080846e+01,2.075970e+01,2.066908e+01,2.070394e+01,2.080846e+01,2.078757e+01,2.076667e+01,2.082239e+01,2.078757e+01,2.078757e+01,2.076667e+01,2.078757e+01,2.071789e+01,2.095461e+01,2.069697e+01,2.071091e+01,2.078060e+01,2.087112e+01,2.082239e+01,2.075970e+01,2.085024e+01,2.082239e+01,2.080846e+01,2.075970e+01,2.084328e+01,2.087112e+01,2.080150e+01,2.091287e+01,2.075273e+01,2.095461e+01,2.070394e+01,2.074576e+01,2.075970e+01,2.075970e+01,2.086416e+01,2.075970e+01,2.079453e+01,2.089896e+01,2.085720e+01,2.085720e+01,2.079453e+01,2.087808e+01,2.080846e+01,2.086416e+01,2.073182e+01,2.082239e+01,2.076667e+01,2.076667e+01,2.077363e+01,2.086416e+01,2.073182e+01,2.080846e+01,2.075273e+01,2.076667e+01,2.078757e+01,2.089896e+01,2.087808e+01,2.091983e+01,2.075970e+01,2.079453e+01,2.090592e+01
2.069697e+01,2.080846e+01,2.075970e+01,2.073879e+01,2.061327e+01,2.070394e+01,2.069000e+01,2.077363e+01,2.078060e+01,2.081543e+01,2.073182e+01,2.071789e+01,2.077363e+01,2.073182e+01,2.071091e+01,2.069000e+01,2.072486e+01,2.075970e+01,2.075970e+01,2.080150e+01,2.074576e+01,2.076667e+01,2.073879e+01,2.078060e+01,2.089200e+01,2.075273e+01,2.085720e+01,2.081543e+01,2.075273e+01,2.076667e+01,2.075970e+01,2.072486e+01,2.071091e+01,2.086416e+01,2.081543e+01,2.061327e+01,2.074576e+01,2.080150e+01,2.073879e+01,2.085024e+01,2.085720e+01,2.085024e+01,2.083632e+01,2.084328e+01,2.085720e+01,2.082935e+01,2.076667e+01,2.077363e+01,2.082935e+01,2.083632e+01,2.085720e+01,2.086416e+01,2.074576e+01,2.073879e+01,2.075970e+01,2.078060e+01,2.078757e+01,2.105887e+01,2.089896e+01,2.087808e+01,2.071789e+01,2.073879e+01,2.077363e+01,2.076667e+01,2.078060e+01,2.077363e+01,2.081543e+01,2.080150e+01,2.087112e+01,2.088504e+01,2.069697e+01,2.087112e+01,2.071091e+01,2.094765e+01,2.081543e+01,2.082935e+01,2.070394e+01,2.077363e+01,2.078757e+01,2.079453e+01,2.074576e+01,2.082239e+01,2.080846e+01,2.085720e+01,2.081543e+01,2.081543e+01,2.080846e+01,2.076667e+01,2.080846e+01,2.078757e+01,2.078060e+01,2.081543e+01,2.082935e+01,2.081543e+01,2.079453e+01,2.072486e+01,2.077363e+01,2.077363e+01,2.071091e+01,2.079453e+01,2.082935e+01,2.082239e+01,2.093374e+01,2.071789e+01,2.070394e+01,2.070394e+01,2.082239e+01,2.069000e+01,2.075273e+01,2.084328e+01,2.075970e+01,2.076667e+01,2.085720e+01,2.086416e+01,2.072486e+01,2.078060e+01,2.077363e+01,2.081543e+01,2.084328e+01,2.078060e+01,2.082935e+01,2.082935e+01,2.078757e+01,2.080846e+01,2.073182e+01,2.082239e+01,2.088504e+01,2.074576e+01,2.082935e+01,2.094070e+01,2.077363e+01,2.077363e+01,2.075273e+01,2.082935e+01,2.077363e+01,2.077363e+01,2.080846e+01,2.075273e+01,2.069697e+01,2.089200e+01,2.072486e+01,2.071091e+01,2.071789e+01,2.083632e+01,2.075273e+01,2.085024e+01,2.075273e+01,2.085024e+01,2.078060e+01,2.078060e+01,2.084328e+01,2.082935e+01,2.075273e+01,2.078060e+01,2.080846e+01,2.073879e+01,2.078757e+01,2.074576e+01,2.076667e+01,2.085024e+01,2.071789e+01,2.075970e+01,2.066908e+01,2.080150e+01,2.079453e+01,2.078757e+01,2.069000e+01,2.073182e+01,2.071789e+01,2.062025e+01,2.034077e+01,1.996224e+01,1.957522e+01,1.930695e+01,1.917962e+01,1.903087e+01,1.898832e+01,1.880376e+01,1.888189e+01,1.880376e+01,1.878955e+01,1.879666e+01,1.884638e+01,1.888189e+01,1.891028e+01,1.883928e+01,1.876112e+01,1.892448e+01,1.889609e+01,1.891028e+01,1.891028e+01,1.900251e+01,1.902378e+01,1.910881e+01,1.912298e+01,1.910173e+01,1.918670e+01,1.929281e+01,1.915130e+01,1.898832e+01,1.883928e+01,1.853340e+01,1.861886e+01,1.839081e+01,1.840508e+01,1.836227e+01,1.838367e+01,1.836227e+01,1.821228e+01,1.817653e+01,1.819083e+01,1.823372e+01,1.826230e+01,1.826944e+01,1.839794e+01,1.837654e+01,1.844074e+01,1.844074e+01,1.864733e+01,1.863309e+01,1.866156e+01,1.895286e+01,1.893157e+01,1.886769e+01,1.887479e+01,1.884638e+01,1.886769e+01,1.883218e+01,1.886059e+01,1.866156e+01,1.871847e+01,1.856190e+01,1.858326e+01,1.854053e+01,1.854765e+01,1.851915e+01,1.848352e+01,1.841221e+01,1.844074e+01,1.846213e+01,1.857614e+01,1.847639e+01,1.857614e+01,1.854053e+01,1.861174e+01,1.858326e+01,1.859750e+01,1.869713e+01,1.874691e+01,1.879666e+01,1.881797e+01,1.877534e+01,1.883928e+01,1.886769e+01,1.898832e+01,1.898832e+01,1.915838e+01,1.929988e+01,1.967388e+01,1.985683e+01,2.001841e+01,2.031278e+01,2.045266e+01,2.052252e+01,2.078060e+01,2.073879e+01,2.078060e+01,2.078060e+01,2.080150e+01,2.083632e+01,2.098242e+01,2.078757e+01,2.080846e+01,2.094765e+01,2.080846e+01,2.084328e+01,2.079453e+01,2.082239e+01,2.085024e+01,2.082935e+01,2.080846e+01,2.085024e+01,2.087808e+01,2.089200e+01,2.078060e+01,2.076667e+01,2.084328e+01,2.089200e+01,2.087808e+01,2.093374e+01,2.083632e+01,2.079453e+01,2.087808e+01,2.086416e+01,2.088504e+01,2.088504e+01,2.075273e+01,2.073182e+01,2.080150e+01,2.071091e+01,2.046663e+01,2.037575e+01,2.042470e+01,2.024277e+01,1.998330e+01,1.999735e+01,1.993414e+01,1.980761e+01,1.971613e+01,1.975132e+01,1.982871e+01,1.973021e+01,1.980761e+01,1.977243e+01,1.992009e+01,1.987090e+01,1.987090e+01,2.008857e+01,1.994819e+01,2.001841e+01,2.006051e+01,2.017271e+01,2.023577e+01,2.045964e+01,2.048061e+01,2.054347e+01,2.053649e+01,2.055743e+01,2.053649e+01,2.073879e+01,2.073879e+01,2.075970e+01,2.075970e+01,2.073182e+01,2.070394e+01,2.063420e+01,2.040372e+01,2.045964e+01,2.036875e+01,2.045266e+01,2.017972e+01,2.019373e+01,2.010961e+01,2.021475e+01,2.012364e+01,2.020074e+01,2.001841e+01,2.012364e+01,2.003244e+01,2.018673e+01,2.001139e+01,2.016570e+01,2.006753e+01,2.022176e+01,2.024977e+01,2.003244e+01,2.010961e+01,1.992711e+01,1.982168e+01,1.978650e+01,1.965274e+01,1.974428e+01,1.960342e+01,1.949764e+01,1.943411e+01,1.943411e+01,1.940587e+01,1.968092e+01,1.957522e+01,1.990604e+01,2.015168e+01,2.024277e+01,2.043169e+01,2.056442e+01,2.065513e+01,2.077363e+01,2.077363e+01,2.078060e+01,2.087112e+01,2.075970e+01,2.077363e+01,2.088504e+01,2.089200e+01,2.075970e+01,2.078757e+01,2.078060e+01,2.085024e+01,2.083632e+01,2.081543e+01,2.084328e+01,2.080846e+01,2.073879e+01,2.075970e+01,2.075970e+01,2.082239e+01,2.048061e+01,2.040372e+01,2.027778e+01,1.997628e+01,1.984277e+01,1.959637e+01,1.962456e+01,1.954701e+01,1.951175e+01,1.968796e+01,1.946941e+01,1.929988e+01,1.923623e+01,1.922208e+01,1.930695e+01,1.980058e+01,2.045964e+01,2.070394e+01,2.074576e+01,2.081543e+01,2.083632e+01,2.071789e+01,2.079453e+01,2.072486e+01,2.067605e+01,2.077363e+01,2.082935e+01,2.064118e+01,2.080846e+01,2.085024e+01,2.090592e+01,2.087808e+01,2.082239e+01,2.085024e+01,2.087112e+01,2.084328e+01,2.075970e+01,2.067605e+01,2.087808e+01,2.086416e+01,2.079453e+01,2.078060e+01,2.083632e+01,2.079453e+01,2.091983e+01,2.079453e+01,2.079453e+01,2.082239e+01,2.085720e+01,2.081543e+01,2.084328e+01,2.083632e+01,2.084328e+01,2.092679e+01,2.080150e+01,2.080150e+01,2.084328e+01,2.078757e+01,2.084328e+01,2.085720e+01,2.073879e+01,2.082935e+01,2.074576e+01,2.086416e+01,2.082239e+01,2.081543e+01,2.085024e+01,2.087112e+01,2.073879e+01,2.084328e+01,2.071789e+01,2.082935e+01,2.083632e+01,2.085720e+01,2.074576e+01,2.074576e+01,2.085024e+01,2.082239e+01,2.075970e+01,2.073879e+01,2.078757e+01,2.089896e+01,2.082935e+01,2.091983e+01,2.094070e+01,2.095461e+01,2.081543e+01,2.082935e+01,2.085720e+01,2.078060e+01,2.076667e+01,2.078757e+01,2.085720e+01,2.081543e+01,2.081543e+01,2.082935e+01,2.085024e+01,2.089896e+01,2.085024e+01,2.089896e+01,2.083632e+01,2.080150e+01,2.086416e+01,2.080846e+01,2.076667e+01,2.081543e+01,2.075273e+01,2.089200e+01,2.081543e+01,2.074576e+01,2.087808e+01,2.075970e+01,2.076667e+01,2.075970e+01,2.085024e+01,2.082935e+01,2.071789e+01,2.078757e+01,2.075273e+01,2.069697e+01,2.087112e+01,2.082239e+01,2.079453e+01,2.073182e+01,2.082239e+01,2.069000e+01,2.068303e+01,2.091983e+01,2.080846e+01,2.083632e+01,2.078757e+01,2.084328e+01,2.079453e+01,2.088504e+01,2.072486e+01,2.075970e+01,2.089200e+01,2.087112e+01,2.080846e+01,2.082935e+01,2.080150e+01,2.091983e+01,2.087808e+01,2.085720e+01,2.089896e+01,2.081543e+01,2.086416e+01,2.078060e+01,2.082239e+01,2.087112e+01,2.082935e+01,2.081543e+01,2.083632e+01,2.081543e+01,2.078060e+01,2.079453e+01,2.090592e+01,2.070394e+01,2.071091e+01,2.075970e+01,2.073182e+01,2.080846e+01,2.073182e+01,2.073879e+01,2.083632e+01,2.078757e+01,2.080150e+01,2.081543e+01,2.086416e+01,2.078060e+01,2.083632e+01,2.078060e+01,2.075273e+01,2.082935e+01,2.078757e+01,2.069697e+01,2.081543e+01,2.087112e+01,2.087808e+01,2.083632e+01,2.074576e+01,2.085720e+01,2.075273e+01,2.070394e+01,2.078060e+01,2.079453e+01,2.074576e+01,2.080846e+01,2.076667e+01,2.074576e+01,2.082935e+01,2.069000e+01,2.085720e+01,2.078757e+01,2.080846e+01,2.078757e+01,2.075273e+01,2.075970e+01,2.074576e+01,2.082935e+01,2.081543e+01,2.080846e+01,2.089200e+01,2.077363e+01,2.095461e+01,2.085024e+01,2.073879e+01,2.082935e+01,2.073879e+01,2.084328e+01,2.081543e+01,2.078757e+01,2.080846e+01,2.075273e+01,2.077363e+01,2.081543e+01,2.074576e+01,2.085720e+01,2.079453e+01,2.085024e+01,2.078060e+01,2.074576e+01,2.080846e+01,2.078060e+01,2.089896e+01,2.088504e+01,2.082239e+01,2.089200e+01,2.084328e+01,2.078757e+01,2.076667e+01,2.084328e+01,2.086416e+01,2.080150e+01,2.083632e+01,2.071789e+01,2.073182e+01,2.085024e+01,2.080150e+01,2.093374e+01,2.087112e+01,2.089896e+01,2.075970e+01,2.080150e+01,2.078757e+01
2.066211e+01,2.069697e+01,2.077363e+01,2.078757e+01,2.078757e+01,2.079453e+01,2.066211e+01,2.074576e+01,2.072486e+01,2.080150e+01,2.079453e+01,2.073879e+01,2.073182e+01,2.064118e+01,2.071789e+01,2.069000e+01,2.073182e+01,2.072486e+01,2.069000e+01,2.071789e+01,2.078060e+01,2.074576e+01,2.072486e+01,2.102413e+01,2.089896e+01,2.086416e+01,2.079453e+01,2.073879e+01,2.084328e+01,2.082935e+01,2.073879e+01,2.070394e+01,2.087808e+01,2.071091e+01,2.083632e+01,2.080846e+01,2.083632e+01,2.082935e+01,2.082239e+01,2.074576e+01,2.078757e+01,2.084328e+01,2.083632e+01,2.071091e+01,2.085024e+01,2.073879e+01,2.079453e+01,2.071091e+01,2.075970e+01,2.086416e+01,2.080846e+01,2.075273e+01,2.071091e+01,2.071789e+01,2.079453e+01,2.079453e+01,2.084328e+01,2.085024e+01,2.080846e+01,2.095461e+01,2.079453e+01,2.089200e+01,2.087112e+01,2.082239e+01,2.085024e+01,2.085024e+01,2.083632e+01,2.075273e+01,2.089200e+01,2.085720e+01,2.085720e+01,2.082935e+01,2.083632e+01,2.083632e+01,2.073182e+01,2.080150e+01,2.072486e+01,2.075273e+01,2.082239e+01,2.071789e+01,2.093374e+01,2.071091e+01,2.081543e+01,2.079453e+01,2.087112e+01,2.082935e+01,2.085024e+01,2.086416e+01,2.078757e+01,2.089200e+01,2.071091e+01,2.081543e+01,2.080150e+01,2.073879e+01,2.072486e+01,2.076667e+01,2.084328e+01,2.081543e+01,2.077363e+01,2.060629e+01,2.085720e+01,2.083632e+01,2.082935e+01,2.082239e+01,2.083632e+01,2.085720e+01,2.084328e+01,2.079453e+01,2.078060e+01,2.078060e+01,2.078060e+01,2.078757e+01,2.087112e+01,2.075970e+01,2.077363e+01,2.079453e+01,2.081543e+01,2.080846e+01,2.086416e+01,2.083632e+01,2.073182e+01,2.080846e+01,2.075273e+01,2.088504e+01,2.084328e+01,2.087112e+01,2.086416e+01,2.071091e+01,2.084328e+01,2.083632e+01,2.080150e+01,2.082239e+01,2.082935e+01,2.083632e+01,2.073879e+01,2.082935e+01,2.085024e+01,2.073182e+01,2.085720e+01,2.085720e+01,2.085024e+01,2.073182e+01,2.089200e+01,2.076667e+01,2.071091e+01,2.078757e+01,2.072486e+01,2.080846e+01,2.085024e+01,2.075970e+01,2.080846e+01,2.082935e+01,2.078757e+01,2.077363e+01,2.066211e+01,2.074576e+01,2.073879e+01,2.079453e+01,2.073182e+01,2.068303e+01,2.080150e+01,2.066908e+01,2.069697e+01,2.076667e+01,2.075970e+01,2.073182e+01,2.071789e+01,2.070394e+01,2.057140e+01,2.067605e+01,2.035476e+01,1.987090e+01,1.958932e+01,1.929281e+01,1.926452e+01,1.905922e+01,1.896704e+01,1.895286e+01,1.904504e+01,1.878955e+01,1.883218e+01,1.886769e+01,1.898123e+01,1.893867e+01,1.895286e+01,1.893867e+01,1.878955e+01,1.891738e+01,1.886059e+01,1.884638e+01,1.894576e+01,1.910173e+01,1.901669e+01,1.920793e+01,1.912298e+01,1.908047e+01,1.913006e+01,1.907339e+01,1.910173e+01,1.886769e+01,1.871847e+01,1.854765e+01,1.844074e+01,1.836940e+01,1.835513e+01,1.856190e+01,1.826944e+01,1.839081e+01,1.823372e+01,1.823372e+01,1.813362e+01,1.828373e+01,1.825516e+01,1.835513e+01,1.839794e+01,1.837654e+01,1.869002e+01,1.866867e+01,1.871135e+01,1.867579e+01,1.895995e+01,1.898123e+01,1.892448e+01,1.897414e+01,1.881087e+01,1.892448e+01,1.891738e+01,1.887479e+01,1.866156e+01,1.881797e+01,1.878955e+01,1.877534e+01,1.856902e+01,1.853340e+01,1.858326e+01,1.854053e+01,1.839081e+01,1.851915e+01,1.839794e+01,1.854053e+01,1.851203e+01,1.859750e+01,1.851915e+01,1.868290e+01,1.871847e+01,1.872558e+01,1.873269e+01,1.869002e+01,1.869713e+01,1.878955e+01,1.880376e+01,1.883928e+01,1.884638e+01,1.900960e+01,1.908756e+01,1.915130e+01,1.932109e+01,1.963865e+01,1.978650e+01,2.001841e+01,2.029178e+01,2.029178e+01,2.064118e+01,2.071091e+01,2.075970e+01,2.079453e+01,2.075273e+01,2.076667e+01,2.076667e+01,2.079453e+01,2.078060e+01,2.089896e+01,2.075970e+01,2.083632e+01,2.078060e+01,2.081543e+01,2.082935e+01,2.085024e+01,2.087808e+01,2.087112e+01,2.085024e+01,2.084328e+01,2.083632e+01,2.089200e+01,2.081543e+01,2.083632e+01,2.082935e+01,2.082935e+01,2.076667e+01,2.087808e+01,2.093374e+01,2.080150e+01,2.086416e+01,2.081543e+01,2.087112e+01,2.090592e+01,2.084328e+01,2.085720e+01,2.071091e+01,2.069697e+01,2.057838e+01,2.047362e+01,2.045964e+01,2.037575e+01,2.024277e+01,1.998330e+01,1.992009e+01,1.970205e+01,1.975132e+01,1.978650e+01,1.975836e+01,1.972317e+01,1.970205e+01,1.969500e+01,1.973021e+01,1.968092e+01,1.984980e+01,1.992009e+01,1.987090e+01,1.993414e+01,1.997628e+01,1.991306e+01,2.013065e+01,2.028478e+01,2.026378e+01,2.048759e+01,2.055045e+01,2.050855e+01,2.051554e+01,2.069697e+01,2.079453e+01,2.077363e+01,2.083632e+01,2.069697e+01,2.071091e+01,2.062723e+01,2.060629e+01,2.057838e+01,2.043868e+01,2.053649e+01,2.042470e+01,2.034777e+01,2.032678e+01,2.015869e+01,2.022876e+01,2.018673e+01,2.015168e+01,2.005350e+01,2.020074e+01,2.019373e+01,2.008857e+01,1.999033e+01,2.029878e+01,2.027078e+01,2.020074e+01,2.038974e+01,2.000437e+01,1.999033e+01,1.977947e+01,1.968796e+01,1.957522e+01,1.964570e+01,1.963865e+01,1.964570e+01,1.951880e+01,1.945529e+01,1.943411e+01,1.946235e+01,1.949058e+01,1.949764e+01,1.973725e+01,2.002542e+01,2.016570e+01,2.031278e+01,2.034077e+01,2.049458e+01,2.076667e+01,2.076667e+01,2.085720e+01,2.096156e+01,2.068303e+01,2.078060e+01,2.087112e+01,2.081543e+01,2.085720e+01,2.080846e+01,2.080846e+01,2.081543e+01,2.078757e+01,2.085720e+01,2.087112e+01,2.084328e+01,2.069697e+01,2.071789e+01,2.078060e+01,2.071091e+01,2.059234e+01,2.032678e+01,2.011663e+01,1.980761e+01,1.981464e+01,1.963161e+01,1.955407e+01,1.958932e+01,1.955407e+01,1.953291e+01,1.949058e+01,1.949058e+01,1.934229e+01,1.927867e+01,1.980058e+01,2.027778e+01,2.075970e+01,2.066908e+01,2.067605e+01,2.080846e+01,2.091287e+01,2.086416e+01,2.075273e+01,2.094070e+01,2.084328e+01,2.087112e+01,2.083632e+01,2.082935e+01,2.077363e+01,2.083632e+01,2.085024e+01,2.083632e+01,2.085720e+01,2.082239e+01,2.080150e+01,2.086416e+01,2.087112e+01,2.079453e+01,2.087112e+01,2.075970e+01,2.075273e+01,2.087808e+01,2.078757e+01,2.079453e+01,2.091287e+01,2.081543e+01,2.090592e+01,2.085720e+01,2.078060e+01,2.081543e+01,2.082239e+01,2.082239e+01,2.078757e+01,2.080846e+01,2.082239e+01,2.082239e+01,2.080846e+01,2.083632e+01,2.085024e+01,2.080150e+01,2.081543e+01,2.082239e+01,2.085024e+01,2.084328e+01,2.080846e+01,2.087808e+01,2.088504e+01,2.086416e+01,2.069697e+01,2.077363e+01,2.069697e+01,2.072486e+01,2.080150e+01,2.076667e+01,2.082935e+01,2.103107e+01,2.081543e+01,2.088504e+01,2.077363e+01,2.094070e+01,2.070394e+01,2.079453e+01,2.082935e+01,2.090592e+01,2.082239e+01,2.087112e+01,2.084328e+01,2.086416e+01,2.084328e+01,2.072486e+01,2.081543e+01,2.076667e+01,2.082239e+01,2.082935e+01,2.083632e+01,2.084328e+01,2.081543e+01,2.080846e+01,2.088504e+01,2.087808e+01,2.083632e+01,2.078757e+01,2.080846e+01,2.082239e+01,2.079453e+01,2.068303e+01,2.082239e+01,2.084328e+01,2.079453e+01,2.079453e+01,2.082239e+01,2.073879e+01,2.075970e+01,2.078060e+01,2.076667e+01,2.086416e+01,2.085024e+01,2.072486e+01,2.082935e+01,2.085720e+01,2.083632e+01,2.083632e+01,2.082935e+01,2.084328e+01,2.079453e+01,2.098242e+01,2.081543e+01,2.078757e+01,2.077363e+01,2.080150e+01,2.079453e+01,2.070394e+01,2.085720e+01,2.088504e+01,2.075970e+01,2.091983e+01,2.082935e+01,2.078757e+01,2.079453e+01,2.080846e+01,2.086416e+01,2.087808e+01,2.085024e+01,2.093374e+01,2.087808e+01,2.082935e+01,2.085024e+01,2.085720e+01,2.087808e+01,2.088504e+01,2.076667e+01,2.081543e+01,2.080150e+01,2.083632e+01,2.081543e+01,2.078757e+01,2.075273e+01,2.073182e+01,2.078060e+01,2.071789e+01,2.073182e+01,2.097547e+01,2.084328e+01,2.079453e+01,2.081543e+01,2.083632e+01,2.082239e+01,2.079453e+01,2.083632e+01,2.072486e+01,2.073879e+01,2.081543e+01,2.071789e+01,2.069697e+01,2.085024e+01,2.083632e+01,2.100327e+01,2.083632e+01,2.082239e+01,2.077363e+01,2.080150e+01,2.071789e+01,2.075970e+01,2.079453e+01,2.078757e+01,2.087808e+01,2.079453e+01,2.078060e+01,2.083632e+01,2.083632e+01,2.081543e+01,2.076667e+01,2.088504e+01,2.082239e+01,2.071091e+01,2.072486e+01,2.071091e+01,2.072486e+01,2.080150e+01,2.066211e+01,2.075970e+01,2.080150e+01,2.081543e+01,2.080150e+01,2.078060e+01,2.076667e+01,2.082935e+01,2.068303e+01,2.083632e+01,2.073879e+01,2.088504e+01,2.080150e+01,2.097547e+01,2.075970e+01,2.079453e+01,2.080846e+01,2.079453e+01,2.081543e+01,2.083632e+01,2.074576e+01,2.084328e+01,2.078757e+01,2.082239e+01,2.094070e+01,2.094070e+01,2.085720e+01,2.085024e+01,2.081543e+01,2.085720e+01,2.091983e+01,2.086416e+01,2.092679e+01,2.085720e+01,2.089200e+01,2.091287e+01,2.080150e+01,2.087112e+01,2.077363e+01,2.087112e+01,2.083632e+01,2.075970e+01,2.087112e+01,2.088504e+01,2.084328e+01
2.069000e+01,2.077363e+01,2.072486e+01,2.072486e+01,2.076667e+01,2.055743e+01,2.073879e+01,2.071789e+01,2.080150e+01,2.076667e+01,2.078060e+01,2.075273e+01,2.081543e+01,2.077363e+01,2.071091e+01,2.071789e+01,2.087808e+01,2.084328e+01,2.090592e+01,2.087808e+01,2.073182e+01,2.076667e+01,2.077363e+01,2.067605e+01,2.074576e+01,2.081543e+01,2.085024e+01,2.084328e+01,2.075970e+01,2.079453e+01,2.071091e+01,2.073182e+01,2.089896e+01,2.074576e+01,2.064118e+01,2.085024e+01,2.075273e+01,2.082239e+01,2.084328e+01,2.081543e+01,2.082239e+01,2.071091e+01,2.077363e+01,2.064118e+01,2.068303e+01,2.071091e+01,2.069697e+01,2.085720e+01,2.098242e+01,2.082239e+01,2.082239e+01,2.086416e+01,2.070394e+01,2.072486e+01,2.080150e+01,2.075970e+01,2.087808e+01,2.081543e+01,2.080150e+01,2.086416e+01,2.082935e+01,2.061327e+01,2.075970e+01,2.076667e+01,2.076667e+01,2.081543e+01,2.079453e+01,2.085024e+01,2.071789e+01,2.085024e+01,2.079453e+01,2.079453e+01,2.078060e+01,2.071091e+01,2.072486e+01,2.078757e+01,2.079453e+01,2.096156e+01,2.077363e+01,2.081543e+01,2.080846e+01,2.080150e+01,2.073879e+01,2.079453e+01,2.082935e+01,2.084328e+01,2.078757e+01,2.079453e+01,2.073182e+01,2.084328e+01,2.082935e+01,2.067605e+01,2.073879e+01,2.070394e+01,2.076667e+01,2.079453e+01,2.085024e+01,2.078757e+01,2.071091e+01,2.087112e+01,2.087808e+01,2.070394e+01,2.070394e+01,2.073182e+01,2.069000e+01,2.067605e+01,2.087112e+01,2.076667e+01,2.076667e+01,2.094765e+01,2.077363e+01,2.080846e+01,2.080150e+01,2.079453e+01,2.075273e+01,2.078757e+01,2.075970e+01,2.082239e+01,2.081543e+01,2.078757e+01,2.074576e+01,2.080846e+01,2.082935e+01,2.078060e+01,2.080846e+01,2.071091e+01,2.077363e+01,2.080846e+01,2.077363e+01,2.084328e+01,2.085024e+01,2.084328e+01,2.074576e+01,2.080846e+01,2.080150e+01,2.073879e+01,2.073182e+01,2.078060e+01,2.069000e+01,2.085024e+01,2.078757e+01,2.080846e+01,2.078060e+01,2.078757e+01,2.068303e+01,2.080846e+01,2.066908e+01,2.071789e+01,2.077363e+01,2.064118e+01,2.080846e+01,2.076667e+01,2.078757e+01,2.069697e+01,2.077363e+01,2.078757e+01,2.073879e+01,2.069000e+01,2.069000e+01,2.066908e+01,2.077363e+01,2.071789e+01,2.091983e+01,2.079453e+01,2.079453e+01,2.078757e+01,2.069697e+01,2.070394e+01,2.069697e+01,2.042470e+01,2.036875e+01,1.982168e+01,1.965979e+01,1.930695e+01,1.922208e+01,1.916546e+01,1.910173e+01,1.900251e+01,1.878245e+01,1.897414e+01,1.896704e+01,1.891738e+01,1.895286e+01,1.899541e+01,1.897414e+01,1.903795e+01,1.894576e+01,1.900251e+01,1.890318e+01,1.910881e+01,1.898123e+01,1.913006e+01,1.922916e+01,1.908047e+01,1.912298e+01,1.900251e+01,1.909464e+01,1.894576e+01,1.886769e+01,1.881087e+01,1.849064e+01,1.833372e+01,1.841934e+01,1.837654e+01,1.829801e+01,1.840508e+01,1.823372e+01,1.824087e+01,1.821943e+01,1.824087e+01,1.824087e+01,1.829801e+01,1.831944e+01,1.832658e+01,1.863309e+01,1.838367e+01,1.867579e+01,1.867579e+01,1.865444e+01,1.864733e+01,1.903087e+01,1.900960e+01,1.900960e+01,1.893157e+01,1.882508e+01,1.893867e+01,1.880376e+01,1.876823e+01,1.876823e+01,1.886059e+01,1.876112e+01,1.878955e+01,1.852628e+01,1.854765e+01,1.859038e+01,1.856190e+01,1.856902e+01,1.867579e+01,1.856902e+01,1.854765e+01,1.861174e+01,1.859750e+01,1.860462e+01,1.861886e+01,1.853340e+01,1.864733e+01,1.869002e+01,1.871847e+01,1.873980e+01,1.873980e+01,1.880376e+01,1.900251e+01,1.903795e+01,1.903795e+01,1.925038e+01,1.932109e+01,1.964570e+01,1.975132e+01,1.999033e+01,2.029178e+01,2.031278e+01,2.064816e+01,2.069697e+01,2.080846e+01,2.080150e+01,2.073182e+01,2.071789e+01,2.075970e+01,2.075970e+01,2.078757e+01,2.091287e+01,2.075970e+01,2.080150e+01,2.088504e+01,2.080150e+01,2.085024e+01,2.083632e+01,2.081543e+01,2.088504e+01,2.074576e+01,2.075970e+01,2.085720e+01,2.084328e+01,2.094070e+01,2.084328e+01,2.089200e+01,2.080150e+01,2.087112e+01,2.092679e+01,2.087808e+01,2.080150e+01,2.084328e+01,2.090592e+01,2.087808e+01,2.084328e+01,2.078757e+01,2.071789e+01,2.073182e+01,2.078060e+01,2.067605e+01,2.067605e+01,2.058536e+01,2.052950e+01,2.029878e+01,2.030578e+01,2.011663e+01,2.000437e+01,1.979354e+01,1.975132e+01,1.992009e+01,1.973021e+01,1.979354e+01,1.972317e+01,1.965274e+01,1.970205e+01,1.966683e+01,1.967388e+01,1.985683e+01,1.990604e+01,1.989198e+01,1.989901e+01,1.999033e+01,2.006051e+01,2.010961e+01,2.029178e+01,2.029178e+01,2.048759e+01,2.049458e+01,2.059234e+01,2.055743e+01,2.065513e+01,2.071091e+01,2.079453e+01,2.080846e+01,2.069000e+01,2.075970e+01,2.060629e+01,2.062025e+01,2.045964e+01,2.041071e+01,2.038274e+01,2.036176e+01,2.022876e+01,2.024977e+01,2.027778e+01,2.024277e+01,2.021475e+01,2.016570e+01,2.015168e+01,2.016570e+01,2.015869e+01,2.034777e+01,2.036176e+01,2.032678e+01,2.039673e+01,2.031278e+01,2.017972e+01,1.994117e+01,1.971613e+01,1.966683e+01,1.963161e+01,1.958227e+01,1.951880e+01,1.950469e+01,1.945529e+01,1.940587e+01,1.941293e+01,1.939881e+01,1.948352e+01,1.945529e+01,1.951880e+01,1.963161e+01,1.970909e+01,2.003244e+01,2.016570e+01,2.034777e+01,2.042470e+01,2.064118e+01,2.083632e+01,2.084328e+01,2.089896e+01,2.091983e+01,2.090592e+01,2.080846e+01,2.087808e+01,2.079453e+01,2.080846e+01,2.079453e+01,2.075970e+01,2.085024e+01,2.073879e+01,2.089200e+01,2.085024e+01,2.080150e+01,2.075970e+01,2.076667e+01,2.063420e+01,2.057140e+01,2.008857e+01,1.993414e+01,1.975836e+01,1.967388e+01,1.973021e+01,1.966683e+01,1.964570e+01,1.943411e+01,1.925745e+01,1.930695e+01,1.929281e+01,1.935642e+01,1.951175e+01,2.055045e+01,2.066908e+01,2.079453e+01,2.082239e+01,2.082935e+01,2.081543e+01,2.080846e+01,2.081543e+01,2.081543e+01,2.083632e+01,2.085024e+01,2.083632e+01,2.081543e+01,2.089896e+01,2.085720e+01,2.085024e+01,2.085024e+01,2.081543e+01,2.075970e+01,2.085720e+01,2.086416e+01,2.085720e+01,2.082239e+01,2.085024e+01,2.077363e+01,2.080846e+01,2.091983e+01,2.080150e+01,2.090592e+01,2.092679e+01,2.091287e+01,2.082239e+01,2.087808e+01,2.085720e+01,2.093374e+01,2.077363e+01,2.079453e+01,2.082935e+01,2.082935e+01,2.082935e+01,2.081543e+01,2.080150e+01,2.075970e+01,2.091287e+01,2.085024e+01,2.085720e+01,2.082239e+01,2.079453e+01,2.080846e+01,2.082239e+01,2.075273e+01,2.076667e+01,2.071091e+01,2.085720e+01,2.072486e+01,2.077363e+01,2.082935e+01,2.082935e+01,2.075273e+01,2.083632e+01,2.087808e+01,2.073879e+01,2.083632e+01,2.078757e+01,2.071789e+01,2.075273e+01,2.085024e+01,2.087112e+01,2.086416e+01,2.075970e+01,2.085720e+01,2.087112e+01,2.080150e+01,2.080846e+01,2.081543e+01,2.079453e+01,2.080846e+01,2.082935e+01,2.083632e+01,2.083632e+01,2.081543e+01,2.080846e+01,2.082239e+01,2.089200e+01,2.091983e+01,2.091983e+01,2.082935e+01,2.070394e+01,2.065513e+01,2.081543e+01,2.073879e+01,2.076667e+01,2.082935e+01,2.080846e+01,2.078757e+01,2.086416e+01,2.082935e+01,2.078060e+01,2.066908e+01,2.071091e+01,2.071091e+01,2.085024e+01,2.084328e+01,2.084328e+01,2.087808e+01,2.087112e+01,2.080150e+01,2.092679e+01,2.087808e+01,2.085720e+01,2.079453e+01,2.078757e+01,2.078757e+01,2.077363e+01,2.081543e+01,2.080846e+01,2.087808e+01,2.085024e+01,2.082239e+01,2.083632e+01,2.085024e+01,2.092679e+01,2.082239e+01,2.081543e+01,2.085024e+01,2.091983e+01,2.078060e+01,2.086416e+01,2.093374e+01,2.071789e+01,2.090592e+01,2.082935e+01,2.085024e+01,2.082239e+01,2.087112e+01,2.082239e+01,2.082239e+01,2.065513e+01,2.077363e+01,2.085024e+01,2.080846e+01,2.087112e+01,2.073879e+01,2.073879e+01,2.086416e+01,2.082935e+01,2.085024e+01,2.082239e+01,2.074576e+01,2.081543e+01,2.079453e+01,2.078060e+01,2.080150e+01,2.076667e+01,2.083632e+01,2.077363e+01,2.074576e+01,2.086416e+01,2.074576e+01,2.065513e+01,2.088504e+01,2.078757e+01,2.074576e+01,2.082935e+01,2.075273e+01,2.082239e+01,2.073182e+01,2.077363e+01,2.071789e+01,2.088504e+01,2.078757e+01,2.066908e+01,2.079453e+01,2.071091e+01,2.087808e+01,2.082239e+01,2.082935e+01,2.071789e+01,2.072486e+01,2.073879e+01,2.066211e+01,2.071789e+01,2.073879e+01,2.069697e+01,2.078060e+01,2.077363e+01,2.080846e+01,2.070394e+01,2.069000e+01,2.076667e+01,2.076667e+01,2.083632e+01,2.070394e+01,2.081543e+01,2.094765e+01,2.078060e+01,2.090592e+01,2.076667e+01,2.071789e+01,2.088504e+01,2.081543e+01,2.080150e+01,2.073182e+01,2.075273e+01,2.085024e+01,2.086416e+01,2.089200e+01,2.090592e+01,2.086416e+01,2.078757e+01,2.078757e+01,2.080150e+01,2.090592e+01,2.077363e+01,2.071091e+01,2.082239e+01,2.084328e+01,2.086416e+01,2.085024e+01,2.082239e+01,2.087112e+01,2.083632e+01,2.075273e+01,2.082935e+01,2.082239e+01,2.081543e+01,2.080846e+01,2.082935e+01,2.085720e+01
2.071789e+01,2.071789e+01,2.078060e+01,2.087808e+01,2.082239e+01,2.078757e+01,2.076667e+01,2.079453e+01,2.058536e+01,2.073182e+01,2.074576e+01,2.071789e+01,2.085024e+01,2.072486e+01,2.074576e+01,2.072486e+01,2.082239e+01,2.087808e+01,2.071789e+01,2.082935e+01,2.075970e+01,2.075970e+01,2.074576e+01,2.085720e+01,2.071789e+01,2.087112e+01,2.079453e+01,2.066211e+01,2.080846e+01,2.087808e+01,2.070394e+01,2.069697e+01,2.088504e+01,2.071091e+01,2.069697e+01,2.073182e+01,2.091983e+01,2.074576e+01,2.077363e+01,2.076667e+01,2.089200e+01,2.120465e+01,2.082935e+01,2.078757e+01,2.074576e+01,2.067605e+01,2.081543e+01,2.062723e+01,2.075970e+01,2.075970e+01,2.080150e+01,2.070394e+01,2.073879e+01,2.082239e+01,2.082935e+01,2.073879e+01,2.090592e+01,2.070394e+01,2.083632e+01,2.075970e+01,2.078060e+01,2.080150e+01,2.076667e+01,2.085720e+01,2.075273e+01,2.085024e+01,2.073879e+01,2.089896e+01,2.079453e+01,2.071789e+01,2.069697e+01,2.071789e+01,2.062723e+01,2.082239e+01,2.075970e+01,2.078060e+01,2.073182e+01,2.084328e+01,2.073182e+01,2.086416e+01,2.064816e+01,2.087112e+01,2.085024e+01,2.083632e+01,2.073182e+01,2.080150e+01,2.080846e+01,2.080150e+01,2.077363e+01,2.082935e+01,2.075970e+01,2.078757e+01,2.081543e+01,2.071789e+01,2.081543e+01,2.077363e+01,2.082239e+01,2.078757e+01,2.074576e+01,2.085024e+01,2.087808e+01,2.087808e+01,2.091983e+01,2.068303e+01,2.071091e+01,2.084328e+01,2.081543e+01,2.083632e+01,2.081543e+01,2.083632e+01,2.083632e+01,2.085024e+01,2.073182e+01,2.068303e+01,2.074576e+01,2.088504e+01,2.091287e+01,2.083632e+01,2.078060e+01,2.078757e+01,2.088504e+01,2.080846e+01,2.077363e+01,2.084328e+01,2.080150e+01,2.087808e+01,2.082935e+01,2.073879e+01,2.084328e+01,2.081543e+01,2.082239e+01,2.083632e+01,2.083632e+01,2.073879e+01,2.077363e+01,2.073879e+01,2.075273e+01,2.070394e+01,2.094070e+01,2.081543e+01,2.079453e+01,2.080150e+01,2.081543e+01,2.075273e+01,2.079453e+01,2.075273e+01,2.075273e+01,2.076667e+01,2.077363e+01,2.080150e+01,2.080846e+01,2.079453e+01,2.078060e+01,2.071091e+01,2.067605e+01,2.078060e+01,2.084328e+01,2.084328e+01,2.086416e+01,2.078060e+01,2.088504e+01,2.075970e+01,2.073879e+01,2.079453e+01,2.073879e+01,2.070394e+01,2.080846e+01,2.071091e+01,2.069697e+01,2.042470e+01,2.020774e+01,1.981464e+01,1.961047e+01,1.933522e+01,1.932109e+01,1.912298e+01,1.905922e+01,1.897414e+01,1.903087e+01,1.913714e+01,1.897414e+01,1.896704e+01,1.898123e+01,1.905922e+01,1.906630e+01,1.897414e+01,1.903087e+01,1.907339e+01,1.888189e+01,1.897414e+01,1.910881e+01,1.910173e+01,1.918670e+01,1.918670e+01,1.919378e+01,1.905213e+01,1.905922e+01,1.883928e+01,1.860462e+01,1.863309e+01,1.842648e+01,1.826230e+01,1.828373e+01,1.825516e+01,1.825516e+01,1.835513e+01,1.824087e+01,1.814793e+01,1.824087e+01,1.845500e+01,1.821228e+01,1.826944e+01,1.834085e+01,1.834085e+01,1.834085e+01,1.846213e+01,1.856902e+01,1.865444e+01,1.885349e+01,1.881797e+01,1.888189e+01,1.888189e+01,1.898123e+01,1.878955e+01,1.900251e+01,1.895995e+01,1.896704e+01,1.890318e+01,1.886059e+01,1.888899e+01,1.873269e+01,1.881797e+01,1.881087e+01,1.877534e+01,1.856190e+01,1.882508e+01,1.878245e+01,1.861174e+01,1.855477e+01,1.856902e+01,1.854765e+01,1.864021e+01,1.864733e+01,1.858326e+01,1.868290e+01,1.873269e+01,1.871135e+01,1.861886e+01,1.869002e+01,1.886769e+01,1.882508e+01,1.905213e+01,1.913714e+01,1.944118e+01,1.956112e+01,1.975836e+01,1.984277e+01,1.994117e+01,2.022876e+01,2.045266e+01,2.052950e+01,2.078060e+01,2.076667e+01,2.078060e+01,2.072486e+01,2.082935e+01,2.078757e+01,2.078757e+01,2.073182e+01,2.080846e+01,2.075970e+01,2.078060e+01,2.083632e+01,2.086416e+01,2.089896e+01,2.081543e+01,2.087808e+01,2.089200e+01,2.083632e+01,2.087112e+01,2.079453e+01,2.078757e+01,2.085720e+01,2.083632e+01,2.080846e+01,2.082239e+01,2.087808e+01,2.087808e+01,2.078757e+01,2.084328e+01,2.094070e+01,2.094070e+01,2.080846e+01,2.085720e+01,2.090592e+01,2.084328e+01,2.074576e+01,2.082935e+01,2.070394e+01,2.074576e+01,2.078060e+01,2.067605e+01,2.042470e+01,2.043169e+01,2.034777e+01,2.020774e+01,2.013065e+01,1.994819e+01,1.970909e+01,1.964570e+01,1.975836e+01,1.968092e+01,1.974428e+01,1.969500e+01,1.970909e+01,1.969500e+01,1.968092e+01,1.963161e+01,1.975836e+01,1.982168e+01,1.982168e+01,1.979354e+01,1.989901e+01,1.987792e+01,2.017271e+01,2.032678e+01,2.031978e+01,2.054347e+01,2.050855e+01,2.068303e+01,2.071789e+01,2.073879e+01,2.078757e+01,2.075273e+01,2.084328e+01,2.078757e+01,2.071091e+01,2.067605e+01,2.066908e+01,2.049458e+01,2.042470e+01,2.032678e+01,2.026378e+01,2.023577e+01,2.046663e+01,2.025677e+01,2.026378e+01,2.020774e+01,2.015168e+01,2.027778e+01,2.045964e+01,2.036875e+01,2.048759e+01,2.049458e+01,2.045964e+01,2.031978e+01,2.032678e+01,2.017271e+01,1.968796e+01,1.976540e+01,1.960342e+01,1.960342e+01,1.949058e+01,1.947647e+01,1.943411e+01,1.945529e+01,1.941293e+01,1.946941e+01,1.937055e+01,1.949764e+01,1.942705e+01,1.944118e+01,1.953996e+01,1.970909e+01,1.979354e+01,2.004648e+01,2.010260e+01,2.022176e+01,2.061327e+01,2.061327e+01,2.087112e+01,2.063420e+01,2.083632e+01,2.089896e+01,2.079453e+01,2.085024e+01,2.085720e+01,2.085720e+01,2.088504e+01,2.084328e+01,2.086416e+01,2.085024e+01,2.086416e+01,2.080846e+01,2.080846e+01,2.060629e+01,2.076667e+01,2.057838e+01,2.039673e+01,1.998330e+01,1.985683e+01,1.988495e+01,1.970909e+01,1.968092e+01,1.965274e+01,1.952586e+01,1.940587e+01,1.932109e+01,1.941293e+01,1.944118e+01,1.980058e+01,2.062025e+01,2.068303e+01,2.078060e+01,2.072486e+01,2.082935e+01,2.080150e+01,2.080846e+01,2.079453e+01,2.082239e+01,2.087808e+01,2.090592e+01,2.082935e+01,2.075273e+01,2.088504e+01,2.079453e+01,2.077363e+01,2.082239e+01,2.081543e+01,2.084328e+01,2.082935e+01,2.083632e+01,2.084328e+01,2.083632e+01,2.074576e+01,2.078757e+01,2.075273e+01,2.089200e+01,2.086416e+01,2.080150e+01,2.082935e+01,2.085024e+01,2.086416e+01,2.093374e+01,2.087112e+01,2.085024e+01,2.081543e+01,2.080150e+01,2.082239e+01,2.078060e+01,2.080150e+01,2.082935e+01,2.087112e+01,2.090592e+01,2.078060e+01,2.081543e+01,2.071091e+01,2.080150e+01,2.086416e+01,2.073879e+01,2.082935e+01,2.082239e+01,2.071789e+01,2.090592e+01,2.088504e+01,2.074576e+01,2.075970e+01,2.077363e+01,2.083632e+01,2.088504e+01,2.086416e+01,2.080150e+01,2.086416e+01,2.075273e+01,2.082239e+01,2.082935e+01,2.085720e+01,2.087112e+01,2.091983e+01,2.085720e+01,2.073879e+01,2.080846e+01,2.078757e+01,2.083632e+01,2.082239e+01,2.082935e+01,2.087808e+01,2.071789e+01,2.080846e+01,2.082935e+01,2.080846e+01,2.081543e+01,2.084328e+01,2.086416e+01,2.089200e+01,2.087808e+01,2.080150e+01,2.085024e+01,2.082935e+01,2.072486e+01,2.083632e+01,2.079453e+01,2.084328e+01,2.078060e+01,2.082935e+01,2.084328e+01,2.087112e+01,2.085024e+01,2.082935e+01,2.080150e+01,2.082935e+01,2.083632e+01,2.076667e+01,2.085024e+01,2.087808e+01,2.077363e+01,2.085024e+01,2.086416e+01,2.075970e+01,2.085024e+01,2.094765e+01,2.080150e+01,2.078060e+01,2.070394e+01,2.077363e+01,2.084328e+01,2.078060e+01,2.084328e+01,2.095461e+01,2.073182e+01,2.089200e+01,2.074576e+01,2.067605e+01,2.078757e+01,2.089200e+01,2.082935e+01,2.085024e+01,2.099632e+01,2.078060e+01,2.089200e+01,2.084328e+01,2.085024e+01,2.082239e+01,2.087808e+01,2.079453e+01,2.081543e+01,2.087112e+01,2.082239e+01,2.087808e+01,2.078757e+01,2.087112e+01,2.085024e+01,2.079453e+01,2.090592e+01,2.081543e+01,2.072486e+01,2.092679e+01,2.085024e+01,2.075273e+01,2.085024e+01,2.080846e+01,2.084328e+01,2.082935e+01,2.085720e+01,2.075273e+01,2.073879e+01,2.076667e+01,2.073182e+01,2.083632e+01,2.075273e+01,2.070394e+01,2.082239e+01,2.079453e+01,2.073879e+01,2.073879e+01,2.079453e+01,2.089200e+01,2.090592e+01,2.077363e+01,2.087112e+01,2.078757e+01,2.073879e+01,2.079453e+01,2.071789e+01,2.071091e+01,2.079453e+01,2.089200e+01,2.072486e+01,2.069697e+01,2.069697e+01,2.094765e+01,2.075970e+01,2.071091e+01,2.085720e+01,2.066908e+01,2.080150e+01,2.088504e+01,2.076667e+01,2.067605e+01,2.077363e+01,2.085024e+01,2.073182e+01,2.082935e+01,2.081543e+01,2.078060e+01,2.078060e+01,2.079453e+01,2.081543e+01,2.080150e+01,2.081543e+01,2.089200e+01,2.076667e+01,2.070394e+01,2.082239e+01,2.072486e+01,2.073879e+01,2.081543e+01,2.078060e+01,2.091983e+01,2.079453e+01,2.082239e+01,2.093374e+01,2.086416e+01,2.075970e+01,2.082239e+01,2.082239e+01,2.070394e+01,2.080846e+01,2.078060e+01,2.074576e+01,2.087808e+01,2.085024e+01,2.075273e+01,2.074576e+01,2.077363e+01,2.079453e+01,2.098937e+01,2.080846e+01,2.092679e+01,2.081543e+01
2.072486e+01,2.079453e+01,2.082935e+01,2.080150e+01,2.074576e+01,2.070394e+01,2.075970e+01,2.072486e+01,2.085720e+01,2.069697e+01,2.071789e+01,2.069697e+01,2.085720e+01,2.083632e+01,2.080846e+01,2.071789e+01,2.075273e+01,2.076667e+01,2.070394e+01,2.073879e+01,2.073182e+01,2.073182e+01,2.053649e+01,2.078060e+01,2.070394e+01,2.079453e+01,2.082239e+01,2.082239e+01,2.080150e+01,2.075273e+01,2.074576e+01,2.076667e+01,2.076667e+01,2.089200e+01,2.079453e+01,2.078757e+01,2.069697e+01,2.075970e+01,2.074576e+01,2.075273e+01,2.078060e+01,2.092679e+01,2.085024e+01,2.087112e+01,2.066211e+01,2.079453e+01,2.076667e+01,2.081543e+01,2.101023e+01,2.077363e+01,2.078757e+01,2.078060e+01,2.075970e+01,2.077363e+01,2.071789e+01,2.072486e+01,2.079453e+01,2.075970e+01,2.081543e+01,2.081543e+01,2.075970e+01,2.075273e+01,2.089200e+01,2.078060e+01,2.085720e+01,2.075970e+01,2.080150e+01,2.091287e+01,2.075273e+01,2.078757e+01,2.075970e+01,2.069697e+01,2.077363e+01,2.079453e+01,2.080846e+01,2.080150e+01,2.079453e+01,2.080846e+01,2.078757e+01,2.085720e+01,2.075273e+01,2.083632e+01,2.084328e+01,2.075273e+01,2.081543e+01,2.085024e+01,2.078060e+01,2.082935e+01,2.077363e+01,2.075273e+01,2.074576e+01,2.076667e+01,2.078757e+01,2.074576e+01,2.089896e+01,2.075970e+01,2.084328e+01,2.079453e+01,2.084328e+01,2.082935e+01,2.069697e+01,2.071091e+01,2.069000e+01,2.071789e+01,2.077363e+01,2.082239e+01,2.082239e+01,2.084328e+01,2.081543e+01,2.093374e+01,2.080846e+01,2.071091e+01,2.081543e+01,2.073879e+01,2.083632e+01,2.081543e+01,2.079453e+01,2.079453e+01,2.082239e+01,2.087808e+01,2.081543e+01,2.075970e+01,2.077363e+01,2.082935e+01,2.078060e+01,2.087112e+01,2.080150e+01,2.085720e+01,2.075970e+01,2.083632e+01,2.075273e+01,2.083632e+01,2.086416e+01,2.085024e+01,2.082935e+01,2.073879e+01,2.076667e+01,2.082239e+01,2.087112e+01,2.078757e+01,2.087112e+01,2.081543e+01,2.081543e+01,2.080150e+01,2.074576e+01,2.079453e+01,2.073182e+01,2.080150e+01,2.085720e+01,2.083632e+01,2.077363e+01,2.078757e+01,2.078757e+01,2.080846e+01,2.072486e+01,2.068303e+01,2.079453e+01,2.077363e+01,2.080150e+01,2.091287e+01,2.073182e+01,2.078060e+01,2.079453e+01,2.080150e+01,2.080150e+01,2.071091e+01,2.067605e+01,2.088504e+01,2.076667e+01,2.064816e+01,2.020074e+01,1.977243e+01,1.961047e+01,1.930695e+01,1.918670e+01,1.925745e+01,1.930695e+01,1.893157e+01,1.896704e+01,1.896704e+01,1.898832e+01,1.895995e+01,1.901669e+01,1.901669e+01,1.906630e+01,1.909464e+01,1.908047e+01,1.912298e+01,1.914422e+01,1.906630e+01,1.913006e+01,1.912298e+01,1.919378e+01,1.907339e+01,1.900251e+01,1.877534e+01,1.874691e+01,1.867579e+01,1.846213e+01,1.836227e+01,1.834085e+01,1.827659e+01,1.821228e+01,1.825516e+01,1.819083e+01,1.824801e+01,1.819083e+01,1.824801e+01,1.824801e+01,1.819798e+01,1.826944e+01,1.836940e+01,1.845500e+01,1.831230e+01,1.844074e+01,1.845500e+01,1.849777e+01,1.864021e+01,1.864733e+01,1.878245e+01,1.881087e+01,1.896704e+01,1.886059e+01,1.901669e+01,1.895286e+01,1.897414e+01,1.893867e+01,1.894576e+01,1.889609e+01,1.889609e+01,1.880376e+01,1.887479e+01,1.880376e+01,1.876823e+01,1.881797e+01,1.878245e+01,1.878245e+01,1.881797e+01,1.869713e+01,1.871847e+01,1.872558e+01,1.872558e+01,1.869002e+01,1.851203e+01,1.859750e+01,1.869713e+01,1.868290e+01,1.873980e+01,1.875401e+01,1.883928e+01,1.892448e+01,1.913006e+01,1.932815e+01,1.948352e+01,1.977947e+01,1.991306e+01,2.014467e+01,2.017271e+01,2.030578e+01,2.059234e+01,2.062723e+01,2.078060e+01,2.071091e+01,2.085720e+01,2.084328e+01,2.082935e+01,2.082239e+01,2.073182e+01,2.067605e+01,2.082239e+01,2.094070e+01,2.076667e+01,2.081543e+01,2.078060e+01,2.085720e+01,2.085024e+01,2.079453e+01,2.090592e+01,2.083632e+01,2.080150e+01,2.091287e+01,2.071789e+01,2.082239e+01,2.080150e+01,2.080150e+01,2.082239e+01,2.094765e+01,2.090592e+01,2.095461e+01,2.078757e+01,2.091287e+01,2.081543e+01,2.085024e+01,2.082239e+01,2.077363e+01,2.081543e+01,2.082239e+01,2.083632e+01,2.080150e+01,2.089896e+01,2.070394e+01,2.069000e+01,2.067605e+01,2.057838e+01,2.027078e+01,2.022176e+01,2.002542e+01,2.001139e+01,1.984277e+01,1.979354e+01,1.977243e+01,1.963161e+01,1.965274e+01,1.952586e+01,1.967388e+01,1.953291e+01,1.963865e+01,1.965979e+01,1.965979e+01,1.962456e+01,1.970205e+01,1.987090e+01,1.981464e+01,1.994819e+01,2.022176e+01,2.010961e+01,2.024977e+01,2.037575e+01,2.057140e+01,2.074576e+01,2.067605e+01,2.074576e+01,2.075970e+01,2.079453e+01,2.081543e+01,2.073879e+01,2.073879e+01,2.065513e+01,2.055045e+01,2.062025e+01,2.037575e+01,2.047362e+01,2.043169e+01,2.036176e+01,2.034777e+01,2.027778e+01,2.020074e+01,2.024977e+01,2.027778e+01,2.039673e+01,2.037575e+01,2.041770e+01,2.051554e+01,2.043169e+01,2.043868e+01,2.043868e+01,2.039673e+01,2.019373e+01,1.965979e+01,1.963161e+01,1.963161e+01,1.954701e+01,1.950469e+01,1.944118e+01,1.946235e+01,1.939174e+01,1.944823e+01,1.936349e+01,1.936349e+01,1.946235e+01,1.934229e+01,1.932109e+01,1.927867e+01,1.946941e+01,1.946941e+01,1.958227e+01,2.001841e+01,2.026378e+01,2.057140e+01,2.062025e+01,2.077363e+01,2.085024e+01,2.078757e+01,2.087112e+01,2.087112e+01,2.083632e+01,2.092679e+01,2.079453e+01,2.084328e+01,2.087112e+01,2.087112e+01,2.089896e+01,2.082935e+01,2.085720e+01,2.087808e+01,2.069000e+01,2.088504e+01,2.069697e+01,2.045266e+01,2.004648e+01,1.987792e+01,1.990604e+01,1.995521e+01,1.994819e+01,1.967388e+01,1.946235e+01,1.953996e+01,1.944823e+01,1.941293e+01,1.939174e+01,1.982168e+01,2.059234e+01,2.082239e+01,2.088504e+01,2.082935e+01,2.084328e+01,2.081543e+01,2.082239e+01,2.080846e+01,2.073879e+01,2.068303e+01,2.091983e+01,2.086416e+01,2.078757e+01,2.079453e+01,2.080150e+01,2.075970e+01,2.082935e+01,2.084328e+01,2.078757e+01,2.086416e+01,2.087808e+01,2.078060e+01,2.087808e+01,2.075970e+01,2.080150e+01,2.084328e+01,2.080150e+01,2.090592e+01,2.087808e+01,2.084328e+01,2.073879e+01,2.090592e+01,2.089200e+01,2.082935e+01,2.083632e+01,2.075970e+01,2.080846e+01,2.076667e+01,2.080150e+01,2.079453e+01,2.087112e+01,2.078060e+01,2.075970e+01,2.077363e+01,2.082935e+01,2.080846e+01,2.080846e+01,2.080150e+01,2.076667e+01,2.073182e+01,2.079453e+01,2.074576e+01,2.081543e+01,2.086416e+01,2.091287e+01,2.083632e+01,2.078757e+01,2.084328e+01,2.075970e+01,2.082935e+01,2.077363e+01,2.080150e+01,2.082239e+01,2.081543e+01,2.083632e+01,2.086416e+01,2.074576e+01,2.087808e+01,2.087808e+01,2.080846e+01,2.086416e+01,2.087112e+01,2.085720e+01,2.070394e+01,2.085720e+01,2.071789e+01,2.076667e+01,2.070394e+01,2.080150e+01,2.080150e+01,2.082935e+01,2.083632e+01,2.081543e+01,2.087112e+01,2.077363e+01,2.095461e+01,2.084328e+01,2.079453e+01,2.085720e+01,2.081543e+01,2.073182e+01,2.080150e+01,2.072486e+01,2.084328e+01,2.080150e+01,2.087112e+01,2.086416e+01,2.084328e+01,2.082239e+01,2.084328e+01,2.086416e+01,2.079453e+01,2.080150e+01,2.083632e+01,2.077363e+01,2.084328e+01,2.085720e+01,2.087112e+01,2.088504e+01,2.076667e+01,2.075970e+01,2.089200e+01,2.091983e+01,2.076667e+01,2.079453e+01,2.085024e+01,2.083632e+01,2.083632e+01,2.087808e+01,2.084328e+01,2.087808e+01,2.090592e+01,2.089896e+01,2.078757e+01,2.082935e+01,2.089200e+01,2.084328e+01,2.093374e+01,2.085720e+01,2.082239e+01,2.082935e+01,2.082935e+01,2.083632e+01,2.085720e+01,2.075970e+01,2.075273e+01,2.078757e+01,2.085720e+01,2.069697e+01,2.064816e+01,2.077363e+01,2.070394e+01,2.081543e+01,2.077363e+01,2.087808e+01,2.083632e+01,2.080150e+01,2.082935e+01,2.086416e+01,2.082935e+01,2.083632e+01,2.081543e+01,2.079453e+01,2.079453e+01,2.077363e+01,2.078757e+01,2.089200e+01,2.080846e+01,2.082935e+01,2.085024e+01,2.087808e+01,2.075273e+01,2.075273e+01,2.078060e+01,2.074576e+01,2.085720e+01,2.082935e+01,2.069697e+01,2.079453e+01,2.080150e+01,2.069697e+01,2.094765e+01,2.070394e+01,2.071091e+01,2.073879e+01,2.070394e+01,2.070394e+01,2.070394e+01,2.075970e+01,2.080846e+01,2.072486e+01,2.066211e+01,2.066908e+01,2.080150e+01,2.071789e+01,2.079453e+01,2.081543e+01,2.069697e+01,2.079453e+01,2.071789e+01,2.078060e+01,2.085024e+01,2.071091e+01,2.077363e+01,2.073182e+01,2.066211e+01,2.075970e+01,2.067605e+01,2.081543e+01,2.083632e+01,2.078060e+01,2.082239e+01,2.083632e+01,2.087808e+01,2.072486e+01,2.084328e+01,2.073182e+01,2.073879e+01,2.070394e+01,2.090592e+01,2.077363e+01,2.100327e+01,2.082935e+01,2.073182e+01,2.071789e+01,2.077363e+01,2.079453e+01,2.076667e+01,2.077363e+01,2.082935e+01,2.075273e+01,2.075273e+01,2.084328e+01,2.079453e+01,2.087808e+01,2.075273e+01,2.080150e+01,2.070394e+01,2.087112e+01
2.078060e+01,2.070394e+01,2.072486e+01,2.078757e+01,2.068303e+01,2.063420e+01,2.076667e+01,2.086416e+01,2.069000e+01,2.082239e+01,2.069697e+01,2.082935e+01,2.080846e+01,2.080150e+01,2.079453e+01,2.073182e+01,2.075273e+01,2.075970e+01,2.071789e+01,2.078060e+01,2.074576e+01,2.065513e+01,2.078060e+01,2.073182e+01,2.075970e+01,2.080150e+01,2.064118e+01,2.087808e+01,2.082239e+01,2.089200e+01,2.081543e+01,2.083632e+01,2.085024e+01,2.052252e+01,2.075970e+01,2.080150e+01,2.074576e+01,2.080846e+01,2.076667e+01,2.077363e+01,2.080846e+01,2.075970e+01,2.078757e+01,2.074576e+01,2.078757e+01,2.066908e+01,2.086416e+01,2.079453e+01,2.084328e+01,2.081543e+01,2.078060e+01,2.077363e+01,2.071789e+01,2.075970e+01,2.075273e+01,2.076667e+01,2.078060e+01,2.082935e+01,2.078757e+01,2.087112e+01,2.084328e+01,2.073879e+01,2.076667e+01,2.075273e+01,2.066908e+01,2.078757e+01,2.080846e+01,2.083632e+01,2.070394e+01,2.080846e+01,2.069000e+01,2.089896e+01,2.079453e+01,2.078060e+01,2.080150e+01,2.080846e+01,2.069000e+01,2.080846e+01,2.085720e+01,2.079453e+01,2.082239e+01,2.082935e+01,2.073182e+01,2.081543e+01,2.075273e+01,2.074576e+01,2.085024e+01,2.072486e+01,2.075273e+01,2.080846e+01,2.079453e+01,2.073879e+01,2.078757e+01,2.080846e+01,2.084328e+01,2.078060e+01,2.074576e+01,2.076667e+01,2.085720e+01,2.080846e+01,2.084328e+01,2.087112e+01,2.082935e+01,2.084328e+01,2.077363e+01,2.075970e+01,2.082239e+01,2.082239e+01,2.082935e+01,2.085720e+01,2.083632e+01,2.085720e+01,2.082239e+01,2.078060e+01,2.084328e+01,2.080846e+01,2.082935e+01,2.087808e+01,2.081543e+01,2.087112e+01,2.075970e+01,2.075273e+01,2.075970e+01,2.085024e+01,2.072486e+01,2.076667e+01,2.076667e+01,2.084328e+01,2.080150e+01,2.080150e+01,2.091287e+01,2.077363e+01,2.085024e+01,2.081543e+01,2.074576e+01,2.078757e+01,2.076667e+01,2.075970e+01,2.082935e+01,2.089200e+01,2.078060e+01,2.075970e+01,2.077363e+01,2.076667e+01,2.083632e+01,2.080846e+01,2.078060e+01,2.080846e+01,2.080150e+01,2.080846e+01,2.078757e+01,2.078060e+01,2.071091e+01,2.074576e+01,2.078757e+01,2.078757e+01,2.076667e+01,2.076667e+01,2.074576e+01,2.080846e+01,2.078060e+01,2.076667e+01,2.075970e+01,2.075970e+01,2.085024e+01,2.080150e+01,2.080846e+01,2.066211e+01,2.071091e+01,2.063420e+01,2.020774e+01,1.980761e+01,1.953291e+01,1.939174e+01,1.933522e+01,1.932109e+01,1.915130e+01,1.916546e+01,1.908756e+01,1.906630e+01,1.901669e+01,1.903795e+01,1.903087e+01,1.913714e+01,1.905922e+01,1.908047e+01,1.904504e+01,1.908047e+01,1.912298e+01,1.914422e+01,1.922208e+01,1.914422e+01,1.908756e+01,1.906630e+01,1.888899e+01,1.876112e+01,1.849064e+01,1.831944e+01,1.829801e+01,1.832658e+01,1.828373e+01,1.825516e+01,1.826944e+01,1.826230e+01,1.820513e+01,1.822657e+01,1.816223e+01,1.815508e+01,1.824087e+01,1.834799e+01,1.821228e+01,1.841221e+01,1.826944e+01,1.832658e+01,1.842648e+01,1.845500e+01,1.846926e+01,1.859038e+01,1.871135e+01,1.869713e+01,1.876823e+01,1.884638e+01,1.905213e+01,1.899541e+01,1.893157e+01,1.896704e+01,1.888189e+01,1.894576e+01,1.894576e+01,1.887479e+01,1.895995e+01,1.891028e+01,1.881797e+01,1.881797e+01,1.879666e+01,1.886059e+01,1.878245e+01,1.878955e+01,1.877534e+01,1.873269e+01,1.876823e+01,1.871135e+01,1.864733e+01,1.868290e+01,1.871135e+01,1.873980e+01,1.876112e+01,1.874691e+01,1.876823e+01,1.890318e+01,1.906630e+01,1.934936e+01,1.961751e+01,1.968092e+01,1.987090e+01,2.014467e+01,2.035476e+01,2.036176e+01,2.062723e+01,2.064118e+01,2.075970e+01,2.084328e+01,2.080846e+01,2.080846e+01,2.068303e+01,2.085720e+01,2.078757e+01,2.074576e+01,2.079453e+01,2.078060e+01,2.079453e+01,2.084328e+01,2.087112e+01,2.080150e+01,2.087112e+01,2.080150e+01,2.086416e+01,2.080150e+01,2.081543e+01,2.078757e+01,2.077363e+01,2.088504e+01,2.072486e+01,2.080150e+01,2.089896e+01,2.085024e+01,2.091983e+01,2.089896e+01,2.087808e+01,2.082239e+01,2.090592e+01,2.078757e+01,2.080846e+01,2.088504e+01,2.078757e+01,2.076667e+01,2.072486e+01,2.098242e+01,2.081543e+01,2.074576e+01,2.069000e+01,2.075970e+01,2.069697e+01,2.065513e+01,2.035476e+01,2.031278e+01,2.005350e+01,1.992009e+01,1.975836e+01,1.973021e+01,1.965979e+01,1.960342e+01,1.958227e+01,1.968092e+01,1.961751e+01,1.965274e+01,1.970909e+01,1.966683e+01,1.977243e+01,1.964570e+01,1.983574e+01,1.982168e+01,1.986386e+01,1.985683e+01,2.006753e+01,2.015168e+01,2.036875e+01,2.044567e+01,2.062025e+01,2.069000e+01,2.068303e+01,2.071789e+01,2.076667e+01,2.074576e+01,2.076667e+01,2.076667e+01,2.074576e+01,2.073879e+01,2.055045e+01,2.060629e+01,2.053649e+01,2.043868e+01,2.050855e+01,2.039673e+01,2.045964e+01,2.029178e+01,2.036176e+01,2.022176e+01,2.040372e+01,2.036875e+01,2.064118e+01,2.044567e+01,2.064816e+01,2.062025e+01,2.050855e+01,2.045964e+01,2.045964e+01,2.022876e+01,1.996224e+01,1.968796e+01,1.953996e+01,1.945529e+01,1.944823e+01,1.951175e+01,1.944823e+01,1.951175e+01,1.940587e+01,1.942705e+01,1.929281e+01,1.932109e+01,1.937055e+01,1.926452e+01,1.920085e+01,1.934936e+01,1.929281e+01,1.956817e+01,1.962456e+01,1.989198e+01,2.022176e+01,2.060629e+01,2.060629e+01,2.087112e+01,2.085720e+01,2.087808e+01,2.087808e+01,2.087808e+01,2.085720e+01,2.086416e+01,2.098937e+01,2.090592e+01,2.085024e+01,2.085024e+01,2.083632e+01,2.077363e+01,2.084328e+01,2.087808e+01,2.084328e+01,2.064118e+01,2.051554e+01,2.027078e+01,1.996224e+01,2.026378e+01,2.022876e+01,1.999735e+01,1.969500e+01,1.963865e+01,1.940587e+01,1.946941e+01,1.955407e+01,1.951175e+01,1.998330e+01,2.063420e+01,2.065513e+01,2.085024e+01,2.072486e+01,2.083632e+01,2.089200e+01,2.082935e+01,2.085024e+01,2.094765e+01,2.094765e+01,2.085024e+01,2.080150e+01,2.088504e+01,2.086416e+01,2.088504e+01,2.085720e+01,2.084328e+01,2.081543e+01,2.084328e+01,2.093374e+01,2.083632e+01,2.080846e+01,2.088504e+01,2.078757e+01,2.092679e+01,2.093374e+01,2.077363e+01,2.091287e+01,2.089896e+01,2.087808e+01,2.084328e+01,2.090592e+01,2.094765e+01,2.075970e+01,2.082239e+01,2.082239e+01,2.085024e+01,2.066908e+01,2.084328e+01,2.073879e+01,2.092679e+01,2.085720e+01,2.079453e+01,2.077363e+01,2.091983e+01,2.072486e+01,2.073182e+01,2.081543e+01,2.075970e+01,2.078757e+01,2.080150e+01,2.076667e+01,2.088504e+01,2.078060e+01,2.085720e+01,2.082935e+01,2.089200e+01,2.080150e+01,2.082239e+01,2.081543e+01,2.084328e+01,2.064816e+01,2.083632e+01,2.082239e+01,2.085024e+01,2.087112e+01,2.080150e+01,2.087112e+01,2.074576e+01,2.087808e+01,2.073182e+01,2.087112e+01,2.097547e+01,2.086416e+01,2.086416e+01,2.076667e+01,2.080150e+01,2.078060e+01,2.081543e+01,2.087112e+01,2.086416e+01,2.085720e+01,2.088504e+01,2.086416e+01,2.082935e+01,2.073879e+01,2.080846e+01,2.075970e+01,2.080150e+01,2.079453e+01,2.074576e+01,2.082935e+01,2.075273e+01,2.073182e+01,2.075273e+01,2.086416e+01,2.082239e+01,2.078757e+01,2.084328e+01,2.075970e+01,2.078060e+01,2.085024e+01,2.086416e+01,2.081543e+01,2.082239e+01,2.086416e+01,2.082935e+01,2.089200e+01,2.096852e+01,2.082239e+01,2.080846e+01,2.078757e+01,2.078757e+01,2.073879e+01,2.084328e+01,2.075273e+01,2.080846e+01,2.084328e+01,2.072486e+01,2.073879e+01,2.093374e+01,2.086416e+01,2.092679e+01,2.086416e+01,2.076667e+01,2.080150e+01,2.082935e+01,2.083632e+01,2.094765e+01,2.085720e+01,2.081543e+01,2.075970e+01,2.084328e+01,2.085024e+01,2.079453e+01,2.075970e+01,2.087808e+01,2.085720e+01,2.085024e+01,2.079453e+01,2.077363e+01,2.081543e+01,2.087112e+01,2.075273e+01,2.090592e+01,2.081543e+01,2.084328e+01,2.087112e+01,2.087808e+01,2.078757e+01,2.089896e+01,2.076667e+01,2.073182e+01,2.078757e+01,2.078757e+01,2.085720e+01,2.075970e+01,2.080150e+01,2.078757e+01,2.080846e+01,2.084328e+01,2.071091e+01,2.078060e+01,2.080846e+01,2.075970e+01,2.075273e+01,2.064816e+01,2.080150e+01,2.078757e+01,2.072486e+01,2.079453e+01,2.085720e+01,2.070394e+01,2.085024e+01,2.073879e+01,2.069000e+01,2.080846e+01,2.073182e+01,2.071789e+01,2.074576e+01,2.065513e+01,2.092679e+01,2.083632e+01,2.087112e+01,2.079453e+01,2.082935e+01,2.078757e+01,2.071789e+01,2.076667e+01,2.075273e+01,2.072486e+01,2.068303e+01,2.086416e+01,2.071789e+01,2.075273e+01,2.085024e+01,2.067605e+01,2.092679e+01,2.074576e+01,2.073879e+01,2.069697e+01,2.075273e+01,2.086416e+01,2.088504e+01,2.082239e+01,2.089896e+01,2.073182e+01,2.064816e+01,2.080846e+01,2.080846e+01,2.076667e+01,2.073182e+01,2.073879e+01,2.072486e+01,2.079453e+01,2.081543e+01,2.081543e+01,2.086416e+01,2.091287e+01,2.093374e+01,2.088504e+01,2.081543e+01,2.077363e+01,2.093374e+01,2.073182e+01,2.074576e+01,2.076667e+01,2.086416e+01,2.070394e+01
2.089200e+01,2.085720e+01,2.072486e+01,2.066211e+01,2.071789e+01,2.068303e+01,2.069697e+01,2.079453e+01,2.070394e+01,2.072486e+01,2.064816e+01,2.073879e+01,2.080846e+01,2.078757e+01,2.073182e+01,2.071789e+01,2.071789e+01,2.081543e+01,2.074576e+01,2.074576e+01,2.076667e+01,2.071789e+01,2.075273e+01,2.068303e+01,2.078757e+01,2.071091e+01,2.083632e+01,2.059932e+01,2.093374e+01,2.077363e+01,2.080150e+01,2.079453e+01,2.076667e+01,2.082239e+01,2.089200e+01,2.079453e+01,2.058536e+01,2.073879e+01,2.075970e+01,2.077363e+01,2.082239e+01,2.075970e+01,2.075273e+01,2.082935e+01,2.073879e+01,2.063420e+01,2.083632e+01,2.082239e+01,2.088504e+01,2.080846e+01,2.083632e+01,2.078757e+01,2.089896e+01,2.075970e+01,2.078060e+01,2.075273e+01,2.077363e+01,2.082935e+01,2.080150e+01,2.078757e+01,2.077363e+01,2.078757e+01,2.078757e+01,2.080846e+01,2.073879e+01,2.087112e+01,2.085024e+01,2.075273e+01,2.079453e+01,2.066908e+01,2.080846e+01,2.064816e+01,2.087112e+01,2.082239e+01,2.080846e+01,2.082239e+01,2.071091e+01,2.076667e+01,2.077363e+01,2.087112e+01,2.089200e+01,2.068303e+01,2.083632e+01,2.088504e+01,2.078757e+01,2.078060e+01,2.079453e+01,2.074576e+01,2.076667e+01,2.078060e+01,2.075273e+01,2.080846e+01,2.077363e+01,2.078060e+01,2.075970e+01,2.086416e+01,2.076667e+01,2.091287e+01,2.073879e+01,2.066211e+01,2.074576e+01,2.081543e+01,2.080150e+01,2.069000e+01,2.085024e+01,2.082935e+01,2.080150e+01,2.079453e+01,2.080150e+01,2.075970e+01,2.082239e+01,2.073879e+01,2.076667e+01,2.080846e+01,2.078757e+01,2.075970e+01,2.070394e+01,2.064816e+01,2.082935e+01,2.073182e+01,2.078757e+01,2.075273e+01,2.076667e+01,2.091287e+01,2.071789e+01,2.079453e+01,2.073182e+01,2.080846e+01,2.085024e+01,2.080846e+01,2.078757e+01,2.075970e+01,2.073182e+01,2.071789e+01,2.075970e+01,2.078060e+01,2.082239e+01,2.075273e+01,2.074576e+01,2.080150e+01,2.080846e+01,2.075970e+01,2.076667e+01,2.073879e+01,2.075970e+01,2.075970e+01,2.080150e+01,2.079453e+01,2.075273e+01,2.082935e+01,2.076667e+01,2.082935e+01,2.066908e+01,2.078757e+01,2.079453e+01,2.075970e+01,2.078060e+01,2.078757e+01,2.076667e+01,2.077363e+01,2.080150e+01,2.079453e+01,2.073182e+01,2.073879e+01,2.068303e+01,2.080846e+01,2.066211e+01,2.074576e+01,2.069000e+01,2.062025e+01,2.029178e+01,1.988495e+01,1.950469e+01,1.945529e+01,1.932815e+01,1.917962e+01,1.919378e+01,1.919378e+01,1.918670e+01,1.922208e+01,1.913714e+01,1.914422e+01,1.914422e+01,1.914422e+01,1.920085e+01,1.908756e+01,1.907339e+01,1.911590e+01,1.920085e+01,1.912298e+01,1.923623e+01,1.912298e+01,1.908756e+01,1.882508e+01,1.877534e+01,1.842648e+01,1.829801e+01,1.820513e+01,1.825516e+01,1.819798e+01,1.821943e+01,1.823372e+01,1.809785e+01,1.819083e+01,1.817653e+01,1.829087e+01,1.826230e+01,1.838367e+01,1.830515e+01,1.814793e+01,1.834085e+01,1.819083e+01,1.835513e+01,1.823372e+01,1.837654e+01,1.839794e+01,1.854765e+01,1.863309e+01,1.851915e+01,1.867579e+01,1.880376e+01,1.876823e+01,1.880376e+01,1.881087e+01,1.897414e+01,1.888899e+01,1.892448e+01,1.886769e+01,1.881087e+01,1.886059e+01,1.884638e+01,1.877534e+01,1.881797e+01,1.881797e+01,1.880376e+01,1.879666e+01,1.880376e+01,1.878955e+01,1.872558e+01,1.891028e+01,1.871135e+01,1.889609e+01,1.873980e+01,1.883218e+01,1.863309e+01,1.868290e+01,1.877534e+01,1.879666e+01,1.887479e+01,1.911590e+01,1.922208e+01,1.944823e+01,1.975836e+01,1.984980e+01,2.012364e+01,2.033377e+01,2.056442e+01,2.054347e+01,2.064816e+01,2.062025e+01,2.072486e+01,2.079453e+01,2.078757e+01,2.065513e+01,2.080846e+01,2.085024e+01,2.083632e+01,2.085720e+01,2.071789e+01,2.071789e+01,2.085024e+01,2.078060e+01,2.078060e+01,2.083632e+01,2.078757e+01,2.082239e+01,2.080846e+01,2.086416e+01,2.078757e+01,2.072486e+01,2.079453e+01,2.080846e+01,2.080150e+01,2.070394e+01,2.080846e+01,2.078757e+01,2.080150e+01,2.078757e+01,2.087112e+01,2.083632e+01,2.074576e+01,2.078060e+01,2.080846e+01,2.078757e+01,2.075273e+01,2.076667e+01,2.076667e+01,2.082935e+01,2.089896e+01,2.079453e+01,2.073182e+01,2.072486e+01,2.058536e+01,2.067605e+01,2.032678e+01,2.022176e+01,2.024277e+01,1.996224e+01,1.989198e+01,1.974428e+01,1.960342e+01,1.955407e+01,1.962456e+01,1.956112e+01,1.962456e+01,1.949058e+01,1.965274e+01,1.965979e+01,1.978650e+01,1.978650e+01,1.978650e+01,1.984980e+01,1.984980e+01,1.992711e+01,1.993414e+01,2.006051e+01,2.034077e+01,2.036176e+01,2.043169e+01,2.052950e+01,2.066908e+01,2.069697e+01,2.069697e+01,2.084328e+01,2.071789e+01,2.070394e+01,2.076667e+01,2.069000e+01,2.082935e+01,2.071091e+01,2.061327e+01,2.052252e+01,2.048061e+01,2.049458e+01,2.043169e+01,2.033377e+01,2.033377e+01,2.024977e+01,2.033377e+01,2.062723e+01,2.065513e+01,2.064816e+01,2.071091e+01,2.071091e+01,2.069697e+01,2.079453e+01,2.069697e+01,2.045266e+01,2.019373e+01,1.973725e+01,1.952586e+01,1.940587e+01,1.940587e+01,1.935642e+01,1.948352e+01,1.951880e+01,1.947647e+01,1.955407e+01,1.933522e+01,1.929988e+01,1.933522e+01,1.934229e+01,1.925038e+01,1.938468e+01,1.927160e+01,1.920085e+01,1.949764e+01,1.975132e+01,1.998330e+01,2.021475e+01,2.048759e+01,2.062025e+01,2.082935e+01,2.078757e+01,2.080150e+01,2.077363e+01,2.087112e+01,2.085024e+01,2.082935e+01,2.085024e+01,2.082239e+01,2.080846e+01,2.082935e+01,2.082935e+01,2.081543e+01,2.085720e+01,2.074576e+01,2.068303e+01,2.049458e+01,2.024977e+01,2.024977e+01,2.050157e+01,2.031978e+01,1.981464e+01,1.969500e+01,1.961751e+01,1.958932e+01,1.939881e+01,1.961047e+01,1.980761e+01,2.031978e+01,2.069000e+01,2.070394e+01,2.068303e+01,2.091287e+01,2.081543e+01,2.089200e+01,2.078757e+01,2.085720e+01,2.087112e+01,2.091287e+01,2.088504e+01,2.084328e+01,2.086416e+01,2.085024e+01,2.092679e+01,2.083632e+01,2.086416e+01,2.087112e+01,2.083632e+01,2.087808e+01,2.080150e+01,2.088504e+01,2.081543e+01,2.091287e+01,2.089200e+01,2.091287e+01,2.089200e+01,2.089200e+01,2.088504e+01,2.085720e+01,2.080846e+01,2.075970e+01,2.083632e+01,2.087112e+01,2.084328e+01,2.074576e+01,2.082239e+01,2.093374e+01,2.089896e+01,2.087808e+01,2.089200e+01,2.086416e+01,2.078060e+01,2.082239e+01,2.074576e+01,2.073182e+01,2.081543e+01,2.076667e+01,2.088504e+01,2.078757e+01,2.077363e+01,2.080846e+01,2.089896e+01,2.086416e+01,2.082935e+01,2.090592e+01,2.085024e+01,2.082239e+01,2.082239e+01,2.089896e+01,2.078060e+01,2.085024e+01,2.082239e+01,2.083632e+01,2.084328e+01,2.078757e+01,2.078757e+01,2.087808e+01,2.086416e+01,2.080150e+01,2.085720e+01,2.071091e+01,2.071091e+01,2.078757e+01,2.087808e+01,2.075273e+01,2.075970e+01,2.070394e+01,2.073182e+01,2.080846e+01,2.079453e+01,2.087808e+01,2.073879e+01,2.075970e+01,2.082935e+01,2.086416e+01,2.080846e+01,2.076667e+01,2.081543e+01,2.079453e+01,2.078757e+01,2.079453e+01,2.081543e+01,2.078757e+01,2.073182e+01,2.080150e+01,2.072486e+01,2.078757e+01,2.089896e+01,2.066908e+01,2.079453e+01,2.087112e+01,2.079453e+01,2.073879e+01,2.073879e+01,2.076667e+01,2.078060e+01,2.073182e+01,2.075273e+01,2.078757e+01,2.078757e+01,2.076667e+01,2.073879e+01,2.074576e+01,2.075970e+01,2.076667e+01,2.071789e+01,2.087808e+01,2.075273e+01,2.087808e+01,2.091287e+01,2.089896e+01,2.076667e+01,2.078757e+01,2.077363e+01,2.075273e+01,2.085024e+01,2.089200e+01,2.085024e+01,2.076667e+01,2.084328e+01,2.092679e+01,2.094070e+01,2.084328e+01,2.072486e+01,2.077363e+01,2.086416e+01,2.080150e+01,2.083632e+01,2.082935e+01,2.072486e+01,2.073182e+01,2.081543e+01,2.073182e+01,2.074576e+01,2.087112e+01,2.072486e+01,2.087808e+01,2.078757e+01,2.080150e+01,2.088504e+01,2.080846e+01,2.083632e+01,2.079453e+01,2.089896e+01,2.078757e+01,2.075273e+01,2.073182e+01,2.078060e+01,2.075970e+01,2.071789e+01,2.074576e+01,2.073879e+01,2.068303e+01,2.075273e+01,2.086416e+01,2.074576e+01,2.070394e+01,2.068303e+01,2.075273e+01,2.090592e+01,2.069697e+01,2.071789e+01,2.072486e+01,2.071091e+01,2.071789e+01,2.069697e+01,2.077363e+01,2.080150e+01,2.080846e+01,2.069697e+01,2.070394e+01,2.073182e+01,2.081543e+01,2.082239e+01,2.073182e+01,2.071091e+01,2.076667e+01,2.075970e+01,2.078060e+01,2.078757e+01,2.077363e+01,2.078060e+01,2.073182e+01,2.080150e+01,2.088504e+01,2.068303e+01,2.085024e+01,2.078060e+01,2.079453e+01,2.080846e+01,2.085024e+01,2.081543e+01,2.081543e+01,2.089896e+01,2.080150e+01,2.070394e+01,2.078060e+01,2.075970e+01,2.070394e+01,2.075273e+01,2.074576e+01,2.070394e+01,2.075970e+01,2.080846e+01,2.079453e+01,2.076667e+01,2.079453e+01,2.084328e+01,2.082935e+01,2.080846e+01,2.092679e+01,2.073879e+01,2.068303e+01,2.073879e+01,2.094765e+01,2.084328e+01,2.078757e+01,2.087112e+01
2.093374e+01,2.082239e+01,2.066211e+01,2.081543e+01,2.071091e+01,2.067605e+01,2.065513e+01,2.075273e+01,2.075970e+01,2.076667e+01,2.059234e+01,2.080846e+01,2.081543e+01,2.082239e+01,2.083632e+01,2.071789e+01,2.078757e+01,2.080846e+01,2.087112e+01,2.075970e+01,2.078757e+01,2.075970e+01,2.076667e+01,2.072486e+01,2.076667e+01,2.075273e+01,2.082239e+01,2.079453e+01,2.081543e+01,2.081543e+01,2.091287e+01,2.073182e+01,2.084328e+01,2.095461e+01,2.084328e+01,2.085024e+01,2.076667e+01,2.085024e+01,2.068303e+01,2.063420e+01,2.077363e+01,2.078757e+01,2.076667e+01,2.086416e+01,2.081543e+01,2.083632e+01,2.083632e+01,2.085024e+01,2.081543e+01,2.080150e+01,2.088504e+01,2.085024e+01,2.076667e+01,2.089200e+01,2.077363e+01,2.082935e+01,2.080846e+01,2.092679e+01,2.080150e+01,2.084328e+01,2.085024e+01,2.080846e+01,2.076667e+01,2.073182e+01,2.083632e+01,2.073182e+01,2.082239e+01,2.075970e+01,2.079453e+01,2.080150e+01,2.089200e+01,2.080150e+01,2.078060e+01,2.074576e+01,2.080150e+01,2.068303e+01,2.060629e+01,2.081543e+01,2.085024e+01,2.079453e+01,2.085720e+01,2.085024e+01,2.085720e+01,2.083632e+01,2.086416e+01,2.093374e+01,2.087808e+01,2.073879e+01,2.074576e+01,2.073182e+01,2.077363e+01,2.068303e+01,2.057838e+01,2.076667e+01,2.089896e+01,2.088504e+01,2.069000e+01,2.075273e+01,2.073879e+01,2.076667e+01,2.069000e+01,2.087112e+01,2.087112e+01,2.086416e+01,2.081543e+01,2.075273e+01,2.078060e+01,2.087808e+01,2.080150e+01,2.078757e+01,2.083632e+01,2.079453e+01,2.081543e+01,2.080846e+01,2.076667e+01,2.072486e+01,2.077363e+01,2.080150e+01,2.077363e+01,2.077363e+01,2.082239e+01,2.091287e+01,2.078060e+01,2.073182e+01,2.091983e+01,2.087112e+01,2.085024e+01,2.078060e+01,2.086416e+01,2.080846e+01,2.079453e+01,2.080846e+01,2.086416e+01,2.096156e+01,2.078757e+01,2.079453e+01,2.080150e+01,2.085024e+01,2.089200e+01,2.083632e+01,2.079453e+01,2.074576e+01,2.082239e+01,2.073182e+01,2.079453e+01,2.080846e+01,2.087112e+01,2.078757e+01,2.091287e+01,2.083632e+01,2.078757e+01,2.089896e+01,2.080150e+01,2.078757e+01,2.080846e+01,2.080150e+01,2.077363e+01,2.080150e+01,2.074576e+01,2.078757e+01,2.078060e+01,2.075273e+01,2.083632e+01,2.073182e+01,2.080150e+01,2.080846e+01,2.083632e+01,2.078757e+01,2.064118e+01,2.069697e+01,2.031978e+01,1.993414e+01,1.967388e+01,1.946235e+01,1.955407e+01,1.937762e+01,1.930695e+01,1.923623e+01,1.922208e+01,1.922208e+01,1.936349e+01,1.919378e+01,1.919378e+01,1.917254e+01,1.920085e+01,1.919378e+01,1.920793e+01,1.917962e+01,1.950469e+01,1.939174e+01,1.920793e+01,1.920793e+01,1.911590e+01,1.866867e+01,1.855477e+01,1.844074e+01,1.836227e+01,1.819798e+01,1.812647e+01,1.821228e+01,1.817653e+01,1.818369e+01,1.814078e+01,1.815508e+01,1.809785e+01,1.822657e+01,1.825516e+01,1.831230e+01,1.816938e+01,1.836940e+01,1.818369e+01,1.825516e+01,1.824087e+01,1.825516e+01,1.838367e+01,1.841934e+01,1.842648e+01,1.858326e+01,1.854053e+01,1.868290e+01,1.876823e+01,1.881797e+01,1.884638e+01,1.876112e+01,1.879666e+01,1.881087e+01,1.893157e+01,1.885349e+01,1.886769e+01,1.886769e+01,1.883928e+01,1.893867e+01,1.880376e+01,1.888899e+01,1.882508e+01,1.886769e+01,1.891028e+01,1.892448e+01,1.892448e+01,1.890318e+01,1.874691e+01,1.892448e+01,1.881087e+01,1.871847e+01,1.884638e+01,1.854765e+01,1.864733e+01,1.895995e+01,1.891738e+01,1.916546e+01,1.932109e+01,1.973021e+01,1.979354e+01,2.023577e+01,2.029178e+01,2.053649e+01,2.068303e+01,2.052950e+01,2.071789e+01,2.087112e+01,2.071091e+01,2.079453e+01,2.079453e+01,2.065513e+01,2.079453e+01,2.079453e+01,2.085720e+01,2.067605e+01,2.085024e+01,2.068303e+01,2.087112e+01,2.083632e+01,2.082935e+01,2.078060e+01,2.075273e+01,2.077363e+01,2.077363e+01,2.076667e+01,2.082935e+01,2.073182e+01,2.089200e+01,2.079453e+01,2.071091e+01,2.080150e+01,2.080846e+01,2.076667e+01,2.087808e+01,2.082239e+01,2.089896e+01,2.076667e+01,2.082935e+01,2.084328e+01,2.077363e+01,2.078757e+01,2.080150e+01,2.075273e+01,2.076667e+01,2.090592e+01,2.082239e+01,2.096156e+01,2.080150e+01,2.075970e+01,2.069000e+01,2.065513e+01,2.041071e+01,2.027078e+01,1.996926e+01,2.001139e+01,1.987792e+01,1.970909e+01,1.965274e+01,1.961047e+01,1.959637e+01,1.963865e+01,1.965274e+01,1.965979e+01,1.979354e+01,1.983574e+01,1.968796e+01,1.987792e+01,1.992009e+01,1.987090e+01,1.984277e+01,1.994117e+01,2.016570e+01,2.008857e+01,2.033377e+01,2.032678e+01,2.043868e+01,2.062025e+01,2.066211e+01,2.074576e+01,2.068303e+01,2.073182e+01,2.087112e+01,2.080846e+01,2.069000e+01,2.073182e+01,2.069000e+01,2.069000e+01,2.052950e+01,2.052252e+01,2.051554e+01,2.052252e+01,2.053649e+01,2.041770e+01,2.060629e+01,2.059234e+01,2.062723e+01,2.064816e+01,2.067605e+01,2.071091e+01,2.068303e+01,2.073182e+01,2.071091e+01,2.073879e+01,2.070394e+01,2.052252e+01,2.020074e+01,1.991306e+01,1.970909e+01,1.953996e+01,1.937762e+01,1.932815e+01,1.951175e+01,1.956112e+01,1.949764e+01,1.949058e+01,1.939881e+01,1.940587e+01,1.937762e+01,1.933522e+01,1.933522e+01,1.920793e+01,1.906630e+01,1.922208e+01,1.920085e+01,1.945529e+01,1.967388e+01,1.995521e+01,2.026378e+01,2.057140e+01,2.056442e+01,2.086416e+01,2.071091e+01,2.091287e+01,2.088504e+01,2.084328e+01,2.085024e+01,2.080150e+01,2.082239e+01,2.078757e+01,2.082239e+01,2.084328e+01,2.087112e+01,2.073879e+01,2.083632e+01,2.071789e+01,2.056442e+01,2.056442e+01,2.028478e+01,2.052950e+01,2.038974e+01,2.005350e+01,1.982168e+01,1.964570e+01,1.961751e+01,1.961047e+01,2.001139e+01,2.032678e+01,2.065513e+01,2.072486e+01,2.068303e+01,2.089896e+01,2.087112e+01,2.088504e+01,2.086416e+01,2.088504e+01,2.087808e+01,2.076667e+01,2.086416e+01,2.093374e+01,2.082935e+01,2.078060e+01,2.087808e+01,2.086416e+01,2.080150e+01,2.094765e+01,2.090592e+01,2.075970e+01,2.093374e+01,2.087808e+01,2.079453e+01,2.081543e+01,2.088504e+01,2.090592e+01,2.087112e+01,2.089200e+01,2.089200e+01,2.086416e+01,2.085024e+01,2.089896e+01,2.090592e+01,2.080846e+01,2.078060e+01,2.086416e+01,2.076667e+01,2.078060e+01,2.085024e+01,2.097547e+01,2.084328e+01,2.090592e+01,2.084328e+01,2.073182e+01,2.091983e+01,2.081543e+01,2.076667e+01,2.071789e+01,2.080150e+01,2.082935e+01,2.080150e+01,2.097547e+01,2.079453e+01,2.086416e+01,2.084328e+01,2.087112e+01,2.088504e+01,2.086416e+01,2.084328e+01,2.089896e+01,2.076667e+01,2.074576e+01,2.081543e+01,2.062723e+01,2.083632e+01,2.064816e+01,2.082239e+01,2.086416e+01,2.082239e+01,2.090592e+01,2.087112e+01,2.077363e+01,2.084328e+01,2.071091e+01,2.066908e+01,2.073879e+01,2.083632e+01,2.078757e+01,2.085024e+01,2.075970e+01,2.080846e+01,2.087808e+01,2.080150e+01,2.075273e+01,2.074576e+01,2.086416e+01,2.089200e+01,2.087112e+01,2.084328e+01,2.087112e+01,2.085024e+01,2.080150e+01,2.077363e+01,2.080846e+01,2.083632e+01,2.075970e+01,2.083632e+01,2.081543e+01,2.076667e+01,2.079453e+01,2.079453e+01,2.080846e+01,2.079453e+01,2.083632e+01,2.076667e+01,2.069697e+01,2.080846e+01,2.075970e+01,2.085720e+01,2.076667e+01,2.083632e+01,2.075970e+01,2.080846e+01,2.081543e+01,2.076667e+01,2.072486e+01,2.080846e+01,2.078757e+01,2.085024e+01,2.086416e+01,2.090592e+01,2.079453e+01,2.073879e+01,2.081543e+01,2.087112e+01,2.079453e+01,2.088504e+01,2.080846e+01,2.082239e+01,2.087112e+01,2.088504e+01,2.089896e+01,2.091983e+01,2.092679e+01,2.084328e+01,2.087112e+01,2.079453e+01,2.075273e+01,2.082935e+01,2.091983e+01,2.084328e+01,2.095461e+01,2.085720e+01,2.080150e+01,2.074576e+01,2.083632e+01,2.082239e+01,2.076667e+01,2.078060e+01,2.085720e+01,2.092679e+01,2.080150e+01,2.082239e+01,2.073879e+01,2.086416e+01,2.082935e+01,2.077363e+01,2.075970e+01,2.075273e+01,2.075273e+01,2.076667e+01,2.073879e+01,2.072486e+01,2.073879e+01,2.087808e+01,2.080150e+01,2.082239e+01,2.079453e+01,2.079453e+01,2.078060e+01,2.075970e+01,2.073879e+01,2.075970e+01,2.057838e+01,2.078060e+01,2.072486e+01,2.073879e+01,2.066908e+01,2.080150e+01,2.064816e+01,2.078757e+01,2.082239e+01,2.083632e+01,2.081543e+01,2.080846e+01,2.091983e+01,2.080846e+01,2.074576e+01,2.080150e+01,2.075970e+01,2.071091e+01,2.074576e+01,2.073879e+01,2.087808e+01,2.074576e+01,2.079453e+01,2.069000e+01,2.075970e+01,2.075970e+01,2.082935e+01,2.080846e+01,2.078757e+01,2.084328e+01,2.069697e+01,2.091983e+01,2.070394e+01,2.090592e+01,2.086416e+01,2.073182e+01,2.077363e+01,2.071091e+01,2.078757e+01,2.078060e+01,2.076667e+01,2.085024e+01,2.079453e+01,2.082239e+01,2.076667e+01,2.080150e+01,2.088504e+01,2.082239e+01,2.083632e+01,2.080150e+01,2.071091e+01,2.080150e+01,2.075970e+01,2.067605e+01,2.077363e+01,2.083632e+01,2.091287e+01
2.096156e+01,2.075970e+01,2.070394e+01,2.069000e+01,2.077363e+01,2.072486e+01,2.062025e+01,2.094070e+01,2.075970e+01,2.080846e+01,2.073879e+01,2.081543e+01,2.069697e+01,2.082239e+01,2.081543e+01,2.073182e+01,2.076667e+01,2.079453e+01,2.075273e+01,2.075273e+01,2.077363e+01,2.076667e+01,2.073879e+01,2.079453e+01,2.080150e+01,2.080846e+01,2.080150e+01,2.081543e+01,2.081543e+01,2.080150e+01,2.084328e+01,2.085720e+01,2.082935e+01,2.060629e+01,2.082935e+01,2.086416e+01,2.081543e+01,2.082239e+01,2.084328e+01,2.085720e+01,2.084328e+01,2.081543e+01,2.086416e+01,2.078757e+01,2.078060e+01,2.081543e+01,2.083632e+01,2.084328e+01,2.085024e+01,2.086416e+01,2.086416e+01,2.080846e+01,2.070394e+01,2.086416e+01,2.078060e+01,2.078757e+01,2.080150e+01,2.080150e+01,2.082935e+01,2.085720e+01,2.085720e+01,2.085024e+01,2.073879e+01,2.071091e+01,2.073879e+01,2.082935e+01,2.084328e+01,2.080846e+01,2.075273e+01,2.064816e+01,2.087112e+01,2.077363e+01,2.079453e+01,2.072486e+01,2.078060e+01,2.082239e+01,2.069000e+01,2.075273e+01,2.080150e+01,2.068303e+01,2.085024e+01,2.087112e+01,2.073879e+01,2.078757e+01,2.079453e+01,2.076667e+01,2.076667e+01,2.082239e+01,2.073182e+01,2.077363e+01,2.067605e+01,2.076667e+01,2.085024e+01,2.077363e+01,2.079453e+01,2.078757e+01,2.093374e+01,2.088504e+01,2.068303e+01,2.073182e+01,2.082239e+01,2.080846e+01,2.086416e+01,2.086416e+01,2.081543e+01,2.080846e+01,2.071091e+01,2.079453e+01,2.091983e+01,2.079453e+01,2.082239e+01,2.081543e+01,2.081543e+01,2.094070e+01,2.077363e+01,2.077363e+01,2.079453e+01,2.082935e+01,2.082935e+01,2.073879e+01,2.079453e+01,2.073182e+01,2.066908e+01,2.084328e+01,2.085720e+01,2.078060e+01,2.078060e+01,2.073182e+01,2.074576e+01,2.092679e+01,2.082935e+01,2.071789e+01,2.073879e+01,2.087808e+01,2.082935e+01,2.073879e+01,2.077363e+01,2.080846e+01,2.071789e+01,2.087808e+01,2.085720e+01,2.075970e+01,2.089896e+01,2.087112e+01,2.073182e+01,2.073182e+01,2.092679e+01,2.074576e+01,2.072486e+01,2.080846e+01,2.077363e+01,2.090592e+01,2.081543e+01,2.083632e+01,2.080846e+01,2.081543e+01,2.084328e+01,2.082935e+01,2.080846e+01,2.079453e+01,2.078757e+01,2.074576e+01,2.077363e+01,2.088504e+01,2.085024e+01,2.069000e+01,2.077363e+01,2.073879e+01,2.073879e+01,2.067605e+01,2.042470e+01,1.996224e+01,1.973021e+01,1.963865e+01,1.940587e+01,1.935642e+01,1.934936e+01,1.939881e+01,1.923623e+01,1.923623e+01,1.920085e+01,1.919378e+01,1.923623e+01,1.921501e+01,1.920793e+01,1.919378e+01,1.926452e+01,1.932815e+01,1.939881e+01,1.932815e+01,1.922916e+01,1.912298e+01,1.895995e+01,1.855477e+01,1.843361e+01,1.832658e+01,1.824801e+01,1.825516e+01,1.819083e+01,1.816938e+01,1.812647e+01,1.829801e+01,1.807638e+01,1.817653e+01,1.816938e+01,1.824087e+01,1.821943e+01,1.836227e+01,1.824801e+01,1.835513e+01,1.818369e+01,1.834799e+01,1.822657e+01,1.827659e+01,1.826944e+01,1.841221e+01,1.848352e+01,1.839794e+01,1.864733e+01,1.857614e+01,1.871847e+01,1.873980e+01,1.882508e+01,1.892448e+01,1.883928e+01,1.883218e+01,1.882508e+01,1.882508e+01,1.883928e+01,1.891738e+01,1.888189e+01,1.888899e+01,1.886769e+01,1.884638e+01,1.886059e+01,1.880376e+01,1.896704e+01,1.890318e+01,1.895995e+01,1.898832e+01,1.893157e+01,1.893157e+01,1.883928e+01,1.887479e+01,1.883928e+01,1.876823e+01,1.886059e+01,1.888899e+01,1.903795e+01,1.923623e+01,1.973021e+01,2.000437e+01,2.007454e+01,2.035476e+01,2.070394e+01,2.070394e+01,2.073879e+01,2.075970e+01,2.075273e+01,2.075970e+01,2.075273e+01,2.087112e+01,2.078060e+01,2.082935e+01,2.082239e+01,2.083632e+01,2.069697e+01,2.069697e+01,2.078060e+01,2.077363e+01,2.089200e+01,2.073879e+01,2.078060e+01,2.088504e+01,2.079453e+01,2.081543e+01,2.076667e+01,2.078060e+01,2.071091e+01,2.077363e+01,2.074576e+01,2.073879e+01,2.076667e+01,2.079453e+01,2.092679e+01,2.081543e+01,2.075273e+01,2.089200e+01,2.075970e+01,2.081543e+01,2.087112e+01,2.080150e+01,2.097547e+01,2.078060e+01,2.075273e+01,2.078060e+01,2.075970e+01,2.084328e+01,2.080846e+01,2.081543e+01,2.085024e+01,2.087112e+01,2.083632e+01,2.073879e+01,2.055045e+01,2.027078e+01,2.001139e+01,1.991306e+01,1.969500e+01,1.971613e+01,1.961751e+01,1.959637e+01,1.960342e+01,1.967388e+01,1.967388e+01,1.976540e+01,1.977243e+01,1.983574e+01,1.986386e+01,1.980058e+01,1.987090e+01,2.009559e+01,1.996224e+01,2.010260e+01,2.015168e+01,2.016570e+01,2.013065e+01,2.036875e+01,2.031978e+01,2.058536e+01,2.062723e+01,2.064816e+01,2.069000e+01,2.061327e+01,2.075273e+01,2.085720e+01,2.073182e+01,2.075273e+01,2.064816e+01,2.064118e+01,2.056442e+01,2.054347e+01,2.050855e+01,2.048759e+01,2.045964e+01,2.043868e+01,2.064118e+01,2.062025e+01,2.065513e+01,2.069697e+01,2.065513e+01,2.075970e+01,2.079453e+01,2.096156e+01,2.077363e+01,2.091983e+01,2.078060e+01,2.066908e+01,2.018673e+01,2.003946e+01,1.958227e+01,1.935642e+01,1.934229e+01,1.946235e+01,1.953291e+01,1.951880e+01,1.951175e+01,1.946941e+01,1.941999e+01,1.939881e+01,1.938468e+01,1.937762e+01,1.917254e+01,1.926452e+01,1.908756e+01,1.917254e+01,1.917254e+01,1.927160e+01,1.966683e+01,1.972317e+01,2.007454e+01,2.039673e+01,2.066211e+01,2.075273e+01,2.090592e+01,2.089200e+01,2.077363e+01,2.089896e+01,2.083632e+01,2.082239e+01,2.094070e+01,2.092679e+01,2.077363e+01,2.080846e+01,2.078060e+01,2.074576e+01,2.082239e+01,2.080846e+01,2.057838e+01,2.069000e+01,2.063420e+01,2.034077e+01,2.029878e+01,2.008857e+01,1.971613e+01,1.968092e+01,1.956112e+01,1.981464e+01,2.030578e+01,2.074576e+01,2.079453e+01,2.075273e+01,2.080846e+01,2.078757e+01,2.089200e+01,2.102413e+01,2.089896e+01,2.082239e+01,2.069000e+01,2.086416e+01,2.093374e+01,2.082935e+01,2.094765e+01,2.095461e+01,2.094070e+01,2.095461e+01,2.096852e+01,2.095461e+01,2.092679e+01,2.085024e+01,2.085720e+01,2.085720e+01,2.088504e+01,2.088504e+01,2.096156e+01,2.085024e+01,2.087112e+01,2.089896e+01,2.080150e+01,2.089200e+01,2.073182e+01,2.096156e+01,2.095461e+01,2.097547e+01,2.073879e+01,2.087808e+01,2.080150e+01,2.090592e+01,2.094070e+01,2.087808e+01,2.089896e+01,2.093374e+01,2.083632e+01,2.096156e+01,2.080846e+01,2.083632e+01,2.076667e+01,2.085720e+01,2.084328e+01,2.081543e+01,2.082239e+01,2.080846e+01,2.095461e+01,2.082239e+01,2.083632e+01,2.090592e+01,2.091287e+01,2.067605e+01,2.083632e+01,2.080150e+01,2.087808e+01,2.086416e+01,2.082239e+01,2.086416e+01,2.082239e+01,2.080846e+01,2.091983e+01,2.095461e+01,2.085720e+01,2.083632e+01,2.072486e+01,2.067605e+01,2.070394e+01,2.068303e+01,2.085720e+01,2.083632e+01,2.084328e+01,2.083632e+01,2.085024e+01,2.082935e+01,2.078060e+01,2.087808e+01,2.079453e+01,2.087808e+01,2.087112e+01,2.096156e+01,2.085024e+01,2.071789e+01,2.083632e+01,2.084328e+01,2.082239e+01,2.087112e+01,2.080150e+01,2.079453e+01,2.079453e+01,2.081543e+01,2.076667e+01,2.078060e+01,2.077363e+01,2.091983e+01,2.078060e+01,2.093374e+01,2.076667e+01,2.066908e+01,2.077363e+01,2.085720e+01,2.085024e+01,2.078757e+01,2.075273e+01,2.075970e+01,2.078757e+01,2.078060e+01,2.078757e+01,2.064816e+01,2.082239e+01,2.094765e+01,2.087808e+01,2.087112e+01,2.088504e+01,2.082935e+01,2.085720e+01,2.080150e+01,2.084328e+01,2.089200e+01,2.080150e+01,2.081543e+01,2.082239e+01,2.088504e+01,2.082935e+01,2.089200e+01,2.072486e+01,2.080150e+01,2.072486e+01,2.087112e+01,2.094765e+01,2.093374e+01,2.080846e+01,2.089896e+01,2.085024e+01,2.085024e+01,2.082935e+01,2.077363e+01,2.080150e+01,2.077363e+01,2.076667e+01,2.079453e+01,2.080846e+01,2.098937e+01,2.079453e+01,2.078757e+01,2.084328e+01,2.078757e+01,2.086416e+01,2.094070e+01,2.083632e+01,2.083632e+01,2.082239e+01,2.076667e+01,2.075970e+01,2.073182e+01,2.076667e+01,2.072486e+01,2.073879e+01,2.073879e+01,2.076667e+01,2.078757e+01,2.063420e+01,2.088504e+01,2.080846e+01,2.074576e+01,2.074576e+01,2.078060e+01,2.076667e+01,2.069000e+01,2.064816e+01,2.078060e+01,2.077363e+01,2.082239e+01,2.063420e+01,2.081543e+01,2.062025e+01,2.080150e+01,2.079453e+01,2.075970e+01,2.079453e+01,2.080846e+01,2.075970e+01,2.079453e+01,2.074576e+01,2.075273e+01,2.073879e+01,2.075970e+01,2.073879e+01,2.073182e+01,2.085720e+01,2.069000e+01,2.085024e+01,2.085024e+01,2.069697e+01,2.071091e+01,2.084328e+01,2.082239e+01,2.082239e+01,2.080846e+01,2.083632e+01,2.085024e+01,2.066211e+01,2.070394e+01,2.081543e+01,2.080846e+01,2.091287e+01,2.086416e+01,2.077363e+01,2.082935e+01,2.080150e+01,2.098242e+01,2.082239e+01,2.080150e+01,2.078060e+01,2.079453e+01,2.078757e+01,2.087112e+01,2.075970e+01,2.087808e+01,2.071789e+01,2.086416e+01,2.087112e+01,2.081543e+01,2.078757e+01,2.080846e+01
2.085024e+01,2.073182e+01,2.074576e+01,2.071789e+01,2.072486e+01,2.067605e+01,2.066211e+01,2.082935e+01,2.072486e+01,2.082239e+01,2.082239e+01,2.068303e+01,2.080150e+01,2.071091e+01,2.078757e+01,2.087112e+01,2.079453e+01,2.072486e+01,2.065513e+01,2.078757e+01,2.079453e+01,2.073879e+01,2.082935e+01,2.075273e+01,2.084328e+01,2.087808e+01,2.074576e+01,2.068303e+01,2.079453e+01,2.081543e+01,2.080846e+01,2.082239e+01,2.069697e+01,2.077363e+01,2.071091e+01,2.078757e+01,2.074576e+01,2.080846e+01,2.074576e+01,2.071789e+01,2.082935e+01,2.081543e+01,2.081543e+01,2.083632e+01,2.079453e+01,2.073879e+01,2.081543e+01,2.070394e+01,2.082935e+01,2.086416e+01,2.088504e+01,2.086416e+01,2.078757e+01,2.073879e+01,2.089896e+01,2.064816e+01,2.087112e+01,2.080150e+01,2.078060e+01,2.080150e+01,2.086416e+01,2.083632e+01,2.082239e+01,2.081543e+01,2.075273e+01,2.082239e+01,2.083632e+01,2.067605e+01,2.083632e+01,2.064816e+01,2.071091e+01,2.078757e+01,2.067605e+01,2.069000e+01,2.082935e+01,2.076667e+01,2.084328e+01,2.084328e+01,2.073182e+01,2.083632e+01,2.070394e+01,2.087808e+01,2.078060e+01,2.072486e+01,2.069697e+01,2.092679e+01,2.079453e+01,2.083632e+01,2.079453e+01,2.071091e+01,2.069000e+01,2.087112e+01,2.071091e+01,2.078060e+01,2.076667e+01,2.088504e+01,2.062025e+01,2.073182e+01,2.068303e+01,2.071789e+01,2.068303e+01,2.083632e+01,2.080846e+01,2.085720e+01,2.081543e+01,2.078060e+01,2.079453e+01,2.078757e+01,2.079453e+01,2.080150e+01,2.076667e+01,2.074576e+01,2.080150e+01,2.080846e+01,2.080846e+01,2.085720e+01,2.085720e+01,2.065513e+01,2.071789e+01,2.064816e+01,2.072486e+01,2.080846e+01,2.080846e+01,2.087808e+01,2.077363e+01,2.075273e+01,2.077363e+01,2.093374e+01,2.077363e+01,2.076667e+01,2.076667e+01,2.082935e+01,2.075273e+01,2.075273e+01,2.078757e+01,2.082239e+01,2.084328e+01,2.079453e+01,2.072486e+01,2.072486e+01,2.085024e+01,2.077363e+01,2.079453e+01,2.072486e+01,2.067605e+01,2.082935e+01,2.087808e+01,2.084328e+01,2.100327e+01,2.089896e+01,2.086416e+01,2.088504e+01,2.082239e+01,2.083632e+01,2.085720e+01,2.078757e+01,2.078757e+01,2.080150e+01,2.080150e+01,2.078757e+01,2.076667e+01,2.075273e+01,2.073879e+01,2.082239e+01,2.078757e+01,2.088504e+01,2.082935e+01,2.078757e+01,2.075273e+01,2.075273e+01,2.048061e+01,1.999735e+01,1.980761e+01,1.957522e+01,1.936349e+01,1.938468e+01,1.940587e+01,1.933522e+01,1.943411e+01,1.940587e+01,1.944823e+01,1.922208e+01,1.922208e+01,1.926452e+01,1.926452e+01,1.924331e+01,1.921501e+01,1.937055e+01,1.936349e+01,1.923623e+01,1.921501e+01,1.912298e+01,1.870424e+01,1.838367e+01,1.832658e+01,1.822657e+01,1.817653e+01,1.824087e+01,1.816938e+01,1.819798e+01,1.819083e+01,1.810501e+01,1.809069e+01,1.830515e+01,1.834799e+01,1.834085e+01,1.824087e+01,1.819798e+01,1.821228e+01,1.821228e+01,1.821228e+01,1.821228e+01,1.821943e+01,1.819083e+01,1.837654e+01,1.830515e+01,1.858326e+01,1.846926e+01,1.854765e+01,1.860462e+01,1.884638e+01,1.882508e+01,1.889609e+01,1.883928e+01,1.884638e+01,1.878955e+01,1.869002e+01,1.880376e+01,1.882508e+01,1.880376e+01,1.880376e+01,1.884638e+01,1.886059e+01,1.884638e+01,1.898832e+01,1.891738e+01,1.882508e+01,1.893867e+01,1.897414e+01,1.898123e+01,1.891738e+01,1.897414e+01,1.888189e+01,1.886059e+01,1.888189e+01,1.884638e+01,1.877534e+01,1.905922e+01,1.915130e+01,1.929281e+01,1.973725e+01,2.004648e+01,2.029878e+01,2.043868e+01,2.071789e+01,2.073182e+01,2.066211e+01,2.069000e+01,2.072486e+01,2.075273e+01,2.080150e+01,2.078060e+01,2.082935e+01,2.078060e+01,2.076667e+01,2.073182e+01,2.073879e+01,2.072486e+01,2.070394e+01,2.077363e+01,2.080150e+01,2.075273e+01,2.087808e+01,2.080846e+01,2.080150e+01,2.080150e+01,2.082239e+01,2.075273e+01,2.075273e+01,2.074576e+01,2.069000e+01,2.073879e+01,2.082935e+01,2.074576e+01,2.080846e+01,2.075273e+01,2.073879e+01,2.084328e+01,2.078757e+01,2.069697e+01,2.082239e+01,2.079453e+01,2.082239e+01,2.087112e+01,2.074576e+01,2.081543e+01,2.081543e+01,2.084328e+01,2.080846e+01,2.082935e+01,2.095461e+01,2.078060e+01,2.072486e+01,2.047362e+01,2.032678e+01,2.019373e+01,1.992009e+01,1.990604e+01,1.962456e+01,1.965274e+01,1.958932e+01,1.945529e+01,1.958932e+01,1.968092e+01,1.968092e+01,1.969500e+01,1.975836e+01,1.987792e+01,1.987792e+01,1.987792e+01,1.981464e+01,1.998330e+01,1.996926e+01,2.010961e+01,2.015168e+01,2.011663e+01,2.031978e+01,2.023577e+01,2.019373e+01,2.046663e+01,2.041071e+01,2.066211e+01,2.072486e+01,2.069000e+01,2.083632e+01,2.078060e+01,2.077363e+01,2.072486e+01,2.073182e+01,2.068303e+01,2.050855e+01,2.052950e+01,2.063420e+01,2.052950e+01,2.046663e+01,2.059234e+01,2.073182e+01,2.067605e+01,2.065513e+01,2.069000e+01,2.068303e+01,2.076667e+01,2.075970e+01,2.079453e+01,2.085024e+01,2.077363e+01,2.087112e+01,2.076667e+01,2.045964e+01,1.998330e+01,1.964570e+01,1.935642e+01,1.928574e+01,1.912298e+01,1.930695e+01,1.944823e+01,1.947647e+01,1.940587e+01,1.948352e+01,1.937762e+01,1.922916e+01,1.926452e+01,1.921501e+01,1.925038e+01,1.917254e+01,1.922916e+01,1.919378e+01,1.915130e+01,1.922916e+01,1.932109e+01,1.986386e+01,2.005350e+01,2.043868e+01,2.073879e+01,2.074576e+01,2.083632e+01,2.085024e+01,2.082239e+01,2.088504e+01,2.082239e+01,2.078757e+01,2.084328e+01,2.076667e+01,2.090592e+01,2.082239e+01,2.079453e+01,2.077363e+01,2.075970e+01,2.076667e+01,2.069697e+01,2.078060e+01,2.071091e+01,2.033377e+01,1.996224e+01,1.985683e+01,1.979354e+01,1.986386e+01,2.031978e+01,2.067605e+01,2.079453e+01,2.082935e+01,2.091287e+01,2.084328e+01,2.081543e+01,2.085024e+01,2.089896e+01,2.069697e+01,2.087112e+01,2.085024e+01,2.085024e+01,2.082935e+01,2.100327e+01,2.081543e+01,2.089896e+01,2.077363e+01,2.094765e+01,2.080150e+01,2.094070e+01,2.080150e+01,2.085720e+01,2.082935e+01,2.081543e+01,2.079453e+01,2.083632e+01,2.088504e+01,2.082239e+01,2.086416e+01,2.087808e+01,2.086416e+01,2.088504e+01,2.088504e+01,2.079453e+01,2.083632e+01,2.092679e+01,2.096156e+01,2.077363e+01,2.086416e+01,2.092679e+01,2.081543e+01,2.087808e+01,2.089200e+01,2.083632e+01,2.075273e+01,2.091983e+01,2.087112e+01,2.080150e+01,2.085024e+01,2.084328e+01,2.081543e+01,2.080150e+01,2.081543e+01,2.082239e+01,2.073879e+01,2.078060e+01,2.075273e+01,2.085024e+01,2.070394e+01,2.068303e+01,2.086416e+01,2.080150e+01,2.072486e+01,2.083632e+01,2.073182e+01,2.066908e+01,2.075273e+01,2.079453e+01,2.081543e+01,2.075273e+01,2.085024e+01,2.081543e+01,2.073182e+01,2.082935e+01,2.071091e+01,2.097547e+01,2.083632e+01,2.085024e+01,2.078757e+01,2.078757e+01,2.084328e+01,2.083632e+01,2.092679e+01,2.075970e+01,2.072486e+01,2.079453e+01,2.082935e+01,2.087112e+01,2.085720e+01,2.082935e+01,2.080150e+01,2.082239e+01,2.080150e+01,2.078060e+01,2.080150e+01,2.086416e+01,2.077363e+01,2.080846e+01,2.081543e+01,2.078757e+01,2.081543e+01,2.075970e+01,2.073182e+01,2.079453e+01,2.082239e+01,2.087808e+01,2.076667e+01,2.087112e+01,2.091983e+01,2.086416e+01,2.086416e+01,2.082239e+01,2.087112e+01,2.082239e+01,2.080846e+01,2.080846e+01,2.081543e+01,2.071789e+01,2.085720e+01,2.083632e+01,2.080846e+01,2.078757e+01,2.084328e+01,2.070394e+01,2.085720e+01,2.086416e+01,2.077363e+01,2.082239e+01,2.082935e+01,2.081543e+01,2.087808e+01,2.083632e+01,2.079453e+01,2.082239e+01,2.073879e+01,2.075970e+01,2.085720e+01,2.074576e+01,2.078060e+01,2.080150e+01,2.078757e+01,2.084328e+01,2.078757e+01,2.080150e+01,2.084328e+01,2.073182e+01,2.070394e+01,2.071091e+01,2.077363e+01,2.082935e+01,2.085720e+01,2.079453e+01,2.081543e+01,2.083632e+01,2.091287e+01,2.075273e+01,2.075273e+01,2.082239e+01,2.080846e+01,2.077363e+01,2.073879e+01,2.075273e+01,2.075273e+01,2.081543e+01,2.077363e+01,2.075970e+01,2.073879e+01,2.096852e+01,2.082239e+01,2.070394e+01,2.080150e+01,2.074576e+01,2.079453e+01,2.071789e+01,2.066211e+01,2.087808e+01,2.085720e+01,2.060629e+01,2.073182e+01,2.069697e+01,2.071789e+01,2.073879e+01,2.071091e+01,2.070394e+01,2.083632e+01,2.077363e+01,2.072486e+01,2.075970e+01,2.074576e+01,2.074576e+01,2.075273e+01,2.074576e+01,2.081543e+01,2.099632e+01,2.076667e+01,2.082935e+01,2.072486e+01,2.071091e+01,2.079453e+01,2.080150e+01,2.080150e+01,2.073879e+01,2.078757e+01,2.078757e+01,2.078060e+01,2.087112e+01,2.082239e+01,2.078060e+01,2.091983e+01,2.095461e+01,2.087112e+01,2.071091e+01,2.080846e+01,2.072486e+01,2.078060e+01,2.077363e+01,2.087112e+01,2.082935e+01,2.089200e+01,2.075273e+01,2.074576e+01,2.081543e+01,2.081543e+01,2.081543e+01,2.079453e+01,2.084328e+01,2.076667e+01,2.082239e+01,2.073879e+01,2.091287e+01,2.078060e+01,2.091287e+01
2.080846e+01,2.078060e+01,2.077363e+01,2.080150e+01,2.071091e+01,2.076667e+01,2.075970e+01,2.077363e+01,2.069697e+01,2.080846e+01,2.084328e+01,2.081543e+01,2.071091e+01,2.081543e+01,2.082935e+01,2.071789e+01,2.091983e+01,2.087112e+01,2.074576e+01,2.071789e+01,2.073879e+01,2.085720e+01,2.060629e+01,2.081543e+01,2.080846e+01,2.077363e+01,2.082935e+01,2.080150e+01,2.079453e+01,2.074576e+01,2.079453e+01,2.061327e+01,2.085024e+01,2.072486e+01,2.080846e+01,2.079453e+01,2.080846e+01,2.082935e+01,2.070394e+01,2.081543e+01,2.075273e+01,2.079453e+01,2.082935e+01,2.080846e+01,2.079453e+01,2.076667e+01,2.075273e+01,2.075970e+01,2.086416e+01,2.078060e+01,2.083632e+01,2.071091e+01,2.075273e+01,2.073879e+01,2.082935e+01,2.078757e+01,2.081543e+01,2.070394e+01,2.080150e+01,2.083632e+01,2.066211e+01,2.084328e+01,2.084328e+01,2.077363e+01,2.083632e+01,2.073182e+01,2.078757e+01,2.091287e+01,2.073879e+01,2.078757e+01,2.066908e+01,2.072486e+01,2.078060e+01,2.069000e+01,2.064118e+01,2.085024e+01,2.082239e+01,2.081543e+01,2.072486e+01,2.074576e+01,2.073879e+01,2.075273e+01,2.085720e+01,2.075970e+01,2.068303e+01,2.064118e+01,2.078060e+01,2.085024e+01,2.084328e+01,2.081543e+01,2.066211e+01,2.066908e+01,2.093374e+01,2.077363e+01,2.082239e+01,2.071091e+01,2.081543e+01,2.081543e+01,2.082239e+01,2.083632e+01,2.084328e+01,2.087808e+01,2.093374e+01,2.087112e+01,2.078060e+01,2.075970e+01,2.078757e+01,2.079453e+01,2.077363e+01,2.087808e+01,2.091287e+01,2.080846e+01,2.082239e+01,2.084328e+01,2.076667e+01,2.085024e+01,2.090592e+01,2.083632e+01,2.083632e+01,2.078060e+01,2.074576e+01,2.082239e+01,2.098242e+01,2.080150e+01,2.087808e+01,2.080150e+01,2.077363e+01,2.075970e+01,2.069000e+01,2.078757e+01,2.076667e+01,2.080846e+01,2.078060e+01,2.079453e+01,2.073182e+01,2.079453e+01,2.082239e+01,2.084328e+01,2.071091e+01,2.071091e+01,2.084328e+01,2.089200e+01,2.091287e+01,2.073182e+01,2.074576e+01,2.080846e+01,2.065513e+01,2.080846e+01,2.085024e+01,2.083632e+01,2.085024e+01,2.077363e+01,2.077363e+01,2.080150e+01,2.075273e+01,2.081543e+01,2.082239e+01,2.083632e+01,2.078060e+01,2.075970e+01,2.080150e+01,2.075273e+01,2.076667e+01,2.076667e+01,2.078757e+01,2.076667e+01,2.081543e+01,2.075970e+01,2.082239e+01,2.077363e+01,2.057838e+01,1.992711e+01,1.974428e+01,1.964570e+01,1.959637e+01,1.945529e+01,1.940587e+01,1.940587e+01,1.941293e+01,1.940587e+01,1.918670e+01,1.936349e+01,1.939174e+01,1.926452e+01,1.927867e+01,1.925038e+01,1.932109e+01,1.920085e+01,1.920085e+01,1.917254e+01,1.915130e+01,1.872558e+01,1.839794e+01,1.835513e+01,1.831230e+01,1.832658e+01,1.817653e+01,1.818369e+01,1.816223e+01,1.814793e+01,1.814793e+01,1.828373e+01,1.827659e+01,1.829801e+01,1.831944e+01,1.813362e+01,1.811216e+01,1.809069e+01,1.826230e+01,1.814793e+01,1.809785e+01,1.819798e+01,1.816223e+01,1.819083e+01,1.812647e+01,1.823372e+01,1.841221e+01,1.842648e+01,1.853340e+01,1.861886e+01,1.864733e+01,1.864021e+01,1.893867e+01,1.886059e+01,1.877534e+01,1.883218e+01,1.890318e+01,1.881797e+01,1.871847e+01,1.887479e+01,1.883928e+01,1.889609e+01,1.883928e+01,1.886059e+01,1.892448e+01,1.894576e+01,1.891738e+01,1.904504e+01,1.900251e+01,1.889609e+01,1.900251e+01,1.902378e+01,1.905922e+01,1.892448e+01,1.888189e+01,1.885349e+01,1.888899e+01,1.910173e+01,1.931402e+01,1.973021e+01,1.995521e+01,2.008156e+01,2.025677e+01,2.072486e+01,2.070394e+01,2.073182e+01,2.075970e+01,2.069697e+01,2.075273e+01,2.087808e+01,2.079453e+01,2.077363e+01,2.080150e+01,2.073879e+01,2.072486e+01,2.082239e+01,2.073182e+01,2.082935e+01,2.072486e+01,2.079453e+01,2.082239e+01,2.076667e+01,2.089200e+01,2.080150e+01,2.083632e+01,2.085024e+01,2.080150e+01,2.083632e+01,2.082239e+01,2.066211e+01,2.063420e+01,2.078757e+01,2.077363e+01,2.075273e+01,2.079453e+01,2.071789e+01,2.071091e+01,2.081543e+01,2.075970e+01,2.087112e+01,2.080150e+01,2.081543e+01,2.085024e+01,2.076667e+01,2.075970e+01,2.085720e+01,2.082239e+01,2.082239e+01,2.080150e+01,2.078060e+01,2.084328e+01,2.074576e+01,2.073182e+01,2.055045e+01,2.019373e+01,2.013766e+01,1.991306e+01,1.988495e+01,1.980761e+01,1.961047e+01,1.961751e+01,1.951175e+01,1.961751e+01,1.961751e+01,1.969500e+01,1.977947e+01,1.973021e+01,1.987090e+01,1.990604e+01,1.989901e+01,1.981464e+01,1.996926e+01,2.009559e+01,2.006051e+01,2.008156e+01,2.020774e+01,2.014467e+01,2.019373e+01,2.046663e+01,2.057140e+01,2.054347e+01,2.052950e+01,2.054347e+01,2.064118e+01,2.079453e+01,2.059932e+01,2.073182e+01,2.077363e+01,2.055045e+01,2.055743e+01,2.063420e+01,2.065513e+01,2.061327e+01,2.051554e+01,2.066908e+01,2.059932e+01,2.068303e+01,2.072486e+01,2.073879e+01,2.075970e+01,2.077363e+01,2.079453e+01,2.080150e+01,2.081543e+01,2.079453e+01,2.079453e+01,2.090592e+01,2.083632e+01,2.056442e+01,2.013766e+01,1.980058e+01,1.936349e+01,1.913006e+01,1.930695e+01,1.924331e+01,1.922916e+01,1.947647e+01,1.943411e+01,1.949058e+01,1.958932e+01,1.942705e+01,1.928574e+01,1.922916e+01,1.920793e+01,1.922208e+01,1.913714e+01,1.903087e+01,1.918670e+01,1.916546e+01,1.927867e+01,1.936349e+01,2.006753e+01,2.027778e+01,2.040372e+01,2.071789e+01,2.078757e+01,2.085720e+01,2.086416e+01,2.090592e+01,2.089200e+01,2.082239e+01,2.096156e+01,2.079453e+01,2.085024e+01,2.089896e+01,2.087808e+01,2.087808e+01,2.080846e+01,2.087112e+01,2.088504e+01,2.076667e+01,2.072486e+01,2.021475e+01,2.021475e+01,2.001139e+01,1.997628e+01,2.037575e+01,2.065513e+01,2.089200e+01,2.087808e+01,2.082239e+01,2.081543e+01,2.091983e+01,2.089200e+01,2.085720e+01,2.096852e+01,2.088504e+01,2.074576e+01,2.081543e+01,2.096852e+01,2.080846e+01,2.092679e+01,2.096852e+01,2.096156e+01,2.078757e+01,2.096156e+01,2.089200e+01,2.091287e+01,2.087112e+01,2.082935e+01,2.089200e+01,2.084328e+01,2.089896e+01,2.086416e+01,2.077363e+01,2.087808e+01,2.088504e+01,2.082935e+01,2.089200e+01,2.086416e+01,2.089200e+01,2.085720e+01,2.092679e+01,2.089200e+01,2.084328e+01,2.087112e+01,2.090592e+01,2.089896e+01,2.089200e+01,2.082239e+01,2.080846e+01,2.085024e+01,2.082935e+01,2.091983e+01,2.082935e+01,2.085720e+01,2.087112e+01,2.084328e+01,2.081543e+01,2.087112e+01,2.084328e+01,2.081543e+01,2.090592e+01,2.094765e+01,2.073879e+01,2.086416e+01,2.092679e+01,2.075273e+01,2.069000e+01,2.078060e+01,2.079453e+01,2.079453e+01,2.076667e+01,2.089896e+01,2.086416e+01,2.078060e+01,2.082239e+01,2.084328e+01,2.082935e+01,2.089200e+01,2.085720e+01,2.069000e+01,2.080846e+01,2.071789e+01,2.079453e+01,2.083632e+01,2.077363e+01,2.077363e+01,2.083632e+01,2.081543e+01,2.093374e+01,2.071789e+01,2.089896e+01,2.092679e+01,2.085720e+01,2.085720e+01,2.074576e+01,2.080150e+01,2.101023e+01,2.074576e+01,2.086416e+01,2.084328e+01,2.080846e+01,2.073182e+01,2.074576e+01,2.078060e+01,2.079453e+01,2.076667e+01,2.076667e+01,2.070394e+01,2.076667e+01,2.077363e+01,2.086416e+01,2.087808e+01,2.085720e+01,2.087112e+01,2.085024e+01,2.085024e+01,2.080150e+01,2.082239e+01,2.083632e+01,2.076667e+01,2.078060e+01,2.090592e+01,2.077363e+01,2.085720e+01,2.079453e+01,2.080846e+01,2.082935e+01,2.084328e+01,2.086416e+01,2.094070e+01,2.085024e+01,2.083632e+01,2.077363e+01,2.080150e+01,2.081543e+01,2.080846e+01,2.073879e+01,2.087808e+01,2.077363e+01,2.088504e+01,2.098242e+01,2.076667e+01,2.090592e+01,2.080150e+01,2.090592e+01,2.087112e+01,2.080846e+01,2.080846e+01,2.080150e+01,2.088504e+01,2.069000e+01,2.071789e+01,2.075273e+01,2.082239e+01,2.084328e+01,2.076667e+01,2.075273e+01,2.085720e+01,2.086416e+01,2.079453e+01,2.078757e+01,2.074576e+01,2.081543e+01,2.075970e+01,2.082935e+01,2.077363e+01,2.073879e+01,2.085024e+01,2.074576e+01,2.078060e+01,2.073879e+01,2.074576e+01,2.072486e+01,2.093374e+01,2.069000e+01,2.073879e+01,2.077363e+01,2.080846e+01,2.079453e+01,2.077363e+01,2.073182e+01,2.091983e+01,2.085024e+01,2.089200e+01,2.061327e+01,2.073182e+01,2.072486e+01,2.065513e+01,2.068303e+01,2.064816e+01,2.069000e+01,2.079453e+01,2.077363e+01,2.078060e+01,2.075273e+01,2.075273e+01,2.073879e+01,2.078060e+01,2.076667e+01,2.084328e+01,2.089200e+01,2.071091e+01,2.078060e+01,2.072486e+01,2.072486e+01,2.080846e+01,2.087112e+01,2.079453e+01,2.075970e+01,2.073182e+01,2.085024e+01,2.068303e+01,2.080846e+01,2.080150e+01,2.077363e+01,2.073182e+01,2.083632e+01,2.084328e+01,2.078757e+01,2.075273e+01,2.075273e+01,2.082935e+01,2.093374e+01,2.084328e+01,2.080846e+01,2.080846e+01,2.078060e+01,2.080150e+01,2.078060e+01,2.080150e+01,2.082935e+01,2.085024e+01,2.091983e+01,2.084328e+01,2.085720e+01,2.082935e+01,2.067605e+01,2.085720e+01
2.084328e+01,2.083632e+01,2.073879e+01,2.079453e+01,2.075273e+01,2.075970e+01,2.076667e+01,2.076667e+01,2.067605e+01,2.069697e+01,2.076667e+01,2.073879e+01,2.075273e+01,2.076667e+01,2.070394e+01,2.077363e+01,2.066908e+01,2.073879e+01,2.076667e+01,2.072486e+01,2.087112e+01,2.066211e+01,2.075970e+01,2.078757e+01,2.080846e+01,2.082935e+01,2.082239e+01,2.094070e+01,2.085024e+01,2.089896e+01,2.072486e+01,2.068303e+01,2.075273e+01,2.077363e+01,2.080846e+01,2.077363e+01,2.078060e+01,2.080846e+01,2.078060e+01,2.082935e+01,2.080150e+01,2.080846e+01,2.075970e+01,2.080150e+01,2.076667e+01,2.082935e+01,2.079453e+01,2.085024e+01,2.082935e+01,2.077363e+01,2.071789e+01,2.080150e+01,2.073182e+01,2.071789e+01,2.090592e+01,2.083632e+01,2.090592e+01,2.073182e+01,2.077363e+01,2.081543e+01,2.071789e+01,2.083632e+01,2.080150e+01,2.077363e+01,2.090592e+01,2.085720e+01,2.080150e+01,2.083632e+01,2.080150e+01,2.076667e+01,2.083632e+01,2.071789e+01,2.079453e+01,2.075970e+01,2.079453e+01,2.076667e+01,2.080150e+01,2.072486e+01,2.079453e+01,2.086416e+01,2.071789e+01,2.076667e+01,2.085720e+01,2.081543e+01,2.087808e+01,2.080846e+01,2.084328e+01,2.083632e+01,2.073182e+01,2.085024e+01,2.072486e+01,2.072486e+01,2.075273e+01,2.069697e+01,2.089896e+01,2.085024e+01,2.080846e+01,2.080846e+01,2.088504e+01,2.075273e+01,2.083632e+01,2.080846e+01,2.080846e+01,2.086416e+01,2.084328e+01,2.080150e+01,2.080150e+01,2.090592e+01,2.080846e+01,2.075273e+01,2.076667e+01,2.090592e+01,2.084328e+01,2.089200e+01,2.078060e+01,2.088504e+01,2.092679e+01,2.072486e+01,2.083632e+01,2.078757e+01,2.070394e+01,2.081543e+01,2.073879e+01,2.094070e+01,2.073182e+01,2.073879e+01,2.075273e+01,2.075970e+01,2.084328e+01,2.079453e+01,2.078060e+01,2.081543e+01,2.084328e+01,2.083632e+01,2.084328e+01,2.072486e+01,2.073879e+01,2.088504e+01,2.082935e+01,2.078060e+01,2.076667e+01,2.089200e+01,2.079453e+01,2.073879e+01,2.075970e+01,2.091983e+01,2.087808e+01,2.080150e+01,2.074576e+01,2.082239e+01,2.073182e+01,2.073182e+01,2.079453e+01,2.078060e+01,2.089200e+01,2.082935e+01,2.076667e+01,2.081543e+01,2.074576e+01,2.080846e+01,2.075970e+01,2.078060e+01,2.074576e+01,2.096156e+01,2.075970e+01,2.084328e+01,2.097547e+01,2.075970e+01,2.078060e+01,2.078757e+01,2.053649e+01,2.017972e+01,1.975836e+01,1.954701e+01,1.954701e+01,1.945529e+01,1.944823e+01,1.941293e+01,1.951175e+01,1.944118e+01,1.939881e+01,1.951175e+01,1.945529e+01,1.948352e+01,1.944823e+01,1.926452e+01,1.919378e+01,1.917254e+01,1.933522e+01,1.896704e+01,1.884638e+01,1.857614e+01,1.838367e+01,1.834799e+01,1.829801e+01,1.824801e+01,1.827659e+01,1.824801e+01,1.819798e+01,1.824801e+01,1.822657e+01,1.822657e+01,1.833372e+01,1.826230e+01,1.824801e+01,1.816223e+01,1.811932e+01,1.824801e+01,1.815508e+01,1.812647e+01,1.816938e+01,1.817653e+01,1.820513e+01,1.820513e+01,1.814793e+01,1.834085e+01,1.831230e+01,1.846926e+01,1.848352e+01,1.864021e+01,1.862598e+01,1.879666e+01,1.883928e+01,1.883218e+01,1.883928e+01,1.882508e+01,1.878245e+01,1.876823e+01,1.883218e+01,1.881087e+01,1.881087e+01,1.885349e+01,1.886769e+01,1.896704e+01,1.894576e+01,1.905213e+01,1.903087e+01,1.908756e+01,1.899541e+01,1.900960e+01,1.903795e+01,1.899541e+01,1.903087e+01,1.907339e+01,1.904504e+01,1.907339e+01,1.906630e+01,1.922916e+01,1.932815e+01,1.973021e+01,1.997628e+01,2.015168e+01,2.065513e+01,2.072486e+01,2.075273e+01,2.073879e+01,2.075970e+01,2.074576e+01,2.079453e+01,2.084328e+01,2.071789e+01,2.074576e+01,2.078757e+01,2.080150e+01,2.083632e+01,2.081543e+01,2.073182e+01,2.082239e+01,2.070394e+01,2.085720e+01,2.076667e+01,2.080150e+01,2.080150e+01,2.081543e+01,2.080150e+01,2.068303e+01,2.079453e+01,2.075273e+01,2.087112e+01,2.073879e+01,2.075273e+01,2.080150e+01,2.084328e+01,2.073879e+01,2.088504e+01,2.074576e+01,2.085024e+01,2.082935e+01,2.070394e+01,2.085024e+01,2.080150e+01,2.074576e+01,2.091983e+01,2.088504e+01,2.069697e+01,2.075273e+01,2.074576e+01,2.081543e+01,2.084328e+01,2.080150e+01,2.076667e+01,2.087808e+01,2.064816e+01,2.035476e+01,2.017972e+01,2.019373e+01,1.986386e+01,1.971613e+01,1.961751e+01,1.961751e+01,1.963865e+01,1.949058e+01,1.958227e+01,1.962456e+01,1.977243e+01,1.979354e+01,1.978650e+01,1.994819e+01,1.987792e+01,1.984277e+01,1.990604e+01,1.992711e+01,2.008857e+01,2.007454e+01,2.018673e+01,2.024277e+01,2.026378e+01,2.032678e+01,2.045266e+01,2.048759e+01,2.062723e+01,2.062723e+01,2.064816e+01,2.053649e+01,2.082239e+01,2.069697e+01,2.068303e+01,2.069697e+01,2.068303e+01,2.066908e+01,2.062723e+01,2.060629e+01,2.045964e+01,2.063420e+01,2.065513e+01,2.070394e+01,2.071789e+01,2.066908e+01,2.073182e+01,2.072486e+01,2.079453e+01,2.082935e+01,2.079453e+01,2.082239e+01,2.080150e+01,2.080846e+01,2.075273e+01,2.080846e+01,2.042470e+01,2.017972e+01,1.987792e+01,1.934936e+01,1.933522e+01,1.929988e+01,1.913006e+01,1.913006e+01,1.920793e+01,1.951880e+01,1.961751e+01,1.961047e+01,1.938468e+01,1.930695e+01,1.933522e+01,1.926452e+01,1.929281e+01,1.910881e+01,1.907339e+01,1.912298e+01,1.922208e+01,1.917962e+01,1.937055e+01,1.987090e+01,2.008156e+01,2.043169e+01,2.074576e+01,2.078060e+01,2.085720e+01,2.085720e+01,2.081543e+01,2.087808e+01,2.081543e+01,2.087112e+01,2.094070e+01,2.092679e+01,2.087112e+01,2.091983e+01,2.091287e+01,2.091983e+01,2.089200e+01,2.084328e+01,2.083632e+01,2.098937e+01,2.060629e+01,2.054347e+01,2.057140e+01,2.064816e+01,2.073182e+01,2.086416e+01,2.082239e+01,2.089896e+01,2.082239e+01,2.089200e+01,2.090592e+01,2.087112e+01,2.087112e+01,2.087112e+01,2.089200e+01,2.089896e+01,2.085024e+01,2.089200e+01,2.085720e+01,2.098937e+01,2.096156e+01,2.096852e+01,2.097547e+01,2.082239e+01,2.092679e+01,2.090592e+01,2.089200e+01,2.087112e+01,2.092679e+01,2.082935e+01,2.094765e+01,2.097547e+01,2.085720e+01,2.093374e+01,2.098242e+01,2.086416e+01,2.088504e+01,2.089896e+01,2.091983e+01,2.081543e+01,2.091287e+01,2.092679e+01,2.087112e+01,2.090592e+01,2.087112e+01,2.091287e+01,2.082239e+01,2.086416e+01,2.085024e+01,2.090592e+01,2.091287e+01,2.088504e+01,2.068303e+01,2.070394e+01,2.085720e+01,2.087112e+01,2.084328e+01,2.079453e+01,2.080846e+01,2.080150e+01,2.080150e+01,2.098242e+01,2.072486e+01,2.084328e+01,2.098937e+01,2.085720e+01,2.082239e+01,2.080846e+01,2.091287e+01,2.086416e+01,2.073879e+01,2.089200e+01,2.080846e+01,2.074576e+01,2.088504e+01,2.082935e+01,2.084328e+01,2.085024e+01,2.087112e+01,2.078060e+01,2.071789e+01,2.078060e+01,2.082239e+01,2.081543e+01,2.085024e+01,2.083632e+01,2.075273e+01,2.077363e+01,2.076667e+01,2.081543e+01,2.093374e+01,2.088504e+01,2.074576e+01,2.085024e+01,2.083632e+01,2.085720e+01,2.071789e+01,2.068303e+01,2.078060e+01,2.073879e+01,2.079453e+01,2.076667e+01,2.077363e+01,2.081543e+01,2.102413e+01,2.078060e+01,2.101718e+01,2.078060e+01,2.076667e+01,2.087112e+01,2.074576e+01,2.087808e+01,2.076667e+01,2.085024e+01,2.086416e+01,2.085720e+01,2.083632e+01,2.079453e+01,2.082935e+01,2.084328e+01,2.075970e+01,2.078757e+01,2.079453e+01,2.081543e+01,2.084328e+01,2.101023e+01,2.086416e+01,2.086416e+01,2.085024e+01,2.097547e+01,2.086416e+01,2.087112e+01,2.081543e+01,2.092679e+01,2.085720e+01,2.081543e+01,2.079453e+01,2.076667e+01,2.075970e+01,2.075970e+01,2.078060e+01,2.078060e+01,2.091983e+01,2.078757e+01,2.077363e+01,2.078060e+01,2.075273e+01,2.089896e+01,2.076667e+01,2.066211e+01,2.087112e+01,2.079453e+01,2.075970e+01,2.069697e+01,2.081543e+01,2.080150e+01,2.083632e+01,2.076667e+01,2.067605e+01,2.085024e+01,2.077363e+01,2.092679e+01,2.089896e+01,2.078060e+01,2.087808e+01,2.091287e+01,2.086416e+01,2.078757e+01,2.084328e+01,2.082935e+01,2.086416e+01,2.078060e+01,2.078757e+01,2.078060e+01,2.077363e+01,2.082239e+01,2.081543e+01,2.078757e+01,2.063420e+01,2.078757e+01,2.075273e+01,2.076667e+01,2.080846e+01,2.078757e+01,2.087112e+01,2.086416e+01,2.089896e+01,2.071789e+01,2.075273e+01,2.080150e+01,2.067605e+01,2.080150e+01,2.078060e+01,2.075970e+01,2.076667e+01,2.064118e+01,2.076667e+01,2.067605e+01,2.082935e+01,2.080150e+01,2.079453e+01,2.080150e+01,2.081543e+01,2.089200e+01,2.078757e+01,2.073879e+01,2.085024e+01,2.074576e+01,2.082239e+01,2.078757e+01,2.082239e+01,2.082935e+01,2.085720e+01,2.086416e+01,2.072486e+01,2.071091e+01,2.071789e+01,2.077363e+01,2.081543e+01,2.082935e+01,2.079453e+01,2.078757e+01,2.080846e+01,2.081543e+01,2.088504e+01,2.077363e+01,2.076667e+01,2.076667e+01,2.096852e+01,2.076667e+01,2.084328e+01,2.085024e+01,2.094070e+01,2.084328e+01,2.073182e+01,2.072486e+01,2.089200e+01,2.080846e+01
2.073879e+01,2.080846e+01,2.073182e+01,2.074576e+01,2.077363e+01,2.079453e+01,2.073879e+01,2.083632e+01,2.066908e+01,2.067605e+01,2.063420e+01,2.071789e+01,2.079453e+01,2.062723e+01,2.069697e+01,2.079453e+01,2.078060e+01,2.066908e+01,2.071091e+01,2.080150e+01,2.073879e+01,2.064118e+01,2.061327e+01,2.080150e+01,2.076667e+01,2.078757e+01,2.075273e+01,2.078060e+01,2.080846e+01,2.078757e+01,2.071789e+01,2.071789e+01,2.075970e+01,2.076667e+01,2.087808e+01,2.077363e+01,2.074576e+01,2.073879e+01,2.079453e+01,2.083632e+01,2.073879e+01,2.073879e+01,2.072486e+01,2.076667e+01,2.075273e+01,2.074576e+01,2.076667e+01,2.084328e+01,2.083632e+01,2.075970e+01,2.076667e+01,2.073879e+01,2.073879e+01,2.082935e+01,2.079453e+01,2.091287e+01,2.073879e+01,2.088504e+01,2.082239e+01,2.075970e+01,2.078060e+01,2.077363e+01,2.079453e+01,2.088504e+01,2.077363e+01,2.080150e+01,2.085024e+01,2.072486e+01,2.078060e+01,2.073879e+01,2.075273e+01,2.077363e+01,2.078060e+01,2.073182e+01,2.076667e+01,2.075273e+01,2.079453e+01,2.073182e+01,2.076667e+01,2.073879e+01,2.071789e+01,2.073879e+01,2.084328e+01,2.089200e+01,2.084328e+01,2.075273e+01,2.079453e+01,2.072486e+01,2.075273e+01,2.085720e+01,2.076667e+01,2.082935e+01,2.080846e+01,2.077363e+01,2.082935e+01,2.074576e+01,2.079453e+01,2.087112e+01,2.073879e+01,2.078060e+01,2.075970e+01,2.081543e+01,2.072486e+01,2.086416e+01,2.084328e+01,2.091287e+01,2.078757e+01,2.080150e+01,2.072486e+01,2.080150e+01,2.080846e+01,2.089200e+01,2.082935e+01,2.083632e+01,2.076667e+01,2.071789e+01,2.082935e+01,2.083632e+01,2.094070e+01,2.069697e+01,2.080846e+01,2.086416e+01,2.082935e+01,2.085720e+01,2.050157e+01,2.077363e+01,2.070394e+01,2.081543e+01,2.068303e+01,2.092679e+01,2.070394e+01,2.079453e+01,2.074576e+01,2.083632e+01,2.084328e+01,2.083632e+01,2.075273e+01,2.081543e+01,2.076667e+01,2.069697e+01,2.073879e+01,2.087808e+01,2.078060e+01,2.076667e+01,2.069000e+01,2.089200e+01,2.078060e+01,2.079453e+01,2.077363e+01,2.080846e+01,2.077363e+01,2.073879e+01,2.075273e+01,2.072486e+01,2.071091e+01,2.082935e+01,2.081543e+01,2.075970e+01,2.080846e+01,2.082239e+01,2.082935e+01,2.073879e+01,2.073182e+01,2.079453e+01,2.075273e+01,2.076667e+01,2.094070e+01,2.085024e+01,2.070394e+01,2.073182e+01,2.050855e+01,2.020074e+01,2.003946e+01,1.965274e+01,1.952586e+01,1.951175e+01,1.942705e+01,1.936349e+01,1.949764e+01,1.946235e+01,1.945529e+01,1.951175e+01,1.950469e+01,1.945529e+01,1.949764e+01,1.937762e+01,1.925038e+01,1.894576e+01,1.890318e+01,1.905213e+01,1.861174e+01,1.835513e+01,1.836940e+01,1.824801e+01,1.824801e+01,1.822657e+01,1.801194e+01,1.825516e+01,1.820513e+01,1.824087e+01,1.826944e+01,1.830515e+01,1.822657e+01,1.821228e+01,1.809785e+01,1.805490e+01,1.808354e+01,1.811216e+01,1.814078e+01,1.811216e+01,1.814078e+01,1.812647e+01,1.807638e+01,1.814793e+01,1.823372e+01,1.831230e+01,1.841221e+01,1.847639e+01,1.842648e+01,1.851203e+01,1.864021e+01,1.871135e+01,1.886059e+01,1.885349e+01,1.880376e+01,1.876823e+01,1.882508e+01,1.873269e+01,1.869713e+01,1.874691e+01,1.883218e+01,1.883928e+01,1.883928e+01,1.886769e+01,1.886059e+01,1.897414e+01,1.890318e+01,1.902378e+01,1.906630e+01,1.905213e+01,1.901669e+01,1.912298e+01,1.897414e+01,1.907339e+01,1.905213e+01,1.906630e+01,1.911590e+01,1.925745e+01,1.946235e+01,1.992711e+01,2.006753e+01,2.036176e+01,2.064118e+01,2.069000e+01,2.073182e+01,2.073879e+01,2.076667e+01,2.074576e+01,2.069697e+01,2.075273e+01,2.075273e+01,2.074576e+01,2.071789e+01,2.082239e+01,2.069697e+01,2.084328e+01,2.086416e+01,2.073879e+01,2.073182e+01,2.083632e+01,2.082239e+01,2.073879e+01,2.064118e+01,2.080150e+01,2.089896e+01,2.072486e+01,2.073182e+01,2.075273e+01,2.077363e+01,2.062723e+01,2.079453e+01,2.075273e+01,2.072486e+01,2.079453e+01,2.083632e+01,2.090592e+01,2.069000e+01,2.080150e+01,2.066908e+01,2.067605e+01,2.081543e+01,2.080150e+01,2.075970e+01,2.087112e+01,2.075970e+01,2.080150e+01,2.071091e+01,2.082239e+01,2.070394e+01,2.066908e+01,2.066908e+01,2.062723e+01,2.037575e+01,2.032678e+01,2.017271e+01,2.015869e+01,1.996926e+01,1.992711e+01,1.989198e+01,1.961047e+01,1.959637e+01,1.963865e+01,1.964570e+01,1.963865e+01,1.980761e+01,1.972317e+01,1.984277e+01,1.988495e+01,1.992009e+01,1.992009e+01,1.994819e+01,1.987792e+01,1.993414e+01,2.007454e+01,2.003946e+01,2.018673e+01,2.012364e+01,2.021475e+01,2.043169e+01,2.043868e+01,2.043868e+01,2.049458e+01,2.064118e+01,2.058536e+01,2.063420e+01,2.064816e+01,2.064816e+01,2.074576e+01,2.066908e+01,2.065513e+01,2.065513e+01,2.065513e+01,2.058536e+01,2.054347e+01,2.066908e+01,2.068303e+01,2.064816e+01,2.071091e+01,2.075273e+01,2.077363e+01,2.073879e+01,2.080846e+01,2.083632e+01,2.080150e+01,2.073879e+01,2.088504e+01,2.075970e+01,2.065513e+01,2.062723e+01,2.042470e+01,1.980761e+01,1.948352e+01,1.923623e+01,1.901669e+01,1.903795e+01,1.917962e+01,1.945529e+01,1.960342e+01,1.989901e+01,1.965979e+01,1.962456e+01,1.934229e+01,1.921501e+01,1.930695e+01,1.910881e+01,1.906630e+01,1.908047e+01,1.903795e+01,1.917254e+01,1.913714e+01,1.929281e+01,1.971613e+01,2.007454e+01,2.050157e+01,2.073879e+01,2.086416e+01,2.085024e+01,2.085024e+01,2.091287e+01,2.083632e+01,2.082935e+01,2.081543e+01,2.084328e+01,2.078060e+01,2.087808e+01,2.086416e+01,2.094765e+01,2.080846e+01,2.092679e+01,2.085024e+01,2.085024e+01,2.082935e+01,2.089200e+01,2.057140e+01,2.078757e+01,2.082239e+01,2.084328e+01,2.082239e+01,2.082935e+01,2.085024e+01,2.086416e+01,2.086416e+01,2.085024e+01,2.088504e+01,2.090592e+01,2.087112e+01,2.087808e+01,2.083632e+01,2.078060e+01,2.089896e+01,2.091287e+01,2.094070e+01,2.091287e+01,2.082239e+01,2.079453e+01,2.091287e+01,2.091287e+01,2.087808e+01,2.091983e+01,2.087808e+01,2.087808e+01,2.085720e+01,2.087112e+01,2.087112e+01,2.082935e+01,2.080150e+01,2.083632e+01,2.085024e+01,2.082935e+01,2.098937e+01,2.090592e+01,2.089896e+01,2.082935e+01,2.086416e+01,2.087808e+01,2.087808e+01,2.088504e+01,2.080846e+01,2.083632e+01,2.088504e+01,2.084328e+01,2.084328e+01,2.091983e+01,2.084328e+01,2.087112e+01,2.087112e+01,2.078757e+01,2.086416e+01,2.081543e+01,2.083632e+01,2.064118e+01,2.082935e+01,2.074576e+01,2.068303e+01,2.089200e+01,2.085720e+01,2.084328e+01,2.076667e+01,2.076667e+01,2.080150e+01,2.081543e+01,2.078757e+01,2.080846e+01,2.082935e+01,2.086416e+01,2.082935e+01,2.082239e+01,2.085024e+01,2.085720e+01,2.073879e+01,2.074576e+01,2.073182e+01,2.073879e+01,2.075273e+01,2.082935e+01,2.080150e+01,2.072486e+01,2.074576e+01,2.075970e+01,2.083632e+01,2.080846e+01,2.083632e+01,2.082935e+01,2.077363e+01,2.082935e+01,2.085720e+01,2.083632e+01,2.071789e+01,2.082935e+01,2.068303e+01,2.071789e+01,2.078757e+01,2.085024e+01,2.085024e+01,2.073182e+01,2.080150e+01,2.076667e+01,2.082239e+01,2.071789e+01,2.085024e+01,2.086416e+01,2.087808e+01,2.074576e+01,2.078060e+01,2.087808e+01,2.081543e+01,2.080150e+01,2.087112e+01,2.080846e+01,2.082239e+01,2.086416e+01,2.083632e+01,2.082239e+01,2.081543e+01,2.069000e+01,2.084328e+01,2.085720e+01,2.085024e+01,2.082239e+01,2.085720e+01,2.080846e+01,2.094070e+01,2.071091e+01,2.095461e+01,2.075273e+01,2.071789e+01,2.078060e+01,2.094765e+01,2.076667e+01,2.076667e+01,2.086416e+01,2.076667e+01,2.084328e+01,2.089896e+01,2.076667e+01,2.085720e+01,2.075273e+01,2.073879e+01,2.080150e+01,2.078060e+01,2.084328e+01,2.082935e+01,2.083632e+01,2.087112e+01,2.070394e+01,2.079453e+01,2.080150e+01,2.085024e+01,2.078060e+01,2.078060e+01,2.065513e+01,2.077363e+01,2.068303e+01,2.082239e+01,2.080150e+01,2.081543e+01,2.083632e+01,2.080846e+01,2.080150e+01,2.070394e+01,2.086416e+01,2.083632e+01,2.083632e+01,2.075273e+01,2.071789e+01,2.086416e+01,2.090592e+01,2.085720e+01,2.086416e+01,2.059932e+01,2.078757e+01,2.077363e+01,2.076667e+01,2.067605e+01,2.075273e+01,2.071091e+01,2.068303e+01,2.075970e+01,2.079453e+01,2.073879e+01,2.075970e+01,2.069000e+01,2.068303e+01,2.080846e+01,2.064118e+01,2.079453e+01,2.063420e+01,2.078757e+01,2.074576e+01,2.078060e+01,2.077363e+01,2.074576e+01,2.078060e+01,2.074576e+01,2.071789e+01,2.075273e+01,2.071789e+01,2.080150e+01,2.087112e+01,2.076667e+01,2.081543e+01,2.075273e+01,2.066211e+01,2.086416e+01,2.075273e+01,2.082239e+01,2.081543e+01,2.087112e+01,2.082239e+01,2.085720e+01,2.076667e+01,2.095461e+01,2.084328e+01,2.074576e+01,2.081543e+01,2.082935e+01,2.082239e+01,2.080150e+01,2.075273e+01,2.085720e+01,2.082935e+01,2.077363e+01,2.069697e+01,2.078060e+01,2.077363e+01,2.081543e+01,2.067605e+01,2.081543e+01,2.076667e+01,2.079453e+01
2.076667e+01,2.085024e+01,2.066211e+01,2.081543e+01,2.078757e+01,2.070394e+01,2.071091e+01,2.066211e+01,2.059234e+01,2.057838e+01,2.039673e+01,2.036875e+01,2.051554e+01,2.071789e+01,2.070394e+01,2.077363e+01,2.071789e+01,2.067605e+01,2.062723e+01,2.071091e+01,2.085024e+01,2.071789e+01,2.085024e+01,2.071091e+01,2.071091e+01,2.083632e+01,2.076667e+01,2.078757e+01,2.078757e+01,2.082935e+01,2.073182e+01,2.080150e+01,2.066908e+01,2.069697e+01,2.075970e+01,2.062723e+01,2.078757e+01,2.076667e+01,2.075970e+01,2.081543e+01,2.085024e+01,2.075970e+01,2.084328e+01,2.080846e+01,2.073879e+01,2.078060e+01,2.071789e+01,2.082239e+01,2.085024e+01,2.064816e+01,2.079453e+01,2.083632e+01,2.104497e+01,2.082935e+01,2.080150e+01,2.071091e+01,2.073879e+01,2.069000e+01,2.077363e+01,2.075970e+01,2.075273e+01,2.071789e+01,2.076667e+01,2.078060e+01,2.086416e+01,2.089896e+01,2.077363e+01,2.085024e+01,2.081543e+01,2.073879e+01,2.072486e+01,2.078060e+01,2.073182e+01,2.074576e+01,2.069000e+01,2.071091e+01,2.076667e+01,2.074576e+01,2.083632e+01,2.075273e+01,2.089200e+01,2.078757e+01,2.076667e+01,2.075970e+01,2.077363e+01,2.068303e+01,2.087112e+01,2.082935e+01,2.085024e+01,2.071091e+01,2.073182e+01,2.080846e+01,2.078757e+01,2.066908e+01,2.069697e+01,2.074576e+01,2.080150e+01,2.075970e+01,2.068303e+01,2.075970e+01,2.070394e+01,2.085024e+01,2.084328e+01,2.064118e+01,2.083632e+01,2.073879e+01,2.080846e+01,2.081543e+01,2.092679e+01,2.078757e+01,2.078060e+01,2.081543e+01,2.080846e+01,2.077363e+01,2.080846e+01,2.082239e+01,2.082239e+01,2.081543e+01,2.078060e+01,2.073879e+01,2.080846e+01,2.085024e+01,2.073182e+01,2.080846e+01,2.075273e+01,2.077363e+01,2.073879e+01,2.082935e+01,2.080150e+01,2.071091e+01,2.072486e+01,2.080150e+01,2.080150e+01,2.079453e+01,2.085024e+01,2.075970e+01,2.075273e+01,2.087808e+01,2.074576e+01,2.071091e+01,2.073879e+01,2.085720e+01,2.076667e+01,2.094070e+01,2.092679e+01,2.083632e+01,2.072486e+01,2.077363e+01,2.080846e+01,2.074576e+01,2.078060e+01,2.080150e+01,2.084328e+01,2.081543e+01,2.073879e+01,2.086416e+01,2.087112e+01,2.079453e+01,2.084328e+01,2.078757e+01,2.079453e+01,2.073879e+01,2.079453e+01,2.080846e+01,2.071789e+01,2.072486e+01,2.070394e+01,2.074576e+01,2.075970e+01,2.073182e+01,2.075273e+01,2.024977e+01,2.002542e+01,1.969500e+01,1.957522e+01,1.957522e+01,1.958227e+01,1.956817e+01,1.949058e+01,1.955407e+01,1.950469e+01,1.951175e+01,1.964570e+01,1.949058e+01,1.940587e+01,1.937762e+01,1.899541e+01,1.890318e+01,1.886059e+01,1.859750e+01,1.856902e+01,1.835513e+01,1.823372e+01,1.817653e+01,1.825516e+01,1.826230e+01,1.824087e+01,1.820513e+01,1.821943e+01,1.830515e+01,1.830515e+01,1.820513e+01,1.826230e+01,1.826944e+01,1.818369e+01,1.815508e+01,1.825516e+01,1.801194e+01,1.808354e+01,1.804775e+01,1.811216e+01,1.815508e+01,1.813362e+01,1.819083e+01,1.821943e+01,1.828373e+01,1.835513e+01,1.844787e+01,1.858326e+01,1.854053e+01,1.862598e+01,1.868290e+01,1.876823e+01,1.881797e+01,1.886769e+01,1.883928e+01,1.883928e+01,1.882508e+01,1.879666e+01,1.880376e+01,1.877534e+01,1.886769e+01,1.900251e+01,1.892448e+01,1.896704e+01,1.898832e+01,1.887479e+01,1.904504e+01,1.906630e+01,1.914422e+01,1.899541e+01,1.921501e+01,1.898123e+01,1.906630e+01,1.905922e+01,1.910881e+01,1.924331e+01,1.927160e+01,1.962456e+01,1.998330e+01,2.033377e+01,2.059234e+01,2.064816e+01,2.080150e+01,2.073879e+01,2.074576e+01,2.075273e+01,2.075273e+01,2.073182e+01,2.077363e+01,2.094765e+01,2.082935e+01,2.085720e+01,2.082239e+01,2.081543e+01,2.078060e+01,2.076667e+01,2.071091e+01,2.081543e+01,2.076667e+01,2.075970e+01,2.080150e+01,2.085024e+01,2.078757e+01,2.073182e+01,2.075970e+01,2.076667e+01,2.078757e+01,2.085024e+01,2.077363e+01,2.079453e+01,2.080846e+01,2.079453e+01,2.083632e+01,2.073879e+01,2.082239e+01,2.091287e+01,2.071789e+01,2.066211e+01,2.073182e+01,2.084328e+01,2.080150e+01,2.078757e+01,2.078060e+01,2.076667e+01,2.080846e+01,2.071091e+01,2.072486e+01,2.078060e+01,2.069697e+01,2.074576e+01,2.066211e+01,2.033377e+01,2.030578e+01,2.028478e+01,2.011663e+01,1.991306e+01,1.989198e+01,1.973021e+01,1.961047e+01,1.980058e+01,1.980761e+01,1.984980e+01,1.986386e+01,1.977243e+01,1.982168e+01,1.999033e+01,1.990604e+01,1.996926e+01,1.989198e+01,1.987792e+01,1.999033e+01,2.003946e+01,2.006051e+01,2.006051e+01,2.008156e+01,2.020074e+01,2.006051e+01,2.023577e+01,2.039673e+01,2.036176e+01,2.043169e+01,2.043169e+01,2.044567e+01,2.057838e+01,2.065513e+01,2.062723e+01,2.065513e+01,2.063420e+01,2.062723e+01,2.066908e+01,2.067605e+01,2.050855e+01,2.062723e+01,2.059932e+01,2.074576e+01,2.080846e+01,2.076667e+01,2.073182e+01,2.075970e+01,2.081543e+01,2.079453e+01,2.080150e+01,2.078060e+01,2.078060e+01,2.082239e+01,2.083632e+01,2.073879e+01,2.060629e+01,2.039673e+01,1.988495e+01,1.955407e+01,1.933522e+01,1.924331e+01,1.917254e+01,1.923623e+01,1.965274e+01,1.992009e+01,2.013065e+01,2.000437e+01,1.979354e+01,1.959637e+01,1.935642e+01,1.927160e+01,1.921501e+01,1.922916e+01,1.910881e+01,1.908047e+01,1.909464e+01,1.921501e+01,1.940587e+01,1.971613e+01,2.007454e+01,2.041770e+01,2.069697e+01,2.067605e+01,2.077363e+01,2.079453e+01,2.085720e+01,2.082935e+01,2.098242e+01,2.085720e+01,2.082239e+01,2.091287e+01,2.086416e+01,2.075970e+01,2.070394e+01,2.090592e+01,2.087112e+01,2.087112e+01,2.088504e+01,2.088504e+01,2.083632e+01,2.087808e+01,2.089896e+01,2.086416e+01,2.079453e+01,2.087112e+01,2.083632e+01,2.079453e+01,2.087808e+01,2.085024e+01,2.085024e+01,2.088504e+01,2.082239e+01,2.082239e+01,2.084328e+01,2.091287e+01,2.075273e+01,2.096852e+01,2.086416e+01,2.086416e+01,2.085024e+01,2.083632e+01,2.091287e+01,2.084328e+01,2.090592e+01,2.082239e+01,2.095461e+01,2.088504e+01,2.085024e+01,2.087112e+01,2.098937e+01,2.084328e+01,2.083632e+01,2.091983e+01,2.094070e+01,2.086416e+01,2.094070e+01,2.086416e+01,2.093374e+01,2.083632e+01,2.085720e+01,2.096852e+01,2.089896e+01,2.091983e+01,2.096156e+01,2.091983e+01,2.089896e+01,2.085024e+01,2.089896e+01,2.083632e+01,2.085024e+01,2.085720e+01,2.088504e+01,2.093374e+01,2.085024e+01,2.089896e+01,2.077363e+01,2.085720e+01,2.075273e+01,2.084328e+01,2.093374e+01,2.075970e+01,2.082239e+01,2.072486e+01,2.079453e+01,2.081543e+01,2.078060e+01,2.071789e+01,2.072486e+01,2.080150e+01,2.088504e+01,2.070394e+01,2.080150e+01,2.085024e+01,2.082239e+01,2.077363e+01,2.075273e+01,2.076667e+01,2.085024e+01,2.080150e+01,2.074576e+01,2.091287e+01,2.077363e+01,2.071789e+01,2.078757e+01,2.080150e+01,2.079453e+01,2.080846e+01,2.080846e+01,2.074576e+01,2.086416e+01,2.090592e+01,2.074576e+01,2.081543e+01,2.080846e+01,2.076667e+01,2.080150e+01,2.087808e+01,2.087112e+01,2.068303e+01,2.084328e+01,2.079453e+01,2.082935e+01,2.081543e+01,2.083632e+01,2.077363e+01,2.080150e+01,2.073879e+01,2.082239e+01,2.070394e+01,2.087112e+01,2.085720e+01,2.077363e+01,2.082935e+01,2.083632e+01,2.087112e+01,2.086416e+01,2.081543e+01,2.078060e+01,2.076667e+01,2.082239e+01,2.083632e+01,2.081543e+01,2.084328e+01,2.083632e+01,2.081543e+01,2.083632e+01,2.089896e+01,2.082935e+01,2.075273e+01,2.076667e+01,2.091287e+01,2.071091e+01,2.080846e+01,2.082935e+01,2.080150e+01,2.075970e+01,2.075273e+01,2.072486e+01,2.085720e+01,2.076667e+01,2.087112e+01,2.081543e+01,2.092679e+01,2.091983e+01,2.075273e+01,2.083632e+01,2.084328e+01,2.089200e+01,2.078757e+01,2.075273e+01,2.066908e+01,2.072486e+01,2.071091e+01,2.076667e+01,2.077363e+01,2.081543e+01,2.073879e+01,2.066211e+01,2.078757e+01,2.091287e+01,2.075970e+01,2.078060e+01,2.082935e+01,2.075273e+01,2.076667e+01,2.080150e+01,2.069000e+01,2.082935e+01,2.084328e+01,2.085720e+01,2.073879e+01,2.082935e+01,2.076667e+01,2.068303e+01,2.072486e+01,2.080150e+01,2.075970e+01,2.076667e+01,2.076667e+01,2.073879e+01,2.071091e+01,2.066908e+01,2.073879e+01,2.084328e+01,2.075970e+01,2.069697e+01,2.073182e+01,2.071789e+01,2.070394e+01,2.085720e+01,2.068303e+01,2.067605e+01,2.077363e+01,2.076667e+01,2.078757e+01,2.067605e+01,2.075273e+01,2.077363e+01,2.059932e+01,2.078757e+01,2.073879e+01,2.066211e+01,2.072486e+01,2.082935e+01,2.071091e+01,2.089200e+01,2.077363e+01,2.081543e+01,2.071789e+01,2.073879e+01,2.079453e+01,2.074576e+01,2.087808e+01,2.075970e+01,2.078060e+01,2.078757e+01,2.082239e+01,2.080150e+01,2.065513e+01,2.073182e+01,2.071789e+01,2.082935e+01,2.073879e+01,2.078060e+01,2.082239e+01,2.075970e+01,2.084328e+01,2.087808e+01,2.079453e+01,2.079453e+01,2.071789e+01,2.094070e+01,2.080150e+01,2.067605e+01,2.087808e+01,2.080846e+01,2.080150e+01
2.082935e+01,2.085024e+01,2.070394e+01,2.082935e+01,2.057140e+01,2.059932e+01,2.066211e+01,2.065513e+01,2.069000e+01,2.043169e+01,2.019373e+01,2.024277e+01,2.033377e+01,2.047362e+01,2.080150e+01,2.066211e+01,2.079453e+01,2.069000e+01,2.071789e+01,2.078060e+01,2.070394e+01,2.065513e+01,2.069000e+01,2.067605e+01,2.070394e+01,2.073182e+01,2.082239e+01,2.077363e+01,2.075970e+01,2.086416e+01,2.082239e+01,2.077363e+01,2.082935e+01,2.079453e+01,2.078060e+01,2.080150e+01,2.073182e+01,2.093374e+01,2.069697e+01,2.078060e+01,2.075273e+01,2.073182e+01,2.081543e+01,2.074576e+01,2.078757e+01,2.073879e+01,2.067605e+01,2.071091e+01,2.079453e+01,2.078757e+01,2.081543e+01,2.081543e+01,2.079453e+01,2.072486e+01,2.074576e+01,2.072486e+01,2.071789e+01,2.082935e+01,2.081543e+01,2.073182e+01,2.078757e+01,2.074576e+01,2.071789e+01,2.077363e+01,2.078060e+01,2.077363e+01,2.084328e+01,2.076667e+01,2.080150e+01,2.079453e+01,2.078757e+01,2.077363e+01,2.082935e+01,2.069000e+01,2.071091e+01,2.084328e+01,2.084328e+01,2.078060e+01,2.085720e+01,2.078757e+01,2.077363e+01,2.078060e+01,2.075273e+01,2.075970e+01,2.073879e+01,2.066908e+01,2.082935e+01,2.076667e+01,2.071789e+01,2.080846e+01,2.076667e+01,2.083632e+01,2.079453e+01,2.073182e+01,2.078060e+01,2.078060e+01,2.073182e+01,2.078757e+01,2.085024e+01,2.088504e+01,2.075273e+01,2.084328e+01,2.083632e+01,2.080846e+01,2.081543e+01,2.082239e+01,2.085720e+01,2.080150e+01,2.084328e+01,2.080846e+01,2.076667e+01,2.071091e+01,2.087808e+01,2.074576e+01,2.080150e+01,2.082239e+01,2.082239e+01,2.080846e+01,2.080150e+01,2.078757e+01,2.079453e+01,2.082239e+01,2.085024e+01,2.076667e+01,2.074576e+01,2.081543e+01,2.079453e+01,2.081543e+01,2.078060e+01,2.069697e+01,2.077363e+01,2.078757e+01,2.081543e+01,2.095461e+01,2.072486e+01,2.078060e+01,2.073879e+01,2.081543e+01,2.071091e+01,2.085024e+01,2.073182e+01,2.072486e+01,2.075273e+01,2.081543e+01,2.076667e+01,2.073182e+01,2.080150e+01,2.085720e+01,2.079453e+01,2.078060e+01,2.075273e+01,2.074576e+01,2.072486e+01,2.071091e+01,2.084328e+01,2.080846e+01,2.091287e+01,2.080846e+01,2.075273e+01,2.073879e+01,2.085024e+01,2.077363e+01,2.074576e+01,2.089200e+01,2.075970e+01,2.070394e+01,2.078060e+01,2.076667e+01,2.072486e+01,2.066211e+01,2.073879e+01,2.044567e+01,2.025677e+01,1.980058e+01,1.965979e+01,1.951175e+01,1.960342e+01,1.952586e+01,1.957522e+01,1.954701e+01,1.975836e+01,1.975132e+01,1.968092e+01,1.949764e+01,1.927867e+01,1.918670e+01,1.905213e+01,1.890318e+01,1.858326e+01,1.846213e+01,1.836940e+01,1.829801e+01,1.829087e+01,1.826230e+01,1.826944e+01,1.827659e+01,1.819083e+01,1.825516e+01,1.825516e+01,1.822657e+01,1.824801e+01,1.821228e+01,1.822657e+01,1.819083e+01,1.816938e+01,1.807638e+01,1.791879e+01,1.808354e+01,1.809785e+01,1.811216e+01,1.812647e+01,1.813362e+01,1.822657e+01,1.817653e+01,1.831230e+01,1.829801e+01,1.839081e+01,1.836940e+01,1.858326e+01,1.844787e+01,1.867579e+01,1.874691e+01,1.876823e+01,1.885349e+01,1.886769e+01,1.888899e+01,1.884638e+01,1.883928e+01,1.876823e+01,1.881087e+01,1.883928e+01,1.881087e+01,1.883928e+01,1.893157e+01,1.890318e+01,1.899541e+01,1.909464e+01,1.908047e+01,1.899541e+01,1.908756e+01,1.908047e+01,1.908756e+01,1.922208e+01,1.925038e+01,1.922208e+01,1.930695e+01,1.949764e+01,1.955407e+01,1.989198e+01,2.017271e+01,2.038274e+01,2.060629e+01,2.069000e+01,2.076667e+01,2.066908e+01,2.074576e+01,2.074576e+01,2.074576e+01,2.075970e+01,2.074576e+01,2.076667e+01,2.072486e+01,2.083632e+01,2.078757e+01,2.081543e+01,2.080846e+01,2.080846e+01,2.081543e+01,2.076667e+01,2.073879e+01,2.068303e+01,2.075970e+01,2.072486e+01,2.075273e+01,2.072486e+01,2.084328e+01,2.071091e+01,2.078757e+01,2.077363e+01,2.075273e+01,2.078757e+01,2.079453e+01,2.075273e+01,2.077363e+01,2.076667e+01,2.089896e+01,2.079453e+01,2.082935e+01,2.087808e+01,2.080150e+01,2.079453e+01,2.068303e+01,2.075273e+01,2.075273e+01,2.074576e+01,2.070394e+01,2.068303e+01,2.070394e+01,2.072486e+01,2.082239e+01,2.074576e+01,2.069697e+01,2.037575e+01,2.026378e+01,2.017972e+01,2.014467e+01,2.006753e+01,1.985683e+01,1.989901e+01,1.987090e+01,1.985683e+01,1.993414e+01,1.986386e+01,1.973021e+01,1.990604e+01,1.986386e+01,1.984980e+01,1.991306e+01,1.996926e+01,1.996224e+01,1.992009e+01,2.006753e+01,2.007454e+01,2.001841e+01,2.003244e+01,2.027078e+01,2.012364e+01,2.020774e+01,2.022176e+01,2.034777e+01,2.038274e+01,2.046663e+01,2.052950e+01,2.050157e+01,2.064118e+01,2.066908e+01,2.081543e+01,2.066908e+01,2.066211e+01,2.045266e+01,2.061327e+01,2.059234e+01,2.067605e+01,2.075273e+01,2.074576e+01,2.071091e+01,2.071789e+01,2.086416e+01,2.069697e+01,2.072486e+01,2.078060e+01,2.085024e+01,2.080150e+01,2.087112e+01,2.084328e+01,2.075273e+01,2.082239e+01,2.076667e+01,2.078757e+01,2.052252e+01,2.003946e+01,1.976540e+01,1.948352e+01,1.919378e+01,1.924331e+01,1.923623e+01,1.984980e+01,2.031978e+01,2.051554e+01,2.044567e+01,2.011663e+01,2.001139e+01,1.956817e+01,1.933522e+01,1.927160e+01,1.921501e+01,1.908756e+01,1.923623e+01,1.917962e+01,1.916546e+01,1.943411e+01,1.988495e+01,2.031978e+01,2.057838e+01,2.075970e+01,2.082935e+01,2.080150e+01,2.085024e+01,2.068303e+01,2.089896e+01,2.081543e+01,2.084328e+01,2.079453e+01,2.079453e+01,2.083632e+01,2.091983e+01,2.080846e+01,2.071789e+01,2.077363e+01,2.091287e+01,2.087112e+01,2.085024e+01,2.084328e+01,2.085720e+01,2.089200e+01,2.081543e+01,2.084328e+01,2.080846e+01,2.079453e+01,2.081543e+01,2.085024e+01,2.090592e+01,2.087112e+01,2.090592e+01,2.085024e+01,2.082935e+01,2.073182e+01,2.081543e+01,2.080846e+01,2.085024e+01,2.093374e+01,2.083632e+01,2.084328e+01,2.084328e+01,2.084328e+01,2.080150e+01,2.087808e+01,2.083632e+01,2.090592e+01,2.085024e+01,2.085720e+01,2.082239e+01,2.082935e+01,2.082935e+01,2.098937e+01,2.085024e+01,2.083632e+01,2.085720e+01,2.085024e+01,2.091287e+01,2.089896e+01,2.087808e+01,2.093374e+01,2.099632e+01,2.087112e+01,2.086416e+01,2.084328e+01,2.085720e+01,2.080846e+01,2.088504e+01,2.089200e+01,2.084328e+01,2.089200e+01,2.082239e+01,2.085720e+01,2.084328e+01,2.080150e+01,2.078060e+01,2.079453e+01,2.085024e+01,2.082935e+01,2.078060e+01,2.075970e+01,2.079453e+01,2.086416e+01,2.078060e+01,2.084328e+01,2.076667e+01,2.073879e+01,2.083632e+01,2.080846e+01,2.085720e+01,2.081543e+01,2.087112e+01,2.083632e+01,2.082935e+01,2.083632e+01,2.085024e+01,2.068303e+01,2.080150e+01,2.077363e+01,2.081543e+01,2.080150e+01,2.082239e+01,2.080150e+01,2.078060e+01,2.078060e+01,2.081543e+01,2.078757e+01,2.078060e+01,2.080846e+01,2.079453e+01,2.080846e+01,2.084328e+01,2.089896e+01,2.083632e+01,2.082935e+01,2.073182e+01,2.076667e+01,2.075970e+01,2.088504e+01,2.085024e+01,2.080846e+01,2.085720e+01,2.082239e+01,2.082935e+01,2.075970e+01,2.080150e+01,2.080150e+01,2.082239e+01,2.074576e+01,2.073182e+01,2.087808e+01,2.080846e+01,2.077363e+01,2.080150e+01,2.077363e+01,2.088504e+01,2.088504e+01,2.083632e+01,2.087112e+01,2.080150e+01,2.078757e+01,2.077363e+01,2.078060e+01,2.081543e+01,2.080846e+01,2.085720e+01,2.077363e+01,2.082239e+01,2.072486e+01,2.074576e+01,2.070394e+01,2.075970e+01,2.073879e+01,2.082935e+01,2.085720e+01,2.083632e+01,2.097547e+01,2.080150e+01,2.078060e+01,2.075273e+01,2.082935e+01,2.093374e+01,2.078757e+01,2.079453e+01,2.084328e+01,2.079453e+01,2.086416e+01,2.069000e+01,2.089896e+01,2.082935e+01,2.089200e+01,2.088504e+01,2.083632e+01,2.073879e+01,2.073879e+01,2.076667e+01,2.079453e+01,2.076667e+01,2.083632e+01,2.078060e+01,2.079453e+01,2.080846e+01,2.080846e+01,2.080846e+01,2.080846e+01,2.081543e+01,2.085720e+01,2.082935e+01,2.073879e+01,2.088504e+01,2.082935e+01,2.077363e+01,2.082239e+01,2.085024e+01,2.088504e+01,2.078757e+01,2.083632e+01,2.077363e+01,2.062025e+01,2.060629e+01,2.070394e+01,2.065513e+01,2.076667e+01,2.077363e+01,2.082239e+01,2.080846e+01,2.073879e+01,2.067605e+01,2.072486e+01,2.085024e+01,2.073182e+01,2.064816e+01,2.079453e+01,2.078757e+01,2.080846e+01,2.079453e+01,2.069000e+01,2.066908e+01,2.075273e+01,2.055045e+01,2.073879e+01,2.075970e+01,2.077363e+01,2.076667e+01,2.082239e+01,2.083632e+01,2.083632e+01,2.078757e+01,2.071789e+01,2.074576e+01,2.089896e+01,2.083632e+01,2.075273e+01,2.083632e+01,2.080846e+01,2.080150e+01,2.085720e+01,2.080150e+01,2.079453e+01,2.090592e+01,2.075273e+01,2.082935e+01,2.080150e+01,2.085720e+01,2.080150e+01,2.055743e+01,2.080150e+01,2.086416e+01,2.080846e+01,2.075273e+01,2.075970e+01,2.073182e+01,2.081543e+01,2.076667e+01,2.080150e+01,2.068303e+01,2.066211e+01,2.079453e+01
2.085720e+01,2.071789e+01,2.080150e+01,2.079453e+01,2.062723e+01,2.065513e+01,2.063420e+01,2.071091e+01,2.060629e+01,2.042470e+01,2.010260e+01,2.001841e+01,1.997628e+01,2.033377e+01,2.070394e+01,2.070394e+01,2.074576e+01,2.078060e+01,2.081543e+01,2.082935e+01,2.069697e+01,2.069000e+01,2.070394e+01,2.072486e+01,2.069000e+01,2.069000e+01,2.073879e+01,2.071789e+01,2.079453e+01,2.078060e+01,2.084328e+01,2.082239e+01,2.073182e+01,2.070394e+01,2.079453e+01,2.075970e+01,2.064118e+01,2.072486e+01,2.070394e+01,2.075273e+01,2.082239e+01,2.082935e+01,2.098242e+01,2.072486e+01,2.073182e+01,2.079453e+01,2.071789e+01,2.070394e+01,2.078060e+01,2.064118e+01,2.068303e+01,2.074576e+01,2.070394e+01,2.079453e+01,2.078060e+01,2.073879e+01,2.082935e+01,2.080846e+01,2.085720e+01,2.080150e+01,2.073182e+01,2.075273e+01,2.069000e+01,2.076667e+01,2.063420e+01,2.073879e+01,2.079453e+01,2.091983e+01,2.075273e+01,2.078757e+01,2.073182e+01,2.069000e+01,2.074576e+01,2.075273e+01,2.071091e+01,2.082239e+01,2.073182e+01,2.069697e+01,2.078060e+01,2.078757e+01,2.077363e+01,2.078060e+01,2.075970e+01,2.075970e+01,2.091983e+01,2.075970e+01,2.062723e+01,2.081543e+01,2.082935e+01,2.082239e+01,2.083632e+01,2.074576e+01,2.075970e+01,2.082935e+01,2.087112e+01,2.073182e+01,2.076667e+01,2.075273e+01,2.074576e+01,2.085720e+01,2.075970e+01,2.080150e+01,2.080150e+01,2.079453e+01,2.075970e+01,2.070394e+01,2.085720e+01,2.076667e+01,2.081543e+01,2.080846e+01,2.077363e+01,2.069697e+01,2.072486e+01,2.071789e+01,2.076667e+01,2.073182e+01,2.081543e+01,2.081543e+01,2.080846e+01,2.081543e+01,2.081543e+01,2.079453e+01,2.086416e+01,2.071091e+01,2.080846e+01,2.075970e+01,2.080846e+01,2.080846e+01,2.076667e+01,2.100327e+01,2.083632e+01,2.082239e+01,2.078060e+01,2.086416e+01,2.075970e+01,2.083632e+01,2.078757e+01,2.075970e+01,2.073182e+01,2.085024e+01,2.080150e+01,2.076667e+01,2.080846e+01,2.080150e+01,2.078060e+01,2.082239e+01,2.078060e+01,2.085024e+01,2.080150e+01,2.076667e+01,2.079453e+01,2.079453e+01,2.084328e+01,2.080846e+01,2.069000e+01,2.080846e+01,2.073182e+01,2.083632e+01,2.089896e+01,2.073879e+01,2.088504e+01,2.075970e+01,2.080150e+01,2.071789e+01,2.073879e+01,2.078757e+01,2.069697e+01,2.079453e+01,2.073182e+01,2.077363e+01,2.065513e+01,2.055045e+01,2.023577e+01,1.990604e+01,1.957522e+01,1.955407e+01,1.951880e+01,1.958932e+01,1.953291e+01,1.956817e+01,1.985683e+01,1.985683e+01,2.002542e+01,1.961047e+01,1.920793e+01,1.913714e+01,1.888189e+01,1.864021e+01,1.859038e+01,1.836227e+01,1.836227e+01,1.831230e+01,1.834799e+01,1.830515e+01,1.827659e+01,1.826230e+01,1.823372e+01,1.817653e+01,1.819798e+01,1.820513e+01,1.826944e+01,1.824087e+01,1.816938e+01,1.810501e+01,1.810501e+01,1.811216e+01,1.797613e+01,1.804775e+01,1.814793e+01,1.807638e+01,1.813362e+01,1.818369e+01,1.822657e+01,1.817653e+01,1.829801e+01,1.824801e+01,1.839794e+01,1.842648e+01,1.852628e+01,1.859038e+01,1.861174e+01,1.873269e+01,1.876823e+01,1.883928e+01,1.893867e+01,1.887479e+01,1.884638e+01,1.881797e+01,1.869002e+01,1.883218e+01,1.883218e+01,1.888189e+01,1.896704e+01,1.890318e+01,1.887479e+01,1.889609e+01,1.900960e+01,1.898123e+01,1.907339e+01,1.903087e+01,1.907339e+01,1.904504e+01,1.922916e+01,1.913006e+01,1.913006e+01,1.931402e+01,1.953996e+01,1.970205e+01,1.989901e+01,1.999735e+01,2.045266e+01,2.055045e+01,2.073879e+01,2.069000e+01,2.075970e+01,2.078060e+01,2.075970e+01,2.076667e+01,2.076667e+01,2.077363e+01,2.072486e+01,2.071091e+01,2.080846e+01,2.069697e+01,2.075970e+01,2.070394e+01,2.077363e+01,2.074576e+01,2.064118e+01,2.078757e+01,2.078757e+01,2.066908e+01,2.087112e+01,2.068303e+01,2.085720e+01,2.075273e+01,2.069000e+01,2.073879e+01,2.073182e+01,2.075273e+01,2.078757e+01,2.078060e+01,2.077363e+01,2.077363e+01,2.075970e+01,2.081543e+01,2.075273e+01,2.079453e+01,2.079453e+01,2.068303e+01,2.068303e+01,2.075970e+01,2.080150e+01,2.083632e+01,2.082935e+01,2.076667e+01,2.073879e+01,2.081543e+01,2.070394e+01,2.078060e+01,2.073182e+01,2.038974e+01,2.038974e+01,2.017271e+01,2.016570e+01,2.007454e+01,1.996926e+01,1.989901e+01,1.994117e+01,1.987792e+01,1.987792e+01,1.998330e+01,1.996926e+01,1.980761e+01,2.003244e+01,1.993414e+01,1.989198e+01,2.001139e+01,1.998330e+01,2.002542e+01,2.004648e+01,1.995521e+01,1.995521e+01,2.005350e+01,2.015869e+01,2.015869e+01,2.006753e+01,2.015869e+01,2.010961e+01,2.035476e+01,2.028478e+01,2.042470e+01,2.058536e+01,2.059234e+01,2.057838e+01,2.065513e+01,2.050157e+01,2.056442e+01,2.064816e+01,2.064118e+01,2.058536e+01,2.057838e+01,2.068303e+01,2.072486e+01,2.069000e+01,2.076667e+01,2.078060e+01,2.080150e+01,2.074576e+01,2.080150e+01,2.085024e+01,2.080150e+01,2.071789e+01,2.082935e+01,2.082239e+01,2.085720e+01,2.084328e+01,2.085024e+01,2.078757e+01,2.054347e+01,2.024277e+01,1.972317e+01,1.934936e+01,1.921501e+01,1.915838e+01,1.949764e+01,2.006051e+01,2.054347e+01,2.072486e+01,2.051554e+01,2.031978e+01,2.003244e+01,1.989198e+01,1.947647e+01,1.941999e+01,1.919378e+01,1.909464e+01,1.911590e+01,1.916546e+01,1.920793e+01,1.956817e+01,1.984277e+01,2.033377e+01,2.063420e+01,2.084328e+01,2.078757e+01,2.075273e+01,2.078060e+01,2.084328e+01,2.083632e+01,2.078060e+01,2.079453e+01,2.086416e+01,2.086416e+01,2.087808e+01,2.078757e+01,2.092679e+01,2.085024e+01,2.082935e+01,2.096156e+01,2.083632e+01,2.089896e+01,2.087112e+01,2.081543e+01,2.082935e+01,2.093374e+01,2.079453e+01,2.083632e+01,2.081543e+01,2.087112e+01,2.088504e+01,2.080846e+01,2.079453e+01,2.078757e+01,2.082935e+01,2.084328e+01,2.087808e+01,2.098242e+01,2.083632e+01,2.085024e+01,2.091287e+01,2.089896e+01,2.087808e+01,2.089200e+01,2.091287e+01,2.089896e+01,2.086416e+01,2.076667e+01,2.083632e+01,2.079453e+01,2.095461e+01,2.093374e+01,2.088504e+01,2.080846e+01,2.081543e+01,2.080150e+01,2.082935e+01,2.088504e+01,2.082935e+01,2.086416e+01,2.089896e+01,2.089200e+01,2.099632e+01,2.084328e+01,2.087112e+01,2.094765e+01,2.085720e+01,2.086416e+01,2.088504e+01,2.084328e+01,2.089200e+01,2.084328e+01,2.096156e+01,2.089896e+01,2.079453e+01,2.081543e+01,2.080846e+01,2.085024e+01,2.091287e+01,2.088504e+01,2.075273e+01,2.071789e+01,2.087112e+01,2.091287e+01,2.075273e+01,2.088504e+01,2.080150e+01,2.081543e+01,2.078060e+01,2.080150e+01,2.083632e+01,2.084328e+01,2.085720e+01,2.074576e+01,2.074576e+01,2.089200e+01,2.073879e+01,2.079453e+01,2.077363e+01,2.082239e+01,2.077363e+01,2.079453e+01,2.087808e+01,2.080846e+01,2.085024e+01,2.080150e+01,2.072486e+01,2.075273e+01,2.075970e+01,2.078757e+01,2.085720e+01,2.075970e+01,2.092679e+01,2.080846e+01,2.089896e+01,2.077363e+01,2.089896e+01,2.081543e+01,2.069000e+01,2.082935e+01,2.077363e+01,2.078060e+01,2.084328e+01,2.087112e+01,2.083632e+01,2.078757e+01,2.087112e+01,2.079453e+01,2.071789e+01,2.087112e+01,2.082239e+01,2.078757e+01,2.087112e+01,2.075273e+01,2.082935e+01,2.075970e+01,2.075970e+01,2.078060e+01,2.067605e+01,2.077363e+01,2.076667e+01,2.071789e+01,2.079453e+01,2.082239e+01,2.103107e+01,2.082239e+01,2.081543e+01,2.084328e+01,2.078757e+01,2.078757e+01,2.077363e+01,2.080846e+01,2.088504e+01,2.084328e+01,2.076667e+01,2.069697e+01,2.085720e+01,2.081543e+01,2.095461e+01,2.087112e+01,2.078060e+01,2.085720e+01,2.071091e+01,2.080846e+01,2.090592e+01,2.080150e+01,2.074576e+01,2.077363e+01,2.072486e+01,2.084328e+01,2.080846e+01,2.075273e+01,2.078757e+01,2.085024e+01,2.084328e+01,2.082935e+01,2.093374e+01,2.072486e+01,2.082935e+01,2.074576e+01,2.086416e+01,2.082239e+01,2.080150e+01,2.080846e+01,2.079453e+01,2.073879e+01,2.071789e+01,2.081543e+01,2.082935e+01,2.079453e+01,2.069697e+01,2.069000e+01,2.073182e+01,2.073879e+01,2.075273e+01,2.079453e+01,2.075970e+01,2.071789e+01,2.066211e+01,2.069697e+01,2.089200e+01,2.079453e+01,2.087112e+01,2.079453e+01,2.079453e+01,2.077363e+01,2.077363e+01,2.073879e+01,2.066908e+01,2.071091e+01,2.066908e+01,2.075273e+01,2.079453e+01,2.075970e+01,2.063420e+01,2.075273e+01,2.078757e+01,2.069000e+01,2.072486e+01,2.069000e+01,2.079453e+01,2.071789e+01,2.075970e+01,2.076667e+01,2.069697e+01,2.083632e+01,2.068303e+01,2.078060e+01,2.087808e+01,2.089896e+01,2.072486e+01,2.078060e+01,2.070394e+01,2.068303e+01,2.088504e+01,2.096852e+01,2.078757e+01,2.075273e+01,2.081543e+01,2.080846e+01,2.080150e+01,2.080150e+01,2.077363e+01,2.082935e+01,2.085024e+01,2.064118e+01,2.088504e+01,2.074576e+01,2.112831e+01,2.074576e+01,2.083632e+01,2.078060e+01,2.073879e+01,2.076667e+01,2.077363e+01,2.066211e+01,2.078757e+01,2.083632e+01,2.061327e+01,2.080846e+01
2.089896e+01,2.075970e+01,2.082239e+01,2.056442e+01,2.064816e+01,2.062723e+01,2.074576e+01,2.062723e+01,2.067605e+01,2.052252e+01,2.031278e+01,1.996926e+01,2.007454e+01,2.015869e+01,2.070394e+01,2.065513e+01,2.071789e+01,2.068303e+01,2.078757e+01,2.073879e+01,2.073879e+01,2.068303e+01,2.071789e+01,2.070394e+01,2.082239e+01,2.069697e+01,2.071789e+01,2.074576e+01,2.075273e+01,2.078060e+01,2.082935e+01,2.082935e+01,2.072486e+01,2.061327e+01,2.071091e+01,2.067605e+01,2.074576e+01,2.076667e+01,2.071789e+01,2.073182e+01,2.071091e+01,2.075273e+01,2.075273e+01,2.077363e+01,2.076667e+01,2.073879e+01,2.073879e+01,2.077363e+01,2.078060e+01,2.082935e+01,2.079453e+01,2.075970e+01,2.071091e+01,2.076667e+01,2.074576e+01,2.078060e+01,2.077363e+01,2.083632e+01,2.075970e+01,2.084328e+01,2.067605e+01,2.079453e+01,2.078757e+01,2.075970e+01,2.082935e+01,2.076667e+01,2.072486e+01,2.073879e+01,2.065513e+01,2.072486e+01,2.081543e+01,2.076667e+01,2.084328e+01,2.073182e+01,2.071789e+01,2.085720e+01,2.078757e+01,2.071789e+01,2.075273e+01,2.075273e+01,2.075970e+01,2.075273e+01,2.077363e+01,2.077363e+01,2.075970e+01,2.081543e+01,2.085024e+01,2.085720e+01,2.080150e+01,2.082239e+01,2.081543e+01,2.079453e+01,2.080846e+01,2.078060e+01,2.080846e+01,2.080846e+01,2.082935e+01,2.081543e+01,2.075970e+01,2.080846e+01,2.079453e+01,2.081543e+01,2.079453e+01,2.080150e+01,2.076667e+01,2.075970e+01,2.082239e+01,2.087112e+01,2.075273e+01,2.075273e+01,2.075970e+01,2.084328e+01,2.075273e+01,2.073879e+01,2.076667e+01,2.078060e+01,2.080846e+01,2.067605e+01,2.084328e+01,2.080150e+01,2.080150e+01,2.080846e+01,2.071091e+01,2.071091e+01,2.082239e+01,2.077363e+01,2.077363e+01,2.092679e+01,2.078757e+01,2.080846e+01,2.083632e+01,2.082239e+01,2.067605e+01,2.075970e+01,2.086416e+01,2.078060e+01,2.081543e+01,2.080846e+01,2.080846e+01,2.082935e+01,2.083632e+01,2.075273e+01,2.077363e+01,2.078757e+01,2.078757e+01,2.073879e+01,2.083632e+01,2.083632e+01,2.077363e+01,2.079453e+01,2.077363e+01,2.075273e+01,2.078757e+01,2.082239e+01,2.078757e+01,2.082239e+01,2.070394e+01,2.082935e+01,2.083632e+01,2.076667e+01,2.084328e+01,2.075273e+01,2.078060e+01,2.076667e+01,2.074576e+01,2.086416e+01,2.103802e+01,2.079453e+01,2.078757e+01,2.078757e+01,2.075970e+01,2.063420e+01,2.027778e+01,1.993414e+01,1.958227e+01,1.959637e+01,1.956817e+01,1.959637e+01,1.958932e+01,1.961047e+01,1.996926e+01,2.002542e+01,2.003244e+01,1.969500e+01,1.939881e+01,1.906630e+01,1.888189e+01,1.865444e+01,1.849777e+01,1.845500e+01,1.834085e+01,1.834799e+01,1.833372e+01,1.829801e+01,1.831944e+01,1.824087e+01,1.819083e+01,1.822657e+01,1.820513e+01,1.821943e+01,1.815508e+01,1.817653e+01,1.814078e+01,1.816223e+01,1.811932e+01,1.811216e+01,1.811932e+01,1.811216e+01,1.806207e+01,1.807638e+01,1.814793e+01,1.827659e+01,1.818369e+01,1.829801e+01,1.824801e+01,1.830515e+01,1.840508e+01,1.851203e+01,1.846213e+01,1.857614e+01,1.855477e+01,1.871135e+01,1.873269e+01,1.882508e+01,1.888899e+01,1.889609e+01,1.886769e+01,1.892448e+01,1.890318e+01,1.885349e+01,1.883218e+01,1.885349e+01,1.884638e+01,1.886769e+01,1.898123e+01,1.894576e+01,1.898123e+01,1.898123e+01,1.898123e+01,1.912298e+01,1.912298e+01,1.913006e+01,1.909464e+01,1.918670e+01,1.929988e+01,1.949058e+01,1.950469e+01,1.970909e+01,1.987792e+01,2.001841e+01,2.033377e+01,2.057140e+01,2.059932e+01,2.065513e+01,2.066211e+01,2.069697e+01,2.075273e+01,2.078757e+01,2.077363e+01,2.074576e+01,2.075970e+01,2.074576e+01,2.073879e+01,2.082935e+01,2.073879e+01,2.072486e+01,2.081543e+01,2.078060e+01,2.073879e+01,2.073879e+01,2.081543e+01,2.078060e+01,2.073879e+01,2.071091e+01,2.074576e+01,2.085024e+01,2.076667e+01,2.086416e+01,2.067605e+01,2.067605e+01,2.075970e+01,2.073182e+01,2.080846e+01,2.082239e+01,2.075273e+01,2.074576e+01,2.083632e+01,2.071091e+01,2.075970e+01,2.079453e+01,2.078757e+01,2.076667e+01,2.073879e+01,2.082935e+01,2.078757e+01,2.080846e+01,2.078757e+01,2.077363e+01,2.078060e+01,2.081543e+01,2.080150e+01,2.038274e+01,2.024977e+01,2.024277e+01,2.020774e+01,2.020074e+01,2.015869e+01,2.006051e+01,2.011663e+01,1.994819e+01,2.007454e+01,2.003946e+01,2.000437e+01,2.007454e+01,2.000437e+01,2.007454e+01,2.020774e+01,1.995521e+01,2.001139e+01,2.003946e+01,2.003244e+01,2.008857e+01,2.000437e+01,2.003946e+01,2.015869e+01,2.013766e+01,2.006051e+01,2.013766e+01,2.016570e+01,2.041071e+01,2.043169e+01,2.045964e+01,2.062025e+01,2.034777e+01,2.065513e+01,2.066211e+01,2.061327e+01,2.052252e+01,2.060629e+01,2.064118e+01,2.061327e+01,2.066211e+01,2.071789e+01,2.075970e+01,2.068303e+01,2.076667e+01,2.081543e+01,2.082239e+01,2.087808e+01,2.094070e+01,2.088504e+01,2.079453e+01,2.071789e+01,2.078060e+01,2.087808e+01,2.089896e+01,2.091287e+01,2.082935e+01,2.078060e+01,2.066908e+01,2.029178e+01,1.982871e+01,1.948352e+01,1.914422e+01,1.920793e+01,1.959637e+01,1.999735e+01,2.052252e+01,2.075273e+01,2.073879e+01,2.054347e+01,2.042470e+01,2.023577e+01,1.978650e+01,1.951175e+01,1.939174e+01,1.917254e+01,1.927160e+01,1.915838e+01,1.923623e+01,1.962456e+01,2.003946e+01,2.031978e+01,2.075970e+01,2.076667e+01,2.076667e+01,2.082239e+01,2.079453e+01,2.080846e+01,2.085720e+01,2.095461e+01,2.085720e+01,2.075970e+01,2.073182e+01,2.080846e+01,2.082935e+01,2.087808e+01,2.086416e+01,2.091983e+01,2.095461e+01,2.085720e+01,2.089896e+01,2.089200e+01,2.087808e+01,2.085720e+01,2.088504e+01,2.081543e+01,2.083632e+01,2.077363e+01,2.079453e+01,2.090592e+01,2.089896e+01,2.087112e+01,2.091287e+01,2.085024e+01,2.093374e+01,2.092679e+01,2.073879e+01,2.075970e+01,2.088504e+01,2.089896e+01,2.088504e+01,2.089200e+01,2.087112e+01,2.085720e+01,2.087808e+01,2.086416e+01,2.089896e+01,2.093374e+01,2.085024e+01,2.090592e+01,2.084328e+01,2.083632e+01,2.081543e+01,2.091983e+01,2.087808e+01,2.087112e+01,2.089200e+01,2.082935e+01,2.090592e+01,2.087808e+01,2.084328e+01,2.105887e+01,2.101023e+01,2.095461e+01,2.091287e+01,2.085024e+01,2.084328e+01,2.094070e+01,2.085024e+01,2.089896e+01,2.089200e+01,2.083632e+01,2.089200e+01,2.084328e+01,2.093374e+01,2.090592e+01,2.085720e+01,2.104497e+01,2.089896e+01,2.084328e+01,2.091287e+01,2.088504e+01,2.083632e+01,2.089200e+01,2.091983e+01,2.090592e+01,2.087808e+01,2.092679e+01,2.082239e+01,2.084328e+01,2.078060e+01,2.086416e+01,2.083632e+01,2.083632e+01,2.087112e+01,2.073182e+01,2.091287e+01,2.089200e+01,2.078060e+01,2.096852e+01,2.082239e+01,2.080150e+01,2.082239e+01,2.082239e+01,2.086416e+01,2.081543e+01,2.075970e+01,2.080150e+01,2.085024e+01,2.092679e+01,2.082239e+01,2.078060e+01,2.079453e+01,2.080150e+01,2.085024e+01,2.080150e+01,2.078757e+01,2.074576e+01,2.078060e+01,2.085720e+01,2.084328e+01,2.090592e+01,2.080846e+01,2.091983e+01,2.086416e+01,2.081543e+01,2.073182e+01,2.080846e+01,2.079453e+01,2.079453e+01,2.083632e+01,2.087112e+01,2.080150e+01,2.085024e+01,2.084328e+01,2.078060e+01,2.086416e+01,2.089200e+01,2.075970e+01,2.088504e+01,2.071091e+01,2.075273e+01,2.096852e+01,2.103107e+01,2.081543e+01,2.084328e+01,2.079453e+01,2.077363e+01,2.078060e+01,2.080150e+01,2.075273e+01,2.089200e+01,2.091983e+01,2.087808e+01,2.081543e+01,2.083632e+01,2.080846e+01,2.080846e+01,2.079453e+01,2.090592e+01,2.086416e+01,2.091983e+01,2.082239e+01,2.096852e+01,2.078757e+01,2.091983e+01,2.075273e+01,2.085024e+01,2.081543e+01,2.082239e+01,2.085720e+01,2.078757e+01,2.079453e+01,2.079453e+01,2.073879e+01,2.078060e+01,2.082239e+01,2.083632e+01,2.074576e+01,2.083632e+01,2.072486e+01,2.085024e+01,2.072486e+01,2.082239e+01,2.073879e+01,2.080846e+01,2.081543e+01,2.085024e+01,2.079453e+01,2.066908e+01,2.082239e+01,2.081543e+01,2.092679e+01,2.078060e+01,2.086416e+01,2.085024e+01,2.069697e+01,2.076667e+01,2.075970e+01,2.070394e+01,2.080846e+01,2.077363e+01,2.083632e+01,2.075273e+01,2.071789e+01,2.071789e+01,2.080150e+01,2.071091e+01,2.084328e+01,2.077363e+01,2.063420e+01,2.080150e+01,2.073182e+01,2.082239e+01,2.085720e+01,2.072486e+01,2.087808e+01,2.091983e+01,2.076667e+01,2.072486e+01,2.090592e+01,2.084328e+01,2.071091e+01,2.075273e+01,2.083632e+01,2.086416e+01,2.080846e+01,2.081543e+01,2.085720e+01,2.083632e+01,2.089896e+01,2.088504e+01,2.066908e+01,2.082239e+01,2.071091e+01,2.087112e+01,2.081543e+01,2.082239e+01,2.080150e+01,2.080846e+01,2.082239e+01,2.079453e+01,2.080846e+01,2.082239e+01,2.080150e+01,2.077363e+01,2.087112e+01,2.088504e+01,2.085720e+01,2.067605e+01,2.075970e+01,2.081543e+01,2.078060e+01,2.086416e+01,2.085024e+01,2.081543e+01,2.082935e+01,2.080846e+01,2.072486e+01
2.075970e+01,2.073879e+01,2.081543e+01,2.080150e+01,2.065513e+01,2.059932e+01,2.069000e+01,2.048061e+01,2.068303e+01,2.056442e+01,2.024977e+01,1.976540e+01,1.969500e+01,1.978650e+01,2.032678e+01,2.064118e+01,2.077363e+01,2.078060e+01,2.079453e+01,2.076667e+01,2.073182e+01,2.082239e+01,2.085024e+01,2.081543e+01,2.087808e+01,2.067605e+01,2.073182e+01,2.068303e+01,2.083632e+01,2.073182e+01,2.080846e+01,2.081543e+01,2.080150e+01,2.082935e+01,2.075970e+01,2.073182e+01,2.073182e+01,2.086416e+01,2.086416e+01,2.071091e+01,2.073182e+01,2.074576e+01,2.085720e+01,2.075273e+01,2.080150e+01,2.070394e+01,2.071789e+01,2.073879e+01,2.078060e+01,2.066211e+01,2.081543e+01,2.081543e+01,2.082239e+01,2.078757e+01,2.077363e+01,2.075970e+01,2.075970e+01,2.082935e+01,2.089200e+01,2.078757e+01,2.081543e+01,2.074576e+01,2.070394e+01,2.066908e+01,2.080150e+01,2.082935e+01,2.080150e+01,2.078060e+01,2.079453e+01,2.078060e+01,2.073879e+01,2.071789e+01,2.076667e+01,2.064816e+01,2.089200e+01,2.069697e+01,2.072486e+01,2.085024e+01,2.068303e+01,2.076667e+01,2.073879e+01,2.082239e+01,2.078757e+01,2.074576e+01,2.074576e+01,2.080846e+01,2.072486e+01,2.084328e+01,2.068303e+01,2.082935e+01,2.084328e+01,2.071789e+01,2.071091e+01,2.074576e+01,2.093374e+01,2.081543e+01,2.075273e+01,2.075273e+01,2.079453e+01,2.082935e+01,2.083632e+01,2.080846e+01,2.085024e+01,2.077363e+01,2.084328e+01,2.082239e+01,2.079453e+01,2.074576e+01,2.077363e+01,2.074576e+01,2.074576e+01,2.092679e+01,2.069000e+01,2.073182e+01,2.088504e+01,2.078757e+01,2.081543e+01,2.084328e+01,2.078757e+01,2.078757e+01,2.069697e+01,2.075970e+01,2.090592e+01,2.078060e+01,2.083632e+01,2.073879e+01,2.078757e+01,2.070394e+01,2.082935e+01,2.084328e+01,2.084328e+01,2.078060e+01,2.082935e+01,2.076667e+01,2.084328e+01,2.089200e+01,2.083632e+01,2.086416e+01,2.084328e+01,2.083632e+01,2.077363e+01,2.082935e+01,2.079453e+01,2.078757e+01,2.081543e+01,2.082239e+01,2.077363e+01,2.082935e+01,2.082935e+01,2.082935e+01,2.080150e+01,2.075970e+01,2.075970e+01,2.075970e+01,2.071789e+01,2.071091e+01,2.078060e+01,2.075970e+01,2.073182e+01,2.084328e+01,2.074576e+01,2.079453e+01,2.085720e+01,2.084328e+01,2.077363e+01,2.075273e+01,2.078757e+01,2.078060e+01,2.075273e+01,2.069000e+01,2.075970e+01,2.071789e+01,2.040372e+01,2.015869e+01,1.968796e+01,1.963161e+01,1.958227e+01,1.959637e+01,1.954701e+01,1.973725e+01,2.001841e+01,2.003946e+01,2.003946e+01,1.970909e+01,1.910881e+01,1.905922e+01,1.866867e+01,1.857614e+01,1.849064e+01,1.841221e+01,1.835513e+01,1.835513e+01,1.834799e+01,1.835513e+01,1.826944e+01,1.826944e+01,1.825516e+01,1.816938e+01,1.811932e+01,1.820513e+01,1.821943e+01,1.821943e+01,1.808354e+01,1.813362e+01,1.812647e+01,1.812647e+01,1.812647e+01,1.809069e+01,1.807638e+01,1.816938e+01,1.825516e+01,1.821943e+01,1.825516e+01,1.823372e+01,1.826230e+01,1.829801e+01,1.829801e+01,1.839081e+01,1.856190e+01,1.845500e+01,1.864733e+01,1.872558e+01,1.874691e+01,1.887479e+01,1.886769e+01,1.889609e+01,1.890318e+01,1.893157e+01,1.896704e+01,1.885349e+01,1.888899e+01,1.881087e+01,1.888189e+01,1.885349e+01,1.903087e+01,1.900960e+01,1.897414e+01,1.903087e+01,1.910881e+01,1.913714e+01,1.915838e+01,1.912298e+01,1.910881e+01,1.916546e+01,1.929281e+01,1.934936e+01,1.950469e+01,1.973725e+01,1.985683e+01,2.010961e+01,2.028478e+01,2.057140e+01,2.059234e+01,2.068303e+01,2.070394e+01,2.074576e+01,2.066211e+01,2.076667e+01,2.074576e+01,2.073879e+01,2.075970e+01,2.077363e+01,2.085024e+01,2.081543e+01,2.078757e+01,2.077363e+01,2.073879e+01,2.075273e+01,2.077363e+01,2.080150e+01,2.081543e+01,2.076667e+01,2.075970e+01,2.082239e+01,2.073182e+01,2.072486e+01,2.078060e+01,2.075970e+01,2.075273e+01,2.069697e+01,2.072486e+01,2.078060e+01,2.075970e+01,2.071789e+01,2.071789e+01,2.068303e+01,2.075273e+01,2.074576e+01,2.079453e+01,2.075970e+01,2.075273e+01,2.076667e+01,2.082239e+01,2.086416e+01,2.081543e+01,2.079453e+01,2.075970e+01,2.082239e+01,2.070394e+01,2.064118e+01,2.055045e+01,2.041770e+01,2.026378e+01,2.017972e+01,2.026378e+01,2.018673e+01,2.015869e+01,2.019373e+01,2.009559e+01,2.017972e+01,2.015869e+01,2.017972e+01,2.018673e+01,2.025677e+01,2.006051e+01,2.004648e+01,2.010961e+01,2.004648e+01,2.002542e+01,2.022176e+01,2.000437e+01,2.003244e+01,2.010260e+01,1.996926e+01,2.009559e+01,2.014467e+01,2.008857e+01,2.009559e+01,2.015869e+01,2.038274e+01,2.043169e+01,2.057838e+01,2.047362e+01,2.055045e+01,2.050855e+01,2.065513e+01,2.058536e+01,2.051554e+01,2.052252e+01,2.057838e+01,2.063420e+01,2.050855e+01,2.069000e+01,2.076667e+01,2.078060e+01,2.076667e+01,2.070394e+01,2.082935e+01,2.081543e+01,2.083632e+01,2.087112e+01,2.085720e+01,2.076667e+01,2.080846e+01,2.078757e+01,2.082239e+01,2.080846e+01,2.075970e+01,2.083632e+01,2.075970e+01,2.039673e+01,1.993414e+01,1.941293e+01,1.929281e+01,1.929988e+01,1.928574e+01,1.981464e+01,2.046663e+01,2.072486e+01,2.081543e+01,2.073182e+01,2.059234e+01,2.048759e+01,2.001841e+01,1.980761e+01,1.939881e+01,1.936349e+01,1.931402e+01,1.922208e+01,1.928574e+01,1.953996e+01,2.001139e+01,2.030578e+01,2.059234e+01,2.069697e+01,2.087808e+01,2.085024e+01,2.084328e+01,2.085024e+01,2.085024e+01,2.086416e+01,2.091983e+01,2.080150e+01,2.085720e+01,2.080846e+01,2.083632e+01,2.082239e+01,2.087808e+01,2.087112e+01,2.082935e+01,2.088504e+01,2.084328e+01,2.086416e+01,2.084328e+01,2.083632e+01,2.083632e+01,2.085720e+01,2.078757e+01,2.083632e+01,2.087808e+01,2.091287e+01,2.085720e+01,2.089200e+01,2.080150e+01,2.082935e+01,2.091983e+01,2.103107e+01,2.097547e+01,2.088504e+01,2.090592e+01,2.087112e+01,2.087808e+01,2.089896e+01,2.103107e+01,2.090592e+01,2.091983e+01,2.087112e+01,2.091287e+01,2.098937e+01,2.085720e+01,2.094765e+01,2.084328e+01,2.084328e+01,2.092679e+01,2.084328e+01,2.088504e+01,2.092679e+01,2.092679e+01,2.091983e+01,2.089896e+01,2.101023e+01,2.087112e+01,2.091287e+01,2.087808e+01,2.090592e+01,2.103802e+01,2.100327e+01,2.106581e+01,2.082239e+01,2.089896e+01,2.096156e+01,2.091287e+01,2.089896e+01,2.089200e+01,2.099632e+01,2.090592e+01,2.087808e+01,2.092679e+01,2.076667e+01,2.082935e+01,2.089896e+01,2.078757e+01,2.085024e+01,2.092679e+01,2.079453e+01,2.085720e+01,2.084328e+01,2.091287e+01,2.088504e+01,2.078060e+01,2.086416e+01,2.082239e+01,2.082239e+01,2.082239e+01,2.080846e+01,2.091983e+01,2.074576e+01,2.081543e+01,2.079453e+01,2.090592e+01,2.082239e+01,2.080150e+01,2.078757e+01,2.085720e+01,2.087808e+01,2.101718e+01,2.078757e+01,2.080150e+01,2.079453e+01,2.080150e+01,2.091287e+01,2.089200e+01,2.080150e+01,2.081543e+01,2.082239e+01,2.076667e+01,2.080150e+01,2.084328e+01,2.080846e+01,2.083632e+01,2.081543e+01,2.084328e+01,2.082935e+01,2.077363e+01,2.084328e+01,2.091983e+01,2.081543e+01,2.080150e+01,2.085720e+01,2.094765e+01,2.082935e+01,2.082239e+01,2.084328e+01,2.085720e+01,2.083632e+01,2.089200e+01,2.080846e+01,2.080846e+01,2.089200e+01,2.071789e+01,2.088504e+01,2.076667e+01,2.085720e+01,2.083632e+01,2.072486e+01,2.080150e+01,2.085024e+01,2.099632e+01,2.080150e+01,2.080150e+01,2.086416e+01,2.096156e+01,2.099632e+01,2.090592e+01,2.085720e+01,2.085720e+01,2.077363e+01,2.087112e+01,2.082935e+01,2.079453e+01,2.075970e+01,2.081543e+01,2.092679e+01,2.073182e+01,2.084328e+01,2.073182e+01,2.080846e+01,2.078757e+01,2.077363e+01,2.075970e+01,2.084328e+01,2.074576e+01,2.084328e+01,2.076667e+01,2.079453e+01,2.080846e+01,2.068303e+01,2.083632e+01,2.073879e+01,2.082239e+01,2.075273e+01,2.085720e+01,2.083632e+01,2.083632e+01,2.082935e+01,2.067605e+01,2.079453e+01,2.084328e+01,2.082239e+01,2.080150e+01,2.091983e+01,2.067605e+01,2.082935e+01,2.081543e+01,2.071091e+01,2.085024e+01,2.078757e+01,2.080150e+01,2.071091e+01,2.076667e+01,2.076667e+01,2.081543e+01,2.087112e+01,2.074576e+01,2.075970e+01,2.074576e+01,2.074576e+01,2.067605e+01,2.063420e+01,2.078757e+01,2.080150e+01,2.073879e+01,2.082239e+01,2.078060e+01,2.070394e+01,2.081543e+01,2.081543e+01,2.078060e+01,2.071091e+01,2.073182e+01,2.074576e+01,2.078060e+01,2.086416e+01,2.074576e+01,2.085024e+01,2.084328e+01,2.087112e+01,2.082239e+01,2.079453e+01,2.085024e+01,2.082935e+01,2.069000e+01,2.069000e+01,2.087808e+01,2.087808e+01,2.076667e+01,2.089896e+01,2.077363e+01,2.080150e+01,2.084328e+01,2.089200e+01,2.084328e+01,2.087808e+01,2.081543e+01,2.089200e+01,2.085720e+01,2.087112e+01,2.089896e+01,2.084328e+01,2.084328e+01,2.080846e+01,2.078060e+01,2.072486e+01,2.090592e+01,2.079453e+01,2.074576e+01,2.069000e+01,2.075970e+01,2.080846e+01,2.060629e+01
2.072486e+01,2.078757e+01,2.064118e+01,2.064816e+01,2.064118e+01,2.069697e+01,2.062723e+01,2.058536e+01,2.054347e+01,2.041770e+01,2.020774e+01,1.975836e+01,1.965979e+01,1.967388e+01,2.003946e+01,2.033377e+01,2.066211e+01,2.074576e+01,2.066908e+01,2.066908e+01,2.071789e+01,2.071091e+01,2.069000e+01,2.078757e+01,2.076667e+01,2.079453e+01,2.079453e+01,2.079453e+01,2.082935e+01,2.080150e+01,2.078060e+01,2.078060e+01,2.078060e+01,2.080150e+01,2.078060e+01,2.078060e+01,2.080150e+01,2.071789e+01,2.073182e+01,2.073879e+01,2.073182e+01,2.071091e+01,2.092679e+01,2.079453e+01,2.069000e+01,2.076667e+01,2.074576e+01,2.083632e+01,2.075970e+01,2.064816e+01,2.064118e+01,2.082935e+01,2.081543e+01,2.083632e+01,2.077363e+01,2.075970e+01,2.078757e+01,2.075273e+01,2.078060e+01,2.078060e+01,2.077363e+01,2.074576e+01,2.078060e+01,2.076667e+01,2.071091e+01,2.073182e+01,2.066908e+01,2.073182e+01,2.074576e+01,2.080846e+01,2.085720e+01,2.075273e+01,2.074576e+01,2.071789e+01,2.078757e+01,2.067605e+01,2.075970e+01,2.079453e+01,2.073182e+01,2.078060e+01,2.082935e+01,2.071789e+01,2.073182e+01,2.076667e+01,2.077363e+01,2.073879e+01,2.080150e+01,2.083632e+01,2.083632e+01,2.069000e+01,2.095461e+01,2.086416e+01,2.080846e+01,2.079453e+01,2.075273e+01,2.078757e+01,2.073182e+01,2.080846e+01,2.071091e+01,2.080846e+01,2.083632e+01,2.083632e+01,2.079453e+01,2.077363e+01,2.080150e+01,2.075273e+01,2.079453e+01,2.077363e+01,2.074576e+01,2.090592e+01,2.073879e+01,2.075273e+01,2.074576e+01,2.075970e+01,2.085024e+01,2.084328e+01,2.079453e+01,2.068303e+01,2.082239e+01,2.064816e+01,2.073879e+01,2.077363e+01,2.079453e+01,2.082239e+01,2.085024e+01,2.079453e+01,2.078060e+01,2.073879e+01,2.082239e+01,2.084328e+01,2.084328e+01,2.085720e+01,2.084328e+01,2.084328e+01,2.080150e+01,2.075970e+01,2.076667e+01,2.085024e+01,2.083632e+01,2.078060e+01,2.080150e+01,2.074576e+01,2.082239e+01,2.078060e+01,2.078757e+01,2.098242e+01,2.063420e+01,2.075970e+01,2.069697e+01,2.084328e+01,2.080846e+01,2.078060e+01,2.077363e+01,2.086416e+01,2.075970e+01,2.078757e+01,2.086416e+01,2.082239e+01,2.078757e+01,2.082935e+01,2.077363e+01,2.077363e+01,2.080846e+01,2.077363e+01,2.076667e+01,2.071789e+01,2.072486e+01,2.068303e+01,2.080846e+01,2.075273e+01,2.079453e+01,2.064816e+01,2.059234e+01,2.031278e+01,1.968092e+01,1.956817e+01,1.955407e+01,1.959637e+01,1.958932e+01,1.972317e+01,1.999033e+01,2.006051e+01,2.004648e+01,1.957522e+01,1.903795e+01,1.871135e+01,1.864021e+01,1.853340e+01,1.831944e+01,1.843361e+01,1.838367e+01,1.832658e+01,1.835513e+01,1.834085e+01,1.827659e+01,1.816938e+01,1.824801e+01,1.819083e+01,1.823372e+01,1.814793e+01,1.819083e+01,1.819798e+01,1.811216e+01,1.814078e+01,1.814793e+01,1.809069e+01,1.808354e+01,1.810501e+01,1.822657e+01,1.807638e+01,1.826230e+01,1.824801e+01,1.824801e+01,1.831230e+01,1.829087e+01,1.825516e+01,1.832658e+01,1.846213e+01,1.856902e+01,1.854053e+01,1.854053e+01,1.874691e+01,1.873269e+01,1.869713e+01,1.894576e+01,1.891738e+01,1.887479e+01,1.891028e+01,1.880376e+01,1.888899e+01,1.893157e+01,1.885349e+01,1.885349e+01,1.891738e+01,1.888899e+01,1.890318e+01,1.893867e+01,1.905213e+01,1.911590e+01,1.903795e+01,1.910881e+01,1.906630e+01,1.910173e+01,1.922916e+01,1.917962e+01,1.934229e+01,1.951175e+01,1.968796e+01,1.991306e+01,2.022876e+01,2.030578e+01,2.030578e+01,2.036875e+01,2.061327e+01,2.065513e+01,2.066908e+01,2.073182e+01,2.078757e+01,2.082935e+01,2.076667e+01,2.080846e+01,2.074576e+01,2.080846e+01,2.071091e+01,2.081543e+01,2.082935e+01,2.072486e+01,2.075970e+01,2.074576e+01,2.085024e+01,2.074576e+01,2.082239e+01,2.082239e+01,2.075970e+01,2.074576e+01,2.072486e+01,2.078757e+01,2.073879e+01,2.064816e+01,2.075273e+01,2.072486e+01,2.082935e+01,2.071091e+01,2.076667e+01,2.075970e+01,2.076667e+01,2.074576e+01,2.076667e+01,2.071789e+01,2.073879e+01,2.078060e+01,2.082239e+01,2.078757e+01,2.080846e+01,2.082239e+01,2.079453e+01,2.077363e+01,2.080150e+01,2.065513e+01,2.056442e+01,2.063420e+01,2.039673e+01,2.030578e+01,2.029878e+01,2.006051e+01,2.014467e+01,2.022176e+01,2.010961e+01,2.027778e+01,2.020074e+01,2.026378e+01,2.015869e+01,2.022876e+01,2.026378e+01,2.029878e+01,2.034077e+01,2.013766e+01,2.017972e+01,2.007454e+01,2.008156e+01,2.004648e+01,2.008156e+01,2.012364e+01,2.010260e+01,2.003244e+01,2.003244e+01,2.007454e+01,2.017972e+01,2.038274e+01,2.039673e+01,2.033377e+01,2.044567e+01,2.041770e+01,2.045266e+01,2.051554e+01,2.055045e+01,2.052950e+01,2.062025e+01,2.064816e+01,2.064816e+01,2.066908e+01,2.073879e+01,2.069697e+01,2.086416e+01,2.075273e+01,2.073879e+01,2.082239e+01,2.082239e+01,2.084328e+01,2.073879e+01,2.087112e+01,2.082239e+01,2.085024e+01,2.075970e+01,2.080846e+01,2.080846e+01,2.083632e+01,2.085024e+01,2.077363e+01,2.075970e+01,2.045964e+01,1.996926e+01,1.941293e+01,1.915130e+01,1.915838e+01,1.917254e+01,1.975132e+01,2.030578e+01,2.071789e+01,2.085720e+01,2.085024e+01,2.073879e+01,2.053649e+01,2.021475e+01,2.003244e+01,1.980761e+01,1.955407e+01,1.937055e+01,1.941999e+01,1.933522e+01,1.958932e+01,2.001139e+01,2.032678e+01,2.071091e+01,2.079453e+01,2.079453e+01,2.076667e+01,2.081543e+01,2.079453e+01,2.076667e+01,2.086416e+01,2.087112e+01,2.078757e+01,2.076667e+01,2.091983e+01,2.085024e+01,2.078757e+01,2.086416e+01,2.089200e+01,2.085720e+01,2.086416e+01,2.087808e+01,2.081543e+01,2.085720e+01,2.080846e+01,2.085720e+01,2.087808e+01,2.082239e+01,2.091287e+01,2.075970e+01,2.081543e+01,2.089200e+01,2.081543e+01,2.084328e+01,2.069000e+01,2.089896e+01,2.078060e+01,2.091983e+01,2.091983e+01,2.092679e+01,2.089200e+01,2.090592e+01,2.089896e+01,2.091983e+01,2.098242e+01,2.096156e+01,2.088504e+01,2.094765e+01,2.087112e+01,2.095461e+01,2.089200e+01,2.100327e+01,2.090592e+01,2.087112e+01,2.087112e+01,2.093374e+01,2.091983e+01,2.091287e+01,2.091983e+01,2.089896e+01,2.085024e+01,2.089200e+01,2.087808e+01,2.081543e+01,2.081543e+01,2.081543e+01,2.091983e+01,2.106581e+01,2.089896e+01,2.092679e+01,2.094070e+01,2.090592e+01,2.092679e+01,2.078060e+01,2.075273e+01,2.085720e+01,2.081543e+01,2.078757e+01,2.088504e+01,2.089200e+01,2.082239e+01,2.080150e+01,2.092679e+01,2.082239e+01,2.075273e+01,2.085720e+01,2.085720e+01,2.084328e+01,2.091983e+01,2.086416e+01,2.079453e+01,2.086416e+01,2.087112e+01,2.084328e+01,2.081543e+01,2.081543e+01,2.080150e+01,2.076667e+01,2.080846e+01,2.077363e+01,2.081543e+01,2.089200e+01,2.080846e+01,2.091287e+01,2.087112e+01,2.079453e+01,2.080150e+01,2.076667e+01,2.087112e+01,2.081543e+01,2.084328e+01,2.082935e+01,2.080150e+01,2.080846e+01,2.076667e+01,2.076667e+01,2.079453e+01,2.077363e+01,2.082239e+01,2.082935e+01,2.081543e+01,2.083632e+01,2.079453e+01,2.084328e+01,2.082935e+01,2.082239e+01,2.089200e+01,2.086416e+01,2.085024e+01,2.081543e+01,2.081543e+01,2.085024e+01,2.079453e+01,2.083632e+01,2.080846e+01,2.089200e+01,2.085720e+01,2.087808e+01,2.085720e+01,2.088504e+01,2.082239e+01,2.073879e+01,2.089200e+01,2.089896e+01,2.094765e+01,2.081543e+01,2.081543e+01,2.091287e+01,2.079453e+01,2.087808e+01,2.082935e+01,2.089896e+01,2.093374e+01,2.084328e+01,2.090592e+01,2.090592e+01,2.089200e+01,2.083632e+01,2.080150e+01,2.081543e+01,2.072486e+01,2.091983e+01,2.094070e+01,2.091983e+01,2.071091e+01,2.090592e+01,2.087808e+01,2.078060e+01,2.073879e+01,2.077363e+01,2.078757e+01,2.083632e+01,2.084328e+01,2.066908e+01,2.099632e+01,2.074576e+01,2.075273e+01,2.075970e+01,2.075273e+01,2.082239e+01,2.079453e+01,2.078060e+01,2.083632e+01,2.085720e+01,2.082935e+01,2.084328e+01,2.077363e+01,2.086416e+01,2.081543e+01,2.071789e+01,2.075970e+01,2.075970e+01,2.073879e+01,2.082239e+01,2.074576e+01,2.079453e+01,2.085720e+01,2.058536e+01,2.072486e+01,2.069697e+01,2.071091e+01,2.077363e+01,2.075273e+01,2.073879e+01,2.077363e+01,2.069000e+01,2.082239e+01,2.063420e+01,2.064816e+01,2.082935e+01,2.094765e+01,2.074576e+01,2.078060e+01,2.075970e+01,2.083632e+01,2.076667e+01,2.073182e+01,2.087112e+01,2.071789e+01,2.078060e+01,2.071789e+01,2.081543e+01,2.085720e+01,2.089896e+01,2.072486e+01,2.076667e+01,2.079453e+01,2.064816e+01,2.081543e+01,2.086416e+01,2.089200e+01,2.091287e+01,2.088504e+01,2.066211e+01,2.085024e+01,2.067605e+01,2.070394e+01,2.078060e+01,2.080846e+01,2.079453e+01,2.091287e+01,2.082935e+01,2.089200e+01,2.087808e+01,2.084328e+01,2.086416e+01,2.078757e+01,2.078060e+01,2.086416e+01,2.082239e+01,2.080846e+01,2.087112e+01,2.089896e+01,2.082935e+01,2.082239e+01,2.089200e+01,2.090592e+01,2.080150e+01,2.080150e+01,2.084328e+01
2.089896e+01,2.070394e+01,2.073182e+01,2.074576e+01,2.080150e+01,2.076667e+01,2.069000e+01,2.074576e+01,2.051554e+01,2.035476e+01,2.007454e+01,1.977243e+01,1.964570e+01,1.948352e+01,1.959637e+01,2.013766e+01,2.040372e+01,2.063420e+01,2.073879e+01,2.082239e+01,2.071789e+01,2.081543e+01,2.068303e+01,2.069697e+01,2.085720e+01,2.085720e+01,2.085024e+01,2.085720e+01,2.075273e+01,2.078757e+01,2.077363e+01,2.082935e+01,2.082239e+01,2.079453e+01,2.087112e+01,2.085024e+01,2.072486e+01,2.073182e+01,2.091983e+01,2.075273e+01,2.074576e+01,2.091287e+01,2.087808e+01,2.075970e+01,2.085720e+01,2.082935e+01,2.078757e+01,2.089896e+01,2.091983e+01,2.088504e+01,2.088504e+01,2.068303e+01,2.080846e+01,2.078757e+01,2.078060e+01,2.082239e+01,2.073879e+01,2.073182e+01,2.074576e+01,2.075970e+01,2.080846e+01,2.070394e+01,2.072486e+01,2.072486e+01,2.077363e+01,2.070394e+01,2.080150e+01,2.085024e+01,2.074576e+01,2.074576e+01,2.075970e+01,2.071789e+01,2.065513e+01,2.064118e+01,2.078757e+01,2.080846e+01,2.089200e+01,2.085024e+01,2.086416e+01,2.078757e+01,2.077363e+01,2.074576e+01,2.070394e+01,2.075273e+01,2.074576e+01,2.071789e+01,2.082239e+01,2.082239e+01,2.081543e+01,2.086416e+01,2.082239e+01,2.078060e+01,2.077363e+01,2.078060e+01,2.083632e+01,2.096156e+01,2.079453e+01,2.081543e+01,2.084328e+01,2.078757e+01,2.070394e+01,2.089200e+01,2.080150e+01,2.085720e+01,2.087808e+01,2.059234e+01,2.079453e+01,2.077363e+01,2.080846e+01,2.075273e+01,2.072486e+01,2.069697e+01,2.083632e+01,2.074576e+01,2.086416e+01,2.087112e+01,2.077363e+01,2.070394e+01,2.086416e+01,2.075273e+01,2.079453e+01,2.084328e+01,2.085720e+01,2.077363e+01,2.079453e+01,2.071091e+01,2.079453e+01,2.080846e+01,2.082935e+01,2.078757e+01,2.084328e+01,2.094765e+01,2.083632e+01,2.087808e+01,2.084328e+01,2.084328e+01,2.080150e+01,2.073879e+01,2.076667e+01,2.078060e+01,2.076667e+01,2.078757e+01,2.077363e+01,2.080150e+01,2.076667e+01,2.098937e+01,2.081543e+01,2.085024e+01,2.084328e+01,2.082935e+01,2.078757e+01,2.077363e+01,2.077363e+01,2.075970e+01,2.088504e+01,2.076667e+01,2.086416e+01,2.072486e+01,2.082239e+01,2.080846e+01,2.082239e+01,2.077363e+01,2.080846e+01,2.081543e+01,2.080150e+01,2.075273e+01,2.078757e+01,2.080150e+01,2.083632e+01,2.073879e+01,2.073182e+01,2.074576e+01,2.062723e+01,2.030578e+01,2.017271e+01,1.962456e+01,1.963865e+01,1.960342e+01,1.961047e+01,1.978650e+01,2.003244e+01,2.003244e+01,1.987792e+01,1.946235e+01,1.902378e+01,1.860462e+01,1.859750e+01,1.842648e+01,1.850490e+01,1.831944e+01,1.835513e+01,1.835513e+01,1.826230e+01,1.829087e+01,1.830515e+01,1.819798e+01,1.814793e+01,1.815508e+01,1.821943e+01,1.811216e+01,1.809069e+01,1.814078e+01,1.810501e+01,1.816938e+01,1.811216e+01,1.820513e+01,1.818369e+01,1.814078e+01,1.830515e+01,1.821228e+01,1.829087e+01,1.822657e+01,1.827659e+01,1.838367e+01,1.828373e+01,1.844787e+01,1.845500e+01,1.833372e+01,1.861174e+01,1.854765e+01,1.876823e+01,1.869713e+01,1.877534e+01,1.875401e+01,1.890318e+01,1.890318e+01,1.891738e+01,1.884638e+01,1.885349e+01,1.892448e+01,1.875401e+01,1.891028e+01,1.899541e+01,1.888899e+01,1.891028e+01,1.905922e+01,1.892448e+01,1.901669e+01,1.905922e+01,1.908756e+01,1.907339e+01,1.922916e+01,1.916546e+01,1.915838e+01,1.932815e+01,1.936349e+01,1.968092e+01,1.952586e+01,1.973021e+01,2.001139e+01,2.010260e+01,2.028478e+01,2.034077e+01,2.034777e+01,2.055743e+01,2.068303e+01,2.077363e+01,2.078757e+01,2.069000e+01,2.075273e+01,2.076667e+01,2.080150e+01,2.080846e+01,2.078060e+01,2.074576e+01,2.075273e+01,2.082935e+01,2.085024e+01,2.073879e+01,2.070394e+01,2.076667e+01,2.075970e+01,2.064816e+01,2.071789e+01,2.073879e+01,2.071789e+01,2.073182e+01,2.076667e+01,2.075273e+01,2.072486e+01,2.074576e+01,2.052950e+01,2.055743e+01,2.062025e+01,2.064816e+01,2.068303e+01,2.077363e+01,2.069000e+01,2.071091e+01,2.071789e+01,2.085024e+01,2.078757e+01,2.078757e+01,2.082935e+01,2.080846e+01,2.076667e+01,2.080150e+01,2.078060e+01,2.071789e+01,2.043169e+01,2.040372e+01,2.038974e+01,2.032678e+01,2.031278e+01,2.016570e+01,2.010961e+01,2.018673e+01,2.027078e+01,2.020774e+01,2.041071e+01,2.043169e+01,2.038974e+01,2.034777e+01,2.031278e+01,2.018673e+01,2.026378e+01,2.030578e+01,2.022176e+01,2.027078e+01,2.010260e+01,2.009559e+01,2.003244e+01,2.003946e+01,2.005350e+01,2.002542e+01,2.015869e+01,2.003946e+01,2.036875e+01,2.029878e+01,2.034777e+01,2.033377e+01,2.042470e+01,2.052950e+01,2.042470e+01,2.053649e+01,2.050855e+01,2.053649e+01,2.064816e+01,2.055743e+01,2.066908e+01,2.070394e+01,2.071789e+01,2.074576e+01,2.065513e+01,2.078060e+01,2.076667e+01,2.086416e+01,2.078060e+01,2.078060e+01,2.085720e+01,2.078060e+01,2.087112e+01,2.089896e+01,2.080150e+01,2.076667e+01,2.088504e+01,2.080846e+01,2.082935e+01,2.073879e+01,2.083632e+01,2.055045e+01,2.011663e+01,1.955407e+01,1.937762e+01,1.915838e+01,1.934936e+01,1.975836e+01,2.030578e+01,2.069697e+01,2.082935e+01,2.075970e+01,2.078060e+01,2.061327e+01,2.043169e+01,2.027078e+01,2.014467e+01,1.956817e+01,1.955407e+01,1.944823e+01,1.946235e+01,1.949058e+01,1.986386e+01,2.020074e+01,2.041770e+01,2.083632e+01,2.085720e+01,2.073879e+01,2.074576e+01,2.080846e+01,2.088504e+01,2.072486e+01,2.082935e+01,2.093374e+01,2.080846e+01,2.087808e+01,2.080846e+01,2.086416e+01,2.081543e+01,2.091287e+01,2.087112e+01,2.089200e+01,2.087808e+01,2.088504e+01,2.080846e+01,2.086416e+01,2.081543e+01,2.088504e+01,2.089200e+01,2.080846e+01,2.090592e+01,2.093374e+01,2.091287e+01,2.090592e+01,2.077363e+01,2.089200e+01,2.085720e+01,2.094070e+01,2.087112e+01,2.089200e+01,2.094070e+01,2.095461e+01,2.096156e+01,2.090592e+01,2.093374e+01,2.092679e+01,2.094765e+01,2.094765e+01,2.096156e+01,2.085720e+01,2.096156e+01,2.085720e+01,2.085720e+01,2.092679e+01,2.088504e+01,2.094765e+01,2.083632e+01,2.090592e+01,2.088504e+01,2.087808e+01,2.083632e+01,2.088504e+01,2.087808e+01,2.082239e+01,2.078757e+01,2.079453e+01,2.105192e+01,2.101718e+01,2.089200e+01,2.088504e+01,2.088504e+01,2.089896e+01,2.081543e+01,2.082239e+01,2.089200e+01,2.085720e+01,2.092679e+01,2.081543e+01,2.087808e+01,2.084328e+01,2.078060e+01,2.085024e+01,2.087112e+01,2.080846e+01,2.086416e+01,2.078757e+01,2.086416e+01,2.089896e+01,2.090592e+01,2.079453e+01,2.089200e+01,2.078757e+01,2.082935e+01,2.080150e+01,2.078757e+01,2.083632e+01,2.082239e+01,2.075970e+01,2.069697e+01,2.077363e+01,2.079453e+01,2.080846e+01,2.082239e+01,2.091287e+01,2.088504e+01,2.086416e+01,2.082239e+01,2.086416e+01,2.080846e+01,2.083632e+01,2.082239e+01,2.080150e+01,2.084328e+01,2.081543e+01,2.080846e+01,2.094070e+01,2.077363e+01,2.077363e+01,2.085720e+01,2.087808e+01,2.082935e+01,2.081543e+01,2.093374e+01,2.080846e+01,2.078060e+01,2.077363e+01,2.089200e+01,2.075970e+01,2.087808e+01,2.089896e+01,2.085024e+01,2.084328e+01,2.082935e+01,2.085720e+01,2.079453e+01,2.080150e+01,2.077363e+01,2.082239e+01,2.081543e+01,2.075273e+01,2.073182e+01,2.073879e+01,2.078757e+01,2.090592e+01,2.087112e+01,2.084328e+01,2.094765e+01,2.078060e+01,2.081543e+01,2.080846e+01,2.091287e+01,2.082935e+01,2.087112e+01,2.088504e+01,2.078757e+01,2.082935e+01,2.082239e+01,2.078060e+01,2.093374e+01,2.089896e+01,2.091287e+01,2.075273e+01,2.093374e+01,2.091983e+01,2.080846e+01,2.089896e+01,2.083632e+01,2.089200e+01,2.092679e+01,2.085720e+01,2.073182e+01,2.075273e+01,2.075273e+01,2.083632e+01,2.072486e+01,2.082935e+01,2.084328e+01,2.090592e+01,2.078757e+01,2.085720e+01,2.075970e+01,2.078060e+01,2.080150e+01,2.087112e+01,2.088504e+01,2.082935e+01,2.082935e+01,2.081543e+01,2.080150e+01,2.078757e+01,2.080846e+01,2.073879e+01,2.070394e+01,2.080150e+01,2.076667e+01,2.073879e+01,2.082935e+01,2.083632e+01,2.064816e+01,2.075970e+01,2.067605e+01,2.076667e+01,2.069697e+01,2.077363e+01,2.072486e+01,2.072486e+01,2.069697e+01,2.080150e+01,2.076667e+01,2.083632e+01,2.085024e+01,2.073879e+01,2.076667e+01,2.077363e+01,2.086416e+01,2.082935e+01,2.080150e+01,2.082239e+01,2.088504e+01,2.085024e+01,2.073879e+01,2.077363e+01,2.085024e+01,2.089200e+01,2.078757e+01,2.081543e+01,2.073182e+01,2.064118e+01,2.075970e+01,2.085720e+01,2.080846e+01,2.087808e+01,2.080150e+01,2.080150e+01,2.085024e+01,2.080150e+01,2.078060e+01,2.080846e+01,2.080846e+01,2.077363e+01,2.093374e+01,2.070394e+01,2.081543e+01,2.087808e+01,2.081543e+01,2.082239e+01,2.085024e+01,2.084328e+01,2.084328e+01,2.084328e+01,2.084328e+01,2.085024e+01,2.082239e+01,2.067605e+01,2.075970e+01,2.082935e+01,2.077363e+01,2.087808e+01,2.076667e+01,2.085024e+01,2.087112e+01
2.071789e+01,2.071091e+01,2.080150e+01,2.075273e+01,2.069000e+01,2.062025e+01,2.074576e+01,2.072486e+01,2.065513e+01,2.049458e+01,2.015168e+01,1.958227e+01,1.929281e+01,1.929988e+01,1.951880e+01,1.984980e+01,2.025677e+01,2.068303e+01,2.064118e+01,2.077363e+01,2.070394e+01,2.075273e+01,2.073879e+01,2.071789e+01,2.070394e+01,2.069000e+01,2.073879e+01,2.069697e+01,2.072486e+01,2.078757e+01,2.078060e+01,2.076667e+01,2.078060e+01,2.081543e+01,2.087112e+01,2.082239e+01,2.075970e+01,2.077363e+01,2.076667e+01,2.077363e+01,2.073879e+01,2.072486e+01,2.071789e+01,2.078060e+01,2.077363e+01,2.080150e+01,2.080846e+01,2.085024e+01,2.073879e+01,2.087112e+01,2.066908e+01,2.087112e+01,2.080846e+01,2.086416e+01,2.078757e+01,2.078060e+01,2.082935e+01,2.074576e+01,2.073879e+01,2.081543e+01,2.078757e+01,2.082239e+01,2.078060e+01,2.075970e+01,2.078060e+01,2.079453e+01,2.085024e+01,2.083632e+01,2.094070e+01,2.079453e+01,2.074576e+01,2.076667e+01,2.082239e+01,2.083632e+01,2.071789e+01,2.090592e+01,2.083632e+01,2.085024e+01,2.078757e+01,2.082239e+01,2.080846e+01,2.081543e+01,2.082935e+01,2.081543e+01,2.085024e+01,2.082935e+01,2.078757e+01,2.078060e+01,2.085024e+01,2.085024e+01,2.088504e+01,2.092679e+01,2.088504e+01,2.073182e+01,2.078060e+01,2.089896e+01,2.071789e+01,2.069000e+01,2.070394e+01,2.076667e+01,2.077363e+01,2.089200e+01,2.087808e+01,2.078060e+01,2.078060e+01,2.078757e+01,2.078757e+01,2.078757e+01,2.071091e+01,2.085024e+01,2.080846e+01,2.086416e+01,2.068303e+01,2.080846e+01,2.091983e+01,2.082935e+01,2.087112e+01,2.079453e+01,2.078060e+01,2.078060e+01,2.072486e+01,2.076667e+01,2.085720e+01,2.070394e+01,2.083632e+01,2.081543e+01,2.073879e+01,2.073879e+01,2.079453e+01,2.079453e+01,2.080150e+01,2.082935e+01,2.088504e+01,2.085720e+01,2.069697e+01,2.078060e+01,2.075273e+01,2.078757e+01,2.082239e+01,2.075970e+01,2.079453e+01,2.080150e+01,2.079453e+01,2.076667e+01,2.078060e+01,2.080150e+01,2.088504e+01,2.078060e+01,2.083632e+01,2.080846e+01,2.083632e+01,2.085720e+01,2.076667e+01,2.077363e+01,2.089896e+01,2.076667e+01,2.089896e+01,2.079453e+01,2.079453e+01,2.078757e+01,2.075970e+01,2.080846e+01,2.078060e+01,2.082239e+01,2.071091e+01,2.076667e+01,2.074576e+01,2.072486e+01,2.077363e+01,2.079453e+01,2.076667e+01,2.091983e+01,2.045964e+01,2.031278e+01,1.997628e+01,1.984980e+01,1.964570e+01,1.963161e+01,1.972317e+01,1.994819e+01,2.001841e+01,1.988495e+01,1.954701e+01,1.935642e+01,1.886769e+01,1.850490e+01,1.850490e+01,1.851915e+01,1.850490e+01,1.829801e+01,1.838367e+01,1.839081e+01,1.826230e+01,1.823372e+01,1.827659e+01,1.828373e+01,1.816223e+01,1.821943e+01,1.824801e+01,1.818369e+01,1.824087e+01,1.810501e+01,1.809785e+01,1.816223e+01,1.822657e+01,1.819798e+01,1.816223e+01,1.821943e+01,1.828373e+01,1.829087e+01,1.842648e+01,1.829087e+01,1.841221e+01,1.829801e+01,1.841934e+01,1.830515e+01,1.852628e+01,1.852628e+01,1.856902e+01,1.854053e+01,1.877534e+01,1.878245e+01,1.888189e+01,1.891738e+01,1.896704e+01,1.889609e+01,1.889609e+01,1.893157e+01,1.886059e+01,1.890318e+01,1.889609e+01,1.888189e+01,1.890318e+01,1.888899e+01,1.895995e+01,1.910173e+01,1.899541e+01,1.904504e+01,1.899541e+01,1.908047e+01,1.917254e+01,1.915130e+01,1.915130e+01,1.917254e+01,1.915838e+01,1.929281e+01,1.942705e+01,1.956817e+01,1.975836e+01,1.985683e+01,2.003244e+01,2.026378e+01,2.029878e+01,2.032678e+01,2.052252e+01,2.069697e+01,2.070394e+01,2.068303e+01,2.071789e+01,2.073879e+01,2.072486e+01,2.069000e+01,2.076667e+01,2.080846e+01,2.077363e+01,2.076667e+01,2.077363e+01,2.080846e+01,2.071789e+01,2.067605e+01,2.071091e+01,2.073879e+01,2.073879e+01,2.071789e+01,2.073182e+01,2.072486e+01,2.071789e+01,2.076667e+01,2.071789e+01,2.071789e+01,2.061327e+01,2.052252e+01,2.050855e+01,2.066211e+01,2.057838e+01,2.067605e+01,2.064816e+01,2.077363e+01,2.078757e+01,2.074576e+01,2.076667e+01,2.076667e+01,2.075970e+01,2.080846e+01,2.082935e+01,2.076667e+01,2.071789e+01,2.072486e+01,2.059234e+01,2.043868e+01,2.029178e+01,2.036875e+01,2.018673e+01,2.014467e+01,2.009559e+01,2.020774e+01,2.038274e+01,2.024277e+01,2.030578e+01,2.046663e+01,2.045964e+01,2.043169e+01,2.036176e+01,2.038274e+01,2.041770e+01,2.029178e+01,2.034077e+01,2.029878e+01,2.013065e+01,2.010260e+01,2.010260e+01,2.007454e+01,2.009559e+01,2.003244e+01,2.017271e+01,2.000437e+01,2.006753e+01,2.020074e+01,2.015869e+01,2.039673e+01,2.031278e+01,2.030578e+01,2.049458e+01,2.052252e+01,2.055045e+01,2.052950e+01,2.052950e+01,2.065513e+01,2.064816e+01,2.068303e+01,2.069697e+01,2.072486e+01,2.078060e+01,2.076667e+01,2.069697e+01,2.073182e+01,2.079453e+01,2.074576e+01,2.075970e+01,2.075273e+01,2.076667e+01,2.078060e+01,2.079453e+01,2.078757e+01,2.076667e+01,2.075970e+01,2.076667e+01,2.087808e+01,2.080846e+01,2.075970e+01,2.067605e+01,2.010961e+01,1.959637e+01,1.925038e+01,1.917962e+01,1.934936e+01,1.971613e+01,2.030578e+01,2.066211e+01,2.071789e+01,2.078757e+01,2.079453e+01,2.077363e+01,2.071091e+01,2.043169e+01,2.020074e+01,2.008156e+01,1.978650e+01,1.964570e+01,1.946235e+01,1.961047e+01,1.977947e+01,2.022176e+01,2.048759e+01,2.082239e+01,2.089200e+01,2.076667e+01,2.080846e+01,2.080150e+01,2.079453e+01,2.075970e+01,2.075273e+01,2.082239e+01,2.089200e+01,2.087808e+01,2.087112e+01,2.069000e+01,2.088504e+01,2.091983e+01,2.082935e+01,2.087112e+01,2.083632e+01,2.086416e+01,2.084328e+01,2.098242e+01,2.094070e+01,2.088504e+01,2.085024e+01,2.090592e+01,2.082239e+01,2.085720e+01,2.084328e+01,2.085720e+01,2.067605e+01,2.102413e+01,2.087808e+01,2.078757e+01,2.089200e+01,2.086416e+01,2.083632e+01,2.090592e+01,2.088504e+01,2.097547e+01,2.082239e+01,2.095461e+01,2.083632e+01,2.085024e+01,2.091287e+01,2.086416e+01,2.096852e+01,2.090592e+01,2.089200e+01,2.086416e+01,2.093374e+01,2.094765e+01,2.087808e+01,2.080846e+01,2.093374e+01,2.087808e+01,2.094765e+01,2.091983e+01,2.086416e+01,2.082239e+01,2.091287e+01,2.086416e+01,2.075970e+01,2.085024e+01,2.084328e+01,2.107276e+01,2.101718e+01,2.091983e+01,2.090592e+01,2.088504e+01,2.086416e+01,2.097547e+01,2.097547e+01,2.094765e+01,2.073879e+01,2.080150e+01,2.093374e+01,2.087112e+01,2.074576e+01,2.077363e+01,2.083632e+01,2.091983e+01,2.087112e+01,2.092679e+01,2.082239e+01,2.078757e+01,2.084328e+01,2.078060e+01,2.080846e+01,2.082239e+01,2.088504e+01,2.085720e+01,2.079453e+01,2.082935e+01,2.081543e+01,2.082239e+01,2.073879e+01,2.084328e+01,2.081543e+01,2.087112e+01,2.090592e+01,2.090592e+01,2.092679e+01,2.087808e+01,2.082935e+01,2.082935e+01,2.080150e+01,2.083632e+01,2.084328e+01,2.084328e+01,2.081543e+01,2.074576e+01,2.082935e+01,2.086416e+01,2.081543e+01,2.080846e+01,2.082935e+01,2.086416e+01,2.089200e+01,2.075273e+01,2.081543e+01,2.089200e+01,2.082239e+01,2.082239e+01,2.087112e+01,2.087808e+01,2.089896e+01,2.085720e+01,2.087112e+01,2.095461e+01,2.086416e+01,2.080150e+01,2.077363e+01,2.091287e+01,2.078060e+01,2.086416e+01,2.087112e+01,2.090592e+01,2.086416e+01,2.080150e+01,2.078060e+01,2.089896e+01,2.075273e+01,2.082239e+01,2.084328e+01,2.089200e+01,2.093374e+01,2.091287e+01,2.078757e+01,2.087112e+01,2.079453e+01,2.091287e+01,2.091287e+01,2.096156e+01,2.091287e+01,2.094765e+01,2.093374e+01,2.086416e+01,2.089896e+01,2.078757e+01,2.078757e+01,2.089200e+01,2.103802e+01,2.105192e+01,2.076667e+01,2.079453e+01,2.073182e+01,2.085024e+01,2.075970e+01,2.078757e+01,2.074576e+01,2.080150e+01,2.074576e+01,2.091287e+01,2.080150e+01,2.087112e+01,2.080150e+01,2.087808e+01,2.086416e+01,2.084328e+01,2.082239e+01,2.087808e+01,2.089896e+01,2.077363e+01,2.088504e+01,2.081543e+01,2.066211e+01,2.074576e+01,2.084328e+01,2.080846e+01,2.087112e+01,2.087808e+01,2.080150e+01,2.086416e+01,2.075970e+01,2.062723e+01,2.081543e+01,2.062723e+01,2.075970e+01,2.071091e+01,2.073879e+01,2.077363e+01,2.079453e+01,2.069697e+01,2.069697e+01,2.080150e+01,2.088504e+01,2.085024e+01,2.083632e+01,2.086416e+01,2.078757e+01,2.075970e+01,2.082935e+01,2.075970e+01,2.074576e+01,2.075273e+01,2.085024e+01,2.098937e+01,2.083632e+01,2.081543e+01,2.078757e+01,2.071789e+01,2.062025e+01,2.075970e+01,2.079453e+01,2.089200e+01,2.078757e+01,2.078757e+01,2.080846e+01,2.091983e+01,2.077363e+01,2.076667e+01,2.076667e+01,2.081543e+01,2.083632e+01,2.078060e+01,2.087112e+01,2.066908e+01,2.089896e+01,2.081543e+01,2.085024e+01,2.083632e+01,2.085720e+01,2.084328e+01,2.085720e+01,2.084328e+01,2.084328e+01,2.080150e+01,2.078060e+01,2.082935e+01,2.089200e+01,2.079453e+01,2.073879e+01,2.091287e+01,2.073182e+01,2.085720e+01,2.087112e+01
2.069000e+01,2.075970e+01,2.075273e+01,2.069697e+01,2.078060e+01,2.073879e+01,2.076667e+01,2.069000e+01,2.066908e+01,2.046663e+01,2.019373e+01,1.949058e+01,1.927867e+01,1.925038e+01,1.950469e+01,1.953996e+01,1.988495e+01,2.053649e+01,2.072486e+01,2.075273e+01,2.072486e+01,2.081543e+01,2.075273e+01,2.071789e+01,2.071091e+01,2.084328e+01,2.069697e+01,2.077363e+01,2.084328e+01,2.089200e+01,2.071091e+01,2.070394e+01,2.073182e+01,2.084328e+01,2.085024e+01,2.085720e+01,2.085720e+01,2.078757e+01,2.077363e+01,2.075273e+01,2.087112e+01,2.090592e+01,2.071789e+01,2.088504e+01,2.091983e+01,2.092679e+01,2.078060e+01,2.080150e+01,2.087112e+01,2.072486e+01,2.084328e+01,2.087808e+01,2.078060e+01,2.085024e+01,2.077363e+01,2.076667e+01,2.075273e+01,2.077363e+01,2.088504e+01,2.089200e+01,2.078757e+01,2.084328e+01,2.079453e+01,2.077363e+01,2.078060e+01,2.076667e+01,2.086416e+01,2.082239e+01,2.079453e+01,2.082935e+01,2.074576e+01,2.075273e+01,2.072486e+01,2.076667e+01,2.073879e+01,2.084328e+01,2.080846e+01,2.081543e+01,2.085024e+01,2.080846e+01,2.082239e+01,2.071091e+01,2.092679e+01,2.086416e+01,2.081543e+01,2.078757e+01,2.071789e+01,2.082239e+01,2.074576e+01,2.082239e+01,2.073879e+01,2.075273e+01,2.076667e+01,2.073879e+01,2.074576e+01,2.078757e+01,2.085024e+01,2.081543e+01,2.080150e+01,2.077363e+01,2.081543e+01,2.079453e+01,2.077363e+01,2.079453e+01,2.086416e+01,2.078757e+01,2.087112e+01,2.087808e+01,2.071789e+01,2.079453e+01,2.079453e+01,2.093374e+01,2.091983e+01,2.089896e+01,2.083632e+01,2.073879e+01,2.080846e+01,2.085720e+01,2.078757e+01,2.079453e+01,2.084328e+01,2.082935e+01,2.085024e+01,2.080846e+01,2.079453e+01,2.084328e+01,2.081543e+01,2.073879e+01,2.080846e+01,2.080846e+01,2.072486e+01,2.069697e+01,2.084328e+01,2.073182e+01,2.080150e+01,2.086416e+01,2.082935e+01,2.073879e+01,2.074576e+01,2.082935e+01,2.079453e+01,2.064118e+01,2.077363e+01,2.078060e+01,2.085024e+01,2.083632e+01,2.080846e+01,2.080150e+01,2.085024e+01,2.082935e+01,2.076667e+01,2.079453e+01,2.078757e+01,2.075970e+01,2.078757e+01,2.078060e+01,2.079453e+01,2.078757e+01,2.082239e+01,2.082239e+01,2.081543e+01,2.082239e+01,2.073182e+01,2.076667e+01,2.082239e+01,2.083632e+01,2.075273e+01,2.082239e+01,2.082935e+01,2.082239e+01,2.085024e+01,2.069697e+01,2.075273e+01,2.027078e+01,2.005350e+01,1.982168e+01,1.973725e+01,1.970909e+01,1.980058e+01,1.965274e+01,1.980761e+01,1.974428e+01,1.942705e+01,1.901669e+01,1.864021e+01,1.860462e+01,1.846926e+01,1.843361e+01,1.850490e+01,1.839794e+01,1.839081e+01,1.839081e+01,1.834085e+01,1.821943e+01,1.828373e+01,1.829801e+01,1.822657e+01,1.824087e+01,1.812647e+01,1.824801e+01,1.826230e+01,1.811216e+01,1.811932e+01,1.830515e+01,1.814078e+01,1.817653e+01,1.829801e+01,1.819798e+01,1.831230e+01,1.842648e+01,1.834085e+01,1.839081e+01,1.835513e+01,1.849777e+01,1.831230e+01,1.851915e+01,1.860462e+01,1.859750e+01,1.864733e+01,1.872558e+01,1.887479e+01,1.885349e+01,1.887479e+01,1.888899e+01,1.890318e+01,1.903795e+01,1.893867e+01,1.886769e+01,1.886769e+01,1.890318e+01,1.890318e+01,1.888189e+01,1.888189e+01,1.915838e+01,1.891738e+01,1.895286e+01,1.892448e+01,1.891028e+01,1.911590e+01,1.910173e+01,1.912298e+01,1.919378e+01,1.913714e+01,1.933522e+01,1.923623e+01,1.922916e+01,1.936349e+01,1.952586e+01,1.982168e+01,1.984980e+01,2.003244e+01,2.001139e+01,2.020074e+01,2.020074e+01,2.033377e+01,2.048759e+01,2.073182e+01,2.069697e+01,2.071789e+01,2.081543e+01,2.083632e+01,2.081543e+01,2.076667e+01,2.075970e+01,2.076667e+01,2.086416e+01,2.076667e+01,2.073879e+01,2.066908e+01,2.069000e+01,2.065513e+01,2.069697e+01,2.069000e+01,2.066211e+01,2.069000e+01,2.075273e+01,2.075970e+01,2.070394e+01,2.072486e+01,2.062723e+01,2.047362e+01,2.043868e+01,2.048759e+01,2.057838e+01,2.050855e+01,2.055045e+01,2.060629e+01,2.068303e+01,2.071789e+01,2.082239e+01,2.074576e+01,2.083632e+01,2.069000e+01,2.081543e+01,2.079453e+01,2.083632e+01,2.074576e+01,2.080846e+01,2.066211e+01,2.043169e+01,2.036875e+01,2.038974e+01,2.015168e+01,2.024277e+01,2.015869e+01,2.016570e+01,2.010961e+01,2.026378e+01,2.029178e+01,2.041071e+01,2.036875e+01,2.043169e+01,2.036875e+01,2.041071e+01,2.036875e+01,2.037575e+01,2.029878e+01,2.032678e+01,2.031278e+01,2.033377e+01,2.025677e+01,2.011663e+01,2.007454e+01,2.007454e+01,2.004648e+01,2.008156e+01,2.016570e+01,2.031278e+01,2.033377e+01,2.035476e+01,2.031278e+01,2.037575e+01,2.031978e+01,2.050855e+01,2.052950e+01,2.055743e+01,2.057140e+01,2.053649e+01,2.062723e+01,2.066211e+01,2.072486e+01,2.072486e+01,2.073879e+01,2.091287e+01,2.086416e+01,2.071789e+01,2.078060e+01,2.089896e+01,2.079453e+01,2.083632e+01,2.085024e+01,2.085720e+01,2.080846e+01,2.065513e+01,2.073879e+01,2.090592e+01,2.086416e+01,2.073879e+01,2.081543e+01,2.062025e+01,2.059234e+01,2.004648e+01,1.958932e+01,1.924331e+01,1.917254e+01,1.920085e+01,1.982168e+01,2.056442e+01,2.064118e+01,2.085024e+01,2.075970e+01,2.085720e+01,2.085024e+01,2.073879e+01,2.061327e+01,2.055045e+01,2.031978e+01,2.015869e+01,1.989198e+01,1.978650e+01,1.967388e+01,1.977243e+01,2.021475e+01,2.052950e+01,2.064118e+01,2.082935e+01,2.082239e+01,2.091983e+01,2.085024e+01,2.076667e+01,2.089896e+01,2.085720e+01,2.093374e+01,2.086416e+01,2.091287e+01,2.079453e+01,2.088504e+01,2.087808e+01,2.085024e+01,2.085720e+01,2.091287e+01,2.082935e+01,2.102413e+01,2.081543e+01,2.082935e+01,2.082239e+01,2.082935e+01,2.086416e+01,2.089200e+01,2.085720e+01,2.092679e+01,2.092679e+01,2.098242e+01,2.089896e+01,2.091983e+01,2.093374e+01,2.095461e+01,2.098242e+01,2.085024e+01,2.082239e+01,2.087808e+01,2.094765e+01,2.079453e+01,2.095461e+01,2.094765e+01,2.090592e+01,2.086416e+01,2.085720e+01,2.087112e+01,2.088504e+01,2.091287e+01,2.087112e+01,2.092679e+01,2.084328e+01,2.085024e+01,2.087808e+01,2.093374e+01,2.090592e+01,2.079453e+01,2.089896e+01,2.091287e+01,2.085024e+01,2.096156e+01,2.094070e+01,2.087808e+01,2.099632e+01,2.098242e+01,2.085024e+01,2.089896e+01,2.090592e+01,2.095461e+01,2.087808e+01,2.087808e+01,2.093374e+01,2.087112e+01,2.091983e+01,2.100327e+01,2.087808e+01,2.078757e+01,2.088504e+01,2.080150e+01,2.087112e+01,2.093374e+01,2.082239e+01,2.086416e+01,2.089896e+01,2.089896e+01,2.078757e+01,2.078757e+01,2.083632e+01,2.080150e+01,2.085024e+01,2.086416e+01,2.089896e+01,2.083632e+01,2.087112e+01,2.083632e+01,2.080150e+01,2.086416e+01,2.082935e+01,2.082935e+01,2.083632e+01,2.093374e+01,2.087808e+01,2.093374e+01,2.091983e+01,2.087808e+01,2.087808e+01,2.085720e+01,2.086416e+01,2.088504e+01,2.091287e+01,2.085024e+01,2.080150e+01,2.092679e+01,2.091983e+01,2.085720e+01,2.082239e+01,2.092679e+01,2.080846e+01,2.088504e+01,2.091287e+01,2.087112e+01,2.082239e+01,2.086416e+01,2.089200e+01,2.087112e+01,2.088504e+01,2.073879e+01,2.087112e+01,2.085720e+01,2.086416e+01,2.084328e+01,2.091287e+01,2.086416e+01,2.083632e+01,2.086416e+01,2.085024e+01,2.093374e+01,2.079453e+01,2.089200e+01,2.079453e+01,2.092679e+01,2.087808e+01,2.078757e+01,2.081543e+01,2.079453e+01,2.081543e+01,2.089200e+01,2.082239e+01,2.082935e+01,2.089200e+01,2.083632e+01,2.085720e+01,2.087808e+01,2.088504e+01,2.074576e+01,2.094070e+01,2.085720e+01,2.081543e+01,2.091983e+01,2.093374e+01,2.084328e+01,2.096156e+01,2.095461e+01,2.081543e+01,2.082935e+01,2.080150e+01,2.087112e+01,2.086416e+01,2.080846e+01,2.086416e+01,2.081543e+01,2.094070e+01,2.074576e+01,2.082935e+01,2.093374e+01,2.078060e+01,2.087112e+01,2.082239e+01,2.085024e+01,2.094765e+01,2.078757e+01,2.087112e+01,2.082239e+01,2.088504e+01,2.065513e+01,2.087112e+01,2.075970e+01,2.078060e+01,2.079453e+01,2.080846e+01,2.083632e+01,2.079453e+01,2.078757e+01,2.079453e+01,2.079453e+01,2.070394e+01,2.062025e+01,2.094070e+01,2.084328e+01,2.075970e+01,2.074576e+01,2.078060e+01,2.080150e+01,2.076667e+01,2.078757e+01,2.085024e+01,2.089896e+01,2.088504e+01,2.078757e+01,2.085720e+01,2.082239e+01,2.073182e+01,2.081543e+01,2.084328e+01,2.085720e+01,2.081543e+01,2.078757e+01,2.078060e+01,2.086416e+01,2.084328e+01,2.086416e+01,2.082239e+01,2.068303e+01,2.078757e+01,2.072486e+01,2.085024e+01,2.073182e+01,2.084328e+01,2.071091e+01,2.085024e+01,2.098242e+01,2.078060e+01,2.082935e+01,2.092679e+01,2.085024e+01,2.078757e+01,2.080150e+01,2.078757e+01,2.091983e+01,2.089200e+01,2.088504e+01,2.081543e+01,2.086416e+01,2.083632e+01,2.078060e+01,2.078757e+01,2.087808e+01,2.082239e+01,2.082935e+01,2.085024e+01,2.087808e+01,2.082239e+01,2.082239e+01,2.086416e+01,2.078060e+01,2.075273e+01,2.077363e+01,2.087808e+01
2.070394e+01,2.067605e+01,2.061327e+01,2.063420e+01,2.071789e+01,2.075970e+01,2.064816e+01,2.076667e+01,2.052950e+01,2.048061e+01,2.006051e+01,1.944118e+01,1.927160e+01,1.925745e+01,1.913006e+01,1.947647e+01,1.949058e+01,2.028478e+01,2.061327e+01,2.060629e+01,2.073182e+01,2.074576e+01,2.071091e+01,2.078060e+01,2.074576e+01,2.071091e+01,2.080150e+01,2.070394e+01,2.082935e+01,2.073879e+01,2.085024e+01,2.066908e+01,2.072486e+01,2.071091e+01,2.080846e+01,2.078060e+01,2.078060e+01,2.073879e+01,2.072486e+01,2.072486e+01,2.071789e+01,2.068303e+01,2.080846e+01,2.085024e+01,2.078060e+01,2.079453e+01,2.084328e+01,2.076667e+01,2.085024e+01,2.073182e+01,2.076667e+01,2.083632e+01,2.072486e+01,2.082239e+01,2.082935e+01,2.068303e+01,2.087112e+01,2.085024e+01,2.068303e+01,2.075273e+01,2.078060e+01,2.079453e+01,2.085720e+01,2.078060e+01,2.080150e+01,2.091983e+01,2.075273e+01,2.079453e+01,2.075970e+01,2.080846e+01,2.077363e+01,2.071789e+01,2.079453e+01,2.083632e+01,2.071789e+01,2.082239e+01,2.083632e+01,2.071789e+01,2.079453e+01,2.073879e+01,2.082239e+01,2.083632e+01,2.080150e+01,2.085024e+01,2.069000e+01,2.082239e+01,2.079453e+01,2.073182e+01,2.072486e+01,2.072486e+01,2.073879e+01,2.076667e+01,2.075970e+01,2.075970e+01,2.078060e+01,2.074576e+01,2.071091e+01,2.075273e+01,2.082239e+01,2.080150e+01,2.079453e+01,2.070394e+01,2.079453e+01,2.075273e+01,2.085024e+01,2.080846e+01,2.085024e+01,2.083632e+01,2.075273e+01,2.075970e+01,2.078060e+01,2.070394e+01,2.076667e+01,2.080150e+01,2.078060e+01,2.076667e+01,2.075273e+01,2.075970e+01,2.076667e+01,2.074576e+01,2.078060e+01,2.073879e+01,2.085024e+01,2.081543e+01,2.075970e+01,2.086416e+01,2.082239e+01,2.081543e+01,2.078060e+01,2.078757e+01,2.081543e+01,2.069697e+01,2.071789e+01,2.081543e+01,2.084328e+01,2.078757e+01,2.074576e+01,2.080846e+01,2.073182e+01,2.079453e+01,2.072486e+01,2.078757e+01,2.082239e+01,2.076667e+01,2.074576e+01,2.080150e+01,2.080150e+01,2.080846e+01,2.083632e+01,2.080846e+01,2.079453e+01,2.078757e+01,2.078060e+01,2.075970e+01,2.075273e+01,2.079453e+01,2.084328e+01,2.080150e+01,2.080150e+01,2.078757e+01,2.071789e+01,2.075273e+01,2.082239e+01,2.082239e+01,2.083632e+01,2.087112e+01,2.085720e+01,2.073879e+01,2.075273e+01,2.084328e+01,2.069000e+01,2.076667e+01,2.063420e+01,2.045266e+01,2.014467e+01,1.974428e+01,1.967388e+01,1.972317e+01,1.996926e+01,1.982168e+01,1.968092e+01,1.964570e+01,1.905922e+01,1.881797e+01,1.867579e+01,1.860462e+01,1.856190e+01,1.847639e+01,1.851915e+01,1.837654e+01,1.826944e+01,1.831944e+01,1.824801e+01,1.826230e+01,1.819083e+01,1.822657e+01,1.824087e+01,1.824087e+01,1.823372e+01,1.819798e+01,1.829801e+01,1.814793e+01,1.825516e+01,1.836227e+01,1.825516e+01,1.826230e+01,1.825516e+01,1.839081e+01,1.852628e+01,1.837654e+01,1.841934e+01,1.846926e+01,1.841221e+01,1.844787e+01,1.859038e+01,1.853340e+01,1.846213e+01,1.862598e+01,1.871135e+01,1.869713e+01,1.899541e+01,1.891738e+01,1.899541e+01,1.902378e+01,1.913714e+01,1.898123e+01,1.896704e+01,1.890318e+01,1.887479e+01,1.890318e+01,1.887479e+01,1.891028e+01,1.886769e+01,1.886769e+01,1.891028e+01,1.888899e+01,1.901669e+01,1.901669e+01,1.903087e+01,1.906630e+01,1.905213e+01,1.910173e+01,1.912298e+01,1.912298e+01,1.913006e+01,1.922208e+01,1.933522e+01,1.940587e+01,1.956817e+01,1.977947e+01,1.979354e+01,1.976540e+01,1.999033e+01,2.007454e+01,2.025677e+01,2.034777e+01,2.042470e+01,2.043169e+01,2.062723e+01,2.066908e+01,2.075970e+01,2.074576e+01,2.074576e+01,2.082935e+01,2.079453e+01,2.074576e+01,2.080846e+01,2.079453e+01,2.065513e+01,2.069000e+01,2.049458e+01,2.050855e+01,2.036875e+01,2.059234e+01,2.063420e+01,2.073182e+01,2.075970e+01,2.067605e+01,2.059932e+01,2.043169e+01,2.037575e+01,2.044567e+01,2.041770e+01,2.025677e+01,2.029878e+01,2.049458e+01,2.044567e+01,2.065513e+01,2.080150e+01,2.069697e+01,2.076667e+01,2.073182e+01,2.081543e+01,2.075273e+01,2.084328e+01,2.070394e+01,2.081543e+01,2.069697e+01,2.066908e+01,2.038974e+01,2.034077e+01,2.019373e+01,2.009559e+01,2.010961e+01,2.010260e+01,2.013065e+01,2.024277e+01,2.029178e+01,2.039673e+01,2.033377e+01,2.033377e+01,2.034777e+01,2.034777e+01,2.044567e+01,2.039673e+01,2.031978e+01,2.031278e+01,2.023577e+01,2.041071e+01,2.015168e+01,2.024977e+01,2.007454e+01,2.008857e+01,2.001841e+01,2.009559e+01,2.001139e+01,2.017271e+01,2.016570e+01,2.017271e+01,2.013766e+01,2.019373e+01,2.035476e+01,2.039673e+01,2.041071e+01,2.052252e+01,2.059932e+01,2.055743e+01,2.057838e+01,2.064816e+01,2.064118e+01,2.070394e+01,2.071789e+01,2.078757e+01,2.085024e+01,2.075273e+01,2.087112e+01,2.085720e+01,2.079453e+01,2.080150e+01,2.082239e+01,2.082239e+01,2.086416e+01,2.083632e+01,2.080150e+01,2.077363e+01,2.089200e+01,2.079453e+01,2.069697e+01,2.078060e+01,2.073182e+01,2.057838e+01,2.006753e+01,1.956817e+01,1.926452e+01,1.912298e+01,1.939174e+01,1.982871e+01,2.034077e+01,2.064816e+01,2.068303e+01,2.078757e+01,2.078060e+01,2.064816e+01,2.070394e+01,2.071789e+01,2.056442e+01,2.057140e+01,2.038974e+01,2.017972e+01,2.001841e+01,2.003244e+01,2.003946e+01,2.022876e+01,2.046663e+01,2.075273e+01,2.073182e+01,2.074576e+01,2.078757e+01,2.077363e+01,2.076667e+01,2.080846e+01,2.075970e+01,2.078757e+01,2.072486e+01,2.069697e+01,2.076667e+01,2.079453e+01,2.086416e+01,2.083632e+01,2.086416e+01,2.089896e+01,2.078757e+01,2.082935e+01,2.082935e+01,2.103107e+01,2.084328e+01,2.090592e+01,2.086416e+01,2.082935e+01,2.089896e+01,2.085720e+01,2.088504e+01,2.091287e+01,2.086416e+01,2.080150e+01,2.091983e+01,2.085720e+01,2.087112e+01,2.093374e+01,2.087808e+01,2.090592e+01,2.091983e+01,2.094070e+01,2.082935e+01,2.085720e+01,2.082935e+01,2.083632e+01,2.096156e+01,2.092679e+01,2.089200e+01,2.089896e+01,2.094070e+01,2.091287e+01,2.096156e+01,2.087112e+01,2.087808e+01,2.094765e+01,2.089896e+01,2.091983e+01,2.090592e+01,2.090592e+01,2.087112e+01,2.087808e+01,2.083632e+01,2.068303e+01,2.098937e+01,2.084328e+01,2.093374e+01,2.087808e+01,2.094070e+01,2.087808e+01,2.089896e+01,2.092679e+01,2.102413e+01,2.095461e+01,2.080150e+01,2.097547e+01,2.095461e+01,2.088504e+01,2.075970e+01,2.085720e+01,2.096156e+01,2.089896e+01,2.094765e+01,2.090592e+01,2.091983e+01,2.087112e+01,2.073879e+01,2.086416e+01,2.082935e+01,2.082239e+01,2.080846e+01,2.085024e+01,2.083632e+01,2.084328e+01,2.086416e+01,2.083632e+01,2.082239e+01,2.101718e+01,2.083632e+01,2.077363e+01,2.082239e+01,2.078060e+01,2.094070e+01,2.081543e+01,2.082935e+01,2.080150e+01,2.078757e+01,2.081543e+01,2.070394e+01,2.087808e+01,2.079453e+01,2.081543e+01,2.082239e+01,2.085024e+01,2.081543e+01,2.089896e+01,2.087808e+01,2.087112e+01,2.075970e+01,2.089200e+01,2.085024e+01,2.091983e+01,2.085720e+01,2.088504e+01,2.087808e+01,2.071789e+01,2.090592e+01,2.078757e+01,2.094765e+01,2.088504e+01,2.081543e+01,2.079453e+01,2.085720e+01,2.085720e+01,2.082239e+01,2.075970e+01,2.074576e+01,2.082935e+01,2.075970e+01,2.091983e+01,2.078060e+01,2.081543e+01,2.077363e+01,2.077363e+01,2.086416e+01,2.093374e+01,2.088504e+01,2.089200e+01,2.086416e+01,2.083632e+01,2.078757e+01,2.081543e+01,2.085024e+01,2.081543e+01,2.081543e+01,2.082935e+01,2.078060e+01,2.075970e+01,2.088504e+01,2.089896e+01,2.078060e+01,2.093374e+01,2.078757e+01,2.086416e+01,2.082239e+01,2.087112e+01,2.084328e+01,2.074576e+01,2.077363e+01,2.090592e+01,2.084328e+01,2.075273e+01,2.083632e+01,2.076667e+01,2.074576e+01,2.071091e+01,2.076667e+01,2.074576e+01,2.075273e+01,2.083632e+01,2.085720e+01,2.082239e+01,2.084328e+01,2.072486e+01,2.082935e+01,2.078757e+01,2.075970e+01,2.076667e+01,2.081543e+01,2.071789e+01,2.081543e+01,2.081543e+01,2.082239e+01,2.077363e+01,2.078060e+01,2.074576e+01,2.071789e+01,2.078060e+01,2.081543e+01,2.074576e+01,2.075970e+01,2.074576e+01,2.082935e+01,2.073879e+01,2.073879e+01,2.073879e+01,2.078060e+01,2.080846e+01,2.079453e+01,2.075273e+01,2.081543e+01,2.079453e+01,2.080150e+01,2.085024e+01,2.086416e+01,2.083632e+01,2.086416e+01,2.061327e+01,2.085024e+01,2.078060e+01,2.085024e+01,2.078060e+01,2.082935e+01,2.075273e+01,2.076667e+01,2.092679e+01,2.075970e+01,2.080150e+01,2.069697e+01,2.079453e+01,2.082935e+01,2.080150e+01,2.084328e+01,2.069697e+01,2.085720e+01,2.076667e+01,2.088504e+01,2.083632e+01,2.086416e+01,2.092679e+01,2.077363e+01,2.086416e+01,2.089200e+01,2.085720e+01,2.094070e+01,2.085024e+01,2.075273e+01,2.085024e+01,2.087112e+01,2.094070e+01,2.081543e+01,2.083632e+01,2.091287e+01,2.080846e+01,2.077363e+01,2.097547e+01,2.075273e+01,2.083632e+01,2.071789e+01
2.068303e+01,2.070394e+01,2.071789e+01,2.068303e+01,2.071789e+01,2.059234e+01,2.072486e+01,2.064816e+01,2.050157e+01,2.027778e+01,2.006753e+01,1.926452e+01,1.899541e+01,1.907339e+01,1.903795e+01,1.909464e+01,1.944823e+01,1.988495e+01,2.055045e+01,2.070394e+01,2.073879e+01,2.081543e+01,2.073182e+01,2.077363e+01,2.072486e+01,2.073879e+01,2.073182e+01,2.071091e+01,2.089200e+01,2.074576e+01,2.085024e+01,2.082935e+01,2.070394e+01,2.073182e+01,2.074576e+01,2.084328e+01,2.079453e+01,2.077363e+01,2.081543e+01,2.069697e+01,2.074576e+01,2.080150e+01,2.089200e+01,2.080150e+01,2.077363e+01,2.081543e+01,2.075273e+01,2.082935e+01,2.084328e+01,2.075273e+01,2.069697e+01,2.078757e+01,2.071091e+01,2.065513e+01,2.080150e+01,2.080150e+01,2.081543e+01,2.085720e+01,2.084328e+01,2.078757e+01,2.084328e+01,2.086416e+01,2.082239e+01,2.087112e+01,2.086416e+01,2.094070e+01,2.077363e+01,2.080846e+01,2.078757e+01,2.075273e+01,2.078060e+01,2.079453e+01,2.076667e+01,2.073879e+01,2.088504e+01,2.078757e+01,2.081543e+01,2.075273e+01,2.076667e+01,2.078757e+01,2.073182e+01,2.066211e+01,2.087112e+01,2.088504e+01,2.075273e+01,2.075970e+01,2.071789e+01,2.078060e+01,2.075970e+01,2.073182e+01,2.076667e+01,2.082239e+01,2.088504e+01,2.073879e+01,2.082935e+01,2.079453e+01,2.077363e+01,2.081543e+01,2.079453e+01,2.078757e+01,2.065513e+01,2.083632e+01,2.080150e+01,2.078757e+01,2.084328e+01,2.064816e+01,2.085720e+01,2.074576e+01,2.078757e+01,2.070394e+01,2.080150e+01,2.078757e+01,2.078757e+01,2.077363e+01,2.067605e+01,2.083632e+01,2.083632e+01,2.080150e+01,2.078060e+01,2.075970e+01,2.081543e+01,2.086416e+01,2.080846e+01,2.068303e+01,2.078757e+01,2.088504e+01,2.066908e+01,2.077363e+01,2.080846e+01,2.082935e+01,2.075970e+01,2.071789e+01,2.084328e+01,2.087112e+01,2.071091e+01,2.085720e+01,2.071789e+01,2.072486e+01,2.076667e+01,2.083632e+01,2.075273e+01,2.080150e+01,2.081543e+01,2.078757e+01,2.069000e+01,2.080150e+01,2.082239e+01,2.082239e+01,2.080846e+01,2.084328e+01,2.080846e+01,2.084328e+01,2.082239e+01,2.076667e+01,2.072486e+01,2.079453e+01,2.081543e+01,2.078757e+01,2.083632e+01,2.082935e+01,2.075273e+01,2.073182e+01,2.078060e+01,2.066908e+01,2.082239e+01,2.088504e+01,2.084328e+01,2.082239e+01,2.080846e+01,2.087112e+01,2.076667e+01,2.075273e+01,2.068303e+01,2.052252e+01,2.015168e+01,1.990604e+01,1.973021e+01,1.981464e+01,1.975836e+01,1.975836e+01,1.963161e+01,1.931402e+01,1.893867e+01,1.876112e+01,1.849777e+01,1.842648e+01,1.844787e+01,1.858326e+01,1.846926e+01,1.845500e+01,1.844074e+01,1.835513e+01,1.818369e+01,1.816938e+01,1.834799e+01,1.824087e+01,1.829087e+01,1.820513e+01,1.823372e+01,1.821943e+01,1.834085e+01,1.822657e+01,1.831230e+01,1.829087e+01,1.834085e+01,1.830515e+01,1.838367e+01,1.842648e+01,1.859750e+01,1.844074e+01,1.841221e+01,1.849064e+01,1.851203e+01,1.849777e+01,1.854765e+01,1.844074e+01,1.869713e+01,1.859038e+01,1.876112e+01,1.898123e+01,1.903087e+01,1.929281e+01,1.915130e+01,1.918670e+01,1.915838e+01,1.913006e+01,1.899541e+01,1.898832e+01,1.888189e+01,1.895995e+01,1.886769e+01,1.887479e+01,1.888899e+01,1.890318e+01,1.897414e+01,1.895995e+01,1.898832e+01,1.904504e+01,1.915130e+01,1.915838e+01,1.905922e+01,1.909464e+01,1.909464e+01,1.908756e+01,1.925038e+01,1.915130e+01,1.937055e+01,1.931402e+01,1.935642e+01,1.965979e+01,1.975836e+01,1.980761e+01,1.977947e+01,1.996224e+01,1.993414e+01,1.996224e+01,2.041071e+01,2.045266e+01,2.052950e+01,2.064118e+01,2.067605e+01,2.067605e+01,2.073879e+01,2.074576e+01,2.078757e+01,2.070394e+01,2.078060e+01,2.068303e+01,2.062025e+01,2.049458e+01,2.061327e+01,2.050855e+01,2.057140e+01,2.036176e+01,2.062723e+01,2.058536e+01,2.059932e+01,2.062723e+01,2.045266e+01,2.045266e+01,2.043868e+01,2.040372e+01,2.026378e+01,2.039673e+01,2.025677e+01,2.036176e+01,2.031978e+01,2.058536e+01,2.057140e+01,2.077363e+01,2.076667e+01,2.074576e+01,2.075273e+01,2.072486e+01,2.072486e+01,2.070394e+01,2.070394e+01,2.068303e+01,2.062025e+01,2.042470e+01,2.020074e+01,2.010260e+01,2.010961e+01,2.008857e+01,2.010260e+01,2.010961e+01,2.025677e+01,2.022176e+01,2.034077e+01,2.034777e+01,2.032678e+01,2.039673e+01,2.031978e+01,2.035476e+01,2.033377e+01,2.038274e+01,2.043868e+01,2.037575e+01,2.035476e+01,2.039673e+01,2.016570e+01,2.010260e+01,2.009559e+01,2.007454e+01,2.008857e+01,2.013766e+01,2.003946e+01,2.020774e+01,2.029178e+01,2.016570e+01,2.024277e+01,2.031978e+01,2.052252e+01,2.049458e+01,2.053649e+01,2.052950e+01,2.052950e+01,2.060629e+01,2.062723e+01,2.071091e+01,2.069697e+01,2.076667e+01,2.065513e+01,2.062723e+01,2.065513e+01,2.082935e+01,2.083632e+01,2.078060e+01,2.077363e+01,2.066211e+01,2.076667e+01,2.085024e+01,2.085024e+01,2.073879e+01,2.080846e+01,2.078757e+01,2.076667e+01,2.078757e+01,2.080846e+01,2.055045e+01,2.047362e+01,1.989901e+01,1.963161e+01,1.911590e+01,1.915838e+01,1.928574e+01,1.986386e+01,2.029878e+01,2.064816e+01,2.078757e+01,2.079453e+01,2.079453e+01,2.083632e+01,2.079453e+01,2.076667e+01,2.079453e+01,2.076667e+01,2.052252e+01,2.057838e+01,2.032678e+01,2.023577e+01,2.027778e+01,2.049458e+01,2.056442e+01,2.079453e+01,2.065513e+01,2.085720e+01,2.078757e+01,2.089896e+01,2.077363e+01,2.091983e+01,2.082239e+01,2.085720e+01,2.089896e+01,2.087808e+01,2.087808e+01,2.078757e+01,2.079453e+01,2.082239e+01,2.073879e+01,2.081543e+01,2.085024e+01,2.070394e+01,2.097547e+01,2.081543e+01,2.087112e+01,2.089896e+01,2.087112e+01,2.082935e+01,2.087808e+01,2.082239e+01,2.089200e+01,2.081543e+01,2.084328e+01,2.089200e+01,2.079453e+01,2.087808e+01,2.081543e+01,2.086416e+01,2.097547e+01,2.092679e+01,2.084328e+01,2.093374e+01,2.094070e+01,2.071789e+01,2.093374e+01,2.086416e+01,2.087808e+01,2.082935e+01,2.091983e+01,2.085024e+01,2.094765e+01,2.085024e+01,2.089200e+01,2.087808e+01,2.071789e+01,2.093374e+01,2.090592e+01,2.089200e+01,2.087808e+01,2.089200e+01,2.084328e+01,2.089200e+01,2.089200e+01,2.101718e+01,2.096156e+01,2.082239e+01,2.093374e+01,2.090592e+01,2.087808e+01,2.089896e+01,2.083632e+01,2.078757e+01,2.080846e+01,2.078757e+01,2.095461e+01,2.096852e+01,2.087808e+01,2.078757e+01,2.084328e+01,2.080846e+01,2.089200e+01,2.098937e+01,2.091983e+01,2.090592e+01,2.091983e+01,2.090592e+01,2.073879e+01,2.082935e+01,2.082239e+01,2.080846e+01,2.083632e+01,2.091287e+01,2.082239e+01,2.083632e+01,2.085024e+01,2.084328e+01,2.078757e+01,2.080846e+01,2.083632e+01,2.086416e+01,2.081543e+01,2.087808e+01,2.095461e+01,2.086416e+01,2.094765e+01,2.087112e+01,2.083632e+01,2.084328e+01,2.085720e+01,2.085720e+01,2.085024e+01,2.083632e+01,2.072486e+01,2.094070e+01,2.096852e+01,2.094765e+01,2.078060e+01,2.085720e+01,2.082935e+01,2.076667e+01,2.079453e+01,2.109360e+01,2.082239e+01,2.086416e+01,2.077363e+01,2.078060e+01,2.078757e+01,2.082935e+01,2.084328e+01,2.084328e+01,2.085024e+01,2.087112e+01,2.070394e+01,2.087808e+01,2.087808e+01,2.083632e+01,2.081543e+01,2.078060e+01,2.084328e+01,2.087808e+01,2.067605e+01,2.084328e+01,2.073879e+01,2.078757e+01,2.079453e+01,2.080846e+01,2.087808e+01,2.082239e+01,2.084328e+01,2.082239e+01,2.082935e+01,2.082935e+01,2.082239e+01,2.084328e+01,2.081543e+01,2.078757e+01,2.091983e+01,2.094070e+01,2.078060e+01,2.090592e+01,2.081543e+01,2.094765e+01,2.080846e+01,2.086416e+01,2.079453e+01,2.084328e+01,2.078757e+01,2.081543e+01,2.079453e+01,2.077363e+01,2.078060e+01,2.080846e+01,2.072486e+01,2.075273e+01,2.084328e+01,2.082935e+01,2.085024e+01,2.095461e+01,2.092679e+01,2.073879e+01,2.087112e+01,2.081543e+01,2.080846e+01,2.087112e+01,2.087808e+01,2.072486e+01,2.074576e+01,2.075273e+01,2.082935e+01,2.086416e+01,2.082239e+01,2.066211e+01,2.075273e+01,2.079453e+01,2.071091e+01,2.078060e+01,2.071091e+01,2.094070e+01,2.072486e+01,2.074576e+01,2.073879e+01,2.075970e+01,2.101023e+01,2.076667e+01,2.077363e+01,2.081543e+01,2.086416e+01,2.079453e+01,2.075273e+01,2.080846e+01,2.078757e+01,2.080150e+01,2.083632e+01,2.089896e+01,2.083632e+01,2.077363e+01,2.082239e+01,2.070394e+01,2.079453e+01,2.085720e+01,2.073182e+01,2.073879e+01,2.071789e+01,2.075970e+01,2.073879e+01,2.078757e+01,2.077363e+01,2.072486e+01,2.077363e+01,2.078757e+01,2.071789e+01,2.078757e+01,2.078060e+01,2.080846e+01,2.075273e+01,2.078757e+01,2.084328e+01,2.078060e+01,2.081543e+01,2.085720e+01,2.087808e+01,2.075970e+01,2.091287e+01,2.082935e+01,2.080846e+01,2.084328e+01,2.081543e+01,2.084328e+01,2.105192e+01,2.078757e+01,2.075273e+01,2.087112e+01,2.075970e+01,2.080846e+01,2.077363e+01,2.075970e+01,2.075970e+01,2.071091e+01,2.071091e+01
2.074576e+01,2.068303e+01,2.062025e+01,2.067605e+01,2.069000e+01,2.067605e+01,2.066211e+01,2.050157e+01,2.046663e+01,2.015168e+01,1.987090e+01,1.908047e+01,1.890318e+01,1.889609e+01,1.889609e+01,1.906630e+01,1.944118e+01,1.970205e+01,2.029878e+01,2.072486e+01,2.071789e+01,2.071091e+01,2.074576e+01,2.075273e+01,2.073879e+01,2.071789e+01,2.087112e+01,2.085720e+01,2.083632e+01,2.075273e+01,2.080150e+01,2.074576e+01,2.070394e+01,2.076667e+01,2.075273e+01,2.089200e+01,2.080846e+01,2.075970e+01,2.080846e+01,2.076667e+01,2.075273e+01,2.076667e+01,2.082239e+01,2.084328e+01,2.075970e+01,2.081543e+01,2.078060e+01,2.079453e+01,2.074576e+01,2.081543e+01,2.067605e+01,2.080846e+01,2.066908e+01,2.078060e+01,2.078757e+01,2.081543e+01,2.072486e+01,2.081543e+01,2.067605e+01,2.094765e+01,2.080150e+01,2.082239e+01,2.082239e+01,2.077363e+01,2.090592e+01,2.091983e+01,2.096852e+01,2.078060e+01,2.080846e+01,2.079453e+01,2.074576e+01,2.079453e+01,2.074576e+01,2.082239e+01,2.072486e+01,2.075970e+01,2.064118e+01,2.073879e+01,2.074576e+01,2.076667e+01,2.078060e+01,2.078757e+01,2.080846e+01,2.078060e+01,2.067605e+01,2.082935e+01,2.069697e+01,2.074576e+01,2.073182e+01,2.075970e+01,2.075970e+01,2.052950e+01,2.080846e+01,2.073879e+01,2.085720e+01,2.080846e+01,2.080150e+01,2.076667e+01,2.077363e+01,2.080150e+01,2.080150e+01,2.078060e+01,2.075970e+01,2.076667e+01,2.073879e+01,2.071091e+01,2.069000e+01,2.075970e+01,2.081543e+01,2.083632e+01,2.075970e+01,2.078060e+01,2.081543e+01,2.077363e+01,2.072486e+01,2.076667e+01,2.082935e+01,2.080846e+01,2.073879e+01,2.075273e+01,2.075273e+01,2.082239e+01,2.075970e+01,2.080846e+01,2.085024e+01,2.080150e+01,2.077363e+01,2.078757e+01,2.073879e+01,2.085024e+01,2.081543e+01,2.077363e+01,2.085024e+01,2.082935e+01,2.087112e+01,2.087112e+01,2.076667e+01,2.075970e+01,2.071091e+01,2.085024e+01,2.087808e+01,2.073182e+01,2.082935e+01,2.077363e+01,2.080846e+01,2.074576e+01,2.075273e+01,2.081543e+01,2.082239e+01,2.078757e+01,2.074576e+01,2.075273e+01,2.075970e+01,2.078757e+01,2.079453e+01,2.079453e+01,2.078757e+01,2.082935e+01,2.083632e+01,2.089200e+01,2.072486e+01,2.072486e+01,2.082935e+01,2.086416e+01,2.074576e+01,2.076667e+01,2.085024e+01,2.085024e+01,2.085024e+01,2.083632e+01,2.073879e+01,2.074576e+01,2.073182e+01,2.040372e+01,2.028478e+01,2.014467e+01,1.984277e+01,1.974428e+01,1.972317e+01,1.971613e+01,1.926452e+01,1.917254e+01,1.883218e+01,1.875401e+01,1.851915e+01,1.860462e+01,1.848352e+01,1.844787e+01,1.844074e+01,1.844074e+01,1.838367e+01,1.837654e+01,1.815508e+01,1.827659e+01,1.821943e+01,1.821943e+01,1.824801e+01,1.831230e+01,1.824087e+01,1.840508e+01,1.819798e+01,1.819083e+01,1.839081e+01,1.826944e+01,1.814793e+01,1.864733e+01,1.853340e+01,1.846213e+01,1.865444e+01,1.868290e+01,1.855477e+01,1.862598e+01,1.856190e+01,1.864733e+01,1.865444e+01,1.859750e+01,1.865444e+01,1.886769e+01,1.896704e+01,1.907339e+01,1.941999e+01,1.943411e+01,1.944823e+01,1.946941e+01,1.944118e+01,1.915838e+01,1.914422e+01,1.886059e+01,1.887479e+01,1.888899e+01,1.889609e+01,1.891738e+01,1.890318e+01,1.894576e+01,1.891738e+01,1.894576e+01,1.893157e+01,1.903795e+01,1.910881e+01,1.919378e+01,1.904504e+01,1.908047e+01,1.908756e+01,1.908756e+01,1.904504e+01,1.912298e+01,1.920793e+01,1.937762e+01,1.944118e+01,1.965274e+01,1.941293e+01,1.950469e+01,1.983574e+01,1.975132e+01,1.993414e+01,2.003244e+01,2.030578e+01,2.044567e+01,2.043868e+01,2.053649e+01,2.069697e+01,2.055743e+01,2.073879e+01,2.075970e+01,2.071091e+01,2.079453e+01,2.067605e+01,2.057838e+01,2.054347e+01,2.048759e+01,2.040372e+01,2.041071e+01,2.040372e+01,2.037575e+01,2.043868e+01,2.055743e+01,2.059234e+01,2.055743e+01,2.041770e+01,2.020074e+01,2.020074e+01,2.022176e+01,2.024277e+01,2.024277e+01,2.033377e+01,2.022876e+01,2.036176e+01,2.050855e+01,2.046663e+01,2.080150e+01,2.084328e+01,2.072486e+01,2.079453e+01,2.071091e+01,2.073879e+01,2.071091e+01,2.071789e+01,2.055045e+01,2.050855e+01,2.038274e+01,2.022176e+01,2.004648e+01,2.010961e+01,2.006753e+01,2.008857e+01,2.000437e+01,2.010961e+01,2.013766e+01,2.031278e+01,2.035476e+01,2.031978e+01,2.042470e+01,2.034777e+01,2.042470e+01,2.043169e+01,2.035476e+01,2.041770e+01,2.042470e+01,2.031978e+01,2.042470e+01,2.020074e+01,2.035476e+01,2.013766e+01,2.007454e+01,2.009559e+01,2.021475e+01,2.011663e+01,2.020774e+01,2.017972e+01,2.031278e+01,2.035476e+01,2.036875e+01,2.036875e+01,2.049458e+01,2.050855e+01,2.053649e+01,2.057140e+01,2.060629e+01,2.066211e+01,2.067605e+01,2.085720e+01,2.084328e+01,2.076667e+01,2.064816e+01,2.087808e+01,2.083632e+01,2.082935e+01,2.080846e+01,2.074576e+01,2.078060e+01,2.076667e+01,2.081543e+01,2.078757e+01,2.078757e+01,2.081543e+01,2.087808e+01,2.077363e+01,2.070394e+01,2.080846e+01,2.071789e+01,2.054347e+01,1.995521e+01,1.945529e+01,1.915838e+01,1.913006e+01,1.946235e+01,1.987090e+01,2.031978e+01,2.063420e+01,2.078060e+01,2.066211e+01,2.080846e+01,2.080846e+01,2.089200e+01,2.081543e+01,2.082239e+01,2.071091e+01,2.074576e+01,2.075970e+01,2.048759e+01,2.049458e+01,2.044567e+01,2.045266e+01,2.075273e+01,2.071091e+01,2.076667e+01,2.072486e+01,2.073182e+01,2.077363e+01,2.075273e+01,2.075273e+01,2.078757e+01,2.075970e+01,2.087112e+01,2.076667e+01,2.082935e+01,2.090592e+01,2.074576e+01,2.082935e+01,2.075273e+01,2.078060e+01,2.085720e+01,2.085024e+01,2.083632e+01,2.085720e+01,2.087112e+01,2.078757e+01,2.086416e+01,2.084328e+01,2.085024e+01,2.080846e+01,2.085024e+01,2.087808e+01,2.082239e+01,2.091287e+01,2.082239e+01,2.079453e+01,2.087808e+01,2.089200e+01,2.087808e+01,2.083632e+01,2.083632e+01,2.093374e+01,2.087808e+01,2.085720e+01,2.085720e+01,2.089896e+01,2.092679e+01,2.088504e+01,2.091983e+01,2.085024e+01,2.078060e+01,2.093374e+01,2.085720e+01,2.089896e+01,2.077363e+01,2.086416e+01,2.089200e+01,2.089200e+01,2.086416e+01,2.086416e+01,2.085024e+01,2.087808e+01,2.082239e+01,2.098242e+01,2.080846e+01,2.095461e+01,2.088504e+01,2.080846e+01,2.088504e+01,2.086416e+01,2.086416e+01,2.087112e+01,2.087112e+01,2.085720e+01,2.084328e+01,2.089896e+01,2.090592e+01,2.090592e+01,2.082935e+01,2.082239e+01,2.088504e+01,2.090592e+01,2.091287e+01,2.089896e+01,2.091983e+01,2.089200e+01,2.087112e+01,2.085024e+01,2.081543e+01,2.074576e+01,2.083632e+01,2.088504e+01,2.081543e+01,2.086416e+01,2.082239e+01,2.085720e+01,2.084328e+01,2.078757e+01,2.079453e+01,2.082935e+01,2.082239e+01,2.084328e+01,2.082239e+01,2.080846e+01,2.082935e+01,2.080846e+01,2.094070e+01,2.087112e+01,2.084328e+01,2.087112e+01,2.082935e+01,2.093374e+01,2.086416e+01,2.082239e+01,2.085720e+01,2.080846e+01,2.082935e+01,2.091287e+01,2.086416e+01,2.085024e+01,2.080846e+01,2.093374e+01,2.086416e+01,2.085720e+01,2.081543e+01,2.078060e+01,2.085720e+01,2.073182e+01,2.078060e+01,2.069000e+01,2.083632e+01,2.084328e+01,2.086416e+01,2.082239e+01,2.085720e+01,2.087808e+01,2.086416e+01,2.087808e+01,2.088504e+01,2.085720e+01,2.079453e+01,2.078757e+01,2.086416e+01,2.098242e+01,2.078060e+01,2.080150e+01,2.082935e+01,2.087112e+01,2.085024e+01,2.082935e+01,2.085024e+01,2.081543e+01,2.078060e+01,2.082239e+01,2.091983e+01,2.081543e+01,2.080846e+01,2.087112e+01,2.085024e+01,2.085024e+01,2.087808e+01,2.094070e+01,2.090592e+01,2.087808e+01,2.079453e+01,2.080846e+01,2.082239e+01,2.081543e+01,2.083632e+01,2.080846e+01,2.080846e+01,2.078757e+01,2.082935e+01,2.079453e+01,2.080150e+01,2.087112e+01,2.070394e+01,2.093374e+01,2.076667e+01,2.073879e+01,2.080150e+01,2.075970e+01,2.072486e+01,2.081543e+01,2.079453e+01,2.081543e+01,2.082935e+01,2.072486e+01,2.074576e+01,2.076667e+01,2.071091e+01,2.066908e+01,2.079453e+01,2.078757e+01,2.081543e+01,2.077363e+01,2.076667e+01,2.077363e+01,2.073879e+01,2.073182e+01,2.081543e+01,2.085024e+01,2.073879e+01,2.073879e+01,2.078757e+01,2.075273e+01,2.078757e+01,2.074576e+01,2.080150e+01,2.078060e+01,2.084328e+01,2.076667e+01,2.071789e+01,2.076667e+01,2.081543e+01,2.082935e+01,2.075273e+01,2.076667e+01,2.081543e+01,2.082935e+01,2.074576e+01,2.082935e+01,2.081543e+01,2.077363e+01,2.079453e+01,2.073182e+01,2.081543e+01,2.078060e+01,2.093374e+01,2.080150e+01,2.073879e+01,2.085024e+01,2.074576e+01,2.089200e+01,2.081543e+01,2.076667e+01,2.077363e+01,2.087112e+01,2.088504e+01,2.080846e+01,2.090592e+01,2.094070e+01,2.092679e+01,2.076667e+01,2.077363e+01,2.079453e+01,2.076667e+01,2.097547e+01,2.087112e+01,2.077363e+01,2.083632e+01,2.089200e+01,2.089896e+01,2.079453e+01,2.071091e+01,2.087112e+01,2.093374e+01,2.091983e+01,2.098242e+01
2.069697e+01,2.069000e+01,2.071789e+01,2.059234e+01,2.061327e+01,2.057838e+01,2.064816e+01,2.062723e+01,2.047362e+01,1.989198e+01,1.936349e+01,1.867579e+01,1.856902e+01,1.869713e+01,1.857614e+01,1.891738e+01,1.925745e+01,1.970909e+01,2.028478e+01,2.060629e+01,2.073182e+01,2.062025e+01,2.082239e+01,2.073182e+01,2.079453e+01,2.074576e+01,2.087808e+01,2.087808e+01,2.052252e+01,2.071789e+01,2.074576e+01,2.075970e+01,2.075273e+01,2.075273e+01,2.067605e+01,2.074576e+01,2.073879e+01,2.073182e+01,2.074576e+01,2.072486e+01,2.067605e+01,2.073879e+01,2.077363e+01,2.075273e+01,2.083632e+01,2.078757e+01,2.074576e+01,2.080150e+01,2.075273e+01,2.080846e+01,2.076667e+01,2.082239e+01,2.077363e+01,2.063420e+01,2.083632e+01,2.076667e+01,2.078060e+01,2.082935e+01,2.078060e+01,2.078060e+01,2.077363e+01,2.080846e+01,2.080846e+01,2.078757e+01,2.082935e+01,2.076667e+01,2.080150e+01,2.081543e+01,2.078757e+01,2.074576e+01,2.077363e+01,2.082935e+01,2.086416e+01,2.087112e+01,2.080846e+01,2.079453e+01,2.073879e+01,2.073879e+01,2.074576e+01,2.080150e+01,2.084328e+01,2.076667e+01,2.082239e+01,2.078060e+01,2.077363e+01,2.071091e+01,2.078060e+01,2.073182e+01,2.074576e+01,2.073879e+01,2.075970e+01,2.070394e+01,2.081543e+01,2.071789e+01,2.075970e+01,2.073182e+01,2.072486e+01,2.082239e+01,2.085720e+01,2.066908e+01,2.066908e+01,2.080846e+01,2.077363e+01,2.075273e+01,2.078060e+01,2.070394e+01,2.085720e+01,2.078757e+01,2.077363e+01,2.081543e+01,2.084328e+01,2.075273e+01,2.083632e+01,2.083632e+01,2.074576e+01,2.076667e+01,2.076667e+01,2.074576e+01,2.073182e+01,2.076667e+01,2.085720e+01,2.085024e+01,2.069697e+01,2.087808e+01,2.080846e+01,2.084328e+01,2.074576e+01,2.074576e+01,2.085720e+01,2.082935e+01,2.082239e+01,2.096852e+01,2.078060e+01,2.076667e+01,2.073182e+01,2.075970e+01,2.078757e+01,2.090592e+01,2.078060e+01,2.084328e+01,2.084328e+01,2.075273e+01,2.075970e+01,2.079453e+01,2.067605e+01,2.082935e+01,2.087112e+01,2.079453e+01,2.073879e+01,2.078757e+01,2.079453e+01,2.078757e+01,2.079453e+01,2.083632e+01,2.077363e+01,2.079453e+01,2.078060e+01,2.077363e+01,2.073879e+01,2.080846e+01,2.076667e+01,2.075273e+01,2.082239e+01,2.083632e+01,2.080150e+01,2.085024e+01,2.079453e+01,2.073182e+01,2.080150e+01,2.080150e+01,2.083632e+01,2.069000e+01,2.071789e+01,2.046663e+01,2.031978e+01,2.027778e+01,1.995521e+01,1.991306e+01,1.996926e+01,1.973021e+01,1.927160e+01,1.886769e+01,1.871847e+01,1.862598e+01,1.869002e+01,1.849777e+01,1.851203e+01,1.848352e+01,1.841221e+01,1.839081e+01,1.837654e+01,1.834799e+01,1.833372e+01,1.830515e+01,1.827659e+01,1.823372e+01,1.829801e+01,1.831944e+01,1.816223e+01,1.844787e+01,1.831230e+01,1.841221e+01,1.845500e+01,1.849777e+01,1.848352e+01,1.869713e+01,1.861886e+01,1.859750e+01,1.873269e+01,1.870424e+01,1.867579e+01,1.859038e+01,1.872558e+01,1.864021e+01,1.871135e+01,1.888189e+01,1.886769e+01,1.907339e+01,1.939174e+01,1.938468e+01,1.961047e+01,1.962456e+01,1.960342e+01,1.965274e+01,1.949764e+01,1.929281e+01,1.904504e+01,1.886059e+01,1.886769e+01,1.890318e+01,1.887479e+01,1.880376e+01,1.892448e+01,1.894576e+01,1.889609e+01,1.899541e+01,1.903795e+01,1.894576e+01,1.900251e+01,1.905213e+01,1.906630e+01,1.903087e+01,1.908047e+01,1.908756e+01,1.908756e+01,1.907339e+01,1.913714e+01,1.917254e+01,1.923623e+01,1.932815e+01,1.932815e+01,1.938468e+01,1.977243e+01,1.977947e+01,1.982168e+01,1.992009e+01,1.996224e+01,2.015168e+01,2.024977e+01,2.030578e+01,2.041071e+01,2.063420e+01,2.073182e+01,2.072486e+01,2.074576e+01,2.081543e+01,2.066211e+01,2.050855e+01,2.043169e+01,2.047362e+01,2.048061e+01,2.028478e+01,2.025677e+01,2.031278e+01,2.038974e+01,2.038974e+01,2.050855e+01,2.037575e+01,2.036176e+01,2.038274e+01,2.024277e+01,2.013766e+01,2.012364e+01,2.024277e+01,2.008857e+01,2.034777e+01,2.045964e+01,2.046663e+01,2.068303e+01,2.075273e+01,2.078060e+01,2.069697e+01,2.080150e+01,2.075273e+01,2.072486e+01,2.077363e+01,2.071789e+01,2.067605e+01,2.048061e+01,2.028478e+01,2.022876e+01,2.020774e+01,2.001841e+01,1.999033e+01,1.998330e+01,2.005350e+01,2.006753e+01,2.015869e+01,2.020774e+01,2.034777e+01,2.039673e+01,2.031278e+01,2.041071e+01,2.043169e+01,2.041071e+01,2.042470e+01,2.040372e+01,2.038974e+01,2.037575e+01,2.038974e+01,2.034077e+01,2.020774e+01,2.014467e+01,2.013766e+01,2.011663e+01,2.016570e+01,2.019373e+01,2.027778e+01,2.025677e+01,2.024277e+01,2.027078e+01,2.035476e+01,2.035476e+01,2.041071e+01,2.050157e+01,2.059932e+01,2.057838e+01,2.064118e+01,2.071789e+01,2.077363e+01,2.078060e+01,2.087808e+01,2.078060e+01,2.084328e+01,2.080150e+01,2.084328e+01,2.068303e+01,2.078060e+01,2.080150e+01,2.082239e+01,2.081543e+01,2.084328e+01,2.084328e+01,2.074576e+01,2.073879e+01,2.079453e+01,2.087112e+01,2.076667e+01,2.078757e+01,2.077363e+01,2.055743e+01,1.992009e+01,1.960342e+01,1.905922e+01,1.915130e+01,1.939174e+01,1.990604e+01,2.021475e+01,2.067605e+01,2.067605e+01,2.078060e+01,2.080846e+01,2.085024e+01,2.073182e+01,2.081543e+01,2.072486e+01,2.085720e+01,2.077363e+01,2.082239e+01,2.072486e+01,2.069000e+01,2.067605e+01,2.076667e+01,2.078060e+01,2.071091e+01,2.083632e+01,2.078060e+01,2.076667e+01,2.077363e+01,2.075970e+01,2.087808e+01,2.088504e+01,2.078757e+01,2.084328e+01,2.073182e+01,2.078757e+01,2.085720e+01,2.073182e+01,2.074576e+01,2.079453e+01,2.078060e+01,2.071091e+01,2.082935e+01,2.075970e+01,2.082239e+01,2.077363e+01,2.086416e+01,2.082935e+01,2.083632e+01,2.089896e+01,2.086416e+01,2.082935e+01,2.087808e+01,2.082935e+01,2.083632e+01,2.080150e+01,2.089896e+01,2.091287e+01,2.084328e+01,2.078060e+01,2.087808e+01,2.084328e+01,2.078060e+01,2.089200e+01,2.094070e+01,2.089896e+01,2.088504e+01,2.089896e+01,2.091287e+01,2.084328e+01,2.084328e+01,2.082935e+01,2.077363e+01,2.091983e+01,2.085720e+01,2.087112e+01,2.081543e+01,2.089896e+01,2.082935e+01,2.083632e+01,2.086416e+01,2.088504e+01,2.087808e+01,2.096156e+01,2.084328e+01,2.089200e+01,2.082935e+01,2.096852e+01,2.095461e+01,2.091983e+01,2.088504e+01,2.086416e+01,2.088504e+01,2.087808e+01,2.087112e+01,2.084328e+01,2.094765e+01,2.089200e+01,2.084328e+01,2.091287e+01,2.087808e+01,2.093374e+01,2.085024e+01,2.075970e+01,2.091983e+01,2.089200e+01,2.087808e+01,2.077363e+01,2.085720e+01,2.080150e+01,2.088504e+01,2.084328e+01,2.083632e+01,2.100327e+01,2.092679e+01,2.087112e+01,2.077363e+01,2.099632e+01,2.085720e+01,2.084328e+01,2.081543e+01,2.094765e+01,2.094070e+01,2.083632e+01,2.082239e+01,2.080846e+01,2.088504e+01,2.085024e+01,2.085720e+01,2.085024e+01,2.081543e+01,2.084328e+01,2.091983e+01,2.085024e+01,2.085720e+01,2.087808e+01,2.088504e+01,2.079453e+01,2.089200e+01,2.082935e+01,2.094070e+01,2.086416e+01,2.096156e+01,2.085720e+01,2.083632e+01,2.085720e+01,2.087808e+01,2.077363e+01,2.099632e+01,2.074576e+01,2.089896e+01,2.078757e+01,2.071789e+01,2.078060e+01,2.085720e+01,2.085024e+01,2.082239e+01,2.087808e+01,2.087808e+01,2.082239e+01,2.080150e+01,2.078757e+01,2.083632e+01,2.082239e+01,2.080150e+01,2.080150e+01,2.081543e+01,2.082239e+01,2.074576e+01,2.078757e+01,2.082239e+01,2.084328e+01,2.090592e+01,2.094765e+01,2.080150e+01,2.080150e+01,2.073879e+01,2.095461e+01,2.088504e+01,2.080846e+01,2.087112e+01,2.085720e+01,2.082239e+01,2.087112e+01,2.082239e+01,2.073182e+01,2.090592e+01,2.078060e+01,2.086416e+01,2.086416e+01,2.082935e+01,2.074576e+01,2.079453e+01,2.073182e+01,2.078757e+01,2.085024e+01,2.081543e+01,2.073879e+01,2.081543e+01,2.073879e+01,2.085024e+01,2.071091e+01,2.078757e+01,2.078060e+01,2.091287e+01,2.080846e+01,2.080846e+01,2.079453e+01,2.072486e+01,2.079453e+01,2.084328e+01,2.096852e+01,2.083632e+01,2.089200e+01,2.064118e+01,2.074576e+01,2.086416e+01,2.075970e+01,2.075273e+01,2.089896e+01,2.072486e+01,2.080150e+01,2.078757e+01,2.080846e+01,2.082239e+01,2.093374e+01,2.078060e+01,2.078060e+01,2.070394e+01,2.081543e+01,2.082935e+01,2.082239e+01,2.079453e+01,2.073879e+01,2.083632e+01,2.078060e+01,2.084328e+01,2.079453e+01,2.081543e+01,2.085024e+01,2.084328e+01,2.085720e+01,2.075970e+01,2.080846e+01,2.078060e+01,2.080846e+01,2.075273e+01,2.074576e+01,2.075970e+01,2.098937e+01,2.100327e+01,2.080846e+01,2.085024e+01,2.080846e+01,2.086416e+01,2.088504e+01,2.081543e+01,2.089896e+01,2.080150e+01,2.075273e+01,2.105192e+01,2.085720e+01,2.072486e+01,2.101718e+01,2.088504e+01,2.089896e+01,2.084328e+01,2.079453e+01,2.071789e+01,2.087112e+01,2.088504e+01,2.083632e+01,2.085024e+01,2.081543e+01,2.105887e+01,2.079453e+01,2.097547e+01,2.079453e+01,2.080846e+01,2.090592e+01
2.070394e+01,2.074576e+01,2.070394e+01,2.066908e+01,2.064816e+01,2.059932e+01,2.055743e+01,2.044567e+01,2.032678e+01,1.988495e+01,1.907339e+01,1.863309e+01,1.866867e+01,1.853340e+01,1.856902e+01,1.867579e+01,1.909464e+01,1.971613e+01,2.045964e+01,2.071091e+01,2.071789e+01,2.073879e+01,2.071789e+01,2.086416e+01,2.073879e+01,2.089896e+01,2.069697e+01,2.085024e+01,2.077363e+01,2.078757e+01,2.075273e+01,2.076667e+01,2.057140e+01,2.075970e+01,2.076667e+01,2.062723e+01,2.077363e+01,2.080846e+01,2.081543e+01,2.076667e+01,2.070394e+01,2.073182e+01,2.077363e+01,2.102413e+01,2.076667e+01,2.079453e+01,2.079453e+01,2.079453e+01,2.081543e+01,2.082935e+01,2.074576e+01,2.069697e+01,2.082239e+01,2.078060e+01,2.082239e+01,2.076667e+01,2.076667e+01,2.093374e+01,2.079453e+01,2.078757e+01,2.078757e+01,2.077363e+01,2.078757e+01,2.078060e+01,2.076667e+01,2.073879e+01,2.081543e+01,2.093374e+01,2.077363e+01,2.082239e+01,2.086416e+01,2.079453e+01,2.085024e+01,2.082239e+01,2.084328e+01,2.072486e+01,2.073182e+01,2.074576e+01,2.075273e+01,2.088504e+01,2.073879e+01,2.076667e+01,2.080846e+01,2.078060e+01,2.089200e+01,2.075273e+01,2.073182e+01,2.076667e+01,2.075273e+01,2.086416e+01,2.074576e+01,2.069697e+01,2.073879e+01,2.078757e+01,2.071789e+01,2.080150e+01,2.077363e+01,2.081543e+01,2.082239e+01,2.096156e+01,2.078757e+01,2.081543e+01,2.089896e+01,2.079453e+01,2.072486e+01,2.079453e+01,2.088504e+01,2.076667e+01,2.066908e+01,2.078757e+01,2.075970e+01,2.073879e+01,2.086416e+01,2.086416e+01,2.073879e+01,2.077363e+01,2.085720e+01,2.073182e+01,2.080846e+01,2.073182e+01,2.070394e+01,2.071789e+01,2.067605e+01,2.085024e+01,2.078060e+01,2.075970e+01,2.090592e+01,2.086416e+01,2.075273e+01,2.082935e+01,2.078060e+01,2.079453e+01,2.075273e+01,2.089896e+01,2.076667e+01,2.084328e+01,2.082935e+01,2.082935e+01,2.072486e+01,2.082935e+01,2.082239e+01,2.078757e+01,2.085720e+01,2.073879e+01,2.080150e+01,2.085024e+01,2.087112e+01,2.073879e+01,2.080150e+01,2.085024e+01,2.082935e+01,2.083632e+01,2.081543e+01,2.084328e+01,2.075970e+01,2.080150e+01,2.092679e+01,2.090592e+01,2.091983e+01,2.071091e+01,2.078757e+01,2.078757e+01,2.080150e+01,2.083632e+01,2.080150e+01,2.078757e+01,2.087112e+01,2.097547e+01,2.086416e+01,2.079453e+01,2.078757e+01,2.071789e+01,2.078060e+01,2.066908e+01,2.048061e+01,2.024977e+01,1.994819e+01,1.981464e+01,1.982871e+01,1.932109e+01,1.904504e+01,1.878955e+01,1.874691e+01,1.860462e+01,1.864021e+01,1.861174e+01,1.847639e+01,1.840508e+01,1.839081e+01,1.846926e+01,1.832658e+01,1.831944e+01,1.824087e+01,1.830515e+01,1.827659e+01,1.821943e+01,1.828373e+01,1.846213e+01,1.832658e+01,1.849064e+01,1.851203e+01,1.851203e+01,1.847639e+01,1.864733e+01,1.864733e+01,1.871847e+01,1.874691e+01,1.895995e+01,1.896704e+01,1.895286e+01,1.880376e+01,1.891738e+01,1.871847e+01,1.887479e+01,1.891028e+01,1.905213e+01,1.940587e+01,1.941293e+01,1.965274e+01,1.965979e+01,1.973021e+01,1.994819e+01,1.978650e+01,1.973021e+01,1.959637e+01,1.937762e+01,1.901669e+01,1.886769e+01,1.887479e+01,1.881087e+01,1.891738e+01,1.888899e+01,1.893867e+01,1.891738e+01,1.884638e+01,1.891738e+01,1.895995e+01,1.893157e+01,1.903087e+01,1.896704e+01,1.906630e+01,1.907339e+01,1.905922e+01,1.903795e+01,1.909464e+01,1.910173e+01,1.911590e+01,1.922208e+01,1.912298e+01,1.926452e+01,1.941999e+01,1.933522e+01,1.974428e+01,1.966683e+01,1.976540e+01,1.982871e+01,1.993414e+01,2.003946e+01,2.023577e+01,2.024277e+01,2.021475e+01,2.042470e+01,2.063420e+01,2.071091e+01,2.073879e+01,2.061327e+01,2.066908e+01,2.050157e+01,2.048759e+01,2.045266e+01,2.042470e+01,2.032678e+01,2.019373e+01,2.024277e+01,2.020074e+01,2.017972e+01,2.036875e+01,2.032678e+01,2.034777e+01,2.020774e+01,2.013766e+01,2.015869e+01,2.010260e+01,2.021475e+01,2.024977e+01,2.024977e+01,2.041071e+01,2.044567e+01,2.052252e+01,2.071789e+01,2.079453e+01,2.073182e+01,2.074576e+01,2.075970e+01,2.075970e+01,2.075970e+01,2.066211e+01,2.042470e+01,2.052252e+01,2.040372e+01,2.020774e+01,2.005350e+01,1.996224e+01,1.997628e+01,1.999033e+01,2.009559e+01,2.027078e+01,2.030578e+01,2.028478e+01,2.034777e+01,2.029878e+01,2.036176e+01,2.047362e+01,2.038274e+01,2.038974e+01,2.039673e+01,2.043868e+01,2.038274e+01,2.051554e+01,2.041770e+01,2.025677e+01,2.024977e+01,2.019373e+01,2.030578e+01,2.016570e+01,2.028478e+01,2.024277e+01,2.024977e+01,2.023577e+01,2.015869e+01,2.028478e+01,2.032678e+01,2.037575e+01,2.036176e+01,2.057838e+01,2.058536e+01,2.053649e+01,2.072486e+01,2.079453e+01,2.083632e+01,2.088504e+01,2.078060e+01,2.080150e+01,2.080150e+01,2.081543e+01,2.082935e+01,2.082239e+01,2.078757e+01,2.082935e+01,2.082239e+01,2.080150e+01,2.082935e+01,2.077363e+01,2.071789e+01,2.076667e+01,2.076667e+01,2.078757e+01,2.087808e+01,2.076667e+01,2.078757e+01,2.047362e+01,2.012364e+01,1.958227e+01,1.927867e+01,1.908756e+01,1.942705e+01,1.984980e+01,2.026378e+01,2.066908e+01,2.068303e+01,2.079453e+01,2.076667e+01,2.080846e+01,2.074576e+01,2.073879e+01,2.079453e+01,2.082239e+01,2.074576e+01,2.075970e+01,2.078757e+01,2.075970e+01,2.078060e+01,2.077363e+01,2.075273e+01,2.080150e+01,2.076667e+01,2.077363e+01,2.077363e+01,2.074576e+01,2.078060e+01,2.087112e+01,2.085720e+01,2.078060e+01,2.085720e+01,2.075970e+01,2.074576e+01,2.066211e+01,2.087808e+01,2.063420e+01,2.087112e+01,2.081543e+01,2.082239e+01,2.096156e+01,2.072486e+01,2.078060e+01,2.088504e+01,2.081543e+01,2.078757e+01,2.089200e+01,2.082239e+01,2.089896e+01,2.089200e+01,2.083632e+01,2.083632e+01,2.091983e+01,2.089200e+01,2.084328e+01,2.086416e+01,2.089200e+01,2.087808e+01,2.082935e+01,2.083632e+01,2.078060e+01,2.084328e+01,2.086416e+01,2.095461e+01,2.083632e+01,2.085024e+01,2.080846e+01,2.082239e+01,2.086416e+01,2.083632e+01,2.088504e+01,2.087112e+01,2.085024e+01,2.084328e+01,2.085024e+01,2.088504e+01,2.085720e+01,2.086416e+01,2.092679e+01,2.087808e+01,2.084328e+01,2.087808e+01,2.084328e+01,2.098937e+01,2.086416e+01,2.089200e+01,2.094070e+01,2.087808e+01,2.091983e+01,2.085720e+01,2.085720e+01,2.088504e+01,2.089200e+01,2.085720e+01,2.089200e+01,2.092679e+01,2.084328e+01,2.086416e+01,2.095461e+01,2.087808e+01,2.095461e+01,2.084328e+01,2.092679e+01,2.091983e+01,2.088504e+01,2.089200e+01,2.086416e+01,2.087112e+01,2.096156e+01,2.098937e+01,2.082935e+01,2.094765e+01,2.079453e+01,2.089896e+01,2.094070e+01,2.078060e+01,2.089200e+01,2.081543e+01,2.081543e+01,2.081543e+01,2.092679e+01,2.081543e+01,2.093374e+01,2.096156e+01,2.087112e+01,2.087112e+01,2.085024e+01,2.089200e+01,2.084328e+01,2.096156e+01,2.097547e+01,2.088504e+01,2.085720e+01,2.087112e+01,2.084328e+01,2.081543e+01,2.090592e+01,2.091983e+01,2.090592e+01,2.091983e+01,2.082239e+01,2.080846e+01,2.096852e+01,2.078060e+01,2.089200e+01,2.078757e+01,2.076667e+01,2.087808e+01,2.074576e+01,2.085024e+01,2.073182e+01,2.089896e+01,2.084328e+01,2.087112e+01,2.081543e+01,2.088504e+01,2.085720e+01,2.087808e+01,2.078757e+01,2.087808e+01,2.085720e+01,2.081543e+01,2.080150e+01,2.087808e+01,2.079453e+01,2.084328e+01,2.089200e+01,2.082239e+01,2.087112e+01,2.104497e+01,2.093374e+01,2.080150e+01,2.088504e+01,2.079453e+01,2.089896e+01,2.091983e+01,2.091287e+01,2.085720e+01,2.085720e+01,2.085720e+01,2.089896e+01,2.086416e+01,2.088504e+01,2.086416e+01,2.087112e+01,2.084328e+01,2.086416e+01,2.085720e+01,2.089896e+01,2.080846e+01,2.082239e+01,2.080150e+01,2.081543e+01,2.081543e+01,2.082239e+01,2.080150e+01,2.090592e+01,2.087808e+01,2.085024e+01,2.082239e+01,2.085024e+01,2.087808e+01,2.082239e+01,2.083632e+01,2.087112e+01,2.078757e+01,2.074576e+01,2.080846e+01,2.080150e+01,2.080150e+01,2.083632e+01,2.081543e+01,2.077363e+01,2.087808e+01,2.082239e+01,2.073182e+01,2.078757e+01,2.073879e+01,2.098242e+01,2.075273e+01,2.100327e+01,2.084328e+01,2.086416e+01,2.093374e+01,2.077363e+01,2.082935e+01,2.078757e+01,2.077363e+01,2.080150e+01,2.078757e+01,2.082239e+01,2.076667e+01,2.066211e+01,2.085024e+01,2.088504e+01,2.078060e+01,2.080846e+01,2.082239e+01,2.078060e+01,2.082239e+01,2.081543e+01,2.084328e+01,2.080150e+01,2.075273e+01,2.078060e+01,2.083632e+01,2.087112e+01,2.087112e+01,2.084328e+01,2.078060e+01,2.079453e+01,2.083632e+01,2.088504e+01,2.081543e+01,2.079453e+01,2.086416e+01,2.082239e+01,2.085720e+01,2.087112e+01,2.077363e+01,2.087808e+01,2.089200e+01,2.081543e+01,2.075970e+01,2.089200e+01,2.088504e+01,2.093374e+01,2.082239e+01,2.076667e+01,2.082239e+01,2.091287e+01,2.073182e+01,2.096156e+01,2.086416e+01,2.086416e+01,2.085024e+01,2.084328e+01,2.092679e+01
2.057140e+01,2.064118e+01,2.055743e+01,2.059234e+01,2.042470e+01,2.055045e+01,2.049458e+01,2.024977e+01,2.003946e+01,1.928574e+01,1.879666e+01,1.846213e+01,1.834085e+01,1.847639e+01,1.829801e+01,1.854053e+01,1.910881e+01,1.970909e+01,2.025677e+01,2.071091e+01,2.064816e+01,2.069000e+01,2.083632e+01,2.076667e+01,2.075970e+01,2.081543e+01,2.074576e+01,2.069697e+01,2.082239e+01,2.069000e+01,2.081543e+01,2.071789e+01,2.075970e+01,2.071091e+01,2.074576e+01,2.092679e+01,2.100327e+01,2.076667e+01,2.088504e+01,2.092679e+01,2.076667e+01,2.080150e+01,2.075970e+01,2.075970e+01,2.078060e+01,2.076667e+01,2.081543e+01,2.079453e+01,2.069697e+01,2.084328e+01,2.077363e+01,2.079453e+01,2.075970e+01,2.084328e+01,2.080846e+01,2.073879e+01,2.074576e+01,2.073182e+01,2.070394e+01,2.077363e+01,2.081543e+01,2.075970e+01,2.071789e+01,2.073182e+01,2.079453e+01,2.075970e+01,2.079453e+01,2.082239e+01,2.075970e+01,2.079453e+01,2.075970e+01,2.066908e+01,2.066908e+01,2.079453e+01,2.076667e+01,2.084328e+01,2.064816e+01,2.082935e+01,2.078060e+01,2.089200e+01,2.087112e+01,2.085024e+01,2.085720e+01,2.071091e+01,2.085024e+01,2.087112e+01,2.072486e+01,2.078060e+01,2.071091e+01,2.071789e+01,2.074576e+01,2.073879e+01,2.070394e+01,2.073182e+01,2.076667e+01,2.082935e+01,2.075273e+01,2.079453e+01,2.082239e+01,2.065513e+01,2.072486e+01,2.078060e+01,2.089200e+01,2.073879e+01,2.078060e+01,2.078060e+01,2.078060e+01,2.076667e+01,2.079453e+01,2.080150e+01,2.080846e+01,2.080150e+01,2.073182e+01,2.085024e+01,2.080150e+01,2.082935e+01,2.078060e+01,2.077363e+01,2.075273e+01,2.078757e+01,2.082935e+01,2.071789e+01,2.082239e+01,2.085720e+01,2.083632e+01,2.086416e+01,2.074576e+01,2.079453e+01,2.075970e+01,2.076667e+01,2.076667e+01,2.082935e+01,2.082239e+01,2.087112e+01,2.084328e+01,2.086416e+01,2.077363e+01,2.085024e+01,2.071091e+01,2.087808e+01,2.082239e+01,2.084328e+01,2.080150e+01,2.083632e+01,2.074576e+01,2.081543e+01,2.082239e+01,2.081543e+01,2.077363e+01,2.087808e+01,2.082935e+01,2.082239e+01,2.075970e+01,2.081543e+01,2.078757e+01,2.080150e+01,2.088504e+01,2.080150e+01,2.073182e+01,2.086416e+01,2.085720e+01,2.075970e+01,2.079453e+01,2.085720e+01,2.076667e+01,2.075970e+01,2.094765e+01,2.071091e+01,2.081543e+01,2.071789e+01,2.069000e+01,2.061327e+01,2.081543e+01,2.081543e+01,2.041770e+01,2.025677e+01,2.001841e+01,1.998330e+01,1.965979e+01,1.929988e+01,1.899541e+01,1.883928e+01,1.878955e+01,1.869002e+01,1.864021e+01,1.860462e+01,1.846926e+01,1.849064e+01,1.848352e+01,1.837654e+01,1.836227e+01,1.825516e+01,1.840508e+01,1.828373e+01,1.830515e+01,1.833372e+01,1.850490e+01,1.834085e+01,1.861174e+01,1.851915e+01,1.838367e+01,1.848352e+01,1.865444e+01,1.864021e+01,1.872558e+01,1.871135e+01,1.898123e+01,1.917962e+01,1.917962e+01,1.930695e+01,1.917962e+01,1.917962e+01,1.897414e+01,1.918670e+01,1.921501e+01,1.953291e+01,1.968092e+01,1.965979e+01,1.988495e+01,1.996926e+01,1.996224e+01,2.015869e+01,1.982168e+01,1.976540e+01,1.980058e+01,1.950469e+01,1.913006e+01,1.900251e+01,1.895995e+01,1.887479e+01,1.883218e+01,1.890318e+01,1.882508e+01,1.892448e+01,1.891028e+01,1.893867e+01,1.897414e+01,1.898832e+01,1.899541e+01,1.902378e+01,1.901669e+01,1.905213e+01,1.900960e+01,1.906630e+01,1.908756e+01,1.910173e+01,1.906630e+01,1.913006e+01,1.920085e+01,1.925038e+01,1.931402e+01,1.930695e+01,1.939881e+01,1.953291e+01,1.951175e+01,1.962456e+01,1.991306e+01,1.988495e+01,1.990604e+01,1.994117e+01,2.032678e+01,2.048061e+01,2.040372e+01,2.058536e+01,2.057838e+01,2.048759e+01,2.056442e+01,2.046663e+01,2.039673e+01,2.050855e+01,2.021475e+01,2.023577e+01,2.026378e+01,2.026378e+01,2.027778e+01,2.020074e+01,2.027778e+01,2.036176e+01,2.029878e+01,2.011663e+01,2.010260e+01,2.019373e+01,2.005350e+01,2.004648e+01,2.005350e+01,2.036875e+01,2.036176e+01,2.046663e+01,2.032678e+01,2.079453e+01,2.078060e+01,2.080846e+01,2.080150e+01,2.078060e+01,2.074576e+01,2.074576e+01,2.072486e+01,2.055743e+01,2.034077e+01,2.031278e+01,2.015168e+01,1.998330e+01,1.998330e+01,1.996224e+01,1.996224e+01,1.997628e+01,2.010260e+01,2.027078e+01,2.031278e+01,2.029878e+01,2.033377e+01,2.031978e+01,2.040372e+01,2.043169e+01,2.039673e+01,2.043169e+01,2.042470e+01,2.056442e+01,2.043868e+01,2.031978e+01,2.031278e+01,2.029178e+01,2.020774e+01,2.019373e+01,2.024277e+01,2.028478e+01,2.028478e+01,2.021475e+01,2.029178e+01,2.020774e+01,2.020774e+01,2.038274e+01,2.048061e+01,2.045964e+01,2.035476e+01,2.060629e+01,2.066211e+01,2.074576e+01,2.080846e+01,2.078757e+01,2.078757e+01,2.080846e+01,2.077363e+01,2.078060e+01,2.078060e+01,2.079453e+01,2.086416e+01,2.078060e+01,2.084328e+01,2.071789e+01,2.083632e+01,2.078757e+01,2.075970e+01,2.083632e+01,2.083632e+01,2.073182e+01,2.073879e+01,2.074576e+01,2.078060e+01,2.072486e+01,2.048061e+01,1.996926e+01,1.959637e+01,1.909464e+01,1.908047e+01,1.931402e+01,1.994819e+01,2.032678e+01,2.066908e+01,2.069697e+01,2.076667e+01,2.073182e+01,2.080150e+01,2.080150e+01,2.073182e+01,2.074576e+01,2.077363e+01,2.076667e+01,2.078060e+01,2.075970e+01,2.076667e+01,2.075273e+01,2.078757e+01,2.082935e+01,2.080150e+01,2.081543e+01,2.073182e+01,2.073182e+01,2.073879e+01,2.072486e+01,2.081543e+01,2.084328e+01,2.076667e+01,2.081543e+01,2.076667e+01,2.071091e+01,2.073182e+01,2.075273e+01,2.089896e+01,2.089200e+01,2.088504e+01,2.083632e+01,2.080150e+01,2.077363e+01,2.080150e+01,2.080150e+01,2.079453e+01,2.084328e+01,2.088504e+01,2.085720e+01,2.085024e+01,2.083632e+01,2.078757e+01,2.094070e+01,2.081543e+01,2.085720e+01,2.089896e+01,2.083632e+01,2.085720e+01,2.083632e+01,2.079453e+01,2.082239e+01,2.079453e+01,2.088504e+01,2.080150e+01,2.074576e+01,2.084328e+01,2.082239e+01,2.079453e+01,2.085024e+01,2.080846e+01,2.080150e+01,2.082935e+01,2.080150e+01,2.083632e+01,2.081543e+01,2.085720e+01,2.083632e+01,2.084328e+01,2.086416e+01,2.087808e+01,2.085720e+01,2.084328e+01,2.089896e+01,2.085024e+01,2.077363e+01,2.086416e+01,2.087112e+01,2.094765e+01,2.086416e+01,2.090592e+01,2.088504e+01,2.087808e+01,2.088504e+01,2.106581e+01,2.087808e+01,2.087112e+01,2.090592e+01,2.089896e+01,2.085720e+01,2.091287e+01,2.094070e+01,2.080150e+01,2.085720e+01,2.078757e+01,2.084328e+01,2.090592e+01,2.087808e+01,2.078060e+01,2.084328e+01,2.080846e+01,2.086416e+01,2.082935e+01,2.085720e+01,2.078757e+01,2.093374e+01,2.087808e+01,2.078757e+01,2.084328e+01,2.082239e+01,2.077363e+01,2.085024e+01,2.087808e+01,2.086416e+01,2.085024e+01,2.080150e+01,2.092679e+01,2.094765e+01,2.087808e+01,2.098937e+01,2.085720e+01,2.080846e+01,2.087112e+01,2.078060e+01,2.091287e+01,2.089200e+01,2.085024e+01,2.085024e+01,2.080846e+01,2.090592e+01,2.089200e+01,2.091983e+01,2.089896e+01,2.079453e+01,2.081543e+01,2.090592e+01,2.075970e+01,2.088504e+01,2.089200e+01,2.076667e+01,2.081543e+01,2.090592e+01,2.086416e+01,2.077363e+01,2.077363e+01,2.084328e+01,2.085720e+01,2.091287e+01,2.087808e+01,2.089200e+01,2.087808e+01,2.088504e+01,2.086416e+01,2.085024e+01,2.085024e+01,2.079453e+01,2.086416e+01,2.087112e+01,2.085024e+01,2.074576e+01,2.086416e+01,2.087112e+01,2.086416e+01,2.079453e+01,2.082935e+01,2.091287e+01,2.088504e+01,2.099632e+01,2.096156e+01,2.098937e+01,2.084328e+01,2.085720e+01,2.085720e+01,2.087112e+01,2.087808e+01,2.083632e+01,2.084328e+01,2.066211e+01,2.064118e+01,2.087112e+01,2.082239e+01,2.078060e+01,2.082935e+01,2.082935e+01,2.085720e+01,2.081543e+01,2.081543e+01,2.078060e+01,2.085720e+01,2.087808e+01,2.083632e+01,2.087808e+01,2.086416e+01,2.085720e+01,2.089200e+01,2.090592e+01,2.064118e+01,2.084328e+01,2.074576e+01,2.078757e+01,2.075970e+01,2.080846e+01,2.084328e+01,2.080150e+01,2.080150e+01,2.078060e+01,2.083632e+01,2.076667e+01,2.080846e+01,2.084328e+01,2.069000e+01,2.085024e+01,2.092679e+01,2.088504e+01,2.080846e+01,2.077363e+01,2.078060e+01,2.076667e+01,2.084328e+01,2.075970e+01,2.080846e+01,2.080150e+01,2.075273e+01,2.086416e+01,2.075970e+01,2.062025e+01,2.078060e+01,2.073879e+01,2.085024e+01,2.080846e+01,2.076667e+01,2.080846e+01,2.077363e+01,2.084328e+01,2.083632e+01,2.095461e+01,2.071789e+01,2.091983e+01,2.080150e+01,2.086416e+01,2.078757e+01,2.081543e+01,2.085024e+01,2.089896e+01,2.080150e+01,2.085720e+01,2.079453e+01,2.083632e+01,2.078757e+01,2.082239e+01,2.080846e+01,2.085720e+01,2.088504e+01,2.089200e+01,2.089200e+01,2.087808e+01,2.078060e+01,2.075970e+01,2.075273e+01,2.074576e+01,2.080846e+01,2.083632e+01,2.086416e+01,2.085024e+01,2.080846e+01,2.089896e+01,2.093374e+01,2.082239e+01,2.085024e+01,2.094765e+01
2.022176e+01,2.058536e+01,2.055743e+01,2.072486e+01,2.055045e+01,2.057140e+01,2.031978e+01,2.001841e+01,1.961047e+01,1.891738e+01,1.842648e+01,1.824087e+01,1.806207e+01,1.823372e+01,1.829801e+01,1.854053e+01,1.908047e+01,1.956817e+01,2.026378e+01,2.073182e+01,2.075970e+01,2.074576e+01,2.073182e+01,2.073879e+01,2.082239e+01,2.081543e+01,2.071789e+01,2.072486e+01,2.074576e+01,2.089200e+01,2.078757e+01,2.073879e+01,2.073879e+01,2.076667e+01,2.091287e+01,2.075970e+01,2.077363e+01,2.077363e+01,2.073879e+01,2.078060e+01,2.068303e+01,2.080846e+01,2.078757e+01,2.091983e+01,2.079453e+01,2.085024e+01,2.081543e+01,2.076667e+01,2.080846e+01,2.085720e+01,2.075273e+01,2.073879e+01,2.075970e+01,2.079453e+01,2.075970e+01,2.078757e+01,2.079453e+01,2.082239e+01,2.063420e+01,2.086416e+01,2.078060e+01,2.084328e+01,2.077363e+01,2.075273e+01,2.083632e+01,2.085024e+01,2.086416e+01,2.080846e+01,2.073879e+01,2.074576e+01,2.085720e+01,2.079453e+01,2.085024e+01,2.086416e+01,2.080150e+01,2.086416e+01,2.072486e+01,2.086416e+01,2.069697e+01,2.087808e+01,2.080846e+01,2.085024e+01,2.087112e+01,2.082239e+01,2.082935e+01,2.080150e+01,2.080846e+01,2.078060e+01,2.073879e+01,2.080150e+01,2.074576e+01,2.071091e+01,2.082239e+01,2.075273e+01,2.079453e+01,2.074576e+01,2.080846e+01,2.082935e+01,2.080846e+01,2.082239e+01,2.073879e+01,2.080846e+01,2.080846e+01,2.071789e+01,2.082239e+01,2.077363e+01,2.074576e+01,2.084328e+01,2.076667e+01,2.073182e+01,2.082239e+01,2.075970e+01,2.071091e+01,2.074576e+01,2.080150e+01,2.080150e+01,2.072486e+01,2.082239e+01,2.079453e+01,2.073182e+01,2.081543e+01,2.080150e+01,2.082935e+01,2.084328e+01,2.084328e+01,2.079453e+01,2.082935e+01,2.080150e+01,2.075970e+01,2.085720e+01,2.089200e+01,2.075970e+01,2.075970e+01,2.079453e+01,2.079453e+01,2.080150e+01,2.078757e+01,2.087808e+01,2.087808e+01,2.089896e+01,2.091983e+01,2.074576e+01,2.078060e+01,2.087112e+01,2.076667e+01,2.071789e+01,2.077363e+01,2.088504e+01,2.070394e+01,2.086416e+01,2.069000e+01,2.072486e+01,2.080150e+01,2.082935e+01,2.079453e+01,2.089896e+01,2.080150e+01,2.078060e+01,2.085024e+01,2.083632e+01,2.073879e+01,2.075273e+01,2.079453e+01,2.075970e+01,2.079453e+01,2.075970e+01,2.082239e+01,2.074576e+01,2.069000e+01,2.073879e+01,2.075970e+01,2.062025e+01,2.067605e+01,2.081543e+01,2.046663e+01,2.029878e+01,1.996224e+01,1.987090e+01,1.948352e+01,1.919378e+01,1.906630e+01,1.881087e+01,1.876823e+01,1.864733e+01,1.862598e+01,1.864733e+01,1.846926e+01,1.841221e+01,1.851203e+01,1.831230e+01,1.846926e+01,1.841221e+01,1.834799e+01,1.836227e+01,1.841934e+01,1.830515e+01,1.859038e+01,1.861886e+01,1.852628e+01,1.849777e+01,1.870424e+01,1.854765e+01,1.878245e+01,1.884638e+01,1.899541e+01,1.921501e+01,1.944118e+01,1.930695e+01,1.948352e+01,1.946941e+01,1.945529e+01,1.951880e+01,1.939881e+01,1.953291e+01,1.947647e+01,1.957522e+01,1.980058e+01,2.005350e+01,2.000437e+01,2.018673e+01,2.017271e+01,2.017271e+01,2.023577e+01,1.979354e+01,1.979354e+01,1.929281e+01,1.928574e+01,1.903795e+01,1.904504e+01,1.895286e+01,1.889609e+01,1.880376e+01,1.893867e+01,1.884638e+01,1.893867e+01,1.893867e+01,1.903087e+01,1.898123e+01,1.905213e+01,1.903087e+01,1.891738e+01,1.902378e+01,1.906630e+01,1.907339e+01,1.907339e+01,1.911590e+01,1.903087e+01,1.912298e+01,1.925745e+01,1.930695e+01,1.932109e+01,1.929281e+01,1.935642e+01,1.938468e+01,1.938468e+01,1.955407e+01,1.980761e+01,1.991306e+01,1.980058e+01,1.992711e+01,1.994819e+01,2.013766e+01,2.029178e+01,2.045964e+01,2.042470e+01,2.034777e+01,2.052950e+01,2.029878e+01,2.026378e+01,2.024277e+01,2.026378e+01,2.011663e+01,2.020074e+01,2.023577e+01,2.017271e+01,2.014467e+01,2.022176e+01,2.029178e+01,2.031978e+01,2.022176e+01,1.996926e+01,1.998330e+01,1.995521e+01,2.004648e+01,2.007454e+01,2.032678e+01,2.036875e+01,2.055045e+01,2.059234e+01,2.076667e+01,2.080846e+01,2.080150e+01,2.080150e+01,2.080846e+01,2.076667e+01,2.076667e+01,2.068303e+01,2.045266e+01,2.035476e+01,2.035476e+01,2.022176e+01,2.001841e+01,2.001139e+01,1.999033e+01,1.995521e+01,2.001841e+01,2.006753e+01,2.023577e+01,2.026378e+01,2.032678e+01,2.034077e+01,2.041071e+01,2.034777e+01,2.032678e+01,2.046663e+01,2.038974e+01,2.029178e+01,2.034777e+01,2.044567e+01,2.037575e+01,2.029878e+01,2.033377e+01,2.034077e+01,2.033377e+01,2.025677e+01,2.020074e+01,2.029178e+01,2.029878e+01,2.029878e+01,2.033377e+01,2.031278e+01,2.029178e+01,2.043868e+01,2.043868e+01,2.045964e+01,2.066211e+01,2.069000e+01,2.066908e+01,2.075970e+01,2.079453e+01,2.082935e+01,2.078060e+01,2.073182e+01,2.079453e+01,2.087808e+01,2.066908e+01,2.079453e+01,2.075970e+01,2.086416e+01,2.078757e+01,2.085024e+01,2.085720e+01,2.076667e+01,2.080846e+01,2.078060e+01,2.080846e+01,2.073879e+01,2.085720e+01,2.078757e+01,2.064816e+01,2.058536e+01,2.012364e+01,1.953291e+01,1.911590e+01,1.905922e+01,1.928574e+01,1.984277e+01,2.002542e+01,2.065513e+01,2.071789e+01,2.080846e+01,2.078757e+01,2.082239e+01,2.082239e+01,2.072486e+01,2.080150e+01,2.083632e+01,2.073182e+01,2.078060e+01,2.082935e+01,2.077363e+01,2.075970e+01,2.071789e+01,2.077363e+01,2.076667e+01,2.080846e+01,2.071789e+01,2.079453e+01,2.078757e+01,2.073182e+01,2.087112e+01,2.087808e+01,2.073182e+01,2.069697e+01,2.076667e+01,2.078757e+01,2.084328e+01,2.071789e+01,2.075970e+01,2.076667e+01,2.077363e+01,2.082239e+01,2.080150e+01,2.081543e+01,2.084328e+01,2.080150e+01,2.080150e+01,2.082935e+01,2.087808e+01,2.085024e+01,2.083632e+01,2.082239e+01,2.083632e+01,2.078757e+01,2.083632e+01,2.087112e+01,2.089200e+01,2.086416e+01,2.082239e+01,2.082935e+01,2.080150e+01,2.087112e+01,2.080846e+01,2.094765e+01,2.078757e+01,2.078060e+01,2.080150e+01,2.081543e+01,2.096156e+01,2.091983e+01,2.077363e+01,2.085024e+01,2.089896e+01,2.084328e+01,2.082239e+01,2.082239e+01,2.087112e+01,2.087112e+01,2.087112e+01,2.089896e+01,2.091287e+01,2.091983e+01,2.094765e+01,2.078757e+01,2.094765e+01,2.103802e+01,2.087112e+01,2.096156e+01,2.087112e+01,2.087808e+01,2.089200e+01,2.091287e+01,2.092679e+01,2.087112e+01,2.095461e+01,2.082935e+01,2.085720e+01,2.091983e+01,2.096156e+01,2.083632e+01,2.080846e+01,2.094765e+01,2.096852e+01,2.080846e+01,2.078757e+01,2.089200e+01,2.094765e+01,2.085024e+01,2.096156e+01,2.094070e+01,2.087808e+01,2.087808e+01,2.090592e+01,2.088504e+01,2.087112e+01,2.094070e+01,2.084328e+01,2.080150e+01,2.093374e+01,2.085024e+01,2.080846e+01,2.084328e+01,2.080846e+01,2.092679e+01,2.082239e+01,2.082935e+01,2.091287e+01,2.092679e+01,2.089200e+01,2.097547e+01,2.098242e+01,2.074576e+01,2.102413e+01,2.091287e+01,2.091983e+01,2.069000e+01,2.089896e+01,2.087808e+01,2.083632e+01,2.087112e+01,2.087808e+01,2.079453e+01,2.094765e+01,2.085024e+01,2.076667e+01,2.089896e+01,2.078060e+01,2.089200e+01,2.091287e+01,2.077363e+01,2.093374e+01,2.085024e+01,2.091983e+01,2.083632e+01,2.092679e+01,2.093374e+01,2.084328e+01,2.083632e+01,2.084328e+01,2.084328e+01,2.084328e+01,2.086416e+01,2.088504e+01,2.090592e+01,2.090592e+01,2.087112e+01,2.087112e+01,2.091287e+01,2.087808e+01,2.085024e+01,2.089200e+01,2.080846e+01,2.091983e+01,2.085024e+01,2.085024e+01,2.091287e+01,2.091287e+01,2.090592e+01,2.092679e+01,2.087808e+01,2.078757e+01,2.087808e+01,2.085720e+01,2.087112e+01,2.075970e+01,2.083632e+01,2.085720e+01,2.078060e+01,2.085720e+01,2.082239e+01,2.084328e+01,2.080150e+01,2.082935e+01,2.085720e+01,2.087808e+01,2.083632e+01,2.084328e+01,2.078060e+01,2.079453e+01,2.080846e+01,2.082935e+01,2.082935e+01,2.085024e+01,2.088504e+01,2.094765e+01,2.083632e+01,2.094070e+01,2.086416e+01,2.070394e+01,2.086416e+01,2.082239e+01,2.094070e+01,2.094765e+01,2.087112e+01,2.078757e+01,2.079453e+01,2.087808e+01,2.078757e+01,2.074576e+01,2.080150e+01,2.075970e+01,2.084328e+01,2.083632e+01,2.087112e+01,2.073879e+01,2.077363e+01,2.073182e+01,2.092679e+01,2.082935e+01,2.069697e+01,2.071789e+01,2.076667e+01,2.080150e+01,2.082935e+01,2.087112e+01,2.075970e+01,2.085024e+01,2.094070e+01,2.088504e+01,2.056442e+01,2.078757e+01,2.078757e+01,2.080846e+01,2.082239e+01,2.078060e+01,2.082239e+01,2.080846e+01,2.095461e+01,2.100327e+01,2.075273e+01,2.082239e+01,2.080150e+01,2.080150e+01,2.085720e+01,2.082239e+01,2.080150e+01,2.080150e+01,2.080846e+01,2.082935e+01,2.089200e+01,2.084328e+01,2.091287e+01,2.107971e+01,2.076667e+01,2.075970e+01,2.087112e+01,2.087808e+01,2.092679e+01,2.081543e+01,2.081543e+01,2.076667e+01,2.090592e+01,2.078757e+01,2.080150e+01,2.083632e+01,2.085720e+01,2.077363e+01,2.089200e+01,2.088504e+01,2.069000e+01
1.960342e+01,1.975836e+01,2.006753e+01,2.041770e+01,2.037575e+01,2.020074e+01,1.997628e+01,1.931402e+01,1.891028e+01,1.853340e+01,1.817653e+01,1.802627e+01,1.808354e+01,1.826230e+01,1.832658e+01,1.833372e+01,1.901669e+01,1.965979e+01,2.027078e+01,2.080846e+01,2.079453e+01,2.073879e+01,2.079453e+01,2.075970e+01,2.087112e+01,2.078757e+01,2.089200e+01,2.075273e+01,2.082935e+01,2.075970e+01,2.078757e+01,2.075970e+01,2.072486e+01,2.071789e+01,2.078757e+01,2.087808e+01,2.076667e+01,2.081543e+01,2.076667e+01,2.080150e+01,2.088504e+01,2.080150e+01,2.082239e+01,2.083632e+01,2.057838e+01,2.059932e+01,2.075970e+01,2.080150e+01,2.079453e+01,2.068303e+01,2.075273e+01,2.082239e+01,2.078757e+01,2.082239e+01,2.087808e+01,2.081543e+01,2.076667e+01,2.083632e+01,2.080846e+01,2.086416e+01,2.077363e+01,2.074576e+01,2.083632e+01,2.082935e+01,2.085720e+01,2.088504e+01,2.081543e+01,2.090592e+01,2.062025e+01,2.082935e+01,2.075970e+01,2.087808e+01,2.087112e+01,2.079453e+01,2.068303e+01,2.085720e+01,2.076667e+01,2.075273e+01,2.081543e+01,2.081543e+01,2.081543e+01,2.073879e+01,2.085720e+01,2.066908e+01,2.081543e+01,2.077363e+01,2.082239e+01,2.092679e+01,2.071789e+01,2.076667e+01,2.080150e+01,2.077363e+01,2.079453e+01,2.077363e+01,2.081543e+01,2.081543e+01,2.085720e+01,2.071091e+01,2.075970e+01,2.076667e+01,2.074576e+01,2.078757e+01,2.076667e+01,2.076667e+01,2.080846e+01,2.078757e+01,2.084328e+01,2.077363e+01,2.064816e+01,2.091287e+01,2.082935e+01,2.083632e+01,2.074576e+01,2.072486e+01,2.073879e+01,2.084328e+01,2.080846e+01,2.075970e+01,2.088504e+01,2.081543e+01,2.075970e+01,2.076667e+01,2.085720e+01,2.084328e+01,2.087808e+01,2.080846e+01,2.081543e+01,2.082935e+01,2.080150e+01,2.078757e+01,2.085024e+01,2.080150e+01,2.078060e+01,2.079453e+01,2.086416e+01,2.082935e+01,2.087112e+01,2.086416e+01,2.086416e+01,2.083632e+01,2.087112e+01,2.087808e+01,2.087112e+01,2.080846e+01,2.085024e+01,2.083632e+01,2.080150e+01,2.082239e+01,2.077363e+01,2.082239e+01,2.091983e+01,2.087808e+01,2.082239e+01,2.082935e+01,2.079453e+01,2.076667e+01,2.081543e+01,2.082239e+01,2.083632e+01,2.078757e+01,2.078060e+01,2.089200e+01,2.079453e+01,2.076667e+01,2.106581e+01,2.081543e+01,2.077363e+01,2.094765e+01,2.078757e+01,2.074576e+01,2.080846e+01,2.069000e+01,2.078060e+01,2.081543e+01,2.062025e+01,2.021475e+01,2.003244e+01,1.952586e+01,1.947647e+01,1.908756e+01,1.894576e+01,1.890318e+01,1.866156e+01,1.867579e+01,1.867579e+01,1.859750e+01,1.857614e+01,1.849064e+01,1.846213e+01,1.841934e+01,1.851915e+01,1.837654e+01,1.858326e+01,1.842648e+01,1.850490e+01,1.833372e+01,1.859750e+01,1.863309e+01,1.864021e+01,1.866156e+01,1.884638e+01,1.901669e+01,1.900960e+01,1.903087e+01,1.949764e+01,1.948352e+01,1.955407e+01,1.977243e+01,1.984980e+01,1.984277e+01,2.006753e+01,1.965274e+01,1.975836e+01,1.958932e+01,1.986386e+01,1.990604e+01,2.023577e+01,2.024977e+01,2.040372e+01,2.035476e+01,2.031978e+01,2.022876e+01,2.022176e+01,2.003244e+01,1.997628e+01,1.953291e+01,1.954701e+01,1.904504e+01,1.904504e+01,1.902378e+01,1.903087e+01,1.893157e+01,1.899541e+01,1.892448e+01,1.898123e+01,1.895286e+01,1.900251e+01,1.904504e+01,1.900960e+01,1.900960e+01,1.901669e+01,1.905213e+01,1.901669e+01,1.908047e+01,1.905213e+01,1.902378e+01,1.910173e+01,1.909464e+01,1.920793e+01,1.922916e+01,1.927867e+01,1.926452e+01,1.933522e+01,1.936349e+01,1.936349e+01,1.959637e+01,1.977243e+01,1.963865e+01,1.968796e+01,1.980761e+01,1.989198e+01,2.010961e+01,2.014467e+01,2.022876e+01,2.027778e+01,2.028478e+01,2.029878e+01,2.025677e+01,2.027078e+01,2.019373e+01,2.020774e+01,2.006753e+01,2.006753e+01,2.009559e+01,2.015869e+01,2.015168e+01,2.015168e+01,2.016570e+01,2.014467e+01,2.024277e+01,1.999033e+01,1.995521e+01,1.994819e+01,2.001139e+01,2.004648e+01,2.026378e+01,2.032678e+01,2.037575e+01,2.052252e+01,2.073182e+01,2.077363e+01,2.073879e+01,2.079453e+01,2.082239e+01,2.077363e+01,2.073182e+01,2.062025e+01,2.041071e+01,2.036176e+01,2.038974e+01,2.029178e+01,1.999033e+01,1.999033e+01,1.987090e+01,1.996224e+01,1.996926e+01,2.012364e+01,2.022876e+01,2.009559e+01,2.029178e+01,2.031278e+01,2.041071e+01,2.039673e+01,2.043169e+01,2.037575e+01,2.036875e+01,2.043868e+01,2.037575e+01,2.043868e+01,2.034077e+01,2.029878e+01,2.034777e+01,2.034077e+01,2.027078e+01,2.031978e+01,2.027078e+01,2.025677e+01,2.035476e+01,2.028478e+01,2.025677e+01,2.038274e+01,2.036176e+01,2.046663e+01,2.059932e+01,2.052252e+01,2.066211e+01,2.069697e+01,2.071091e+01,2.082239e+01,2.077363e+01,2.071789e+01,2.076667e+01,2.073879e+01,2.078060e+01,2.079453e+01,2.074576e+01,2.073879e+01,2.085024e+01,2.075970e+01,2.086416e+01,2.079453e+01,2.085720e+01,2.084328e+01,2.080846e+01,2.082239e+01,2.087808e+01,2.075273e+01,2.076667e+01,2.087112e+01,2.078757e+01,2.059932e+01,1.997628e+01,1.958227e+01,1.905922e+01,1.907339e+01,1.925038e+01,1.982168e+01,2.026378e+01,2.069697e+01,2.067605e+01,2.073879e+01,2.077363e+01,2.084328e+01,2.080846e+01,2.082935e+01,2.081543e+01,2.079453e+01,2.071091e+01,2.072486e+01,2.075273e+01,2.073182e+01,2.071789e+01,2.080846e+01,2.073182e+01,2.080150e+01,2.085720e+01,2.085720e+01,2.079453e+01,2.058536e+01,2.084328e+01,2.079453e+01,2.081543e+01,2.080846e+01,2.078060e+01,2.076667e+01,2.076667e+01,2.080846e+01,2.082935e+01,2.089896e+01,2.082935e+01,2.080846e+01,2.094070e+01,2.085720e+01,2.082239e+01,2.078060e+01,2.076667e+01,2.075273e+01,2.082239e+01,2.086416e+01,2.085720e+01,2.079453e+01,2.080150e+01,2.082935e+01,2.082239e+01,2.082239e+01,2.088504e+01,2.083632e+01,2.078757e+01,2.087112e+01,2.081543e+01,2.080150e+01,2.078060e+01,2.082239e+01,2.082935e+01,2.075970e+01,2.084328e+01,2.094070e+01,2.089896e+01,2.085024e+01,2.081543e+01,2.078060e+01,2.077363e+01,2.084328e+01,2.085024e+01,2.085720e+01,2.078060e+01,2.082935e+01,2.085024e+01,2.085720e+01,2.088504e+01,2.089896e+01,2.094765e+01,2.096156e+01,2.092679e+01,2.091983e+01,2.083632e+01,2.100327e+01,2.095461e+01,2.098242e+01,2.087808e+01,2.103107e+01,2.089200e+01,2.082239e+01,2.091983e+01,2.084328e+01,2.089896e+01,2.087112e+01,2.097547e+01,2.091983e+01,2.094765e+01,2.094765e+01,2.093374e+01,2.097547e+01,2.087808e+01,2.091983e+01,2.085720e+01,2.096852e+01,2.097547e+01,2.099632e+01,2.085720e+01,2.107276e+01,2.088504e+01,2.083632e+01,2.088504e+01,2.087808e+01,2.080846e+01,2.071091e+01,2.089896e+01,2.086416e+01,2.089200e+01,2.072486e+01,2.098242e+01,2.089896e+01,2.090592e+01,2.091983e+01,2.086416e+01,2.091287e+01,2.091983e+01,2.089200e+01,2.080846e+01,2.087112e+01,2.085024e+01,2.094070e+01,2.072486e+01,2.075970e+01,2.070394e+01,2.089200e+01,2.085024e+01,2.085720e+01,2.091287e+01,2.090592e+01,2.087112e+01,2.087112e+01,2.077363e+01,2.078757e+01,2.089896e+01,2.078757e+01,2.078757e+01,2.101718e+01,2.094070e+01,2.093374e+01,2.091983e+01,2.094765e+01,2.074576e+01,2.083632e+01,2.080846e+01,2.082935e+01,2.085024e+01,2.085720e+01,2.094765e+01,2.087808e+01,2.090592e+01,2.087112e+01,2.082239e+01,2.087112e+01,2.089200e+01,2.090592e+01,2.087808e+01,2.085720e+01,2.094765e+01,2.089896e+01,2.080150e+01,2.096852e+01,2.095461e+01,2.085024e+01,2.087112e+01,2.085024e+01,2.093374e+01,2.083632e+01,2.087112e+01,2.080846e+01,2.089896e+01,2.083632e+01,2.088504e+01,2.086416e+01,2.091287e+01,2.081543e+01,2.084328e+01,2.083632e+01,2.081543e+01,2.087112e+01,2.071091e+01,2.091287e+01,2.085024e+01,2.085720e+01,2.085024e+01,2.085720e+01,2.085720e+01,2.088504e+01,2.083632e+01,2.086416e+01,2.093374e+01,2.082935e+01,2.082935e+01,2.085024e+01,2.082935e+01,2.084328e+01,2.068303e+01,2.082935e+01,2.076667e+01,2.083632e+01,2.085024e+01,2.091983e+01,2.080846e+01,2.082935e+01,2.078060e+01,2.072486e+01,2.076667e+01,2.082239e+01,2.083632e+01,2.080150e+01,2.087808e+01,2.078757e+01,2.084328e+01,2.085024e+01,2.071789e+01,2.070394e+01,2.071789e+01,2.083632e+01,2.087112e+01,2.074576e+01,2.075273e+01,2.080150e+01,2.089896e+01,2.088504e+01,2.083632e+01,2.089200e+01,2.092679e+01,2.075970e+01,2.085024e+01,2.091983e+01,2.085720e+01,2.085720e+01,2.078757e+01,2.082935e+01,2.102413e+01,2.077363e+01,2.078060e+01,2.096852e+01,2.096852e+01,2.086416e+01,2.086416e+01,2.069000e+01,2.084328e+01,2.077363e+01,2.081543e+01,2.085024e+01,2.082239e+01,2.083632e+01,2.080846e+01,2.080150e+01,2.085720e+01,2.085024e+01,2.090592e+01,2.073879e+01,2.091983e+01,2.084328e+01,2.090592e+01,2.085024e+01,2.078060e+01,2.089200e+01,2.081543e+01,2.091983e+01,2.076667e+01,2.084328e+01,2.071091e+01,2.082239e+01,2.077363e+01,2.092679e+01,2.069000e+01
1.913006e+01,1.945529e+01,1.938468e+01,1.964570e+01,1.976540e+01,1.936349e+01,1.895995e+01,1.878245e+01,1.866156e+01,1.818369e+01,1.789728e+01,1.805490e+01,1.824801e+01,1.829801e+01,1.829801e+01,1.844074e+01,1.900960e+01,1.952586e+01,2.025677e+01,2.068303e+01,2.075970e+01,2.080846e+01,2.080846e+01,2.079453e+01,2.075273e+01,2.080150e+01,2.075970e+01,2.088504e+01,2.082239e+01,2.080846e+01,2.072486e+01,2.087808e+01,2.070394e+01,2.092679e+01,2.073182e+01,2.089200e+01,2.087808e+01,2.080150e+01,2.076667e+01,2.077363e+01,2.079453e+01,2.077363e+01,2.073879e+01,2.069000e+01,2.069000e+01,2.087808e+01,2.068303e+01,2.084328e+01,2.085024e+01,2.085024e+01,2.082239e+01,2.073879e+01,2.068303e+01,2.078060e+01,2.083632e+01,2.082935e+01,2.083632e+01,2.082935e+01,2.080150e+01,2.074576e+01,2.075970e+01,2.080150e+01,2.085024e+01,2.083632e+01,2.082239e+01,2.082935e+01,2.077363e+01,2.082239e+01,2.081543e+01,2.073879e+01,2.072486e+01,2.081543e+01,2.090592e+01,2.078060e+01,2.077363e+01,2.078757e+01,2.068303e+01,2.085024e+01,2.082935e+01,2.080846e+01,2.080150e+01,2.081543e+01,2.085024e+01,2.080150e+01,2.082239e+01,2.072486e+01,2.075273e+01,2.077363e+01,2.077363e+01,2.071789e+01,2.075273e+01,2.080150e+01,2.073182e+01,2.078757e+01,2.077363e+01,2.085720e+01,2.075970e+01,2.078757e+01,2.082935e+01,2.083632e+01,2.079453e+01,2.079453e+01,2.082935e+01,2.078757e+01,2.079453e+01,2.079453e+01,2.080150e+01,2.085024e+01,2.079453e+01,2.075273e+01,2.080150e+01,2.075970e+01,2.071091e+01,2.077363e+01,2.075273e+01,2.073879e+01,2.075273e+01,2.082239e+01,2.082239e+01,2.078757e+01,2.082239e+01,2.073182e+01,2.073879e+01,2.088504e+01,2.087112e+01,2.087112e+01,2.081543e+01,2.080150e+01,2.073182e+01,2.090592e+01,2.082935e+01,2.075273e+01,2.082935e+01,2.073182e+01,2.076667e+01,2.089200e+01,2.076667e+01,2.076667e+01,2.073879e+01,2.088504e+01,2.084328e+01,2.075970e+01,2.083632e+01,2.073879e+01,2.084328e+01,2.075970e+01,2.086416e+01,2.082239e+01,2.081543e+01,2.076667e+01,2.085720e+01,2.078757e+01,2.080846e+01,2.081543e+01,2.085024e+01,2.080846e+01,2.082239e+01,2.080846e+01,2.087112e+01,2.079453e+01,2.075970e+01,2.087112e+01,2.076667e+01,2.075273e+01,2.083632e+01,2.082239e+01,2.073879e+01,2.074576e+01,2.075273e+01,2.075970e+01,2.078060e+01,2.078060e+01,2.066211e+01,2.080846e+01,2.061327e+01,2.023577e+01,1.989198e+01,1.970205e+01,1.918670e+01,1.915130e+01,1.893157e+01,1.883218e+01,1.877534e+01,1.862598e+01,1.861886e+01,1.859038e+01,1.855477e+01,1.855477e+01,1.841221e+01,1.844787e+01,1.843361e+01,1.847639e+01,1.858326e+01,1.859038e+01,1.860462e+01,1.846213e+01,1.871135e+01,1.865444e+01,1.877534e+01,1.896704e+01,1.902378e+01,1.916546e+01,1.933522e+01,1.966683e+01,1.952586e+01,1.983574e+01,2.001139e+01,2.003946e+01,2.009559e+01,2.031278e+01,2.030578e+01,2.012364e+01,2.017972e+01,2.019373e+01,2.017271e+01,2.018673e+01,2.047362e+01,2.051554e+01,2.070394e+01,2.068303e+01,2.035476e+01,2.031278e+01,2.026378e+01,2.020074e+01,1.982871e+01,1.973725e+01,1.955407e+01,1.929281e+01,1.902378e+01,1.902378e+01,1.878245e+01,1.884638e+01,1.894576e+01,1.893867e+01,1.896704e+01,1.895995e+01,1.898832e+01,1.898123e+01,1.900251e+01,1.900960e+01,1.910173e+01,1.901669e+01,1.910173e+01,1.899541e+01,1.916546e+01,1.910881e+01,1.910173e+01,1.913714e+01,1.912298e+01,1.925038e+01,1.926452e+01,1.921501e+01,1.935642e+01,1.934936e+01,1.929988e+01,1.939881e+01,1.940587e+01,1.956112e+01,1.965274e+01,1.978650e+01,1.987090e+01,1.984980e+01,1.989901e+01,2.010961e+01,2.010961e+01,2.013065e+01,2.027778e+01,2.031978e+01,2.012364e+01,2.008857e+01,2.005350e+01,2.020774e+01,2.006051e+01,1.999033e+01,2.010260e+01,2.008857e+01,2.010961e+01,2.012364e+01,2.017972e+01,2.017972e+01,2.002542e+01,1.999033e+01,2.001139e+01,1.999033e+01,2.003946e+01,2.019373e+01,2.037575e+01,2.059234e+01,2.066211e+01,2.073879e+01,2.077363e+01,2.075273e+01,2.076667e+01,2.082935e+01,2.072486e+01,2.078757e+01,2.064118e+01,2.066211e+01,2.039673e+01,2.030578e+01,2.006753e+01,2.007454e+01,1.978650e+01,1.977947e+01,1.999033e+01,2.002542e+01,1.996926e+01,2.010961e+01,2.015869e+01,2.026378e+01,2.034777e+01,2.038274e+01,2.038974e+01,2.042470e+01,2.042470e+01,2.038974e+01,2.031978e+01,2.045266e+01,2.038974e+01,2.036875e+01,2.036176e+01,2.036176e+01,2.045266e+01,2.036176e+01,2.034077e+01,2.034777e+01,2.028478e+01,2.031978e+01,2.029878e+01,2.034077e+01,2.038974e+01,2.057838e+01,2.047362e+01,2.061327e+01,2.062025e+01,2.067605e+01,2.065513e+01,2.074576e+01,2.071091e+01,2.075273e+01,2.077363e+01,2.081543e+01,2.078060e+01,2.078757e+01,2.075273e+01,2.075970e+01,2.089896e+01,2.084328e+01,2.076667e+01,2.086416e+01,2.080846e+01,2.086416e+01,2.082239e+01,2.081543e+01,2.082239e+01,2.084328e+01,2.073182e+01,2.076667e+01,2.078757e+01,2.062025e+01,2.060629e+01,1.996926e+01,1.947647e+01,1.913714e+01,1.911590e+01,1.932109e+01,1.982871e+01,2.017271e+01,2.052950e+01,2.076667e+01,2.082239e+01,2.073879e+01,2.082935e+01,2.075273e+01,2.066908e+01,2.078757e+01,2.075970e+01,2.073879e+01,2.075970e+01,2.080846e+01,2.075970e+01,2.075970e+01,2.085024e+01,2.089200e+01,2.089896e+01,2.087808e+01,2.071091e+01,2.075273e+01,2.075970e+01,2.076667e+01,2.074576e+01,2.090592e+01,2.080150e+01,2.080150e+01,2.076667e+01,2.075273e+01,2.079453e+01,2.073879e+01,2.081543e+01,2.091983e+01,2.078060e+01,2.085720e+01,2.080150e+01,2.079453e+01,2.078060e+01,2.078060e+01,2.074576e+01,2.087112e+01,2.084328e+01,2.083632e+01,2.084328e+01,2.078757e+01,2.078757e+01,2.086416e+01,2.078757e+01,2.087112e+01,2.080846e+01,2.085024e+01,2.089200e+01,2.084328e+01,2.079453e+01,2.081543e+01,2.091983e+01,2.078757e+01,2.078757e+01,2.084328e+01,2.078060e+01,2.078757e+01,2.080150e+01,2.079453e+01,2.078757e+01,2.082935e+01,2.081543e+01,2.087112e+01,2.076667e+01,2.086416e+01,2.087112e+01,2.079453e+01,2.091287e+01,2.090592e+01,2.091287e+01,2.089200e+01,2.092679e+01,2.094765e+01,2.074576e+01,2.085024e+01,2.087808e+01,2.085024e+01,2.096156e+01,2.087112e+01,2.089200e+01,2.091983e+01,2.098242e+01,2.087808e+01,2.082935e+01,2.091983e+01,2.088504e+01,2.098937e+01,2.075273e+01,2.096852e+01,2.094070e+01,2.085720e+01,2.093374e+01,2.094070e+01,2.087808e+01,2.089200e+01,2.080846e+01,2.090592e+01,2.087112e+01,2.090592e+01,2.087112e+01,2.087808e+01,2.085024e+01,2.085720e+01,2.085720e+01,2.083632e+01,2.084328e+01,2.087112e+01,2.085720e+01,2.086416e+01,2.083632e+01,2.086416e+01,2.073879e+01,2.083632e+01,2.077363e+01,2.091983e+01,2.089896e+01,2.090592e+01,2.091287e+01,2.086416e+01,2.079453e+01,2.089200e+01,2.096156e+01,2.083632e+01,2.085720e+01,2.081543e+01,2.069000e+01,2.090592e+01,2.094070e+01,2.091983e+01,2.085720e+01,2.083632e+01,2.086416e+01,2.083632e+01,2.088504e+01,2.086416e+01,2.088504e+01,2.075970e+01,2.082239e+01,2.089200e+01,2.086416e+01,2.091983e+01,2.092679e+01,2.096156e+01,2.076667e+01,2.084328e+01,2.082935e+01,2.082935e+01,2.078757e+01,2.082935e+01,2.082239e+01,2.082239e+01,2.082935e+01,2.082239e+01,2.084328e+01,2.084328e+01,2.089896e+01,2.079453e+01,2.087808e+01,2.089200e+01,2.085720e+01,2.087808e+01,2.099632e+01,2.087112e+01,2.085720e+01,2.085720e+01,2.094070e+01,2.087808e+01,2.088504e+01,2.091983e+01,2.080150e+01,2.076667e+01,2.084328e+01,2.086416e+01,2.087808e+01,2.085024e+01,2.085720e+01,2.083632e+01,2.091287e+01,2.087808e+01,2.071789e+01,2.088504e+01,2.084328e+01,2.094765e+01,2.087808e+01,2.088504e+01,2.087808e+01,2.085720e+01,2.087808e+01,2.084328e+01,2.085024e+01,2.087112e+01,2.094070e+01,2.088504e+01,2.078060e+01,2.079453e+01,2.088504e+01,2.096852e+01,2.086416e+01,2.070394e+01,2.075273e+01,2.082239e+01,2.080150e+01,2.078757e+01,2.089896e+01,2.080150e+01,2.089896e+01,2.089200e+01,2.086416e+01,2.087808e+01,2.074576e+01,2.087112e+01,2.078757e+01,2.086416e+01,2.082239e+01,2.081543e+01,2.073182e+01,2.089896e+01,2.081543e+01,2.077363e+01,2.086416e+01,2.073879e+01,2.073879e+01,2.080150e+01,2.078757e+01,2.080846e+01,2.078060e+01,2.080846e+01,2.084328e+01,2.080150e+01,2.085024e+01,2.080846e+01,2.083632e+01,2.083632e+01,2.078060e+01,2.080846e+01,2.080846e+01,2.082239e+01,2.086416e+01,2.085024e+01,2.078060e+01,2.078757e+01,2.078060e+01,2.073879e+01,2.083632e+01,2.081543e+01,2.083632e+01,2.085720e+01,2.078757e+01,2.085720e+01,2.085024e+01,2.070394e+01,2.086416e+01,2.087112e+01,2.089896e+01,2.085720e+01,2.088504e+01,2.089896e+01,2.084328e+01,2.088504e+01,2.084328e+01,2.083632e+01,2.078757e+01,2.089200e+01,2.066211e+01,2.080846e+01,2.088504e+01,2.087808e+01,2.082239e+01,2.079453e+01
1.915838e+01,1.905213e+01,1.867579e+01,1.866156e+01,1.868290e+01,1.864021e+01,1.859038e+01,1.858326e+01,1.818369e+01,1.799045e+01,1.787577e+01,1.794029e+01,1.791879e+01,1.822657e+01,1.821228e+01,1.832658e+01,1.886059e+01,1.963161e+01,2.024277e+01,2.075273e+01,2.081543e+01,2.075273e+01,2.075273e+01,2.076667e+01,2.072486e+01,2.078060e+01,2.089200e+01,2.085720e+01,2.080150e+01,2.069697e+01,2.076667e+01,2.072486e+01,2.082239e+01,2.088504e+01,2.070394e+01,2.069697e+01,2.085720e+01,2.085720e+01,2.080150e+01,2.078757e+01,2.081543e+01,2.078060e+01,2.073879e+01,2.073879e+01,2.077363e+01,2.084328e+01,2.067605e+01,2.084328e+01,2.084328e+01,2.081543e+01,2.070394e+01,2.080150e+01,2.086416e+01,2.080150e+01,2.080150e+01,2.081543e+01,2.069000e+01,2.082239e+01,2.081543e+01,2.079453e+01,2.086416e+01,2.081543e+01,2.088504e+01,2.084328e+01,2.084328e+01,2.073879e+01,2.082935e+01,2.082239e+01,2.085024e+01,2.076667e+01,2.070394e+01,2.081543e+01,2.075970e+01,2.082239e+01,2.078757e+01,2.085720e+01,2.081543e+01,2.080846e+01,2.072486e+01,2.085720e+01,2.080150e+01,2.073182e+01,2.089200e+01,2.089896e+01,2.087808e+01,2.073879e+01,2.085720e+01,2.078757e+01,2.074576e+01,2.080150e+01,2.082239e+01,2.067605e+01,2.075970e+01,2.079453e+01,2.078060e+01,2.085024e+01,2.081543e+01,2.082239e+01,2.083632e+01,2.080846e+01,2.080846e+01,2.083632e+01,2.078060e+01,2.079453e+01,2.075273e+01,2.081543e+01,2.070394e+01,2.083632e+01,2.083632e+01,2.071789e+01,2.085720e+01,2.075970e+01,2.080846e+01,2.083632e+01,2.080150e+01,2.090592e+01,2.091287e+01,2.072486e+01,2.078060e+01,2.080150e+01,2.074576e+01,2.075970e+01,2.081543e+01,2.084328e+01,2.070394e+01,2.085024e+01,2.077363e+01,2.084328e+01,2.089200e+01,2.077363e+01,2.085024e+01,2.073182e+01,2.074576e+01,2.077363e+01,2.086416e+01,2.074576e+01,2.087112e+01,2.080150e+01,2.087112e+01,2.080150e+01,2.082935e+01,2.077363e+01,2.077363e+01,2.079453e+01,2.080846e+01,2.085024e+01,2.085024e+01,2.072486e+01,2.075970e+01,2.080150e+01,2.075273e+01,2.083632e+01,2.086416e+01,2.081543e+01,2.080150e+01,2.079453e+01,2.078060e+01,2.082239e+01,2.083632e+01,2.087808e+01,2.091287e+01,2.078060e+01,2.078060e+01,2.080150e+01,2.083632e+01,2.081543e+01,2.078060e+01,2.079453e+01,2.082239e+01,2.075970e+01,2.080150e+01,2.078757e+01,2.063420e+01,2.072486e+01,2.041071e+01,2.020774e+01,1.989198e+01,1.972317e+01,1.919378e+01,1.910881e+01,1.910173e+01,1.883218e+01,1.882508e+01,1.889609e+01,1.883218e+01,1.871135e+01,1.862598e+01,1.854765e+01,1.846213e+01,1.875401e+01,1.845500e+01,1.836227e+01,1.864021e+01,1.869713e+01,1.861886e+01,1.869713e+01,1.873269e+01,1.896704e+01,1.895995e+01,1.924331e+01,1.944823e+01,1.959637e+01,1.975132e+01,1.981464e+01,1.991306e+01,2.020774e+01,2.029878e+01,2.016570e+01,2.034077e+01,2.047362e+01,2.041770e+01,2.024977e+01,2.022176e+01,2.043169e+01,2.043169e+01,2.048759e+01,2.078757e+01,2.072486e+01,2.064118e+01,2.067605e+01,2.038274e+01,2.035476e+01,2.002542e+01,2.003244e+01,1.982871e+01,1.977243e+01,1.952586e+01,1.942705e+01,1.905213e+01,1.899541e+01,1.891738e+01,1.895995e+01,1.896704e+01,1.898123e+01,1.898832e+01,1.893157e+01,1.900960e+01,1.898123e+01,1.898832e+01,1.905213e+01,1.908047e+01,1.905213e+01,1.920085e+01,1.915838e+01,1.911590e+01,1.905213e+01,1.909464e+01,1.921501e+01,1.913714e+01,1.917254e+01,1.918670e+01,1.929281e+01,1.922916e+01,1.934936e+01,1.934229e+01,1.933522e+01,1.934229e+01,1.936349e+01,1.945529e+01,1.976540e+01,1.974428e+01,1.974428e+01,1.995521e+01,2.005350e+01,2.024277e+01,2.008156e+01,2.026378e+01,2.011663e+01,1.989901e+01,1.999033e+01,2.001841e+01,2.006051e+01,2.007454e+01,2.006051e+01,2.001841e+01,2.011663e+01,2.004648e+01,2.015168e+01,2.017271e+01,2.013766e+01,2.015869e+01,1.997628e+01,2.004648e+01,1.990604e+01,2.008156e+01,2.008857e+01,2.034077e+01,2.048061e+01,2.050157e+01,2.075273e+01,2.075273e+01,2.073182e+01,2.081543e+01,2.078757e+01,2.071789e+01,2.062723e+01,2.070394e+01,2.055743e+01,2.050855e+01,2.034777e+01,2.029878e+01,2.018673e+01,1.987090e+01,1.974428e+01,1.986386e+01,1.999735e+01,2.005350e+01,2.001139e+01,2.003946e+01,2.024277e+01,2.029878e+01,2.036176e+01,2.038274e+01,2.036875e+01,2.038274e+01,2.036176e+01,2.039673e+01,2.043169e+01,2.048759e+01,2.041770e+01,2.032678e+01,2.041770e+01,2.036875e+01,2.029878e+01,2.046663e+01,2.033377e+01,2.041770e+01,2.029178e+01,2.040372e+01,2.041071e+01,2.039673e+01,2.051554e+01,2.055743e+01,2.061327e+01,2.064816e+01,2.074576e+01,2.061327e+01,2.078757e+01,2.080150e+01,2.078060e+01,2.079453e+01,2.076667e+01,2.082935e+01,2.077363e+01,2.082239e+01,2.096852e+01,2.086416e+01,2.075273e+01,2.073182e+01,2.078060e+01,2.083632e+01,2.078757e+01,2.082935e+01,2.087808e+01,2.075970e+01,2.080846e+01,2.071789e+01,2.077363e+01,2.064118e+01,2.061327e+01,2.063420e+01,1.995521e+01,1.967388e+01,1.913714e+01,1.920085e+01,1.931402e+01,1.983574e+01,2.006753e+01,2.054347e+01,2.078060e+01,2.078757e+01,2.076667e+01,2.080846e+01,2.069000e+01,2.069697e+01,2.076667e+01,2.083632e+01,2.082935e+01,2.082935e+01,2.073182e+01,2.082935e+01,2.071091e+01,2.072486e+01,2.077363e+01,2.090592e+01,2.071789e+01,2.082239e+01,2.071091e+01,2.081543e+01,2.081543e+01,2.078060e+01,2.069697e+01,2.079453e+01,2.078060e+01,2.072486e+01,2.074576e+01,2.080846e+01,2.077363e+01,2.071091e+01,2.079453e+01,2.052950e+01,2.081543e+01,2.080846e+01,2.076667e+01,2.080846e+01,2.076667e+01,2.075273e+01,2.076667e+01,2.087112e+01,2.084328e+01,2.089896e+01,2.082935e+01,2.080846e+01,2.089896e+01,2.089200e+01,2.086416e+01,2.089896e+01,2.075273e+01,2.087112e+01,2.079453e+01,2.082239e+01,2.083632e+01,2.082239e+01,2.076667e+01,2.080846e+01,2.078757e+01,2.083632e+01,2.084328e+01,2.078060e+01,2.084328e+01,2.073879e+01,2.080150e+01,2.085024e+01,2.089200e+01,2.082239e+01,2.090592e+01,2.084328e+01,2.087808e+01,2.082935e+01,2.087112e+01,2.092679e+01,2.091287e+01,2.078757e+01,2.094070e+01,2.094765e+01,2.081543e+01,2.089200e+01,2.093374e+01,2.101718e+01,2.085024e+01,2.101718e+01,2.089896e+01,2.088504e+01,2.093374e+01,2.098242e+01,2.094070e+01,2.100327e+01,2.070394e+01,2.089896e+01,2.091983e+01,2.090592e+01,2.090592e+01,2.084328e+01,2.082239e+01,2.085024e+01,2.085024e+01,2.094070e+01,2.094765e+01,2.087112e+01,2.085024e+01,2.085720e+01,2.085720e+01,2.094765e+01,2.086416e+01,2.087112e+01,2.091287e+01,2.087808e+01,2.085024e+01,2.087112e+01,2.089200e+01,2.078060e+01,2.071789e+01,2.082935e+01,2.089200e+01,2.086416e+01,2.090592e+01,2.092679e+01,2.087808e+01,2.089896e+01,2.082239e+01,2.085024e+01,2.080150e+01,2.089200e+01,2.081543e+01,2.086416e+01,2.079453e+01,2.093374e+01,2.098242e+01,2.088504e+01,2.084328e+01,2.083632e+01,2.080150e+01,2.087112e+01,2.084328e+01,2.088504e+01,2.084328e+01,2.083632e+01,2.080150e+01,2.085720e+01,2.096156e+01,2.083632e+01,2.090592e+01,2.088504e+01,2.094070e+01,2.079453e+01,2.084328e+01,2.100327e+01,2.089200e+01,2.082239e+01,2.078060e+01,2.085720e+01,2.079453e+01,2.083632e+01,2.083632e+01,2.094070e+01,2.098242e+01,2.086416e+01,2.094070e+01,2.082935e+01,2.088504e+01,2.097547e+01,2.093374e+01,2.098242e+01,2.089896e+01,2.091983e+01,2.081543e+01,2.098242e+01,2.088504e+01,2.096852e+01,2.098242e+01,2.085024e+01,2.077363e+01,2.091983e+01,2.085024e+01,2.086416e+01,2.084328e+01,2.086416e+01,2.085720e+01,2.085720e+01,2.088504e+01,2.084328e+01,2.097547e+01,2.094070e+01,2.089896e+01,2.080846e+01,2.085720e+01,2.087808e+01,2.087808e+01,2.082239e+01,2.076667e+01,2.089200e+01,2.082935e+01,2.089200e+01,2.086416e+01,2.085024e+01,2.088504e+01,2.075970e+01,2.088504e+01,2.075970e+01,2.086416e+01,2.081543e+01,2.085024e+01,2.085024e+01,2.090592e+01,2.090592e+01,2.085720e+01,2.101023e+01,2.085720e+01,2.086416e+01,2.085024e+01,2.088504e+01,2.087112e+01,2.085720e+01,2.086416e+01,2.086416e+01,2.086416e+01,2.085720e+01,2.082935e+01,2.085720e+01,2.078757e+01,2.083632e+01,2.087112e+01,2.078060e+01,2.079453e+01,2.080846e+01,2.082239e+01,2.082935e+01,2.094765e+01,2.082239e+01,2.078757e+01,2.080150e+01,2.082935e+01,2.082935e+01,2.085024e+01,2.083632e+01,2.080846e+01,2.082935e+01,2.085024e+01,2.080150e+01,2.077363e+01,2.083632e+01,2.080150e+01,2.069000e+01,2.069697e+01,2.080846e+01,2.081543e+01,2.084328e+01,2.075970e+01,2.091287e+01,2.089896e+01,2.078060e+01,2.085720e+01,2.085720e+01,2.091287e+01,2.084328e+01,2.088504e+01,2.094070e+01,2.082239e+01,2.089896e+01,2.086416e+01,2.085720e+01,2.086416e+01,2.081543e+01,2.080846e+01,2.078757e+01,2.085024e+01,2.082935e+01,2.081543e+01,2.085024e+01,2.078757e+01
1.873980e+01,1.865444e+01,1.841221e+01,1.829087e+01,1.861174e+01,1.847639e+01,1.837654e+01,1.849777e+01,1.815508e+01,1.783273e+01,1.791162e+01,1.801194e+01,1.799045e+01,1.809785e+01,1.821228e+01,1.839081e+01,1.891738e+01,1.949764e+01,2.025677e+01,2.040372e+01,2.072486e+01,2.071091e+01,2.076667e+01,2.078757e+01,2.086416e+01,2.070394e+01,2.084328e+01,2.068303e+01,2.081543e+01,2.075273e+01,2.071091e+01,2.081543e+01,2.078060e+01,2.075970e+01,2.080150e+01,2.069697e+01,2.077363e+01,2.078757e+01,2.078757e+01,2.081543e+01,2.082239e+01,2.070394e+01,2.090592e+01,2.078060e+01,2.075273e+01,2.087112e+01,2.077363e+01,2.085720e+01,2.080150e+01,2.076667e+01,2.079453e+01,2.070394e+01,2.071789e+01,2.085024e+01,2.082935e+01,2.084328e+01,2.089200e+01,2.087808e+01,2.078757e+01,2.081543e+01,2.078060e+01,2.073879e+01,2.074576e+01,2.080150e+01,2.075970e+01,2.087808e+01,2.075970e+01,2.071789e+01,2.078060e+01,2.087808e+01,2.074576e+01,2.078757e+01,2.073182e+01,2.077363e+01,2.075273e+01,2.080846e+01,2.077363e+01,2.078757e+01,2.078060e+01,2.080150e+01,2.081543e+01,2.075273e+01,2.088504e+01,2.068303e+01,2.089200e+01,2.073879e+01,2.073182e+01,2.084328e+01,2.075273e+01,2.077363e+01,2.085024e+01,2.077363e+01,2.072486e+01,2.088504e+01,2.078060e+01,2.080846e+01,2.081543e+01,2.078757e+01,2.082935e+01,2.079453e+01,2.081543e+01,2.075273e+01,2.066211e+01,2.078060e+01,2.075970e+01,2.076667e+01,2.078757e+01,2.075970e+01,2.083632e+01,2.075970e+01,2.071789e+01,2.078757e+01,2.082239e+01,2.078757e+01,2.073879e+01,2.080846e+01,2.077363e+01,2.072486e+01,2.078060e+01,2.080846e+01,2.088504e+01,2.086416e+01,2.083632e+01,2.085024e+01,2.087112e+01,2.085024e+01,2.075970e+01,2.073182e+01,2.080150e+01,2.078757e+01,2.083632e+01,2.087112e+01,2.087808e+01,2.077363e+01,2.082935e+01,2.080150e+01,2.077363e+01,2.090592e+01,2.073879e+01,2.098937e+01,2.085720e+01,2.076667e+01,2.080846e+01,2.081543e+01,2.082935e+01,2.087808e+01,2.079453e+01,2.081543e+01,2.081543e+01,2.079453e+01,2.081543e+01,2.078757e+01,2.084328e+01,2.082935e+01,2.081543e+01,2.080846e+01,2.079453e+01,2.076667e+01,2.078757e+01,2.077363e+01,2.076667e+01,2.078060e+01,2.090592e+01,2.073879e+01,2.084328e+01,2.079453e+01,2.083632e+01,2.085720e+01,2.079453e+01,2.073879e+01,2.076667e+01,2.080150e+01,2.074576e+01,2.063420e+01,2.032678e+01,2.022876e+01,1.986386e+01,1.944823e+01,1.915130e+01,1.903795e+01,1.909464e+01,1.896704e+01,1.886059e+01,1.875401e+01,1.859750e+01,1.871135e+01,1.864021e+01,1.861174e+01,1.867579e+01,1.856190e+01,1.867579e+01,1.867579e+01,1.866156e+01,1.871847e+01,1.869713e+01,1.895286e+01,1.924331e+01,1.924331e+01,1.932109e+01,1.953291e+01,1.980058e+01,1.972317e+01,1.989901e+01,2.013766e+01,2.021475e+01,2.038274e+01,2.058536e+01,2.062025e+01,2.070394e+01,2.064816e+01,2.043169e+01,2.044567e+01,2.044567e+01,2.072486e+01,2.061327e+01,2.064816e+01,2.067605e+01,2.060629e+01,2.068303e+01,2.071091e+01,2.040372e+01,2.035476e+01,2.031278e+01,2.003946e+01,1.983574e+01,1.966683e+01,1.951175e+01,1.925745e+01,1.903087e+01,1.913714e+01,1.895995e+01,1.898123e+01,1.895286e+01,1.889609e+01,1.898832e+01,1.898832e+01,1.891738e+01,1.896704e+01,1.898123e+01,1.915130e+01,1.902378e+01,1.900960e+01,1.902378e+01,1.910173e+01,1.898123e+01,1.891028e+01,1.903795e+01,1.925038e+01,1.922916e+01,1.919378e+01,1.921501e+01,1.905922e+01,1.929988e+01,1.934936e+01,1.922916e+01,1.921501e+01,1.939174e+01,1.938468e+01,1.941999e+01,1.946941e+01,1.974428e+01,1.970205e+01,1.981464e+01,1.978650e+01,1.984980e+01,2.005350e+01,2.003946e+01,2.006051e+01,2.003244e+01,1.989901e+01,1.998330e+01,1.997628e+01,2.008857e+01,2.017271e+01,1.999033e+01,2.003946e+01,1.999033e+01,1.999735e+01,2.001841e+01,2.013766e+01,2.004648e+01,2.001139e+01,2.006753e+01,2.003946e+01,2.008156e+01,2.019373e+01,2.041770e+01,2.040372e+01,2.032678e+01,2.071091e+01,2.070394e+01,2.064118e+01,2.081543e+01,2.066211e+01,2.085720e+01,2.071789e+01,2.055743e+01,2.052252e+01,2.052950e+01,2.037575e+01,2.019373e+01,2.015168e+01,1.976540e+01,1.986386e+01,1.989198e+01,1.992009e+01,1.987792e+01,1.999033e+01,2.008156e+01,2.017972e+01,2.024977e+01,2.037575e+01,2.040372e+01,2.026378e+01,2.037575e+01,2.038974e+01,2.039673e+01,2.041770e+01,2.036875e+01,2.038974e+01,2.038974e+01,2.037575e+01,2.043868e+01,2.036875e+01,2.030578e+01,2.027778e+01,2.030578e+01,2.030578e+01,2.017972e+01,2.036176e+01,2.036875e+01,2.056442e+01,2.066211e+01,2.059932e+01,2.062025e+01,2.062025e+01,2.073879e+01,2.069697e+01,2.082239e+01,2.077363e+01,2.079453e+01,2.078060e+01,2.073879e+01,2.072486e+01,2.071789e+01,2.082935e+01,2.087808e+01,2.082935e+01,2.078757e+01,2.082935e+01,2.080150e+01,2.080846e+01,2.077363e+01,2.083632e+01,2.078757e+01,2.078060e+01,2.085024e+01,2.075273e+01,2.077363e+01,2.076667e+01,2.063420e+01,1.989901e+01,1.961047e+01,1.902378e+01,1.900251e+01,1.918670e+01,1.965979e+01,1.992711e+01,2.034777e+01,2.082935e+01,2.084328e+01,2.074576e+01,2.074576e+01,2.076667e+01,2.079453e+01,2.078757e+01,2.062723e+01,2.078060e+01,2.084328e+01,2.083632e+01,2.080846e+01,2.077363e+01,2.082935e+01,2.075970e+01,2.076667e+01,2.070394e+01,2.075970e+01,2.069697e+01,2.072486e+01,2.073879e+01,2.080150e+01,2.092679e+01,2.077363e+01,2.076667e+01,2.085720e+01,2.077363e+01,2.086416e+01,2.089896e+01,2.080846e+01,2.082935e+01,2.080150e+01,2.078060e+01,2.085720e+01,2.073182e+01,2.077363e+01,2.085024e+01,2.075273e+01,2.075970e+01,2.078757e+01,2.081543e+01,2.074576e+01,2.079453e+01,2.076667e+01,2.080846e+01,2.088504e+01,2.080150e+01,2.080150e+01,2.077363e+01,2.084328e+01,2.078757e+01,2.078060e+01,2.080150e+01,2.079453e+01,2.086416e+01,2.081543e+01,2.084328e+01,2.087112e+01,2.072486e+01,2.070394e+01,2.076667e+01,2.076667e+01,2.080846e+01,2.081543e+01,2.075970e+01,2.084328e+01,2.079453e+01,2.074576e+01,2.087808e+01,2.089896e+01,2.087112e+01,2.090592e+01,2.087112e+01,2.087112e+01,2.093374e+01,2.096156e+01,2.092679e+01,2.083632e+01,2.097547e+01,2.100327e+01,2.087112e+01,2.087112e+01,2.085024e+01,2.091287e+01,2.080846e+01,2.086416e+01,2.095461e+01,2.094070e+01,2.103107e+01,2.095461e+01,2.087112e+01,2.087112e+01,2.064816e+01,2.091287e+01,2.089200e+01,2.090592e+01,2.084328e+01,2.085024e+01,2.085024e+01,2.089896e+01,2.083632e+01,2.085720e+01,2.080846e+01,2.083632e+01,2.087808e+01,2.081543e+01,2.087808e+01,2.085024e+01,2.089200e+01,2.087112e+01,2.087112e+01,2.076667e+01,2.086416e+01,2.084328e+01,2.082935e+01,2.085024e+01,2.087808e+01,2.082239e+01,2.084328e+01,2.093374e+01,2.095461e+01,2.089200e+01,2.087808e+01,2.085024e+01,2.086416e+01,2.089200e+01,2.080846e+01,2.085024e+01,2.085720e+01,2.088504e+01,2.070394e+01,2.089200e+01,2.085720e+01,2.084328e+01,2.089896e+01,2.088504e+01,2.093374e+01,2.086416e+01,2.079453e+01,2.076667e+01,2.085720e+01,2.080150e+01,2.081543e+01,2.103802e+01,2.084328e+01,2.078757e+01,2.085720e+01,2.089200e+01,2.079453e+01,2.085024e+01,2.085024e+01,2.081543e+01,2.082239e+01,2.082935e+01,2.085720e+01,2.091287e+01,2.085720e+01,2.075273e+01,2.086416e+01,2.086416e+01,2.094070e+01,2.083632e+01,2.083632e+01,2.085024e+01,2.078757e+01,2.089200e+01,2.094765e+01,2.083632e+01,2.093374e+01,2.089200e+01,2.090592e+01,2.089200e+01,2.089896e+01,2.091287e+01,2.093374e+01,2.089200e+01,2.089896e+01,2.089200e+01,2.091287e+01,2.085024e+01,2.085024e+01,2.096852e+01,2.085024e+01,2.082239e+01,2.082935e+01,2.083632e+01,2.088504e+01,2.088504e+01,2.088504e+01,2.089200e+01,2.082935e+01,2.088504e+01,2.083632e+01,2.085720e+01,2.087808e+01,2.091287e+01,2.079453e+01,2.082935e+01,2.086416e+01,2.086416e+01,2.071789e+01,2.069000e+01,2.079453e+01,2.086416e+01,2.077363e+01,2.083632e+01,2.078757e+01,2.085720e+01,2.105192e+01,2.077363e+01,2.087808e+01,2.087112e+01,2.082239e+01,2.075970e+01,2.071789e+01,2.086416e+01,2.088504e+01,2.088504e+01,2.085024e+01,2.084328e+01,2.087112e+01,2.079453e+01,2.082239e+01,2.081543e+01,2.078060e+01,2.080150e+01,2.082935e+01,2.074576e+01,2.082935e+01,2.084328e+01,2.086416e+01,2.083632e+01,2.083632e+01,2.076667e+01,2.085024e+01,2.082935e+01,2.080150e+01,2.080150e+01,2.081543e+01,2.097547e+01,2.101718e+01,2.082239e+01,2.061327e+01,2.083632e+01,2.082239e+01,2.080150e+01,2.074576e+01,2.083632e+01,2.080846e+01,2.078757e+01,2.082239e+01,2.091287e+01,2.088504e+01,2.090592e+01,2.087808e+01,2.086416e+01,2.093374e+01,2.089200e+01,2.080846e+01,2.085720e+01,2.088504e+01,2.084328e+01,2.085024e+01,2.086416e+01,2.086416e+01,2.076667e+01,2.083632e+01,2.082935e+01,2.086416e+01,2.066211e+01,2.080846e+01
1.842648e+01,1.840508e+01,1.834799e+01,1.830515e+01,1.836227e+01,1.827659e+01,1.831944e+01,1.813362e+01,1.801910e+01,1.786142e+01,1.783990e+01,1.776813e+01,1.784707e+01,1.827659e+01,1.836940e+01,1.836940e+01,1.886769e+01,1.953996e+01,2.025677e+01,2.069697e+01,2.069697e+01,2.077363e+01,2.077363e+01,2.071789e+01,2.076667e+01,2.082239e+01,2.069697e+01,2.078757e+01,2.075273e+01,2.080846e+01,2.082935e+01,2.069000e+01,2.081543e+01,2.068303e+01,2.079453e+01,2.077363e+01,2.078060e+01,2.087112e+01,2.093374e+01,2.076667e+01,2.085720e+01,2.085720e+01,2.085024e+01,2.085024e+01,2.085720e+01,2.075970e+01,2.086416e+01,2.085720e+01,2.077363e+01,2.076667e+01,2.085720e+01,2.069697e+01,2.078060e+01,2.084328e+01,2.086416e+01,2.079453e+01,2.087112e+01,2.087112e+01,2.076667e+01,2.105192e+01,2.082935e+01,2.081543e+01,2.087112e+01,2.080846e+01,2.081543e+01,2.085024e+01,2.082239e+01,2.078060e+01,2.085024e+01,2.075970e+01,2.075273e+01,2.073879e+01,2.080846e+01,2.080150e+01,2.070394e+01,2.073879e+01,2.073879e+01,2.078757e+01,2.074576e+01,2.077363e+01,2.086416e+01,2.077363e+01,2.082239e+01,2.075273e+01,2.075970e+01,2.080846e+01,2.076667e+01,2.079453e+01,2.076667e+01,2.080150e+01,2.078757e+01,2.087112e+01,2.070394e+01,2.076667e+01,2.067605e+01,2.077363e+01,2.081543e+01,2.083632e+01,2.082239e+01,2.091287e+01,2.076667e+01,2.087808e+01,2.076667e+01,2.084328e+01,2.080150e+01,2.076667e+01,2.078757e+01,2.080846e+01,2.078757e+01,2.082935e+01,2.079453e+01,2.073879e+01,2.090592e+01,2.076667e+01,2.076667e+01,2.078757e+01,2.076667e+01,2.077363e+01,2.080150e+01,2.078757e+01,2.075273e+01,2.080846e+01,2.087112e+01,2.075970e+01,2.075273e+01,2.069697e+01,2.086416e+01,2.082935e+01,2.084328e+01,2.078757e+01,2.078757e+01,2.078060e+01,2.085720e+01,2.080846e+01,2.082239e+01,2.090592e+01,2.094070e+01,2.086416e+01,2.090592e+01,2.089200e+01,2.078757e+01,2.082935e+01,2.080150e+01,2.080846e+01,2.082239e+01,2.076667e+01,2.079453e+01,2.081543e+01,2.084328e+01,2.087112e+01,2.082935e+01,2.080846e+01,2.083632e+01,2.084328e+01,2.081543e+01,2.085024e+01,2.081543e+01,2.080150e+01,2.075273e+01,2.085720e+01,2.082239e+01,2.069697e+01,2.091983e+01,2.076667e+01,2.076667e+01,2.086416e+01,2.087112e+01,2.081543e+01,2.082239e+01,2.081543e+01,2.078757e+01,2.078060e+01,2.077363e+01,2.059932e+01,2.035476e+01,2.004648e+01,1.972317e+01,1.932815e+01,1.920085e+01,1.895286e+01,1.908756e+01,1.893867e+01,1.891738e+01,1.900960e+01,1.877534e+01,1.885349e+01,1.878955e+01,1.878955e+01,1.878245e+01,1.881087e+01,1.900251e+01,1.897414e+01,1.908756e+01,1.912298e+01,1.920085e+01,1.947647e+01,1.947647e+01,1.966683e+01,1.980058e+01,1.983574e+01,2.013766e+01,2.038274e+01,2.041770e+01,2.041071e+01,2.056442e+01,2.059932e+01,2.061327e+01,2.064118e+01,2.084328e+01,2.061327e+01,2.066908e+01,2.066908e+01,2.069000e+01,2.071091e+01,2.073879e+01,2.080150e+01,2.075273e+01,2.072486e+01,2.073182e+01,2.043868e+01,2.053649e+01,2.037575e+01,2.015168e+01,1.994117e+01,1.982871e+01,1.943411e+01,1.957522e+01,1.939881e+01,1.920793e+01,1.922916e+01,1.900251e+01,1.898832e+01,1.898123e+01,1.898832e+01,1.901669e+01,1.893867e+01,1.901669e+01,1.900251e+01,1.908047e+01,1.905922e+01,1.904504e+01,1.907339e+01,1.908047e+01,1.920793e+01,1.910173e+01,1.894576e+01,1.919378e+01,1.917254e+01,1.920085e+01,1.920793e+01,1.922208e+01,1.925038e+01,1.924331e+01,1.918670e+01,1.925745e+01,1.934229e+01,1.943411e+01,1.939881e+01,1.944823e+01,1.948352e+01,1.957522e+01,1.953291e+01,1.951175e+01,1.969500e+01,1.976540e+01,2.004648e+01,1.981464e+01,2.003244e+01,1.997628e+01,2.002542e+01,1.992009e+01,2.001841e+01,1.994819e+01,1.994819e+01,1.993414e+01,1.997628e+01,1.998330e+01,2.013065e+01,2.013766e+01,2.001841e+01,2.003946e+01,1.993414e+01,2.004648e+01,2.001139e+01,2.007454e+01,2.020074e+01,2.027078e+01,2.019373e+01,2.031278e+01,2.055743e+01,2.056442e+01,2.061327e+01,2.072486e+01,2.071789e+01,2.064816e+01,2.082239e+01,2.066211e+01,2.055045e+01,2.050855e+01,2.043868e+01,2.020074e+01,2.013065e+01,1.985683e+01,1.989198e+01,1.989198e+01,1.979354e+01,1.987090e+01,1.997628e+01,2.001841e+01,2.020774e+01,2.029178e+01,2.035476e+01,2.036176e+01,2.030578e+01,2.042470e+01,2.026378e+01,2.044567e+01,2.039673e+01,2.040372e+01,2.038974e+01,2.038274e+01,2.050157e+01,2.040372e+01,2.043868e+01,2.035476e+01,2.034777e+01,2.038974e+01,2.037575e+01,2.045266e+01,2.054347e+01,2.045964e+01,2.061327e+01,2.071789e+01,2.066211e+01,2.071091e+01,2.066908e+01,2.077363e+01,2.078757e+01,2.082239e+01,2.086416e+01,2.078060e+01,2.078060e+01,2.075273e+01,2.085024e+01,2.085024e+01,2.087808e+01,2.086416e+01,2.087808e+01,2.085024e+01,2.087112e+01,2.089200e+01,2.080150e+01,2.087808e+01,2.079453e+01,2.078060e+01,2.079453e+01,2.075273e+01,2.079453e+01,2.075273e+01,2.071789e+01,2.051554e+01,1.981464e+01,1.922916e+01,1.896704e+01,1.905922e+01,1.942705e+01,1.966683e+01,2.017271e+01,2.057140e+01,2.071091e+01,2.087808e+01,2.065513e+01,2.082239e+01,2.076667e+01,2.076667e+01,2.079453e+01,2.078060e+01,2.076667e+01,2.075273e+01,2.062025e+01,2.079453e+01,2.079453e+01,2.085024e+01,2.083632e+01,2.085720e+01,2.080150e+01,2.087808e+01,2.073879e+01,2.078060e+01,2.087112e+01,2.085720e+01,2.073879e+01,2.076667e+01,2.076667e+01,2.086416e+01,2.075970e+01,2.071789e+01,2.071789e+01,2.075970e+01,2.080846e+01,2.080150e+01,2.078060e+01,2.078060e+01,2.081543e+01,2.072486e+01,2.082935e+01,2.074576e+01,2.083632e+01,2.069697e+01,2.076667e+01,2.080150e+01,2.080150e+01,2.083632e+01,2.074576e+01,2.080150e+01,2.082239e+01,2.087808e+01,2.078757e+01,2.087808e+01,2.079453e+01,2.078757e+01,2.080846e+01,2.077363e+01,2.080846e+01,2.083632e+01,2.083632e+01,2.081543e+01,2.086416e+01,2.089200e+01,2.077363e+01,2.082239e+01,2.088504e+01,2.089896e+01,2.080846e+01,2.087808e+01,2.074576e+01,2.072486e+01,2.082935e+01,2.082239e+01,2.086416e+01,2.082239e+01,2.089896e+01,2.082935e+01,2.094765e+01,2.094070e+01,2.088504e+01,2.094070e+01,2.083632e+01,2.094070e+01,2.081543e+01,2.088504e+01,2.089896e+01,2.090592e+01,2.091983e+01,2.091287e+01,2.087808e+01,2.085024e+01,2.087112e+01,2.088504e+01,2.086416e+01,2.085720e+01,2.085720e+01,2.088504e+01,2.089200e+01,2.083632e+01,2.090592e+01,2.083632e+01,2.083632e+01,2.084328e+01,2.084328e+01,2.085024e+01,2.083632e+01,2.100327e+01,2.089200e+01,2.091287e+01,2.091983e+01,2.089200e+01,2.089896e+01,2.087112e+01,2.087112e+01,2.087112e+01,2.082935e+01,2.087808e+01,2.074576e+01,2.082935e+01,2.082935e+01,2.087808e+01,2.091287e+01,2.094765e+01,2.081543e+01,2.093374e+01,2.091983e+01,2.085024e+01,2.084328e+01,2.091287e+01,2.071789e+01,2.085024e+01,2.084328e+01,2.082935e+01,2.085720e+01,2.095461e+01,2.080150e+01,2.095461e+01,2.080150e+01,2.091983e+01,2.091287e+01,2.092679e+01,2.096852e+01,2.092679e+01,2.085720e+01,2.092679e+01,2.082935e+01,2.085024e+01,2.084328e+01,2.086416e+01,2.085720e+01,2.079453e+01,2.078757e+01,2.088504e+01,2.078757e+01,2.087112e+01,2.098242e+01,2.096156e+01,2.080150e+01,2.094070e+01,2.082239e+01,2.086416e+01,2.081543e+01,2.078060e+01,2.088504e+01,2.078757e+01,2.093374e+01,2.082239e+01,2.076667e+01,2.080150e+01,2.089200e+01,2.088504e+01,2.090592e+01,2.093374e+01,2.089200e+01,2.084328e+01,2.092679e+01,2.092679e+01,2.087808e+01,2.084328e+01,2.094765e+01,2.085720e+01,2.098242e+01,2.095461e+01,2.088504e+01,2.100327e+01,2.100327e+01,2.078757e+01,2.091287e+01,2.088504e+01,2.086416e+01,2.091983e+01,2.087112e+01,2.088504e+01,2.087808e+01,2.093374e+01,2.089200e+01,2.088504e+01,2.091287e+01,2.099632e+01,2.089896e+01,2.082935e+01,2.085720e+01,2.075273e+01,2.076667e+01,2.081543e+01,2.079453e+01,2.082239e+01,2.078757e+01,2.085720e+01,2.085024e+01,2.088504e+01,2.084328e+01,2.075273e+01,2.090592e+01,2.090592e+01,2.088504e+01,2.090592e+01,2.088504e+01,2.085720e+01,2.092679e+01,2.086416e+01,2.088504e+01,2.085024e+01,2.084328e+01,2.080150e+01,2.088504e+01,2.080846e+01,2.082239e+01,2.080846e+01,2.076667e+01,2.083632e+01,2.077363e+01,2.078060e+01,2.087112e+01,2.089200e+01,2.085720e+01,2.086416e+01,2.080846e+01,2.085720e+01,2.077363e+01,2.078757e+01,2.079453e+01,2.080846e+01,2.080846e+01,2.083632e+01,2.091287e+01,2.100327e+01,2.082239e+01,2.080846e+01,2.074576e+01,2.076667e+01,2.076667e+01,2.080846e+01,2.089200e+01,2.089896e+01,2.090592e+01,2.092679e+01,2.091287e+01,2.088504e+01,2.089896e+01,2.086416e+01,2.078757e+01,2.087112e+01,2.073879e+01,2.101718e+01,2.098937e+01,2.097547e+01,2.085720e+01,2.089896e+01,2.085720e+01,2.091287e+01,2.082935e+01,2.077363e+01,2.082935e+01
1.825516e+01,1.816223e+01,1.808354e+01,1.828373e+01,1.826944e+01,1.819798e+01,1.813362e+01,1.810501e+01,1.796896e+01,1.776095e+01,1.771067e+01,1.766037e+01,1.791879e+01,1.826230e+01,1.831230e+01,1.837654e+01,1.859750e+01,1.945529e+01,2.005350e+01,2.066211e+01,2.082239e+01,2.071091e+01,2.076667e+01,2.078757e+01,2.080846e+01,2.078060e+01,2.075970e+01,2.083632e+01,2.080846e+01,2.080846e+01,2.078060e+01,2.080846e+01,2.080150e+01,2.085024e+01,2.082239e+01,2.084328e+01,2.077363e+01,2.074576e+01,2.077363e+01,2.077363e+01,2.073879e+01,2.073879e+01,2.082935e+01,2.087112e+01,2.081543e+01,2.081543e+01,2.087808e+01,2.080150e+01,2.080150e+01,2.081543e+01,2.078757e+01,2.075273e+01,2.080846e+01,2.086416e+01,2.069697e+01,2.088504e+01,2.084328e+01,2.085720e+01,2.082935e+01,2.082239e+01,2.078060e+01,2.081543e+01,2.082935e+01,2.082935e+01,2.085024e+01,2.080846e+01,2.075273e+01,2.080846e+01,2.081543e+01,2.075970e+01,2.071091e+01,2.071091e+01,2.080150e+01,2.080846e+01,2.077363e+01,2.091287e+01,2.085024e+01,2.069000e+01,2.075273e+01,2.078757e+01,2.070394e+01,2.084328e+01,2.086416e+01,2.072486e+01,2.072486e+01,2.080150e+01,2.085720e+01,2.087808e+01,2.078757e+01,2.080150e+01,2.078060e+01,2.087808e+01,2.090592e+01,2.070394e+01,2.090592e+01,2.067605e+01,2.077363e+01,2.087808e+01,2.078757e+01,2.080846e+01,2.085024e+01,2.074576e+01,2.083632e+01,2.078060e+01,2.086416e+01,2.080150e+01,2.073879e+01,2.080150e+01,2.080150e+01,2.075273e+01,2.078060e+01,2.075970e+01,2.094070e+01,2.079453e+01,2.079453e+01,2.079453e+01,2.080150e+01,2.080846e+01,2.081543e+01,2.080846e+01,2.083632e+01,2.080150e+01,2.077363e+01,2.084328e+01,2.078757e+01,2.078757e+01,2.081543e+01,2.087808e+01,2.081543e+01,2.073879e+01,2.076667e+01,2.088504e+01,2.085024e+01,2.082935e+01,2.090592e+01,2.075273e+01,2.079453e+01,2.074576e+01,2.077363e+01,2.078757e+01,2.089896e+01,2.080150e+01,2.092679e+01,2.079453e+01,2.080846e+01,2.088504e+01,2.082935e+01,2.085024e+01,2.082239e+01,2.081543e+01,2.085720e+01,2.078060e+01,2.084328e+01,2.082935e+01,2.087808e+01,2.083632e+01,2.077363e+01,2.080846e+01,2.080150e+01,2.086416e+01,2.073879e+01,2.075970e+01,2.081543e+01,2.082239e+01,2.087808e+01,2.083632e+01,2.082239e+01,2.082239e+01,2.073182e+01,2.080846e+01,2.076667e+01,2.081543e+01,2.078060e+01,2.045266e+01,2.036875e+01,2.016570e+01,1.982871e+01,1.938468e+01,1.921501e+01,1.920793e+01,1.903087e+01,1.891028e+01,1.905213e+01,1.903087e+01,1.904504e+01,1.903087e+01,1.883218e+01,1.897414e+01,1.911590e+01,1.932815e+01,1.917254e+01,1.933522e+01,1.951880e+01,1.949058e+01,1.949058e+01,1.980058e+01,1.987792e+01,2.003244e+01,2.010260e+01,2.013766e+01,2.046663e+01,2.041071e+01,2.062025e+01,2.064816e+01,2.059234e+01,2.083632e+01,2.064118e+01,2.069000e+01,2.067605e+01,2.069000e+01,2.071789e+01,2.066908e+01,2.078757e+01,2.080150e+01,2.069000e+01,2.080846e+01,2.073879e+01,2.073879e+01,2.064816e+01,2.057838e+01,2.038274e+01,2.020774e+01,2.007454e+01,1.989198e+01,1.969500e+01,1.943411e+01,1.942705e+01,1.934229e+01,1.917254e+01,1.921501e+01,1.899541e+01,1.900960e+01,1.898123e+01,1.899541e+01,1.898832e+01,1.895286e+01,1.903795e+01,1.900251e+01,1.903795e+01,1.910173e+01,1.908047e+01,1.910173e+01,1.909464e+01,1.909464e+01,1.905922e+01,1.901669e+01,1.913006e+01,1.913006e+01,1.906630e+01,1.922916e+01,1.920085e+01,1.920085e+01,1.936349e+01,1.929988e+01,1.926452e+01,1.932109e+01,1.934229e+01,1.930695e+01,1.934229e+01,1.936349e+01,1.946235e+01,1.949764e+01,1.953996e+01,1.973725e+01,1.970205e+01,1.985683e+01,1.984980e+01,1.972317e+01,2.003946e+01,1.989198e+01,1.999033e+01,1.996224e+01,2.001139e+01,2.001841e+01,1.993414e+01,2.001139e+01,2.009559e+01,2.003244e+01,2.006753e+01,1.991306e+01,1.996926e+01,1.999735e+01,2.003946e+01,2.008156e+01,2.007454e+01,2.010961e+01,2.015168e+01,2.013065e+01,2.025677e+01,2.032678e+01,2.048759e+01,2.048061e+01,2.074576e+01,2.066908e+01,2.071091e+01,2.068303e+01,2.083632e+01,2.060629e+01,2.051554e+01,2.038274e+01,2.013766e+01,2.002542e+01,2.008156e+01,1.987090e+01,1.979354e+01,1.992009e+01,1.992711e+01,1.998330e+01,2.008156e+01,2.016570e+01,2.024277e+01,2.029178e+01,2.032678e+01,2.038974e+01,2.044567e+01,2.032678e+01,2.037575e+01,2.042470e+01,2.037575e+01,2.041071e+01,2.038274e+01,2.045964e+01,2.042470e+01,2.038274e+01,2.051554e+01,2.044567e+01,2.043868e+01,2.045964e+01,2.041770e+01,2.044567e+01,2.044567e+01,2.059234e+01,2.064816e+01,2.059932e+01,2.065513e+01,2.079453e+01,2.078060e+01,2.096156e+01,2.088504e+01,2.082935e+01,2.080846e+01,2.081543e+01,2.082935e+01,2.082935e+01,2.083632e+01,2.086416e+01,2.084328e+01,2.085720e+01,2.088504e+01,2.084328e+01,2.081543e+01,2.087808e+01,2.084328e+01,2.088504e+01,2.081543e+01,2.086416e+01,2.080846e+01,2.078757e+01,2.074576e+01,2.069000e+01,2.022876e+01,1.976540e+01,1.919378e+01,1.893157e+01,1.918670e+01,1.956817e+01,2.015869e+01,2.046663e+01,2.063420e+01,2.062025e+01,2.079453e+01,2.079453e+01,2.076667e+01,2.082239e+01,2.079453e+01,2.066908e+01,2.074576e+01,2.076667e+01,2.079453e+01,2.072486e+01,2.079453e+01,2.076667e+01,2.078757e+01,2.082239e+01,2.086416e+01,2.079453e+01,2.077363e+01,2.079453e+01,2.073182e+01,2.069697e+01,2.070394e+01,2.071789e+01,2.086416e+01,2.073879e+01,2.071789e+01,2.085024e+01,2.079453e+01,2.075970e+01,2.076667e+01,2.082935e+01,2.082239e+01,2.079453e+01,2.079453e+01,2.088504e+01,2.077363e+01,2.072486e+01,2.076667e+01,2.078060e+01,2.079453e+01,2.078757e+01,2.085720e+01,2.084328e+01,2.082935e+01,2.083632e+01,2.080150e+01,2.082239e+01,2.075970e+01,2.076667e+01,2.073182e+01,2.071789e+01,2.074576e+01,2.080150e+01,2.080150e+01,2.079453e+01,2.081543e+01,2.079453e+01,2.082239e+01,2.082239e+01,2.082935e+01,2.079453e+01,2.078060e+01,2.091983e+01,2.082935e+01,2.081543e+01,2.082935e+01,2.081543e+01,2.087112e+01,2.085720e+01,2.074576e+01,2.089200e+01,2.080150e+01,2.091983e+01,2.091287e+01,2.098937e+01,2.093374e+01,2.085024e+01,2.091287e+01,2.085720e+01,2.091983e+01,2.092679e+01,2.089200e+01,2.087112e+01,2.082935e+01,2.089896e+01,2.091287e+01,2.091287e+01,2.093374e+01,2.094765e+01,2.085024e+01,2.095461e+01,2.082935e+01,2.086416e+01,2.084328e+01,2.089896e+01,2.082239e+01,2.091983e+01,2.091983e+01,2.087808e+01,2.096852e+01,2.085720e+01,2.082239e+01,2.085720e+01,2.083632e+01,2.083632e+01,2.085024e+01,2.079453e+01,2.090592e+01,2.088504e+01,2.088504e+01,2.086416e+01,2.082239e+01,2.082239e+01,2.080846e+01,2.082239e+01,2.088504e+01,2.089896e+01,2.087808e+01,2.101023e+01,2.080150e+01,2.087112e+01,2.082239e+01,2.086416e+01,2.086416e+01,2.086416e+01,2.094070e+01,2.091983e+01,2.082935e+01,2.087808e+01,2.087808e+01,2.087112e+01,2.101718e+01,2.075970e+01,2.085720e+01,2.078060e+01,2.082935e+01,2.085720e+01,2.096156e+01,2.084328e+01,2.085720e+01,2.079453e+01,2.086416e+01,2.098242e+01,2.094765e+01,2.082239e+01,2.083632e+01,2.086416e+01,2.099632e+01,2.078757e+01,2.082935e+01,2.087112e+01,2.085720e+01,2.094070e+01,2.091287e+01,2.086416e+01,2.082935e+01,2.085720e+01,2.085720e+01,2.085720e+01,2.091287e+01,2.091983e+01,2.094070e+01,2.098242e+01,2.091287e+01,2.082935e+01,2.085024e+01,2.091287e+01,2.087112e+01,2.092679e+01,2.090592e+01,2.088504e+01,2.087808e+01,2.095461e+01,2.091983e+01,2.100327e+01,2.075273e+01,2.096852e+01,2.101718e+01,2.084328e+01,2.096852e+01,2.102413e+01,2.085720e+01,2.096852e+01,2.091287e+01,2.091983e+01,2.091287e+01,2.089896e+01,2.083632e+01,2.092679e+01,2.087808e+01,2.088504e+01,2.088504e+01,2.087112e+01,2.079453e+01,2.100327e+01,2.087808e+01,2.088504e+01,2.082935e+01,2.078757e+01,2.094765e+01,2.088504e+01,2.089896e+01,2.082239e+01,2.082239e+01,2.089200e+01,2.087808e+01,2.107276e+01,2.082239e+01,2.096852e+01,2.094070e+01,2.089200e+01,2.087808e+01,2.089200e+01,2.091287e+01,2.074576e+01,2.090592e+01,2.085024e+01,2.085024e+01,2.094070e+01,2.081543e+01,2.085720e+01,2.086416e+01,2.083632e+01,2.086416e+01,2.081543e+01,2.088504e+01,2.102413e+01,2.076667e+01,2.096156e+01,2.080150e+01,2.091983e+01,2.105192e+01,2.080846e+01,2.084328e+01,2.081543e+01,2.087808e+01,2.080150e+01,2.080846e+01,2.080846e+01,2.093374e+01,2.075273e+01,2.077363e+01,2.080846e+01,2.079453e+01,2.091287e+01,2.094765e+01,2.085024e+01,2.078060e+01,2.080846e+01,2.078060e+01,2.094070e+01,2.081543e+01,2.096156e+01,2.087112e+01,2.087112e+01,2.091983e+01,2.085024e+01,2.085720e+01,2.080846e+01,2.091983e+01,2.093374e+01,2.090592e+01,2.101023e+01,2.090592e+01,2.077363e+01,2.084328e+01,2.091287e+01,2.080846e+01,2.076667e+01,2.076667e+01,2.081543e+01
1.810501e+01,1.826230e+01,1.817653e+01,1.809069e+01,1.797613e+01,1.796179e+01,1.801910e+01,1.778967e+01,1.768912e+01,1.770349e+01,1.767474e+01,1.766756e+01,1.811216e+01,1.827659e+01,1.829801e+01,1.855477e+01,1.863309e+01,1.931402e+01,1.981464e+01,2.041770e+01,2.073182e+01,2.076667e+01,2.073182e+01,2.078060e+01,2.073879e+01,2.077363e+01,2.074576e+01,2.075970e+01,2.077363e+01,2.086416e+01,2.075273e+01,2.078757e+01,2.080150e+01,2.075273e+01,2.080150e+01,2.085720e+01,2.075273e+01,2.081543e+01,2.080846e+01,2.074576e+01,2.074576e+01,2.075273e+01,2.077363e+01,2.073879e+01,2.074576e+01,2.086416e+01,2.086416e+01,2.075273e+01,2.076667e+01,2.067605e+01,2.082935e+01,2.074576e+01,2.078757e+01,2.071789e+01,2.072486e+01,2.073879e+01,2.092679e+01,2.083632e+01,2.084328e+01,2.078060e+01,2.078060e+01,2.080150e+01,2.085720e+01,2.080846e+01,2.088504e+01,2.083632e+01,2.082239e+01,2.087808e+01,2.080846e+01,2.064118e+01,2.071091e+01,2.076667e+01,2.078060e+01,2.084328e+01,2.083632e+01,2.085024e+01,2.074576e+01,2.080150e+01,2.077363e+01,2.087808e+01,2.069697e+01,2.078060e+01,2.071789e+01,2.078060e+01,2.061327e+01,2.074576e+01,2.077363e+01,2.080150e+01,2.080150e+01,2.083632e+01,2.077363e+01,2.079453e+01,2.088504e+01,2.079453e+01,2.094765e+01,2.069697e+01,2.075273e+01,2.085720e+01,2.080150e+01,2.076667e+01,2.083632e+01,2.080150e+01,2.078757e+01,2.067605e+01,2.082935e+01,2.078757e+01,2.080150e+01,2.078060e+01,2.073879e+01,2.078060e+01,2.086416e+01,2.075970e+01,2.075273e+01,2.075273e+01,2.081543e+01,2.084328e+01,2.084328e+01,2.083632e+01,2.069000e+01,2.071789e+01,2.082935e+01,2.074576e+01,2.091983e+01,2.087808e+01,2.075970e+01,2.080150e+01,2.064118e+01,2.076667e+01,2.079453e+01,2.072486e+01,2.077363e+01,2.082239e+01,2.085720e+01,2.068303e+01,2.078060e+01,2.089896e+01,2.079453e+01,2.093374e+01,2.081543e+01,2.078757e+01,2.080150e+01,2.078757e+01,2.080150e+01,2.080150e+01,2.080150e+01,2.085720e+01,2.081543e+01,2.085024e+01,2.084328e+01,2.082935e+01,2.087112e+01,2.085024e+01,2.070394e+01,2.075273e+01,2.075970e+01,2.075970e+01,2.076667e+01,2.080150e+01,2.079453e+01,2.078757e+01,2.070394e+01,2.085024e+01,2.071091e+01,2.085024e+01,2.077363e+01,2.080150e+01,2.078060e+01,2.073879e+01,2.077363e+01,2.074576e+01,2.080846e+01,2.073182e+01,2.062025e+01,2.058536e+01,2.038274e+01,2.009559e+01,1.973021e+01,1.944823e+01,1.937055e+01,1.923623e+01,1.934229e+01,1.932109e+01,1.914422e+01,1.922208e+01,1.923623e+01,1.926452e+01,1.917962e+01,1.935642e+01,1.936349e+01,1.954701e+01,1.972317e+01,1.975132e+01,1.976540e+01,2.002542e+01,2.017271e+01,1.984980e+01,2.011663e+01,2.043169e+01,2.042470e+01,2.053649e+01,2.049458e+01,2.041071e+01,2.078757e+01,2.055743e+01,2.066211e+01,2.074576e+01,2.073182e+01,2.065513e+01,2.071091e+01,2.077363e+01,2.064816e+01,2.071789e+01,2.066211e+01,2.073182e+01,2.069697e+01,2.057140e+01,2.059234e+01,2.051554e+01,2.047362e+01,2.031278e+01,2.013065e+01,2.009559e+01,1.991306e+01,1.970205e+01,1.967388e+01,1.945529e+01,1.934229e+01,1.937055e+01,1.905213e+01,1.903087e+01,1.898832e+01,1.891738e+01,1.892448e+01,1.903087e+01,1.903087e+01,1.900960e+01,1.911590e+01,1.908756e+01,1.912298e+01,1.908047e+01,1.904504e+01,1.903795e+01,1.913714e+01,1.908756e+01,1.908756e+01,1.915838e+01,1.910881e+01,1.908047e+01,1.920085e+01,1.910881e+01,1.920793e+01,1.920793e+01,1.919378e+01,1.927867e+01,1.922916e+01,1.928574e+01,1.931402e+01,1.931402e+01,1.936349e+01,1.943411e+01,1.950469e+01,1.946235e+01,1.946235e+01,1.959637e+01,1.973021e+01,1.965979e+01,1.966683e+01,1.979354e+01,1.983574e+01,1.982168e+01,2.001841e+01,1.993414e+01,1.992711e+01,1.999033e+01,1.995521e+01,1.989198e+01,1.996926e+01,1.999735e+01,2.000437e+01,2.008857e+01,1.994117e+01,2.006753e+01,2.008156e+01,2.006753e+01,2.010961e+01,2.018673e+01,2.011663e+01,2.023577e+01,2.014467e+01,2.031978e+01,2.030578e+01,2.048759e+01,2.046663e+01,2.057140e+01,2.058536e+01,2.089896e+01,2.066211e+01,2.048759e+01,2.037575e+01,2.038974e+01,2.017271e+01,2.012364e+01,1.999033e+01,1.978650e+01,1.982168e+01,1.982871e+01,1.977243e+01,1.994819e+01,1.993414e+01,2.004648e+01,2.027078e+01,2.035476e+01,2.036875e+01,2.031978e+01,2.043169e+01,2.042470e+01,2.021475e+01,2.032678e+01,2.041071e+01,2.038974e+01,2.041770e+01,2.039673e+01,2.042470e+01,2.041071e+01,2.044567e+01,2.044567e+01,2.033377e+01,2.047362e+01,2.038974e+01,2.043868e+01,2.056442e+01,2.044567e+01,2.070394e+01,2.071091e+01,2.078060e+01,2.079453e+01,2.078060e+01,2.091983e+01,2.080150e+01,2.085720e+01,2.077363e+01,2.079453e+01,2.056442e+01,2.074576e+01,2.075273e+01,2.080846e+01,2.077363e+01,2.075273e+01,2.080150e+01,2.084328e+01,2.080150e+01,2.078757e+01,2.089200e+01,2.084328e+01,2.080150e+01,2.083632e+01,2.080150e+01,2.071789e+01,2.076667e+01,2.058536e+01,2.022176e+01,1.973021e+01,1.908756e+01,1.882508e+01,1.903795e+01,1.946941e+01,2.019373e+01,2.055743e+01,2.068303e+01,2.071789e+01,2.072486e+01,2.067605e+01,2.077363e+01,2.073182e+01,2.080846e+01,2.081543e+01,2.080846e+01,2.067605e+01,2.080150e+01,2.085024e+01,2.078060e+01,2.075970e+01,2.078757e+01,2.074576e+01,2.078757e+01,2.073879e+01,2.077363e+01,2.078757e+01,2.070394e+01,2.074576e+01,2.073182e+01,2.079453e+01,2.073879e+01,2.069000e+01,2.075970e+01,2.065513e+01,2.075273e+01,2.069697e+01,2.079453e+01,2.070394e+01,2.078757e+01,2.082239e+01,2.078060e+01,2.075273e+01,2.080150e+01,2.077363e+01,2.078060e+01,2.074576e+01,2.077363e+01,2.075970e+01,2.075970e+01,2.076667e+01,2.080846e+01,2.084328e+01,2.082935e+01,2.080150e+01,2.076667e+01,2.081543e+01,2.075273e+01,2.073879e+01,2.075970e+01,2.085024e+01,2.078060e+01,2.078060e+01,2.080846e+01,2.081543e+01,2.088504e+01,2.080846e+01,2.087808e+01,2.082935e+01,2.073182e+01,2.094070e+01,2.082239e+01,2.080846e+01,2.092679e+01,2.082935e+01,2.080150e+01,2.073879e+01,2.082935e+01,2.085720e+01,2.078060e+01,2.083632e+01,2.078060e+01,2.089896e+01,2.094765e+01,2.097547e+01,2.091287e+01,2.085720e+01,2.089896e+01,2.091983e+01,2.087808e+01,2.085024e+01,2.088504e+01,2.099632e+01,2.078060e+01,2.091287e+01,2.085024e+01,2.085720e+01,2.093374e+01,2.088504e+01,2.091983e+01,2.082239e+01,2.093374e+01,2.091983e+01,2.091983e+01,2.080846e+01,2.080846e+01,2.080846e+01,2.084328e+01,2.095461e+01,2.091983e+01,2.080846e+01,2.086416e+01,2.081543e+01,2.086416e+01,2.086416e+01,2.082239e+01,2.086416e+01,2.085720e+01,2.085720e+01,2.082935e+01,2.081543e+01,2.073879e+01,2.079453e+01,2.089200e+01,2.086416e+01,2.075970e+01,2.073879e+01,2.098937e+01,2.096852e+01,2.080846e+01,2.086416e+01,2.089200e+01,2.088504e+01,2.093374e+01,2.086416e+01,2.081543e+01,2.086416e+01,2.085720e+01,2.082935e+01,2.089200e+01,2.082935e+01,2.083632e+01,2.084328e+01,2.079453e+01,2.083632e+01,2.086416e+01,2.084328e+01,2.090592e+01,2.075273e+01,2.075273e+01,2.080150e+01,2.084328e+01,2.088504e+01,2.078757e+01,2.085024e+01,2.085024e+01,2.080150e+01,2.089896e+01,2.077363e+01,2.087808e+01,2.091287e+01,2.078757e+01,2.091983e+01,2.085024e+01,2.082239e+01,2.082935e+01,2.084328e+01,2.078757e+01,2.091983e+01,2.082935e+01,2.101023e+01,2.096852e+01,2.095461e+01,2.082239e+01,2.093374e+01,2.094070e+01,2.073182e+01,2.096156e+01,2.094070e+01,2.094070e+01,2.079453e+01,2.095461e+01,2.088504e+01,2.099632e+01,2.087112e+01,2.080846e+01,2.094070e+01,2.096852e+01,2.092679e+01,2.084328e+01,2.094070e+01,2.088504e+01,2.085720e+01,2.071789e+01,2.085720e+01,2.085720e+01,2.086416e+01,2.087112e+01,2.087112e+01,2.089896e+01,2.089200e+01,2.089200e+01,2.088504e+01,2.089200e+01,2.094070e+01,2.081543e+01,2.075970e+01,2.082239e+01,2.078060e+01,2.089200e+01,2.081543e+01,2.081543e+01,2.081543e+01,2.080846e+01,2.094070e+01,2.075273e+01,2.087112e+01,2.085720e+01,2.090592e+01,2.081543e+01,2.091983e+01,2.091983e+01,2.092679e+01,2.092679e+01,2.093374e+01,2.096852e+01,2.091287e+01,2.080150e+01,2.092679e+01,2.084328e+01,2.083632e+01,2.091287e+01,2.087112e+01,2.080150e+01,2.085024e+01,2.085024e+01,2.073879e+01,2.067605e+01,2.078060e+01,2.086416e+01,2.087112e+01,2.080846e+01,2.086416e+01,2.079453e+01,2.078757e+01,2.085720e+01,2.082935e+01,2.081543e+01,2.082935e+01,2.082239e+01,2.084328e+01,2.087112e+01,2.080846e+01,2.085024e+01,2.078757e+01,2.078757e+01,2.084328e+01,2.080150e+01,2.083632e+01,2.093374e+01,2.095461e+01,2.082935e+01,2.082935e+01,2.084328e+01,2.087112e+01,2.088504e+01,2.083632e+01,2.085024e+01,2.082935e+01,2.081543e+01,2.085720e+01,2.098937e+01,2.082935e+01,2.085720e+01,2.091983e+01,2.077363e+01,2.077363e+01,2.077363e+01,2.096156e+01
1.816223e+01,1.807638e+01,1.810501e+01,1.802627e+01,1.798329e+01,1.789728e+01,1.788294e+01,1.791879e+01,1.779684e+01,1.768912e+01,1.776813e+01,1.780402e+01,1.825516e+01,1.836227e+01,1.824087e+01,1.826230e+01,1.862598e+01,1.918670e+01,1.986386e+01,2.047362e+01,2.069697e+01,2.078757e+01,2.073879e+01,2.075273e+01,2.075970e+01,2.075970e+01,2.080150e+01,2.070394e+01,2.069000e+01,2.085024e+01,2.081543e+01,2.078060e+01,2.085024e+01,2.087808e+01,2.072486e+01,2.078060e+01,2.078060e+01,2.091983e+01,2.086416e+01,2.076667e+01,2.072486e+01,2.082935e+01,2.078757e+01,2.083632e+01,2.087112e+01,2.085024e+01,2.082239e+01,2.086416e+01,2.084328e+01,2.082935e+01,2.086416e+01,2.078757e+01,2.076667e+01,2.079453e+01,2.087112e+01,2.080150e+01,2.084328e+01,2.083632e+01,2.082239e+01,2.087808e+01,2.081543e+01,2.085720e+01,2.081543e+01,2.080846e+01,2.085024e+01,2.083632e+01,2.085024e+01,2.081543e+01,2.075970e+01,2.071789e+01,2.078757e+01,2.080150e+01,2.077363e+01,2.076667e+01,2.083632e+01,2.083632e+01,2.080150e+01,2.072486e+01,2.080846e+01,2.076667e+01,2.070394e+01,2.087808e+01,2.086416e+01,2.085024e+01,2.084328e+01,2.080150e+01,2.080846e+01,2.081543e+01,2.082935e+01,2.079453e+01,2.076667e+01,2.079453e+01,2.091287e+01,2.089200e+01,2.092679e+01,2.071789e+01,2.069000e+01,2.071091e+01,2.082935e+01,2.074576e+01,2.082935e+01,2.071091e+01,2.085024e+01,2.087808e+01,2.075273e+01,2.083632e+01,2.075970e+01,2.077363e+01,2.078060e+01,2.079453e+01,2.078060e+01,2.084328e+01,2.082239e+01,2.096852e+01,2.085024e+01,2.085720e+01,2.086416e+01,2.087808e+01,2.081543e+01,2.067605e+01,2.074576e+01,2.079453e+01,2.078757e+01,2.081543e+01,2.086416e+01,2.075970e+01,2.074576e+01,2.073879e+01,2.076667e+01,2.077363e+01,2.064816e+01,2.075273e+01,2.072486e+01,2.080846e+01,2.077363e+01,2.086416e+01,2.076667e+01,2.082239e+01,2.082239e+01,2.077363e+01,2.091983e+01,2.081543e+01,2.080150e+01,2.089200e+01,2.083632e+01,2.082935e+01,2.080150e+01,2.089200e+01,2.083632e+01,2.088504e+01,2.085720e+01,2.083632e+01,2.080150e+01,2.082935e+01,2.091983e+01,2.089200e+01,2.063420e+01,2.085720e+01,2.071091e+01,2.078060e+01,2.075970e+01,2.077363e+01,2.064118e+01,2.066211e+01,2.079453e+01,2.080150e+01,2.080846e+01,2.078060e+01,2.066211e+01,2.075970e+01,2.079453e+01,2.078757e+01,2.068303e+01,2.058536e+01,2.053649e+01,2.031978e+01,1.998330e+01,1.963865e+01,1.963865e+01,1.965274e+01,1.949764e+01,1.951880e+01,1.945529e+01,1.956817e+01,1.953291e+01,1.955407e+01,1.965979e+01,1.965979e+01,1.976540e+01,1.996926e+01,2.010260e+01,1.997628e+01,2.008857e+01,2.032678e+01,2.032678e+01,2.055743e+01,2.053649e+01,2.064118e+01,2.059932e+01,2.069000e+01,2.063420e+01,2.067605e+01,2.070394e+01,2.084328e+01,2.079453e+01,2.078757e+01,2.074576e+01,2.086416e+01,2.064118e+01,2.065513e+01,2.067605e+01,2.075970e+01,2.080150e+01,2.075273e+01,2.060629e+01,2.059932e+01,2.051554e+01,2.033377e+01,2.027778e+01,2.005350e+01,1.994819e+01,1.989198e+01,1.985683e+01,1.964570e+01,1.930695e+01,1.930695e+01,1.912298e+01,1.913714e+01,1.913006e+01,1.894576e+01,1.894576e+01,1.899541e+01,1.901669e+01,1.893157e+01,1.895286e+01,1.894576e+01,1.908047e+01,1.905213e+01,1.900960e+01,1.904504e+01,1.908047e+01,1.910173e+01,1.920085e+01,1.917962e+01,1.908756e+01,1.912298e+01,1.915130e+01,1.912298e+01,1.910173e+01,1.915838e+01,1.909464e+01,1.917962e+01,1.920085e+01,1.921501e+01,1.920793e+01,1.927160e+01,1.931402e+01,1.929988e+01,1.932109e+01,1.938468e+01,1.939174e+01,1.943411e+01,1.965979e+01,1.963865e+01,1.949764e+01,1.961751e+01,1.969500e+01,1.969500e+01,1.982871e+01,1.987090e+01,1.984980e+01,1.996224e+01,1.989901e+01,1.994117e+01,1.991306e+01,2.004648e+01,1.999735e+01,2.001841e+01,2.000437e+01,2.003244e+01,2.003244e+01,2.001139e+01,2.006051e+01,2.002542e+01,2.010260e+01,2.013065e+01,2.018673e+01,2.022176e+01,2.017271e+01,2.030578e+01,2.034777e+01,2.033377e+01,2.040372e+01,2.055743e+01,2.045266e+01,2.044567e+01,2.035476e+01,2.062025e+01,2.035476e+01,2.036176e+01,2.015869e+01,2.001139e+01,1.987090e+01,1.992009e+01,1.977243e+01,1.976540e+01,1.987792e+01,1.985683e+01,1.996224e+01,1.996926e+01,2.007454e+01,2.034777e+01,2.030578e+01,2.038274e+01,2.033377e+01,2.026378e+01,2.041071e+01,2.043868e+01,2.031978e+01,2.041770e+01,2.041071e+01,2.039673e+01,2.047362e+01,2.050855e+01,2.046663e+01,2.048759e+01,2.042470e+01,2.048759e+01,2.057838e+01,2.053649e+01,2.060629e+01,2.059932e+01,2.070394e+01,2.075273e+01,2.076667e+01,2.081543e+01,2.086416e+01,2.090592e+01,2.082239e+01,2.075970e+01,2.082935e+01,2.080846e+01,2.081543e+01,2.077363e+01,2.080150e+01,2.084328e+01,2.084328e+01,2.089200e+01,2.083632e+01,2.082935e+01,2.078757e+01,2.080150e+01,2.082935e+01,2.087112e+01,2.074576e+01,2.079453e+01,2.079453e+01,2.076667e+01,2.082935e+01,2.057838e+01,2.020774e+01,1.948352e+01,1.896704e+01,1.873980e+01,1.898123e+01,1.954701e+01,2.018673e+01,2.062723e+01,2.066908e+01,2.073182e+01,2.078757e+01,2.079453e+01,2.090592e+01,2.087808e+01,2.073879e+01,2.081543e+01,2.080150e+01,2.074576e+01,2.080150e+01,2.062025e+01,2.080846e+01,2.071789e+01,2.083632e+01,2.075273e+01,2.081543e+01,2.085024e+01,2.079453e+01,2.073879e+01,2.072486e+01,2.080846e+01,2.085024e+01,2.069697e+01,2.071091e+01,2.078060e+01,2.067605e+01,2.071789e+01,2.078060e+01,2.078757e+01,2.075970e+01,2.077363e+01,2.073182e+01,2.072486e+01,2.074576e+01,2.078060e+01,2.071789e+01,2.080846e+01,2.072486e+01,2.075273e+01,2.077363e+01,2.075273e+01,2.081543e+01,2.081543e+01,2.076667e+01,2.074576e+01,2.079453e+01,2.069697e+01,2.083632e+01,2.089896e+01,2.075273e+01,2.076667e+01,2.084328e+01,2.086416e+01,2.082935e+01,2.091983e+01,2.078757e+01,2.080846e+01,2.084328e+01,2.082935e+01,2.077363e+01,2.076667e+01,2.077363e+01,2.083632e+01,2.086416e+01,2.073879e+01,2.083632e+01,2.082239e+01,2.085720e+01,2.095461e+01,2.074576e+01,2.090592e+01,2.079453e+01,2.091983e+01,2.088504e+01,2.089200e+01,2.091983e+01,2.090592e+01,2.094070e+01,2.083632e+01,2.089896e+01,2.107276e+01,2.082935e+01,2.089200e+01,2.087808e+01,2.094070e+01,2.089200e+01,2.092679e+01,2.091983e+01,2.088504e+01,2.089200e+01,2.088504e+01,2.094070e+01,2.089200e+01,2.088504e+01,2.083632e+01,2.092679e+01,2.080150e+01,2.081543e+01,2.084328e+01,2.086416e+01,2.074576e+01,2.097547e+01,2.100327e+01,2.098937e+01,2.094765e+01,2.088504e+01,2.085024e+01,2.083632e+01,2.080150e+01,2.082239e+01,2.089896e+01,2.083632e+01,2.080846e+01,2.081543e+01,2.083632e+01,2.091287e+01,2.088504e+01,2.072486e+01,2.088504e+01,2.094070e+01,2.092679e+01,2.084328e+01,2.088504e+01,2.085024e+01,2.085024e+01,2.092679e+01,2.080846e+01,2.079453e+01,2.082239e+01,2.098242e+01,2.083632e+01,2.075970e+01,2.094765e+01,2.093374e+01,2.078060e+01,2.089896e+01,2.094765e+01,2.083632e+01,2.088504e+01,2.087112e+01,2.094070e+01,2.089896e+01,2.094765e+01,2.078060e+01,2.086416e+01,2.082239e+01,2.089200e+01,2.101023e+01,2.088504e+01,2.091983e+01,2.085720e+01,2.090592e+01,2.089200e+01,2.088504e+01,2.089896e+01,2.082935e+01,2.078060e+01,2.083632e+01,2.080846e+01,2.083632e+01,2.093374e+01,2.080150e+01,2.098242e+01,2.087112e+01,2.088504e+01,2.090592e+01,2.087808e+01,2.100327e+01,2.078757e+01,2.071789e+01,2.096156e+01,2.087112e+01,2.094070e+01,2.094765e+01,2.081543e+01,2.096852e+01,2.094070e+01,2.091983e+01,2.079453e+01,2.094765e+01,2.094070e+01,2.093374e+01,2.089896e+01,2.087112e+01,2.096852e+01,2.088504e+01,2.096156e+01,2.084328e+01,2.091983e+01,2.085720e+01,2.087808e+01,2.089200e+01,2.087808e+01,2.088504e+01,2.087808e+01,2.085024e+01,2.083632e+01,2.082239e+01,2.094070e+01,2.094765e+01,2.082935e+01,2.098242e+01,2.080150e+01,2.081543e+01,2.082239e+01,2.105192e+01,2.085024e+01,2.096852e+01,2.096156e+01,2.093374e+01,2.091287e+01,2.091287e+01,2.087112e+01,2.090592e+01,2.085024e+01,2.085024e+01,2.095461e+01,2.097547e+01,2.091287e+01,2.081543e+01,2.094070e+01,2.085024e+01,2.085720e+01,2.092679e+01,2.092679e+01,2.083632e+01,2.082935e+01,2.103802e+01,2.081543e+01,2.085024e+01,2.088504e+01,2.087112e+01,2.085720e+01,2.080846e+01,2.079453e+01,2.078757e+01,2.085720e+01,2.079453e+01,2.086416e+01,2.103107e+01,2.104497e+01,2.085024e+01,2.098937e+01,2.086416e+01,2.083632e+01,2.092679e+01,2.080846e+01,2.079453e+01,2.082239e+01,2.085024e+01,2.089200e+01,2.095461e+01,2.091287e+01,2.096852e+01,2.089200e+01,2.087808e+01,2.087112e+01,2.090592e+01,2.080150e+01,2.080846e+01,2.084328e+01,2.083632e+01,2.085024e+01,2.101718e+01,2.095461e+01,2.108665e+01,2.081543e+01,2.077363e+01,2.076667e+01,2.077363e+01,2.075273e+01
1.817653e+01,1.823372e+01,1.809069e+01,1.820513e+01,1.790445e+01,1.794029e+01,1.776813e+01,1.771786e+01,1.771067e+01,1.759566e+01,1.763880e+01,1.787577e+01,1.818369e+01,1.828373e+01,1.831230e+01,1.829087e+01,1.859750e+01,1.902378e+01,1.948352e+01,2.030578e+01,2.076667e+01,2.067605e+01,2.089896e+01,2.082935e+01,2.073182e+01,2.077363e+01,2.081543e+01,2.080846e+01,2.073182e+01,2.081543e+01,2.080846e+01,2.066908e+01,2.080150e+01,2.075970e+01,2.083632e+01,2.077363e+01,2.085024e+01,2.080150e+01,2.074576e+01,2.073182e+01,2.079453e+01,2.082239e+01,2.083632e+01,2.077363e+01,2.082935e+01,2.081543e+01,2.082239e+01,2.082239e+01,2.075970e+01,2.082239e+01,2.078757e+01,2.089200e+01,2.088504e+01,2.075273e+01,2.080150e+01,2.088504e+01,2.076667e+01,2.086416e+01,2.084328e+01,2.086416e+01,2.088504e+01,2.082935e+01,2.082239e+01,2.082935e+01,2.083632e+01,2.085720e+01,2.086416e+01,2.077363e+01,2.067605e+01,2.087808e+01,2.078757e+01,2.078757e+01,2.073879e+01,2.062723e+01,2.075273e+01,2.080846e+01,2.079453e+01,2.074576e+01,2.080150e+01,2.074576e+01,2.078757e+01,2.087808e+01,2.081543e+01,2.086416e+01,2.071789e+01,2.085024e+01,2.084328e+01,2.086416e+01,2.075970e+01,2.079453e+01,2.080150e+01,2.080150e+01,2.080846e+01,2.080150e+01,2.080150e+01,2.077363e+01,2.078060e+01,2.080846e+01,2.071789e+01,2.086416e+01,2.085720e+01,2.080150e+01,2.083632e+01,2.085720e+01,2.077363e+01,2.078757e+01,2.083632e+01,2.087808e+01,2.078757e+01,2.093374e+01,2.074576e+01,2.077363e+01,2.077363e+01,2.085024e+01,2.085024e+01,2.073182e+01,2.086416e+01,2.086416e+01,2.096156e+01,2.087112e+01,2.076667e+01,2.078060e+01,2.080846e+01,2.085024e+01,2.071789e+01,2.080846e+01,2.078757e+01,2.075273e+01,2.089200e+01,2.073879e+01,2.074576e+01,2.076667e+01,2.088504e+01,2.087808e+01,2.083632e+01,2.093374e+01,2.081543e+01,2.082935e+01,2.081543e+01,2.087808e+01,2.085024e+01,2.081543e+01,2.086416e+01,2.077363e+01,2.080846e+01,2.079453e+01,2.089896e+01,2.081543e+01,2.085720e+01,2.077363e+01,2.082239e+01,2.082239e+01,2.083632e+01,2.089200e+01,2.080846e+01,2.075970e+01,2.089200e+01,2.084328e+01,2.076667e+01,2.075970e+01,2.079453e+01,2.071091e+01,2.080150e+01,2.077363e+01,2.075970e+01,2.076667e+01,2.083632e+01,2.074576e+01,2.079453e+01,2.076667e+01,2.076667e+01,2.069697e+01,2.080150e+01,2.065513e+01,2.052950e+01,2.039673e+01,2.020774e+01,2.020774e+01,1.989901e+01,1.992711e+01,1.975836e+01,1.988495e+01,1.979354e+01,2.007454e+01,1.987792e+01,1.990604e+01,2.008156e+01,2.008857e+01,2.029178e+01,2.031978e+01,2.032678e+01,2.055045e+01,2.055045e+01,2.053649e+01,2.052950e+01,2.054347e+01,2.068303e+01,2.068303e+01,2.067605e+01,2.080846e+01,2.069697e+01,2.085720e+01,2.075273e+01,2.069000e+01,2.074576e+01,2.079453e+01,2.071091e+01,2.076667e+01,2.078060e+01,2.081543e+01,2.079453e+01,2.069000e+01,2.060629e+01,2.040372e+01,2.057838e+01,2.038974e+01,2.031278e+01,2.007454e+01,2.001841e+01,1.993414e+01,1.977243e+01,1.968796e+01,1.961047e+01,1.931402e+01,1.932815e+01,1.900960e+01,1.903795e+01,1.898832e+01,1.899541e+01,1.895286e+01,1.881797e+01,1.895995e+01,1.891738e+01,1.900960e+01,1.907339e+01,1.901669e+01,1.910173e+01,1.899541e+01,1.898832e+01,1.905922e+01,1.902378e+01,1.911590e+01,1.916546e+01,1.910881e+01,1.900960e+01,1.911590e+01,1.910173e+01,1.912298e+01,1.917254e+01,1.916546e+01,1.913714e+01,1.919378e+01,1.917254e+01,1.927867e+01,1.925745e+01,1.916546e+01,1.927867e+01,1.932109e+01,1.939881e+01,1.933522e+01,1.937762e+01,1.941293e+01,1.946941e+01,1.946235e+01,1.964570e+01,1.956112e+01,1.973021e+01,1.982871e+01,1.982871e+01,1.980761e+01,1.980761e+01,1.987792e+01,1.990604e+01,1.991306e+01,1.995521e+01,1.990604e+01,1.999033e+01,2.000437e+01,1.997628e+01,1.999033e+01,2.006051e+01,1.998330e+01,2.000437e+01,2.006051e+01,2.009559e+01,2.013065e+01,2.017972e+01,2.024977e+01,2.024977e+01,2.010961e+01,2.013065e+01,2.010961e+01,2.035476e+01,2.027778e+01,2.029878e+01,2.017972e+01,2.035476e+01,2.038974e+01,2.031278e+01,2.036176e+01,2.011663e+01,2.004648e+01,1.984980e+01,1.983574e+01,1.975836e+01,1.978650e+01,1.987792e+01,1.989198e+01,1.999735e+01,2.006051e+01,2.000437e+01,2.029878e+01,2.020074e+01,2.044567e+01,2.045266e+01,2.045964e+01,2.043169e+01,2.042470e+01,2.045266e+01,2.041770e+01,2.038974e+01,2.050157e+01,2.050157e+01,2.034777e+01,2.055045e+01,2.055743e+01,2.045266e+01,2.056442e+01,2.045266e+01,2.063420e+01,2.059932e+01,2.059234e+01,2.086416e+01,2.074576e+01,2.075970e+01,2.082935e+01,2.081543e+01,2.083632e+01,2.082239e+01,2.076667e+01,2.084328e+01,2.076667e+01,2.084328e+01,2.076667e+01,2.073182e+01,2.077363e+01,2.086416e+01,2.082239e+01,2.081543e+01,2.085720e+01,2.084328e+01,2.079453e+01,2.081543e+01,2.080846e+01,2.078060e+01,2.079453e+01,2.078060e+01,2.082239e+01,2.078060e+01,2.059932e+01,2.020074e+01,1.947647e+01,1.898123e+01,1.873980e+01,1.903087e+01,1.983574e+01,2.022176e+01,2.066908e+01,2.069000e+01,2.072486e+01,2.074576e+01,2.088504e+01,2.087808e+01,2.075970e+01,2.076667e+01,2.076667e+01,2.075970e+01,2.074576e+01,2.074576e+01,2.079453e+01,2.074576e+01,2.074576e+01,2.073879e+01,2.076667e+01,2.056442e+01,2.078060e+01,2.078757e+01,2.083632e+01,2.083632e+01,2.078060e+01,2.075970e+01,2.084328e+01,2.072486e+01,2.070394e+01,2.073182e+01,2.075970e+01,2.077363e+01,2.067605e+01,2.078757e+01,2.081543e+01,2.080846e+01,2.072486e+01,2.077363e+01,2.078060e+01,2.076667e+01,2.077363e+01,2.080846e+01,2.083632e+01,2.078757e+01,2.078060e+01,2.082935e+01,2.073879e+01,2.080846e+01,2.069697e+01,2.073879e+01,2.078060e+01,2.080150e+01,2.079453e+01,2.073879e+01,2.086416e+01,2.078757e+01,2.088504e+01,2.091983e+01,2.078060e+01,2.082935e+01,2.079453e+01,2.082935e+01,2.078060e+01,2.078060e+01,2.076667e+01,2.085720e+01,2.084328e+01,2.076667e+01,2.079453e+01,2.082239e+01,2.075970e+01,2.087112e+01,2.082935e+01,2.089200e+01,2.092679e+01,2.096156e+01,2.095461e+01,2.082239e+01,2.088504e+01,2.087808e+01,2.090592e+01,2.090592e+01,2.090592e+01,2.091287e+01,2.082935e+01,2.093374e+01,2.096156e+01,2.085024e+01,2.096852e+01,2.096156e+01,2.092679e+01,2.082239e+01,2.094070e+01,2.086416e+01,2.085720e+01,2.091983e+01,2.090592e+01,2.088504e+01,2.085024e+01,2.083632e+01,2.083632e+01,2.082935e+01,2.085024e+01,2.083632e+01,2.093374e+01,2.082239e+01,2.082935e+01,2.087112e+01,2.082935e+01,2.093374e+01,2.082239e+01,2.081543e+01,2.083632e+01,2.080150e+01,2.063420e+01,2.086416e+01,2.093374e+01,2.083632e+01,2.084328e+01,2.074576e+01,2.088504e+01,2.084328e+01,2.086416e+01,2.088504e+01,2.080846e+01,2.087112e+01,2.087808e+01,2.088504e+01,2.090592e+01,2.090592e+01,2.088504e+01,2.082239e+01,2.089200e+01,2.086416e+01,2.080846e+01,2.087112e+01,2.096156e+01,2.081543e+01,2.087808e+01,2.085024e+01,2.087808e+01,2.086416e+01,2.082239e+01,2.083632e+01,2.088504e+01,2.089200e+01,2.080150e+01,2.079453e+01,2.085024e+01,2.087112e+01,2.090592e+01,2.083632e+01,2.089200e+01,2.091287e+01,2.087808e+01,2.084328e+01,2.095461e+01,2.088504e+01,2.076667e+01,2.092679e+01,2.086416e+01,2.082935e+01,2.081543e+01,2.095461e+01,2.089896e+01,2.093374e+01,2.080846e+01,2.084328e+01,2.091983e+01,2.085720e+01,2.086416e+01,2.089896e+01,2.090592e+01,2.094070e+01,2.101023e+01,2.082935e+01,2.094765e+01,2.087808e+01,2.091983e+01,2.083632e+01,2.081543e+01,2.080150e+01,2.086416e+01,2.091983e+01,2.096156e+01,2.094070e+01,2.094070e+01,2.120465e+01,2.096156e+01,2.073182e+01,2.089200e+01,2.087808e+01,2.093374e+01,2.095461e+01,2.091983e+01,2.085720e+01,2.098937e+01,2.101718e+01,2.103107e+01,2.084328e+01,2.086416e+01,2.080150e+01,2.085024e+01,2.083632e+01,2.086416e+01,2.085720e+01,2.096852e+01,2.084328e+01,2.094765e+01,2.088504e+01,2.087112e+01,2.085024e+01,2.092679e+01,2.094765e+01,2.091983e+01,2.094765e+01,2.110748e+01,2.091983e+01,2.089896e+01,2.090592e+01,2.094765e+01,2.089200e+01,2.088504e+01,2.089200e+01,2.091287e+01,2.091287e+01,2.093374e+01,2.091287e+01,2.090592e+01,2.093374e+01,2.094070e+01,2.082935e+01,2.091983e+01,2.082239e+01,2.082935e+01,2.083632e+01,2.096156e+01,2.100327e+01,2.081543e+01,2.076667e+01,2.078757e+01,2.079453e+01,2.103802e+01,2.099632e+01,2.082239e+01,2.090592e+01,2.082935e+01,2.089896e+01,2.081543e+01,2.088504e+01,2.085024e+01,2.082239e+01,2.083632e+01,2.096156e+01,2.082935e+01,2.091287e+01,2.084328e+01,2.088504e+01,2.082935e+01,2.081543e+01,2.095461e+01,2.091983e+01,2.091287e+01,2.080150e+01,2.091287e+01,2.081543e+01,2.089896e+01,2.095461e+01,2.094765e+01,2.101023e+01,2.106581e+01,2.113526e+01,2.092679e+01,2.083632e+01,2.081543e+01
1.816938e+01,1.810501e+01,1.811216e+01,1.808354e+01,1.788294e+01,1.789011e+01,1.778249e+01,1.771067e+01,1.767474e+01,1.771067e+01,1.769630e+01,1.789728e+01,1.806922e+01,1.818369e+01,1.828373e+01,1.829087e+01,1.851915e+01,1.920793e+01,1.946941e+01,2.022876e+01,2.072486e+01,2.072486e+01,2.072486e+01,2.078060e+01,2.077363e+01,2.079453e+01,2.082239e+01,2.069697e+01,2.084328e+01,2.087112e+01,2.091287e+01,2.085720e+01,2.087112e+01,2.071789e+01,2.084328e+01,2.082239e+01,2.089896e+01,2.073182e+01,2.078757e+01,2.086416e+01,2.082935e+01,2.077363e+01,2.075273e+01,2.078060e+01,2.077363e+01,2.083632e+01,2.078060e+01,2.086416e+01,2.087808e+01,2.094765e+01,2.088504e+01,2.080846e+01,2.084328e+01,2.085720e+01,2.075970e+01,2.078060e+01,2.076667e+01,2.077363e+01,2.087808e+01,2.090592e+01,2.084328e+01,2.085024e+01,2.087808e+01,2.082935e+01,2.085024e+01,2.065513e+01,2.086416e+01,2.078060e+01,2.074576e+01,2.086416e+01,2.084328e+01,2.080150e+01,2.082935e+01,2.074576e+01,2.087808e+01,2.087112e+01,2.079453e+01,2.078060e+01,2.071789e+01,2.092679e+01,2.087808e+01,2.085720e+01,2.087112e+01,2.075273e+01,2.075970e+01,2.085024e+01,2.081543e+01,2.077363e+01,2.082239e+01,2.075273e+01,2.083632e+01,2.080150e+01,2.079453e+01,2.078060e+01,2.075970e+01,2.076667e+01,2.073879e+01,2.082239e+01,2.080150e+01,2.083632e+01,2.077363e+01,2.078060e+01,2.095461e+01,2.086416e+01,2.086416e+01,2.071789e+01,2.084328e+01,2.068303e+01,2.087808e+01,2.080150e+01,2.079453e+01,2.075273e+01,2.087808e+01,2.082935e+01,2.076667e+01,2.091287e+01,2.080150e+01,2.083632e+01,2.079453e+01,2.087112e+01,2.078060e+01,2.083632e+01,2.085024e+01,2.084328e+01,2.075273e+01,2.080846e+01,2.096852e+01,2.082239e+01,2.075273e+01,2.088504e+01,2.091287e+01,2.088504e+01,2.085720e+01,2.081543e+01,2.082935e+01,2.096852e+01,2.089896e+01,2.091287e+01,2.076667e+01,2.091983e+01,2.084328e+01,2.084328e+01,2.079453e+01,2.083632e+01,2.076667e+01,2.085024e+01,2.089896e+01,2.092679e+01,2.076667e+01,2.080150e+01,2.091287e+01,2.082239e+01,2.082935e+01,2.088504e+01,2.075273e+01,2.095461e+01,2.088504e+01,2.073182e+01,2.087112e+01,2.073182e+01,2.084328e+01,2.081543e+01,2.088504e+01,2.085720e+01,2.076667e+01,2.081543e+01,2.087808e+01,2.090592e+01,2.083632e+01,2.090592e+01,2.086416e+01,2.077363e+01,2.072486e+01,2.061327e+01,2.071091e+01,2.051554e+01,2.038974e+01,2.031978e+01,2.031278e+01,2.031978e+01,2.031278e+01,2.031278e+01,2.031978e+01,2.024977e+01,2.048061e+01,2.032678e+01,2.052950e+01,2.067605e+01,2.068303e+01,2.057838e+01,2.056442e+01,2.075970e+01,2.074576e+01,2.080846e+01,2.080150e+01,2.078060e+01,2.081543e+01,2.075970e+01,2.078060e+01,2.072486e+01,2.065513e+01,2.084328e+01,2.084328e+01,2.081543e+01,2.062723e+01,2.073879e+01,2.078757e+01,2.077363e+01,2.080150e+01,2.079453e+01,2.070394e+01,2.072486e+01,2.057140e+01,2.034777e+01,2.038974e+01,2.022876e+01,2.020774e+01,1.991306e+01,1.994819e+01,1.968796e+01,1.965274e+01,1.965979e+01,1.932109e+01,1.916546e+01,1.915130e+01,1.910881e+01,1.900251e+01,1.904504e+01,1.887479e+01,1.883928e+01,1.887479e+01,1.894576e+01,1.894576e+01,1.901669e+01,1.901669e+01,1.897414e+01,1.903795e+01,1.913006e+01,1.906630e+01,1.903795e+01,1.911590e+01,1.912298e+01,1.910173e+01,1.911590e+01,1.913006e+01,1.918670e+01,1.909464e+01,1.910173e+01,1.913714e+01,1.916546e+01,1.917254e+01,1.920793e+01,1.916546e+01,1.920793e+01,1.927867e+01,1.927867e+01,1.925745e+01,1.924331e+01,1.939881e+01,1.925038e+01,1.949764e+01,1.942705e+01,1.957522e+01,1.942705e+01,1.943411e+01,1.963161e+01,1.961047e+01,1.977947e+01,1.970205e+01,1.992711e+01,1.984277e+01,1.992711e+01,1.992009e+01,1.983574e+01,1.996926e+01,1.999735e+01,1.997628e+01,1.999735e+01,2.001841e+01,1.999033e+01,1.999033e+01,2.000437e+01,2.003946e+01,2.008857e+01,2.008857e+01,2.008857e+01,2.012364e+01,2.009559e+01,2.010260e+01,2.010260e+01,1.996224e+01,2.010961e+01,2.008156e+01,2.014467e+01,2.009559e+01,2.013766e+01,2.027078e+01,2.019373e+01,2.023577e+01,2.024277e+01,2.000437e+01,2.012364e+01,1.996224e+01,1.996224e+01,1.968796e+01,1.968092e+01,1.975836e+01,1.979354e+01,1.984277e+01,1.998330e+01,1.997628e+01,2.015168e+01,2.039673e+01,2.028478e+01,2.037575e+01,2.047362e+01,2.041071e+01,2.045964e+01,2.030578e+01,2.048759e+01,2.041071e+01,2.050157e+01,2.044567e+01,2.048061e+01,2.051554e+01,2.052252e+01,2.055045e+01,2.072486e+01,2.057140e+01,2.052252e+01,2.064816e+01,2.069697e+01,2.089896e+01,2.075273e+01,2.080150e+01,2.083632e+01,2.093374e+01,2.085024e+01,2.086416e+01,2.082935e+01,2.081543e+01,2.082239e+01,2.076667e+01,2.077363e+01,2.078060e+01,2.084328e+01,2.082239e+01,2.085720e+01,2.085024e+01,2.084328e+01,2.080150e+01,2.081543e+01,2.078060e+01,2.080846e+01,2.098242e+01,2.083632e+01,2.077363e+01,2.082935e+01,2.078060e+01,2.058536e+01,2.021475e+01,1.946235e+01,1.896704e+01,1.874691e+01,1.903087e+01,1.985683e+01,2.023577e+01,2.062723e+01,2.069000e+01,2.072486e+01,2.079453e+01,2.087112e+01,2.087808e+01,2.077363e+01,2.077363e+01,2.073879e+01,2.075970e+01,2.074576e+01,2.078757e+01,2.080846e+01,2.075970e+01,2.080846e+01,2.076667e+01,2.078060e+01,2.078060e+01,2.080150e+01,2.079453e+01,2.081543e+01,2.083632e+01,2.070394e+01,2.094765e+01,2.083632e+01,2.087112e+01,2.074576e+01,2.073182e+01,2.078757e+01,2.078060e+01,2.077363e+01,2.082239e+01,2.073879e+01,2.067605e+01,2.078757e+01,2.078060e+01,2.079453e+01,2.071789e+01,2.069000e+01,2.080150e+01,2.082239e+01,2.069697e+01,2.091983e+01,2.087112e+01,2.075273e+01,2.080846e+01,2.084328e+01,2.078757e+01,2.084328e+01,2.080150e+01,2.075970e+01,2.089200e+01,2.085720e+01,2.080150e+01,2.077363e+01,2.078060e+01,2.093374e+01,2.079453e+01,2.091287e+01,2.082239e+01,2.079453e+01,2.073182e+01,2.080150e+01,2.075273e+01,2.074576e+01,2.082935e+01,2.086416e+01,2.080846e+01,2.084328e+01,2.083632e+01,2.080150e+01,2.075970e+01,2.096156e+01,2.085720e+01,2.080846e+01,2.089896e+01,2.094070e+01,2.088504e+01,2.086416e+01,2.082935e+01,2.089896e+01,2.091983e+01,2.093374e+01,2.090592e+01,2.096852e+01,2.096156e+01,2.087112e+01,2.087808e+01,2.085720e+01,2.094070e+01,2.094070e+01,2.093374e+01,2.089200e+01,2.092679e+01,2.093374e+01,2.087808e+01,2.083632e+01,2.088504e+01,2.096156e+01,2.085024e+01,2.099632e+01,2.084328e+01,2.085720e+01,2.082935e+01,2.085720e+01,2.094070e+01,2.084328e+01,2.103802e+01,2.090592e+01,2.085720e+01,2.080150e+01,2.078757e+01,2.082239e+01,2.080846e+01,2.090592e+01,2.087808e+01,2.088504e+01,2.079453e+01,2.073879e+01,2.090592e+01,2.086416e+01,2.085024e+01,2.085024e+01,2.087112e+01,2.086416e+01,2.086416e+01,2.093374e+01,2.089200e+01,2.077363e+01,2.087112e+01,2.088504e+01,2.086416e+01,2.090592e+01,2.086416e+01,2.100327e+01,2.091983e+01,2.087808e+01,2.084328e+01,2.084328e+01,2.088504e+01,2.087112e+01,2.087112e+01,2.096156e+01,2.073879e+01,2.094765e+01,2.082935e+01,2.088504e+01,2.084328e+01,2.087112e+01,2.091983e+01,2.092679e+01,2.088504e+01,2.091983e+01,2.080846e+01,2.093374e+01,2.085024e+01,2.094070e+01,2.088504e+01,2.097547e+01,2.096156e+01,2.091983e+01,2.078757e+01,2.096156e+01,2.078757e+01,2.101718e+01,2.082935e+01,2.096852e+01,2.094765e+01,2.091287e+01,2.089200e+01,2.096852e+01,2.085720e+01,2.080846e+01,2.083632e+01,2.087808e+01,2.084328e+01,2.100327e+01,2.086416e+01,2.089896e+01,2.096852e+01,2.094765e+01,2.096156e+01,2.098242e+01,2.092679e+01,2.096852e+01,2.092679e+01,2.088504e+01,2.090592e+01,2.091287e+01,2.087808e+01,2.096852e+01,2.085024e+01,2.095461e+01,2.082239e+01,2.091287e+01,2.088504e+01,2.087112e+01,2.086416e+01,2.083632e+01,2.082935e+01,2.095461e+01,2.081543e+01,2.097547e+01,2.103802e+01,2.080846e+01,2.079453e+01,2.083632e+01,2.105887e+01,2.083632e+01,2.091983e+01,2.090592e+01,2.090592e+01,2.085720e+01,2.095461e+01,2.081543e+01,2.081543e+01,2.092679e+01,2.101718e+01,2.096852e+01,2.094765e+01,2.099632e+01,2.092679e+01,2.081543e+01,2.096852e+01,2.100327e+01,2.087112e+01,2.091983e+01,2.095461e+01,2.099632e+01,2.095461e+01,2.095461e+01,2.094070e+01,2.091983e+01,2.080150e+01,2.084328e+01,2.094765e+01,2.077363e+01,2.081543e+01,2.096852e+01,2.089896e+01,2.079453e+01,2.085720e+01,2.081543e+01,2.083632e+01,2.085720e+01,2.062723e+01,2.079453e+01,2.083632e+01,2.083632e+01,2.089200e+01,2.089896e+01,2.091287e+01,2.084328e+01,2.094765e+01,2.084328e+01,2.084328e+01,2.089200e+01,2.083632e+01,2.086416e+01,2.088504e+01,2.096156e+01,2.082239e+01,2.096156e+01,2.078060e+01,2.090592e+01,2.093374e+01,2.130173e+01,2.112831e+01,2.110748e+01,2.101023e+01,2.089896e+01,2.094765e+01,2.086416e+01
1.804775e+01,1.809785e+01,1.821943e+01,1.794746e+01,1.797613e+01,1.783990e+01,1.761723e+01,1.786142e+01,1.766037e+01,1.764599e+01,1.773222e+01,1.796896e+01,1.816223e+01,1.826944e+01,1.845500e+01,1.822657e+01,1.851915e+01,1.888899e+01,1.961751e+01,2.022176e+01,2.052950e+01,2.060629e+01,2.069000e+01,2.062025e+01,2.087112e+01,2.071789e+01,2.077363e+01,2.097547e+01,2.066211e+01,2.069697e+01,2.076667e+01,2.068303e+01,2.074576e+01,2.085720e+01,2.082935e+01,2.085024e+01,2.081543e+01,2.082935e+01,2.075273e+01,2.078757e+01,2.078757e+01,2.083632e+01,2.080846e+01,2.076667e+01,2.078757e+01,2.079453e+01,2.078060e+01,2.077363e+01,2.080150e+01,2.079453e+01,2.089200e+01,2.085720e+01,2.080846e+01,2.075970e+01,2.085024e+01,2.076667e+01,2.077363e+01,2.085720e+01,2.076667e+01,2.084328e+01,2.080846e+01,2.087808e+01,2.081543e+01,2.084328e+01,2.085720e+01,2.065513e+01,2.084328e+01,2.069000e+01,2.080150e+01,2.078757e+01,2.084328e+01,2.081543e+01,2.087808e+01,2.065513e+01,2.080150e+01,2.083632e+01,2.073879e+01,2.069697e+01,2.078757e+01,2.075970e+01,2.082935e+01,2.076667e+01,2.075273e+01,2.084328e+01,2.078060e+01,2.073879e+01,2.080150e+01,2.078757e+01,2.082935e+01,2.075970e+01,2.080846e+01,2.078060e+01,2.083632e+01,2.082239e+01,2.081543e+01,2.075273e+01,2.073182e+01,2.078060e+01,2.081543e+01,2.079453e+01,2.083632e+01,2.080150e+01,2.098242e+01,2.073879e+01,2.072486e+01,2.075273e+01,2.084328e+01,2.078757e+01,2.075970e+01,2.078757e+01,2.078060e+01,2.080846e+01,2.073879e+01,2.080846e+01,2.082239e+01,2.083632e+01,2.080846e+01,2.085024e+01,2.093374e+01,2.081543e+01,2.078060e+01,2.077363e+01,2.085024e+01,2.082935e+01,2.074576e+01,2.078060e+01,2.086416e+01,2.078757e+01,2.075970e+01,2.090592e+01,2.087112e+01,2.079453e+01,2.086416e+01,2.087808e+01,2.078060e+01,2.083632e+01,2.085024e+01,2.082935e+01,2.079453e+01,2.085024e+01,2.078060e+01,2.076667e+01,2.085720e+01,2.080846e+01,2.076667e+01,2.076667e+01,2.080846e+01,2.078060e+01,2.082239e+01,2.086416e+01,2.085720e+01,2.067605e+01,2.083632e+01,2.084328e+01,2.078757e+01,2.074576e+01,2.078060e+01,2.073879e+01,2.069697e+01,2.078757e+01,2.083632e+01,2.079453e+01,2.089896e+01,2.077363e+01,2.079453e+01,2.073182e+01,2.073879e+01,2.074576e+01,2.070394e+01,2.072486e+01,2.072486e+01,2.071789e+01,2.075970e+01,2.075273e+01,2.071789e+01,2.056442e+01,2.054347e+01,2.050157e+01,2.043169e+01,2.032678e+01,2.047362e+01,2.035476e+01,2.045266e+01,2.038974e+01,2.053649e+01,2.053649e+01,2.077363e+01,2.064816e+01,2.081543e+01,2.069000e+01,2.080150e+01,2.075273e+01,2.062025e+01,2.075273e+01,2.061327e+01,2.067605e+01,2.073182e+01,2.080150e+01,2.082239e+01,2.077363e+01,2.075273e+01,2.080150e+01,2.087808e+01,2.082239e+01,2.080150e+01,2.076667e+01,2.062723e+01,2.080846e+01,2.069000e+01,2.070394e+01,2.065513e+01,2.053649e+01,2.029878e+01,2.022876e+01,2.015168e+01,1.995521e+01,1.989901e+01,1.961751e+01,1.963865e+01,1.955407e+01,1.934936e+01,1.931402e+01,1.905922e+01,1.912298e+01,1.891738e+01,1.879666e+01,1.881797e+01,1.873269e+01,1.883218e+01,1.877534e+01,1.886059e+01,1.878245e+01,1.891738e+01,1.897414e+01,1.893867e+01,1.895995e+01,1.897414e+01,1.903087e+01,1.917254e+01,1.908047e+01,1.907339e+01,1.913006e+01,1.911590e+01,1.913006e+01,1.916546e+01,1.921501e+01,1.910881e+01,1.916546e+01,1.913714e+01,1.917254e+01,1.916546e+01,1.917962e+01,1.933522e+01,1.925745e+01,1.922916e+01,1.917962e+01,1.937055e+01,1.927160e+01,1.926452e+01,1.923623e+01,1.941293e+01,1.942705e+01,1.945529e+01,1.960342e+01,1.963161e+01,1.953996e+01,1.966683e+01,1.968796e+01,1.971613e+01,1.981464e+01,1.993414e+01,1.965979e+01,1.992009e+01,1.991306e+01,2.001139e+01,1.996926e+01,1.995521e+01,1.999033e+01,1.999033e+01,1.998330e+01,2.007454e+01,2.000437e+01,2.006051e+01,2.010961e+01,2.008857e+01,2.008156e+01,1.994819e+01,1.985683e+01,2.001841e+01,1.989901e+01,1.986386e+01,1.982871e+01,2.003946e+01,1.994819e+01,1.997628e+01,2.003946e+01,2.022176e+01,1.996926e+01,2.000437e+01,2.004648e+01,1.987792e+01,1.983574e+01,1.984980e+01,1.992711e+01,1.967388e+01,1.968796e+01,1.981464e+01,1.980058e+01,1.998330e+01,1.990604e+01,2.000437e+01,2.003946e+01,2.024277e+01,2.041071e+01,2.038274e+01,2.040372e+01,2.037575e+01,2.034077e+01,2.041770e+01,2.039673e+01,2.043868e+01,2.050855e+01,2.051554e+01,2.047362e+01,2.050157e+01,2.052252e+01,2.063420e+01,2.057838e+01,2.069697e+01,2.053649e+01,2.066908e+01,2.067605e+01,2.073879e+01,2.073879e+01,2.074576e+01,2.071789e+01,2.075273e+01,2.085024e+01,2.082239e+01,2.073879e+01,2.078060e+01,2.071789e+01,2.085024e+01,2.076667e+01,2.078757e+01,2.077363e+01,2.087112e+01,2.086416e+01,2.085720e+01,2.092679e+01,2.084328e+01,2.082935e+01,2.090592e+01,2.077363e+01,2.082239e+01,2.082239e+01,2.078757e+01,2.079453e+01,2.075273e+01,2.072486e+01,2.017972e+01,1.940587e+01,1.877534e+01,1.892448e+01,1.934936e+01,1.986386e+01,2.055045e+01,2.062723e+01,2.075273e+01,2.082935e+01,2.082935e+01,2.080150e+01,2.085024e+01,2.073879e+01,2.073182e+01,2.073879e+01,2.075273e+01,2.074576e+01,2.075273e+01,2.073879e+01,2.074576e+01,2.074576e+01,2.078757e+01,2.082935e+01,2.075970e+01,2.078060e+01,2.076667e+01,2.078757e+01,2.075970e+01,2.073879e+01,2.075273e+01,2.084328e+01,2.073879e+01,2.079453e+01,2.074576e+01,2.087112e+01,2.076667e+01,2.078757e+01,2.086416e+01,2.087808e+01,2.087112e+01,2.080150e+01,2.080150e+01,2.072486e+01,2.081543e+01,2.073182e+01,2.074576e+01,2.078757e+01,2.083632e+01,2.083632e+01,2.086416e+01,2.076667e+01,2.077363e+01,2.079453e+01,2.080150e+01,2.074576e+01,2.077363e+01,2.082239e+01,2.082935e+01,2.080150e+01,2.070394e+01,2.071789e+01,2.087112e+01,2.079453e+01,2.080150e+01,2.077363e+01,2.096852e+01,2.075970e+01,2.092679e+01,2.077363e+01,2.076667e+01,2.077363e+01,2.087112e+01,2.075273e+01,2.088504e+01,2.079453e+01,2.089200e+01,2.094765e+01,2.077363e+01,2.094765e+01,2.080846e+01,2.082935e+01,2.066908e+01,2.087112e+01,2.081543e+01,2.089200e+01,2.089896e+01,2.077363e+01,2.079453e+01,2.079453e+01,2.091287e+01,2.085024e+01,2.094765e+01,2.088504e+01,2.089896e+01,2.091287e+01,2.090592e+01,2.090592e+01,2.098242e+01,2.075970e+01,2.080846e+01,2.082239e+01,2.087808e+01,2.082239e+01,2.085720e+01,2.082935e+01,2.087112e+01,2.085720e+01,2.089896e+01,2.084328e+01,2.084328e+01,2.086416e+01,2.082935e+01,2.090592e+01,2.079453e+01,2.081543e+01,2.076667e+01,2.085720e+01,2.093374e+01,2.090592e+01,2.069697e+01,2.066211e+01,2.085024e+01,2.091287e+01,2.085720e+01,2.084328e+01,2.072486e+01,2.082239e+01,2.084328e+01,2.077363e+01,2.081543e+01,2.082239e+01,2.082239e+01,2.076667e+01,2.084328e+01,2.083632e+01,2.087808e+01,2.080150e+01,2.083632e+01,2.085720e+01,2.083632e+01,2.072486e+01,2.085720e+01,2.087112e+01,2.088504e+01,2.089200e+01,2.086416e+01,2.091287e+01,2.083632e+01,2.082935e+01,2.076667e+01,2.085720e+01,2.081543e+01,2.085720e+01,2.084328e+01,2.085720e+01,2.088504e+01,2.081543e+01,2.089200e+01,2.087112e+01,2.080846e+01,2.079453e+01,2.078060e+01,2.087808e+01,2.080150e+01,2.098242e+01,2.079453e+01,2.079453e+01,2.082239e+01,2.073182e+01,2.075970e+01,2.090592e+01,2.096852e+01,2.087112e+01,2.094765e+01,2.096852e+01,2.088504e+01,2.091287e+01,2.100327e+01,2.081543e+01,2.085024e+01,2.092679e+01,2.087112e+01,2.097547e+01,2.099632e+01,2.082239e+01,2.091287e+01,2.087808e+01,2.094070e+01,2.097547e+01,2.094070e+01,2.113526e+01,2.094765e+01,2.083632e+01,2.094070e+01,2.084328e+01,2.094070e+01,2.097547e+01,2.095461e+01,2.093374e+01,2.083632e+01,2.093374e+01,2.095461e+01,2.088504e+01,2.086416e+01,2.091287e+01,2.085024e+01,2.085720e+01,2.085720e+01,2.093374e+01,2.103802e+01,2.086416e+01,2.089896e+01,2.079453e+01,2.089200e+01,2.085720e+01,2.088504e+01,2.093374e+01,2.091287e+01,2.090592e+01,2.094765e+01,2.090592e+01,2.100327e+01,2.087112e+01,2.089896e+01,2.087112e+01,2.079453e+01,2.096852e+01,2.094070e+01,2.088504e+01,2.083632e+01,2.091287e+01,2.070394e+01,2.110748e+01,2.085024e+01,2.096156e+01,2.095461e+01,2.092679e+01,2.091983e+01,2.093374e+01,2.088504e+01,2.082239e+01,2.088504e+01,2.077363e+01,2.094765e+01,2.078757e+01,2.078757e+01,2.081543e+01,2.089896e+01,2.081543e+01,2.087808e+01,2.085720e+01,2.085024e+01,2.090592e+01,2.082935e+01,2.082935e+01,2.084328e+01,2.080150e+01,2.081543e+01,2.081543e+01,2.085720e+01,2.091983e+01,2.087808e+01,2.085720e+01,2.082239e+01,2.087112e+01,2.078757e+01,2.088504e+01,2.085024e+01,2.089200e+01,2.078060e+01,2.110748e+01,2.113526e+01,2.137793e+01,2.133637e+01,2.117690e+01,2.101023e+01,2.110748e+01,2.082239e+01,2.095461e+01
1.819083e+01,1.805490e+01,1.799045e+01,1.791879e+01,1.785425e+01,1.783273e+01,1.773940e+01,1.768912e+01,1.753810e+01,1.766037e+01,1.767474e+01,1.800478e+01,1.805490e+01,1.823372e+01,1.817653e+01,1.823372e+01,1.851915e+01,1.908047e+01,1.943411e+01,1.986386e+01,2.039673e+01,2.069000e+01,2.065513e+01,2.080150e+01,2.083632e+01,2.083632e+01,2.079453e+01,2.068303e+01,2.066908e+01,2.079453e+01,2.079453e+01,2.075273e+01,2.073182e+01,2.084328e+01,2.071789e+01,2.078757e+01,2.077363e+01,2.079453e+01,2.073879e+01,2.080150e+01,2.082239e+01,2.095461e+01,2.083632e+01,2.083632e+01,2.080150e+01,2.079453e+01,2.078060e+01,2.075970e+01,2.078060e+01,2.080150e+01,2.076667e+01,2.066211e+01,2.082935e+01,2.080150e+01,2.075970e+01,2.072486e+01,2.078060e+01,2.075273e+01,2.079453e+01,2.077363e+01,2.078060e+01,2.087112e+01,2.084328e+01,2.082935e+01,2.074576e+01,2.087112e+01,2.086416e+01,2.085720e+01,2.078757e+01,2.077363e+01,2.079453e+01,2.076667e+01,2.081543e+01,2.073879e+01,2.075273e+01,2.071789e+01,2.071091e+01,2.075273e+01,2.091287e+01,2.078757e+01,2.080150e+01,2.079453e+01,2.087808e+01,2.087808e+01,2.073879e+01,2.078060e+01,2.083632e+01,2.080150e+01,2.083632e+01,2.082239e+01,2.077363e+01,2.076667e+01,2.079453e+01,2.075970e+01,2.075970e+01,2.077363e+01,2.080846e+01,2.078757e+01,2.081543e+01,2.087112e+01,2.091287e+01,2.090592e+01,2.084328e+01,2.070394e+01,2.073879e+01,2.087808e+01,2.074576e+01,2.084328e+01,2.084328e+01,2.077363e+01,2.078060e+01,2.080150e+01,2.080846e+01,2.084328e+01,2.086416e+01,2.090592e+01,2.087808e+01,2.075273e+01,2.076667e+01,2.079453e+01,2.091287e+01,2.078757e+01,2.087112e+01,2.087112e+01,2.086416e+01,2.084328e+01,2.075273e+01,2.087112e+01,2.083632e+01,2.091287e+01,2.076667e+01,2.092679e+01,2.092679e+01,2.078060e+01,2.086416e+01,2.080150e+01,2.082935e+01,2.089200e+01,2.067605e+01,2.080150e+01,2.076667e+01,2.087808e+01,2.081543e+01,2.077363e+01,2.073182e+01,2.081543e+01,2.089896e+01,2.069697e+01,2.082239e+01,2.083632e+01,2.080150e+01,2.080150e+01,2.077363e+01,2.080846e+01,2.079453e+01,2.087112e+01,2.088504e+01,2.084328e+01,2.087808e+01,2.084328e+01,2.085720e+01,2.082239e+01,2.071789e+01,2.083632e+01,2.072486e+01,2.073879e+01,2.093374e+01,2.068303e+01,2.066908e+01,2.071789e+01,2.087808e+01,2.069697e+01,2.076667e+01,2.081543e+01,2.088504e+01,2.069000e+01,2.059932e+01,2.073182e+01,2.056442e+01,2.067605e+01,2.071789e+01,2.078757e+01,2.073879e+01,2.071091e+01,2.078757e+01,2.081543e+01,2.080846e+01,2.082935e+01,2.069697e+01,2.066211e+01,2.075273e+01,2.075273e+01,2.077363e+01,2.073182e+01,2.080846e+01,2.091287e+01,2.075273e+01,2.080150e+01,2.075970e+01,2.082239e+01,2.091983e+01,2.081543e+01,2.080846e+01,2.074576e+01,2.082239e+01,2.078757e+01,2.078060e+01,2.067605e+01,2.064118e+01,2.048061e+01,2.043169e+01,2.038274e+01,2.037575e+01,2.020074e+01,2.012364e+01,1.987090e+01,1.969500e+01,1.959637e+01,1.939174e+01,1.935642e+01,1.907339e+01,1.896704e+01,1.910881e+01,1.891028e+01,1.872558e+01,1.878245e+01,1.876823e+01,1.862598e+01,1.877534e+01,1.866156e+01,1.885349e+01,1.871135e+01,1.887479e+01,1.898832e+01,1.899541e+01,1.895995e+01,1.902378e+01,1.914422e+01,1.903087e+01,1.909464e+01,1.914422e+01,1.904504e+01,1.910881e+01,1.905922e+01,1.903795e+01,1.907339e+01,1.908756e+01,1.920793e+01,1.913006e+01,1.916546e+01,1.919378e+01,1.915130e+01,1.930695e+01,1.934936e+01,1.916546e+01,1.915130e+01,1.923623e+01,1.925745e+01,1.932815e+01,1.931402e+01,1.934229e+01,1.947647e+01,1.934936e+01,1.949764e+01,1.963865e+01,1.961047e+01,1.963865e+01,1.969500e+01,1.984980e+01,1.984277e+01,1.968796e+01,1.986386e+01,1.988495e+01,1.983574e+01,1.995521e+01,1.985683e+01,1.992711e+01,1.998330e+01,1.994819e+01,1.997628e+01,1.999033e+01,2.000437e+01,2.012364e+01,2.009559e+01,2.013766e+01,2.008156e+01,2.008857e+01,1.992009e+01,1.992711e+01,1.989901e+01,1.983574e+01,1.987090e+01,1.986386e+01,1.982871e+01,1.987090e+01,1.992009e+01,1.994819e+01,1.996926e+01,1.980761e+01,1.976540e+01,1.980761e+01,1.988495e+01,1.970909e+01,1.975132e+01,1.966683e+01,1.963865e+01,1.965274e+01,1.978650e+01,1.976540e+01,1.995521e+01,2.001841e+01,2.009559e+01,2.020074e+01,2.025677e+01,2.029178e+01,2.034777e+01,2.047362e+01,2.045266e+01,2.041071e+01,2.044567e+01,2.045266e+01,2.037575e+01,2.052950e+01,2.049458e+01,2.048759e+01,2.048061e+01,2.062723e+01,2.052950e+01,2.060629e+01,2.064816e+01,2.067605e+01,2.067605e+01,2.073879e+01,2.073879e+01,2.077363e+01,2.080150e+01,2.090592e+01,2.075970e+01,2.083632e+01,2.090592e+01,2.084328e+01,2.085024e+01,2.072486e+01,2.078060e+01,2.078757e+01,2.079453e+01,2.078757e+01,2.082935e+01,2.080846e+01,2.091287e+01,2.093374e+01,2.078757e+01,2.080846e+01,2.087112e+01,2.081543e+01,2.075970e+01,2.084328e+01,2.081543e+01,2.060629e+01,2.066908e+01,2.022176e+01,1.934229e+01,1.893157e+01,1.893867e+01,1.943411e+01,1.991306e+01,2.052950e+01,2.071789e+01,2.069697e+01,2.076667e+01,2.082935e+01,2.077363e+01,2.073879e+01,2.075273e+01,2.075970e+01,2.074576e+01,2.074576e+01,2.075273e+01,2.069697e+01,2.073182e+01,2.073879e+01,2.075970e+01,2.075970e+01,2.083632e+01,2.076667e+01,2.078757e+01,2.075273e+01,2.098242e+01,2.073182e+01,2.080150e+01,2.073879e+01,2.072486e+01,2.069000e+01,2.064816e+01,2.081543e+01,2.075273e+01,2.069000e+01,2.075970e+01,2.078060e+01,2.081543e+01,2.079453e+01,2.086416e+01,2.078757e+01,2.078757e+01,2.075273e+01,2.069697e+01,2.074576e+01,2.070394e+01,2.078757e+01,2.067605e+01,2.079453e+01,2.064816e+01,2.082935e+01,2.087808e+01,2.077363e+01,2.084328e+01,2.078060e+01,2.084328e+01,2.083632e+01,2.065513e+01,2.064118e+01,2.086416e+01,2.082935e+01,2.071789e+01,2.076667e+01,2.068303e+01,2.090592e+01,2.071789e+01,2.075970e+01,2.075273e+01,2.070394e+01,2.080150e+01,2.079453e+01,2.085720e+01,2.086416e+01,2.079453e+01,2.085024e+01,2.075273e+01,2.086416e+01,2.078060e+01,2.070394e+01,2.093374e+01,2.084328e+01,2.085024e+01,2.098242e+01,2.077363e+01,2.087808e+01,2.087808e+01,2.092679e+01,2.086416e+01,2.095461e+01,2.091983e+01,2.094765e+01,2.096852e+01,2.095461e+01,2.094070e+01,2.080150e+01,2.087808e+01,2.087808e+01,2.088504e+01,2.089896e+01,2.089200e+01,2.082935e+01,2.084328e+01,2.087112e+01,2.098937e+01,2.099632e+01,2.086416e+01,2.082935e+01,2.085024e+01,2.088504e+01,2.082935e+01,2.081543e+01,2.084328e+01,2.075970e+01,2.081543e+01,2.085024e+01,2.085720e+01,2.080846e+01,2.086416e+01,2.068303e+01,2.083632e+01,2.086416e+01,2.082935e+01,2.080846e+01,2.085720e+01,2.079453e+01,2.083632e+01,2.091287e+01,2.087112e+01,2.080846e+01,2.077363e+01,2.085720e+01,2.085720e+01,2.092679e+01,2.089200e+01,2.074576e+01,2.087808e+01,2.086416e+01,2.085720e+01,2.083632e+01,2.075970e+01,2.087808e+01,2.066908e+01,2.082935e+01,2.088504e+01,2.088504e+01,2.085720e+01,2.085024e+01,2.085024e+01,2.085720e+01,2.096156e+01,2.085024e+01,2.082935e+01,2.082935e+01,2.084328e+01,2.082239e+01,2.089896e+01,2.080150e+01,2.078060e+01,2.094765e+01,2.078060e+01,2.097547e+01,2.087808e+01,2.083632e+01,2.098242e+01,2.089200e+01,2.088504e+01,2.085720e+01,2.096852e+01,2.090592e+01,2.093374e+01,2.098937e+01,2.093374e+01,2.093374e+01,2.092679e+01,2.089200e+01,2.091287e+01,2.088504e+01,2.091287e+01,2.087112e+01,2.078060e+01,2.089200e+01,2.088504e+01,2.085720e+01,2.088504e+01,2.095461e+01,2.089200e+01,2.096852e+01,2.095461e+01,2.089200e+01,2.095461e+01,2.090592e+01,2.087112e+01,2.089896e+01,2.086416e+01,2.094765e+01,2.093374e+01,2.085024e+01,2.091287e+01,2.089200e+01,2.086416e+01,2.086416e+01,2.086416e+01,2.088504e+01,2.089200e+01,2.096156e+01,2.091287e+01,2.091287e+01,2.073182e+01,2.089896e+01,2.087808e+01,2.087112e+01,2.080846e+01,2.090592e+01,2.082935e+01,2.082239e+01,2.081543e+01,2.087808e+01,2.090592e+01,2.082239e+01,2.091287e+01,2.092679e+01,2.087808e+01,2.091983e+01,2.085024e+01,2.094765e+01,2.082239e+01,2.096852e+01,2.101718e+01,2.096156e+01,2.089200e+01,2.085024e+01,2.091287e+01,2.093374e+01,2.082239e+01,2.098937e+01,2.089896e+01,2.094765e+01,2.091983e+01,2.094070e+01,2.098242e+01,2.090592e+01,2.078060e+01,2.094765e+01,2.084328e+01,2.080846e+01,2.094765e+01,2.088504e+01,2.084328e+01,2.080846e+01,2.082935e+01,2.084328e+01,2.084328e+01,2.085720e+01,2.082239e+01,2.080846e+01,2.087808e+01,2.085024e+01,2.091983e+01,2.093374e+01,2.096156e+01,2.083632e+01,2.084328e+01,2.089896e+01,2.085720e+01,2.085024e+01,2.078060e+01,2.084328e+01,2.093374e+01,2.081543e+01,2.093374e+01,2.110054e+01,2.134330e+01,2.126707e+01,2.121852e+01,2.104497e+01,2.099632e+01,2.087112e+01,2.086416e+01
1.809069e+01,1.818369e+01,1.806922e+01,1.810501e+01,1.790445e+01,1.788294e+01,1.775377e+01,1.754530e+01,1.760285e+01,1.769630e+01,1.796896e+01,1.792596e+01,1.799762e+01,1.803343e+01,1.800478e+01,1.807638e+01,1.854053e+01,1.890318e+01,1.943411e+01,1.980058e+01,2.029878e+01,2.064118e+01,2.085720e+01,2.085024e+01,2.081543e+01,2.071091e+01,2.081543e+01,2.085720e+01,2.083632e+01,2.069697e+01,2.077363e+01,2.089200e+01,2.085720e+01,2.087112e+01,2.076667e+01,2.078060e+01,2.082239e+01,2.079453e+01,2.077363e+01,2.083632e+01,2.084328e+01,2.080846e+01,2.080846e+01,2.080846e+01,2.079453e+01,2.079453e+01,2.080150e+01,2.096156e+01,2.075273e+01,2.077363e+01,2.085720e+01,2.070394e+01,2.090592e+01,2.073879e+01,2.074576e+01,2.088504e+01,2.078060e+01,2.083632e+01,2.091287e+01,2.081543e+01,2.078757e+01,2.085720e+01,2.076667e+01,2.075970e+01,2.082239e+01,2.086416e+01,2.087808e+01,2.083632e+01,2.085024e+01,2.079453e+01,2.082935e+01,2.081543e+01,2.073879e+01,2.075970e+01,2.075273e+01,2.074576e+01,2.073182e+01,2.087112e+01,2.073879e+01,2.069697e+01,2.080846e+01,2.073182e+01,2.090592e+01,2.082935e+01,2.076667e+01,2.082239e+01,2.075970e+01,2.080846e+01,2.074576e+01,2.084328e+01,2.098242e+01,2.077363e+01,2.076667e+01,2.078757e+01,2.077363e+01,2.071789e+01,2.087112e+01,2.081543e+01,2.084328e+01,2.071789e+01,2.079453e+01,2.080846e+01,2.083632e+01,2.075273e+01,2.073879e+01,2.082935e+01,2.082239e+01,2.089896e+01,2.087112e+01,2.077363e+01,2.077363e+01,2.082935e+01,2.082239e+01,2.079453e+01,2.081543e+01,2.084328e+01,2.078757e+01,2.089896e+01,2.089200e+01,2.080150e+01,2.085720e+01,2.082935e+01,2.086416e+01,2.087808e+01,2.086416e+01,2.081543e+01,2.072486e+01,2.084328e+01,2.078060e+01,2.078757e+01,2.075970e+01,2.091983e+01,2.082239e+01,2.090592e+01,2.075273e+01,2.088504e+01,2.096852e+01,2.082239e+01,2.080846e+01,2.072486e+01,2.073182e+01,2.087808e+01,2.078757e+01,2.080846e+01,2.075970e+01,2.078060e+01,2.075273e+01,2.078060e+01,2.076667e+01,2.077363e+01,2.079453e+01,2.078757e+01,2.084328e+01,2.075970e+01,2.077363e+01,2.082239e+01,2.084328e+01,2.086416e+01,2.085024e+01,2.083632e+01,2.085024e+01,2.087808e+01,2.080846e+01,2.081543e+01,2.082935e+01,2.078757e+01,2.084328e+01,2.072486e+01,2.085720e+01,2.079453e+01,2.082239e+01,2.079453e+01,2.075970e+01,2.080846e+01,2.085720e+01,2.066211e+01,2.080846e+01,2.080846e+01,2.075273e+01,2.073182e+01,2.072486e+01,2.081543e+01,2.073182e+01,2.078757e+01,2.076667e+01,2.073879e+01,2.078060e+01,2.070394e+01,2.066211e+01,2.066211e+01,2.080150e+01,2.075273e+01,2.070394e+01,2.074576e+01,2.075273e+01,2.079453e+01,2.081543e+01,2.077363e+01,2.079453e+01,2.078060e+01,2.080150e+01,2.077363e+01,2.078060e+01,2.082239e+01,2.080150e+01,2.072486e+01,2.060629e+01,2.051554e+01,2.055045e+01,2.034077e+01,2.041071e+01,2.024977e+01,2.001139e+01,1.995521e+01,1.970205e+01,1.967388e+01,1.951880e+01,1.946941e+01,1.935642e+01,1.907339e+01,1.903087e+01,1.886059e+01,1.883928e+01,1.870424e+01,1.872558e+01,1.867579e+01,1.866156e+01,1.863309e+01,1.873269e+01,1.878955e+01,1.878955e+01,1.882508e+01,1.874691e+01,1.903087e+01,1.895995e+01,1.899541e+01,1.899541e+01,1.906630e+01,1.900960e+01,1.907339e+01,1.911590e+01,1.906630e+01,1.915838e+01,1.915838e+01,1.913006e+01,1.912298e+01,1.909464e+01,1.913714e+01,1.912298e+01,1.919378e+01,1.920085e+01,1.917254e+01,1.921501e+01,1.920793e+01,1.910881e+01,1.933522e+01,1.928574e+01,1.931402e+01,1.928574e+01,1.923623e+01,1.934229e+01,1.946235e+01,1.945529e+01,1.944118e+01,1.939174e+01,1.949058e+01,1.954701e+01,1.986386e+01,1.974428e+01,1.984980e+01,1.984980e+01,1.994819e+01,1.993414e+01,1.990604e+01,1.983574e+01,1.993414e+01,1.988495e+01,2.003244e+01,2.003244e+01,1.999033e+01,2.007454e+01,1.996926e+01,2.003946e+01,2.003946e+01,2.007454e+01,2.008156e+01,2.008857e+01,1.985683e+01,2.006051e+01,1.987090e+01,1.981464e+01,1.970909e+01,1.989901e+01,1.977947e+01,1.975836e+01,1.976540e+01,1.977947e+01,1.972317e+01,1.967388e+01,1.965979e+01,1.970205e+01,1.945529e+01,1.951175e+01,1.979354e+01,1.963161e+01,1.957522e+01,1.973725e+01,1.961047e+01,1.963161e+01,1.996926e+01,1.996926e+01,2.003946e+01,2.010260e+01,2.009559e+01,2.022176e+01,2.039673e+01,2.045964e+01,2.034077e+01,2.062723e+01,2.049458e+01,2.047362e+01,2.041770e+01,2.045964e+01,2.052252e+01,2.048061e+01,2.044567e+01,2.045964e+01,2.046663e+01,2.060629e+01,2.066211e+01,2.069000e+01,2.074576e+01,2.078757e+01,2.074576e+01,2.073182e+01,2.089896e+01,2.083632e+01,2.083632e+01,2.087112e+01,2.073879e+01,2.087112e+01,2.074576e+01,2.081543e+01,2.075273e+01,2.079453e+01,2.080846e+01,2.082935e+01,2.093374e+01,2.083632e+01,2.080150e+01,2.085720e+01,2.087808e+01,2.082239e+01,2.093374e+01,2.080150e+01,2.073182e+01,2.080846e+01,2.072486e+01,2.069000e+01,2.055045e+01,1.985683e+01,1.933522e+01,1.898832e+01,1.894576e+01,1.946941e+01,1.992009e+01,2.057838e+01,2.082239e+01,2.069000e+01,2.081543e+01,2.078060e+01,2.074576e+01,2.086416e+01,2.076667e+01,2.073879e+01,2.075273e+01,2.078060e+01,2.075970e+01,2.076667e+01,2.076667e+01,2.080846e+01,2.080150e+01,2.075970e+01,2.076667e+01,2.078060e+01,2.075970e+01,2.073182e+01,2.075970e+01,2.081543e+01,2.071789e+01,2.072486e+01,2.071789e+01,2.082239e+01,2.074576e+01,2.089896e+01,2.087112e+01,2.079453e+01,2.078060e+01,2.080846e+01,2.084328e+01,2.078757e+01,2.080846e+01,2.080150e+01,2.078060e+01,2.077363e+01,2.078060e+01,2.073879e+01,2.073879e+01,2.075970e+01,2.078757e+01,2.081543e+01,2.075970e+01,2.077363e+01,2.084328e+01,2.073182e+01,2.084328e+01,2.085024e+01,2.080150e+01,2.078060e+01,2.084328e+01,2.084328e+01,2.080846e+01,2.083632e+01,2.077363e+01,2.074576e+01,2.095461e+01,2.082935e+01,2.091287e+01,2.080846e+01,2.076667e+01,2.091287e+01,2.077363e+01,2.078060e+01,2.072486e+01,2.078060e+01,2.085024e+01,2.080150e+01,2.077363e+01,2.070394e+01,2.077363e+01,2.089200e+01,2.073182e+01,2.087808e+01,2.086416e+01,2.075970e+01,2.085720e+01,2.072486e+01,2.082935e+01,2.085024e+01,2.081543e+01,2.087112e+01,2.093374e+01,2.092679e+01,2.093374e+01,2.089896e+01,2.090592e+01,2.087808e+01,2.090592e+01,2.080150e+01,2.089200e+01,2.091287e+01,2.094070e+01,2.077363e+01,2.089200e+01,2.082935e+01,2.085024e+01,2.082935e+01,2.082239e+01,2.082935e+01,2.085720e+01,2.086416e+01,2.089896e+01,2.087112e+01,2.082239e+01,2.083632e+01,2.072486e+01,2.075970e+01,2.074576e+01,2.080846e+01,2.079453e+01,2.070394e+01,2.083632e+01,2.080846e+01,2.084328e+01,2.088504e+01,2.079453e+01,2.080846e+01,2.077363e+01,2.088504e+01,2.080846e+01,2.082935e+01,2.083632e+01,2.077363e+01,2.080150e+01,2.091287e+01,2.087112e+01,2.087112e+01,2.089200e+01,2.086416e+01,2.085024e+01,2.097547e+01,2.091287e+01,2.094070e+01,2.089200e+01,2.080150e+01,2.092679e+01,2.079453e+01,2.072486e+01,2.072486e+01,2.095461e+01,2.091287e+01,2.087808e+01,2.081543e+01,2.066211e+01,2.086416e+01,2.082935e+01,2.085720e+01,2.085024e+01,2.080846e+01,2.078757e+01,2.082935e+01,2.080150e+01,2.080150e+01,2.086416e+01,2.082935e+01,2.091287e+01,2.089200e+01,2.091983e+01,2.075970e+01,2.072486e+01,2.095461e+01,2.082239e+01,2.085024e+01,2.082239e+01,2.087808e+01,2.088504e+01,2.093374e+01,2.085024e+01,2.091983e+01,2.091287e+01,2.087808e+01,2.094070e+01,2.085024e+01,2.086416e+01,2.093374e+01,2.096156e+01,2.089896e+01,2.083632e+01,2.094070e+01,2.087112e+01,2.101023e+01,2.095461e+01,2.089200e+01,2.091287e+01,2.089200e+01,2.087112e+01,2.094765e+01,2.100327e+01,2.097547e+01,2.086416e+01,2.083632e+01,2.092679e+01,2.090592e+01,2.089896e+01,2.091287e+01,2.085720e+01,2.084328e+01,2.089896e+01,2.087808e+01,2.097547e+01,2.089896e+01,2.090592e+01,2.108665e+01,2.088504e+01,2.091983e+01,2.085024e+01,2.088504e+01,2.087808e+01,2.080150e+01,2.092679e+01,2.099632e+01,2.091983e+01,2.085720e+01,2.090592e+01,2.094765e+01,2.082935e+01,2.087112e+01,2.088504e+01,2.079453e+01,2.094765e+01,2.093374e+01,2.096852e+01,2.089200e+01,2.078757e+01,2.097547e+01,2.097547e+01,2.096852e+01,2.089200e+01,2.088504e+01,2.094070e+01,2.091983e+01,2.097547e+01,2.099632e+01,2.098242e+01,2.097547e+01,2.080846e+01,2.085720e+01,2.078757e+01,2.085720e+01,2.080846e+01,2.089896e+01,2.082239e+01,2.079453e+01,2.096852e+01,2.086416e+01,2.082935e+01,2.080846e+01,2.090592e+01,2.089200e+01,2.083632e+01,2.091287e+01,2.096852e+01,2.089200e+01,2.090592e+01,2.089200e+01,2.103107e+01,2.087112e+01,2.076667e+01,2.081543e+01,2.071789e+01,2.082935e+01,2.089896e+01,2.112831e+01,2.138486e+01,2.109360e+01,2.099632e+01,2.096852e+01,2.087808e+01,2.089200e+01,2.089896e+01
1.804059e+01,1.805490e+01,1.794029e+01,1.813362e+01,1.794746e+01,1.790445e+01,1.766037e+01,1.745891e+01,1.767474e+01,1.770349e+01,1.785425e+01,1.799045e+01,1.818369e+01,1.800478e+01,1.821228e+01,1.821228e+01,1.857614e+01,1.876112e+01,1.933522e+01,1.992009e+01,2.029178e+01,2.061327e+01,2.080846e+01,2.087112e+01,2.082239e+01,2.073879e+01,2.076667e+01,2.071091e+01,2.073182e+01,2.072486e+01,2.085024e+01,2.071091e+01,2.071789e+01,2.085720e+01,2.085720e+01,2.048759e+01,2.075970e+01,2.075970e+01,2.080150e+01,2.080150e+01,2.103802e+01,2.080846e+01,2.078757e+01,2.070394e+01,2.080150e+01,2.080150e+01,2.080150e+01,2.068303e+01,2.078060e+01,2.069697e+01,2.099632e+01,2.077363e+01,2.088504e+01,2.070394e+01,2.089200e+01,2.082239e+01,2.065513e+01,2.078060e+01,2.075970e+01,2.082239e+01,2.077363e+01,2.094070e+01,2.075970e+01,2.077363e+01,2.081543e+01,2.072486e+01,2.078060e+01,2.085720e+01,2.084328e+01,2.073879e+01,2.078757e+01,2.079453e+01,2.085720e+01,2.074576e+01,2.073879e+01,2.085720e+01,2.073879e+01,2.071091e+01,2.072486e+01,2.079453e+01,2.070394e+01,2.080150e+01,2.082935e+01,2.071091e+01,2.069697e+01,2.094765e+01,2.078757e+01,2.087112e+01,2.080150e+01,2.081543e+01,2.083632e+01,2.072486e+01,2.078757e+01,2.084328e+01,2.073879e+01,2.075970e+01,2.076667e+01,2.091983e+01,2.080150e+01,2.086416e+01,2.105192e+01,2.085024e+01,2.081543e+01,2.080846e+01,2.077363e+01,2.071091e+01,2.085720e+01,2.082239e+01,2.079453e+01,2.087808e+01,2.083632e+01,2.080150e+01,2.080846e+01,2.083632e+01,2.080150e+01,2.081543e+01,2.091983e+01,2.082239e+01,2.065513e+01,2.092679e+01,2.082935e+01,2.082935e+01,2.081543e+01,2.073879e+01,2.087112e+01,2.083632e+01,2.086416e+01,2.085024e+01,2.077363e+01,2.073879e+01,2.087808e+01,2.090592e+01,2.082935e+01,2.083632e+01,2.079453e+01,2.071789e+01,2.085024e+01,2.092679e+01,2.105192e+01,2.074576e+01,2.073879e+01,2.088504e+01,2.094070e+01,2.080846e+01,2.082935e+01,2.080846e+01,2.076667e+01,2.080150e+01,2.081543e+01,2.082239e+01,2.078060e+01,2.076667e+01,2.082935e+01,2.075273e+01,2.078060e+01,2.075970e+01,2.088504e+01,2.080150e+01,2.080150e+01,2.082239e+01,2.074576e+01,2.083632e+01,2.078757e+01,2.074576e+01,2.073182e+01,2.082239e+01,2.082935e+01,2.079453e+01,2.080846e+01,2.068303e+01,2.077363e+01,2.083632e+01,2.075273e+01,2.066908e+01,2.070394e+01,2.073879e+01,2.066211e+01,2.064816e+01,2.078757e+01,2.082935e+01,2.073182e+01,2.081543e+01,2.076667e+01,2.081543e+01,2.078060e+01,2.080150e+01,2.081543e+01,2.082935e+01,2.072486e+01,2.082239e+01,2.081543e+01,2.076667e+01,2.078757e+01,2.076667e+01,2.073879e+01,2.086416e+01,2.074576e+01,2.081543e+01,2.077363e+01,2.071091e+01,2.075970e+01,2.069000e+01,2.080846e+01,2.085024e+01,2.078757e+01,2.066908e+01,2.055743e+01,2.040372e+01,2.048759e+01,2.043169e+01,2.013766e+01,2.006051e+01,1.999033e+01,1.965979e+01,1.969500e+01,1.949764e+01,1.936349e+01,1.907339e+01,1.907339e+01,1.892448e+01,1.898832e+01,1.881797e+01,1.859750e+01,1.860462e+01,1.864733e+01,1.869713e+01,1.865444e+01,1.862598e+01,1.869713e+01,1.871847e+01,1.872558e+01,1.893157e+01,1.897414e+01,1.884638e+01,1.894576e+01,1.897414e+01,1.899541e+01,1.905213e+01,1.900251e+01,1.895995e+01,1.903087e+01,1.905922e+01,1.902378e+01,1.909464e+01,1.894576e+01,1.913006e+01,1.909464e+01,1.917254e+01,1.917962e+01,1.906630e+01,1.920085e+01,1.919378e+01,1.920085e+01,1.922916e+01,1.931402e+01,1.920793e+01,1.922208e+01,1.923623e+01,1.922208e+01,1.926452e+01,1.939881e+01,1.944118e+01,1.937055e+01,1.946235e+01,1.951175e+01,1.953996e+01,1.958227e+01,1.959637e+01,1.984277e+01,1.973725e+01,1.990604e+01,1.984980e+01,1.987792e+01,1.994117e+01,1.988495e+01,1.994819e+01,1.989198e+01,1.985683e+01,1.994117e+01,1.999735e+01,2.015168e+01,1.999735e+01,2.008156e+01,2.006051e+01,2.007454e+01,2.008857e+01,2.008857e+01,1.989198e+01,1.997628e+01,1.983574e+01,1.983574e+01,1.969500e+01,1.975836e+01,1.969500e+01,1.974428e+01,1.974428e+01,1.946941e+01,1.951175e+01,1.940587e+01,1.946235e+01,1.971613e+01,1.958227e+01,1.962456e+01,1.956112e+01,1.957522e+01,1.957522e+01,1.959637e+01,1.984980e+01,1.990604e+01,1.985683e+01,1.994117e+01,1.998330e+01,2.006753e+01,2.008857e+01,2.038974e+01,2.041770e+01,2.040372e+01,2.041071e+01,2.040372e+01,2.062025e+01,2.043169e+01,2.047362e+01,2.042470e+01,2.045964e+01,2.045266e+01,2.048759e+01,2.058536e+01,2.064816e+01,2.066211e+01,2.070394e+01,2.075970e+01,2.077363e+01,2.077363e+01,2.075970e+01,2.073182e+01,2.076667e+01,2.080846e+01,2.087808e+01,2.075273e+01,2.086416e+01,2.085024e+01,2.072486e+01,2.075970e+01,2.084328e+01,2.078060e+01,2.083632e+01,2.086416e+01,2.085720e+01,2.082239e+01,2.080150e+01,2.091287e+01,2.080150e+01,2.086416e+01,2.080846e+01,2.086416e+01,2.086416e+01,2.080846e+01,2.077363e+01,2.073182e+01,2.054347e+01,2.006753e+01,1.932109e+01,1.875401e+01,1.894576e+01,1.944118e+01,1.993414e+01,2.060629e+01,2.072486e+01,2.070394e+01,2.073182e+01,2.074576e+01,2.080846e+01,2.074576e+01,2.072486e+01,2.077363e+01,2.075970e+01,2.075970e+01,2.077363e+01,2.075970e+01,2.074576e+01,2.079453e+01,2.080846e+01,2.087112e+01,2.080846e+01,2.075273e+01,2.078757e+01,2.075970e+01,2.071789e+01,2.071789e+01,2.077363e+01,2.071789e+01,2.075273e+01,2.071789e+01,2.082239e+01,2.064816e+01,2.081543e+01,2.088504e+01,2.090592e+01,2.080846e+01,2.085720e+01,2.094070e+01,2.076667e+01,2.075273e+01,2.075970e+01,2.078757e+01,2.076667e+01,2.082935e+01,2.078060e+01,2.077363e+01,2.080150e+01,2.076667e+01,2.080846e+01,2.080150e+01,2.077363e+01,2.076667e+01,2.067605e+01,2.077363e+01,2.065513e+01,2.074576e+01,2.067605e+01,2.081543e+01,2.077363e+01,2.079453e+01,2.078757e+01,2.077363e+01,2.067605e+01,2.076667e+01,2.094765e+01,2.068303e+01,2.090592e+01,2.084328e+01,2.082239e+01,2.080846e+01,2.084328e+01,2.078757e+01,2.085024e+01,2.075273e+01,2.073182e+01,2.088504e+01,2.088504e+01,2.074576e+01,2.073182e+01,2.101718e+01,2.084328e+01,2.087112e+01,2.079453e+01,2.081543e+01,2.089200e+01,2.085024e+01,2.090592e+01,2.079453e+01,2.096156e+01,2.095461e+01,2.085720e+01,2.082239e+01,2.095461e+01,2.083632e+01,2.083632e+01,2.085024e+01,2.075970e+01,2.087112e+01,2.094765e+01,2.088504e+01,2.091287e+01,2.091983e+01,2.082935e+01,2.085024e+01,2.080846e+01,2.081543e+01,2.084328e+01,2.081543e+01,2.087112e+01,2.083632e+01,2.085720e+01,2.073182e+01,2.078060e+01,2.079453e+01,2.085720e+01,2.078757e+01,2.075970e+01,2.070394e+01,2.065513e+01,2.084328e+01,2.088504e+01,2.069697e+01,2.078060e+01,2.062025e+01,2.075273e+01,2.073879e+01,2.073182e+01,2.075273e+01,2.081543e+01,2.077363e+01,2.075970e+01,2.076667e+01,2.085720e+01,2.073182e+01,2.075273e+01,2.075273e+01,2.090592e+01,2.072486e+01,2.071789e+01,2.084328e+01,2.078060e+01,2.083632e+01,2.075970e+01,2.080846e+01,2.100327e+01,2.090592e+01,2.076667e+01,2.085024e+01,2.083632e+01,2.088504e+01,2.075970e+01,2.085024e+01,2.080846e+01,2.087808e+01,2.087112e+01,2.087808e+01,2.082935e+01,2.082935e+01,2.087808e+01,2.079453e+01,2.088504e+01,2.086416e+01,2.091287e+01,2.081543e+01,2.099632e+01,2.096852e+01,2.080150e+01,2.092679e+01,2.090592e+01,2.090592e+01,2.085720e+01,2.080846e+01,2.081543e+01,2.085720e+01,2.078060e+01,2.089200e+01,2.094070e+01,2.085720e+01,2.081543e+01,2.085024e+01,2.087112e+01,2.091983e+01,2.083632e+01,2.091983e+01,2.097547e+01,2.096156e+01,2.097547e+01,2.091287e+01,2.087112e+01,2.087112e+01,2.083632e+01,2.094765e+01,2.087112e+01,2.089896e+01,2.085024e+01,2.083632e+01,2.093374e+01,2.069697e+01,2.096852e+01,2.089896e+01,2.096852e+01,2.089200e+01,2.092679e+01,2.091287e+01,2.096156e+01,2.091287e+01,2.088504e+01,2.087808e+01,2.089896e+01,2.080150e+01,2.079453e+01,2.080846e+01,2.089896e+01,2.081543e+01,2.080846e+01,2.091983e+01,2.090592e+01,2.082935e+01,2.090592e+01,2.097547e+01,2.087112e+01,2.084328e+01,2.098242e+01,2.082935e+01,2.084328e+01,2.085024e+01,2.094765e+01,2.092679e+01,2.098242e+01,2.072486e+01,2.084328e+01,2.098937e+01,2.085720e+01,2.094765e+01,2.089200e+01,2.085024e+01,2.092679e+01,2.091287e+01,2.094070e+01,2.076667e+01,2.078060e+01,2.090592e+01,2.078060e+01,2.087808e+01,2.091983e+01,2.096852e+01,2.078757e+01,2.082935e+01,2.086416e+01,2.078757e+01,2.085024e+01,2.071091e+01,2.082935e+01,2.087808e+01,2.087112e+01,2.089896e+01,2.088504e+01,2.083632e+01,2.091983e+01,2.092679e+01,2.080846e+01,2.086416e+01,2.076667e+01,2.085720e+01,2.074576e+01,2.081543e+01,2.085720e+01,2.085024e+01,2.111443e+01,2.112831e+01,2.132252e+01,2.118384e+01,2.108665e+01,2.101023e+01,2.096852e+01,2.087808e+01,2.089200e+01
1.805490e+01,1.817653e+01,1.816223e+01,1.821943e+01,1.803343e+01,1.791162e+01,1.767474e+01,1.766756e+01,1.772504e+01,1.768912e+01,1.796179e+01,1.798329e+01,1.799045e+01,1.814793e+01,1.802627e+01,1.820513e+01,1.859750e+01,1.893157e+01,1.925745e+01,1.975132e+01,2.028478e+01,2.070394e+01,2.080846e+01,2.071091e+01,2.073879e+01,2.071789e+01,2.083632e+01,2.075273e+01,2.081543e+01,2.087112e+01,2.085720e+01,2.087112e+01,2.078060e+01,2.081543e+01,2.080150e+01,2.090592e+01,2.079453e+01,2.078757e+01,2.078060e+01,2.080846e+01,2.083632e+01,2.081543e+01,2.080150e+01,2.077363e+01,2.081543e+01,2.078757e+01,2.079453e+01,2.079453e+01,2.073182e+01,2.080846e+01,2.089200e+01,2.085720e+01,2.064816e+01,2.089896e+01,2.087808e+01,2.088504e+01,2.075970e+01,2.087112e+01,2.077363e+01,2.078757e+01,2.080150e+01,2.075970e+01,2.091287e+01,2.073879e+01,2.080150e+01,2.082239e+01,2.087112e+01,2.086416e+01,2.080846e+01,2.075970e+01,2.080846e+01,2.075273e+01,2.088504e+01,2.075273e+01,2.074576e+01,2.071789e+01,2.071789e+01,2.075273e+01,2.078060e+01,2.069697e+01,2.070394e+01,2.076667e+01,2.087808e+01,2.072486e+01,2.078757e+01,2.083632e+01,2.080846e+01,2.087112e+01,2.081543e+01,2.086416e+01,2.082935e+01,2.078060e+01,2.083632e+01,2.081543e+01,2.074576e+01,2.075273e+01,2.089200e+01,2.088504e+01,2.088504e+01,2.075273e+01,2.076667e+01,2.079453e+01,2.076667e+01,2.093374e+01,2.083632e+01,2.078757e+01,2.082239e+01,2.089896e+01,2.079453e+01,2.066211e+01,2.091983e+01,2.085720e+01,2.085024e+01,2.086416e+01,2.075970e+01,2.082239e+01,2.073182e+01,2.082239e+01,2.076667e+01,2.086416e+01,2.078757e+01,2.081543e+01,2.085024e+01,2.080150e+01,2.086416e+01,2.069000e+01,2.090592e+01,2.070394e+01,2.076667e+01,2.091287e+01,2.082239e+01,2.075970e+01,2.092679e+01,2.084328e+01,2.082935e+01,2.091287e+01,2.088504e+01,2.082935e+01,2.082935e+01,2.070394e+01,2.082935e+01,2.088504e+01,2.085720e+01,2.085720e+01,2.075273e+01,2.077363e+01,2.075273e+01,2.080150e+01,2.095461e+01,2.078060e+01,2.081543e+01,2.080846e+01,2.082935e+01,2.080846e+01,2.091983e+01,2.089200e+01,2.087808e+01,2.080846e+01,2.087112e+01,2.086416e+01,2.075273e+01,2.080150e+01,2.073879e+01,2.081543e+01,2.078757e+01,2.081543e+01,2.080846e+01,2.087112e+01,2.084328e+01,2.078060e+01,2.068303e+01,2.078757e+01,2.072486e+01,2.082239e+01,2.078060e+01,2.083632e+01,2.078060e+01,2.071091e+01,2.078060e+01,2.077363e+01,2.085720e+01,2.081543e+01,2.075970e+01,2.075273e+01,2.071091e+01,2.075970e+01,2.078757e+01,2.079453e+01,2.083632e+01,2.082935e+01,2.079453e+01,2.082935e+01,2.089200e+01,2.067605e+01,2.074576e+01,2.085024e+01,2.078757e+01,2.091983e+01,2.078757e+01,2.076667e+01,2.090592e+01,2.093374e+01,2.083632e+01,2.074576e+01,2.085720e+01,2.066908e+01,2.036875e+01,2.034777e+01,2.029878e+01,2.033377e+01,2.003244e+01,1.992009e+01,1.993414e+01,1.956112e+01,1.946235e+01,1.947647e+01,1.937762e+01,1.905922e+01,1.905213e+01,1.884638e+01,1.867579e+01,1.871135e+01,1.861174e+01,1.860462e+01,1.864021e+01,1.859750e+01,1.871847e+01,1.869002e+01,1.865444e+01,1.877534e+01,1.872558e+01,1.905922e+01,1.886769e+01,1.895286e+01,1.896704e+01,1.897414e+01,1.903795e+01,1.908047e+01,1.910173e+01,1.915838e+01,1.910173e+01,1.906630e+01,1.905213e+01,1.906630e+01,1.908047e+01,1.914422e+01,1.922916e+01,1.913714e+01,1.911590e+01,1.917962e+01,1.921501e+01,1.919378e+01,1.923623e+01,1.935642e+01,1.917254e+01,1.931402e+01,1.925745e+01,1.927867e+01,1.928574e+01,1.926452e+01,1.924331e+01,1.948352e+01,1.934936e+01,1.946235e+01,1.951880e+01,1.958932e+01,1.962456e+01,1.970909e+01,1.982168e+01,1.980058e+01,1.987792e+01,1.987090e+01,1.990604e+01,1.988495e+01,1.987792e+01,1.984277e+01,1.977947e+01,1.985683e+01,1.996224e+01,1.983574e+01,2.001841e+01,1.995521e+01,1.995521e+01,2.001139e+01,1.997628e+01,1.997628e+01,1.993414e+01,1.987090e+01,2.005350e+01,1.991306e+01,1.984277e+01,1.970205e+01,1.974428e+01,1.972317e+01,1.969500e+01,1.952586e+01,1.961047e+01,1.956817e+01,1.945529e+01,1.945529e+01,1.949058e+01,1.945529e+01,1.950469e+01,1.952586e+01,1.953291e+01,1.956112e+01,1.962456e+01,1.963865e+01,1.968796e+01,1.990604e+01,1.992009e+01,1.994117e+01,2.000437e+01,2.003946e+01,2.027778e+01,2.039673e+01,2.036176e+01,2.046663e+01,2.055743e+01,2.045964e+01,2.044567e+01,2.048061e+01,2.048061e+01,2.047362e+01,2.042470e+01,2.048061e+01,2.069697e+01,2.069000e+01,2.063420e+01,2.064118e+01,2.074576e+01,2.080150e+01,2.075970e+01,2.074576e+01,2.073182e+01,2.076667e+01,2.083632e+01,2.078060e+01,2.082935e+01,2.084328e+01,2.073182e+01,2.071789e+01,2.076667e+01,2.080846e+01,2.084328e+01,2.091983e+01,2.078060e+01,2.073879e+01,2.082239e+01,2.078060e+01,2.080846e+01,2.090592e+01,2.086416e+01,2.078060e+01,2.077363e+01,2.078757e+01,2.082239e+01,2.084328e+01,2.078757e+01,2.055743e+01,1.979354e+01,1.929281e+01,1.898832e+01,1.913006e+01,1.955407e+01,1.994117e+01,2.070394e+01,2.068303e+01,2.071789e+01,2.080150e+01,2.083632e+01,2.082935e+01,2.084328e+01,2.085024e+01,2.071789e+01,2.076667e+01,2.076667e+01,2.076667e+01,2.080846e+01,2.089896e+01,2.078060e+01,2.075970e+01,2.075970e+01,2.082239e+01,2.081543e+01,2.073182e+01,2.080150e+01,2.078060e+01,2.073879e+01,2.070394e+01,2.082239e+01,2.085024e+01,2.082935e+01,2.078060e+01,2.079453e+01,2.076667e+01,2.056442e+01,2.059234e+01,2.080150e+01,2.087112e+01,2.084328e+01,2.076667e+01,2.076667e+01,2.076667e+01,2.077363e+01,2.075970e+01,2.066908e+01,2.077363e+01,2.079453e+01,2.074576e+01,2.080846e+01,2.073182e+01,2.078060e+01,2.082239e+01,2.077363e+01,2.079453e+01,2.075970e+01,2.080150e+01,2.080846e+01,2.078060e+01,2.080846e+01,2.075970e+01,2.080846e+01,2.080846e+01,2.080846e+01,2.067605e+01,2.079453e+01,2.082239e+01,2.091287e+01,2.099632e+01,2.085720e+01,2.081543e+01,2.071091e+01,2.080846e+01,2.096156e+01,2.082935e+01,2.083632e+01,2.075273e+01,2.083632e+01,2.087112e+01,2.089896e+01,2.085024e+01,2.080150e+01,2.098937e+01,2.073879e+01,2.095461e+01,2.085720e+01,2.083632e+01,2.083632e+01,2.085024e+01,2.085024e+01,2.096156e+01,2.093374e+01,2.095461e+01,2.093374e+01,2.084328e+01,2.085024e+01,2.082935e+01,2.085720e+01,2.087112e+01,2.087808e+01,2.091983e+01,2.087808e+01,2.078060e+01,2.090592e+01,2.089896e+01,2.103107e+01,2.085720e+01,2.079453e+01,2.090592e+01,2.089896e+01,2.089896e+01,2.088504e+01,2.068303e+01,2.088504e+01,2.087112e+01,2.085720e+01,2.086416e+01,2.085024e+01,2.080846e+01,2.084328e+01,2.087808e+01,2.078757e+01,2.087112e+01,2.087112e+01,2.077363e+01,2.076667e+01,2.059932e+01,2.072486e+01,2.077363e+01,2.078060e+01,2.075273e+01,2.075273e+01,2.076667e+01,2.076667e+01,2.074576e+01,2.089896e+01,2.087112e+01,2.097547e+01,2.086416e+01,2.087808e+01,2.078060e+01,2.085024e+01,2.085720e+01,2.075970e+01,2.078060e+01,2.085720e+01,2.080846e+01,2.080150e+01,2.069000e+01,2.094070e+01,2.071091e+01,2.082935e+01,2.082935e+01,2.089200e+01,2.087112e+01,2.089200e+01,2.086416e+01,2.086416e+01,2.088504e+01,2.084328e+01,2.089200e+01,2.080846e+01,2.085720e+01,2.085024e+01,2.086416e+01,2.089896e+01,2.087112e+01,2.085024e+01,2.091287e+01,2.085024e+01,2.083632e+01,2.082935e+01,2.081543e+01,2.089200e+01,2.077363e+01,2.091287e+01,2.092679e+01,2.093374e+01,2.093374e+01,2.089896e+01,2.082239e+01,2.092679e+01,2.097547e+01,2.085024e+01,2.091983e+01,2.083632e+01,2.096852e+01,2.094765e+01,2.085024e+01,2.089896e+01,2.089200e+01,2.089200e+01,2.089200e+01,2.090592e+01,2.087112e+01,2.089896e+01,2.085024e+01,2.089896e+01,2.094765e+01,2.091287e+01,2.087808e+01,2.090592e+01,2.084328e+01,2.091983e+01,2.087112e+01,2.090592e+01,2.087112e+01,2.087808e+01,2.089200e+01,2.095461e+01,2.089200e+01,2.082239e+01,2.090592e+01,2.085024e+01,2.089896e+01,2.096852e+01,2.087808e+01,2.087808e+01,2.095461e+01,2.097547e+01,2.101718e+01,2.095461e+01,2.095461e+01,2.082935e+01,2.098937e+01,2.098937e+01,2.083632e+01,2.083632e+01,2.095461e+01,2.101023e+01,2.090592e+01,2.091983e+01,2.101718e+01,2.091983e+01,2.093374e+01,2.091287e+01,2.089896e+01,2.090592e+01,2.097547e+01,2.085024e+01,2.078060e+01,2.098242e+01,2.089200e+01,2.098242e+01,2.082239e+01,2.082935e+01,2.080150e+01,2.089896e+01,2.078757e+01,2.082239e+01,2.094070e+01,2.087112e+01,2.076667e+01,2.089896e+01,2.090592e+01,2.090592e+01,2.087112e+01,2.077363e+01,2.083632e+01,2.098937e+01,2.084328e+01,2.088504e+01,2.091287e+01,2.078757e+01,2.088504e+01,2.091983e+01,2.073182e+01,2.083632e+01,2.080846e+01,2.093374e+01,2.108665e+01,2.126013e+01,2.130173e+01,2.130173e+01,2.125320e+01,2.103802e+01,2.095461e+01,2.088504e+01,2.085720e+01
1.809069e+01,1.814793e+01,1.831944e+01,1.820513e+01,1.814793e+01,1.791162e+01,1.765318e+01,1.766756e+01,1.769630e+01,1.771786e+01,1.799762e+01,1.790445e+01,1.811216e+01,1.806922e+01,1.811932e+01,1.822657e+01,1.859750e+01,1.924331e+01,1.926452e+01,1.996224e+01,2.024977e+01,2.059234e+01,2.086416e+01,2.085720e+01,2.077363e+01,2.079453e+01,2.083632e+01,2.085720e+01,2.087808e+01,2.085720e+01,2.088504e+01,2.080846e+01,2.081543e+01,2.075970e+01,2.077363e+01,2.083632e+01,2.076667e+01,2.085024e+01,2.076667e+01,2.082935e+01,2.080150e+01,2.083632e+01,2.080846e+01,2.077363e+01,2.078060e+01,2.086416e+01,2.078757e+01,2.081543e+01,2.066908e+01,2.073182e+01,2.082935e+01,2.069000e+01,2.081543e+01,2.090592e+01,2.088504e+01,2.087808e+01,2.078757e+01,2.080150e+01,2.084328e+01,2.078757e+01,2.075273e+01,2.085024e+01,2.080150e+01,2.094070e+01,2.096156e+01,2.089896e+01,2.082935e+01,2.083632e+01,2.075970e+01,2.080150e+01,2.080150e+01,2.072486e+01,2.075970e+01,2.073879e+01,2.091287e+01,2.077363e+01,2.057140e+01,2.087112e+01,2.091287e+01,2.089200e+01,2.094070e+01,2.085024e+01,2.077363e+01,2.075273e+01,2.082935e+01,2.080846e+01,2.077363e+01,2.080150e+01,2.082935e+01,2.082935e+01,2.078757e+01,2.078757e+01,2.080846e+01,2.074576e+01,2.070394e+01,2.087112e+01,2.079453e+01,2.074576e+01,2.089200e+01,2.072486e+01,2.090592e+01,2.077363e+01,2.066211e+01,2.074576e+01,2.085720e+01,2.085720e+01,2.080150e+01,2.082935e+01,2.083632e+01,2.083632e+01,2.079453e+01,2.081543e+01,2.085024e+01,2.085024e+01,2.072486e+01,2.080846e+01,2.087808e+01,2.080846e+01,2.076667e+01,2.088504e+01,2.083632e+01,2.086416e+01,2.085720e+01,2.083632e+01,2.085024e+01,2.085024e+01,2.085024e+01,2.082935e+01,2.077363e+01,2.087112e+01,2.078757e+01,2.081543e+01,2.080846e+01,2.083632e+01,2.078757e+01,2.087808e+01,2.102413e+01,2.086416e+01,2.072486e+01,2.078757e+01,2.078757e+01,2.080150e+01,2.077363e+01,2.075273e+01,2.076667e+01,2.077363e+01,2.093374e+01,2.078060e+01,2.077363e+01,2.079453e+01,2.100327e+01,2.079453e+01,2.080846e+01,2.082935e+01,2.080846e+01,2.082935e+01,2.078060e+01,2.091983e+01,2.075970e+01,2.081543e+01,2.082935e+01,2.081543e+01,2.094765e+01,2.080150e+01,2.078060e+01,2.078757e+01,2.080150e+01,2.079453e+01,2.081543e+01,2.081543e+01,2.082935e+01,2.083632e+01,2.085024e+01,2.082935e+01,2.084328e+01,2.075970e+01,2.078060e+01,2.089896e+01,2.093374e+01,2.085024e+01,2.090592e+01,2.075970e+01,2.074576e+01,2.082239e+01,2.068303e+01,2.078757e+01,2.075273e+01,2.082239e+01,2.080846e+01,2.082935e+01,2.082239e+01,2.086416e+01,2.081543e+01,2.078757e+01,2.075970e+01,2.071091e+01,2.078060e+01,2.079453e+01,2.071789e+01,2.075273e+01,2.075970e+01,2.079453e+01,2.078060e+01,2.070394e+01,2.063420e+01,2.065513e+01,2.038974e+01,2.038274e+01,2.031278e+01,2.005350e+01,1.989198e+01,1.993414e+01,1.965979e+01,1.956817e+01,1.934936e+01,1.934229e+01,1.910881e+01,1.890318e+01,1.880376e+01,1.878955e+01,1.866867e+01,1.866156e+01,1.866156e+01,1.868290e+01,1.864733e+01,1.873980e+01,1.870424e+01,1.861886e+01,1.871847e+01,1.881087e+01,1.878245e+01,1.886769e+01,1.881797e+01,1.901669e+01,1.898123e+01,1.897414e+01,1.909464e+01,1.910173e+01,1.911590e+01,1.912298e+01,1.917254e+01,1.918670e+01,1.925745e+01,1.919378e+01,1.916546e+01,1.915130e+01,1.915130e+01,1.913006e+01,1.914422e+01,1.917962e+01,1.915838e+01,1.922916e+01,1.931402e+01,1.922208e+01,1.918670e+01,1.923623e+01,1.928574e+01,1.925745e+01,1.924331e+01,1.927867e+01,1.928574e+01,1.937055e+01,1.942705e+01,1.948352e+01,1.953291e+01,1.949764e+01,1.977947e+01,1.980761e+01,1.982168e+01,1.985683e+01,1.985683e+01,1.984980e+01,1.986386e+01,1.988495e+01,1.985683e+01,1.987090e+01,1.974428e+01,1.982871e+01,1.989198e+01,1.981464e+01,1.977947e+01,2.006753e+01,1.995521e+01,1.998330e+01,1.990604e+01,1.992009e+01,1.982871e+01,1.980058e+01,1.997628e+01,1.972317e+01,1.984980e+01,1.973021e+01,1.967388e+01,1.965979e+01,1.968092e+01,1.941999e+01,1.954701e+01,1.935642e+01,1.939881e+01,1.950469e+01,1.946235e+01,1.949764e+01,1.935642e+01,1.939174e+01,1.951175e+01,1.954701e+01,1.956112e+01,1.964570e+01,1.964570e+01,1.971613e+01,1.987090e+01,1.995521e+01,1.997628e+01,2.006051e+01,2.006753e+01,2.043868e+01,2.045266e+01,2.057140e+01,2.050855e+01,2.054347e+01,2.048759e+01,2.062025e+01,2.048759e+01,2.072486e+01,2.046663e+01,2.072486e+01,2.050157e+01,2.053649e+01,2.074576e+01,2.062723e+01,2.074576e+01,2.078060e+01,2.073879e+01,2.075970e+01,2.073182e+01,2.074576e+01,2.085024e+01,2.084328e+01,2.087112e+01,2.077363e+01,2.087112e+01,2.080150e+01,2.075273e+01,2.082239e+01,2.075273e+01,2.084328e+01,2.081543e+01,2.081543e+01,2.088504e+01,2.090592e+01,2.094070e+01,2.086416e+01,2.081543e+01,2.080846e+01,2.083632e+01,2.085024e+01,2.082935e+01,2.071789e+01,2.083632e+01,2.036176e+01,1.968796e+01,1.929281e+01,1.909464e+01,1.932815e+01,1.953996e+01,2.018673e+01,2.067605e+01,2.087808e+01,2.086416e+01,2.083632e+01,2.075970e+01,2.073182e+01,2.086416e+01,2.076667e+01,2.076667e+01,2.075970e+01,2.076667e+01,2.087808e+01,2.082239e+01,2.080846e+01,2.089896e+01,2.086416e+01,2.082935e+01,2.087112e+01,2.088504e+01,2.081543e+01,2.074576e+01,2.081543e+01,2.072486e+01,2.082239e+01,2.082239e+01,2.082935e+01,2.076667e+01,2.078757e+01,2.081543e+01,2.082239e+01,2.084328e+01,2.089200e+01,2.087112e+01,2.082239e+01,2.085024e+01,2.088504e+01,2.073879e+01,2.073879e+01,2.101023e+01,2.074576e+01,2.078757e+01,2.082239e+01,2.080846e+01,2.079453e+01,2.068303e+01,2.076667e+01,2.078060e+01,2.084328e+01,2.089896e+01,2.078757e+01,2.075273e+01,2.079453e+01,2.078757e+01,2.078060e+01,2.081543e+01,2.074576e+01,2.072486e+01,2.081543e+01,2.084328e+01,2.081543e+01,2.072486e+01,2.080846e+01,2.076667e+01,2.075273e+01,2.082239e+01,2.091983e+01,2.073182e+01,2.078757e+01,2.078757e+01,2.078757e+01,2.085720e+01,2.085024e+01,2.092679e+01,2.087808e+01,2.078757e+01,2.089896e+01,2.089200e+01,2.086416e+01,2.082239e+01,2.081543e+01,2.083632e+01,2.082239e+01,2.087808e+01,2.089896e+01,2.107276e+01,2.089200e+01,2.085024e+01,2.096852e+01,2.086416e+01,2.092679e+01,2.087808e+01,2.080846e+01,2.084328e+01,2.089896e+01,2.089896e+01,2.087808e+01,2.089200e+01,2.083632e+01,2.089896e+01,2.089200e+01,2.087112e+01,2.077363e+01,2.085720e+01,2.087808e+01,2.085024e+01,2.089200e+01,2.085024e+01,2.078060e+01,2.066908e+01,2.082239e+01,2.085024e+01,2.084328e+01,2.085720e+01,2.086416e+01,2.089896e+01,2.081543e+01,2.085720e+01,2.081543e+01,2.091983e+01,2.075273e+01,2.089200e+01,2.080846e+01,2.087112e+01,2.078757e+01,2.087112e+01,2.073182e+01,2.085024e+01,2.081543e+01,2.081543e+01,2.076667e+01,2.085024e+01,2.077363e+01,2.075273e+01,2.090592e+01,2.083632e+01,2.087808e+01,2.087808e+01,2.089896e+01,2.087808e+01,2.079453e+01,2.078060e+01,2.090592e+01,2.068303e+01,2.071091e+01,2.066908e+01,2.082239e+01,2.081543e+01,2.088504e+01,2.071789e+01,2.091287e+01,2.082935e+01,2.082935e+01,2.081543e+01,2.084328e+01,2.088504e+01,2.086416e+01,2.086416e+01,2.088504e+01,2.088504e+01,2.087112e+01,2.089896e+01,2.094765e+01,2.082239e+01,2.086416e+01,2.091287e+01,2.087112e+01,2.089200e+01,2.090592e+01,2.094070e+01,2.078757e+01,2.078060e+01,2.080846e+01,2.090592e+01,2.095461e+01,2.092679e+01,2.093374e+01,2.080150e+01,2.093374e+01,2.089896e+01,2.091287e+01,2.088504e+01,2.091983e+01,2.087808e+01,2.093374e+01,2.083632e+01,2.095461e+01,2.092679e+01,2.092679e+01,2.094765e+01,2.091287e+01,2.087112e+01,2.096156e+01,2.096156e+01,2.096156e+01,2.095461e+01,2.094765e+01,2.084328e+01,2.085024e+01,2.085024e+01,2.086416e+01,2.084328e+01,2.088504e+01,2.089200e+01,2.089896e+01,2.085024e+01,2.095461e+01,2.081543e+01,2.083632e+01,2.091287e+01,2.097547e+01,2.097547e+01,2.080846e+01,2.094070e+01,2.096852e+01,2.087808e+01,2.089896e+01,2.090592e+01,2.093374e+01,2.101718e+01,2.065513e+01,2.083632e+01,2.085024e+01,2.085720e+01,2.087112e+01,2.080846e+01,2.091983e+01,2.093374e+01,2.101718e+01,2.103802e+01,2.099632e+01,2.089896e+01,2.087112e+01,2.091287e+01,2.078060e+01,2.094070e+01,2.080846e+01,2.090592e+01,2.088504e+01,2.088504e+01,2.088504e+01,2.093374e+01,2.082239e+01,2.091983e+01,2.078060e+01,2.080150e+01,2.089200e+01,2.090592e+01,2.087808e+01,2.073182e+01,2.085720e+01,2.086416e+01,2.083632e+01,2.085024e+01,2.088504e+01,2.083632e+01,2.076667e+01,2.093374e+01,2.090592e+01,2.098937e+01,2.084328e+01,2.092679e+01,2.073879e+01,2.080150e+01,2.082935e+01,2.089200e+01,2.108665e+01,2.102413e+01,2.123240e+01,2.125320e+01,2.117690e+01,2.098242e+01,2.098937e+01,2.098937e+01,2.093374e+01
1.827659e+01,1.831944e+01,1.828373e+01,1.830515e+01,1.812647e+01,1.795463e+01,1.769630e+01,1.747331e+01,1.765318e+01,1.777531e+01,1.790445e+01,1.794029e+01,1.809785e+01,1.810501e+01,1.794029e+01,1.827659e+01,1.859038e+01,1.878245e+01,1.922208e+01,1.963161e+01,2.023577e+01,2.066908e+01,2.073879e+01,2.075273e+01,2.081543e+01,2.076667e+01,2.084328e+01,2.081543e+01,2.086416e+01,2.089200e+01,2.075273e+01,2.083632e+01,2.081543e+01,2.075273e+01,2.075970e+01,2.085024e+01,2.074576e+01,2.071091e+01,2.085024e+01,2.088504e+01,2.078757e+01,2.081543e+01,2.069697e+01,2.080846e+01,2.078757e+01,2.082239e+01,2.077363e+01,2.101023e+01,2.077363e+01,2.075970e+01,2.085024e+01,2.081543e+01,2.092679e+01,2.069697e+01,2.085720e+01,2.074576e+01,2.092679e+01,2.075273e+01,2.075273e+01,2.084328e+01,2.080150e+01,2.085024e+01,2.092679e+01,2.096852e+01,2.075970e+01,2.082935e+01,2.084328e+01,2.087112e+01,2.078060e+01,2.075273e+01,2.072486e+01,2.071789e+01,2.073182e+01,2.072486e+01,2.093374e+01,2.094765e+01,2.080150e+01,2.075970e+01,2.091983e+01,2.085024e+01,2.080846e+01,2.079453e+01,2.082239e+01,2.080846e+01,2.067605e+01,2.066908e+01,2.087112e+01,2.080846e+01,2.075970e+01,2.080846e+01,2.080846e+01,2.075970e+01,2.080150e+01,2.080846e+01,2.082239e+01,2.081543e+01,2.078757e+01,2.081543e+01,2.087112e+01,2.081543e+01,2.087808e+01,2.094070e+01,2.078757e+01,2.074576e+01,2.087112e+01,2.086416e+01,2.088504e+01,2.080150e+01,2.076667e+01,2.092679e+01,2.089896e+01,2.079453e+01,2.091287e+01,2.089200e+01,2.078757e+01,2.079453e+01,2.073182e+01,2.080150e+01,2.086416e+01,2.082239e+01,2.083632e+01,2.081543e+01,2.071789e+01,2.071789e+01,2.083632e+01,2.082239e+01,2.080846e+01,2.085024e+01,2.086416e+01,2.087112e+01,2.089896e+01,2.072486e+01,2.082239e+01,2.075970e+01,2.089200e+01,2.083632e+01,2.074576e+01,2.086416e+01,2.081543e+01,2.085720e+01,2.082935e+01,2.082239e+01,2.072486e+01,2.086416e+01,2.091287e+01,2.094765e+01,2.077363e+01,2.078757e+01,2.083632e+01,2.097547e+01,2.080846e+01,2.080150e+01,2.085720e+01,2.081543e+01,2.078060e+01,2.080846e+01,2.079453e+01,2.078757e+01,2.078757e+01,2.074576e+01,2.078060e+01,2.076667e+01,2.088504e+01,2.092679e+01,2.080846e+01,2.078757e+01,2.089896e+01,2.080846e+01,2.072486e+01,2.073182e+01,2.072486e+01,2.080846e+01,2.080150e+01,2.071789e+01,2.074576e+01,2.075273e+01,2.077363e+01,2.078757e+01,2.080846e+01,2.081543e+01,2.074576e+01,2.084328e+01,2.086416e+01,2.083632e+01,2.085024e+01,2.075970e+01,2.077363e+01,2.080150e+01,2.076667e+01,2.082239e+01,2.074576e+01,2.073879e+01,2.086416e+01,2.098937e+01,2.078757e+01,2.080846e+01,2.080846e+01,2.073879e+01,2.079453e+01,2.076667e+01,2.078757e+01,2.073182e+01,2.071789e+01,2.066908e+01,2.072486e+01,2.052950e+01,2.041071e+01,2.016570e+01,2.034777e+01,2.006753e+01,1.990604e+01,1.992711e+01,1.961751e+01,1.935642e+01,1.935642e+01,1.921501e+01,1.895995e+01,1.895995e+01,1.884638e+01,1.873269e+01,1.862598e+01,1.864021e+01,1.861174e+01,1.864733e+01,1.857614e+01,1.862598e+01,1.867579e+01,1.876823e+01,1.877534e+01,1.871135e+01,1.879666e+01,1.884638e+01,1.895995e+01,1.895995e+01,1.898832e+01,1.915130e+01,1.898123e+01,1.909464e+01,1.911590e+01,1.929281e+01,1.922208e+01,1.917254e+01,1.918670e+01,1.922916e+01,1.916546e+01,1.913714e+01,1.914422e+01,1.916546e+01,1.922208e+01,1.918670e+01,1.920793e+01,1.923623e+01,1.927160e+01,1.924331e+01,1.918670e+01,1.929281e+01,1.925038e+01,1.924331e+01,1.925745e+01,1.927867e+01,1.929988e+01,1.939174e+01,1.943411e+01,1.949058e+01,1.947647e+01,1.967388e+01,1.946941e+01,1.968092e+01,1.977243e+01,1.973725e+01,1.973725e+01,1.990604e+01,1.982871e+01,1.987792e+01,1.986386e+01,1.984980e+01,1.978650e+01,1.979354e+01,1.968092e+01,1.974428e+01,1.973725e+01,1.994117e+01,1.974428e+01,1.989198e+01,1.981464e+01,1.987792e+01,1.982168e+01,1.974428e+01,1.983574e+01,1.972317e+01,1.979354e+01,1.973725e+01,1.967388e+01,1.953291e+01,1.962456e+01,1.937762e+01,1.942705e+01,1.940587e+01,1.935642e+01,1.933522e+01,1.937055e+01,1.940587e+01,1.953291e+01,1.953996e+01,1.954701e+01,1.958227e+01,1.961751e+01,1.953996e+01,1.982168e+01,1.984277e+01,1.984980e+01,1.992711e+01,1.989901e+01,2.008156e+01,2.018673e+01,2.011663e+01,2.034777e+01,2.045266e+01,2.048061e+01,2.059932e+01,2.056442e+01,2.060629e+01,2.042470e+01,2.045266e+01,2.043868e+01,2.057140e+01,2.051554e+01,2.066211e+01,2.070394e+01,2.077363e+01,2.080150e+01,2.074576e+01,2.075970e+01,2.075273e+01,2.074576e+01,2.075273e+01,2.078757e+01,2.076667e+01,2.087112e+01,2.089200e+01,2.085024e+01,2.070394e+01,2.073182e+01,2.073879e+01,2.083632e+01,2.094765e+01,2.096852e+01,2.077363e+01,2.073879e+01,2.087112e+01,2.069697e+01,2.079453e+01,2.088504e+01,2.077363e+01,2.085720e+01,2.091983e+01,2.082935e+01,2.065513e+01,2.081543e+01,2.035476e+01,1.969500e+01,1.934229e+01,1.901669e+01,1.930695e+01,1.974428e+01,2.015168e+01,2.066908e+01,2.062025e+01,2.072486e+01,2.078757e+01,2.075970e+01,2.078757e+01,2.085720e+01,2.087808e+01,2.086416e+01,2.078060e+01,2.081543e+01,2.084328e+01,2.082935e+01,2.079453e+01,2.079453e+01,2.091983e+01,2.086416e+01,2.075273e+01,2.085720e+01,2.074576e+01,2.078060e+01,2.075970e+01,2.067605e+01,2.076667e+01,2.083632e+01,2.075273e+01,2.073182e+01,2.080150e+01,2.073182e+01,2.078757e+01,2.079453e+01,2.085024e+01,2.088504e+01,2.082239e+01,2.073879e+01,2.081543e+01,2.077363e+01,2.075970e+01,2.076667e+01,2.080150e+01,2.081543e+01,2.081543e+01,2.082239e+01,2.077363e+01,2.087808e+01,2.075970e+01,2.080846e+01,2.075970e+01,2.078060e+01,2.084328e+01,2.079453e+01,2.078060e+01,2.073182e+01,2.079453e+01,2.075970e+01,2.084328e+01,2.078757e+01,2.080150e+01,2.079453e+01,2.087808e+01,2.090592e+01,2.078757e+01,2.080846e+01,2.075273e+01,2.076667e+01,2.081543e+01,2.074576e+01,2.077363e+01,2.079453e+01,2.078060e+01,2.083632e+01,2.082935e+01,2.087808e+01,2.086416e+01,2.084328e+01,2.089896e+01,2.087808e+01,2.087112e+01,2.082935e+01,2.079453e+01,2.086416e+01,2.092679e+01,2.086416e+01,2.098242e+01,2.080846e+01,2.111443e+01,2.091287e+01,2.089200e+01,2.090592e+01,2.086416e+01,2.083632e+01,2.085720e+01,2.087808e+01,2.090592e+01,2.089200e+01,2.085720e+01,2.078060e+01,2.085720e+01,2.098242e+01,2.082935e+01,2.092679e+01,2.086416e+01,2.079453e+01,2.087808e+01,2.078757e+01,2.072486e+01,2.077363e+01,2.090592e+01,2.076667e+01,2.076667e+01,2.073879e+01,2.083632e+01,2.085024e+01,2.084328e+01,2.085720e+01,2.074576e+01,2.090592e+01,2.080846e+01,2.086416e+01,2.085720e+01,2.080846e+01,2.078757e+01,2.071789e+01,2.088504e+01,2.089896e+01,2.085720e+01,2.075273e+01,2.075970e+01,2.074576e+01,2.077363e+01,2.075970e+01,2.084328e+01,2.085720e+01,2.077363e+01,2.081543e+01,2.075273e+01,2.092679e+01,2.085720e+01,2.082239e+01,2.079453e+01,2.072486e+01,2.079453e+01,2.078757e+01,2.080846e+01,2.071091e+01,2.080846e+01,2.077363e+01,2.082239e+01,2.078060e+01,2.087808e+01,2.077363e+01,2.078060e+01,2.089200e+01,2.076667e+01,2.085720e+01,2.077363e+01,2.089896e+01,2.092679e+01,2.078060e+01,2.089896e+01,2.085720e+01,2.092679e+01,2.090592e+01,2.092679e+01,2.087112e+01,2.085720e+01,2.089200e+01,2.091983e+01,2.079453e+01,2.091983e+01,2.081543e+01,2.092679e+01,2.087808e+01,2.089200e+01,2.091983e+01,2.089896e+01,2.082935e+01,2.097547e+01,2.082935e+01,2.089896e+01,2.087112e+01,2.088504e+01,2.091287e+01,2.101718e+01,2.109360e+01,2.087112e+01,2.094765e+01,2.094765e+01,2.093374e+01,2.090592e+01,2.094070e+01,2.080150e+01,2.089896e+01,2.093374e+01,2.106581e+01,2.089896e+01,2.086416e+01,2.081543e+01,2.090592e+01,2.108665e+01,2.089896e+01,2.095461e+01,2.088504e+01,2.084328e+01,2.088504e+01,2.090592e+01,2.087112e+01,2.096156e+01,2.102413e+01,2.094765e+01,2.083632e+01,2.089896e+01,2.098937e+01,2.101718e+01,2.097547e+01,2.099632e+01,2.086416e+01,2.089896e+01,2.096156e+01,2.094765e+01,2.090592e+01,2.095461e+01,2.096156e+01,2.089896e+01,2.089200e+01,2.091287e+01,2.101023e+01,2.104497e+01,2.091983e+01,2.091983e+01,2.100327e+01,2.080150e+01,2.080846e+01,2.096852e+01,2.092679e+01,2.085720e+01,2.089200e+01,2.085720e+01,2.092679e+01,2.086416e+01,2.079453e+01,2.087808e+01,2.080846e+01,2.086416e+01,2.076667e+01,2.082935e+01,2.090592e+01,2.088504e+01,2.079453e+01,2.087808e+01,2.089896e+01,2.087808e+01,2.075273e+01,2.087808e+01,2.078757e+01,2.097547e+01,2.101023e+01,2.091287e+01,2.087112e+01,2.074576e+01,2.080846e+01,2.071091e+01,2.082935e+01,2.091287e+01,2.091287e+01,2.103107e+01,2.118384e+01,2.101718e+01,2.111443e+01,2.105192e+01,2.102413e+01,2.093374e+01,2.080150e+01,2.090592e+01
1.819798e+01,1.825516e+01,1.824801e+01,1.834799e+01,1.806207e+01,1.799762e+01,1.768193e+01,1.761723e+01,1.769630e+01,1.768912e+01,1.778249e+01,1.798329e+01,1.809785e+01,1.793313e+01,1.801194e+01,1.812647e+01,1.859750e+01,1.872558e+01,1.915838e+01,1.957522e+01,2.020774e+01,2.047362e+01,2.071091e+01,2.073879e+01,2.078060e+01,2.086416e+01,2.078757e+01,2.084328e+01,2.087112e+01,2.077363e+01,2.078060e+01,2.073879e+01,2.085720e+01,2.078757e+01,2.064118e+01,2.082239e+01,2.066211e+01,2.057838e+01,2.080846e+01,2.081543e+01,2.083632e+01,2.084328e+01,2.070394e+01,2.081543e+01,2.078060e+01,2.071091e+01,2.082935e+01,2.077363e+01,2.085024e+01,2.087808e+01,2.080150e+01,2.080150e+01,2.090592e+01,2.071091e+01,2.073182e+01,2.091983e+01,2.081543e+01,2.079453e+01,2.098242e+01,2.083632e+01,2.081543e+01,2.084328e+01,2.080150e+01,2.080150e+01,2.086416e+01,2.082239e+01,2.075970e+01,2.079453e+01,2.079453e+01,2.071091e+01,2.073182e+01,2.071789e+01,2.088504e+01,2.068303e+01,2.071091e+01,2.073182e+01,2.072486e+01,2.093374e+01,2.080846e+01,2.096852e+01,2.089896e+01,2.085024e+01,2.081543e+01,2.083632e+01,2.080150e+01,2.081543e+01,2.076667e+01,2.079453e+01,2.080846e+01,2.081543e+01,2.074576e+01,2.069697e+01,2.079453e+01,2.079453e+01,2.067605e+01,2.069000e+01,2.085720e+01,2.080150e+01,2.075273e+01,2.082935e+01,2.071789e+01,2.081543e+01,2.075273e+01,2.079453e+01,2.083632e+01,2.089200e+01,2.082239e+01,2.076667e+01,2.077363e+01,2.075273e+01,2.081543e+01,2.082935e+01,2.075273e+01,2.080150e+01,2.082935e+01,2.075970e+01,2.080150e+01,2.082935e+01,2.082239e+01,2.079453e+01,2.091287e+01,2.078757e+01,2.079453e+01,2.082935e+01,2.099632e+01,2.072486e+01,2.078060e+01,2.083632e+01,2.069000e+01,2.085024e+01,2.085024e+01,2.087112e+01,2.072486e+01,2.088504e+01,2.075970e+01,2.085720e+01,2.085720e+01,2.083632e+01,2.075273e+01,2.078757e+01,2.080846e+01,2.089200e+01,2.073182e+01,2.090592e+01,2.076667e+01,2.080150e+01,2.089896e+01,2.077363e+01,2.074576e+01,2.076667e+01,2.075970e+01,2.080150e+01,2.086416e+01,2.081543e+01,2.084328e+01,2.085720e+01,2.076667e+01,2.071091e+01,2.078060e+01,2.075970e+01,2.084328e+01,2.078757e+01,2.082239e+01,2.078757e+01,2.073879e+01,2.075273e+01,2.075970e+01,2.078757e+01,2.079453e+01,2.071789e+01,2.079453e+01,2.078757e+01,2.082935e+01,2.077363e+01,2.076667e+01,2.076667e+01,2.077363e+01,2.080846e+01,2.083632e+01,2.078757e+01,2.077363e+01,2.072486e+01,2.071091e+01,2.072486e+01,2.085720e+01,2.082935e+01,2.084328e+01,2.077363e+01,2.082239e+01,2.085024e+01,2.081543e+01,2.073182e+01,2.072486e+01,2.078060e+01,2.082239e+01,2.081543e+01,2.081543e+01,2.080846e+01,2.080150e+01,2.071091e+01,2.076667e+01,2.074576e+01,2.067605e+01,2.072486e+01,2.061327e+01,2.041071e+01,2.043169e+01,2.045964e+01,2.027078e+01,1.996926e+01,1.991306e+01,1.989198e+01,1.959637e+01,1.949764e+01,1.928574e+01,1.894576e+01,1.905213e+01,1.890318e+01,1.886059e+01,1.882508e+01,1.870424e+01,1.871847e+01,1.864021e+01,1.854053e+01,1.857614e+01,1.859750e+01,1.863309e+01,1.872558e+01,1.859750e+01,1.867579e+01,1.873269e+01,1.877534e+01,1.882508e+01,1.894576e+01,1.904504e+01,1.911590e+01,1.908047e+01,1.910881e+01,1.910881e+01,1.912298e+01,1.921501e+01,1.917254e+01,1.910173e+01,1.919378e+01,1.906630e+01,1.916546e+01,1.915130e+01,1.915838e+01,1.915130e+01,1.917254e+01,1.925038e+01,1.908756e+01,1.925038e+01,1.929281e+01,1.925038e+01,1.921501e+01,1.917254e+01,1.931402e+01,1.929281e+01,1.929988e+01,1.929281e+01,1.934936e+01,1.944823e+01,1.934936e+01,1.948352e+01,1.958227e+01,1.946941e+01,1.970205e+01,1.973725e+01,1.981464e+01,1.989198e+01,1.981464e+01,1.973021e+01,1.990604e+01,1.986386e+01,1.976540e+01,1.961047e+01,1.968796e+01,1.965274e+01,1.961751e+01,1.968796e+01,1.973021e+01,1.982168e+01,1.979354e+01,1.990604e+01,1.982871e+01,1.971613e+01,1.974428e+01,1.974428e+01,1.975132e+01,1.968796e+01,1.968092e+01,1.971613e+01,1.965979e+01,1.960342e+01,1.951175e+01,1.939881e+01,1.934229e+01,1.940587e+01,1.944118e+01,1.936349e+01,1.944118e+01,1.940587e+01,1.951880e+01,1.946235e+01,1.956112e+01,1.953996e+01,1.967388e+01,1.963865e+01,1.972317e+01,1.972317e+01,1.976540e+01,1.976540e+01,2.001139e+01,2.004648e+01,2.024977e+01,2.039673e+01,2.053649e+01,2.029178e+01,2.047362e+01,2.057838e+01,2.057140e+01,2.041071e+01,2.045964e+01,2.048061e+01,2.053649e+01,2.062723e+01,2.058536e+01,2.077363e+01,2.077363e+01,2.070394e+01,2.071091e+01,2.085024e+01,2.075273e+01,2.073182e+01,2.086416e+01,2.075970e+01,2.075273e+01,2.089896e+01,2.091287e+01,2.085024e+01,2.085720e+01,2.075273e+01,2.077363e+01,2.086416e+01,2.086416e+01,2.078060e+01,2.085024e+01,2.083632e+01,2.081543e+01,2.089200e+01,2.085720e+01,2.087112e+01,2.075273e+01,2.079453e+01,2.085024e+01,2.082935e+01,2.080150e+01,2.056442e+01,2.033377e+01,1.970205e+01,1.914422e+01,1.912298e+01,1.941999e+01,1.975836e+01,2.016570e+01,2.058536e+01,2.070394e+01,2.084328e+01,2.083632e+01,2.075970e+01,2.079453e+01,2.080846e+01,2.073182e+01,2.081543e+01,2.077363e+01,2.073182e+01,2.082239e+01,2.080846e+01,2.078757e+01,2.074576e+01,2.074576e+01,2.079453e+01,2.069697e+01,2.080846e+01,2.080846e+01,2.082935e+01,2.085720e+01,2.072486e+01,2.078757e+01,2.079453e+01,2.087112e+01,2.077363e+01,2.073879e+01,2.091287e+01,2.071789e+01,2.075273e+01,2.087112e+01,2.078757e+01,2.075273e+01,2.080846e+01,2.073182e+01,2.075273e+01,2.075273e+01,2.085024e+01,2.075970e+01,2.078060e+01,2.080846e+01,2.082239e+01,2.082239e+01,2.077363e+01,2.071789e+01,2.082935e+01,2.075970e+01,2.071091e+01,2.078060e+01,2.089200e+01,2.081543e+01,2.085024e+01,2.076667e+01,2.071789e+01,2.084328e+01,2.073879e+01,2.078060e+01,2.080150e+01,2.080846e+01,2.078757e+01,2.074576e+01,2.093374e+01,2.080846e+01,2.082935e+01,2.082239e+01,2.080150e+01,2.090592e+01,2.076667e+01,2.080150e+01,2.079453e+01,2.081543e+01,2.075273e+01,2.084328e+01,2.080846e+01,2.078757e+01,2.087808e+01,2.090592e+01,2.080150e+01,2.086416e+01,2.089200e+01,2.089200e+01,2.082239e+01,2.078060e+01,2.088504e+01,2.071789e+01,2.094070e+01,2.082935e+01,2.086416e+01,2.079453e+01,2.084328e+01,2.085024e+01,2.087808e+01,2.083632e+01,2.085720e+01,2.082239e+01,2.086416e+01,2.080846e+01,2.086416e+01,2.083632e+01,2.080846e+01,2.077363e+01,2.084328e+01,2.082935e+01,2.082239e+01,2.087808e+01,2.075273e+01,2.080846e+01,2.083632e+01,2.073879e+01,2.086416e+01,2.076667e+01,2.081543e+01,2.069697e+01,2.078757e+01,2.080846e+01,2.078060e+01,2.087808e+01,2.086416e+01,2.085720e+01,2.073182e+01,2.085720e+01,2.087808e+01,2.082935e+01,2.089200e+01,2.089896e+01,2.083632e+01,2.078757e+01,2.075273e+01,2.075970e+01,2.070394e+01,2.082239e+01,2.072486e+01,2.073182e+01,2.073182e+01,2.080846e+01,2.080150e+01,2.085024e+01,2.080150e+01,2.080150e+01,2.077363e+01,2.079453e+01,2.080846e+01,2.082239e+01,2.085720e+01,2.083632e+01,2.075273e+01,2.078060e+01,2.080150e+01,2.082935e+01,2.084328e+01,2.080846e+01,2.084328e+01,2.087112e+01,2.075970e+01,2.071091e+01,2.085024e+01,2.083632e+01,2.083632e+01,2.084328e+01,2.093374e+01,2.091287e+01,2.089896e+01,2.086416e+01,2.089896e+01,2.080150e+01,2.084328e+01,2.088504e+01,2.084328e+01,2.089200e+01,2.093374e+01,2.090592e+01,2.089896e+01,2.088504e+01,2.079453e+01,2.090592e+01,2.081543e+01,2.089896e+01,2.084328e+01,2.080846e+01,2.079453e+01,2.089200e+01,2.082935e+01,2.081543e+01,2.103802e+01,2.094070e+01,2.093374e+01,2.091983e+01,2.093374e+01,2.093374e+01,2.093374e+01,2.082935e+01,2.088504e+01,2.084328e+01,2.095461e+01,2.077363e+01,2.096156e+01,2.091983e+01,2.085024e+01,2.096156e+01,2.082239e+01,2.091287e+01,2.096852e+01,2.083632e+01,2.081543e+01,2.082239e+01,2.087112e+01,2.089896e+01,2.084328e+01,2.094765e+01,2.096156e+01,2.081543e+01,2.081543e+01,2.087112e+01,2.094765e+01,2.089200e+01,2.087112e+01,2.089896e+01,2.087112e+01,2.093374e+01,2.087808e+01,2.084328e+01,2.087112e+01,2.090592e+01,2.085024e+01,2.085024e+01,2.096156e+01,2.090592e+01,2.094070e+01,2.094070e+01,2.093374e+01,2.088504e+01,2.081543e+01,2.091983e+01,2.094765e+01,2.089896e+01,2.093374e+01,2.088504e+01,2.077363e+01,2.086416e+01,2.088504e+01,2.082239e+01,2.091287e+01,2.087808e+01,2.075970e+01,2.085024e+01,2.074576e+01,2.085720e+01,2.087808e+01,2.087808e+01,2.082935e+01,2.087808e+01,2.092679e+01,2.087808e+01,2.076667e+01,2.090592e+01,2.083632e+01,2.090592e+01,2.085720e+01,2.069697e+01,2.082935e+01,2.080150e+01,2.080150e+01,2.096852e+01,2.108665e+01,2.095461e+01,2.114220e+01,2.107971e+01,2.102413e+01,2.094765e+01,2.105192e+01,2.091287e+01,2.082239e+01,2.078060e+01
1.856190e+01,1.823372e+01,1.822657e+01,1.823372e+01,1.806207e+01,1.798329e+01,1.769630e+01,1.751651e+01,1.752371e+01,1.773222e+01,1.805490e+01,1.809785e+01,1.807638e+01,1.784707e+01,1.798329e+01,1.796179e+01,1.848352e+01,1.876823e+01,1.920085e+01,1.959637e+01,2.008156e+01,2.048061e+01,2.074576e+01,2.075273e+01,2.076667e+01,2.075970e+01,2.078757e+01,2.082935e+01,2.080150e+01,2.080846e+01,2.078757e+01,2.069697e+01,2.082239e+01,2.078757e+01,2.080846e+01,2.078757e+01,2.074576e+01,2.085024e+01,2.087808e+01,2.087112e+01,2.078757e+01,2.078060e+01,2.087808e+01,2.080150e+01,2.072486e+01,2.078060e+01,2.080150e+01,2.081543e+01,2.086416e+01,2.080150e+01,2.078757e+01,2.089896e+01,2.086416e+01,2.078060e+01,2.079453e+01,2.073879e+01,2.091983e+01,2.076667e+01,2.085024e+01,2.082239e+01,2.079453e+01,2.086416e+01,2.097547e+01,2.082935e+01,2.078757e+01,2.081543e+01,2.082239e+01,2.077363e+01,2.071789e+01,2.071789e+01,2.079453e+01,2.083632e+01,2.077363e+01,2.088504e+01,2.073879e+01,2.071789e+01,2.074576e+01,2.074576e+01,2.074576e+01,2.082239e+01,2.084328e+01,2.080846e+01,2.081543e+01,2.082935e+01,2.080150e+01,2.083632e+01,2.086416e+01,2.082935e+01,2.080846e+01,2.083632e+01,2.081543e+01,2.085024e+01,2.082239e+01,2.084328e+01,2.080846e+01,2.083632e+01,2.094765e+01,2.078757e+01,2.082935e+01,2.081543e+01,2.085720e+01,2.077363e+01,2.083632e+01,2.087808e+01,2.074576e+01,2.080150e+01,2.089896e+01,2.077363e+01,2.074576e+01,2.078060e+01,2.075273e+01,2.073879e+01,2.076667e+01,2.075273e+01,2.080846e+01,2.082935e+01,2.080846e+01,2.078060e+01,2.082239e+01,2.083632e+01,2.082935e+01,2.084328e+01,2.079453e+01,2.080150e+01,2.073879e+01,2.083632e+01,2.079453e+01,2.083632e+01,2.082935e+01,2.080150e+01,2.085024e+01,2.077363e+01,2.084328e+01,2.087808e+01,2.082239e+01,2.088504e+01,2.073182e+01,2.081543e+01,2.078757e+01,2.085024e+01,2.082935e+01,2.080150e+01,2.079453e+01,2.073879e+01,2.081543e+01,2.086416e+01,2.089896e+01,2.085720e+01,2.078757e+01,2.083632e+01,2.080846e+01,2.085024e+01,2.088504e+01,2.083632e+01,2.075970e+01,2.080150e+01,2.086416e+01,2.086416e+01,2.074576e+01,2.075273e+01,2.070394e+01,2.076667e+01,2.074576e+01,2.078060e+01,2.093374e+01,2.083632e+01,2.077363e+01,2.080846e+01,2.081543e+01,2.082239e+01,2.072486e+01,2.079453e+01,2.073879e+01,2.078060e+01,2.071789e+01,2.083632e+01,2.077363e+01,2.075273e+01,2.074576e+01,2.080150e+01,2.072486e+01,2.073182e+01,2.085720e+01,2.082935e+01,2.078060e+01,2.080150e+01,2.072486e+01,2.074576e+01,2.080150e+01,2.082935e+01,2.071091e+01,2.073879e+01,2.082935e+01,2.072486e+01,2.075970e+01,2.075970e+01,2.082239e+01,2.068303e+01,2.082239e+01,2.078060e+01,2.076667e+01,2.069697e+01,2.075970e+01,2.075970e+01,2.062025e+01,2.057838e+01,2.043868e+01,2.032678e+01,2.039673e+01,2.011663e+01,1.995521e+01,1.986386e+01,1.956112e+01,1.938468e+01,1.933522e+01,1.910173e+01,1.915130e+01,1.913714e+01,1.906630e+01,1.898123e+01,1.891028e+01,1.868290e+01,1.888189e+01,1.871135e+01,1.866156e+01,1.886059e+01,1.868290e+01,1.875401e+01,1.869002e+01,1.863309e+01,1.878955e+01,1.877534e+01,1.890318e+01,1.892448e+01,1.895995e+01,1.904504e+01,1.912298e+01,1.908047e+01,1.920793e+01,1.922208e+01,1.917254e+01,1.908756e+01,1.905922e+01,1.923623e+01,1.910881e+01,1.914422e+01,1.913714e+01,1.933522e+01,1.915130e+01,1.918670e+01,1.917962e+01,1.930695e+01,1.926452e+01,1.925745e+01,1.929281e+01,1.925745e+01,1.931402e+01,1.927160e+01,1.931402e+01,1.930695e+01,1.941293e+01,1.943411e+01,1.949058e+01,1.947647e+01,1.950469e+01,1.948352e+01,1.947647e+01,1.968092e+01,1.971613e+01,1.983574e+01,1.986386e+01,1.991306e+01,1.980761e+01,1.984277e+01,1.979354e+01,1.977243e+01,1.976540e+01,1.956112e+01,1.958932e+01,1.965979e+01,1.970909e+01,1.968092e+01,1.977243e+01,1.979354e+01,1.977947e+01,1.969500e+01,1.976540e+01,1.975132e+01,1.970909e+01,1.970205e+01,1.975132e+01,1.964570e+01,1.970909e+01,1.972317e+01,1.963865e+01,1.941293e+01,1.943411e+01,1.950469e+01,1.937055e+01,1.933522e+01,1.948352e+01,1.938468e+01,1.946941e+01,1.949764e+01,1.950469e+01,1.953996e+01,1.970909e+01,1.977947e+01,1.963865e+01,1.968796e+01,1.965979e+01,1.974428e+01,1.986386e+01,1.995521e+01,1.991306e+01,2.017972e+01,2.020074e+01,2.038274e+01,2.043169e+01,2.050855e+01,2.059932e+01,2.047362e+01,2.043169e+01,2.048061e+01,2.047362e+01,2.059932e+01,2.056442e+01,2.060629e+01,2.064118e+01,2.080846e+01,2.081543e+01,2.078060e+01,2.080846e+01,2.080846e+01,2.077363e+01,2.092679e+01,2.090592e+01,2.076667e+01,2.075273e+01,2.087808e+01,2.083632e+01,2.071789e+01,2.085024e+01,2.080846e+01,2.071789e+01,2.088504e+01,2.071091e+01,2.089200e+01,2.083632e+01,2.083632e+01,2.085024e+01,2.085024e+01,2.095461e+01,2.072486e+01,2.082239e+01,2.085720e+01,2.083632e+01,2.082239e+01,2.071789e+01,2.023577e+01,1.941999e+01,1.938468e+01,1.914422e+01,1.946941e+01,2.013065e+01,2.027778e+01,2.072486e+01,2.073182e+01,2.078060e+01,2.080150e+01,2.089896e+01,2.085024e+01,2.080150e+01,2.080846e+01,2.082239e+01,2.082239e+01,2.082239e+01,2.081543e+01,2.080846e+01,2.070394e+01,2.065513e+01,2.070394e+01,2.068303e+01,2.082935e+01,2.080150e+01,2.086416e+01,2.083632e+01,2.091983e+01,2.091287e+01,2.073879e+01,2.078060e+01,2.074576e+01,2.078060e+01,2.072486e+01,2.072486e+01,2.085024e+01,2.080150e+01,2.084328e+01,2.080150e+01,2.080846e+01,2.081543e+01,2.080150e+01,2.077363e+01,2.081543e+01,2.082935e+01,2.082239e+01,2.074576e+01,2.075970e+01,2.075273e+01,2.075970e+01,2.079453e+01,2.078060e+01,2.080846e+01,2.071789e+01,2.076667e+01,2.077363e+01,2.078060e+01,2.083632e+01,2.079453e+01,2.079453e+01,2.071091e+01,2.078060e+01,2.085024e+01,2.080150e+01,2.075970e+01,2.095461e+01,2.081543e+01,2.087808e+01,2.078757e+01,2.082239e+01,2.077363e+01,2.077363e+01,2.075970e+01,2.075970e+01,2.083632e+01,2.081543e+01,2.082239e+01,2.078060e+01,2.081543e+01,2.084328e+01,2.084328e+01,2.086416e+01,2.089896e+01,2.079453e+01,2.078757e+01,2.087112e+01,2.078757e+01,2.093374e+01,2.084328e+01,2.085024e+01,2.077363e+01,2.086416e+01,2.089896e+01,2.086416e+01,2.078757e+01,2.086416e+01,2.084328e+01,2.084328e+01,2.082935e+01,2.080150e+01,2.082239e+01,2.080846e+01,2.082239e+01,2.085024e+01,2.081543e+01,2.094765e+01,2.086416e+01,2.087808e+01,2.085024e+01,2.085720e+01,2.080846e+01,2.084328e+01,2.075273e+01,2.073879e+01,2.078757e+01,2.078757e+01,2.078060e+01,2.077363e+01,2.080846e+01,2.082935e+01,2.078060e+01,2.082935e+01,2.086416e+01,2.082935e+01,2.082239e+01,2.075970e+01,2.081543e+01,2.086416e+01,2.084328e+01,2.090592e+01,2.090592e+01,2.087112e+01,2.075970e+01,2.080846e+01,2.077363e+01,2.084328e+01,2.069697e+01,2.073182e+01,2.075273e+01,2.077363e+01,2.077363e+01,2.075273e+01,2.078757e+01,2.084328e+01,2.083632e+01,2.080150e+01,2.080846e+01,2.078060e+01,2.079453e+01,2.082935e+01,2.077363e+01,2.071091e+01,2.078060e+01,2.076667e+01,2.081543e+01,2.072486e+01,2.083632e+01,2.082935e+01,2.082935e+01,2.086416e+01,2.075970e+01,2.084328e+01,2.087808e+01,2.078060e+01,2.091287e+01,2.089896e+01,2.089896e+01,2.087112e+01,2.083632e+01,2.091287e+01,2.089896e+01,2.089896e+01,2.089896e+01,2.078757e+01,2.091287e+01,2.091287e+01,2.080846e+01,2.085720e+01,2.055743e+01,2.078060e+01,2.089200e+01,2.085024e+01,2.073879e+01,2.090592e+01,2.088504e+01,2.078060e+01,2.086416e+01,2.085024e+01,2.080150e+01,2.078757e+01,2.089896e+01,2.090592e+01,2.091983e+01,2.089200e+01,2.086416e+01,2.091983e+01,2.089200e+01,2.091287e+01,2.091287e+01,2.087808e+01,2.095461e+01,2.090592e+01,2.084328e+01,2.091287e+01,2.089200e+01,2.080846e+01,2.082239e+01,2.098937e+01,2.097547e+01,2.080150e+01,2.100327e+01,2.082239e+01,2.086416e+01,2.091983e+01,2.093374e+01,2.090592e+01,2.082935e+01,2.087808e+01,2.088504e+01,2.097547e+01,2.096852e+01,2.083632e+01,2.090592e+01,2.094070e+01,2.091287e+01,2.089200e+01,2.082239e+01,2.080150e+01,2.091287e+01,2.096852e+01,2.099632e+01,2.105192e+01,2.083632e+01,2.086416e+01,2.093374e+01,2.086416e+01,2.080150e+01,2.080846e+01,2.078757e+01,2.095461e+01,2.094765e+01,2.094070e+01,2.098242e+01,2.071789e+01,2.082239e+01,2.083632e+01,2.091287e+01,2.083632e+01,2.084328e+01,2.099632e+01,2.082935e+01,2.093374e+01,2.082935e+01,2.085024e+01,2.091983e+01,2.090592e+01,2.087112e+01,2.087808e+01,2.089200e+01,2.089200e+01,2.087808e+01,2.085024e+01,2.079453e+01,2.079453e+01,2.060629e+01,2.067605e+01,2.069697e+01,2.088504e+01,2.080150e+01,2.108665e+01,2.096156e+01,2.121159e+01,2.115608e+01,2.110748e+01,2.104497e+01,2.097547e+01,2.089200e+01,2.089200e+01,2.071789e+01,2.105192e+01
1.834799e+01,1.823372e+01,1.811932e+01,1.825516e+01,1.825516e+01,1.794029e+01,1.767474e+01,1.769630e+01,1.754530e+01,1.773222e+01,1.792596e+01,1.810501e+01,1.798329e+01,1.772504e+01,1.791162e+01,1.821943e+01,1.865444e+01,1.881087e+01,1.920793e+01,1.960342e+01,2.025677e+01,2.055743e+01,2.073182e+01,2.072486e+01,2.073879e+01,2.071091e+01,2.082239e+01,2.082239e+01,2.090592e+01,2.078757e+01,2.078757e+01,2.078757e+01,2.087808e+01,2.071091e+01,2.076667e+01,2.076667e+01,2.087808e+01,2.091287e+01,2.081543e+01,2.091287e+01,2.081543e+01,2.081543e+01,2.088504e+01,2.074576e+01,2.075970e+01,2.082239e+01,2.078757e+01,2.085720e+01,2.085024e+01,2.083632e+01,2.089896e+01,2.081543e+01,2.082239e+01,2.081543e+01,2.074576e+01,2.077363e+01,2.091983e+01,2.082935e+01,2.081543e+01,2.078757e+01,2.075273e+01,2.071789e+01,2.081543e+01,2.085720e+01,2.084328e+01,2.082239e+01,2.080150e+01,2.069697e+01,2.071789e+01,2.071091e+01,2.071789e+01,2.067605e+01,2.075273e+01,2.071789e+01,2.070394e+01,2.095461e+01,2.073879e+01,2.074576e+01,2.096156e+01,2.082239e+01,2.092679e+01,2.080846e+01,2.082935e+01,2.082935e+01,2.080150e+01,2.082935e+01,2.082239e+01,2.080846e+01,2.085720e+01,2.082239e+01,2.082935e+01,2.080846e+01,2.080846e+01,2.085024e+01,2.076667e+01,2.085024e+01,2.085720e+01,2.082935e+01,2.088504e+01,2.084328e+01,2.073182e+01,2.086416e+01,2.091983e+01,2.094070e+01,2.087808e+01,2.092679e+01,2.086416e+01,2.074576e+01,2.081543e+01,2.073879e+01,2.092679e+01,2.073879e+01,2.094765e+01,2.110054e+01,2.084328e+01,2.079453e+01,2.068303e+01,2.080846e+01,2.082239e+01,2.077363e+01,2.079453e+01,2.075273e+01,2.072486e+01,2.072486e+01,2.071789e+01,2.077363e+01,2.075970e+01,2.083632e+01,2.080150e+01,2.077363e+01,2.080846e+01,2.080846e+01,2.078757e+01,2.082935e+01,2.088504e+01,2.076667e+01,2.081543e+01,2.078060e+01,2.071091e+01,2.080846e+01,2.080150e+01,2.076667e+01,2.083632e+01,2.080150e+01,2.079453e+01,2.071789e+01,2.085720e+01,2.074576e+01,2.081543e+01,2.078757e+01,2.075273e+01,2.084328e+01,2.083632e+01,2.077363e+01,2.080150e+01,2.087112e+01,2.085024e+01,2.084328e+01,2.080150e+01,2.076667e+01,2.084328e+01,2.082935e+01,2.075970e+01,2.083632e+01,2.071091e+01,2.074576e+01,2.090592e+01,2.076667e+01,2.078757e+01,2.082935e+01,2.080150e+01,2.082239e+01,2.081543e+01,2.078060e+01,2.082935e+01,2.080150e+01,2.077363e+01,2.077363e+01,2.078060e+01,2.080150e+01,2.081543e+01,2.107971e+01,2.089200e+01,2.080150e+01,2.080846e+01,2.086416e+01,2.070394e+01,2.078060e+01,2.084328e+01,2.072486e+01,2.076667e+01,2.073182e+01,2.070394e+01,2.087112e+01,2.083632e+01,2.087808e+01,2.082239e+01,2.079453e+01,2.080846e+01,2.076667e+01,2.071789e+01,2.075970e+01,2.069697e+01,2.072486e+01,2.065513e+01,2.050157e+01,2.039673e+01,2.033377e+01,2.038974e+01,2.018673e+01,1.996224e+01,1.989901e+01,1.989198e+01,1.958227e+01,1.960342e+01,1.949058e+01,1.938468e+01,1.937055e+01,1.940587e+01,1.920793e+01,1.891738e+01,1.890318e+01,1.883928e+01,1.876112e+01,1.886059e+01,1.885349e+01,1.874691e+01,1.867579e+01,1.871847e+01,1.882508e+01,1.887479e+01,1.894576e+01,1.893157e+01,1.893157e+01,1.899541e+01,1.901669e+01,1.915838e+01,1.913714e+01,1.930695e+01,1.933522e+01,1.913714e+01,1.923623e+01,1.910881e+01,1.923623e+01,1.912298e+01,1.908756e+01,1.915838e+01,1.917254e+01,1.917962e+01,1.922208e+01,1.927160e+01,1.924331e+01,1.920793e+01,1.927160e+01,1.928574e+01,1.922208e+01,1.926452e+01,1.931402e+01,1.933522e+01,1.932815e+01,1.936349e+01,1.941293e+01,1.943411e+01,1.946235e+01,1.939881e+01,1.963161e+01,1.955407e+01,1.978650e+01,1.984980e+01,1.988495e+01,1.989901e+01,2.007454e+01,1.992009e+01,1.983574e+01,1.991306e+01,1.987090e+01,1.975836e+01,1.970205e+01,1.958227e+01,1.968092e+01,1.968796e+01,1.977243e+01,1.974428e+01,1.981464e+01,1.975132e+01,1.976540e+01,1.970205e+01,1.976540e+01,1.975132e+01,1.971613e+01,1.973725e+01,1.958932e+01,1.973021e+01,1.961751e+01,1.957522e+01,1.948352e+01,1.951175e+01,1.943411e+01,1.946941e+01,1.942705e+01,1.951175e+01,1.951175e+01,1.958227e+01,1.958227e+01,1.952586e+01,1.958227e+01,1.970205e+01,1.965979e+01,1.965979e+01,1.965274e+01,1.968092e+01,1.970909e+01,1.962456e+01,1.994117e+01,2.007454e+01,2.024277e+01,2.020074e+01,2.041770e+01,2.033377e+01,2.042470e+01,2.043868e+01,2.048759e+01,2.050855e+01,2.041071e+01,2.039673e+01,2.065513e+01,2.063420e+01,2.073182e+01,2.084328e+01,2.079453e+01,2.073182e+01,2.073182e+01,2.077363e+01,2.078060e+01,2.076667e+01,2.087808e+01,2.082239e+01,2.074576e+01,2.077363e+01,2.080846e+01,2.084328e+01,2.090592e+01,2.078757e+01,2.082239e+01,2.090592e+01,2.095461e+01,2.071789e+01,2.085720e+01,2.085024e+01,2.086416e+01,2.080846e+01,2.096852e+01,2.084328e+01,2.082239e+01,2.071091e+01,2.084328e+01,2.080150e+01,2.082935e+01,2.059234e+01,2.021475e+01,1.965274e+01,1.917254e+01,1.919378e+01,1.968092e+01,2.022876e+01,2.062025e+01,2.067605e+01,2.075273e+01,2.082935e+01,2.082239e+01,2.084328e+01,2.076667e+01,2.080846e+01,2.082239e+01,2.082935e+01,2.082239e+01,2.082935e+01,2.080846e+01,2.081543e+01,2.082239e+01,2.082935e+01,2.080150e+01,2.079453e+01,2.085024e+01,2.084328e+01,2.074576e+01,2.082935e+01,2.078060e+01,2.076667e+01,2.078060e+01,2.078060e+01,2.074576e+01,2.079453e+01,2.077363e+01,2.084328e+01,2.073879e+01,2.085024e+01,2.084328e+01,2.080150e+01,2.080846e+01,2.080150e+01,2.075273e+01,2.094765e+01,2.078757e+01,2.082239e+01,2.082239e+01,2.083632e+01,2.070394e+01,2.084328e+01,2.075970e+01,2.076667e+01,2.077363e+01,2.080846e+01,2.094765e+01,2.080846e+01,2.082239e+01,2.079453e+01,2.080846e+01,2.081543e+01,2.078757e+01,2.079453e+01,2.078060e+01,2.082935e+01,2.089896e+01,2.087112e+01,2.086416e+01,2.078757e+01,2.080150e+01,2.081543e+01,2.085024e+01,2.081543e+01,2.082239e+01,2.100327e+01,2.083632e+01,2.078060e+01,2.079453e+01,2.082239e+01,2.082935e+01,2.079453e+01,2.084328e+01,2.078757e+01,2.090592e+01,2.085720e+01,2.086416e+01,2.084328e+01,2.097547e+01,2.086416e+01,2.085024e+01,2.086416e+01,2.087112e+01,2.087112e+01,2.087808e+01,2.087112e+01,2.094070e+01,2.084328e+01,2.099632e+01,2.101718e+01,2.083632e+01,2.085024e+01,2.091287e+01,2.080846e+01,2.081543e+01,2.085024e+01,2.080846e+01,2.091983e+01,2.085720e+01,2.078060e+01,2.084328e+01,2.085720e+01,2.080846e+01,2.085024e+01,2.078060e+01,2.082239e+01,2.073879e+01,2.073879e+01,2.078060e+01,2.076667e+01,2.083632e+01,2.085024e+01,2.073879e+01,2.077363e+01,2.087808e+01,2.087808e+01,2.071789e+01,2.082239e+01,2.080846e+01,2.080846e+01,2.083632e+01,2.086416e+01,2.089200e+01,2.090592e+01,2.087808e+01,2.078757e+01,2.080846e+01,2.081543e+01,2.081543e+01,2.075970e+01,2.070394e+01,2.079453e+01,2.084328e+01,2.077363e+01,2.079453e+01,2.079453e+01,2.079453e+01,2.080846e+01,2.082239e+01,2.082935e+01,2.078757e+01,2.079453e+01,2.076667e+01,2.075273e+01,2.078757e+01,2.080846e+01,2.079453e+01,2.088504e+01,2.080150e+01,2.082935e+01,2.083632e+01,2.086416e+01,2.090592e+01,2.081543e+01,2.082935e+01,2.087808e+01,2.096852e+01,2.073182e+01,2.083632e+01,2.095461e+01,2.094765e+01,2.085720e+01,2.087808e+01,2.090592e+01,2.081543e+01,2.098937e+01,2.089896e+01,2.082935e+01,2.080846e+01,2.082239e+01,2.086416e+01,2.084328e+01,2.099632e+01,2.086416e+01,2.064816e+01,2.085024e+01,2.094070e+01,2.088504e+01,2.091983e+01,2.081543e+01,2.083632e+01,2.089896e+01,2.093374e+01,2.091287e+01,2.088504e+01,2.089896e+01,2.086416e+01,2.091287e+01,2.091287e+01,2.087808e+01,2.087808e+01,2.091287e+01,2.089200e+01,2.088504e+01,2.085024e+01,2.091983e+01,2.095461e+01,2.085720e+01,2.083632e+01,2.085720e+01,2.078060e+01,2.079453e+01,2.083632e+01,2.084328e+01,2.082239e+01,2.085024e+01,2.089896e+01,2.091287e+01,2.091983e+01,2.092679e+01,2.102413e+01,2.096156e+01,2.086416e+01,2.092679e+01,2.092679e+01,2.103107e+01,2.090592e+01,2.089896e+01,2.090592e+01,2.087808e+01,2.073182e+01,2.081543e+01,2.080150e+01,2.088504e+01,2.080846e+01,2.091287e+01,2.085024e+01,2.079453e+01,2.089896e+01,2.083632e+01,2.091287e+01,2.091287e+01,2.083632e+01,2.071789e+01,2.087808e+01,2.080846e+01,2.102413e+01,2.080846e+01,2.083632e+01,2.081543e+01,2.085024e+01,2.089896e+01,2.089896e+01,2.077363e+01,2.080846e+01,2.086416e+01,2.083632e+01,2.085024e+01,2.089200e+01,2.084328e+01,2.100327e+01,2.086416e+01,2.082935e+01,2.098242e+01,2.088504e+01,2.090592e+01,2.083632e+01,2.065513e+01,2.063420e+01,2.089896e+01,2.106581e+01,2.098242e+01,2.110054e+01,2.103802e+01,2.116996e+01,2.116302e+01,2.079453e+01,2.103802e+01,2.091983e+01,2.091983e+01,2.090592e+01,2.075273e+01,2.073879e+01
1.809785e+01,1.820513e+01,1.846926e+01,1.827659e+01,1.791162e+01,1.773940e+01,1.768912e+01,1.756688e+01,1.759566e+01,1.761723e+01,1.798329e+01,1.796896e+01,1.793313e+01,1.771786e+01,1.802627e+01,1.825516e+01,1.848352e+01,1.885349e+01,1.919378e+01,1.958227e+01,2.036875e+01,2.050157e+01,2.055743e+01,2.078757e+01,2.096852e+01,2.081543e+01,2.083632e+01,2.078060e+01,2.080846e+01,2.077363e+01,2.078757e+01,2.078757e+01,2.069697e+01,2.081543e+01,2.075970e+01,2.084328e+01,2.068303e+01,2.080846e+01,2.082935e+01,2.080846e+01,2.080846e+01,2.079453e+01,2.077363e+01,2.085024e+01,2.077363e+01,2.079453e+01,2.089896e+01,2.085024e+01,2.086416e+01,2.085720e+01,2.070394e+01,2.086416e+01,2.071789e+01,2.055743e+01,2.082239e+01,2.073879e+01,2.082239e+01,2.078060e+01,2.078757e+01,2.085720e+01,2.069697e+01,2.085024e+01,2.086416e+01,2.092679e+01,2.076667e+01,2.078060e+01,2.085024e+01,2.074576e+01,2.064118e+01,2.071789e+01,2.070394e+01,2.080846e+01,2.076667e+01,2.069697e+01,2.085024e+01,2.069697e+01,2.071789e+01,2.089200e+01,2.073879e+01,2.075273e+01,2.069697e+01,2.083632e+01,2.078757e+01,2.082935e+01,2.086416e+01,2.087808e+01,2.081543e+01,2.085720e+01,2.083632e+01,2.083632e+01,2.081543e+01,2.082935e+01,2.073182e+01,2.084328e+01,2.082935e+01,2.080846e+01,2.087112e+01,2.082935e+01,2.087808e+01,2.087112e+01,2.086416e+01,2.083632e+01,2.092679e+01,2.078060e+01,2.091287e+01,2.083632e+01,2.074576e+01,2.082935e+01,2.085024e+01,2.090592e+01,2.078060e+01,2.095461e+01,2.080846e+01,2.075273e+01,2.075970e+01,2.085024e+01,2.075970e+01,2.080846e+01,2.081543e+01,2.077363e+01,2.080846e+01,2.082935e+01,2.080150e+01,2.077363e+01,2.079453e+01,2.076667e+01,2.086416e+01,2.074576e+01,2.071091e+01,2.082935e+01,2.087112e+01,2.082239e+01,2.085024e+01,2.080846e+01,2.083632e+01,2.080846e+01,2.085720e+01,2.091287e+01,2.091983e+01,2.078757e+01,2.087112e+01,2.082239e+01,2.076667e+01,2.089896e+01,2.088504e+01,2.087808e+01,2.098937e+01,2.090592e+01,2.085024e+01,2.076667e+01,2.082935e+01,2.078060e+01,2.078757e+01,2.078060e+01,2.070394e+01,2.077363e+01,2.072486e+01,2.075273e+01,2.075970e+01,2.077363e+01,2.077363e+01,2.075970e+01,2.078060e+01,2.082935e+01,2.087808e+01,2.076667e+01,2.078060e+01,2.078757e+01,2.081543e+01,2.082239e+01,2.083632e+01,2.071091e+01,2.082239e+01,2.088504e+01,2.077363e+01,2.083632e+01,2.080150e+01,2.078060e+01,2.082239e+01,2.076667e+01,2.091287e+01,2.079453e+01,2.083632e+01,2.073879e+01,2.077363e+01,2.066908e+01,2.079453e+01,2.085024e+01,2.081543e+01,2.085024e+01,2.079453e+01,2.075273e+01,2.080846e+01,2.075970e+01,2.078060e+01,2.075970e+01,2.089200e+01,2.085720e+01,2.080846e+01,2.094070e+01,2.078060e+01,2.077363e+01,2.096852e+01,2.078757e+01,2.053649e+01,2.060629e+01,2.040372e+01,2.038974e+01,2.043868e+01,2.022876e+01,2.015168e+01,1.988495e+01,1.987090e+01,1.980058e+01,1.982168e+01,1.973021e+01,1.964570e+01,1.955407e+01,1.942705e+01,1.940587e+01,1.930695e+01,1.934936e+01,1.905922e+01,1.898123e+01,1.891738e+01,1.872558e+01,1.886059e+01,1.866867e+01,1.889609e+01,1.880376e+01,1.886769e+01,1.892448e+01,1.893157e+01,1.893157e+01,1.901669e+01,1.901669e+01,1.903795e+01,1.932109e+01,1.929988e+01,1.932815e+01,1.932109e+01,1.927867e+01,1.935642e+01,1.929988e+01,1.923623e+01,1.916546e+01,1.928574e+01,1.931402e+01,1.921501e+01,1.933522e+01,1.926452e+01,1.934229e+01,1.925038e+01,1.927867e+01,1.926452e+01,1.924331e+01,1.924331e+01,1.933522e+01,1.932815e+01,1.936349e+01,1.939881e+01,1.939881e+01,1.943411e+01,1.943411e+01,1.952586e+01,1.947647e+01,1.962456e+01,1.978650e+01,1.980058e+01,1.999033e+01,2.006753e+01,1.997628e+01,1.992009e+01,1.996926e+01,1.992711e+01,1.983574e+01,1.977947e+01,1.955407e+01,1.961047e+01,1.965274e+01,1.975836e+01,1.965274e+01,1.972317e+01,1.977947e+01,1.980058e+01,1.980058e+01,1.974428e+01,1.977947e+01,1.968796e+01,1.976540e+01,1.975132e+01,1.966683e+01,1.962456e+01,1.957522e+01,1.961751e+01,1.946235e+01,1.956817e+01,1.949764e+01,1.937055e+01,1.944823e+01,1.950469e+01,1.953996e+01,1.953291e+01,1.966683e+01,1.958932e+01,1.970205e+01,1.965979e+01,1.960342e+01,1.967388e+01,1.965274e+01,1.965274e+01,1.962456e+01,1.968796e+01,1.985683e+01,1.988495e+01,2.001841e+01,2.023577e+01,2.029178e+01,2.037575e+01,2.051554e+01,2.043868e+01,2.048759e+01,2.041770e+01,2.062723e+01,2.068303e+01,2.065513e+01,2.074576e+01,2.064816e+01,2.077363e+01,2.080846e+01,2.078060e+01,2.074576e+01,2.075970e+01,2.075273e+01,2.081543e+01,2.076667e+01,2.069697e+01,2.090592e+01,2.080846e+01,2.086416e+01,2.093374e+01,2.073182e+01,2.082239e+01,2.090592e+01,2.081543e+01,2.089200e+01,2.089896e+01,2.085720e+01,2.091287e+01,2.089896e+01,2.083632e+01,2.087808e+01,2.081543e+01,2.082239e+01,2.084328e+01,2.080150e+01,2.083632e+01,2.082239e+01,2.060629e+01,2.022876e+01,1.965979e+01,1.908047e+01,1.936349e+01,1.982168e+01,2.031978e+01,2.071091e+01,2.075970e+01,2.083632e+01,2.080846e+01,2.084328e+01,2.086416e+01,2.078757e+01,2.087112e+01,2.089896e+01,2.083632e+01,2.089200e+01,2.087808e+01,2.087808e+01,2.080846e+01,2.081543e+01,2.071091e+01,2.094070e+01,2.086416e+01,2.085024e+01,2.078757e+01,2.090592e+01,2.080846e+01,2.080846e+01,2.083632e+01,2.075970e+01,2.076667e+01,2.077363e+01,2.078757e+01,2.073879e+01,2.075970e+01,2.078060e+01,2.086416e+01,2.081543e+01,2.079453e+01,2.082239e+01,2.083632e+01,2.078757e+01,2.087112e+01,2.078757e+01,2.082239e+01,2.081543e+01,2.084328e+01,2.083632e+01,2.076667e+01,2.085024e+01,2.080150e+01,2.087112e+01,2.086416e+01,2.078757e+01,2.080150e+01,2.075273e+01,2.080150e+01,2.079453e+01,2.080846e+01,2.080846e+01,2.082935e+01,2.089896e+01,2.084328e+01,2.091983e+01,2.086416e+01,2.082935e+01,2.078757e+01,2.087112e+01,2.083632e+01,2.076667e+01,2.082239e+01,2.082239e+01,2.085720e+01,2.084328e+01,2.080846e+01,2.073182e+01,2.083632e+01,2.078757e+01,2.078757e+01,2.081543e+01,2.085024e+01,2.083632e+01,2.087112e+01,2.087808e+01,2.086416e+01,2.082239e+01,2.078060e+01,2.080150e+01,2.085024e+01,2.082239e+01,2.089896e+01,2.082239e+01,2.080846e+01,2.090592e+01,2.084328e+01,2.073879e+01,2.093374e+01,2.088504e+01,2.084328e+01,2.085720e+01,2.085720e+01,2.080846e+01,2.088504e+01,2.083632e+01,2.083632e+01,2.087112e+01,2.087112e+01,2.085720e+01,2.078757e+01,2.085024e+01,2.089200e+01,2.082239e+01,2.082239e+01,2.079453e+01,2.076667e+01,2.080846e+01,2.077363e+01,2.080150e+01,2.075970e+01,2.089200e+01,2.089200e+01,2.084328e+01,2.081543e+01,2.075970e+01,2.080846e+01,2.063420e+01,2.092679e+01,2.080150e+01,2.083632e+01,2.078060e+01,2.087112e+01,2.085024e+01,2.088504e+01,2.080150e+01,2.082239e+01,2.078060e+01,2.086416e+01,2.084328e+01,2.080150e+01,2.082935e+01,2.080150e+01,2.076667e+01,2.085024e+01,2.081543e+01,2.082935e+01,2.080846e+01,2.080846e+01,2.079453e+01,2.074576e+01,2.079453e+01,2.078757e+01,2.084328e+01,2.075970e+01,2.078060e+01,2.083632e+01,2.081543e+01,2.089896e+01,2.082239e+01,2.080846e+01,2.093374e+01,2.091983e+01,2.082239e+01,2.097547e+01,2.086416e+01,2.073182e+01,2.094765e+01,2.087112e+01,2.087808e+01,2.093374e+01,2.089896e+01,2.092679e+01,2.091287e+01,2.083632e+01,2.080846e+01,2.085024e+01,2.091287e+01,2.082239e+01,2.084328e+01,2.082935e+01,2.082239e+01,2.082239e+01,2.085720e+01,2.085720e+01,2.087808e+01,2.087808e+01,2.087808e+01,2.075273e+01,2.070394e+01,2.089200e+01,2.087112e+01,2.086416e+01,2.090592e+01,2.087112e+01,2.078757e+01,2.091287e+01,2.089200e+01,2.092679e+01,2.088504e+01,2.091287e+01,2.091287e+01,2.091287e+01,2.092679e+01,2.085720e+01,2.085720e+01,2.082239e+01,2.081543e+01,2.083632e+01,2.080846e+01,2.087808e+01,2.078060e+01,2.081543e+01,2.103802e+01,2.094070e+01,2.086416e+01,2.083632e+01,2.092679e+01,2.087808e+01,2.087808e+01,2.098242e+01,2.096156e+01,2.080846e+01,2.094765e+01,2.094070e+01,2.087808e+01,2.086416e+01,2.098242e+01,2.087808e+01,2.090592e+01,2.094765e+01,2.079453e+01,2.090592e+01,2.084328e+01,2.096156e+01,2.085024e+01,2.094765e+01,2.077363e+01,2.085720e+01,2.091287e+01,2.090592e+01,2.087808e+01,2.076667e+01,2.082935e+01,2.103802e+01,2.091287e+01,2.081543e+01,2.091287e+01,2.087112e+01,2.099632e+01,2.093374e+01,2.080846e+01,2.094765e+01,2.082239e+01,2.085720e+01,2.100327e+01,2.085024e+01,2.082239e+01,2.087112e+01,2.089896e+01,2.084328e+01,2.094765e+01,2.085024e+01,2.085024e+01,2.080150e+01,2.092679e+01,2.078060e+01,2.079453e+01,2.081543e+01,2.101023e+01,2.107276e+01,2.104497e+01,2.121852e+01,2.110748e+01,2.104497e+01,2.098937e+01,2.083632e+01,2.088504e+01,2.094070e+01,2.089896e+01,2.075970e+01,2.088504e+01
1.828373e+01,1.805490e+01,1.824801e+01,1.815508e+01,1.787577e+01,1.793313e+01,1.774659e+01,1.771067e+01,1.773940e+01,1.783273e+01,1.792596e+01,1.806922e+01,1.799762e+01,1.797613e+01,1.799762e+01,1.840508e+01,1.851203e+01,1.893157e+01,1.917962e+01,1.956112e+01,1.992009e+01,2.050855e+01,2.065513e+01,2.073879e+01,2.087112e+01,2.092679e+01,2.078757e+01,2.075970e+01,2.080150e+01,2.078757e+01,2.078060e+01,2.078757e+01,2.064118e+01,2.082935e+01,2.078757e+01,2.085720e+01,2.085720e+01,2.071789e+01,2.079453e+01,2.077363e+01,2.080150e+01,2.083632e+01,2.085024e+01,2.078060e+01,2.081543e+01,2.080150e+01,2.082239e+01,2.083632e+01,2.090592e+01,2.064816e+01,2.082935e+01,2.087808e+01,2.080150e+01,2.085024e+01,2.077363e+01,2.075970e+01,2.080846e+01,2.076667e+01,2.082239e+01,2.075970e+01,2.085720e+01,2.069697e+01,2.062723e+01,2.070394e+01,2.087808e+01,2.090592e+01,2.081543e+01,2.072486e+01,2.072486e+01,2.073879e+01,2.078757e+01,2.070394e+01,2.081543e+01,2.052252e+01,2.068303e+01,2.078757e+01,2.077363e+01,2.080150e+01,2.072486e+01,2.071091e+01,2.078060e+01,2.069000e+01,2.072486e+01,2.078060e+01,2.081543e+01,2.075970e+01,2.087112e+01,2.086416e+01,2.085024e+01,2.088504e+01,2.054347e+01,2.083632e+01,2.089896e+01,2.084328e+01,2.088504e+01,2.081543e+01,2.089200e+01,2.090592e+01,2.087808e+01,2.080846e+01,2.076667e+01,2.083632e+01,2.082239e+01,2.083632e+01,2.082935e+01,2.082239e+01,2.084328e+01,2.093374e+01,2.091983e+01,2.078060e+01,2.067605e+01,2.088504e+01,2.097547e+01,2.077363e+01,2.076667e+01,2.079453e+01,2.083632e+01,2.081543e+01,2.082239e+01,2.080846e+01,2.075273e+01,2.071789e+01,2.078060e+01,2.082935e+01,2.078757e+01,2.079453e+01,2.078060e+01,2.075970e+01,2.089200e+01,2.089200e+01,2.085024e+01,2.079453e+01,2.083632e+01,2.077363e+01,2.078757e+01,2.087112e+01,2.085720e+01,2.097547e+01,2.086416e+01,2.078060e+01,2.087808e+01,2.082239e+01,2.075273e+01,2.084328e+01,2.086416e+01,2.090592e+01,2.076667e+01,2.087808e+01,2.080150e+01,2.085720e+01,2.083632e+01,2.071091e+01,2.078757e+01,2.089200e+01,2.087112e+01,2.082239e+01,2.080846e+01,2.070394e+01,2.071091e+01,2.079453e+01,2.078757e+01,2.075273e+01,2.102413e+01,2.078060e+01,2.071091e+01,2.071789e+01,2.072486e+01,2.069697e+01,2.075273e+01,2.071789e+01,2.083632e+01,2.083632e+01,2.067605e+01,2.084328e+01,2.080846e+01,2.073879e+01,2.078060e+01,2.080150e+01,2.078757e+01,2.075970e+01,2.080846e+01,2.080150e+01,2.088504e+01,2.083632e+01,2.078757e+01,2.067605e+01,2.076667e+01,2.068303e+01,2.085720e+01,2.075273e+01,2.074576e+01,2.076667e+01,2.072486e+01,2.078757e+01,2.085720e+01,2.078757e+01,2.073879e+01,2.081543e+01,2.096852e+01,2.078060e+01,2.080150e+01,2.080150e+01,2.078757e+01,2.079453e+01,2.069697e+01,2.081543e+01,2.050855e+01,2.053649e+01,2.036176e+01,2.035476e+01,2.013766e+01,2.010961e+01,2.013065e+01,2.005350e+01,2.004648e+01,1.970909e+01,1.968092e+01,1.961751e+01,1.968092e+01,1.951880e+01,1.947647e+01,1.932109e+01,1.943411e+01,1.941293e+01,1.920793e+01,1.923623e+01,1.908756e+01,1.898123e+01,1.899541e+01,1.899541e+01,1.893867e+01,1.893157e+01,1.890318e+01,1.921501e+01,1.907339e+01,1.915130e+01,1.927867e+01,1.932109e+01,1.930695e+01,1.929988e+01,1.940587e+01,1.934229e+01,1.929988e+01,1.929281e+01,1.932815e+01,1.922916e+01,1.922208e+01,1.930695e+01,1.930695e+01,1.955407e+01,1.930695e+01,1.944118e+01,1.931402e+01,1.940587e+01,1.926452e+01,1.935642e+01,1.940587e+01,1.937055e+01,1.934229e+01,1.939881e+01,1.939881e+01,1.934936e+01,1.934229e+01,1.937055e+01,1.939174e+01,1.975836e+01,1.982871e+01,1.983574e+01,1.989901e+01,2.008156e+01,2.008857e+01,2.006051e+01,2.001841e+01,1.993414e+01,2.006753e+01,1.992711e+01,1.976540e+01,1.969500e+01,1.965979e+01,1.961047e+01,1.970909e+01,1.979354e+01,1.983574e+01,1.984277e+01,1.980058e+01,1.981464e+01,1.965979e+01,1.962456e+01,1.977947e+01,1.958227e+01,1.956817e+01,1.958227e+01,1.961047e+01,1.960342e+01,1.949764e+01,1.956112e+01,1.946941e+01,1.951175e+01,1.950469e+01,1.949058e+01,1.945529e+01,1.950469e+01,1.962456e+01,1.968092e+01,1.968092e+01,1.964570e+01,1.971613e+01,1.969500e+01,1.969500e+01,1.965274e+01,1.968092e+01,1.958227e+01,1.973021e+01,1.985683e+01,1.989198e+01,1.997628e+01,2.003946e+01,2.026378e+01,2.029178e+01,2.034077e+01,2.034777e+01,2.038274e+01,2.041071e+01,2.045266e+01,2.056442e+01,2.057140e+01,2.073879e+01,2.075273e+01,2.080846e+01,2.068303e+01,2.098242e+01,2.085024e+01,2.069697e+01,2.079453e+01,2.078060e+01,2.081543e+01,2.086416e+01,2.085024e+01,2.075970e+01,2.085720e+01,2.082935e+01,2.080150e+01,2.087808e+01,2.082239e+01,2.085720e+01,2.092679e+01,2.089896e+01,2.087112e+01,2.082935e+01,2.094765e+01,2.084328e+01,2.094765e+01,2.081543e+01,2.082935e+01,2.079453e+01,2.084328e+01,2.086416e+01,2.082935e+01,2.057838e+01,2.017271e+01,1.946235e+01,1.908047e+01,1.933522e+01,1.982871e+01,2.023577e+01,2.069697e+01,2.068303e+01,2.080846e+01,2.078060e+01,2.081543e+01,2.079453e+01,2.087808e+01,2.088504e+01,2.070394e+01,2.084328e+01,2.089896e+01,2.086416e+01,2.081543e+01,2.085024e+01,2.082935e+01,2.082935e+01,2.078757e+01,2.078060e+01,2.083632e+01,2.080846e+01,2.092679e+01,2.082239e+01,2.076667e+01,2.073879e+01,2.082935e+01,2.077363e+01,2.077363e+01,2.076667e+01,2.076667e+01,2.078060e+01,2.077363e+01,2.083632e+01,2.082935e+01,2.081543e+01,2.085720e+01,2.078757e+01,2.082239e+01,2.082239e+01,2.079453e+01,2.082239e+01,2.083632e+01,2.085720e+01,2.070394e+01,2.075970e+01,2.080150e+01,2.084328e+01,2.082239e+01,2.089896e+01,2.083632e+01,2.078060e+01,2.082935e+01,2.075970e+01,2.080150e+01,2.081543e+01,2.080150e+01,2.080846e+01,2.082239e+01,2.089896e+01,2.082239e+01,2.079453e+01,2.075970e+01,2.087112e+01,2.078060e+01,2.075273e+01,2.080846e+01,2.082239e+01,2.094070e+01,2.085024e+01,2.083632e+01,2.082935e+01,2.080846e+01,2.085024e+01,2.084328e+01,2.082935e+01,2.082935e+01,2.081543e+01,2.087808e+01,2.082239e+01,2.077363e+01,2.097547e+01,2.085720e+01,2.080150e+01,2.082935e+01,2.080846e+01,2.085024e+01,2.084328e+01,2.088504e+01,2.082239e+01,2.085720e+01,2.084328e+01,2.096852e+01,2.085024e+01,2.087808e+01,2.087808e+01,2.069697e+01,2.094765e+01,2.081543e+01,2.075970e+01,2.087112e+01,2.084328e+01,2.073182e+01,2.085720e+01,2.081543e+01,2.089200e+01,2.084328e+01,2.082239e+01,2.082935e+01,2.069000e+01,2.073879e+01,2.075970e+01,2.082935e+01,2.078757e+01,2.085720e+01,2.089896e+01,2.081543e+01,2.072486e+01,2.075273e+01,2.087112e+01,2.089200e+01,2.073879e+01,2.080150e+01,2.068303e+01,2.087112e+01,2.080846e+01,2.078757e+01,2.080846e+01,2.080150e+01,2.079453e+01,2.071091e+01,2.085720e+01,2.073879e+01,2.076667e+01,2.080846e+01,2.075273e+01,2.089896e+01,2.085024e+01,2.086416e+01,2.081543e+01,2.082935e+01,2.075970e+01,2.077363e+01,2.082935e+01,2.082239e+01,2.076667e+01,2.072486e+01,2.082935e+01,2.085024e+01,2.091983e+01,2.085024e+01,2.086416e+01,2.075273e+01,2.089896e+01,2.082935e+01,2.081543e+01,2.080150e+01,2.077363e+01,2.082239e+01,2.085024e+01,2.071091e+01,2.089200e+01,2.075970e+01,2.077363e+01,2.088504e+01,2.085024e+01,2.082935e+01,2.082935e+01,2.081543e+01,2.080150e+01,2.089896e+01,2.082935e+01,2.082935e+01,2.083632e+01,2.091983e+01,2.091287e+01,2.088504e+01,2.082935e+01,2.095461e+01,2.084328e+01,2.082935e+01,2.089200e+01,2.078757e+01,2.073879e+01,2.073182e+01,2.086416e+01,2.081543e+01,2.082239e+01,2.089200e+01,2.088504e+01,2.089896e+01,2.103107e+01,2.091983e+01,2.078060e+01,2.089200e+01,2.091983e+01,2.088504e+01,2.089896e+01,2.080150e+01,2.086416e+01,2.087808e+01,2.085720e+01,2.084328e+01,2.082239e+01,2.079453e+01,2.078757e+01,2.086416e+01,2.091287e+01,2.085720e+01,2.079453e+01,2.080846e+01,2.089200e+01,2.087112e+01,2.091287e+01,2.087808e+01,2.095461e+01,2.097547e+01,2.096156e+01,2.086416e+01,2.098937e+01,2.091287e+01,2.091287e+01,2.096852e+01,2.092679e+01,2.096156e+01,2.092679e+01,2.091983e+01,2.091983e+01,2.088504e+01,2.087808e+01,2.089200e+01,2.091287e+01,2.087112e+01,2.089200e+01,2.066211e+01,2.091983e+01,2.089200e+01,2.087808e+01,2.080150e+01,2.080846e+01,2.093374e+01,2.080150e+01,2.093374e+01,2.076667e+01,2.109360e+01,2.097547e+01,2.083632e+01,2.091983e+01,2.097547e+01,2.085720e+01,2.098242e+01,2.093374e+01,2.082935e+01,2.088504e+01,2.081543e+01,2.091983e+01,2.084328e+01,2.090592e+01,2.080846e+01,2.078060e+01,2.066908e+01,2.069697e+01,2.068303e+01,2.090592e+01,2.100327e+01,2.107971e+01,2.112831e+01,2.126013e+01,2.110054e+01,2.107971e+01,2.080846e+01,2.101023e+01,2.089896e+01,2.071091e+01,2.079453e+01,2.076667e+01,2.071091e+01
1.828373e+01,1.804775e+01,1.805490e+01,1.785425e+01,1.795463e+01,1.769630e+01,1.753090e+01,1.771067e+01,1.778249e+01,1.788294e+01,1.808354e+01,1.791879e+01,1.794029e+01,1.796896e+01,1.801194e+01,1.824801e+01,1.849777e+01,1.854053e+01,1.895286e+01,1.925745e+01,2.000437e+01,2.041071e+01,2.067605e+01,2.084328e+01,2.069697e+01,2.075273e+01,2.070394e+01,2.066211e+01,2.084328e+01,2.083632e+01,2.082935e+01,2.079453e+01,2.087808e+01,2.080150e+01,2.073879e+01,2.083632e+01,2.078060e+01,2.071789e+01,2.089200e+01,2.092679e+01,2.073879e+01,2.075970e+01,2.077363e+01,2.078757e+01,2.078060e+01,2.080150e+01,2.079453e+01,2.082239e+01,2.089200e+01,2.080846e+01,2.085024e+01,2.083632e+01,2.073879e+01,2.066908e+01,2.079453e+01,2.083632e+01,2.084328e+01,2.067605e+01,2.070394e+01,2.059932e+01,2.078757e+01,2.071091e+01,2.066908e+01,2.069000e+01,2.082239e+01,2.056442e+01,2.059932e+01,2.082935e+01,2.065513e+01,2.072486e+01,2.072486e+01,2.071789e+01,2.073879e+01,2.048061e+01,2.067605e+01,2.071091e+01,2.071789e+01,2.073879e+01,2.064118e+01,2.067605e+01,2.069697e+01,2.069697e+01,2.068303e+01,2.082239e+01,2.071789e+01,2.082239e+01,2.076667e+01,2.079453e+01,2.076667e+01,2.079453e+01,2.078060e+01,2.082935e+01,2.084328e+01,2.083632e+01,2.086416e+01,2.074576e+01,2.078060e+01,2.076667e+01,2.085720e+01,2.087112e+01,2.082935e+01,2.085024e+01,2.083632e+01,2.076667e+01,2.081543e+01,2.074576e+01,2.076667e+01,2.087808e+01,2.051554e+01,2.085720e+01,2.087112e+01,2.085024e+01,2.080150e+01,2.075970e+01,2.075970e+01,2.080846e+01,2.079453e+01,2.078757e+01,2.075970e+01,2.077363e+01,2.066908e+01,2.067605e+01,2.078060e+01,2.075970e+01,2.080846e+01,2.075273e+01,2.075970e+01,2.078757e+01,2.091287e+01,2.079453e+01,2.080150e+01,2.080150e+01,2.081543e+01,2.075970e+01,2.078757e+01,2.083632e+01,2.074576e+01,2.087112e+01,2.088504e+01,2.090592e+01,2.085720e+01,2.072486e+01,2.082239e+01,2.078757e+01,2.074576e+01,2.088504e+01,2.075970e+01,2.096852e+01,2.087112e+01,2.088504e+01,2.087112e+01,2.087112e+01,2.074576e+01,2.082935e+01,2.079453e+01,2.088504e+01,2.077363e+01,2.076667e+01,2.076667e+01,2.078060e+01,2.076667e+01,2.077363e+01,2.074576e+01,2.087808e+01,2.080150e+01,2.073879e+01,2.075273e+01,2.075273e+01,2.060629e+01,2.080846e+01,2.077363e+01,2.063420e+01,2.085024e+01,2.071091e+01,2.082239e+01,2.086416e+01,2.076667e+01,2.076667e+01,2.069000e+01,2.105887e+01,2.079453e+01,2.086416e+01,2.090592e+01,2.080846e+01,2.068303e+01,2.081543e+01,2.073182e+01,2.066211e+01,2.077363e+01,2.071091e+01,2.074576e+01,2.075273e+01,2.075970e+01,2.078060e+01,2.080150e+01,2.075273e+01,2.080846e+01,2.081543e+01,2.085024e+01,2.070394e+01,2.078757e+01,2.089200e+01,2.079453e+01,2.050855e+01,2.074576e+01,2.064816e+01,2.071091e+01,2.049458e+01,2.048061e+01,2.030578e+01,2.020074e+01,2.030578e+01,2.036176e+01,2.008857e+01,2.002542e+01,2.001841e+01,2.006051e+01,2.000437e+01,1.974428e+01,1.975836e+01,1.964570e+01,1.965979e+01,1.955407e+01,1.961047e+01,1.944118e+01,1.952586e+01,1.940587e+01,1.927867e+01,1.925038e+01,1.925745e+01,1.926452e+01,1.926452e+01,1.917962e+01,1.923623e+01,1.919378e+01,1.932815e+01,1.934229e+01,1.937762e+01,1.937762e+01,1.950469e+01,1.935642e+01,1.936349e+01,1.945529e+01,1.925745e+01,1.925745e+01,1.928574e+01,1.921501e+01,1.923623e+01,1.927867e+01,1.927867e+01,1.923623e+01,1.930695e+01,1.922916e+01,1.935642e+01,1.929281e+01,1.938468e+01,1.936349e+01,1.937055e+01,1.941999e+01,1.937762e+01,1.922916e+01,1.943411e+01,1.946941e+01,1.938468e+01,1.951880e+01,1.957522e+01,1.961751e+01,1.996224e+01,2.001139e+01,2.007454e+01,2.020774e+01,2.020074e+01,2.007454e+01,2.014467e+01,1.992711e+01,1.993414e+01,1.992711e+01,1.984277e+01,1.978650e+01,1.977947e+01,1.972317e+01,1.975836e+01,1.977947e+01,1.979354e+01,1.982871e+01,1.975836e+01,1.976540e+01,1.962456e+01,1.967388e+01,1.961047e+01,1.958932e+01,1.960342e+01,1.949058e+01,1.951880e+01,1.950469e+01,1.951175e+01,1.952586e+01,1.960342e+01,1.961047e+01,1.956817e+01,1.956817e+01,1.956817e+01,1.961751e+01,1.965979e+01,1.971613e+01,1.973725e+01,1.971613e+01,1.968796e+01,1.968092e+01,1.957522e+01,1.959637e+01,1.969500e+01,1.976540e+01,1.984980e+01,1.984980e+01,1.997628e+01,2.010260e+01,2.024977e+01,2.027078e+01,2.030578e+01,2.029878e+01,2.037575e+01,2.048061e+01,2.040372e+01,2.058536e+01,2.072486e+01,2.064118e+01,2.077363e+01,2.081543e+01,2.081543e+01,2.075970e+01,2.075970e+01,2.075273e+01,2.078757e+01,2.075273e+01,2.081543e+01,2.078757e+01,2.077363e+01,2.081543e+01,2.077363e+01,2.076667e+01,2.079453e+01,2.085720e+01,2.091983e+01,2.079453e+01,2.089896e+01,2.082935e+01,2.080150e+01,2.084328e+01,2.066908e+01,2.092679e+01,2.084328e+01,2.086416e+01,2.096852e+01,2.079453e+01,2.080150e+01,2.082239e+01,2.064816e+01,2.058536e+01,2.017271e+01,1.939174e+01,1.944118e+01,1.952586e+01,1.997628e+01,2.038274e+01,2.075273e+01,2.073182e+01,2.085720e+01,2.076667e+01,2.080846e+01,2.081543e+01,2.075273e+01,2.077363e+01,2.084328e+01,2.076667e+01,2.089200e+01,2.075273e+01,2.082935e+01,2.078757e+01,2.073879e+01,2.080846e+01,2.082935e+01,2.078060e+01,2.080846e+01,2.082935e+01,2.081543e+01,2.088504e+01,2.080150e+01,2.077363e+01,2.071789e+01,2.080846e+01,2.078757e+01,2.074576e+01,2.080150e+01,2.063420e+01,2.073182e+01,2.081543e+01,2.072486e+01,2.081543e+01,2.080846e+01,2.084328e+01,2.082239e+01,2.094765e+01,2.080846e+01,2.084328e+01,2.078060e+01,2.084328e+01,2.071091e+01,2.085024e+01,2.075970e+01,2.078757e+01,2.082935e+01,2.088504e+01,2.083632e+01,2.082239e+01,2.081543e+01,2.077363e+01,2.078757e+01,2.085024e+01,2.089896e+01,2.080846e+01,2.089200e+01,2.085024e+01,2.076667e+01,2.085720e+01,2.086416e+01,2.080846e+01,2.083632e+01,2.080846e+01,2.085024e+01,2.081543e+01,2.083632e+01,2.087808e+01,2.087808e+01,2.074576e+01,2.078060e+01,2.088504e+01,2.075970e+01,2.086416e+01,2.080150e+01,2.087808e+01,2.084328e+01,2.085720e+01,2.082239e+01,2.077363e+01,2.082239e+01,2.082239e+01,2.082239e+01,2.083632e+01,2.089896e+01,2.084328e+01,2.081543e+01,2.085024e+01,2.083632e+01,2.083632e+01,2.082239e+01,2.082239e+01,2.083632e+01,2.085024e+01,2.087808e+01,2.083632e+01,2.086416e+01,2.085720e+01,2.078757e+01,2.074576e+01,2.087112e+01,2.082935e+01,2.078757e+01,2.078060e+01,2.082935e+01,2.069000e+01,2.069697e+01,2.074576e+01,2.072486e+01,2.080150e+01,2.084328e+01,2.082239e+01,2.082239e+01,2.085024e+01,2.088504e+01,2.078757e+01,2.092679e+01,2.068303e+01,2.084328e+01,2.079453e+01,2.079453e+01,2.082935e+01,2.080150e+01,2.076667e+01,2.087808e+01,2.077363e+01,2.087808e+01,2.080150e+01,2.082239e+01,2.083632e+01,2.081543e+01,2.075970e+01,2.086416e+01,2.078060e+01,2.076667e+01,2.082239e+01,2.080150e+01,2.088504e+01,2.078060e+01,2.077363e+01,2.082239e+01,2.080846e+01,2.087112e+01,2.078757e+01,2.088504e+01,2.084328e+01,2.074576e+01,2.078757e+01,2.086416e+01,2.075970e+01,2.075970e+01,2.078060e+01,2.082935e+01,2.087112e+01,2.089896e+01,2.085024e+01,2.082935e+01,2.080150e+01,2.085720e+01,2.071789e+01,2.085024e+01,2.089200e+01,2.088504e+01,2.083632e+01,2.087112e+01,2.084328e+01,2.085024e+01,2.087112e+01,2.080150e+01,2.081543e+01,2.083632e+01,2.091983e+01,2.089896e+01,2.084328e+01,2.085024e+01,2.082935e+01,2.093374e+01,2.083632e+01,2.087112e+01,2.095461e+01,2.086416e+01,2.086416e+01,2.085720e+01,2.085720e+01,2.087808e+01,2.082239e+01,2.080846e+01,2.082239e+01,2.075273e+01,2.097547e+01,2.098937e+01,2.088504e+01,2.091287e+01,2.091983e+01,2.080150e+01,2.087808e+01,2.080150e+01,2.088504e+01,2.080150e+01,2.087112e+01,2.082239e+01,2.083632e+01,2.085024e+01,2.087808e+01,2.080150e+01,2.078060e+01,2.080150e+01,2.100327e+01,2.087112e+01,2.096156e+01,2.073182e+01,2.085720e+01,2.087808e+01,2.094765e+01,2.090592e+01,2.095461e+01,2.078060e+01,2.085720e+01,2.080150e+01,2.088504e+01,2.089896e+01,2.096156e+01,2.095461e+01,2.090592e+01,2.096852e+01,2.085720e+01,2.087808e+01,2.080846e+01,2.090592e+01,2.089200e+01,2.084328e+01,2.096156e+01,2.079453e+01,2.079453e+01,2.091287e+01,2.088504e+01,2.080150e+01,2.089896e+01,2.080150e+01,2.078060e+01,2.097547e+01,2.082239e+01,2.086416e+01,2.087808e+01,2.094765e+01,2.097547e+01,2.087112e+01,2.077363e+01,2.077363e+01,2.086416e+01,2.083632e+01,2.081543e+01,2.089200e+01,2.087808e+01,2.080846e+01,2.098242e+01,2.086416e+01,2.089896e+01,2.081543e+01,2.073182e+01,2.092679e+01,2.084328e+01,2.090592e+01,2.103107e+01,2.126013e+01,2.105192e+01,2.110748e+01,2.076667e+01,2.098242e+01,2.096852e+01,2.071091e+01,2.088504e+01,2.076667e+01,2.075970e+01,2.066908e+01
1.802627e+01,1.819083e+01,1.799762e+01,1.798329e+01,1.777531e+01,1.755249e+01,1.745170e+01,1.755249e+01,1.772504e+01,1.781837e+01,1.790445e+01,1.797613e+01,1.773940e+01,1.772504e+01,1.796896e+01,1.826944e+01,1.847639e+01,1.878245e+01,1.920085e+01,1.956817e+01,2.015869e+01,2.051554e+01,2.072486e+01,2.088504e+01,2.088504e+01,2.073879e+01,2.078757e+01,2.088504e+01,2.078060e+01,2.094070e+01,2.071789e+01,2.064816e+01,2.075273e+01,2.085024e+01,2.079453e+01,2.082935e+01,2.078757e+01,2.070394e+01,2.080846e+01,2.077363e+01,2.074576e+01,2.083632e+01,2.075273e+01,2.077363e+01,2.078060e+01,2.089200e+01,2.063420e+01,2.084328e+01,2.086416e+01,2.072486e+01,2.060629e+01,2.082935e+01,2.062723e+01,2.073879e+01,2.073182e+01,2.064118e+01,2.050855e+01,2.047362e+01,2.059932e+01,2.056442e+01,2.066211e+01,2.052252e+01,2.052950e+01,2.055743e+01,2.059234e+01,2.050157e+01,2.050855e+01,2.053649e+01,2.051554e+01,2.043868e+01,2.059234e+01,2.046663e+01,2.036176e+01,2.036176e+01,2.033377e+01,2.033377e+01,2.032678e+01,2.039673e+01,2.045964e+01,2.057140e+01,2.061327e+01,2.069000e+01,2.066908e+01,2.073182e+01,2.084328e+01,2.083632e+01,2.080150e+01,2.084328e+01,2.070394e+01,2.079453e+01,2.085720e+01,2.079453e+01,2.082935e+01,2.082239e+01,2.082239e+01,2.078757e+01,2.087808e+01,2.087112e+01,2.073879e+01,2.065513e+01,2.075273e+01,2.076667e+01,2.084328e+01,2.082935e+01,2.081543e+01,2.081543e+01,2.090592e+01,2.080150e+01,2.088504e+01,2.077363e+01,2.076667e+01,2.092679e+01,2.059234e+01,2.081543e+01,2.081543e+01,2.079453e+01,2.080150e+01,2.078060e+01,2.087808e+01,2.076667e+01,2.078757e+01,2.078060e+01,2.080846e+01,2.078757e+01,2.082239e+01,2.078060e+01,2.084328e+01,2.073182e+01,2.073182e+01,2.089896e+01,2.088504e+01,2.082239e+01,2.076667e+01,2.070394e+01,2.079453e+01,2.082239e+01,2.081543e+01,2.094765e+01,2.082935e+01,2.073182e+01,2.078757e+01,2.083632e+01,2.103107e+01,2.085024e+01,2.080150e+01,2.089896e+01,2.086416e+01,2.084328e+01,2.085024e+01,2.085024e+01,2.081543e+01,2.087808e+01,2.075273e+01,2.082239e+01,2.076667e+01,2.076667e+01,2.076667e+01,2.085720e+01,2.062025e+01,2.080150e+01,2.077363e+01,2.079453e+01,2.080150e+01,2.077363e+01,2.087112e+01,2.069697e+01,2.075970e+01,2.064118e+01,2.066908e+01,2.053649e+01,2.075273e+01,2.064118e+01,2.066211e+01,2.064118e+01,2.069697e+01,2.072486e+01,2.070394e+01,2.077363e+01,2.077363e+01,2.082239e+01,2.084328e+01,2.077363e+01,2.071091e+01,2.069697e+01,2.075970e+01,2.080150e+01,2.083632e+01,2.075273e+01,2.080150e+01,2.070394e+01,2.069697e+01,2.069697e+01,2.076667e+01,2.078060e+01,2.077363e+01,2.066211e+01,2.080846e+01,2.069697e+01,2.087808e+01,2.083632e+01,2.084328e+01,2.082239e+01,2.084328e+01,2.077363e+01,2.078060e+01,2.065513e+01,2.072486e+01,2.055743e+01,2.040372e+01,2.044567e+01,2.042470e+01,2.040372e+01,2.033377e+01,2.036176e+01,2.027078e+01,2.027778e+01,2.027778e+01,2.003946e+01,2.007454e+01,2.004648e+01,2.004648e+01,1.976540e+01,1.980761e+01,1.975132e+01,1.973725e+01,1.954701e+01,1.959637e+01,1.946235e+01,1.941293e+01,1.941293e+01,1.932815e+01,1.956112e+01,1.956112e+01,1.959637e+01,1.948352e+01,1.965274e+01,1.957522e+01,1.944118e+01,1.945529e+01,1.958932e+01,1.942705e+01,1.953291e+01,1.950469e+01,1.944823e+01,1.939174e+01,1.927867e+01,1.933522e+01,1.935642e+01,1.930695e+01,1.929281e+01,1.928574e+01,1.938468e+01,1.929988e+01,1.925745e+01,1.935642e+01,1.932109e+01,1.937762e+01,1.932815e+01,1.935642e+01,1.938468e+01,1.946941e+01,1.941293e+01,1.945529e+01,1.956112e+01,1.943411e+01,1.978650e+01,1.977243e+01,2.002542e+01,2.027078e+01,2.025677e+01,2.043169e+01,2.013766e+01,2.014467e+01,2.022876e+01,2.019373e+01,2.013065e+01,2.015869e+01,2.015168e+01,1.994819e+01,1.992009e+01,1.992711e+01,1.992711e+01,1.981464e+01,2.000437e+01,1.982871e+01,1.984980e+01,1.978650e+01,1.971613e+01,1.973725e+01,1.967388e+01,1.959637e+01,1.949764e+01,1.960342e+01,1.958932e+01,1.959637e+01,1.953291e+01,1.957522e+01,1.960342e+01,1.956817e+01,1.963865e+01,1.965979e+01,1.959637e+01,1.960342e+01,1.976540e+01,1.973021e+01,1.970205e+01,1.976540e+01,1.958932e+01,1.963865e+01,1.968092e+01,1.966683e+01,1.956112e+01,1.969500e+01,1.983574e+01,1.982871e+01,2.002542e+01,2.006051e+01,2.013766e+01,2.029178e+01,2.027778e+01,2.034077e+01,2.041770e+01,2.048061e+01,2.041770e+01,2.064816e+01,2.064816e+01,2.085024e+01,2.076667e+01,2.083632e+01,2.073182e+01,2.078060e+01,2.078757e+01,2.075970e+01,2.074576e+01,2.078060e+01,2.078757e+01,2.082239e+01,2.080150e+01,2.088504e+01,2.089200e+01,2.081543e+01,2.095461e+01,2.088504e+01,2.089200e+01,2.084328e+01,2.080150e+01,2.082239e+01,2.080150e+01,2.086416e+01,2.094765e+01,2.093374e+01,2.089896e+01,2.084328e+01,2.081543e+01,2.082935e+01,2.082935e+01,2.078757e+01,2.080846e+01,2.057838e+01,2.015869e+01,1.947647e+01,1.934936e+01,1.979354e+01,2.024277e+01,2.072486e+01,2.071091e+01,2.075970e+01,2.078060e+01,2.071091e+01,2.078757e+01,2.080846e+01,2.079453e+01,2.087808e+01,2.110054e+01,2.075970e+01,2.082239e+01,2.080150e+01,2.083632e+01,2.084328e+01,2.088504e+01,2.085024e+01,2.082935e+01,2.084328e+01,2.080846e+01,2.081543e+01,2.081543e+01,2.077363e+01,2.082239e+01,2.075970e+01,2.073182e+01,2.075970e+01,2.085024e+01,2.074576e+01,2.085720e+01,2.075970e+01,2.079453e+01,2.075273e+01,2.079453e+01,2.083632e+01,2.082935e+01,2.085024e+01,2.092679e+01,2.083632e+01,2.083632e+01,2.078757e+01,2.082935e+01,2.065513e+01,2.079453e+01,2.081543e+01,2.079453e+01,2.073182e+01,2.075970e+01,2.082935e+01,2.085024e+01,2.084328e+01,2.087808e+01,2.081543e+01,2.073879e+01,2.076667e+01,2.076667e+01,2.082935e+01,2.084328e+01,2.082239e+01,2.073879e+01,2.087112e+01,2.081543e+01,2.081543e+01,2.102413e+01,2.080150e+01,2.082935e+01,2.077363e+01,2.081543e+01,2.076667e+01,2.084328e+01,2.075970e+01,2.082239e+01,2.083632e+01,2.085720e+01,2.087808e+01,2.078060e+01,2.085720e+01,2.076667e+01,2.090592e+01,2.080846e+01,2.083632e+01,2.080150e+01,2.088504e+01,2.090592e+01,2.082239e+01,2.090592e+01,2.086416e+01,2.087808e+01,2.088504e+01,2.085720e+01,2.085024e+01,2.086416e+01,2.082239e+01,2.082239e+01,2.091983e+01,2.084328e+01,2.080846e+01,2.084328e+01,2.089896e+01,2.075970e+01,2.089200e+01,2.091287e+01,2.087112e+01,2.066908e+01,2.092679e+01,2.071091e+01,2.076667e+01,2.082239e+01,2.075273e+01,2.085024e+01,2.086416e+01,2.085720e+01,2.085024e+01,2.082239e+01,2.091287e+01,2.077363e+01,2.079453e+01,2.082935e+01,2.075970e+01,2.075273e+01,2.078757e+01,2.076667e+01,2.085720e+01,2.078060e+01,2.080150e+01,2.084328e+01,2.078060e+01,2.091983e+01,2.073182e+01,2.082935e+01,2.088504e+01,2.080150e+01,2.082239e+01,2.073879e+01,2.084328e+01,2.082935e+01,2.080150e+01,2.082935e+01,2.078060e+01,2.075970e+01,2.087808e+01,2.082935e+01,2.079453e+01,2.076667e+01,2.078060e+01,2.085720e+01,2.086416e+01,2.078757e+01,2.080846e+01,2.069697e+01,2.071091e+01,2.072486e+01,2.083632e+01,2.083632e+01,2.084328e+01,2.078060e+01,2.086416e+01,2.078060e+01,2.080846e+01,2.082935e+01,2.084328e+01,2.079453e+01,2.086416e+01,2.085720e+01,2.082239e+01,2.083632e+01,2.087112e+01,2.081543e+01,2.087112e+01,2.084328e+01,2.088504e+01,2.085720e+01,2.112137e+01,2.081543e+01,2.083632e+01,2.087808e+01,2.094070e+01,2.087112e+01,2.085024e+01,2.078757e+01,2.092679e+01,2.087112e+01,2.084328e+01,2.085024e+01,2.078757e+01,2.101718e+01,2.087112e+01,2.087808e+01,2.079453e+01,2.090592e+01,2.085024e+01,2.087112e+01,2.094070e+01,2.096852e+01,2.080150e+01,2.091287e+01,2.092679e+01,2.073182e+01,2.070394e+01,2.078060e+01,2.088504e+01,2.082239e+01,2.080150e+01,2.080150e+01,2.088504e+01,2.089896e+01,2.075970e+01,2.091287e+01,2.075970e+01,2.095461e+01,2.086416e+01,2.094070e+01,2.086416e+01,2.096156e+01,2.089896e+01,2.087112e+01,2.080150e+01,2.089896e+01,2.094070e+01,2.083632e+01,2.087112e+01,2.081543e+01,2.082239e+01,2.094070e+01,2.078757e+01,2.091983e+01,2.091983e+01,2.080846e+01,2.086416e+01,2.093374e+01,2.090592e+01,2.077363e+01,2.071091e+01,2.082935e+01,2.086416e+01,2.091287e+01,2.094765e+01,2.074576e+01,2.074576e+01,2.094765e+01,2.084328e+01,2.078757e+01,2.080150e+01,2.085720e+01,2.084328e+01,2.078060e+01,2.077363e+01,2.080846e+01,2.082239e+01,2.095461e+01,2.082935e+01,2.090592e+01,2.091287e+01,2.087112e+01,2.097547e+01,2.093374e+01,2.089896e+01,2.075970e+01,2.083632e+01,2.073879e+01,2.080150e+01,2.078757e+01,2.089200e+01,2.098242e+01,2.096156e+01,2.098937e+01,2.104497e+01,2.103802e+01,2.094070e+01,2.096156e+01,2.096156e+01,2.081543e+01,2.094765e+01,2.086416e+01,2.075273e+01,2.065513e+01
1.803343e+01,1.787577e+01,1.799045e+01,1.788294e+01,1.768193e+01,1.768912e+01,1.770349e+01,1.770349e+01,1.791162e+01,1.789011e+01,1.803343e+01,1.798329e+01,1.787577e+01,1.778249e+01,1.798329e+01,1.819083e+01,1.845500e+01,1.859038e+01,1.920793e+01,1.959637e+01,2.017972e+01,2.067605e+01,2.066211e+01,2.082239e+01,2.069697e+01,2.074576e+01,2.084328e+01,2.073182e+01,2.076667e+01,2.082239e+01,2.077363e+01,2.076667e+01,2.075970e+01,2.068303e+01,2.077363e+01,2.080846e+01,2.080150e+01,2.076667e+01,2.073182e+01,2.072486e+01,2.077363e+01,2.075273e+01,2.057140e+01,2.073879e+01,2.062025e+01,2.072486e+01,2.071789e+01,2.053649e+01,2.055743e+01,2.054347e+01,2.060629e+01,2.048759e+01,2.027778e+01,2.027778e+01,2.024277e+01,2.028478e+01,2.021475e+01,2.010961e+01,2.017271e+01,2.009559e+01,1.978650e+01,2.006753e+01,2.011663e+01,2.019373e+01,1.996224e+01,2.008156e+01,2.008857e+01,2.007454e+01,2.003244e+01,2.003244e+01,2.010260e+01,2.009559e+01,2.009559e+01,1.998330e+01,2.011663e+01,1.993414e+01,2.017972e+01,2.017271e+01,2.031278e+01,2.040372e+01,2.049458e+01,2.036176e+01,2.032678e+01,2.066908e+01,2.080846e+01,2.088504e+01,2.089200e+01,2.080150e+01,2.080150e+01,2.080846e+01,2.081543e+01,2.085720e+01,2.079453e+01,2.073182e+01,2.085720e+01,2.076667e+01,2.073879e+01,2.086416e+01,2.089200e+01,2.090592e+01,2.080846e+01,2.081543e+01,2.078060e+01,2.080846e+01,2.055743e+01,2.078060e+01,2.080150e+01,2.082935e+01,2.093374e+01,2.081543e+01,2.078757e+01,2.081543e+01,2.086416e+01,2.081543e+01,2.063420e+01,2.086416e+01,2.089200e+01,2.078060e+01,2.075970e+01,2.089896e+01,2.076667e+01,2.078060e+01,2.076667e+01,2.078060e+01,2.078757e+01,2.087808e+01,2.082935e+01,2.069697e+01,2.073182e+01,2.081543e+01,2.076667e+01,2.079453e+01,2.083632e+01,2.075273e+01,2.085720e+01,2.082935e+01,2.080846e+01,2.081543e+01,2.098937e+01,2.085024e+01,2.086416e+01,2.077363e+01,2.082239e+01,2.070394e+01,2.082935e+01,2.074576e+01,2.073879e+01,2.080150e+01,2.082935e+01,2.087112e+01,2.082239e+01,2.075273e+01,2.078060e+01,2.068303e+01,2.073182e+01,2.084328e+01,2.075273e+01,2.074576e+01,2.075970e+01,2.083632e+01,2.083632e+01,2.074576e+01,2.080846e+01,2.080150e+01,2.074576e+01,2.071091e+01,2.062025e+01,2.071091e+01,2.063420e+01,2.038974e+01,2.057140e+01,2.053649e+01,2.053649e+01,2.064816e+01,2.069697e+01,2.057838e+01,2.074576e+01,2.073879e+01,2.077363e+01,2.078060e+01,2.075970e+01,2.081543e+01,2.076667e+01,2.072486e+01,2.080846e+01,2.070394e+01,2.077363e+01,2.075273e+01,2.078060e+01,2.081543e+01,2.074576e+01,2.078060e+01,2.073879e+01,2.067605e+01,2.078060e+01,2.069000e+01,2.081543e+01,2.082239e+01,2.080150e+01,2.084328e+01,2.081543e+01,2.082935e+01,2.077363e+01,2.076667e+01,2.085024e+01,2.069000e+01,2.068303e+01,2.075273e+01,2.055743e+01,2.050855e+01,2.059234e+01,2.062025e+01,2.059234e+01,2.061327e+01,2.032678e+01,2.037575e+01,2.031278e+01,2.029878e+01,2.028478e+01,2.008857e+01,2.013766e+01,2.019373e+01,2.005350e+01,1.998330e+01,1.977947e+01,1.976540e+01,1.977947e+01,1.981464e+01,1.977243e+01,1.975132e+01,1.970205e+01,1.963161e+01,1.968092e+01,1.979354e+01,1.969500e+01,1.963161e+01,1.973021e+01,1.986386e+01,1.958932e+01,1.968796e+01,1.954701e+01,1.966683e+01,1.969500e+01,1.941999e+01,1.934229e+01,1.936349e+01,1.933522e+01,1.928574e+01,1.933522e+01,1.935642e+01,1.932815e+01,1.946235e+01,1.949058e+01,1.933522e+01,1.949764e+01,1.943411e+01,1.941999e+01,1.932109e+01,1.939174e+01,1.933522e+01,1.938468e+01,1.944118e+01,1.949764e+01,1.963865e+01,1.975132e+01,1.997628e+01,1.979354e+01,2.006051e+01,2.003244e+01,2.022876e+01,2.037575e+01,2.026378e+01,2.033377e+01,2.025677e+01,2.027078e+01,2.024277e+01,2.024977e+01,2.020074e+01,2.015869e+01,2.010961e+01,2.000437e+01,1.998330e+01,1.992009e+01,2.001139e+01,1.993414e+01,1.986386e+01,1.975836e+01,1.975132e+01,1.977947e+01,1.958227e+01,1.951880e+01,1.943411e+01,1.948352e+01,1.953291e+01,1.952586e+01,1.951880e+01,1.955407e+01,1.965274e+01,1.961047e+01,1.975836e+01,1.973725e+01,1.969500e+01,1.970205e+01,1.963865e+01,1.970909e+01,1.970909e+01,1.967388e+01,1.967388e+01,1.965274e+01,1.965274e+01,1.967388e+01,1.968092e+01,1.967388e+01,1.970909e+01,1.988495e+01,1.993414e+01,2.002542e+01,2.028478e+01,2.027778e+01,2.029878e+01,2.033377e+01,2.044567e+01,2.059234e+01,2.050855e+01,2.057140e+01,2.066908e+01,2.081543e+01,2.072486e+01,2.077363e+01,2.086416e+01,2.091287e+01,2.078060e+01,2.082935e+01,2.078060e+01,2.077363e+01,2.086416e+01,2.080846e+01,2.072486e+01,2.085720e+01,2.096852e+01,2.083632e+01,2.079453e+01,2.092679e+01,2.089200e+01,2.080846e+01,2.089896e+01,2.081543e+01,2.091287e+01,2.086416e+01,2.058536e+01,2.080150e+01,2.088504e+01,2.082239e+01,2.079453e+01,2.078757e+01,2.081543e+01,2.084328e+01,2.074576e+01,2.054347e+01,1.992009e+01,1.936349e+01,1.937055e+01,1.991306e+01,2.043868e+01,2.064118e+01,2.078060e+01,2.073182e+01,2.069697e+01,2.081543e+01,2.078060e+01,2.076667e+01,2.082935e+01,2.085720e+01,2.081543e+01,2.080150e+01,2.084328e+01,2.087112e+01,2.080846e+01,2.084328e+01,2.069697e+01,2.085024e+01,2.082935e+01,2.080150e+01,2.080150e+01,2.079453e+01,2.075970e+01,2.076667e+01,2.092679e+01,2.082239e+01,2.077363e+01,2.079453e+01,2.074576e+01,2.073182e+01,2.074576e+01,2.077363e+01,2.071091e+01,2.070394e+01,2.076667e+01,2.081543e+01,2.083632e+01,2.085720e+01,2.081543e+01,2.080846e+01,2.085720e+01,2.085720e+01,2.080846e+01,2.086416e+01,2.075970e+01,2.079453e+01,2.082239e+01,2.078757e+01,2.080846e+01,2.082935e+01,2.082239e+01,2.078060e+01,2.081543e+01,2.080150e+01,2.089896e+01,2.075273e+01,2.078060e+01,2.080846e+01,2.085720e+01,2.076667e+01,2.083632e+01,2.076667e+01,2.079453e+01,2.081543e+01,2.078060e+01,2.080150e+01,2.078757e+01,2.080150e+01,2.080150e+01,2.074576e+01,2.078757e+01,2.082935e+01,2.083632e+01,2.080846e+01,2.086416e+01,2.086416e+01,2.091983e+01,2.084328e+01,2.085024e+01,2.086416e+01,2.085024e+01,2.096852e+01,2.096852e+01,2.078757e+01,2.078060e+01,2.091983e+01,2.084328e+01,2.082935e+01,2.084328e+01,2.085720e+01,2.086416e+01,2.087112e+01,2.082935e+01,2.087112e+01,2.084328e+01,2.085024e+01,2.087112e+01,2.087112e+01,2.082935e+01,2.087112e+01,2.076667e+01,2.091983e+01,2.082935e+01,2.071789e+01,2.078060e+01,2.077363e+01,2.089200e+01,2.075970e+01,2.090592e+01,2.087112e+01,2.075273e+01,2.094070e+01,2.085024e+01,2.082935e+01,2.072486e+01,2.071091e+01,2.075970e+01,2.070394e+01,2.073879e+01,2.084328e+01,2.082935e+01,2.073182e+01,2.086416e+01,2.079453e+01,2.064118e+01,2.078757e+01,2.083632e+01,2.070394e+01,2.081543e+01,2.083632e+01,2.082239e+01,2.076667e+01,2.080846e+01,2.081543e+01,2.075970e+01,2.071789e+01,2.073879e+01,2.085024e+01,2.076667e+01,2.075273e+01,2.080150e+01,2.091983e+01,2.089896e+01,2.085024e+01,2.070394e+01,2.085024e+01,2.082239e+01,2.080846e+01,2.078757e+01,2.092679e+01,2.083632e+01,2.084328e+01,2.094765e+01,2.081543e+01,2.080150e+01,2.083632e+01,2.082935e+01,2.083632e+01,2.081543e+01,2.083632e+01,2.088504e+01,2.079453e+01,2.073182e+01,2.087808e+01,2.088504e+01,2.088504e+01,2.087808e+01,2.082239e+01,2.085720e+01,2.085720e+01,2.092679e+01,2.082935e+01,2.093374e+01,2.081543e+01,2.080846e+01,2.084328e+01,2.087112e+01,2.084328e+01,2.085024e+01,2.087808e+01,2.087808e+01,2.082935e+01,2.085720e+01,2.082239e+01,2.084328e+01,2.079453e+01,2.078757e+01,2.080846e+01,2.082239e+01,2.081543e+01,2.084328e+01,2.083632e+01,2.082935e+01,2.086416e+01,2.089896e+01,2.090592e+01,2.093374e+01,2.089200e+01,2.080846e+01,2.084328e+01,2.089896e+01,2.088504e+01,2.085720e+01,2.091983e+01,2.082935e+01,2.087112e+01,2.087808e+01,2.090592e+01,2.084328e+01,2.090592e+01,2.078060e+01,2.088504e+01,2.087112e+01,2.087112e+01,2.082239e+01,2.087808e+01,2.087808e+01,2.095461e+01,2.073879e+01,2.094765e+01,2.091983e+01,2.082935e+01,2.091287e+01,2.096156e+01,2.075970e+01,2.091287e+01,2.089200e+01,2.084328e+01,2.083632e+01,2.082239e+01,2.081543e+01,2.094765e+01,2.083632e+01,2.084328e+01,2.088504e+01,2.064118e+01,2.065513e+01,2.089896e+01,2.085720e+01,2.081543e+01,2.085024e+01,2.086416e+01,2.079453e+01,2.075273e+01,2.084328e+01,2.090592e+01,2.078757e+01,2.082935e+01,2.080846e+01,2.091983e+01,2.094765e+01,2.086416e+01,2.084328e+01,2.078757e+01,2.085720e+01,2.082935e+01,2.092679e+01,2.085024e+01,2.078757e+01,2.089200e+01,2.095461e+01,2.075273e+01,2.082935e+01,2.082239e+01,2.099632e+01,2.095461e+01,2.110748e+01,2.102413e+01,2.091983e+01,2.098937e+01,2.089896e+01,2.078060e+01,2.093374e+01,2.080846e+01,2.085024e+01,2.081543e+01,2.082935e+01
1.806207e+01,1.797613e+01,1.799762e+01,1.798329e+01,1.767474e+01,1.755969e+01,1.768193e+01,1.796896e+01,1.791162e+01,1.791879e+01,1.785425e+01,1.792596e+01,1.773222e+01,1.790445e+01,1.783273e+01,1.809785e+01,1.831230e+01,1.862598e+01,1.919378e+01,1.954701e+01,2.017271e+01,2.066908e+01,2.067605e+01,2.069697e+01,2.068303e+01,2.079453e+01,2.089200e+01,2.068303e+01,2.074576e+01,2.089200e+01,2.075970e+01,2.073879e+01,2.087112e+01,2.078757e+01,2.077363e+01,2.079453e+01,2.083632e+01,2.083632e+01,2.080150e+01,2.082935e+01,2.076667e+01,2.075970e+01,2.070394e+01,2.048759e+01,2.048759e+01,2.041770e+01,2.024277e+01,2.001841e+01,1.985683e+01,1.994117e+01,1.986386e+01,1.988495e+01,1.992009e+01,1.991306e+01,1.983574e+01,1.987792e+01,1.986386e+01,1.977947e+01,1.978650e+01,1.973021e+01,1.974428e+01,1.963865e+01,1.978650e+01,1.963161e+01,1.975132e+01,1.982871e+01,1.980058e+01,1.980761e+01,1.999735e+01,1.985683e+01,1.998330e+01,1.992711e+01,1.996926e+01,1.981464e+01,1.973725e+01,1.981464e+01,1.989198e+01,2.012364e+01,2.017972e+01,2.018673e+01,2.027778e+01,2.031978e+01,2.049458e+01,2.062025e+01,2.085024e+01,2.079453e+01,2.087112e+01,2.094070e+01,2.075273e+01,2.066211e+01,2.068303e+01,2.076667e+01,2.087112e+01,2.073879e+01,2.080150e+01,2.085024e+01,2.090592e+01,2.082935e+01,2.082239e+01,2.067605e+01,2.074576e+01,2.083632e+01,2.080150e+01,2.078757e+01,2.078757e+01,2.083632e+01,2.080150e+01,2.075970e+01,2.090592e+01,2.080846e+01,2.075970e+01,2.066211e+01,2.080150e+01,2.079453e+01,2.080150e+01,2.080846e+01,2.074576e+01,2.075970e+01,2.077363e+01,2.080846e+01,2.078060e+01,2.078757e+01,2.079453e+01,2.082935e+01,2.078060e+01,2.079453e+01,2.073879e+01,2.058536e+01,2.076667e+01,2.082239e+01,2.089200e+01,2.079453e+01,2.084328e+01,2.085720e+01,2.098242e+01,2.075273e+01,2.082239e+01,2.085024e+01,2.084328e+01,2.080150e+01,2.086416e+01,2.066908e+01,2.075273e+01,2.080846e+01,2.073182e+01,2.069697e+01,2.083632e+01,2.070394e+01,2.079453e+01,2.065513e+01,2.058536e+01,2.059234e+01,2.062723e+01,2.066211e+01,2.078060e+01,2.076667e+01,2.072486e+01,2.075273e+01,2.071091e+01,2.069000e+01,2.059234e+01,2.080150e+01,2.056442e+01,2.058536e+01,2.058536e+01,2.059932e+01,2.061327e+01,2.050855e+01,2.034777e+01,2.038274e+01,2.036176e+01,2.037575e+01,2.024277e+01,2.044567e+01,2.048759e+01,2.047362e+01,2.060629e+01,2.075273e+01,2.073182e+01,2.071789e+01,2.073182e+01,2.075273e+01,2.087112e+01,2.070394e+01,2.078757e+01,2.071789e+01,2.083632e+01,2.084328e+01,2.079453e+01,2.076667e+01,2.076667e+01,2.077363e+01,2.075273e+01,2.075970e+01,2.080150e+01,2.075970e+01,2.083632e+01,2.079453e+01,2.078060e+01,2.082935e+01,2.077363e+01,2.076667e+01,2.073879e+01,2.085024e+01,2.083632e+01,2.085024e+01,2.080846e+01,2.075970e+01,2.077363e+01,2.082935e+01,2.071091e+01,2.062723e+01,2.044567e+01,2.058536e+01,2.056442e+01,2.052252e+01,2.052252e+01,2.059932e+01,2.052252e+01,2.054347e+01,2.014467e+01,2.029878e+01,2.018673e+01,2.010260e+01,2.006753e+01,2.001139e+01,1.999033e+01,2.002542e+01,1.982168e+01,1.977243e+01,1.976540e+01,2.005350e+01,1.980058e+01,1.973725e+01,1.988495e+01,1.987792e+01,1.985683e+01,1.984980e+01,1.986386e+01,1.985683e+01,1.960342e+01,1.979354e+01,1.963865e+01,1.952586e+01,1.946941e+01,1.939881e+01,1.936349e+01,1.940587e+01,1.937762e+01,1.944823e+01,1.937055e+01,1.939881e+01,1.946941e+01,1.943411e+01,1.940587e+01,1.941293e+01,1.941999e+01,1.939174e+01,1.943411e+01,1.946235e+01,1.940587e+01,1.951880e+01,1.980058e+01,1.965274e+01,1.994819e+01,2.001139e+01,2.012364e+01,2.004648e+01,2.029178e+01,2.031278e+01,2.041770e+01,2.034777e+01,2.038974e+01,2.042470e+01,2.045964e+01,2.030578e+01,2.029178e+01,2.025677e+01,2.029178e+01,2.017271e+01,2.008156e+01,2.006051e+01,2.027778e+01,2.003946e+01,2.001841e+01,1.989198e+01,1.973021e+01,1.974428e+01,1.979354e+01,1.952586e+01,1.959637e+01,1.941293e+01,1.944118e+01,1.949764e+01,1.957522e+01,1.960342e+01,1.953996e+01,1.955407e+01,1.966683e+01,1.963161e+01,1.980058e+01,1.963865e+01,1.982168e+01,1.979354e+01,1.972317e+01,1.972317e+01,1.962456e+01,1.964570e+01,1.970205e+01,1.955407e+01,1.968092e+01,1.966683e+01,1.968092e+01,1.982871e+01,1.977243e+01,1.992009e+01,2.008156e+01,2.019373e+01,2.013065e+01,2.015168e+01,2.036176e+01,2.050157e+01,2.054347e+01,2.064816e+01,2.064816e+01,2.069697e+01,2.084328e+01,2.069000e+01,2.085024e+01,2.083632e+01,2.076667e+01,2.079453e+01,2.080846e+01,2.081543e+01,2.079453e+01,2.082239e+01,2.085720e+01,2.070394e+01,2.088504e+01,2.073879e+01,2.087808e+01,2.080846e+01,2.079453e+01,2.091983e+01,2.090592e+01,2.078757e+01,2.087808e+01,2.085720e+01,2.085720e+01,2.090592e+01,2.089896e+01,2.084328e+01,2.080150e+01,2.087112e+01,2.081543e+01,2.080150e+01,2.078060e+01,2.073182e+01,2.073879e+01,1.992009e+01,1.949058e+01,1.934936e+01,1.991306e+01,2.041071e+01,2.073182e+01,2.075970e+01,2.080150e+01,2.079453e+01,2.078757e+01,2.084328e+01,2.075273e+01,2.075970e+01,2.082239e+01,2.081543e+01,2.085024e+01,2.083632e+01,2.079453e+01,2.079453e+01,2.080846e+01,2.086416e+01,2.085024e+01,2.089896e+01,2.066211e+01,2.086416e+01,2.075970e+01,2.085024e+01,2.073182e+01,2.075273e+01,2.086416e+01,2.078757e+01,2.085024e+01,2.080846e+01,2.078757e+01,2.063420e+01,2.076667e+01,2.070394e+01,2.087112e+01,2.071091e+01,2.071091e+01,2.082935e+01,2.080150e+01,2.082935e+01,2.099632e+01,2.075970e+01,2.101718e+01,2.084328e+01,2.077363e+01,2.087112e+01,2.085024e+01,2.082935e+01,2.075273e+01,2.082239e+01,2.079453e+01,2.098937e+01,2.080846e+01,2.085024e+01,2.090592e+01,2.082239e+01,2.075970e+01,2.087808e+01,2.084328e+01,2.078757e+01,2.078060e+01,2.075970e+01,2.085720e+01,2.079453e+01,2.078757e+01,2.081543e+01,2.079453e+01,2.084328e+01,2.081543e+01,2.069697e+01,2.084328e+01,2.078757e+01,2.079453e+01,2.076667e+01,2.073182e+01,2.090592e+01,2.081543e+01,2.093374e+01,2.084328e+01,2.098242e+01,2.083632e+01,2.101718e+01,2.078757e+01,2.094070e+01,2.089896e+01,2.089200e+01,2.080150e+01,2.087112e+01,2.085024e+01,2.082935e+01,2.082935e+01,2.084328e+01,2.087808e+01,2.082239e+01,2.086416e+01,2.080150e+01,2.079453e+01,2.075970e+01,2.069697e+01,2.089896e+01,2.084328e+01,2.087112e+01,2.090592e+01,2.084328e+01,2.076667e+01,2.100327e+01,2.079453e+01,2.087808e+01,2.078757e+01,2.072486e+01,2.096156e+01,2.074576e+01,2.089200e+01,2.082239e+01,2.085024e+01,2.071789e+01,2.082935e+01,2.082935e+01,2.079453e+01,2.075273e+01,2.087112e+01,2.081543e+01,2.071091e+01,2.081543e+01,2.082239e+01,2.078757e+01,2.076667e+01,2.082935e+01,2.070394e+01,2.097547e+01,2.071091e+01,2.082935e+01,2.081543e+01,2.082935e+01,2.075273e+01,2.078757e+01,2.080846e+01,2.079453e+01,2.077363e+01,2.076667e+01,2.079453e+01,2.080846e+01,2.076667e+01,2.078060e+01,2.075970e+01,2.075970e+01,2.078060e+01,2.068303e+01,2.079453e+01,2.090592e+01,2.082935e+01,2.080846e+01,2.067605e+01,2.080846e+01,2.082239e+01,2.080846e+01,2.087808e+01,2.092679e+01,2.089200e+01,2.079453e+01,2.080150e+01,2.085024e+01,2.073879e+01,2.081543e+01,2.073879e+01,2.092679e+01,2.088504e+01,2.091287e+01,2.084328e+01,2.072486e+01,2.079453e+01,2.080846e+01,2.084328e+01,2.091983e+01,2.080150e+01,2.091287e+01,2.090592e+01,2.087112e+01,2.088504e+01,2.088504e+01,2.085024e+01,2.080846e+01,2.085720e+01,2.078757e+01,2.080150e+01,2.078757e+01,2.085024e+01,2.085720e+01,2.087112e+01,2.092679e+01,2.085024e+01,2.075970e+01,2.081543e+01,2.078060e+01,2.096852e+01,2.086416e+01,2.091287e+01,2.090592e+01,2.092679e+01,2.079453e+01,2.087112e+01,2.086416e+01,2.089200e+01,2.086416e+01,2.089896e+01,2.087808e+01,2.075970e+01,2.089896e+01,2.090592e+01,2.090592e+01,2.096156e+01,2.088504e+01,2.078757e+01,2.089896e+01,2.090592e+01,2.087112e+01,2.072486e+01,2.080846e+01,2.084328e+01,2.080846e+01,2.085024e+01,2.102413e+01,2.085720e+01,2.085024e+01,2.085024e+01,2.072486e+01,2.080150e+01,2.094765e+01,2.087808e+01,2.085720e+01,2.084328e+01,2.083632e+01,2.083632e+01,2.084328e+01,2.087112e+01,2.075273e+01,2.078060e+01,2.085720e+01,2.089200e+01,2.082935e+01,2.086416e+01,2.083632e+01,2.096156e+01,2.091287e+01,2.082935e+01,2.097547e+01,2.092679e+01,2.078060e+01,2.078757e+01,2.078060e+01,2.079453e+01,2.094070e+01,2.080846e+01,2.092679e+01,2.089896e+01,2.085024e+01,2.069000e+01,2.087112e+01,2.085024e+01,2.087808e+01,2.086416e+01,2.078060e+01,2.086416e+01,2.091287e+01,2.080150e+01,2.078060e+01,2.102413e+01,2.085720e+01,2.103107e+01,2.103107e+01,2.103107e+01,2.079453e+01,2.083632e+01,2.088504e+01,2.082935e+01,2.087112e+01,2.089200e+01,2.078060e+01
1.812647e+01,1.813362e+01,1.811216e+01,1.817653e+01,1.769630e+01,1.769630e+01,1.760285e+01,1.771067e+01,1.786142e+01,1.789011e+01,1.786142e+01,1.775377e+01,1.775377e+01,1.776813e+01,1.796896e+01,1.812647e+01,1.844787e+01,1.866156e+01,1.915130e+01,1.970205e+01,2.020774e+01,2.066908e+01,2.071789e+01,2.073182e+01,2.087112e+01,2.073879e+01,2.073879e+01,2.082239e+01,2.070394e+01,2.075273e+01,2.076667e+01,2.069697e+01,2.078757e+01,2.075970e+01,2.078060e+01,2.075970e+01,2.076667e+01,2.065513e+01,2.069697e+01,2.038974e+01,2.045964e+01,2.043868e+01,2.020774e+01,2.021475e+01,1.976540e+01,1.974428e+01,1.953291e+01,1.947647e+01,1.942705e+01,1.947647e+01,1.943411e+01,1.954701e+01,1.972317e+01,1.973021e+01,1.972317e+01,1.972317e+01,1.955407e+01,1.946235e+01,1.961047e+01,1.968796e+01,1.970205e+01,1.965979e+01,1.943411e+01,1.949058e+01,1.955407e+01,1.984980e+01,1.982871e+01,1.989901e+01,1.985683e+01,1.984277e+01,1.987792e+01,1.984277e+01,1.997628e+01,1.987090e+01,1.989198e+01,1.973725e+01,1.980761e+01,1.987792e+01,2.014467e+01,2.020774e+01,2.022876e+01,2.031278e+01,2.059234e+01,2.056442e+01,2.086416e+01,2.080150e+01,2.087808e+01,2.082239e+01,2.073879e+01,2.078060e+01,2.078757e+01,2.085720e+01,2.087808e+01,2.085720e+01,2.092679e+01,2.080150e+01,2.087112e+01,2.078757e+01,2.080150e+01,2.082239e+01,2.075273e+01,2.080150e+01,2.097547e+01,2.084328e+01,2.080846e+01,2.082935e+01,2.087112e+01,2.078060e+01,2.066908e+01,2.080150e+01,2.076667e+01,2.084328e+01,2.082239e+01,2.076667e+01,2.078757e+01,2.071789e+01,2.085720e+01,2.084328e+01,2.087808e+01,2.080150e+01,2.076667e+01,2.082239e+01,2.079453e+01,2.076667e+01,2.077363e+01,2.080150e+01,2.082239e+01,2.075970e+01,2.077363e+01,2.087112e+01,2.072486e+01,2.085720e+01,2.081543e+01,2.078757e+01,2.080150e+01,2.078757e+01,2.085024e+01,2.083632e+01,2.084328e+01,2.078757e+01,2.086416e+01,2.081543e+01,2.072486e+01,2.068303e+01,2.076667e+01,2.073182e+01,2.061327e+01,2.063420e+01,2.061327e+01,2.048759e+01,2.041770e+01,2.038274e+01,2.039673e+01,2.059932e+01,2.061327e+01,2.075273e+01,2.064118e+01,2.068303e+01,2.061327e+01,2.056442e+01,2.050157e+01,2.044567e+01,2.047362e+01,2.044567e+01,2.025677e+01,2.027078e+01,2.022176e+01,2.027078e+01,2.017271e+01,2.011663e+01,1.998330e+01,2.001139e+01,1.997628e+01,2.039673e+01,2.010260e+01,2.037575e+01,2.025677e+01,2.051554e+01,2.050157e+01,2.051554e+01,2.078060e+01,2.066908e+01,2.068303e+01,2.073182e+01,2.070394e+01,2.088504e+01,2.071789e+01,2.078757e+01,2.099632e+01,2.072486e+01,2.075970e+01,2.078757e+01,2.079453e+01,2.085024e+01,2.077363e+01,2.078757e+01,2.079453e+01,2.079453e+01,2.079453e+01,2.082239e+01,2.086416e+01,2.075273e+01,2.073879e+01,2.079453e+01,2.086416e+01,2.064118e+01,2.066908e+01,2.083632e+01,2.078757e+01,2.081543e+01,2.075970e+01,2.065513e+01,2.072486e+01,2.070394e+01,2.075273e+01,2.073182e+01,2.060629e+01,2.062723e+01,2.058536e+01,2.058536e+01,2.048759e+01,2.040372e+01,2.023577e+01,2.035476e+01,2.026378e+01,2.024277e+01,2.024977e+01,2.012364e+01,2.009559e+01,2.007454e+01,2.006753e+01,2.004648e+01,2.005350e+01,2.005350e+01,2.008857e+01,2.022176e+01,1.989901e+01,1.989198e+01,1.986386e+01,1.987792e+01,1.988495e+01,1.982871e+01,1.980761e+01,1.977947e+01,1.951880e+01,1.947647e+01,1.938468e+01,1.942705e+01,1.935642e+01,1.936349e+01,1.936349e+01,1.938468e+01,1.950469e+01,1.942705e+01,1.941293e+01,1.942705e+01,1.945529e+01,1.940587e+01,1.944823e+01,1.935642e+01,1.957522e+01,1.961751e+01,1.966683e+01,1.980058e+01,1.988495e+01,2.011663e+01,2.003244e+01,2.029878e+01,2.043868e+01,2.043868e+01,2.045266e+01,2.062025e+01,2.055045e+01,2.041071e+01,2.066908e+01,2.043169e+01,2.036875e+01,2.031278e+01,2.022876e+01,2.031278e+01,2.029878e+01,2.031278e+01,2.031278e+01,2.029878e+01,2.009559e+01,2.005350e+01,1.983574e+01,1.973725e+01,1.982168e+01,1.948352e+01,1.951175e+01,1.943411e+01,1.964570e+01,1.953291e+01,1.966683e+01,1.956112e+01,1.956112e+01,1.970909e+01,1.968796e+01,1.980761e+01,1.973021e+01,1.958932e+01,1.984980e+01,1.968092e+01,1.984277e+01,1.960342e+01,1.982871e+01,1.968092e+01,1.968092e+01,1.968092e+01,1.969500e+01,1.977243e+01,1.965274e+01,1.987792e+01,1.992009e+01,1.992711e+01,2.012364e+01,2.013766e+01,2.014467e+01,2.033377e+01,2.036176e+01,2.049458e+01,2.049458e+01,2.063420e+01,2.066211e+01,2.084328e+01,2.085720e+01,2.073879e+01,2.073879e+01,2.075273e+01,2.084328e+01,2.083632e+01,2.063420e+01,2.080846e+01,2.083632e+01,2.079453e+01,2.078757e+01,2.085024e+01,2.076667e+01,2.085720e+01,2.087808e+01,2.071091e+01,2.078757e+01,2.071789e+01,2.089200e+01,2.089200e+01,2.084328e+01,2.083632e+01,2.088504e+01,2.085024e+01,2.075273e+01,2.089896e+01,2.095461e+01,2.071789e+01,2.078060e+01,2.081543e+01,2.075273e+01,2.075970e+01,2.052950e+01,1.992009e+01,1.933522e+01,1.949058e+01,2.008857e+01,2.050855e+01,2.083632e+01,2.086416e+01,2.083632e+01,2.078060e+01,2.077363e+01,2.080846e+01,2.083632e+01,2.079453e+01,2.077363e+01,2.075970e+01,2.091287e+01,2.078060e+01,2.082935e+01,2.080846e+01,2.084328e+01,2.079453e+01,2.082239e+01,2.070394e+01,2.080846e+01,2.087112e+01,2.082239e+01,2.074576e+01,2.086416e+01,2.081543e+01,2.089896e+01,2.080150e+01,2.078757e+01,2.080150e+01,2.081543e+01,2.078060e+01,2.080846e+01,2.091983e+01,2.083632e+01,2.080846e+01,2.080846e+01,2.083632e+01,2.077363e+01,2.080846e+01,2.082239e+01,2.080846e+01,2.085024e+01,2.082935e+01,2.080150e+01,2.071789e+01,2.083632e+01,2.088504e+01,2.087808e+01,2.086416e+01,2.085024e+01,2.085024e+01,2.082935e+01,2.083632e+01,2.087808e+01,2.089200e+01,2.085024e+01,2.077363e+01,2.087112e+01,2.087808e+01,2.068303e+01,2.082239e+01,2.080150e+01,2.079453e+01,2.080150e+01,2.087808e+01,2.075273e+01,2.078757e+01,2.082935e+01,2.084328e+01,2.071091e+01,2.085720e+01,2.084328e+01,2.076667e+01,2.091287e+01,2.079453e+01,2.090592e+01,2.089200e+01,2.091287e+01,2.098242e+01,2.080150e+01,2.087112e+01,2.078757e+01,2.088504e+01,2.073879e+01,2.087808e+01,2.087808e+01,2.085024e+01,2.087112e+01,2.087808e+01,2.083632e+01,2.081543e+01,2.081543e+01,2.089896e+01,2.082935e+01,2.082239e+01,2.087112e+01,2.073879e+01,2.088504e+01,2.086416e+01,2.073879e+01,2.083632e+01,2.082935e+01,2.078060e+01,2.077363e+01,2.073879e+01,2.081543e+01,2.076667e+01,2.092679e+01,2.078757e+01,2.079453e+01,2.094070e+01,2.078060e+01,2.069697e+01,2.071091e+01,2.078757e+01,2.080846e+01,2.072486e+01,2.075273e+01,2.078060e+01,2.087112e+01,2.078060e+01,2.086416e+01,2.087112e+01,2.082239e+01,2.086416e+01,2.076667e+01,2.080846e+01,2.081543e+01,2.071091e+01,2.082935e+01,2.070394e+01,2.078060e+01,2.081543e+01,2.082935e+01,2.085720e+01,2.082239e+01,2.079453e+01,2.071091e+01,2.082935e+01,2.080150e+01,2.075273e+01,2.078060e+01,2.078757e+01,2.080846e+01,2.081543e+01,2.082239e+01,2.081543e+01,2.082935e+01,2.082935e+01,2.085024e+01,2.080150e+01,2.081543e+01,2.081543e+01,2.080150e+01,2.082239e+01,2.074576e+01,2.078060e+01,2.081543e+01,2.088504e+01,2.080150e+01,2.080846e+01,2.080846e+01,2.083632e+01,2.088504e+01,2.093374e+01,2.088504e+01,2.087112e+01,2.080150e+01,2.083632e+01,2.085024e+01,2.087808e+01,2.082935e+01,2.098937e+01,2.083632e+01,2.088504e+01,2.082935e+01,2.080846e+01,2.087112e+01,2.086416e+01,2.087112e+01,2.087112e+01,2.089896e+01,2.084328e+01,2.087112e+01,2.076667e+01,2.089200e+01,2.082935e+01,2.090592e+01,2.085720e+01,2.097547e+01,2.080150e+01,2.083632e+01,2.089896e+01,2.073182e+01,2.092679e+01,2.087112e+01,2.089896e+01,2.076667e+01,2.070394e+01,2.088504e+01,2.097547e+01,2.087112e+01,2.087112e+01,2.082239e+01,2.094765e+01,2.087112e+01,2.087112e+01,2.089896e+01,2.087112e+01,2.080150e+01,2.094070e+01,2.089896e+01,2.080846e+01,2.080846e+01,2.091983e+01,2.087112e+01,2.083632e+01,2.084328e+01,2.093374e+01,2.085720e+01,2.087112e+01,2.083632e+01,2.080150e+01,2.077363e+01,2.086416e+01,2.087808e+01,2.087808e+01,2.083632e+01,2.083632e+01,2.086416e+01,2.084328e+01,2.087808e+01,2.087808e+01,2.095461e+01,2.087112e+01,2.086416e+01,2.085720e+01,2.092679e+01,2.091983e+01,2.086416e+01,2.089200e+01,2.084328e+01,2.101023e+01,2.081543e+01,2.082239e+01,2.089896e+01,2.082935e+01,2.087112e+01,2.068303e+01,2.093374e+01,2.075970e+01,2.088504e+01,2.085024e+01,2.090592e+01,2.075970e+01,2.082935e+01,2.084328e+01,2.082935e+01,2.079453e+01,2.080846e+01,2.078060e+01,2.077363e+01,2.081543e+01,2.081543e+01,2.094765e+01,2.093374e+01,2.112831e+01,2.101023e+01,2.086416e+01,2.078757e+01,2.099632e+01,2.088504e+01,2.078757e+01,2.085720e+01,2.094765e+01,2.087112e+01,2.078757e+01
1.829801e+01,1.808354e+01,1.795463e+01,1.781120e+01,1.755969e+01,1.750931e+01,1.762442e+01,1.773222e+01,1.784707e+01,1.788294e+01,1.791162e+01,1.784707e+01,1.788294e+01,1.794746e+01,1.825516e+01,1.812647e+01,1.833372e+01,1.864733e+01,1.915838e+01,1.973021e+01,2.031978e+01,2.071091e+01,2.069697e+01,2.077363e+01,2.074576e+01,2.074576e+01,2.071091e+01,2.074576e+01,2.078060e+01,2.085720e+01,2.077363e+01,2.075273e+01,2.075970e+01,2.075970e+01,2.052950e+01,2.040372e+01,2.038974e+01,2.033377e+01,2.022176e+01,1.982168e+01,1.982168e+01,1.982168e+01,1.956112e+01,1.956112e+01,1.929281e+01,1.936349e+01,1.932109e+01,1.920085e+01,1.925745e+01,1.932109e+01,1.943411e+01,1.934936e+01,1.937055e+01,1.937055e+01,1.946235e+01,1.934229e+01,1.943411e+01,1.944823e+01,1.934229e+01,1.939881e+01,1.946235e+01,1.938468e+01,1.957522e+01,1.960342e+01,1.977947e+01,1.974428e+01,1.977243e+01,1.989198e+01,1.995521e+01,1.994819e+01,1.998330e+01,1.997628e+01,1.995521e+01,1.987090e+01,1.984277e+01,1.985683e+01,1.985683e+01,2.017271e+01,2.015168e+01,2.022876e+01,2.044567e+01,2.059234e+01,2.064118e+01,2.103107e+01,2.086416e+01,2.082239e+01,2.079453e+01,2.077363e+01,2.074576e+01,2.076667e+01,2.086416e+01,2.076667e+01,2.087112e+01,2.075273e+01,2.087112e+01,2.085024e+01,2.079453e+01,2.080150e+01,2.068303e+01,2.078757e+01,2.079453e+01,2.084328e+01,2.078060e+01,2.076667e+01,2.078757e+01,2.083632e+01,2.078757e+01,2.086416e+01,2.074576e+01,2.075273e+01,2.078757e+01,2.087808e+01,2.078757e+01,2.085720e+01,2.076667e+01,2.080150e+01,2.079453e+01,2.079453e+01,2.082239e+01,2.082239e+01,2.087112e+01,2.086416e+01,2.088504e+01,2.076667e+01,2.091287e+01,2.074576e+01,2.100327e+01,2.076667e+01,2.082935e+01,2.078060e+01,2.085720e+01,2.080150e+01,2.080846e+01,2.075970e+01,2.069000e+01,2.077363e+01,2.083632e+01,2.082935e+01,2.084328e+01,2.067605e+01,2.073182e+01,2.064816e+01,2.072486e+01,2.061327e+01,2.057838e+01,2.059234e+01,2.050157e+01,2.050855e+01,2.053649e+01,2.024277e+01,2.032678e+01,2.017271e+01,2.022176e+01,2.034077e+01,2.008857e+01,2.031978e+01,2.032678e+01,2.034077e+01,2.034777e+01,2.038974e+01,2.013065e+01,2.012364e+01,2.013766e+01,2.022176e+01,2.012364e+01,1.995521e+01,2.007454e+01,1.999735e+01,1.987090e+01,1.989901e+01,1.982168e+01,1.982871e+01,1.981464e+01,1.994819e+01,1.995521e+01,1.996224e+01,2.016570e+01,2.027778e+01,2.029178e+01,2.050855e+01,2.073879e+01,2.064118e+01,2.068303e+01,2.074576e+01,2.067605e+01,2.071789e+01,2.080846e+01,2.075970e+01,2.077363e+01,2.078060e+01,2.077363e+01,2.094765e+01,2.085720e+01,2.086416e+01,2.089200e+01,2.072486e+01,2.082935e+01,2.079453e+01,2.082239e+01,2.096852e+01,2.078757e+01,2.082935e+01,2.085720e+01,2.085024e+01,2.083632e+01,2.080150e+01,2.077363e+01,2.078757e+01,2.079453e+01,2.082239e+01,2.086416e+01,2.082935e+01,2.085024e+01,2.073182e+01,2.080846e+01,2.077363e+01,2.078757e+01,2.078060e+01,2.071789e+01,2.057140e+01,2.069697e+01,2.059234e+01,2.045266e+01,2.052252e+01,2.053649e+01,2.049458e+01,2.052950e+01,2.022876e+01,2.020074e+01,2.032678e+01,2.024277e+01,2.031978e+01,2.034777e+01,2.022176e+01,2.038274e+01,2.007454e+01,2.007454e+01,2.006753e+01,1.984980e+01,1.986386e+01,1.982871e+01,1.970205e+01,1.989198e+01,1.976540e+01,1.975836e+01,1.939174e+01,1.962456e+01,1.956112e+01,1.949764e+01,1.958932e+01,1.952586e+01,1.951880e+01,1.953291e+01,1.949764e+01,1.958932e+01,1.960342e+01,1.960342e+01,1.951880e+01,1.953291e+01,1.937762e+01,1.961047e+01,1.965979e+01,1.965274e+01,1.993414e+01,2.007454e+01,2.015168e+01,2.015168e+01,2.031278e+01,2.048061e+01,2.045964e+01,2.067605e+01,2.082239e+01,2.071789e+01,2.066908e+01,2.067605e+01,2.050157e+01,2.051554e+01,2.039673e+01,2.045266e+01,2.046663e+01,2.027078e+01,2.041770e+01,2.044567e+01,2.045964e+01,2.017972e+01,2.015168e+01,1.993414e+01,1.971613e+01,1.966683e+01,1.964570e+01,1.957522e+01,1.950469e+01,1.956112e+01,1.955407e+01,1.961047e+01,1.962456e+01,1.961751e+01,1.968796e+01,1.974428e+01,1.973725e+01,1.964570e+01,1.975132e+01,1.973725e+01,1.977243e+01,1.971613e+01,1.958932e+01,1.960342e+01,1.961047e+01,1.964570e+01,1.966683e+01,1.977947e+01,1.971613e+01,1.982168e+01,1.982871e+01,1.994819e+01,2.001841e+01,2.019373e+01,2.018673e+01,2.022876e+01,2.041071e+01,2.043868e+01,2.045266e+01,2.062025e+01,2.080846e+01,2.080150e+01,2.076667e+01,2.088504e+01,2.083632e+01,2.086416e+01,2.074576e+01,2.085024e+01,2.081543e+01,2.083632e+01,2.080150e+01,2.087808e+01,2.085720e+01,2.077363e+01,2.087808e+01,2.086416e+01,2.103802e+01,2.089200e+01,2.076667e+01,2.088504e+01,2.089200e+01,2.089896e+01,2.086416e+01,2.088504e+01,2.084328e+01,2.087112e+01,2.085720e+01,2.082239e+01,2.092679e+01,2.078757e+01,2.083632e+01,2.079453e+01,2.080846e+01,2.085720e+01,2.065513e+01,2.051554e+01,1.996224e+01,1.951880e+01,1.988495e+01,2.018673e+01,2.055045e+01,2.076667e+01,2.082935e+01,2.082239e+01,2.078757e+01,2.079453e+01,2.086416e+01,2.085720e+01,2.080150e+01,2.069697e+01,2.082935e+01,2.081543e+01,2.079453e+01,2.083632e+01,2.082239e+01,2.086416e+01,2.070394e+01,2.078060e+01,2.083632e+01,2.093374e+01,2.075970e+01,2.075273e+01,2.059234e+01,2.077363e+01,2.084328e+01,2.094070e+01,2.078060e+01,2.080846e+01,2.083632e+01,2.079453e+01,2.080150e+01,2.077363e+01,2.073182e+01,2.078060e+01,2.074576e+01,2.079453e+01,2.084328e+01,2.080150e+01,2.086416e+01,2.084328e+01,2.079453e+01,2.077363e+01,2.084328e+01,2.078757e+01,2.083632e+01,2.087112e+01,2.086416e+01,2.087112e+01,2.087112e+01,2.085720e+01,2.085720e+01,2.084328e+01,2.078757e+01,2.087112e+01,2.084328e+01,2.082935e+01,2.090592e+01,2.086416e+01,2.084328e+01,2.081543e+01,2.084328e+01,2.082935e+01,2.089200e+01,2.074576e+01,2.075273e+01,2.082239e+01,2.082239e+01,2.080150e+01,2.080150e+01,2.083632e+01,2.080846e+01,2.078060e+01,2.089200e+01,2.087112e+01,2.080846e+01,2.091983e+01,2.087112e+01,2.087112e+01,2.080846e+01,2.084328e+01,2.087808e+01,2.087112e+01,2.086416e+01,2.085720e+01,2.087112e+01,2.083632e+01,2.086416e+01,2.087808e+01,2.083632e+01,2.087112e+01,2.085024e+01,2.078757e+01,2.075273e+01,2.082239e+01,2.085720e+01,2.084328e+01,2.088504e+01,2.085720e+01,2.085720e+01,2.086416e+01,2.082935e+01,2.087808e+01,2.079453e+01,2.079453e+01,2.079453e+01,2.079453e+01,2.076667e+01,2.093374e+01,2.087808e+01,2.089200e+01,2.080150e+01,2.080846e+01,2.080150e+01,2.080150e+01,2.078060e+01,2.080846e+01,2.082935e+01,2.076667e+01,2.076667e+01,2.088504e+01,2.087808e+01,2.085024e+01,2.075970e+01,2.073182e+01,2.079453e+01,2.083632e+01,2.082239e+01,2.086416e+01,2.078060e+01,2.080846e+01,2.091983e+01,2.082239e+01,2.075970e+01,2.082239e+01,2.080846e+01,2.078757e+01,2.085720e+01,2.075970e+01,2.079453e+01,2.073182e+01,2.078060e+01,2.090592e+01,2.075273e+01,2.085024e+01,2.077363e+01,2.085720e+01,2.086416e+01,2.082239e+01,2.085720e+01,2.075273e+01,2.089200e+01,2.080846e+01,2.066908e+01,2.080150e+01,2.084328e+01,2.078757e+01,2.073182e+01,2.086416e+01,2.083632e+01,2.082935e+01,2.082239e+01,2.082935e+01,2.080150e+01,2.082935e+01,2.087112e+01,2.097547e+01,2.087112e+01,2.094070e+01,2.080150e+01,2.084328e+01,2.082239e+01,2.082239e+01,2.082935e+01,2.096852e+01,2.083632e+01,2.091287e+01,2.091287e+01,2.094070e+01,2.086416e+01,2.086416e+01,2.087808e+01,2.092679e+01,2.088504e+01,2.090592e+01,2.085024e+01,2.079453e+01,2.081543e+01,2.101718e+01,2.091983e+01,2.096156e+01,2.077363e+01,2.082239e+01,2.082935e+01,2.083632e+01,2.096852e+01,2.093374e+01,2.084328e+01,2.110748e+01,2.083632e+01,2.087112e+01,2.073879e+01,2.077363e+01,2.082239e+01,2.103802e+01,2.087112e+01,2.086416e+01,2.087808e+01,2.093374e+01,2.081543e+01,2.082935e+01,2.093374e+01,2.078757e+01,2.063420e+01,2.089200e+01,2.087112e+01,2.098242e+01,2.091287e+01,2.078060e+01,2.087112e+01,2.086416e+01,2.089200e+01,2.083632e+01,2.075970e+01,2.088504e+01,2.068303e+01,2.077363e+01,2.092679e+01,2.088504e+01,2.086416e+01,2.078060e+01,2.085720e+01,2.096852e+01,2.080150e+01,2.086416e+01,2.075273e+01,2.087808e+01,2.070394e+01,2.087112e+01,2.090592e+01,2.089200e+01,2.085024e+01,2.087112e+01,2.083632e+01,2.086416e+01,2.080846e+01,2.085024e+01,2.085024e+01,2.085024e+01,2.085720e+01,2.077363e+01,2.070394e+01,2.087808e+01,2.087808e+01,2.086416e+01,2.085720e+01,2.103802e+01,2.105192e+01,2.090592e+01,2.082239e+01,2.092679e+01,2.079453e+01,2.091983e+01,2.089896e+01,2.086416e+01,2.095461e+01,2.098242e+01,2.096852e+01,2.087808e+01,2.091983e+01,2.078757e+01,2.087808e+01,2.082935e+01,2.082239e+01,2.094070e+01,2.087808e+01,2.078757e+01,2.081543e+01
1.830515e+01,1.820513e+01,1.778249e+01,1.768193e+01,1.762442e+01,1.763161e+01,1.761723e+01,1.782555e+01,1.779684e+01,1.786142e+01,1.767474e+01,1.788294e+01,1.773940e+01,1.804059e+01,1.801194e+01,1.801194e+01,1.846213e+01,1.866156e+01,1.907339e+01,1.973725e+01,2.023577e+01,2.062723e+01,2.064816e+01,2.075970e+01,2.075970e+01,2.080150e+01,2.085024e+01,2.082935e+01,2.075970e+01,2.078757e+01,2.073879e+01,2.050855e+01,2.052252e+01,2.047362e+01,2.014467e+01,2.006753e+01,1.983574e+01,1.980058e+01,1.962456e+01,1.936349e+01,1.938468e+01,1.933522e+01,1.922916e+01,1.935642e+01,1.928574e+01,1.932815e+01,1.920085e+01,1.923623e+01,1.937762e+01,1.933522e+01,1.931402e+01,1.938468e+01,1.932109e+01,1.940587e+01,1.943411e+01,1.929988e+01,1.924331e+01,1.926452e+01,1.926452e+01,1.939881e+01,1.930695e+01,1.949764e+01,1.956817e+01,1.955407e+01,1.979354e+01,1.973725e+01,1.970205e+01,2.001841e+01,1.981464e+01,2.002542e+01,1.996926e+01,1.992009e+01,1.996224e+01,1.994819e+01,1.996224e+01,1.994819e+01,1.999033e+01,2.018673e+01,2.027078e+01,2.058536e+01,2.061327e+01,2.069697e+01,2.075970e+01,2.072486e+01,2.084328e+01,2.079453e+01,2.081543e+01,2.082935e+01,2.074576e+01,2.075970e+01,2.074576e+01,2.073182e+01,2.082239e+01,2.078060e+01,2.080846e+01,2.080846e+01,2.077363e+01,2.078060e+01,2.074576e+01,2.083632e+01,2.077363e+01,2.078060e+01,2.080150e+01,2.076667e+01,2.076667e+01,2.081543e+01,2.074576e+01,2.072486e+01,2.080846e+01,2.078757e+01,2.071789e+01,2.084328e+01,2.083632e+01,2.083632e+01,2.074576e+01,2.075970e+01,2.080846e+01,2.073182e+01,2.079453e+01,2.075970e+01,2.085024e+01,2.086416e+01,2.082935e+01,2.086416e+01,2.083632e+01,2.082935e+01,2.071091e+01,2.094070e+01,2.076667e+01,2.074576e+01,2.085720e+01,2.076667e+01,2.075970e+01,2.082239e+01,2.079453e+01,2.079453e+01,2.087112e+01,2.084328e+01,2.062723e+01,2.066211e+01,2.062723e+01,2.054347e+01,2.050157e+01,2.046663e+01,2.027078e+01,2.031278e+01,2.023577e+01,2.040372e+01,2.016570e+01,2.001841e+01,2.001841e+01,1.994819e+01,1.997628e+01,2.001139e+01,1.999735e+01,2.001841e+01,1.998330e+01,1.997628e+01,1.998330e+01,1.995521e+01,1.986386e+01,1.986386e+01,1.986386e+01,1.986386e+01,1.983574e+01,1.969500e+01,1.963865e+01,1.964570e+01,1.983574e+01,1.959637e+01,1.956817e+01,1.953996e+01,1.953291e+01,1.965979e+01,1.981464e+01,1.987090e+01,1.998330e+01,2.005350e+01,2.027778e+01,2.027778e+01,2.048759e+01,2.049458e+01,2.058536e+01,2.066211e+01,2.056442e+01,2.070394e+01,2.075273e+01,2.075970e+01,2.079453e+01,2.076667e+01,2.088504e+01,2.069697e+01,2.069697e+01,2.074576e+01,2.090592e+01,2.075970e+01,2.080150e+01,2.080150e+01,2.066908e+01,2.082935e+01,2.082239e+01,2.084328e+01,2.074576e+01,2.073182e+01,2.072486e+01,2.080150e+01,2.075273e+01,2.073879e+01,2.074576e+01,2.071789e+01,2.072486e+01,2.079453e+01,2.091287e+01,2.069000e+01,2.084328e+01,2.072486e+01,2.088504e+01,2.081543e+01,2.080150e+01,2.078757e+01,2.074576e+01,2.073879e+01,2.059932e+01,2.062025e+01,2.057140e+01,2.048759e+01,2.057838e+01,2.056442e+01,2.064118e+01,2.042470e+01,2.041770e+01,2.038274e+01,2.041770e+01,2.038974e+01,2.055743e+01,2.023577e+01,2.022876e+01,2.027078e+01,2.013065e+01,2.004648e+01,1.993414e+01,1.990604e+01,1.982168e+01,1.968796e+01,1.975836e+01,1.973725e+01,1.954701e+01,1.956817e+01,1.957522e+01,1.964570e+01,1.967388e+01,1.964570e+01,1.963161e+01,1.966683e+01,1.946235e+01,1.950469e+01,1.955407e+01,1.952586e+01,1.951175e+01,1.962456e+01,1.966683e+01,1.983574e+01,1.968796e+01,1.986386e+01,2.024277e+01,2.029878e+01,2.024977e+01,2.048061e+01,2.057140e+01,2.057140e+01,2.071091e+01,2.080846e+01,2.069000e+01,2.066908e+01,2.067605e+01,2.062025e+01,2.050855e+01,2.046663e+01,2.034777e+01,2.026378e+01,2.045964e+01,2.036176e+01,2.048061e+01,2.048759e+01,2.020774e+01,2.013766e+01,1.994117e+01,1.990604e+01,1.970909e+01,1.968092e+01,1.953996e+01,1.947647e+01,1.942705e+01,1.960342e+01,1.956112e+01,1.962456e+01,1.959637e+01,1.965979e+01,1.973021e+01,1.973725e+01,1.970909e+01,1.973021e+01,1.980761e+01,1.977243e+01,1.965979e+01,1.977947e+01,1.969500e+01,1.966683e+01,1.961751e+01,1.963161e+01,1.963161e+01,1.969500e+01,1.980761e+01,1.982871e+01,1.987792e+01,2.000437e+01,1.998330e+01,2.022176e+01,2.033377e+01,2.041071e+01,2.044567e+01,2.044567e+01,2.062025e+01,2.067605e+01,2.061327e+01,2.064118e+01,2.078060e+01,2.076667e+01,2.085720e+01,2.087112e+01,2.080150e+01,2.070394e+01,2.085720e+01,2.076667e+01,2.088504e+01,2.090592e+01,2.089896e+01,2.074576e+01,2.075970e+01,2.085024e+01,2.073879e+01,2.078060e+01,2.088504e+01,2.074576e+01,2.080150e+01,2.075273e+01,2.085720e+01,2.087112e+01,2.077363e+01,2.088504e+01,2.084328e+01,2.080150e+01,2.085024e+01,2.078060e+01,2.080846e+01,2.080846e+01,2.075273e+01,2.074576e+01,2.060629e+01,2.003946e+01,1.951880e+01,1.992009e+01,2.046663e+01,2.076667e+01,2.078060e+01,2.082239e+01,2.073182e+01,2.087808e+01,2.080150e+01,2.077363e+01,2.075273e+01,2.075970e+01,2.078757e+01,2.077363e+01,2.077363e+01,2.064816e+01,2.087112e+01,2.079453e+01,2.084328e+01,2.080846e+01,2.075273e+01,2.080846e+01,2.081543e+01,2.069000e+01,2.083632e+01,2.083632e+01,2.085720e+01,2.086416e+01,2.082239e+01,2.082935e+01,2.080150e+01,2.089200e+01,2.077363e+01,2.075970e+01,2.080150e+01,2.078060e+01,2.075970e+01,2.078757e+01,2.081543e+01,2.083632e+01,2.079453e+01,2.080150e+01,2.080846e+01,2.082239e+01,2.082935e+01,2.081543e+01,2.083632e+01,2.087112e+01,2.084328e+01,2.086416e+01,2.087112e+01,2.080150e+01,2.071789e+01,2.081543e+01,2.078060e+01,2.082239e+01,2.085024e+01,2.079453e+01,2.078757e+01,2.085720e+01,2.082935e+01,2.069697e+01,2.089896e+01,2.089200e+01,2.081543e+01,2.080846e+01,2.078060e+01,2.086416e+01,2.077363e+01,2.081543e+01,2.087112e+01,2.084328e+01,2.089200e+01,2.078757e+01,2.085720e+01,2.082239e+01,2.074576e+01,2.092679e+01,2.094070e+01,2.081543e+01,2.084328e+01,2.083632e+01,2.087808e+01,2.089200e+01,2.064816e+01,2.088504e+01,2.087112e+01,2.087112e+01,2.085024e+01,2.082935e+01,2.084328e+01,2.084328e+01,2.082239e+01,2.081543e+01,2.096156e+01,2.087808e+01,2.085720e+01,2.085024e+01,2.077363e+01,2.075970e+01,2.087112e+01,2.085720e+01,2.085720e+01,2.082239e+01,2.083632e+01,2.085720e+01,2.064118e+01,2.077363e+01,2.076667e+01,2.078060e+01,2.077363e+01,2.080150e+01,2.078060e+01,2.094070e+01,2.080150e+01,2.088504e+01,2.079453e+01,2.082239e+01,2.085720e+01,2.083632e+01,2.079453e+01,2.072486e+01,2.085024e+01,2.076667e+01,2.085024e+01,2.066908e+01,2.085720e+01,2.089896e+01,2.082935e+01,2.082239e+01,2.090592e+01,2.073182e+01,2.073879e+01,2.077363e+01,2.081543e+01,2.078757e+01,2.078757e+01,2.076667e+01,2.083632e+01,2.078757e+01,2.080846e+01,2.063420e+01,2.081543e+01,2.068303e+01,2.078060e+01,2.081543e+01,2.077363e+01,2.078060e+01,2.078757e+01,2.080150e+01,2.072486e+01,2.071091e+01,2.080846e+01,2.078060e+01,2.089200e+01,2.082239e+01,2.086416e+01,2.086416e+01,2.072486e+01,2.074576e+01,2.073879e+01,2.072486e+01,2.080150e+01,2.085024e+01,2.082935e+01,2.082935e+01,2.074576e+01,2.078757e+01,2.064816e+01,2.089200e+01,2.087112e+01,2.084328e+01,2.083632e+01,2.081543e+01,2.089200e+01,2.094765e+01,2.082935e+01,2.092679e+01,2.089896e+01,2.090592e+01,2.092679e+01,2.085024e+01,2.082239e+01,2.090592e+01,2.079453e+01,2.088504e+01,2.090592e+01,2.084328e+01,2.087808e+01,2.092679e+01,2.092679e+01,2.089200e+01,2.087112e+01,2.096852e+01,2.098937e+01,2.080150e+01,2.094765e+01,2.059932e+01,2.096852e+01,2.091983e+01,2.074576e+01,2.083632e+01,2.095461e+01,2.089896e+01,2.077363e+01,2.083632e+01,2.082239e+01,2.082935e+01,2.080150e+01,2.092679e+01,2.084328e+01,2.083632e+01,2.098937e+01,2.078060e+01,2.079453e+01,2.079453e+01,2.085720e+01,2.082239e+01,2.069000e+01,2.089896e+01,2.081543e+01,2.085720e+01,2.082935e+01,2.073879e+01,2.087112e+01,2.080150e+01,2.085024e+01,2.085720e+01,2.074576e+01,2.096156e+01,2.073182e+01,2.083632e+01,2.080150e+01,2.075273e+01,2.072486e+01,2.087112e+01,2.085024e+01,2.087808e+01,2.078060e+01,2.091983e+01,2.089200e+01,2.079453e+01,2.082239e+01,2.087808e+01,2.080150e+01,2.082935e+01,2.082239e+01,2.084328e+01,2.070394e+01,2.083632e+01,2.085024e+01,2.085720e+01,2.086416e+01,2.094765e+01,2.096852e+01,2.090592e+01,2.079453e+01,2.078757e+01,2.084328e+01,2.085720e+01,2.078757e+01,2.082239e+01,2.088504e+01,2.077363e+01,2.094070e+01,2.084328e+01,2.088504e+01,2.089896e+01,2.089200e+01,2.088504e+01,2.085024e+01,2.090592e+01,2.094765e+01,2.087808e+01,2.096852e+01,2.078757e+01,2.088504e+01,2.080150e+01,2.077363e+01,2.091983e+01
1.834799e+01,1.821228e+01,1.805490e+01,1.785425e+01,1.766037e+01,1.787577e+01,1.790445e+01,1.781837e+01,1.772504e+01,1.783990e+01,1.790445e+01,1.782555e+01,1.791879e+01,1.797613e+01,1.782555e+01,1.822657e+01,1.842648e+01,1.863309e+01,1.929988e+01,1.967388e+01,2.031978e+01,2.064118e+01,2.087808e+01,2.083632e+01,2.070394e+01,2.076667e+01,2.082935e+01,2.073879e+01,2.069000e+01,2.078060e+01,2.057140e+01,2.035476e+01,2.021475e+01,1.983574e+01,1.973021e+01,1.960342e+01,1.928574e+01,1.903795e+01,1.912298e+01,1.914422e+01,1.904504e+01,1.910173e+01,1.921501e+01,1.923623e+01,1.947647e+01,1.933522e+01,1.948352e+01,1.951880e+01,1.940587e+01,1.925745e+01,1.929281e+01,1.930695e+01,1.922916e+01,1.908756e+01,1.906630e+01,1.925038e+01,1.923623e+01,1.926452e+01,1.928574e+01,1.939881e+01,1.937055e+01,1.947647e+01,1.947647e+01,1.957522e+01,1.961751e+01,1.980058e+01,1.982168e+01,2.002542e+01,1.990604e+01,1.998330e+01,1.995521e+01,2.008857e+01,2.015168e+01,1.994117e+01,2.017972e+01,2.039673e+01,2.054347e+01,2.048759e+01,2.063420e+01,2.073182e+01,2.074576e+01,2.076667e+01,2.073879e+01,2.079453e+01,2.080846e+01,2.080846e+01,2.082239e+01,2.080150e+01,2.072486e+01,2.075970e+01,2.078757e+01,2.084328e+01,2.089200e+01,2.078757e+01,2.086416e+01,2.084328e+01,2.083632e+01,2.084328e+01,2.080150e+01,2.089896e+01,2.082935e+01,2.087112e+01,2.079453e+01,2.078060e+01,2.085024e+01,2.077363e+01,2.079453e+01,2.075273e+01,2.070394e+01,2.072486e+01,2.076667e+01,2.088504e+01,2.085720e+01,2.080150e+01,2.080846e+01,2.084328e+01,2.086416e+01,2.080150e+01,2.080150e+01,2.080846e+01,2.075970e+01,2.088504e+01,2.088504e+01,2.087808e+01,2.076667e+01,2.079453e+01,2.075970e+01,2.079453e+01,2.085024e+01,2.086416e+01,2.087808e+01,2.083632e+01,2.069000e+01,2.080150e+01,2.078060e+01,2.070394e+01,2.066908e+01,2.068303e+01,2.063420e+01,2.048759e+01,2.054347e+01,2.020074e+01,2.038974e+01,2.012364e+01,2.013766e+01,2.017271e+01,2.001841e+01,2.001139e+01,2.000437e+01,1.978650e+01,1.974428e+01,1.968796e+01,1.970205e+01,1.970909e+01,1.967388e+01,1.967388e+01,1.977243e+01,1.994819e+01,1.980058e+01,1.980058e+01,1.980058e+01,1.965274e+01,1.963865e+01,1.954701e+01,1.934936e+01,1.941293e+01,1.934229e+01,1.928574e+01,1.956817e+01,1.952586e+01,1.953291e+01,1.954701e+01,1.949058e+01,1.952586e+01,1.953996e+01,1.961751e+01,1.984277e+01,1.975836e+01,1.977243e+01,2.024977e+01,2.030578e+01,2.025677e+01,2.045964e+01,2.055045e+01,2.067605e+01,2.069000e+01,2.074576e+01,2.073879e+01,2.073879e+01,2.074576e+01,2.065513e+01,2.073182e+01,2.066908e+01,2.080150e+01,2.073879e+01,2.080150e+01,2.085024e+01,2.080150e+01,2.078757e+01,2.080846e+01,2.084328e+01,2.084328e+01,2.083632e+01,2.080846e+01,2.081543e+01,2.074576e+01,2.090592e+01,2.073182e+01,2.074576e+01,2.078060e+01,2.082239e+01,2.079453e+01,2.079453e+01,2.078757e+01,2.079453e+01,2.078757e+01,2.085720e+01,2.080150e+01,2.081543e+01,2.075273e+01,2.075273e+01,2.087112e+01,2.080150e+01,2.079453e+01,2.077363e+01,2.074576e+01,2.064118e+01,2.057140e+01,2.064118e+01,2.071789e+01,2.066908e+01,2.064118e+01,2.045266e+01,2.052950e+01,2.056442e+01,2.055045e+01,2.053649e+01,2.038274e+01,2.012364e+01,2.011663e+01,2.012364e+01,2.010260e+01,2.003946e+01,1.975836e+01,1.976540e+01,1.975132e+01,1.980761e+01,1.976540e+01,1.975132e+01,1.963865e+01,1.977243e+01,1.967388e+01,1.961047e+01,1.955407e+01,1.960342e+01,1.954701e+01,1.955407e+01,1.954701e+01,1.963161e+01,1.959637e+01,1.968796e+01,1.975132e+01,1.987090e+01,2.022176e+01,2.017271e+01,2.033377e+01,2.034777e+01,2.052252e+01,2.068303e+01,2.062025e+01,2.075273e+01,2.073182e+01,2.066908e+01,2.069000e+01,2.058536e+01,2.063420e+01,2.067605e+01,2.057838e+01,2.061327e+01,2.054347e+01,2.045964e+01,2.038274e+01,2.052252e+01,2.044567e+01,2.038274e+01,2.021475e+01,2.013766e+01,1.983574e+01,1.972317e+01,1.962456e+01,1.958932e+01,1.965979e+01,1.962456e+01,1.956817e+01,1.953996e+01,1.960342e+01,1.956112e+01,1.969500e+01,1.969500e+01,1.974428e+01,1.977243e+01,1.970909e+01,1.980058e+01,1.973725e+01,1.980058e+01,1.963161e+01,1.962456e+01,1.967388e+01,1.963865e+01,1.963161e+01,1.964570e+01,1.965979e+01,1.984277e+01,1.984980e+01,1.987792e+01,2.010961e+01,2.011663e+01,2.024977e+01,2.025677e+01,2.038274e+01,2.044567e+01,2.062723e+01,2.059234e+01,2.060629e+01,2.062025e+01,2.078060e+01,2.074576e+01,2.086416e+01,2.089200e+01,2.080846e+01,2.080150e+01,2.080150e+01,2.078060e+01,2.078060e+01,2.075273e+01,2.075970e+01,2.089200e+01,2.092679e+01,2.075273e+01,2.075970e+01,2.088504e+01,2.085720e+01,2.085024e+01,2.085720e+01,2.080846e+01,2.077363e+01,2.087808e+01,2.092679e+01,2.086416e+01,2.085720e+01,2.088504e+01,2.087808e+01,2.085720e+01,2.077363e+01,2.085024e+01,2.085720e+01,2.076667e+01,2.082935e+01,2.059234e+01,2.017972e+01,1.982871e+01,2.019373e+01,2.050157e+01,2.080150e+01,2.087808e+01,2.078757e+01,2.082935e+01,2.079453e+01,2.075970e+01,2.073182e+01,2.080150e+01,2.075970e+01,2.077363e+01,2.086416e+01,2.083632e+01,2.080846e+01,2.082239e+01,2.092679e+01,2.073182e+01,2.077363e+01,2.081543e+01,2.081543e+01,2.066211e+01,2.077363e+01,2.081543e+01,2.085720e+01,2.075970e+01,2.082239e+01,2.083632e+01,2.082935e+01,2.078060e+01,2.080846e+01,2.087808e+01,2.079453e+01,2.087112e+01,2.078757e+01,2.094765e+01,2.082239e+01,2.085720e+01,2.082239e+01,2.083632e+01,2.086416e+01,2.085720e+01,2.066908e+01,2.086416e+01,2.078757e+01,2.085720e+01,2.082935e+01,2.083632e+01,2.081543e+01,2.085720e+01,2.087112e+01,2.089200e+01,2.073879e+01,2.080150e+01,2.087112e+01,2.079453e+01,2.078757e+01,2.082239e+01,2.087112e+01,2.081543e+01,2.084328e+01,2.087808e+01,2.089200e+01,2.083632e+01,2.086416e+01,2.082935e+01,2.078060e+01,2.091287e+01,2.076667e+01,2.089200e+01,2.085720e+01,2.078757e+01,2.080846e+01,2.077363e+01,2.075970e+01,2.077363e+01,2.077363e+01,2.087112e+01,2.085720e+01,2.079453e+01,2.086416e+01,2.080846e+01,2.080846e+01,2.086416e+01,2.089896e+01,2.086416e+01,2.082935e+01,2.082239e+01,2.088504e+01,2.085720e+01,2.087808e+01,2.087112e+01,2.078060e+01,2.077363e+01,2.076667e+01,2.078757e+01,2.078060e+01,2.083632e+01,2.078757e+01,2.082239e+01,2.083632e+01,2.086416e+01,2.079453e+01,2.083632e+01,2.080150e+01,2.087112e+01,2.081543e+01,2.081543e+01,2.069000e+01,2.078757e+01,2.073182e+01,2.095461e+01,2.084328e+01,2.082239e+01,2.086416e+01,2.087112e+01,2.085024e+01,2.084328e+01,2.085024e+01,2.085024e+01,2.078757e+01,2.080150e+01,2.080846e+01,2.084328e+01,2.085720e+01,2.084328e+01,2.080150e+01,2.082239e+01,2.080150e+01,2.076667e+01,2.087808e+01,2.078757e+01,2.087112e+01,2.080150e+01,2.080846e+01,2.078757e+01,2.080846e+01,2.077363e+01,2.060629e+01,2.066908e+01,2.071091e+01,2.088504e+01,2.074576e+01,2.087808e+01,2.077363e+01,2.083632e+01,2.081543e+01,2.080150e+01,2.078757e+01,2.078757e+01,2.078757e+01,2.079453e+01,2.085720e+01,2.080846e+01,2.077363e+01,2.074576e+01,2.085024e+01,2.074576e+01,2.080150e+01,2.082935e+01,2.085024e+01,2.082935e+01,2.077363e+01,2.082239e+01,2.087112e+01,2.082239e+01,2.085024e+01,2.087808e+01,2.085024e+01,2.096156e+01,2.089200e+01,2.096156e+01,2.086416e+01,2.083632e+01,2.087808e+01,2.085720e+01,2.101718e+01,2.085720e+01,2.096852e+01,2.092679e+01,2.078757e+01,2.090592e+01,2.089200e+01,2.091287e+01,2.087808e+01,2.087808e+01,2.091983e+01,2.084328e+01,2.081543e+01,2.082935e+01,2.093374e+01,2.079453e+01,2.094070e+01,2.089896e+01,2.084328e+01,2.091983e+01,2.095461e+01,2.089896e+01,2.096852e+01,2.087808e+01,2.087112e+01,2.073879e+01,2.081543e+01,2.073879e+01,2.084328e+01,2.074576e+01,2.078757e+01,2.076667e+01,2.081543e+01,2.079453e+01,2.092679e+01,2.087808e+01,2.103107e+01,2.080846e+01,2.085024e+01,2.082239e+01,2.081543e+01,2.085720e+01,2.080150e+01,2.089200e+01,2.083632e+01,2.076667e+01,2.080846e+01,2.091983e+01,2.084328e+01,2.086416e+01,2.078060e+01,2.075970e+01,2.087808e+01,2.080846e+01,2.078060e+01,2.075970e+01,2.079453e+01,2.081543e+01,2.083632e+01,2.080150e+01,2.073182e+01,2.073879e+01,2.077363e+01,2.089200e+01,2.078060e+01,2.075273e+01,2.085024e+01,2.083632e+01,2.079453e+01,2.098937e+01,2.090592e+01,2.082935e+01,2.087112e+01,2.082239e+01,2.087112e+01,2.087808e+01,2.072486e+01,2.079453e+01,2.080150e+01,2.077363e+01,2.082935e+01,2.064816e+01,2.083632e+01,2.079453e+01,2.084328e+01,2.099632e+01,2.090592e+01,2.088504e+01,2.073182e+01,2.086416e+01,2.086416e+01,2.071789e+01,2.087112e+01,2.087808e+01,2.094070e+01,2.085720e+01,2.085024e+01,2.074576e+01,2.080846e+01,2.081543e+01,2.073182e+01,2.080150e+01,2.088504e+01
1.823372e+01,1.824087e+01,1.805490e+01,1.784707e+01,1.764599e+01,1.786860e+01,1.792596e+01,1.791162e+01,1.779684e+01,1.788294e+01,1.778249e+01,1.786860e+01,1.795463e+01,1.796896e+01,1.802627e+01,1.818369e+01,1.847639e+01,1.868290e+01,1.933522e+01,1.961751e+01,2.033377e+01,2.066908e+01,2.069697e+01,2.066211e+01,2.075273e+01,2.066908e+01,2.066211e+01,2.056442e+01,2.039673e+01,2.055743e+01,2.025677e+01,1.982168e+01,1.958227e+01,1.928574e+01,1.927160e+01,1.920085e+01,1.886769e+01,1.899541e+01,1.896704e+01,1.898832e+01,1.913006e+01,1.920085e+01,1.924331e+01,1.932109e+01,1.934229e+01,1.934229e+01,1.929281e+01,1.920793e+01,1.935642e+01,1.908047e+01,1.927160e+01,1.913006e+01,1.911590e+01,1.908047e+01,1.907339e+01,1.917254e+01,1.922208e+01,1.922916e+01,1.925745e+01,1.926452e+01,1.926452e+01,1.948352e+01,1.946941e+01,1.958227e+01,1.979354e+01,1.971613e+01,1.985683e+01,2.015168e+01,2.015869e+01,2.015869e+01,2.019373e+01,2.021475e+01,2.037575e+01,2.041770e+01,2.041770e+01,2.080150e+01,2.066211e+01,2.073879e+01,2.074576e+01,2.079453e+01,2.086416e+01,2.080846e+01,2.073879e+01,2.079453e+01,2.080150e+01,2.082935e+01,2.084328e+01,2.078060e+01,2.075273e+01,2.078757e+01,2.069000e+01,2.072486e+01,2.078060e+01,2.078757e+01,2.079453e+01,2.086416e+01,2.088504e+01,2.078060e+01,2.084328e+01,2.081543e+01,2.062025e+01,2.082239e+01,2.077363e+01,2.072486e+01,2.075970e+01,2.077363e+01,2.080846e+01,2.075970e+01,2.069697e+01,2.075273e+01,2.075273e+01,2.087112e+01,2.076667e+01,2.086416e+01,2.078757e+01,2.089200e+01,2.086416e+01,2.078757e+01,2.082239e+01,2.076667e+01,2.082935e+01,2.084328e+01,2.084328e+01,2.080846e+01,2.075970e+01,2.072486e+01,2.072486e+01,2.085720e+01,2.075970e+01,2.085024e+01,2.089896e+01,2.080846e+01,2.074576e+01,2.071789e+01,2.073182e+01,2.053649e+01,2.066908e+01,2.042470e+01,2.041770e+01,2.017972e+01,2.003946e+01,2.002542e+01,1.999033e+01,1.984980e+01,1.987792e+01,1.974428e+01,1.956817e+01,1.973021e+01,1.958227e+01,1.946941e+01,1.940587e+01,1.934936e+01,1.947647e+01,1.939881e+01,1.938468e+01,1.941293e+01,1.950469e+01,1.958932e+01,1.945529e+01,1.941999e+01,1.937055e+01,1.935642e+01,1.938468e+01,1.910173e+01,1.910881e+01,1.904504e+01,1.907339e+01,1.898123e+01,1.920793e+01,1.915838e+01,1.913714e+01,1.912298e+01,1.915130e+01,1.911590e+01,1.935642e+01,1.936349e+01,1.951175e+01,1.969500e+01,1.962456e+01,1.975132e+01,2.000437e+01,1.992009e+01,2.031278e+01,2.028478e+01,2.059234e+01,2.071091e+01,2.066211e+01,2.073182e+01,2.075273e+01,2.059932e+01,2.071789e+01,2.071091e+01,2.085720e+01,2.081543e+01,2.085024e+01,2.081543e+01,2.076667e+01,2.080150e+01,2.067605e+01,2.087112e+01,2.080150e+01,2.078060e+01,2.083632e+01,2.082935e+01,2.081543e+01,2.070394e+01,2.085024e+01,2.082935e+01,2.075970e+01,2.073182e+01,2.071789e+01,2.085720e+01,2.087808e+01,2.087808e+01,2.085024e+01,2.078757e+01,2.081543e+01,2.078060e+01,2.075970e+01,2.074576e+01,2.078060e+01,2.074576e+01,2.075970e+01,2.078060e+01,2.080150e+01,2.079453e+01,2.071789e+01,2.076667e+01,2.071789e+01,2.073879e+01,2.068303e+01,2.062025e+01,2.062723e+01,2.057140e+01,2.069697e+01,2.054347e+01,2.043169e+01,2.043868e+01,2.036875e+01,2.029178e+01,2.034077e+01,2.010961e+01,2.012364e+01,2.003244e+01,1.975132e+01,1.992711e+01,1.994819e+01,1.994819e+01,1.983574e+01,1.989198e+01,1.970909e+01,1.977947e+01,1.971613e+01,1.963161e+01,1.961047e+01,1.959637e+01,1.949764e+01,1.963865e+01,1.961047e+01,1.983574e+01,1.966683e+01,1.987792e+01,2.000437e+01,2.006753e+01,2.010961e+01,2.059234e+01,2.055743e+01,2.072486e+01,2.067605e+01,2.062723e+01,2.084328e+01,2.083632e+01,2.072486e+01,2.082935e+01,2.062025e+01,2.067605e+01,2.079453e+01,2.064118e+01,2.051554e+01,2.051554e+01,2.052252e+01,2.054347e+01,2.044567e+01,2.027078e+01,2.027078e+01,2.017271e+01,2.013766e+01,1.991306e+01,1.965979e+01,1.969500e+01,1.965979e+01,1.951880e+01,1.961751e+01,1.956817e+01,1.954701e+01,1.955407e+01,1.963865e+01,1.977243e+01,1.971613e+01,1.973725e+01,1.975836e+01,1.966683e+01,1.977947e+01,1.979354e+01,1.965979e+01,1.975132e+01,1.962456e+01,1.964570e+01,1.961751e+01,1.966683e+01,1.975132e+01,1.958227e+01,1.974428e+01,1.984980e+01,1.983574e+01,2.006753e+01,1.997628e+01,2.008156e+01,2.034777e+01,2.037575e+01,2.038274e+01,2.055743e+01,2.058536e+01,2.062025e+01,2.075273e+01,2.074576e+01,2.085720e+01,2.076667e+01,2.075970e+01,2.082935e+01,2.075273e+01,2.075273e+01,2.073879e+01,2.073182e+01,2.089200e+01,2.072486e+01,2.078060e+01,2.076667e+01,2.075273e+01,2.073182e+01,2.082239e+01,2.087808e+01,2.085720e+01,2.086416e+01,2.073879e+01,2.080846e+01,2.089200e+01,2.080150e+01,2.082935e+01,2.087112e+01,2.082239e+01,2.089896e+01,2.086416e+01,2.083632e+01,2.078757e+01,2.081543e+01,2.073879e+01,2.080846e+01,2.063420e+01,2.046663e+01,2.024277e+01,2.038974e+01,2.050157e+01,2.077363e+01,2.087808e+01,2.080846e+01,2.075970e+01,2.080846e+01,2.077363e+01,2.076667e+01,2.078757e+01,2.082239e+01,2.084328e+01,2.074576e+01,2.078060e+01,2.089200e+01,2.085024e+01,2.075273e+01,2.083632e+01,2.064118e+01,2.077363e+01,2.082935e+01,2.085024e+01,2.074576e+01,2.075970e+01,2.079453e+01,2.084328e+01,2.085720e+01,2.076667e+01,2.078060e+01,2.078060e+01,2.076667e+01,2.075970e+01,2.075970e+01,2.075273e+01,2.084328e+01,2.082935e+01,2.083632e+01,2.085024e+01,2.085720e+01,2.071091e+01,2.086416e+01,2.082239e+01,2.085720e+01,2.082935e+01,2.085024e+01,2.082935e+01,2.083632e+01,2.085720e+01,2.086416e+01,2.085024e+01,2.084328e+01,2.087808e+01,2.081543e+01,2.089200e+01,2.088504e+01,2.078060e+01,2.078060e+01,2.085720e+01,2.085024e+01,2.085720e+01,2.082935e+01,2.077363e+01,2.082935e+01,2.088504e+01,2.082239e+01,2.080150e+01,2.084328e+01,2.078060e+01,2.080150e+01,2.085720e+01,2.078060e+01,2.089200e+01,2.082935e+01,2.079453e+01,2.090592e+01,2.078757e+01,2.080150e+01,2.080150e+01,2.083632e+01,2.081543e+01,2.084328e+01,2.092679e+01,2.089896e+01,2.087808e+01,2.094070e+01,2.089200e+01,2.087808e+01,2.087112e+01,2.084328e+01,2.088504e+01,2.080846e+01,2.087808e+01,2.076667e+01,2.077363e+01,2.080150e+01,2.075970e+01,2.088504e+01,2.080150e+01,2.080846e+01,2.078757e+01,2.083632e+01,2.083632e+01,2.078060e+01,2.082239e+01,2.082935e+01,2.077363e+01,2.081543e+01,2.075970e+01,2.092679e+01,2.079453e+01,2.081543e+01,2.079453e+01,2.079453e+01,2.078060e+01,2.081543e+01,2.088504e+01,2.074576e+01,2.083632e+01,2.080846e+01,2.087112e+01,2.076667e+01,2.082935e+01,2.075970e+01,2.082239e+01,2.078060e+01,2.066211e+01,2.078060e+01,2.077363e+01,2.077363e+01,2.086416e+01,2.079453e+01,2.077363e+01,2.074576e+01,2.075970e+01,2.078060e+01,2.078757e+01,2.073879e+01,2.078060e+01,2.077363e+01,2.080150e+01,2.088504e+01,2.084328e+01,2.070394e+01,2.077363e+01,2.085024e+01,2.083632e+01,2.081543e+01,2.083632e+01,2.080846e+01,2.075970e+01,2.083632e+01,2.074576e+01,2.080150e+01,2.070394e+01,2.083632e+01,2.075273e+01,2.074576e+01,2.086416e+01,2.087808e+01,2.081543e+01,2.071789e+01,2.080846e+01,2.074576e+01,2.087112e+01,2.085024e+01,2.084328e+01,2.080150e+01,2.089896e+01,2.088504e+01,2.081543e+01,2.085024e+01,2.080150e+01,2.084328e+01,2.079453e+01,2.071091e+01,2.081543e+01,2.094070e+01,2.085024e+01,2.079453e+01,2.089200e+01,2.084328e+01,2.071091e+01,2.087808e+01,2.089896e+01,2.085720e+01,2.091983e+01,2.085720e+01,2.087808e+01,2.085024e+01,2.079453e+01,2.085720e+01,2.084328e+01,2.086416e+01,2.082239e+01,2.098242e+01,2.094070e+01,2.087112e+01,2.088504e+01,2.095461e+01,2.094765e+01,2.076667e+01,2.073182e+01,2.080150e+01,2.078757e+01,2.097547e+01,2.088504e+01,2.087808e+01,2.090592e+01,2.085024e+01,2.087112e+01,2.078757e+01,2.087112e+01,2.083632e+01,2.081543e+01,2.087808e+01,2.082935e+01,2.087112e+01,2.082239e+01,2.072486e+01,2.069697e+01,2.080846e+01,2.079453e+01,2.081543e+01,2.080846e+01,2.071789e+01,2.082935e+01,2.085720e+01,2.087112e+01,2.087112e+01,2.079453e+01,2.076667e+01,2.065513e+01,2.066211e+01,2.078060e+01,2.086416e+01,2.073879e+01,2.086416e+01,2.075273e+01,2.075273e+01,2.072486e+01,2.080846e+01,2.088504e+01,2.082935e+01,2.079453e+01,2.085024e+01,2.070394e+01,2.077363e+01,2.082935e+01,2.083632e+01,2.078757e+01,2.079453e+01,2.086416e+01,2.083632e+01,2.083632e+01,2.090592e+01,2.084328e+01,2.083632e+01,2.081543e+01,2.066908e+01,2.095461e+01,2.065513e+01,2.079453e+01,2.082935e+01,2.082935e+01,2.087808e+01,2.090592e+01,2.083632e+01,2.078060e+01,2.075273e+01,2.089200e+01,2.093374e+01,2.090592e+01,2.094070e+01,2.093374e+01,2.073879e+01,2.078060e+01,2.080846e+01,2.075273e+01,2.080846e+01
1.819798e+01,1.826944e+01,1.799045e+01,1.781120e+01,1.787577e+01,1.794029e+01,1.799045e+01,1.805490e+01,1.804775e+01,1.781837e+01,1.799045e+01,1.794746e+01,1.796179e+01,1.796896e+01,1.816223e+01,1.817653e+01,1.843361e+01,1.878955e+01,1.903795e+01,1.962456e+01,2.034777e+01,2.073879e+01,2.059932e+01,2.069697e+01,2.065513e+01,2.059932e+01,2.055743e+01,2.043868e+01,2.007454e+01,1.990604e+01,1.953291e+01,1.953291e+01,1.936349e+01,1.917962e+01,1.905922e+01,1.897414e+01,1.891738e+01,1.888899e+01,1.889609e+01,1.910881e+01,1.897414e+01,1.929281e+01,1.935642e+01,1.948352e+01,1.937762e+01,1.937762e+01,1.920793e+01,1.920793e+01,1.925745e+01,1.898123e+01,1.889609e+01,1.887479e+01,1.905213e+01,1.918670e+01,1.927867e+01,1.928574e+01,1.924331e+01,1.929988e+01,1.929281e+01,1.933522e+01,1.937055e+01,1.953291e+01,1.965979e+01,1.956112e+01,1.977947e+01,2.007454e+01,2.015869e+01,2.016570e+01,2.017972e+01,2.052950e+01,2.044567e+01,2.062723e+01,2.066211e+01,2.067605e+01,2.079453e+01,2.079453e+01,2.069697e+01,2.066211e+01,2.070394e+01,2.077363e+01,2.075970e+01,2.075970e+01,2.079453e+01,2.076667e+01,2.077363e+01,2.080150e+01,2.078060e+01,2.086416e+01,2.076667e+01,2.087808e+01,2.089896e+01,2.092679e+01,2.083632e+01,2.072486e+01,2.087112e+01,2.082239e+01,2.074576e+01,2.075273e+01,2.076667e+01,2.075970e+01,2.075273e+01,2.086416e+01,2.079453e+01,2.075970e+01,2.077363e+01,2.072486e+01,2.086416e+01,2.070394e+01,2.087112e+01,2.077363e+01,2.085024e+01,2.080846e+01,2.078757e+01,2.078757e+01,2.081543e+01,2.085024e+01,2.087808e+01,2.075970e+01,2.082239e+01,2.078757e+01,2.107276e+01,2.082935e+01,2.085720e+01,2.091983e+01,2.087808e+01,2.084328e+01,2.087112e+01,2.077363e+01,2.074576e+01,2.088504e+01,2.067605e+01,2.062025e+01,2.051554e+01,2.066908e+01,2.052950e+01,2.047362e+01,2.034077e+01,2.032678e+01,2.009559e+01,2.003244e+01,1.987792e+01,1.980761e+01,1.987792e+01,1.956112e+01,1.946941e+01,1.953996e+01,1.941999e+01,1.935642e+01,1.935642e+01,1.941999e+01,1.920793e+01,1.913714e+01,1.919378e+01,1.917962e+01,1.916546e+01,1.915838e+01,1.910173e+01,1.915838e+01,1.918670e+01,1.923623e+01,1.922208e+01,1.907339e+01,1.910173e+01,1.900251e+01,1.897414e+01,1.906630e+01,1.903795e+01,1.898123e+01,1.888899e+01,1.896704e+01,1.900251e+01,1.892448e+01,1.905213e+01,1.899541e+01,1.900251e+01,1.908756e+01,1.930695e+01,1.934229e+01,1.946941e+01,1.947647e+01,1.947647e+01,1.985683e+01,1.984277e+01,2.012364e+01,2.011663e+01,2.048061e+01,2.057838e+01,2.065513e+01,2.069697e+01,2.064816e+01,2.057140e+01,2.061327e+01,2.071789e+01,2.075273e+01,2.085024e+01,2.081543e+01,2.078757e+01,2.089896e+01,2.094765e+01,2.085024e+01,2.083632e+01,2.068303e+01,2.081543e+01,2.080150e+01,2.072486e+01,2.085720e+01,2.074576e+01,2.081543e+01,2.080846e+01,2.073879e+01,2.089896e+01,2.075970e+01,2.076667e+01,2.079453e+01,2.082935e+01,2.081543e+01,2.075273e+01,2.092679e+01,2.091287e+01,2.084328e+01,2.074576e+01,2.081543e+01,2.073879e+01,2.078757e+01,2.071789e+01,2.072486e+01,2.075970e+01,2.075273e+01,2.080150e+01,2.094070e+01,2.095461e+01,2.069000e+01,2.071789e+01,2.059932e+01,2.064118e+01,2.057838e+01,2.066908e+01,2.055743e+01,2.051554e+01,2.045964e+01,2.037575e+01,2.016570e+01,2.010260e+01,2.015168e+01,2.013065e+01,2.013065e+01,2.007454e+01,1.999033e+01,1.999735e+01,1.964570e+01,1.999735e+01,1.999735e+01,1.965979e+01,1.974428e+01,1.968796e+01,1.971613e+01,1.963865e+01,1.967388e+01,1.982871e+01,1.975132e+01,1.984980e+01,1.986386e+01,1.999735e+01,2.015869e+01,2.024277e+01,2.050157e+01,2.051554e+01,2.072486e+01,2.085024e+01,2.071091e+01,2.075970e+01,2.079453e+01,2.078060e+01,2.074576e+01,2.082239e+01,2.080846e+01,2.051554e+01,2.055743e+01,2.047362e+01,2.047362e+01,2.040372e+01,2.050855e+01,2.039673e+01,2.048061e+01,2.022176e+01,2.029178e+01,2.005350e+01,1.995521e+01,1.981464e+01,1.977243e+01,1.963865e+01,1.963865e+01,1.949764e+01,1.963161e+01,1.965979e+01,1.953291e+01,1.970909e+01,1.968092e+01,1.976540e+01,1.969500e+01,1.979354e+01,1.973725e+01,1.978650e+01,1.978650e+01,1.980058e+01,1.963865e+01,1.969500e+01,1.963161e+01,1.974428e+01,1.975132e+01,1.970909e+01,1.961047e+01,1.985683e+01,1.987090e+01,1.985683e+01,1.999033e+01,2.015168e+01,2.007454e+01,2.020774e+01,2.034077e+01,2.060629e+01,2.062723e+01,2.058536e+01,2.059932e+01,2.068303e+01,2.066908e+01,2.076667e+01,2.076667e+01,2.085720e+01,2.072486e+01,2.082935e+01,2.085720e+01,2.084328e+01,2.069000e+01,2.085024e+01,2.076667e+01,2.079453e+01,2.079453e+01,2.073879e+01,2.089896e+01,2.082239e+01,2.074576e+01,2.079453e+01,2.088504e+01,2.079453e+01,2.085720e+01,2.084328e+01,2.082935e+01,2.071789e+01,2.082935e+01,2.071789e+01,2.081543e+01,2.080846e+01,2.085024e+01,2.082935e+01,2.082935e+01,2.072486e+01,2.079453e+01,2.083632e+01,2.068303e+01,2.049458e+01,2.068303e+01,2.076667e+01,2.074576e+01,2.087112e+01,2.080846e+01,2.079453e+01,2.078060e+01,2.080150e+01,2.077363e+01,2.079453e+01,2.075273e+01,2.084328e+01,2.071789e+01,2.080150e+01,2.066908e+01,2.077363e+01,2.086416e+01,2.075273e+01,2.080150e+01,2.078060e+01,2.082935e+01,2.081543e+01,2.072486e+01,2.085024e+01,2.095461e+01,2.080150e+01,2.084328e+01,2.076667e+01,2.080150e+01,2.085024e+01,2.089200e+01,2.078060e+01,2.087808e+01,2.090592e+01,2.078757e+01,2.078757e+01,2.087112e+01,2.085720e+01,2.085024e+01,2.083632e+01,2.078757e+01,2.088504e+01,2.085720e+01,2.089896e+01,2.084328e+01,2.075970e+01,2.082935e+01,2.083632e+01,2.083632e+01,2.088504e+01,2.091287e+01,2.089896e+01,2.077363e+01,2.082239e+01,2.085720e+01,2.089200e+01,2.081543e+01,2.086416e+01,2.094765e+01,2.084328e+01,2.080846e+01,2.085024e+01,2.083632e+01,2.078060e+01,2.085720e+01,2.078757e+01,2.078060e+01,2.090592e+01,2.073879e+01,2.092679e+01,2.078757e+01,2.085024e+01,2.078757e+01,2.082935e+01,2.080846e+01,2.080846e+01,2.080150e+01,2.082239e+01,2.100327e+01,2.082239e+01,2.083632e+01,2.083632e+01,2.084328e+01,2.088504e+01,2.087808e+01,2.089200e+01,2.093374e+01,2.084328e+01,2.083632e+01,2.091983e+01,2.091983e+01,2.088504e+01,2.082935e+01,2.087808e+01,2.087112e+01,2.087112e+01,2.086416e+01,2.085720e+01,2.087808e+01,2.089200e+01,2.079453e+01,2.084328e+01,2.085720e+01,2.084328e+01,2.081543e+01,2.083632e+01,2.078060e+01,2.087112e+01,2.085024e+01,2.077363e+01,2.091287e+01,2.080846e+01,2.084328e+01,2.082239e+01,2.089200e+01,2.082935e+01,2.075273e+01,2.078757e+01,2.086416e+01,2.089896e+01,2.080846e+01,2.077363e+01,2.081543e+01,2.085024e+01,2.083632e+01,2.082935e+01,2.087112e+01,2.081543e+01,2.077363e+01,2.081543e+01,2.075273e+01,2.080150e+01,2.085024e+01,2.080846e+01,2.077363e+01,2.087808e+01,2.078060e+01,2.079453e+01,2.106581e+01,2.077363e+01,2.069000e+01,2.077363e+01,2.085024e+01,2.080150e+01,2.080150e+01,2.080846e+01,2.083632e+01,2.079453e+01,2.075970e+01,2.082935e+01,2.077363e+01,2.080150e+01,2.078757e+01,2.075970e+01,2.075970e+01,2.061327e+01,2.065513e+01,2.085720e+01,2.088504e+01,2.073879e+01,2.083632e+01,2.082935e+01,2.088504e+01,2.088504e+01,2.081543e+01,2.089896e+01,2.087112e+01,2.087112e+01,2.075273e+01,2.085720e+01,2.082935e+01,2.087808e+01,2.081543e+01,2.094070e+01,2.086416e+01,2.087112e+01,2.098242e+01,2.085720e+01,2.091287e+01,2.089200e+01,2.091983e+01,2.075273e+01,2.086416e+01,2.095461e+01,2.090592e+01,2.085024e+01,2.094070e+01,2.085024e+01,2.092679e+01,2.087112e+01,2.093374e+01,2.080846e+01,2.082239e+01,2.082935e+01,2.091983e+01,2.090592e+01,2.092679e+01,2.103107e+01,2.078060e+01,2.092679e+01,2.079453e+01,2.093374e+01,2.068303e+01,2.099632e+01,2.093374e+01,2.089200e+01,2.095461e+01,2.089200e+01,2.072486e+01,2.085720e+01,2.084328e+01,2.090592e+01,2.086416e+01,2.083632e+01,2.080846e+01,2.078757e+01,2.091287e+01,2.092679e+01,2.085024e+01,2.091287e+01,2.082935e+01,2.081543e+01,2.084328e+01,2.062723e+01,2.081543e+01,2.077363e+01,2.089200e+01,2.082935e+01,2.087808e+01,2.091983e+01,2.081543e+01,2.096852e+01,2.088504e+01,2.076667e+01,2.082935e+01,2.073879e+01,2.073182e+01,2.074576e+01,2.073182e+01,2.080150e+01,2.093374e+01,2.071091e+01,2.085720e+01,2.087808e+01,2.066211e+01,2.090592e+01,2.082239e+01,2.079453e+01,2.085024e+01,2.075970e+01,2.073879e+01,2.080150e+01,2.085024e+01,2.082239e+01,2.079453e+01,2.086416e+01,2.088504e+01,2.075273e+01,2.084328e+01,2.084328e+01,2.071789e+01,2.067605e+01,2.082935e+01,2.073182e+01,2.077363e+01,2.083632e+01,2.086416e+01,2.086416e+01,2.086416e+01,2.088504e+01,2.086416e+01,2.093374e+01,2.084328e+01,2.087112e+01,2.085024e+01,2.083632e+01,2.082935e+01,2.085720e+01,2.070394e+01
1.817653e+01,1.816223e+01,1.809785e+01,1.786142e+01,1.797613e+01,1.789011e+01,1.804775e+01,1.804775e+01,1.784707e+01,1.781120e+01,1.778967e+01,1.786860e+01,1.795463e+01,1.798329e+01,1.814793e+01,1.829801e+01,1.839794e+01,1.869713e+01,1.915130e+01,1.961047e+01,2.034777e+01,2.067605e+01,2.071091e+01,2.063420e+01,2.057838e+01,2.049458e+01,2.038974e+01,1.996224e+01,1.965274e+01,1.938468e+01,1.931402e+01,1.904504e+01,1.905213e+01,1.910173e+01,1.903795e+01,1.901669e+01,1.898832e+01,1.898832e+01,1.918670e+01,1.917254e+01,1.932109e+01,1.933522e+01,1.941999e+01,1.928574e+01,1.941293e+01,1.919378e+01,1.925038e+01,1.910173e+01,1.891738e+01,1.889609e+01,1.891028e+01,1.920793e+01,1.933522e+01,1.953291e+01,1.988495e+01,1.988495e+01,1.988495e+01,1.970909e+01,1.968092e+01,1.968092e+01,1.969500e+01,1.990604e+01,1.989198e+01,2.012364e+01,2.040372e+01,2.071789e+01,2.058536e+01,2.046663e+01,2.070394e+01,2.064118e+01,2.048759e+01,2.082239e+01,2.079453e+01,2.078060e+01,2.078757e+01,2.078060e+01,2.076667e+01,2.086416e+01,2.077363e+01,2.087112e+01,2.085720e+01,2.075273e+01,2.083632e+01,2.084328e+01,2.087808e+01,2.085720e+01,2.085024e+01,2.078757e+01,2.081543e+01,2.079453e+01,2.090592e+01,2.086416e+01,2.091983e+01,2.090592e+01,2.084328e+01,2.081543e+01,2.075273e+01,2.074576e+01,2.073182e+01,2.078757e+01,2.075970e+01,2.078757e+01,2.078060e+01,2.082935e+01,2.083632e+01,2.075273e+01,2.077363e+01,2.090592e+01,2.078757e+01,2.085720e+01,2.081543e+01,2.082935e+01,2.085024e+01,2.082239e+01,2.078060e+01,2.085720e+01,2.080846e+01,2.084328e+01,2.082239e+01,2.078060e+01,2.075970e+01,2.075273e+01,2.075970e+01,2.084328e+01,2.071091e+01,2.087112e+01,2.075970e+01,2.083632e+01,2.070394e+01,2.062025e+01,2.054347e+01,2.062025e+01,2.044567e+01,2.051554e+01,2.005350e+01,2.012364e+01,2.006051e+01,2.000437e+01,1.976540e+01,1.979354e+01,1.961751e+01,1.951880e+01,1.954701e+01,1.950469e+01,1.931402e+01,1.917962e+01,1.900960e+01,1.910881e+01,1.912298e+01,1.905922e+01,1.896704e+01,1.898123e+01,1.897414e+01,1.896704e+01,1.913006e+01,1.891028e+01,1.891738e+01,1.909464e+01,1.906630e+01,1.908047e+01,1.895286e+01,1.895995e+01,1.905213e+01,1.897414e+01,1.898832e+01,1.885349e+01,1.891738e+01,1.881797e+01,1.879666e+01,1.882508e+01,1.893157e+01,1.880376e+01,1.882508e+01,1.903795e+01,1.894576e+01,1.905922e+01,1.914422e+01,1.926452e+01,1.930695e+01,1.948352e+01,1.946941e+01,1.969500e+01,1.973021e+01,1.977243e+01,1.982168e+01,2.019373e+01,2.038274e+01,2.060629e+01,2.063420e+01,2.064118e+01,2.057140e+01,2.059932e+01,2.066211e+01,2.071091e+01,2.069697e+01,2.077363e+01,2.080846e+01,2.077363e+01,2.083632e+01,2.078060e+01,2.073182e+01,2.071091e+01,2.085720e+01,2.079453e+01,2.087112e+01,2.075970e+01,2.084328e+01,2.082935e+01,2.082935e+01,2.086416e+01,2.075273e+01,2.078060e+01,2.088504e+01,2.078060e+01,2.082239e+01,2.082935e+01,2.085024e+01,2.088504e+01,2.086416e+01,2.075273e+01,2.077363e+01,2.071091e+01,2.083632e+01,2.075273e+01,2.075970e+01,2.072486e+01,2.078757e+01,2.080846e+01,2.059932e+01,2.091287e+01,2.069697e+01,2.070394e+01,2.068303e+01,2.071091e+01,2.082239e+01,2.072486e+01,2.055045e+01,2.057838e+01,2.046663e+01,2.044567e+01,2.042470e+01,2.041071e+01,2.040372e+01,2.028478e+01,2.031978e+01,2.020774e+01,2.027778e+01,2.024277e+01,2.001841e+01,2.003244e+01,2.015168e+01,2.001841e+01,1.999735e+01,1.975836e+01,1.963865e+01,1.965274e+01,1.969500e+01,1.969500e+01,1.981464e+01,1.993414e+01,1.999735e+01,1.998330e+01,2.009559e+01,2.003946e+01,2.015869e+01,2.050157e+01,2.052252e+01,2.075273e+01,2.068303e+01,2.075273e+01,2.084328e+01,2.080150e+01,2.083632e+01,2.075273e+01,2.065513e+01,2.059234e+01,2.075273e+01,2.062025e+01,2.065513e+01,2.050855e+01,2.043868e+01,2.040372e+01,2.030578e+01,2.030578e+01,2.032678e+01,2.023577e+01,2.015869e+01,1.995521e+01,1.982168e+01,1.989198e+01,1.974428e+01,1.967388e+01,1.957522e+01,1.968796e+01,1.968796e+01,1.978650e+01,1.963865e+01,1.979354e+01,1.966683e+01,1.975836e+01,1.969500e+01,1.971613e+01,1.977947e+01,1.978650e+01,1.977947e+01,1.976540e+01,1.970909e+01,1.973021e+01,1.967388e+01,1.970205e+01,1.968796e+01,1.982168e+01,1.972317e+01,1.977947e+01,1.988495e+01,1.996926e+01,1.982168e+01,2.001139e+01,2.007454e+01,2.026378e+01,2.039673e+01,2.040372e+01,2.043868e+01,2.052950e+01,2.052950e+01,2.056442e+01,2.074576e+01,2.052252e+01,2.080150e+01,2.072486e+01,2.071789e+01,2.091287e+01,2.067605e+01,2.073182e+01,2.084328e+01,2.082239e+01,2.072486e+01,2.081543e+01,2.089896e+01,2.079453e+01,2.087808e+01,2.080846e+01,2.082239e+01,2.085024e+01,2.080846e+01,2.085720e+01,2.083632e+01,2.085024e+01,2.074576e+01,2.073879e+01,2.086416e+01,2.070394e+01,2.078757e+01,2.082239e+01,2.086416e+01,2.084328e+01,2.086416e+01,2.071091e+01,2.071789e+01,2.085720e+01,2.075273e+01,2.075273e+01,2.078060e+01,2.090592e+01,2.084328e+01,2.075273e+01,2.082239e+01,2.078060e+01,2.085720e+01,2.078060e+01,2.089200e+01,2.079453e+01,2.075970e+01,2.074576e+01,2.079453e+01,2.083632e+01,2.082935e+01,2.085024e+01,2.076667e+01,2.078060e+01,2.080150e+01,2.082239e+01,2.079453e+01,2.075970e+01,2.079453e+01,2.092679e+01,2.077363e+01,2.087808e+01,2.074576e+01,2.077363e+01,2.084328e+01,2.080150e+01,2.078757e+01,2.078757e+01,2.078060e+01,2.082935e+01,2.078757e+01,2.083632e+01,2.082935e+01,2.087808e+01,2.086416e+01,2.071091e+01,2.089200e+01,2.079453e+01,2.088504e+01,2.090592e+01,2.076667e+01,2.083632e+01,2.081543e+01,2.091287e+01,2.088504e+01,2.089200e+01,2.086416e+01,2.089896e+01,2.085720e+01,2.085720e+01,2.088504e+01,2.087112e+01,2.085024e+01,2.085720e+01,2.083632e+01,2.084328e+01,2.085720e+01,2.085024e+01,2.077363e+01,2.085024e+01,2.080150e+01,2.080150e+01,2.075970e+01,2.091287e+01,2.078757e+01,2.088504e+01,2.087808e+01,2.085720e+01,2.080846e+01,2.084328e+01,2.085024e+01,2.083632e+01,2.083632e+01,2.081543e+01,2.082239e+01,2.083632e+01,2.087808e+01,2.082935e+01,2.075273e+01,2.086416e+01,2.087112e+01,2.091983e+01,2.077363e+01,2.091983e+01,2.078757e+01,2.082239e+01,2.085024e+01,2.085720e+01,2.083632e+01,2.083632e+01,2.086416e+01,2.082239e+01,2.090592e+01,2.078757e+01,2.080846e+01,2.075273e+01,2.084328e+01,2.076667e+01,2.082239e+01,2.087808e+01,2.071091e+01,2.084328e+01,2.080150e+01,2.087112e+01,2.083632e+01,2.089200e+01,2.077363e+01,2.078060e+01,2.082935e+01,2.077363e+01,2.080846e+01,2.077363e+01,2.082935e+01,2.084328e+01,2.082935e+01,2.086416e+01,2.080846e+01,2.078060e+01,2.085024e+01,2.069000e+01,2.082935e+01,2.083632e+01,2.085720e+01,2.087112e+01,2.080846e+01,2.078060e+01,2.080846e+01,2.085024e+01,2.078757e+01,2.082239e+01,2.077363e+01,2.073879e+01,2.072486e+01,2.080150e+01,2.078060e+01,2.089200e+01,2.082935e+01,2.071789e+01,2.082935e+01,2.073879e+01,2.082935e+01,2.072486e+01,2.087808e+01,2.080150e+01,2.078757e+01,2.082239e+01,2.091983e+01,2.071091e+01,2.085024e+01,2.069697e+01,2.071789e+01,2.068303e+01,2.086416e+01,2.079453e+01,2.083632e+01,2.078757e+01,2.086416e+01,2.081543e+01,2.083632e+01,2.075970e+01,2.088504e+01,2.084328e+01,2.090592e+01,2.089200e+01,2.082935e+01,2.093374e+01,2.088504e+01,2.087112e+01,2.085720e+01,2.085024e+01,2.081543e+01,2.084328e+01,2.081543e+01,2.082935e+01,2.082935e+01,2.092679e+01,2.078757e+01,2.091287e+01,2.101023e+01,2.089200e+01,2.084328e+01,2.087808e+01,2.094765e+01,2.098937e+01,2.091983e+01,2.094070e+01,2.081543e+01,2.081543e+01,2.111443e+01,2.085024e+01,2.088504e+01,2.101023e+01,2.089896e+01,2.089200e+01,2.089200e+01,2.088504e+01,2.089200e+01,2.076667e+01,2.085720e+01,2.094070e+01,2.082239e+01,2.089200e+01,2.088504e+01,2.084328e+01,2.085720e+01,2.076667e+01,2.085024e+01,2.089896e+01,2.088504e+01,2.087808e+01,2.079453e+01,2.075970e+01,2.079453e+01,2.090592e+01,2.078757e+01,2.085720e+01,2.082935e+01,2.080150e+01,2.071789e+01,2.075970e+01,2.087808e+01,2.084328e+01,2.085024e+01,2.090592e+01,2.083632e+01,2.081543e+01,2.079453e+01,2.080150e+01,2.091287e+01,2.069000e+01,2.073182e+01,2.089200e+01,2.079453e+01,2.078757e+01,2.075970e+01,2.072486e+01,2.074576e+01,2.094070e+01,2.074576e+01,2.077363e+01,2.073182e+01,2.071789e+01,2.085720e+01,2.078757e+01,2.087808e+01,2.082935e+01,2.087112e+01,2.084328e+01,2.081543e+01,2.089200e+01,2.082935e+01,2.084328e+01,2.080150e+01,2.089200e+01,2.080846e+01,2.080150e+01,2.084328e+01,2.088504e+01,2.074576e+01,2.073879e+01,2.080846e+01,2.079453e+01,2.085720e+01,2.087112e+01,2.083632e+01,2.087808e+01,2.076667e+01,2.087112e+01,2.078060e+01,2.077363e+01,2.080846e+01,2.087808e+01,2.080150e+01,2.075970e+01
1.818369e+01,1.827659e+01,1.806922e+01,1.814793e+01,1.797613e+01,1.799762e+01,1.801194e+01,1.806207e+01,1.789728e+01,1.777531e+01,1.798329e+01,1.793313e+01,1.791879e+01,1.803343e+01,1.845500e+01,1.849064e+01,1.841934e+01,1.866867e+01,1.893867e+01,1.944823e+01,2.010260e+01,2.061327e+01,2.062025e+01,2.038274e+01,2.032678e+01,1.997628e+01,1.965979e+01,1.932109e+01,1.919378e+01,1.937055e+01,1.910173e+01,1.902378e+01,1.910173e+01,1.906630e+01,1.909464e+01,1.925038e+01,1.917254e+01,1.931402e+01,1.930695e+01,1.936349e+01,1.933522e+01,1.937762e+01,1.944823e+01,1.925745e+01,1.945529e+01,1.919378e+01,1.916546e+01,1.932109e+01,1.940587e+01,1.931402e+01,1.968796e+01,1.972317e+01,2.022176e+01,2.015869e+01,2.039673e+01,2.038274e+01,2.034777e+01,2.034777e+01,2.034777e+01,2.032678e+01,2.031978e+01,2.040372e+01,2.034777e+01,2.057838e+01,2.055743e+01,2.061327e+01,2.073182e+01,2.075273e+01,2.069697e+01,2.077363e+01,2.064118e+01,2.071789e+01,2.080150e+01,2.079453e+01,2.076667e+01,2.080846e+01,2.081543e+01,2.073879e+01,2.087112e+01,2.089200e+01,2.073182e+01,2.080150e+01,2.077363e+01,2.080846e+01,2.078757e+01,2.079453e+01,2.080846e+01,2.074576e+01,2.079453e+01,2.090592e+01,2.076667e+01,2.075970e+01,2.085720e+01,2.082239e+01,2.085024e+01,2.078757e+01,2.080846e+01,2.078757e+01,2.080846e+01,2.074576e+01,2.080846e+01,2.082935e+01,2.084328e+01,2.078757e+01,2.074576e+01,2.080150e+01,2.076667e+01,2.083632e+01,2.085720e+01,2.091287e+01,2.082935e+01,2.089200e+01,2.087808e+01,2.086416e+01,2.089200e+01,2.074576e+01,2.085720e+01,2.076667e+01,2.085720e+01,2.078060e+01,2.075273e+01,2.073879e+01,2.075273e+01,2.082935e+01,2.077363e+01,2.073182e+01,2.064816e+01,2.053649e+01,2.050157e+01,2.043868e+01,2.038974e+01,2.034077e+01,2.017271e+01,2.014467e+01,2.006753e+01,1.989901e+01,1.996926e+01,1.965274e+01,1.941999e+01,1.939174e+01,1.938468e+01,1.913714e+01,1.913714e+01,1.910173e+01,1.905213e+01,1.895286e+01,1.908756e+01,1.894576e+01,1.874691e+01,1.878245e+01,1.886769e+01,1.866156e+01,1.871847e+01,1.871847e+01,1.892448e+01,1.886769e+01,1.885349e+01,1.883928e+01,1.890318e+01,1.885349e+01,1.876112e+01,1.871847e+01,1.875401e+01,1.866867e+01,1.876823e+01,1.871847e+01,1.873269e+01,1.872558e+01,1.868290e+01,1.874691e+01,1.887479e+01,1.876112e+01,1.872558e+01,1.886769e+01,1.871135e+01,1.894576e+01,1.909464e+01,1.913006e+01,1.925745e+01,1.933522e+01,1.944823e+01,1.938468e+01,1.944823e+01,1.975132e+01,1.973021e+01,1.977243e+01,2.001139e+01,2.034777e+01,2.031978e+01,2.034077e+01,2.048759e+01,2.034777e+01,2.060629e+01,2.057140e+01,2.073879e+01,2.068303e+01,2.071789e+01,2.083632e+01,2.078060e+01,2.075273e+01,2.075273e+01,2.087808e+01,2.075970e+01,2.085720e+01,2.089200e+01,2.078757e+01,2.084328e+01,2.075970e+01,2.082239e+01,2.082935e+01,2.087112e+01,2.068303e+01,2.087808e+01,2.081543e+01,2.070394e+01,2.083632e+01,2.079453e+01,2.082239e+01,2.070394e+01,2.081543e+01,2.087112e+01,2.084328e+01,2.078060e+01,2.081543e+01,2.082239e+01,2.080150e+01,2.082935e+01,2.078757e+01,2.074576e+01,2.078060e+01,2.075970e+01,2.074576e+01,2.077363e+01,2.078060e+01,2.064816e+01,2.057838e+01,2.069000e+01,2.067605e+01,2.055743e+01,2.059234e+01,2.050157e+01,2.041071e+01,2.031978e+01,2.025677e+01,2.027778e+01,2.047362e+01,2.025677e+01,2.022176e+01,2.028478e+01,2.022876e+01,2.024977e+01,2.022176e+01,2.021475e+01,1.995521e+01,1.984980e+01,1.970909e+01,1.977243e+01,1.983574e+01,1.989198e+01,1.998330e+01,2.005350e+01,1.998330e+01,2.027078e+01,2.022176e+01,2.023577e+01,2.048759e+01,2.049458e+01,2.070394e+01,2.080846e+01,2.080150e+01,2.077363e+01,2.081543e+01,2.080846e+01,2.080150e+01,2.073879e+01,2.069697e+01,2.056442e+01,2.058536e+01,2.059234e+01,2.052252e+01,2.057838e+01,2.034777e+01,2.023577e+01,2.015168e+01,2.025677e+01,2.012364e+01,2.003946e+01,1.982168e+01,1.978650e+01,1.973021e+01,1.984277e+01,1.968092e+01,1.973725e+01,1.966683e+01,1.967388e+01,1.975132e+01,1.965979e+01,1.975132e+01,1.984980e+01,1.972317e+01,1.973725e+01,1.975132e+01,1.975132e+01,1.976540e+01,1.969500e+01,1.968796e+01,1.969500e+01,1.982168e+01,1.968796e+01,1.966683e+01,1.969500e+01,1.980761e+01,1.982168e+01,1.981464e+01,1.967388e+01,1.999033e+01,1.989901e+01,1.999735e+01,2.006753e+01,2.013065e+01,2.010961e+01,2.027778e+01,2.034077e+01,2.027078e+01,2.052252e+01,2.063420e+01,2.052252e+01,2.048061e+01,2.053649e+01,2.044567e+01,2.063420e+01,2.068303e+01,2.065513e+01,2.069000e+01,2.069697e+01,2.071789e+01,2.076667e+01,2.082239e+01,2.075970e+01,2.089896e+01,2.076667e+01,2.080150e+01,2.081543e+01,2.071091e+01,2.077363e+01,2.087112e+01,2.075970e+01,2.075970e+01,2.092679e+01,2.080150e+01,2.073182e+01,2.075273e+01,2.085720e+01,2.083632e+01,2.072486e+01,2.083632e+01,2.069697e+01,2.086416e+01,2.085720e+01,2.085024e+01,2.081543e+01,2.084328e+01,2.082239e+01,2.080846e+01,2.080846e+01,2.078060e+01,2.080150e+01,2.087808e+01,2.087808e+01,2.088504e+01,2.079453e+01,2.080150e+01,2.080846e+01,2.086416e+01,2.084328e+01,2.082935e+01,2.081543e+01,2.080846e+01,2.075970e+01,2.075273e+01,2.085024e+01,2.086416e+01,2.076667e+01,2.078757e+01,2.085024e+01,2.084328e+01,2.085024e+01,2.079453e+01,2.078757e+01,2.069000e+01,2.085720e+01,2.085024e+01,2.093374e+01,2.080150e+01,2.078060e+01,2.075273e+01,2.085024e+01,2.080150e+01,2.083632e+01,2.085720e+01,2.085024e+01,2.075273e+01,2.091287e+01,2.083632e+01,2.084328e+01,2.102413e+01,2.083632e+01,2.089200e+01,2.086416e+01,2.089896e+01,2.091983e+01,2.079453e+01,2.089200e+01,2.084328e+01,2.087112e+01,2.087112e+01,2.087112e+01,2.088504e+01,2.082239e+01,2.085024e+01,2.080846e+01,2.082239e+01,2.089200e+01,2.085024e+01,2.085024e+01,2.105887e+01,2.082239e+01,2.082239e+01,2.091983e+01,2.075273e+01,2.092679e+01,2.078060e+01,2.075970e+01,2.095461e+01,2.080846e+01,2.083632e+01,2.082935e+01,2.082935e+01,2.082239e+01,2.081543e+01,2.081543e+01,2.080846e+01,2.085024e+01,2.084328e+01,2.085720e+01,2.088504e+01,2.080846e+01,2.089896e+01,2.083632e+01,2.082239e+01,2.094765e+01,2.080846e+01,2.079453e+01,2.089896e+01,2.091287e+01,2.084328e+01,2.082935e+01,2.089200e+01,2.087112e+01,2.086416e+01,2.080150e+01,2.085720e+01,2.086416e+01,2.087112e+01,2.087808e+01,2.081543e+01,2.081543e+01,2.082239e+01,2.086416e+01,2.087808e+01,2.088504e+01,2.089200e+01,2.078060e+01,2.079453e+01,2.079453e+01,2.079453e+01,2.077363e+01,2.080150e+01,2.085720e+01,2.087112e+01,2.087112e+01,2.087808e+01,2.080846e+01,2.080846e+01,2.080150e+01,2.082935e+01,2.078757e+01,2.078757e+01,2.081543e+01,2.078060e+01,2.078757e+01,2.077363e+01,2.086416e+01,2.081543e+01,2.076667e+01,2.076667e+01,2.083632e+01,2.078060e+01,2.080846e+01,2.078757e+01,2.083632e+01,2.080150e+01,2.084328e+01,2.086416e+01,2.070394e+01,2.071091e+01,2.071789e+01,2.078060e+01,2.085024e+01,2.075970e+01,2.087808e+01,2.094070e+01,2.094765e+01,2.080150e+01,2.089896e+01,2.082239e+01,2.085024e+01,2.087808e+01,2.079453e+01,2.085720e+01,2.087112e+01,2.078757e+01,2.082935e+01,2.085720e+01,2.085720e+01,2.093374e+01,2.093374e+01,2.093374e+01,2.083632e+01,2.085720e+01,2.091983e+01,2.091983e+01,2.090592e+01,2.091983e+01,2.098242e+01,2.087112e+01,2.086416e+01,2.084328e+01,2.087808e+01,2.099632e+01,2.091983e+01,2.094765e+01,2.100327e+01,2.091287e+01,2.085720e+01,2.092679e+01,2.096156e+01,2.098937e+01,2.087808e+01,2.084328e+01,2.086416e+01,2.080150e+01,2.083632e+01,2.090592e+01,2.089896e+01,2.103107e+01,2.090592e+01,2.107276e+01,2.087808e+01,2.084328e+01,2.079453e+01,2.085024e+01,2.083632e+01,2.080150e+01,2.090592e+01,2.082935e+01,2.083632e+01,2.091983e+01,2.102413e+01,2.101023e+01,2.087112e+01,2.072486e+01,2.092679e+01,2.081543e+01,2.089896e+01,2.087112e+01,2.089200e+01,2.078757e+01,2.078060e+01,2.080846e+01,2.080150e+01,2.075273e+01,2.080846e+01,2.084328e+01,2.080150e+01,2.082239e+01,2.073879e+01,2.075970e+01,2.080150e+01,2.091287e+01,2.085024e+01,2.081543e+01,2.082935e+01,2.092679e+01,2.082239e+01,2.092679e+01,2.078060e+01,2.076667e+01,2.080846e+01,2.071091e+01,2.080150e+01,2.080150e+01,2.071789e+01,2.081543e+01,2.090592e+01,2.075970e+01,2.069697e+01,2.078060e+01,2.070394e+01,2.094070e+01,2.073879e+01,2.077363e+01,2.083632e+01,2.078060e+01,2.080846e+01,2.077363e+01,2.089200e+01,2.087808e+01,2.079453e+01,2.091983e+01,2.082239e+01,2.070394e+01,2.069697e+01,2.076667e+01,2.079453e+01,2.076667e+01,2.083632e+01,2.077363e+01,2.064816e+01,2.089200e+01,2.078060e+01,2.079453e+01,2.079453e+01,2.082935e+01,2.078757e+01,2.073879e+01,2.077363e+01,2.079453e+01,2.089200e+01,2.076667e+01
1.839081e+01,1.829087e+01,1.821943e+01,1.820513e+01,1.820513e+01,1.824801e+01,1.829801e+01,1.819798e+01,1.804775e+01,1.803343e+01,1.797613e+01,1.807638e+01,1.811216e+01,1.825516e+01,1.843361e+01,1.848352e+01,1.842648e+01,1.858326e+01,1.871135e+01,1.946235e+01,1.987792e+01,2.062723e+01,2.042470e+01,2.033377e+01,1.997628e+01,1.967388e+01,1.939174e+01,1.916546e+01,1.910881e+01,1.913714e+01,1.902378e+01,1.911590e+01,1.931402e+01,1.925038e+01,1.928574e+01,1.925745e+01,1.934936e+01,1.937762e+01,1.936349e+01,1.937762e+01,1.934229e+01,1.940587e+01,1.946941e+01,1.947647e+01,1.965274e+01,1.957522e+01,1.968092e+01,2.000437e+01,2.004648e+01,2.029878e+01,2.038974e+01,2.048759e+01,2.047362e+01,2.056442e+01,2.064816e+01,2.063420e+01,2.064118e+01,2.069697e+01,2.057140e+01,2.052950e+01,2.047362e+01,2.071091e+01,2.070394e+01,2.068303e+01,2.073879e+01,2.075970e+01,2.068303e+01,2.073879e+01,2.069697e+01,2.078060e+01,2.074576e+01,2.069000e+01,2.079453e+01,2.077363e+01,2.080846e+01,2.074576e+01,2.075970e+01,2.081543e+01,2.073879e+01,2.092679e+01,2.079453e+01,2.077363e+01,2.082239e+01,2.079453e+01,2.078757e+01,2.082935e+01,2.082239e+01,2.078757e+01,2.077363e+01,2.092679e+01,2.078060e+01,2.075273e+01,2.074576e+01,2.084328e+01,2.080846e+01,2.070394e+01,2.082935e+01,2.074576e+01,2.086416e+01,2.072486e+01,2.085024e+01,2.083632e+01,2.068303e+01,2.085720e+01,2.080846e+01,2.085720e+01,2.085024e+01,2.082935e+01,2.080150e+01,2.080150e+01,2.092679e+01,2.084328e+01,2.075970e+01,2.073182e+01,2.067605e+01,2.085024e+01,2.083632e+01,2.073879e+01,2.079453e+01,2.075273e+01,2.078060e+01,2.071091e+01,2.074576e+01,2.071789e+01,2.078060e+01,2.085024e+01,2.052950e+01,2.052950e+01,2.041071e+01,2.018673e+01,2.027778e+01,2.015869e+01,1.984980e+01,1.993414e+01,1.982871e+01,1.950469e+01,1.958932e+01,1.932109e+01,1.925745e+01,1.925038e+01,1.913006e+01,1.902378e+01,1.887479e+01,1.883928e+01,1.871135e+01,1.887479e+01,1.890318e+01,1.872558e+01,1.865444e+01,1.859038e+01,1.856902e+01,1.849064e+01,1.859750e+01,1.849064e+01,1.853340e+01,1.861174e+01,1.856902e+01,1.878245e+01,1.873269e+01,1.869002e+01,1.864733e+01,1.878955e+01,1.867579e+01,1.868290e+01,1.856902e+01,1.857614e+01,1.873269e+01,1.851203e+01,1.871135e+01,1.873269e+01,1.861886e+01,1.858326e+01,1.891028e+01,1.871847e+01,1.892448e+01,1.887479e+01,1.880376e+01,1.899541e+01,1.898832e+01,1.915838e+01,1.922916e+01,1.937055e+01,1.932815e+01,1.958932e+01,1.962456e+01,1.969500e+01,1.977947e+01,1.996926e+01,2.029178e+01,2.018673e+01,2.026378e+01,2.021475e+01,2.032678e+01,2.034777e+01,2.033377e+01,2.063420e+01,2.054347e+01,2.055743e+01,2.055045e+01,2.083632e+01,2.076667e+01,2.080846e+01,2.078757e+01,2.076667e+01,2.077363e+01,2.075273e+01,2.078060e+01,2.078060e+01,2.078757e+01,2.081543e+01,2.083632e+01,2.064816e+01,2.086416e+01,2.079453e+01,2.085024e+01,2.085720e+01,2.092679e+01,2.086416e+01,2.083632e+01,2.066908e+01,2.084328e+01,2.072486e+01,2.081543e+01,2.082239e+01,2.092679e+01,2.080846e+01,2.080846e+01,2.080150e+01,2.078060e+01,2.078757e+01,2.073182e+01,2.089200e+01,2.071091e+01,2.073879e+01,2.063420e+01,2.068303e+01,2.061327e+01,2.064118e+01,2.060629e+01,2.062723e+01,2.057140e+01,2.034777e+01,2.057140e+01,2.047362e+01,2.039673e+01,2.039673e+01,2.047362e+01,2.045964e+01,2.028478e+01,2.034777e+01,2.037575e+01,2.015869e+01,2.020074e+01,1.997628e+01,1.994819e+01,1.990604e+01,1.989901e+01,1.992711e+01,1.991306e+01,1.995521e+01,2.005350e+01,2.006051e+01,2.019373e+01,2.030578e+01,2.043169e+01,2.048061e+01,2.048759e+01,2.083632e+01,2.079453e+01,2.080150e+01,2.079453e+01,2.073182e+01,2.085024e+01,2.069000e+01,2.084328e+01,2.069000e+01,2.058536e+01,2.057838e+01,2.043169e+01,2.041770e+01,2.021475e+01,2.012364e+01,2.027078e+01,2.016570e+01,2.013065e+01,2.013065e+01,2.003946e+01,1.998330e+01,2.000437e+01,1.984277e+01,1.980058e+01,1.987090e+01,1.970909e+01,1.969500e+01,1.977947e+01,1.976540e+01,1.975836e+01,1.975836e+01,1.979354e+01,1.971613e+01,1.986386e+01,1.983574e+01,1.980058e+01,1.975132e+01,1.980761e+01,1.975836e+01,1.976540e+01,1.969500e+01,1.963161e+01,1.960342e+01,1.973021e+01,1.978650e+01,1.980058e+01,1.963865e+01,1.984277e+01,1.986386e+01,1.977243e+01,1.986386e+01,1.982871e+01,1.991306e+01,2.008857e+01,2.012364e+01,2.014467e+01,2.017972e+01,2.030578e+01,2.034077e+01,2.032678e+01,2.036875e+01,2.031278e+01,2.045266e+01,2.043169e+01,2.042470e+01,2.045964e+01,2.043868e+01,2.048759e+01,2.048061e+01,2.066211e+01,2.069000e+01,2.071091e+01,2.075273e+01,2.078060e+01,2.081543e+01,2.067605e+01,2.081543e+01,2.076667e+01,2.085024e+01,2.080150e+01,2.082935e+01,2.078757e+01,2.094765e+01,2.094765e+01,2.080846e+01,2.082239e+01,2.081543e+01,2.070394e+01,2.078757e+01,2.082935e+01,2.082935e+01,2.085720e+01,2.086416e+01,2.082239e+01,2.085024e+01,2.079453e+01,2.079453e+01,2.081543e+01,2.076667e+01,2.079453e+01,2.076667e+01,2.081543e+01,2.082935e+01,2.079453e+01,2.077363e+01,2.085024e+01,2.079453e+01,2.080846e+01,2.083632e+01,2.078757e+01,2.084328e+01,2.094070e+01,2.075273e+01,2.082935e+01,2.076667e+01,2.098937e+01,2.075273e+01,2.083632e+01,2.088504e+01,2.078757e+01,2.085720e+01,2.087808e+01,2.077363e+01,2.084328e+01,2.085024e+01,2.093374e+01,2.078060e+01,2.094765e+01,2.078757e+01,2.085024e+01,2.075970e+01,2.082935e+01,2.075273e+01,2.085024e+01,2.092679e+01,2.093374e+01,2.071789e+01,2.083632e+01,2.079453e+01,2.084328e+01,2.079453e+01,2.082935e+01,2.078757e+01,2.083632e+01,2.081543e+01,2.087112e+01,2.084328e+01,2.080846e+01,2.080846e+01,2.087808e+01,2.089200e+01,2.088504e+01,2.077363e+01,2.084328e+01,2.082935e+01,2.077363e+01,2.087112e+01,2.079453e+01,2.084328e+01,2.087808e+01,2.082239e+01,2.076667e+01,2.077363e+01,2.080150e+01,2.082935e+01,2.078060e+01,2.090592e+01,2.082239e+01,2.086416e+01,2.083632e+01,2.085024e+01,2.083632e+01,2.080846e+01,2.078060e+01,2.081543e+01,2.085720e+01,2.086416e+01,2.082935e+01,2.087808e+01,2.085024e+01,2.080150e+01,2.088504e+01,2.080150e+01,2.086416e+01,2.091983e+01,2.091983e+01,2.078757e+01,2.078060e+01,2.081543e+01,2.082239e+01,2.082239e+01,2.082239e+01,2.085024e+01,2.080846e+01,2.069000e+01,2.084328e+01,2.079453e+01,2.079453e+01,2.082239e+01,2.080150e+01,2.078060e+01,2.109360e+01,2.080846e+01,2.082935e+01,2.079453e+01,2.074576e+01,2.078757e+01,2.077363e+01,2.080846e+01,2.082239e+01,2.082935e+01,2.080846e+01,2.074576e+01,2.082239e+01,2.080150e+01,2.073182e+01,2.078060e+01,2.078060e+01,2.093374e+01,2.087808e+01,2.087808e+01,2.085024e+01,2.081543e+01,2.079453e+01,2.082239e+01,2.080150e+01,2.077363e+01,2.079453e+01,2.085720e+01,2.085720e+01,2.085024e+01,2.081543e+01,2.077363e+01,2.072486e+01,2.071091e+01,2.074576e+01,2.071091e+01,2.075970e+01,2.070394e+01,2.072486e+01,2.073182e+01,2.082239e+01,2.085024e+01,2.081543e+01,2.075970e+01,2.080150e+01,2.085720e+01,2.078757e+01,2.087112e+01,2.087112e+01,2.078757e+01,2.078060e+01,2.080150e+01,2.087112e+01,2.080846e+01,2.080846e+01,2.076667e+01,2.096156e+01,2.086416e+01,2.084328e+01,2.097547e+01,2.093374e+01,2.082239e+01,2.082935e+01,2.082935e+01,2.085024e+01,2.091287e+01,2.090592e+01,2.088504e+01,2.089200e+01,2.097547e+01,2.083632e+01,2.097547e+01,2.083632e+01,2.098937e+01,2.096156e+01,2.099632e+01,2.100327e+01,2.084328e+01,2.093374e+01,2.091287e+01,2.089200e+01,2.098242e+01,2.094765e+01,2.095461e+01,2.077363e+01,2.081543e+01,2.088504e+01,2.089896e+01,2.087808e+01,2.090592e+01,2.090592e+01,2.087808e+01,2.090592e+01,2.079453e+01,2.080846e+01,2.087112e+01,2.089896e+01,2.085720e+01,2.080150e+01,2.072486e+01,2.074576e+01,2.075273e+01,2.094070e+01,2.077363e+01,2.091983e+01,2.084328e+01,2.081543e+01,2.080846e+01,2.076667e+01,2.094765e+01,2.078060e+01,2.081543e+01,2.094070e+01,2.073879e+01,2.083632e+01,2.082935e+01,2.079453e+01,2.075970e+01,2.080846e+01,2.072486e+01,2.091983e+01,2.088504e+01,2.082935e+01,2.080150e+01,2.076667e+01,2.088504e+01,2.086416e+01,2.083632e+01,2.077363e+01,2.083632e+01,2.073182e+01,2.082935e+01,2.073182e+01,2.081543e+01,2.068303e+01,2.061327e+01,2.076667e+01,2.083632e+01,2.078060e+01,2.067605e+01,2.082239e+01,2.086416e+01,2.073182e+01,2.081543e+01,2.085024e+01,2.087112e+01,2.086416e+01,2.073879e+01,2.080846e+01,2.091287e+01,2.080846e+01,2.076667e+01,2.094765e+01,2.071091e+01,2.079453e+01,2.075970e+01,2.075970e+01,2.071091e+01,2.074576e+01,2.076667e+01,2.078060e+01,2.080150e+01,2.080150e+01,2.078757e+01,2.078060e+01,2.082935e+01,2.078060e+01,2.080846e+01,2.079453e+01,2.080150e+01,2.096156e+01,2.078757e+01
1.840508e+01,1.848352e+01,1.821943e+01,1.824087e+01,1.839794e+01,1.856190e+01,1.849777e+01,1.839794e+01,1.819083e+01,1.802627e+01,1.819083e+01,1.822657e+01,1.823372e+01,1.844074e+01,1.863309e+01,1.866867e+01,1.829087e+01,1.841934e+01,1.864021e+01,1.920793e+01,1.965274e+01,2.015168e+01,1.996926e+01,1.980761e+01,1.966683e+01,1.920793e+01,1.896704e+01,1.919378e+01,1.914422e+01,1.929988e+01,1.913714e+01,1.929988e+01,1.929988e+01,1.929281e+01,1.927160e+01,1.945529e+01,1.941293e+01,1.937762e+01,1.937762e+01,1.946941e+01,1.977243e+01,1.977243e+01,1.969500e+01,2.020074e+01,2.027778e+01,2.035476e+01,2.038274e+01,2.034077e+01,2.044567e+01,2.071091e+01,2.055743e+01,2.066908e+01,2.065513e+01,2.060629e+01,2.070394e+01,2.064118e+01,2.063420e+01,2.074576e+01,2.068303e+01,2.069697e+01,2.071789e+01,2.059932e+01,2.074576e+01,2.059932e+01,2.078757e+01,2.078060e+01,2.073182e+01,2.087808e+01,2.073879e+01,2.081543e+01,2.082935e+01,2.078757e+01,2.075970e+01,2.080150e+01,2.075970e+01,2.079453e+01,2.076667e+01,2.092679e+01,2.093374e+01,2.086416e+01,2.075273e+01,2.075273e+01,2.080846e+01,2.078757e+01,2.083632e+01,2.075970e+01,2.082935e+01,2.075273e+01,2.081543e+01,2.080150e+01,2.084328e+01,2.079453e+01,2.085720e+01,2.072486e+01,2.087808e+01,2.078757e+01,2.076667e+01,2.078757e+01,2.082935e+01,2.072486e+01,2.088504e+01,2.087808e+01,2.085024e+01,2.082239e+01,2.082935e+01,2.087112e+01,2.087808e+01,2.089200e+01,2.084328e+01,2.073879e+01,2.082239e+01,2.078757e+01,2.082239e+01,2.080150e+01,2.081543e+01,2.082239e+01,2.093374e+01,2.082935e+01,2.078060e+01,2.082935e+01,2.078060e+01,2.079453e+01,2.070394e+01,2.074576e+01,2.066211e+01,2.055743e+01,2.048061e+01,2.022876e+01,2.022176e+01,2.026378e+01,1.992009e+01,1.982871e+01,1.975836e+01,1.961751e+01,1.956817e+01,1.944118e+01,1.927867e+01,1.922208e+01,1.910881e+01,1.910173e+01,1.884638e+01,1.879666e+01,1.878955e+01,1.855477e+01,1.869002e+01,1.866867e+01,1.857614e+01,1.873980e+01,1.854053e+01,1.852628e+01,1.844074e+01,1.844074e+01,1.848352e+01,1.849777e+01,1.853340e+01,1.853340e+01,1.853340e+01,1.850490e+01,1.866867e+01,1.859750e+01,1.866867e+01,1.866156e+01,1.864733e+01,1.862598e+01,1.863309e+01,1.876112e+01,1.870424e+01,1.857614e+01,1.863309e+01,1.864733e+01,1.870424e+01,1.862598e+01,1.891028e+01,1.889609e+01,1.871847e+01,1.888189e+01,1.884638e+01,1.883928e+01,1.916546e+01,1.904504e+01,1.919378e+01,1.924331e+01,1.932109e+01,1.941999e+01,1.958932e+01,1.963865e+01,1.965274e+01,1.979354e+01,1.983574e+01,1.989901e+01,1.987090e+01,1.986386e+01,2.020074e+01,1.992009e+01,2.024277e+01,2.032678e+01,2.034777e+01,2.052252e+01,2.054347e+01,2.066908e+01,2.082935e+01,2.073182e+01,2.084328e+01,2.076667e+01,2.085720e+01,2.073879e+01,2.073879e+01,2.079453e+01,2.091983e+01,2.080846e+01,2.082239e+01,2.086416e+01,2.080150e+01,2.072486e+01,2.090592e+01,2.078757e+01,2.080150e+01,2.082239e+01,2.082935e+01,2.082935e+01,2.082239e+01,2.087808e+01,2.078060e+01,2.080150e+01,2.089896e+01,2.091287e+01,2.078060e+01,2.079453e+01,2.078757e+01,2.090592e+01,2.071091e+01,2.073879e+01,2.073182e+01,2.066211e+01,2.062723e+01,2.067605e+01,2.069697e+01,2.062723e+01,2.059932e+01,2.062025e+01,2.061327e+01,2.059932e+01,2.050157e+01,2.055743e+01,2.053649e+01,2.037575e+01,2.043868e+01,2.028478e+01,2.043868e+01,2.038274e+01,2.035476e+01,2.034777e+01,2.046663e+01,2.020774e+01,2.015168e+01,2.016570e+01,1.992009e+01,2.009559e+01,2.003946e+01,2.007454e+01,2.017271e+01,2.008156e+01,2.031978e+01,2.038274e+01,2.045964e+01,2.055045e+01,2.051554e+01,2.066211e+01,2.079453e+01,2.078757e+01,2.079453e+01,2.081543e+01,2.083632e+01,2.082935e+01,2.080846e+01,2.073182e+01,2.064816e+01,2.057140e+01,2.048061e+01,2.043868e+01,2.038974e+01,2.013065e+01,2.025677e+01,2.022876e+01,2.014467e+01,2.013766e+01,2.015168e+01,2.000437e+01,2.006051e+01,1.988495e+01,1.990604e+01,1.988495e+01,1.978650e+01,1.974428e+01,1.992711e+01,1.977947e+01,1.966683e+01,1.977243e+01,1.980761e+01,1.976540e+01,1.973725e+01,1.978650e+01,1.987090e+01,1.974428e+01,1.980058e+01,1.978650e+01,1.980058e+01,1.981464e+01,1.973725e+01,1.968092e+01,1.975836e+01,1.975132e+01,1.982168e+01,1.983574e+01,1.978650e+01,1.985683e+01,1.986386e+01,1.982871e+01,1.991306e+01,2.006753e+01,1.996926e+01,2.007454e+01,1.995521e+01,2.008857e+01,2.024977e+01,2.017972e+01,2.016570e+01,2.022176e+01,2.034777e+01,2.050157e+01,2.023577e+01,2.024277e+01,2.027778e+01,2.046663e+01,2.027078e+01,2.027078e+01,2.042470e+01,2.031278e+01,2.045964e+01,2.034777e+01,2.058536e+01,2.055045e+01,2.082935e+01,2.073182e+01,2.079453e+01,2.074576e+01,2.081543e+01,2.084328e+01,2.077363e+01,2.078757e+01,2.077363e+01,2.076667e+01,2.080846e+01,2.072486e+01,2.074576e+01,2.082239e+01,2.081543e+01,2.082239e+01,2.085024e+01,2.073182e+01,2.070394e+01,2.082935e+01,2.083632e+01,2.075970e+01,2.082239e+01,2.079453e+01,2.084328e+01,2.073879e+01,2.082935e+01,2.079453e+01,2.082935e+01,2.082935e+01,2.073182e+01,2.078757e+01,2.075970e+01,2.085024e+01,2.081543e+01,2.078060e+01,2.078757e+01,2.093374e+01,2.091983e+01,2.083632e+01,2.093374e+01,2.083632e+01,2.086416e+01,2.075970e+01,2.085720e+01,2.090592e+01,2.087112e+01,2.079453e+01,2.074576e+01,2.087808e+01,2.082239e+01,2.077363e+01,2.084328e+01,2.077363e+01,2.080150e+01,2.088504e+01,2.091983e+01,2.093374e+01,2.082239e+01,2.078757e+01,2.087112e+01,2.096852e+01,2.090592e+01,2.089896e+01,2.079453e+01,2.081543e+01,2.084328e+01,2.082935e+01,2.084328e+01,2.082239e+01,2.087808e+01,2.087112e+01,2.081543e+01,2.094765e+01,2.089896e+01,2.089200e+01,2.082935e+01,2.084328e+01,2.085720e+01,2.086416e+01,2.084328e+01,2.085024e+01,2.085024e+01,2.082935e+01,2.087112e+01,2.093374e+01,2.091287e+01,2.094070e+01,2.091287e+01,2.082239e+01,2.079453e+01,2.082935e+01,2.084328e+01,2.093374e+01,2.080150e+01,2.091287e+01,2.079453e+01,2.074576e+01,2.078060e+01,2.089896e+01,2.089200e+01,2.083632e+01,2.088504e+01,2.084328e+01,2.087808e+01,2.088504e+01,2.078757e+01,2.084328e+01,2.082935e+01,2.084328e+01,2.090592e+01,2.091287e+01,2.075273e+01,2.082935e+01,2.073879e+01,2.082239e+01,2.079453e+01,2.089200e+01,2.079453e+01,2.083632e+01,2.085024e+01,2.080150e+01,2.084328e+01,2.078757e+01,2.084328e+01,2.082935e+01,2.082935e+01,2.082935e+01,2.085720e+01,2.086416e+01,2.082935e+01,2.075970e+01,2.091287e+01,2.079453e+01,2.082239e+01,2.082239e+01,2.084328e+01,2.082239e+01,2.089200e+01,2.078757e+01,2.078757e+01,2.085720e+01,2.080150e+01,2.094765e+01,2.082935e+01,2.076667e+01,2.083632e+01,2.085720e+01,2.098937e+01,2.079453e+01,2.100327e+01,2.080846e+01,2.083632e+01,2.084328e+01,2.073182e+01,2.086416e+01,2.074576e+01,2.082239e+01,2.079453e+01,2.075970e+01,2.082935e+01,2.098937e+01,2.084328e+01,2.076667e+01,2.087808e+01,2.080846e+01,2.082935e+01,2.087808e+01,2.078757e+01,2.084328e+01,2.078060e+01,2.078060e+01,2.082239e+01,2.083632e+01,2.074576e+01,2.087808e+01,2.079453e+01,2.088504e+01,2.089200e+01,2.091287e+01,2.092679e+01,2.073879e+01,2.082239e+01,2.094070e+01,2.092679e+01,2.090592e+01,2.085024e+01,2.089896e+01,2.103107e+01,2.089896e+01,2.086416e+01,2.088504e+01,2.099632e+01,2.085720e+01,2.092679e+01,2.085024e+01,2.091983e+01,2.095461e+01,2.082239e+01,2.083632e+01,2.095461e+01,2.097547e+01,2.097547e+01,2.083632e+01,2.098937e+01,2.091983e+01,2.101023e+01,2.085024e+01,2.091287e+01,2.087112e+01,2.085024e+01,2.087112e+01,2.086416e+01,2.083632e+01,2.084328e+01,2.088504e+01,2.090592e+01,2.073879e+01,2.088504e+01,2.085024e+01,2.086416e+01,2.082935e+01,2.080150e+01,2.094765e+01,2.094765e+01,2.094070e+01,2.086416e+01,2.098242e+01,2.100327e+01,2.084328e+01,2.085720e+01,2.085024e+01,2.098242e+01,2.098242e+01,2.099632e+01,2.092679e+01,2.089200e+01,2.078060e+01,2.075970e+01,2.085024e+01,2.086416e+01,2.078757e+01,2.063420e+01,2.082239e+01,2.077363e+01,2.083632e+01,2.075273e+01,2.083632e+01,2.088504e+01,2.074576e+01,2.085720e+01,2.089896e+01,2.089200e+01,2.081543e+01,2.084328e+01,2.080846e+01,2.078757e+01,2.080846e+01,2.073182e+01,2.081543e+01,2.077363e+01,2.081543e+01,2.078757e+01,2.076667e+01,2.083632e+01,2.071091e+01,2.085024e+01,2.079453e+01,2.099632e+01,2.088504e+01,2.077363e+01,2.086416e+01,2.076667e+01,2.082239e+01,2.074576e+01,2.075273e+01,2.067605e+01,2.071789e+01,2.071789e+01,2.080846e+01,2.081543e+01,2.078757e+01,2.085720e+01,2.082935e+01,2.085720e+01,2.079453e+01,2.082239e+01,2.073182e+01,2.080846e+01,2.083632e+01,2.079453e+01,2.081543e+01,2.078060e+01,2.072486e+01,2.079453e+01,2.073182e+01,2.092679e+01,2.094765e+01
1.863309e+01,1.844074e+01,1.849064e+01,1.852628e+01,1.852628e+01,1.824087e+01,1.853340e+01,1.839794e+01,1.847639e+01,1.831230e+01,1.808354e+01,1.821228e+01,1.842648e+01,1.855477e+01,1.863309e+01,1.857614e+01,1.869002e+01,1.854765e+01,1.867579e+01,1.890318e+01,1.911590e+01,1.946235e+01,1.933522e+01,1.931402e+01,1.916546e+01,1.895286e+01,1.895286e+01,1.913006e+01,1.917962e+01,1.932815e+01,1.943411e+01,1.937055e+01,1.927867e+01,1.928574e+01,1.944823e+01,1.934936e+01,1.944823e+01,1.939174e+01,1.958932e+01,1.969500e+01,2.000437e+01,2.020074e+01,2.045266e+01,2.039673e+01,2.046663e+01,2.071789e+01,2.071789e+01,2.055743e+01,2.069697e+01,2.047362e+01,2.057838e+01,2.057838e+01,2.036875e+01,2.059932e+01,2.067605e+01,2.067605e+01,2.059234e+01,2.058536e+01,2.050855e+01,2.045964e+01,2.057838e+01,2.052252e+01,2.064118e+01,2.072486e+01,2.069697e+01,2.074576e+01,2.072486e+01,2.075273e+01,2.082239e+01,2.075970e+01,2.076667e+01,2.086416e+01,2.069697e+01,2.075273e+01,2.082935e+01,2.069697e+01,2.085720e+01,2.095461e+01,2.080150e+01,2.071789e+01,2.086416e+01,2.089200e+01,2.086416e+01,2.085024e+01,2.077363e+01,2.076667e+01,2.081543e+01,2.076667e+01,2.078757e+01,2.079453e+01,2.078757e+01,2.080150e+01,2.073182e+01,2.087808e+01,2.071091e+01,2.080846e+01,2.079453e+01,2.091287e+01,2.079453e+01,2.080846e+01,2.069000e+01,2.073182e+01,2.074576e+01,2.071091e+01,2.072486e+01,2.082935e+01,2.081543e+01,2.074576e+01,2.082935e+01,2.086416e+01,2.075970e+01,2.075273e+01,2.071789e+01,2.066211e+01,2.068303e+01,2.082239e+01,2.078060e+01,2.079453e+01,2.073879e+01,2.078757e+01,2.077363e+01,2.072486e+01,2.059932e+01,2.050157e+01,2.048759e+01,2.050157e+01,2.022176e+01,2.020774e+01,2.008857e+01,1.988495e+01,1.970205e+01,1.973021e+01,1.955407e+01,1.927160e+01,1.905922e+01,1.908047e+01,1.911590e+01,1.888189e+01,1.894576e+01,1.881087e+01,1.879666e+01,1.857614e+01,1.858326e+01,1.859038e+01,1.839794e+01,1.856190e+01,1.839794e+01,1.851203e+01,1.849777e+01,1.852628e+01,1.849064e+01,1.839081e+01,1.846213e+01,1.847639e+01,1.849064e+01,1.849777e+01,1.854053e+01,1.851915e+01,1.854053e+01,1.866156e+01,1.861886e+01,1.864021e+01,1.865444e+01,1.859038e+01,1.864021e+01,1.860462e+01,1.860462e+01,1.850490e+01,1.853340e+01,1.866867e+01,1.867579e+01,1.866867e+01,1.859750e+01,1.861886e+01,1.871847e+01,1.878245e+01,1.887479e+01,1.897414e+01,1.902378e+01,1.918670e+01,1.916546e+01,1.917254e+01,1.929988e+01,1.934229e+01,1.936349e+01,1.939881e+01,1.951175e+01,1.969500e+01,1.961751e+01,1.949764e+01,1.951880e+01,1.955407e+01,1.953996e+01,1.980058e+01,1.981464e+01,1.994819e+01,1.999033e+01,2.029878e+01,2.050855e+01,2.050157e+01,2.071789e+01,2.076667e+01,2.071091e+01,2.073879e+01,2.078060e+01,2.072486e+01,2.076667e+01,2.082239e+01,2.080150e+01,2.080150e+01,2.079453e+01,2.086416e+01,2.085024e+01,2.077363e+01,2.081543e+01,2.078060e+01,2.082239e+01,2.082239e+01,2.082935e+01,2.080846e+01,2.078757e+01,2.069000e+01,2.079453e+01,2.075273e+01,2.063420e+01,2.078060e+01,2.080846e+01,2.074576e+01,2.066908e+01,2.067605e+01,2.075970e+01,2.058536e+01,2.072486e+01,2.064118e+01,2.062723e+01,2.067605e+01,2.069000e+01,2.073879e+01,2.065513e+01,2.069000e+01,2.059234e+01,2.071789e+01,2.053649e+01,2.064118e+01,2.064816e+01,2.069000e+01,2.057140e+01,2.057140e+01,2.052950e+01,2.048759e+01,2.044567e+01,2.045266e+01,2.045266e+01,2.021475e+01,2.001139e+01,2.016570e+01,2.008857e+01,1.999735e+01,2.007454e+01,2.008857e+01,2.024277e+01,2.016570e+01,2.020074e+01,2.032678e+01,2.043169e+01,2.039673e+01,2.057140e+01,2.078060e+01,2.078757e+01,2.080150e+01,2.077363e+01,2.082935e+01,2.085720e+01,2.078757e+01,2.078757e+01,2.076667e+01,2.050855e+01,2.052950e+01,2.048759e+01,2.028478e+01,2.025677e+01,2.021475e+01,2.016570e+01,2.011663e+01,2.014467e+01,2.008156e+01,1.994819e+01,2.008857e+01,1.997628e+01,1.991306e+01,1.992711e+01,1.977243e+01,1.986386e+01,1.996926e+01,1.973725e+01,1.998330e+01,1.980058e+01,1.984277e+01,1.989198e+01,1.992009e+01,1.985683e+01,1.978650e+01,1.982871e+01,1.988495e+01,1.980761e+01,1.977947e+01,1.968796e+01,1.984980e+01,1.969500e+01,1.970909e+01,1.967388e+01,1.961047e+01,1.961047e+01,1.972317e+01,1.976540e+01,1.984277e+01,1.965274e+01,1.975836e+01,1.995521e+01,1.987792e+01,1.985683e+01,1.994819e+01,1.988495e+01,1.999033e+01,1.991306e+01,2.013766e+01,1.992009e+01,1.998330e+01,1.994819e+01,1.980761e+01,2.011663e+01,2.010260e+01,2.014467e+01,2.025677e+01,2.013766e+01,2.008857e+01,2.020074e+01,2.029178e+01,2.034777e+01,2.034077e+01,2.033377e+01,2.037575e+01,2.047362e+01,2.064816e+01,2.071789e+01,2.073182e+01,2.076667e+01,2.084328e+01,2.077363e+01,2.078060e+01,2.078757e+01,2.078060e+01,2.076667e+01,2.077363e+01,2.082935e+01,2.078060e+01,2.082239e+01,2.081543e+01,2.080846e+01,2.079453e+01,2.082239e+01,2.076667e+01,2.081543e+01,2.080846e+01,2.078060e+01,2.081543e+01,2.076667e+01,2.080846e+01,2.082239e+01,2.082935e+01,2.085024e+01,2.082239e+01,2.096156e+01,2.085720e+01,2.084328e+01,2.090592e+01,2.088504e+01,2.075970e+01,2.082935e+01,2.073182e+01,2.073182e+01,2.084328e+01,2.085024e+01,2.089200e+01,2.089200e+01,2.089896e+01,2.082935e+01,2.094070e+01,2.082935e+01,2.080846e+01,2.075273e+01,2.076667e+01,2.078060e+01,2.076667e+01,2.082239e+01,2.074576e+01,2.079453e+01,2.098937e+01,2.075970e+01,2.079453e+01,2.080846e+01,2.084328e+01,2.079453e+01,2.096156e+01,2.091983e+01,2.081543e+01,2.082935e+01,2.082239e+01,2.090592e+01,2.086416e+01,2.089200e+01,2.082239e+01,2.087112e+01,2.080846e+01,2.082935e+01,2.085024e+01,2.089200e+01,2.087808e+01,2.083632e+01,2.082935e+01,2.076667e+01,2.078060e+01,2.078757e+01,2.085024e+01,2.082935e+01,2.081543e+01,2.091287e+01,2.088504e+01,2.085024e+01,2.075273e+01,2.076667e+01,2.076667e+01,2.075273e+01,2.081543e+01,2.082935e+01,2.085024e+01,2.083632e+01,2.082935e+01,2.093374e+01,2.092679e+01,2.076667e+01,2.087112e+01,2.073879e+01,2.089200e+01,2.078060e+01,2.086416e+01,2.072486e+01,2.086416e+01,2.082935e+01,2.085720e+01,2.078060e+01,2.085024e+01,2.081543e+01,2.076667e+01,2.084328e+01,2.092679e+01,2.077363e+01,2.072486e+01,2.078060e+01,2.078757e+01,2.080150e+01,2.086416e+01,2.082239e+01,2.080150e+01,2.086416e+01,2.082239e+01,2.080150e+01,2.082239e+01,2.085720e+01,2.089200e+01,2.075970e+01,2.077363e+01,2.085024e+01,2.069000e+01,2.071091e+01,2.091287e+01,2.092679e+01,2.081543e+01,2.076667e+01,2.081543e+01,2.081543e+01,2.084328e+01,2.079453e+01,2.078060e+01,2.074576e+01,2.080150e+01,2.076667e+01,2.093374e+01,2.085720e+01,2.078757e+01,2.075970e+01,2.077363e+01,2.079453e+01,2.071789e+01,2.077363e+01,2.087808e+01,2.087112e+01,2.085024e+01,2.083632e+01,2.085024e+01,2.081543e+01,2.080150e+01,2.075970e+01,2.080150e+01,2.086416e+01,2.085720e+01,2.079453e+01,2.078060e+01,2.088504e+01,2.078757e+01,2.085720e+01,2.082935e+01,2.083632e+01,2.080846e+01,2.085720e+01,2.075273e+01,2.085024e+01,2.085720e+01,2.077363e+01,2.090592e+01,2.090592e+01,2.080150e+01,2.080846e+01,2.071091e+01,2.093374e+01,2.093374e+01,2.093374e+01,2.096156e+01,2.094070e+01,2.082935e+01,2.091287e+01,2.081543e+01,2.087808e+01,2.088504e+01,2.093374e+01,2.095461e+01,2.094765e+01,2.094765e+01,2.101718e+01,2.096156e+01,2.103107e+01,2.097547e+01,2.094070e+01,2.082239e+01,2.094765e+01,2.092679e+01,2.095461e+01,2.094070e+01,2.089200e+01,2.089200e+01,2.096156e+01,2.091983e+01,2.089896e+01,2.087808e+01,2.087112e+01,2.086416e+01,2.085024e+01,2.089200e+01,2.085024e+01,2.073182e+01,2.084328e+01,2.089896e+01,2.082239e+01,2.082239e+01,2.083632e+01,2.085024e+01,2.077363e+01,2.077363e+01,2.082935e+01,2.085024e+01,2.088504e+01,2.088504e+01,2.089896e+01,2.113526e+01,2.094070e+01,2.082239e+01,2.100327e+01,2.079453e+01,2.082935e+01,2.085024e+01,2.076667e+01,2.075273e+01,2.087112e+01,2.079453e+01,2.076667e+01,2.075273e+01,2.087112e+01,2.082935e+01,2.082239e+01,2.071091e+01,2.091287e+01,2.078060e+01,2.090592e+01,2.078757e+01,2.073182e+01,2.080846e+01,2.082239e+01,2.073182e+01,2.077363e+01,2.096156e+01,2.076667e+01,2.069697e+01,2.080846e+01,2.073182e+01,2.075273e+01,2.084328e+01,2.086416e+01,2.081543e+01,2.081543e+01,2.071789e+01,2.069697e+01,2.067605e+01,2.065513e+01,2.076667e+01,2.084328e+01,2.067605e+01,2.068303e+01,2.072486e+01,2.060629e+01,2.078757e+01,2.082935e+01,2.084328e+01,2.076667e+01,2.075273e+01,2.077363e+01,2.080150e+01,2.078757e+01,2.075970e+01,2.078060e+01,2.067605e+01,2.072486e+01,2.080150e+01,2.082935e+01,2.074576e+01,2.079453e+01,2.078757e+01,2.076667e+01,2.080150e+01,2.071789e+01,2.073879e+01
1.867579e+01,1.869002e+01,1.844787e+01,1.853340e+01,1.851915e+01,1.856190e+01,1.861886e+01,1.844074e+01,1.853340e+01,1.849064e+01,1.839794e+01,1.874691e+01,1.873269e+01,1.886059e+01,1.870424e+01,1.869002e+01,1.858326e+01,1.854053e+01,1.864733e+01,1.864733e+01,1.878955e+01,1.892448e+01,1.895995e+01,1.874691e+01,1.893867e+01,1.895286e+01,1.918670e+01,1.921501e+01,1.943411e+01,1.934229e+01,1.941999e+01,1.944823e+01,1.939881e+01,1.915130e+01,1.929281e+01,1.960342e+01,1.961047e+01,1.965979e+01,1.991306e+01,2.027778e+01,2.035476e+01,2.055743e+01,2.045266e+01,2.040372e+01,2.052252e+01,2.040372e+01,2.047362e+01,2.039673e+01,2.038274e+01,2.050157e+01,2.050855e+01,2.039673e+01,2.048061e+01,2.020074e+01,2.031278e+01,2.027778e+01,2.018673e+01,2.015168e+01,2.018673e+01,2.045266e+01,2.043169e+01,2.023577e+01,2.040372e+01,2.059932e+01,2.062723e+01,2.073182e+01,2.076667e+01,2.080150e+01,2.079453e+01,2.069697e+01,2.084328e+01,2.078060e+01,2.082935e+01,2.080150e+01,2.079453e+01,2.075273e+01,2.076667e+01,2.069697e+01,2.091287e+01,2.074576e+01,2.077363e+01,2.078060e+01,2.078060e+01,2.085720e+01,2.075970e+01,2.073879e+01,2.085024e+01,2.071789e+01,2.071091e+01,2.076667e+01,2.087808e+01,2.078060e+01,2.072486e+01,2.064118e+01,2.081543e+01,2.083632e+01,2.087808e+01,2.103802e+01,2.075273e+01,2.073879e+01,2.087808e+01,2.071789e+01,2.076667e+01,2.071789e+01,2.074576e+01,2.080846e+01,2.076667e+01,2.076667e+01,2.073879e+01,2.078060e+01,2.073879e+01,2.079453e+01,2.078060e+01,2.077363e+01,2.079453e+01,2.071091e+01,2.071091e+01,2.076667e+01,2.073182e+01,2.073182e+01,2.073182e+01,2.067605e+01,2.069000e+01,2.043169e+01,2.044567e+01,2.022176e+01,1.997628e+01,1.984277e+01,1.982168e+01,1.977947e+01,1.956112e+01,1.926452e+01,1.927160e+01,1.901669e+01,1.888189e+01,1.886059e+01,1.888189e+01,1.878955e+01,1.884638e+01,1.878245e+01,1.853340e+01,1.855477e+01,1.843361e+01,1.841934e+01,1.852628e+01,1.844074e+01,1.851203e+01,1.841934e+01,1.840508e+01,1.845500e+01,1.848352e+01,1.836940e+01,1.842648e+01,1.852628e+01,1.848352e+01,1.848352e+01,1.844074e+01,1.849777e+01,1.847639e+01,1.856190e+01,1.847639e+01,1.858326e+01,1.857614e+01,1.865444e+01,1.856902e+01,1.861174e+01,1.851915e+01,1.866156e+01,1.870424e+01,1.860462e+01,1.883218e+01,1.867579e+01,1.872558e+01,1.873980e+01,1.888899e+01,1.872558e+01,1.886059e+01,1.896704e+01,1.898832e+01,1.902378e+01,1.917254e+01,1.922916e+01,1.919378e+01,1.931402e+01,1.936349e+01,1.944118e+01,1.948352e+01,1.940587e+01,1.941293e+01,1.936349e+01,1.939881e+01,1.951880e+01,1.949058e+01,1.951880e+01,1.948352e+01,1.961047e+01,1.982871e+01,1.996224e+01,2.013065e+01,2.016570e+01,2.043868e+01,2.045964e+01,2.080150e+01,2.078757e+01,2.077363e+01,2.071789e+01,2.072486e+01,2.079453e+01,2.080150e+01,2.080150e+01,2.083632e+01,2.093374e+01,2.080150e+01,2.084328e+01,2.076667e+01,2.080150e+01,2.076667e+01,2.082239e+01,2.089200e+01,2.080150e+01,2.086416e+01,2.080846e+01,2.070394e+01,2.081543e+01,2.080846e+01,2.079453e+01,2.080846e+01,2.078060e+01,2.076667e+01,2.067605e+01,2.072486e+01,2.052950e+01,2.050157e+01,2.057140e+01,2.064118e+01,2.059932e+01,2.060629e+01,2.063420e+01,2.068303e+01,2.068303e+01,2.073182e+01,2.086416e+01,2.066908e+01,2.071091e+01,2.069697e+01,2.091983e+01,2.071091e+01,2.057140e+01,2.068303e+01,2.061327e+01,2.052252e+01,2.044567e+01,2.058536e+01,2.045266e+01,2.031978e+01,2.031978e+01,2.011663e+01,2.029878e+01,2.019373e+01,2.012364e+01,2.008156e+01,2.022876e+01,2.031278e+01,2.031978e+01,2.045964e+01,2.051554e+01,2.057140e+01,2.075273e+01,2.061327e+01,2.073182e+01,2.074576e+01,2.082935e+01,2.071091e+01,2.069000e+01,2.071789e+01,2.066908e+01,2.064816e+01,2.067605e+01,2.055743e+01,2.051554e+01,2.037575e+01,2.024277e+01,2.011663e+01,2.020074e+01,2.004648e+01,2.010961e+01,2.008857e+01,2.010961e+01,1.998330e+01,1.990604e+01,1.991306e+01,1.992711e+01,1.987090e+01,1.977947e+01,1.999735e+01,1.992009e+01,1.984980e+01,1.987090e+01,1.991306e+01,1.994819e+01,1.981464e+01,1.988495e+01,1.987090e+01,1.984277e+01,1.982871e+01,1.980058e+01,1.968796e+01,1.974428e+01,1.961751e+01,1.963161e+01,1.969500e+01,1.968092e+01,1.977243e+01,1.964570e+01,1.972317e+01,1.963865e+01,1.977947e+01,1.968092e+01,1.965979e+01,1.983574e+01,1.974428e+01,1.979354e+01,1.982871e+01,1.988495e+01,1.989198e+01,1.987792e+01,1.990604e+01,1.987792e+01,1.981464e+01,1.990604e+01,1.982168e+01,1.978650e+01,1.984277e+01,2.009559e+01,2.007454e+01,2.001139e+01,2.004648e+01,2.020774e+01,2.022876e+01,2.020074e+01,2.027078e+01,2.033377e+01,2.052252e+01,2.045964e+01,2.047362e+01,2.069697e+01,2.041770e+01,2.069697e+01,2.070394e+01,2.101023e+01,2.078757e+01,2.075970e+01,2.075970e+01,2.087112e+01,2.075273e+01,2.072486e+01,2.078757e+01,2.082239e+01,2.083632e+01,2.086416e+01,2.071789e+01,2.090592e+01,2.080150e+01,2.073879e+01,2.081543e+01,2.091983e+01,2.079453e+01,2.078060e+01,2.080846e+01,2.083632e+01,2.090592e+01,2.084328e+01,2.081543e+01,2.067605e+01,2.085720e+01,2.084328e+01,2.083632e+01,2.085024e+01,2.074576e+01,2.082239e+01,2.081543e+01,2.081543e+01,2.076667e+01,2.085720e+01,2.072486e+01,2.087112e+01,2.087112e+01,2.089200e+01,2.089200e+01,2.085720e+01,2.075273e+01,2.089200e+01,2.076667e+01,2.082935e+01,2.087808e+01,2.078757e+01,2.085720e+01,2.084328e+01,2.074576e+01,2.091287e+01,2.084328e+01,2.086416e+01,2.087808e+01,2.095461e+01,2.085720e+01,2.080846e+01,2.082935e+01,2.082935e+01,2.080846e+01,2.093374e+01,2.087112e+01,2.085024e+01,2.085720e+01,2.091287e+01,2.081543e+01,2.084328e+01,2.080150e+01,2.094765e+01,2.084328e+01,2.087112e+01,2.075970e+01,2.078757e+01,2.087808e+01,2.084328e+01,2.078757e+01,2.084328e+01,2.081543e+01,2.087808e+01,2.080846e+01,2.088504e+01,2.079453e+01,2.075970e+01,2.093374e+01,2.091287e+01,2.084328e+01,2.086416e+01,2.081543e+01,2.087112e+01,2.087808e+01,2.091287e+01,2.073879e+01,2.075970e+01,2.083632e+01,2.082935e+01,2.089200e+01,2.083632e+01,2.087112e+01,2.085720e+01,2.085024e+01,2.089896e+01,2.075273e+01,2.089896e+01,2.082935e+01,2.078060e+01,2.078757e+01,2.073182e+01,2.077363e+01,2.078060e+01,2.078757e+01,2.079453e+01,2.079453e+01,2.086416e+01,2.080150e+01,2.087112e+01,2.074576e+01,2.086416e+01,2.083632e+01,2.085720e+01,2.077363e+01,2.087112e+01,2.083632e+01,2.085024e+01,2.075970e+01,2.082935e+01,2.078757e+01,2.082935e+01,2.080846e+01,2.073879e+01,2.080150e+01,2.077363e+01,2.084328e+01,2.081543e+01,2.078757e+01,2.079453e+01,2.081543e+01,2.088504e+01,2.086416e+01,2.085024e+01,2.080150e+01,2.082935e+01,2.075970e+01,2.075970e+01,2.097547e+01,2.087808e+01,2.086416e+01,2.085720e+01,2.076667e+01,2.081543e+01,2.073879e+01,2.080150e+01,2.080150e+01,2.075970e+01,2.078757e+01,2.077363e+01,2.078757e+01,2.085024e+01,2.078060e+01,2.075970e+01,2.079453e+01,2.082935e+01,2.079453e+01,2.081543e+01,2.086416e+01,2.083632e+01,2.083632e+01,2.084328e+01,2.085720e+01,2.085024e+01,2.091287e+01,2.084328e+01,2.091983e+01,2.085024e+01,2.087112e+01,2.085720e+01,2.094070e+01,2.094765e+01,2.080846e+01,2.073879e+01,2.073182e+01,2.090592e+01,2.073182e+01,2.090592e+01,2.090592e+01,2.094070e+01,2.095461e+01,2.091287e+01,2.091983e+01,2.096852e+01,2.097547e+01,2.105192e+01,2.098242e+01,2.089200e+01,2.091287e+01,2.096852e+01,2.096852e+01,2.097547e+01,2.096852e+01,2.097547e+01,2.088504e+01,2.094765e+01,2.086416e+01,2.092679e+01,2.086416e+01,2.088504e+01,2.081543e+01,2.089896e+01,2.087112e+01,2.089896e+01,2.088504e+01,2.086416e+01,2.082239e+01,2.073182e+01,2.091983e+01,2.086416e+01,2.081543e+01,2.082239e+01,2.089200e+01,2.080150e+01,2.082239e+01,2.081543e+01,2.102413e+01,2.089200e+01,2.089200e+01,2.094765e+01,2.085024e+01,2.084328e+01,2.098242e+01,2.085024e+01,2.086416e+01,2.087808e+01,2.094070e+01,2.083632e+01,2.080150e+01,2.087808e+01,2.077363e+01,2.091287e+01,2.083632e+01,2.078757e+01,2.069697e+01,2.088504e+01,2.088504e+01,2.068303e+01,2.075970e+01,2.088504e+01,2.087112e+01,2.064118e+01,2.087112e+01,2.088504e+01,2.061327e+01,2.079453e+01,2.077363e+01,2.069697e+01,2.071091e+01,2.089200e+01,2.082935e+01,2.084328e+01,2.080846e+01,2.082239e+01,2.081543e+01,2.088504e+01,2.066211e+01,2.074576e+01,2.066908e+01,2.071789e+01,2.070394e+01,2.064816e+01,2.068303e+01,2.082935e+01,2.082239e+01,2.074576e+01,2.075970e+01,2.086416e+01,2.078060e+01,2.084328e+01,2.079453e+01,2.077363e+01,2.080150e+01,2.074576e+01,2.078060e+01,2.071789e+01,2.091983e+01,2.080846e+01,2.078757e+01,2.074576e+01,2.073879e+01,2.069000e+01,2.076667e+01,2.076667e+01,2.089200e+01,2.075273e+01
1.866156e+01,1.874691e+01,1.846926e+01,1.867579e+01,1.866867e+01,1.889609e+01,1.858326e+01,1.866156e+01,1.852628e+01,1.865444e+01,1.880376e+01,1.886769e+01,1.871847e+01,1.888189e+01,1.871135e+01,1.866156e+01,1.866156e+01,1.869002e+01,1.850490e+01,1.845500e+01,1.841934e+01,1.859750e+01,1.858326e+01,1.888899e+01,1.897414e+01,1.920085e+01,1.934229e+01,1.934936e+01,1.943411e+01,1.953291e+01,1.941999e+01,1.939174e+01,1.942705e+01,1.937055e+01,1.956817e+01,1.955407e+01,1.987792e+01,1.991306e+01,2.028478e+01,2.041770e+01,2.038974e+01,2.037575e+01,2.033377e+01,2.035476e+01,2.013766e+01,2.033377e+01,2.037575e+01,2.039673e+01,2.011663e+01,2.040372e+01,2.009559e+01,2.007454e+01,2.012364e+01,2.020774e+01,2.006051e+01,2.017972e+01,2.021475e+01,2.022176e+01,2.010260e+01,2.011663e+01,2.010961e+01,2.015168e+01,2.021475e+01,2.021475e+01,2.057140e+01,2.066908e+01,2.065513e+01,2.075273e+01,2.073879e+01,2.082935e+01,2.084328e+01,2.081543e+01,2.082935e+01,2.079453e+01,2.085720e+01,2.080846e+01,2.081543e+01,2.081543e+01,2.083632e+01,2.075970e+01,2.073182e+01,2.088504e+01,2.075970e+01,2.086416e+01,2.078060e+01,2.078060e+01,2.078757e+01,2.071789e+01,2.067605e+01,2.075970e+01,2.081543e+01,2.083632e+01,2.075970e+01,2.076667e+01,2.081543e+01,2.076667e+01,2.084328e+01,2.079453e+01,2.076667e+01,2.073879e+01,2.073879e+01,2.073879e+01,2.061327e+01,2.076667e+01,2.066908e+01,2.075273e+01,2.080846e+01,2.075970e+01,2.076667e+01,2.072486e+01,2.072486e+01,2.089200e+01,2.079453e+01,2.078060e+01,2.082239e+01,2.071789e+01,2.078757e+01,2.076667e+01,2.064816e+01,2.070394e+01,2.052252e+01,2.049458e+01,2.048759e+01,2.018673e+01,2.021475e+01,1.996926e+01,1.981464e+01,1.980761e+01,1.954701e+01,1.945529e+01,1.927160e+01,1.905213e+01,1.901669e+01,1.884638e+01,1.886769e+01,1.878245e+01,1.886769e+01,1.871135e+01,1.876823e+01,1.851915e+01,1.876112e+01,1.856190e+01,1.845500e+01,1.848352e+01,1.855477e+01,1.841934e+01,1.854765e+01,1.847639e+01,1.846213e+01,1.848352e+01,1.846213e+01,1.839081e+01,1.851203e+01,1.850490e+01,1.854053e+01,1.851203e+01,1.856902e+01,1.847639e+01,1.855477e+01,1.869002e+01,1.859038e+01,1.866156e+01,1.864733e+01,1.864733e+01,1.869002e+01,1.862598e+01,1.870424e+01,1.864021e+01,1.862598e+01,1.854053e+01,1.860462e+01,1.857614e+01,1.872558e+01,1.883218e+01,1.869713e+01,1.889609e+01,1.897414e+01,1.892448e+01,1.899541e+01,1.917254e+01,1.919378e+01,1.915838e+01,1.919378e+01,1.913714e+01,1.935642e+01,1.932109e+01,1.926452e+01,1.937055e+01,1.942705e+01,1.947647e+01,1.929988e+01,1.948352e+01,1.949764e+01,1.928574e+01,1.931402e+01,1.951175e+01,1.957522e+01,1.960342e+01,1.973725e+01,1.989198e+01,2.021475e+01,2.029878e+01,2.043868e+01,2.068303e+01,2.069697e+01,2.067605e+01,2.085720e+01,2.078757e+01,2.080846e+01,2.073879e+01,2.091287e+01,2.081543e+01,2.084328e+01,2.079453e+01,2.077363e+01,2.078060e+01,2.080846e+01,2.080846e+01,2.078757e+01,2.078757e+01,2.078060e+01,2.073182e+01,2.072486e+01,2.089200e+01,2.081543e+01,2.075970e+01,2.078060e+01,2.063420e+01,2.064118e+01,2.071789e+01,2.052252e+01,2.057140e+01,2.050157e+01,2.055743e+01,2.057140e+01,2.041071e+01,2.055743e+01,2.061327e+01,2.063420e+01,2.065513e+01,2.085024e+01,2.082239e+01,2.083632e+01,2.078060e+01,2.075273e+01,2.073182e+01,2.073182e+01,2.071789e+01,2.071091e+01,2.069000e+01,2.050157e+01,2.050157e+01,2.062025e+01,2.043169e+01,2.043868e+01,2.030578e+01,2.037575e+01,2.027778e+01,2.019373e+01,2.009559e+01,2.014467e+01,2.026378e+01,2.028478e+01,2.043868e+01,2.044567e+01,2.051554e+01,2.045266e+01,2.068303e+01,2.075970e+01,2.077363e+01,2.082935e+01,2.076667e+01,2.085720e+01,2.080150e+01,2.073182e+01,2.062025e+01,2.052950e+01,2.057140e+01,2.050855e+01,2.034077e+01,2.030578e+01,2.012364e+01,2.011663e+01,2.017972e+01,2.009559e+01,2.008156e+01,2.011663e+01,1.996224e+01,2.003244e+01,1.996224e+01,2.003946e+01,2.003244e+01,1.990604e+01,1.995521e+01,1.982168e+01,1.989198e+01,1.991306e+01,1.984277e+01,1.982871e+01,1.987792e+01,1.989198e+01,1.992009e+01,1.969500e+01,1.982168e+01,1.965979e+01,1.975836e+01,1.971613e+01,1.963865e+01,1.968796e+01,1.963161e+01,1.966683e+01,1.959637e+01,1.961751e+01,1.961047e+01,1.967388e+01,1.958932e+01,1.961047e+01,1.970205e+01,1.965274e+01,1.973725e+01,1.973021e+01,1.967388e+01,1.975836e+01,1.980058e+01,1.978650e+01,1.970909e+01,1.960342e+01,1.971613e+01,1.968796e+01,1.974428e+01,1.979354e+01,1.983574e+01,1.982168e+01,1.989901e+01,1.986386e+01,1.979354e+01,2.001139e+01,2.000437e+01,1.994819e+01,1.998330e+01,2.016570e+01,2.013766e+01,2.029878e+01,2.024977e+01,2.041071e+01,2.038974e+01,2.043868e+01,2.068303e+01,2.069697e+01,2.076667e+01,2.076667e+01,2.075273e+01,2.075273e+01,2.077363e+01,2.080150e+01,2.080846e+01,2.085720e+01,2.082239e+01,2.079453e+01,2.083632e+01,2.084328e+01,2.080150e+01,2.082935e+01,2.078757e+01,2.080150e+01,2.083632e+01,2.075273e+01,2.091983e+01,2.083632e+01,2.088504e+01,2.073879e+01,2.085720e+01,2.086416e+01,2.086416e+01,2.087808e+01,2.083632e+01,2.084328e+01,2.072486e+01,2.070394e+01,2.081543e+01,2.072486e+01,2.089200e+01,2.092679e+01,2.082935e+01,2.076667e+01,2.073879e+01,2.074576e+01,2.087808e+01,2.078757e+01,2.071091e+01,2.089896e+01,2.091983e+01,2.089896e+01,2.078060e+01,2.080846e+01,2.079453e+01,2.077363e+01,2.076667e+01,2.082239e+01,2.078757e+01,2.082239e+01,2.091287e+01,2.080846e+01,2.080150e+01,2.086416e+01,2.086416e+01,2.083632e+01,2.081543e+01,2.110748e+01,2.088504e+01,2.091287e+01,2.089200e+01,2.088504e+01,2.084328e+01,2.078757e+01,2.079453e+01,2.080846e+01,2.080846e+01,2.079453e+01,2.080846e+01,2.082935e+01,2.081543e+01,2.085024e+01,2.081543e+01,2.081543e+01,2.083632e+01,2.082239e+01,2.079453e+01,2.080846e+01,2.087112e+01,2.072486e+01,2.083632e+01,2.082935e+01,2.087808e+01,2.082239e+01,2.088504e+01,2.081543e+01,2.090592e+01,2.084328e+01,2.089200e+01,2.089200e+01,2.078757e+01,2.098242e+01,2.083632e+01,2.087808e+01,2.081543e+01,2.086416e+01,2.080150e+01,2.081543e+01,2.076667e+01,2.076667e+01,2.080150e+01,2.075273e+01,2.078757e+01,2.081543e+01,2.085720e+01,2.083632e+01,2.075970e+01,2.078757e+01,2.078757e+01,2.078757e+01,2.081543e+01,2.078757e+01,2.084328e+01,2.079453e+01,2.082935e+01,2.089200e+01,2.080846e+01,2.084328e+01,2.073879e+01,2.086416e+01,2.093374e+01,2.078757e+01,2.086416e+01,2.078060e+01,2.071789e+01,2.076667e+01,2.069000e+01,2.085720e+01,2.081543e+01,2.080150e+01,2.082239e+01,2.080846e+01,2.091287e+01,2.081543e+01,2.094070e+01,2.087808e+01,2.078757e+01,2.075970e+01,2.096852e+01,2.074576e+01,2.078757e+01,2.082239e+01,2.073182e+01,2.087112e+01,2.085024e+01,2.080150e+01,2.087808e+01,2.071789e+01,2.075970e+01,2.073182e+01,2.071091e+01,2.076667e+01,2.076667e+01,2.078060e+01,2.086416e+01,2.080846e+01,2.093374e+01,2.084328e+01,2.079453e+01,2.080846e+01,2.080150e+01,2.081543e+01,2.082935e+01,2.087808e+01,2.084328e+01,2.084328e+01,2.087112e+01,2.093374e+01,2.092679e+01,2.082935e+01,2.065513e+01,2.086416e+01,2.088504e+01,2.088504e+01,2.082935e+01,2.091983e+01,2.082239e+01,2.093374e+01,2.089200e+01,2.085024e+01,2.092679e+01,2.088504e+01,2.087112e+01,2.093374e+01,2.091287e+01,2.095461e+01,2.097547e+01,2.101718e+01,2.098937e+01,2.096156e+01,2.091287e+01,2.105887e+01,2.092679e+01,2.082935e+01,2.091287e+01,2.097547e+01,2.098937e+01,2.082935e+01,2.099632e+01,2.084328e+01,2.089200e+01,2.094765e+01,2.087808e+01,2.079453e+01,2.087808e+01,2.083632e+01,2.080150e+01,2.091287e+01,2.078757e+01,2.073879e+01,2.078757e+01,2.080846e+01,2.087808e+01,2.089200e+01,2.087112e+01,2.078060e+01,2.071091e+01,2.082239e+01,2.083632e+01,2.085024e+01,2.081543e+01,2.086416e+01,2.092679e+01,2.087112e+01,2.080150e+01,2.090592e+01,2.083632e+01,2.082935e+01,2.085024e+01,2.082239e+01,2.071091e+01,2.090592e+01,2.087808e+01,2.073182e+01,2.086416e+01,2.091287e+01,2.083632e+01,2.085024e+01,2.073879e+01,2.072486e+01,2.078060e+01,2.077363e+01,2.080150e+01,2.086416e+01,2.080846e+01,2.080846e+01,2.080150e+01,2.076667e+01,2.077363e+01,2.068303e+01,2.076667e+01,2.069697e+01,2.087112e+01,2.066908e+01,2.083632e+01,2.083632e+01,2.082239e+01,2.084328e+01,2.078757e+01,2.073182e+01,2.080846e+01,2.080846e+01,2.073182e+01,2.082935e+01,2.073182e+01,2.079453e+01,2.067605e+01,2.082239e+01,2.073879e+01,2.083632e+01,2.078757e+01,2.077363e+01,2.075273e+01,2.076667e+01,2.075273e+01,2.078757e+01,2.075970e+01,2.076667e+01,2.092679e+01,2.078757e+01,2.082935e+01,2.078757e+01,2.073182e+01,2.078060e+01,2.087112e+01,2.077363e+01,2.080150e+01,2.075273e+01,2.075273e+01
1.887479e+01,1.878955e+01,1.856902e+01,1.883928e+01,1.902378e+01,1.891738e+01,1.861174e+01,1.872558e+01,1.891738e+01,1.890318e+01,1.878955e+01,1.898832e+01,1.894576e+01,1.888189e+01,1.873980e+01,1.885349e+01,1.886769e+01,1.866867e+01,1.839794e+01,1.844787e+01,1.852628e+01,1.839081e+01,1.857614e+01,1.898832e+01,1.910881e+01,1.935642e+01,1.930695e+01,1.933522e+01,1.954701e+01,1.939174e+01,1.944118e+01,1.944118e+01,1.948352e+01,1.980761e+01,1.987090e+01,1.987792e+01,2.020774e+01,2.033377e+01,2.033377e+01,2.024277e+01,2.033377e+01,2.035476e+01,2.017972e+01,2.015869e+01,2.020774e+01,2.018673e+01,2.014467e+01,2.006753e+01,2.003946e+01,2.007454e+01,2.001139e+01,2.001841e+01,1.996926e+01,2.002542e+01,2.015869e+01,1.991306e+01,1.995521e+01,2.001841e+01,2.013766e+01,2.005350e+01,2.006753e+01,2.000437e+01,2.010260e+01,2.034777e+01,2.018673e+01,2.031978e+01,2.031978e+01,2.058536e+01,2.057838e+01,2.068303e+01,2.065513e+01,2.065513e+01,2.080846e+01,2.089896e+01,2.071789e+01,2.080846e+01,2.073879e+01,2.087808e+01,2.074576e+01,2.080150e+01,2.084328e+01,2.082239e+01,2.073182e+01,2.087808e+01,2.083632e+01,2.085024e+01,2.075970e+01,2.071789e+01,2.073182e+01,2.082935e+01,2.084328e+01,2.074576e+01,2.078060e+01,2.081543e+01,2.085024e+01,2.089896e+01,2.078060e+01,2.091287e+01,2.075970e+01,2.076667e+01,2.074576e+01,2.075970e+01,2.077363e+01,2.078060e+01,2.078060e+01,2.074576e+01,2.076667e+01,2.079453e+01,2.076667e+01,2.078757e+01,2.077363e+01,2.082935e+01,2.079453e+01,2.075970e+01,2.073879e+01,2.075970e+01,2.071091e+01,2.073182e+01,2.069000e+01,2.053649e+01,2.055743e+01,2.034777e+01,2.015168e+01,2.006051e+01,2.003946e+01,1.984277e+01,1.961047e+01,1.958932e+01,1.927160e+01,1.926452e+01,1.905213e+01,1.887479e+01,1.898123e+01,1.884638e+01,1.866867e+01,1.876112e+01,1.877534e+01,1.861886e+01,1.851915e+01,1.853340e+01,1.850490e+01,1.849064e+01,1.857614e+01,1.844074e+01,1.856902e+01,1.845500e+01,1.855477e+01,1.856190e+01,1.843361e+01,1.841934e+01,1.847639e+01,1.848352e+01,1.846926e+01,1.848352e+01,1.853340e+01,1.865444e+01,1.856190e+01,1.865444e+01,1.861886e+01,1.852628e+01,1.869713e+01,1.865444e+01,1.866867e+01,1.866156e+01,1.868290e+01,1.861174e+01,1.861174e+01,1.866867e+01,1.859750e+01,1.873980e+01,1.873269e+01,1.856190e+01,1.866156e+01,1.876823e+01,1.864021e+01,1.880376e+01,1.888899e+01,1.893867e+01,1.893867e+01,1.895286e+01,1.918670e+01,1.904504e+01,1.913006e+01,1.929988e+01,1.922208e+01,1.932815e+01,1.926452e+01,1.931402e+01,1.923623e+01,1.927867e+01,1.925745e+01,1.925038e+01,1.922916e+01,1.920793e+01,1.941999e+01,1.929281e+01,1.939174e+01,1.942705e+01,1.965274e+01,1.965979e+01,1.967388e+01,1.988495e+01,2.005350e+01,2.021475e+01,2.051554e+01,2.071091e+01,2.070394e+01,2.069000e+01,2.081543e+01,2.071789e+01,2.072486e+01,2.077363e+01,2.086416e+01,2.083632e+01,2.080846e+01,2.081543e+01,2.084328e+01,2.075970e+01,2.081543e+01,2.075273e+01,2.079453e+01,2.075273e+01,2.075970e+01,2.081543e+01,2.077363e+01,2.077363e+01,2.075970e+01,2.076667e+01,2.066908e+01,2.057838e+01,2.056442e+01,2.055045e+01,2.043169e+01,2.044567e+01,2.050855e+01,2.041770e+01,2.042470e+01,2.042470e+01,2.041071e+01,2.063420e+01,2.072486e+01,2.073879e+01,2.084328e+01,2.078060e+01,2.082239e+01,2.078060e+01,2.075273e+01,2.078757e+01,2.069000e+01,2.071091e+01,2.063420e+01,2.070394e+01,2.064816e+01,2.052950e+01,2.041770e+01,2.038274e+01,2.033377e+01,2.038274e+01,2.032678e+01,2.024277e+01,2.026378e+01,2.024977e+01,2.024277e+01,2.024977e+01,2.053649e+01,2.059932e+01,2.050157e+01,2.072486e+01,2.073182e+01,2.074576e+01,2.075273e+01,2.064816e+01,2.082239e+01,2.066908e+01,2.062723e+01,2.069000e+01,2.051554e+01,2.040372e+01,2.043169e+01,2.029178e+01,2.029878e+01,2.021475e+01,2.004648e+01,2.018673e+01,2.003946e+01,2.016570e+01,1.998330e+01,1.999735e+01,2.004648e+01,2.001139e+01,2.002542e+01,2.004648e+01,1.988495e+01,1.990604e+01,1.987090e+01,1.998330e+01,1.992711e+01,1.991306e+01,1.995521e+01,1.996926e+01,1.988495e+01,1.992009e+01,1.984980e+01,1.984277e+01,1.980058e+01,1.982871e+01,1.979354e+01,1.973725e+01,1.963161e+01,1.963161e+01,1.971613e+01,1.952586e+01,1.963865e+01,1.951880e+01,1.949764e+01,1.953291e+01,1.960342e+01,1.962456e+01,1.954701e+01,1.949764e+01,1.953996e+01,1.951880e+01,1.949764e+01,1.955407e+01,1.973725e+01,1.965979e+01,1.953996e+01,1.950469e+01,1.951175e+01,1.953996e+01,1.973021e+01,1.966683e+01,1.956817e+01,1.973725e+01,1.954701e+01,1.977947e+01,1.982168e+01,1.980058e+01,1.989198e+01,2.002542e+01,1.996224e+01,1.993414e+01,2.014467e+01,2.027778e+01,2.026378e+01,2.035476e+01,2.038974e+01,2.038974e+01,2.045964e+01,2.064816e+01,2.064816e+01,2.063420e+01,2.078060e+01,2.092679e+01,2.080150e+01,2.083632e+01,2.085720e+01,2.082935e+01,2.079453e+01,2.080150e+01,2.080150e+01,2.078757e+01,2.091983e+01,2.079453e+01,2.080846e+01,2.091287e+01,2.094070e+01,2.081543e+01,2.071091e+01,2.082935e+01,2.077363e+01,2.087112e+01,2.075273e+01,2.085024e+01,2.085720e+01,2.078757e+01,2.073182e+01,2.071091e+01,2.071091e+01,2.069697e+01,2.078757e+01,2.082239e+01,2.082935e+01,2.082935e+01,2.071789e+01,2.075273e+01,2.091287e+01,2.076667e+01,2.089200e+01,2.070394e+01,2.082935e+01,2.082239e+01,2.080846e+01,2.079453e+01,2.078060e+01,2.077363e+01,2.078757e+01,2.073182e+01,2.094765e+01,2.084328e+01,2.087112e+01,2.079453e+01,2.081543e+01,2.080150e+01,2.081543e+01,2.094070e+01,2.080846e+01,2.085024e+01,2.081543e+01,2.079453e+01,2.091287e+01,2.080150e+01,2.080150e+01,2.081543e+01,2.082239e+01,2.080150e+01,2.091287e+01,2.079453e+01,2.081543e+01,2.069697e+01,2.075273e+01,2.078757e+01,2.086416e+01,2.086416e+01,2.093374e+01,2.081543e+01,2.085720e+01,2.089896e+01,2.082239e+01,2.085024e+01,2.082239e+01,2.083632e+01,2.078757e+01,2.085024e+01,2.087808e+01,2.082239e+01,2.088504e+01,2.071091e+01,2.091287e+01,2.079453e+01,2.089200e+01,2.082935e+01,2.087112e+01,2.087808e+01,2.085720e+01,2.080150e+01,2.075273e+01,2.082239e+01,2.080846e+01,2.086416e+01,2.083632e+01,2.082935e+01,2.086416e+01,2.092679e+01,2.081543e+01,2.086416e+01,2.082239e+01,2.076667e+01,2.075970e+01,2.080150e+01,2.080846e+01,2.084328e+01,2.085024e+01,2.079453e+01,2.083632e+01,2.078757e+01,2.078757e+01,2.089896e+01,2.076667e+01,2.082935e+01,2.083632e+01,2.087808e+01,2.085024e+01,2.084328e+01,2.085720e+01,2.069697e+01,2.095461e+01,2.074576e+01,2.087808e+01,2.085720e+01,2.089200e+01,2.087808e+01,2.081543e+01,2.072486e+01,2.082935e+01,2.080846e+01,2.089200e+01,2.103107e+01,2.079453e+01,2.086416e+01,2.084328e+01,2.085720e+01,2.073182e+01,2.070394e+01,2.087808e+01,2.075970e+01,2.085024e+01,2.085024e+01,2.078757e+01,2.077363e+01,2.075273e+01,2.077363e+01,2.085720e+01,2.078060e+01,2.078060e+01,2.077363e+01,2.089200e+01,2.085024e+01,2.088504e+01,2.080150e+01,2.081543e+01,2.101718e+01,2.082239e+01,2.083632e+01,2.085024e+01,2.082239e+01,2.085024e+01,2.088504e+01,2.080846e+01,2.077363e+01,2.082935e+01,2.089896e+01,2.091983e+01,2.089200e+01,2.074576e+01,2.090592e+01,2.094765e+01,2.091983e+01,2.089896e+01,2.093374e+01,2.085720e+01,2.087112e+01,2.089200e+01,2.090592e+01,2.094070e+01,2.092679e+01,2.098242e+01,2.091287e+01,2.095461e+01,2.101718e+01,2.101023e+01,2.099632e+01,2.098242e+01,2.098242e+01,2.098937e+01,2.096156e+01,2.099632e+01,2.098242e+01,2.091287e+01,2.089896e+01,2.082239e+01,2.094070e+01,2.084328e+01,2.092679e+01,2.088504e+01,2.098242e+01,2.086416e+01,2.094070e+01,2.082935e+01,2.085720e+01,2.085720e+01,2.078060e+01,2.078757e+01,2.090592e+01,2.095461e+01,2.081543e+01,2.086416e+01,2.075273e+01,2.082239e+01,2.072486e+01,2.088504e+01,2.085720e+01,2.093374e+01,2.086416e+01,2.089896e+01,2.077363e+01,2.092679e+01,2.085024e+01,2.088504e+01,2.087112e+01,2.083632e+01,2.072486e+01,2.078757e+01,2.085024e+01,2.073182e+01,2.069000e+01,2.098937e+01,2.082239e+01,2.078060e+01,2.078757e+01,2.076667e+01,2.074576e+01,2.077363e+01,2.056442e+01,2.085720e+01,2.087808e+01,2.085024e+01,2.073879e+01,2.085720e+01,2.080150e+01,2.076667e+01,2.077363e+01,2.074576e+01,2.072486e+01,2.066908e+01,2.082239e+01,2.079453e+01,2.075970e+01,2.071091e+01,2.082239e+01,2.071789e+01,2.069000e+01,2.080150e+01,2.080150e+01,2.064816e+01,2.078060e+01,2.076667e+01,2.082239e+01,2.086416e+01,2.078757e+01,2.070394e+01,2.073879e+01,2.075273e+01,2.075273e+01,2.076667e+01,2.074576e+01,2.085024e+01,2.075970e+01,2.075970e+01,2.064816e+01,2.070394e+01,2.077363e+01,2.076667e+01,2.078757e+01,2.078060e+01,2.077363e+01,2.087808e+01,2.079453e+01,2.081543e+01,2.079453e+01
1.897414e+01,1.900960e+01,1.883928e+01,1.906630e+01,1.911590e+01,1.877534e+01,1.891738e+01,1.896704e+01,1.891028e+01,1.904504e+01,1.901669e+01,1.917254e+01,1.894576e+01,1.888899e+01,1.891028e+01,1.869713e+01,1.873269e+01,1.862598e+01,1.854765e+01,1.841221e+01,1.851203e+01,1.871847e+01,1.878955e+01,1.905922e+01,1.927160e+01,1.945529e+01,1.958932e+01,1.932815e+01,1.939881e+01,1.944118e+01,1.960342e+01,1.961751e+01,1.992711e+01,2.001841e+01,2.016570e+01,2.016570e+01,2.032678e+01,2.026378e+01,2.013766e+01,2.031278e+01,2.014467e+01,2.011663e+01,1.992711e+01,2.015168e+01,1.998330e+01,2.010260e+01,2.003946e+01,1.995521e+01,1.998330e+01,1.997628e+01,1.999033e+01,1.994819e+01,1.994819e+01,1.994117e+01,1.996926e+01,2.001841e+01,2.002542e+01,2.011663e+01,1.997628e+01,2.023577e+01,1.989198e+01,2.008857e+01,2.005350e+01,2.016570e+01,2.015869e+01,2.036875e+01,2.027778e+01,2.025677e+01,2.057838e+01,2.056442e+01,2.050855e+01,2.066211e+01,2.082239e+01,2.083632e+01,2.066211e+01,2.078757e+01,2.079453e+01,2.078757e+01,2.074576e+01,2.083632e+01,2.080846e+01,2.069000e+01,2.077363e+01,2.085720e+01,2.086416e+01,2.083632e+01,2.081543e+01,2.087112e+01,2.082239e+01,2.086416e+01,2.083632e+01,2.078060e+01,2.087808e+01,2.089200e+01,2.082239e+01,2.076667e+01,2.073879e+01,2.075273e+01,2.075273e+01,2.080846e+01,2.074576e+01,2.059932e+01,2.082935e+01,2.075273e+01,2.073879e+01,2.076667e+01,2.074576e+01,2.087808e+01,2.087112e+01,2.083632e+01,2.077363e+01,2.073879e+01,2.077363e+01,2.078060e+01,2.075970e+01,2.067605e+01,2.072486e+01,2.053649e+01,2.055743e+01,2.054347e+01,2.022876e+01,2.024277e+01,2.002542e+01,2.001139e+01,1.967388e+01,1.955407e+01,1.934229e+01,1.913006e+01,1.909464e+01,1.885349e+01,1.900960e+01,1.885349e+01,1.877534e+01,1.863309e+01,1.867579e+01,1.861174e+01,1.854765e+01,1.854053e+01,1.857614e+01,1.853340e+01,1.864733e+01,1.859038e+01,1.860462e+01,1.842648e+01,1.861174e+01,1.856190e+01,1.857614e+01,1.859038e+01,1.857614e+01,1.864021e+01,1.855477e+01,1.851915e+01,1.854765e+01,1.861886e+01,1.856190e+01,1.855477e+01,1.849777e+01,1.864733e+01,1.862598e+01,1.861886e+01,1.863309e+01,1.876112e+01,1.875401e+01,1.873269e+01,1.864733e+01,1.863309e+01,1.876112e+01,1.873269e+01,1.873980e+01,1.864733e+01,1.867579e+01,1.865444e+01,1.889609e+01,1.871847e+01,1.875401e+01,1.876823e+01,1.892448e+01,1.881797e+01,1.884638e+01,1.898832e+01,1.915130e+01,1.906630e+01,1.914422e+01,1.924331e+01,1.915838e+01,1.928574e+01,1.932815e+01,1.930695e+01,1.927160e+01,1.939881e+01,1.922208e+01,1.922208e+01,1.935642e+01,1.938468e+01,1.944823e+01,1.925038e+01,1.933522e+01,1.938468e+01,1.963865e+01,1.946235e+01,1.967388e+01,1.963161e+01,1.967388e+01,1.984980e+01,1.997628e+01,2.021475e+01,2.044567e+01,2.041071e+01,2.052252e+01,2.066211e+01,2.072486e+01,2.084328e+01,2.085024e+01,2.065513e+01,2.084328e+01,2.085024e+01,2.087808e+01,2.078757e+01,2.080150e+01,2.075273e+01,2.078060e+01,2.071091e+01,2.075970e+01,2.080150e+01,2.092679e+01,2.080846e+01,2.085024e+01,2.071789e+01,2.064118e+01,2.056442e+01,2.054347e+01,2.053649e+01,2.054347e+01,2.050157e+01,2.051554e+01,2.038974e+01,2.041770e+01,2.041770e+01,2.043868e+01,2.055743e+01,2.063420e+01,2.064816e+01,2.077363e+01,2.081543e+01,2.085024e+01,2.077363e+01,2.089200e+01,2.082935e+01,2.078757e+01,2.073879e+01,2.069697e+01,2.069000e+01,2.066908e+01,2.061327e+01,2.046663e+01,2.035476e+01,2.036176e+01,2.034077e+01,2.031278e+01,2.036176e+01,2.024977e+01,2.029178e+01,2.028478e+01,2.043169e+01,2.051554e+01,2.059234e+01,2.073182e+01,2.064816e+01,2.075273e+01,2.076667e+01,2.076667e+01,2.069697e+01,2.071789e+01,2.071789e+01,2.064816e+01,2.062723e+01,2.051554e+01,2.035476e+01,2.033377e+01,2.031978e+01,2.025677e+01,2.029178e+01,2.025677e+01,2.010260e+01,2.006051e+01,2.020774e+01,2.006051e+01,2.003946e+01,2.006051e+01,2.008857e+01,2.006051e+01,1.999735e+01,2.005350e+01,2.010260e+01,1.996926e+01,1.999735e+01,1.995521e+01,1.992009e+01,2.000437e+01,1.997628e+01,1.989901e+01,1.991306e+01,1.988495e+01,1.986386e+01,1.984277e+01,1.975836e+01,1.984277e+01,1.979354e+01,1.980058e+01,1.973725e+01,1.961047e+01,1.969500e+01,1.961047e+01,1.957522e+01,1.950469e+01,1.954701e+01,1.958227e+01,1.953291e+01,1.952586e+01,1.948352e+01,1.946235e+01,1.952586e+01,1.951175e+01,1.953291e+01,1.951175e+01,1.950469e+01,1.952586e+01,1.949764e+01,1.951175e+01,1.948352e+01,1.955407e+01,1.958227e+01,1.950469e+01,1.951175e+01,1.950469e+01,1.953291e+01,1.973725e+01,1.965274e+01,1.969500e+01,1.984277e+01,1.996224e+01,1.986386e+01,1.999735e+01,2.015869e+01,2.010260e+01,2.020774e+01,2.022876e+01,2.022176e+01,2.057140e+01,2.058536e+01,2.059234e+01,2.072486e+01,2.073879e+01,2.075970e+01,2.076667e+01,2.080846e+01,2.078757e+01,2.078757e+01,2.091287e+01,2.087112e+01,2.080150e+01,2.078757e+01,2.084328e+01,2.089896e+01,2.078060e+01,2.085024e+01,2.089200e+01,2.089896e+01,2.087808e+01,2.086416e+01,2.081543e+01,2.073182e+01,2.087112e+01,2.085720e+01,2.083632e+01,2.085720e+01,2.080150e+01,2.080846e+01,2.078757e+01,2.081543e+01,2.072486e+01,2.076667e+01,2.076667e+01,2.082239e+01,2.080150e+01,2.082239e+01,2.084328e+01,2.092679e+01,2.094765e+01,2.085024e+01,2.083632e+01,2.089200e+01,2.092679e+01,2.082935e+01,2.082239e+01,2.075970e+01,2.080150e+01,2.087112e+01,2.084328e+01,2.089200e+01,2.084328e+01,2.082239e+01,2.075273e+01,2.088504e+01,2.081543e+01,2.100327e+01,2.091983e+01,2.081543e+01,2.083632e+01,2.078757e+01,2.086416e+01,2.079453e+01,2.091983e+01,2.089896e+01,2.075970e+01,2.081543e+01,2.076667e+01,2.080150e+01,2.081543e+01,2.080846e+01,2.080846e+01,2.085720e+01,2.082935e+01,2.082239e+01,2.087808e+01,2.088504e+01,2.085720e+01,2.079453e+01,2.077363e+01,2.089896e+01,2.087808e+01,2.084328e+01,2.071789e+01,2.085720e+01,2.081543e+01,2.081543e+01,2.080846e+01,2.089896e+01,2.086416e+01,2.095461e+01,2.085720e+01,2.087808e+01,2.096852e+01,2.085720e+01,2.089200e+01,2.082935e+01,2.091983e+01,2.081543e+01,2.083632e+01,2.082935e+01,2.088504e+01,2.078757e+01,2.091287e+01,2.072486e+01,2.078060e+01,2.078060e+01,2.075970e+01,2.081543e+01,2.080846e+01,2.096156e+01,2.097547e+01,2.080846e+01,2.080846e+01,2.080150e+01,2.080150e+01,2.087112e+01,2.089200e+01,2.086416e+01,2.086416e+01,2.091983e+01,2.083632e+01,2.085720e+01,2.075970e+01,2.073182e+01,2.083632e+01,2.073879e+01,2.084328e+01,2.078757e+01,2.087112e+01,2.083632e+01,2.085720e+01,2.078060e+01,2.078060e+01,2.075273e+01,2.084328e+01,2.082935e+01,2.082239e+01,2.080150e+01,2.089896e+01,2.080150e+01,2.079453e+01,2.082239e+01,2.087808e+01,2.078060e+01,2.089896e+01,2.080150e+01,2.072486e+01,2.080846e+01,2.071789e+01,2.080150e+01,2.081543e+01,2.089896e+01,2.085024e+01,2.078757e+01,2.084328e+01,2.087808e+01,2.089200e+01,2.085720e+01,2.094765e+01,2.078060e+01,2.087112e+01,2.082239e+01,2.083632e+01,2.082239e+01,2.089200e+01,2.084328e+01,2.087808e+01,2.091287e+01,2.083632e+01,2.085024e+01,2.089200e+01,2.086416e+01,2.091287e+01,2.085720e+01,2.078060e+01,2.088504e+01,2.085720e+01,2.092679e+01,2.091287e+01,2.086416e+01,2.085024e+01,2.098242e+01,2.086416e+01,2.098242e+01,2.094070e+01,2.096156e+01,2.092679e+01,2.089896e+01,2.103107e+01,2.101023e+01,2.086416e+01,2.102413e+01,2.100327e+01,2.098242e+01,2.097547e+01,2.086416e+01,2.100327e+01,2.094070e+01,2.088504e+01,2.086416e+01,2.086416e+01,2.087808e+01,2.087808e+01,2.094070e+01,2.096852e+01,2.087808e+01,2.087808e+01,2.081543e+01,2.083632e+01,2.079453e+01,2.089200e+01,2.098937e+01,2.087112e+01,2.085720e+01,2.090592e+01,2.079453e+01,2.083632e+01,2.080846e+01,2.078060e+01,2.071091e+01,2.078757e+01,2.087112e+01,2.082239e+01,2.087808e+01,2.093374e+01,2.085024e+01,2.091287e+01,2.076667e+01,2.076667e+01,2.090592e+01,2.081543e+01,2.094765e+01,2.080150e+01,2.085720e+01,2.069697e+01,2.072486e+01,2.087808e+01,2.082935e+01,2.078060e+01,2.070394e+01,2.072486e+01,2.075273e+01,2.073879e+01,2.075273e+01,2.078757e+01,2.071789e+01,2.081543e+01,2.083632e+01,2.085720e+01,2.087112e+01,2.074576e+01,2.074576e+01,2.072486e+01,2.080846e+01,2.091983e+01,2.078060e+01,2.073879e+01,2.077363e+01,2.061327e+01,2.073879e+01,2.071091e+01,2.085024e+01,2.071091e+01,2.073879e+01,2.079453e+01,2.079453e+01,2.068303e+01,2.075273e+01,2.073879e+01,2.084328e+01,2.073879e+01,2.068303e+01,2.079453e+01,2.072486e+01,2.081543e+01,2.080846e+01,2.082239e+01,2.083632e+01,2.075273e+01,2.073182e+01,2.053649e+01,2.075273e+01,2.078060e+01,2.078060e+01,2.078060e+01,2.081543e+01,2.090592e+01,2.080846e+01,2.088504e+01,2.075970e+01
1.929281e+01,1.907339e+01,1.906630e+01,1.907339e+01,1.906630e+01,1.912298e+01,1.912298e+01,1.908756e+01,1.911590e+01,1.927160e+01,1.904504e+01,1.927867e+01,1.909464e+01,1.901669e+01,1.893157e+01,1.887479e+01,1.865444e+01,1.859038e+01,1.841221e+01,1.836227e+01,1.873269e+01,1.873980e+01,1.883218e+01,1.907339e+01,1.932815e+01,1.938468e+01,1.932109e+01,1.935642e+01,1.958932e+01,1.966683e+01,1.991306e+01,1.997628e+01,2.002542e+01,2.029178e+01,2.024277e+01,2.009559e+01,2.016570e+01,2.015869e+01,2.012364e+01,1.990604e+01,1.984980e+01,1.994819e+01,2.001841e+01,1.989901e+01,1.984277e+01,1.996926e+01,1.995521e+01,1.975836e+01,1.982871e+01,1.994819e+01,1.994819e+01,1.993414e+01,1.989198e+01,1.994117e+01,1.989198e+01,1.988495e+01,1.987090e+01,1.992009e+01,1.992009e+01,1.984980e+01,1.987090e+01,1.987792e+01,2.003244e+01,2.008156e+01,2.004648e+01,2.017972e+01,2.022176e+01,2.029878e+01,2.018673e+01,2.041770e+01,2.039673e+01,2.057140e+01,2.066908e+01,2.077363e+01,2.071091e+01,2.071091e+01,2.080150e+01,2.075970e+01,2.071789e+01,2.078060e+01,2.082935e+01,2.071091e+01,2.080150e+01,2.075970e+01,2.074576e+01,2.078757e+01,2.075273e+01,2.080150e+01,2.080846e+01,2.071091e+01,2.088504e+01,2.087112e+01,2.083632e+01,2.087808e+01,2.083632e+01,2.077363e+01,2.077363e+01,2.082935e+01,2.069000e+01,2.081543e+01,2.073182e+01,2.056442e+01,2.073182e+01,2.077363e+01,2.076667e+01,2.075970e+01,2.077363e+01,2.082935e+01,2.080150e+01,2.082239e+01,2.079453e+01,2.077363e+01,2.072486e+01,2.073182e+01,2.074576e+01,2.071091e+01,2.066211e+01,2.050157e+01,2.052252e+01,2.027078e+01,2.024977e+01,2.006051e+01,1.993414e+01,1.972317e+01,1.954701e+01,1.930695e+01,1.921501e+01,1.910173e+01,1.876112e+01,1.881087e+01,1.880376e+01,1.865444e+01,1.865444e+01,1.859038e+01,1.862598e+01,1.864733e+01,1.861886e+01,1.854053e+01,1.853340e+01,1.855477e+01,1.850490e+01,1.854053e+01,1.859750e+01,1.856190e+01,1.838367e+01,1.847639e+01,1.851203e+01,1.859750e+01,1.869002e+01,1.846926e+01,1.846213e+01,1.847639e+01,1.858326e+01,1.865444e+01,1.856190e+01,1.863309e+01,1.861174e+01,1.865444e+01,1.863309e+01,1.871847e+01,1.870424e+01,1.876823e+01,1.874691e+01,1.864733e+01,1.865444e+01,1.882508e+01,1.878955e+01,1.874691e+01,1.862598e+01,1.873980e+01,1.878955e+01,1.873269e+01,1.884638e+01,1.864021e+01,1.871135e+01,1.881797e+01,1.883218e+01,1.888189e+01,1.886769e+01,1.895995e+01,1.916546e+01,1.915838e+01,1.915838e+01,1.915130e+01,1.914422e+01,1.919378e+01,1.919378e+01,1.926452e+01,1.934936e+01,1.925038e+01,1.920793e+01,1.919378e+01,1.921501e+01,1.918670e+01,1.942705e+01,1.938468e+01,1.939881e+01,1.941293e+01,1.931402e+01,1.937055e+01,1.944823e+01,1.946941e+01,1.958227e+01,1.966683e+01,1.961047e+01,1.965274e+01,1.982168e+01,2.008156e+01,2.011663e+01,2.050157e+01,2.071789e+01,2.071091e+01,2.089896e+01,2.068303e+01,2.083632e+01,2.086416e+01,2.080150e+01,2.078757e+01,2.080150e+01,2.082935e+01,2.074576e+01,2.073182e+01,2.081543e+01,2.089896e+01,2.069697e+01,2.071091e+01,2.090592e+01,2.076667e+01,2.057140e+01,2.057140e+01,2.056442e+01,2.048061e+01,2.039673e+01,2.039673e+01,2.043169e+01,2.024977e+01,2.034777e+01,2.022176e+01,2.041770e+01,2.033377e+01,2.050157e+01,2.062025e+01,2.067605e+01,2.076667e+01,2.078060e+01,2.074576e+01,2.074576e+01,2.068303e+01,2.075970e+01,2.073879e+01,2.075273e+01,2.072486e+01,2.066211e+01,2.069697e+01,2.064816e+01,2.045266e+01,2.064118e+01,2.050157e+01,2.048759e+01,2.036875e+01,2.027078e+01,2.036875e+01,2.033377e+01,2.050157e+01,2.051554e+01,2.061327e+01,2.052252e+01,2.073182e+01,2.073879e+01,2.072486e+01,2.069697e+01,2.063420e+01,2.065513e+01,2.070394e+01,2.048061e+01,2.054347e+01,2.045266e+01,2.038974e+01,2.025677e+01,2.036875e+01,2.035476e+01,2.031978e+01,2.032678e+01,2.024977e+01,2.008857e+01,2.010961e+01,2.003946e+01,2.001139e+01,2.017271e+01,2.008156e+01,2.004648e+01,2.010961e+01,2.006051e+01,2.001139e+01,2.015869e+01,1.992009e+01,2.004648e+01,1.997628e+01,2.000437e+01,1.996224e+01,1.987792e+01,1.996926e+01,1.988495e+01,1.985683e+01,1.976540e+01,1.970205e+01,1.973021e+01,1.967388e+01,1.973021e+01,1.968796e+01,1.963161e+01,1.950469e+01,1.956817e+01,1.955407e+01,1.951880e+01,1.952586e+01,1.956112e+01,1.956817e+01,1.951880e+01,1.953996e+01,1.938468e+01,1.939174e+01,1.944118e+01,1.934936e+01,1.943411e+01,1.944823e+01,1.938468e+01,1.939881e+01,1.939881e+01,1.936349e+01,1.932109e+01,1.932109e+01,1.930695e+01,1.946941e+01,1.950469e+01,1.934936e+01,1.950469e+01,1.958227e+01,1.962456e+01,1.964570e+01,1.987792e+01,1.981464e+01,1.997628e+01,1.999735e+01,2.003946e+01,2.019373e+01,2.020774e+01,2.040372e+01,2.047362e+01,2.055743e+01,2.059932e+01,2.060629e+01,2.077363e+01,2.077363e+01,2.080150e+01,2.082239e+01,2.077363e+01,2.078060e+01,2.080846e+01,2.079453e+01,2.079453e+01,2.079453e+01,2.083632e+01,2.081543e+01,2.082239e+01,2.084328e+01,2.077363e+01,2.075970e+01,2.084328e+01,2.087112e+01,2.080846e+01,2.076667e+01,2.083632e+01,2.081543e+01,2.084328e+01,2.079453e+01,2.086416e+01,2.071091e+01,2.083632e+01,2.089200e+01,2.068303e+01,2.082935e+01,2.082935e+01,2.073182e+01,2.071091e+01,2.077363e+01,2.077363e+01,2.082239e+01,2.072486e+01,2.081543e+01,2.094070e+01,2.089200e+01,2.076667e+01,2.083632e+01,2.080150e+01,2.076667e+01,2.078060e+01,2.080150e+01,2.085024e+01,2.082935e+01,2.085024e+01,2.088504e+01,2.085024e+01,2.085720e+01,2.086416e+01,2.074576e+01,2.085720e+01,2.085024e+01,2.079453e+01,2.082239e+01,2.080846e+01,2.082239e+01,2.080846e+01,2.088504e+01,2.084328e+01,2.082239e+01,2.080150e+01,2.079453e+01,2.077363e+01,2.084328e+01,2.082935e+01,2.091287e+01,2.090592e+01,2.084328e+01,2.085024e+01,2.085720e+01,2.086416e+01,2.090592e+01,2.082239e+01,2.088504e+01,2.086416e+01,2.083632e+01,2.085024e+01,2.087808e+01,2.085720e+01,2.084328e+01,2.082239e+01,2.085024e+01,2.085720e+01,2.071091e+01,2.082239e+01,2.085024e+01,2.086416e+01,2.082935e+01,2.084328e+01,2.085720e+01,2.082935e+01,2.078060e+01,2.087808e+01,2.073182e+01,2.086416e+01,2.075273e+01,2.078757e+01,2.087808e+01,2.078060e+01,2.087808e+01,2.085720e+01,2.087112e+01,2.078757e+01,2.081543e+01,2.089896e+01,2.084328e+01,2.081543e+01,2.083632e+01,2.079453e+01,2.081543e+01,2.077363e+01,2.084328e+01,2.087808e+01,2.085024e+01,2.085720e+01,2.088504e+01,2.081543e+01,2.080150e+01,2.083632e+01,2.078757e+01,2.082239e+01,2.073182e+01,2.081543e+01,2.085024e+01,2.073879e+01,2.075273e+01,2.078757e+01,2.079453e+01,2.068303e+01,2.085720e+01,2.083632e+01,2.075970e+01,2.081543e+01,2.088504e+01,2.086416e+01,2.088504e+01,2.080846e+01,2.080846e+01,2.084328e+01,2.073879e+01,2.085024e+01,2.077363e+01,2.069697e+01,2.075273e+01,2.069000e+01,2.078060e+01,2.071789e+01,2.076667e+01,2.087808e+01,2.075970e+01,2.092679e+01,2.085024e+01,2.086416e+01,2.088504e+01,2.080150e+01,2.080150e+01,2.082935e+01,2.084328e+01,2.085720e+01,2.085720e+01,2.085720e+01,2.088504e+01,2.084328e+01,2.085024e+01,2.087808e+01,2.080846e+01,2.091983e+01,2.088504e+01,2.087808e+01,2.093374e+01,2.088504e+01,2.093374e+01,2.087808e+01,2.094765e+01,2.087112e+01,2.094070e+01,2.098937e+01,2.093374e+01,2.100327e+01,2.083632e+01,2.099632e+01,2.098242e+01,2.089896e+01,2.096852e+01,2.105887e+01,2.090592e+01,2.101718e+01,2.101718e+01,2.090592e+01,2.096852e+01,2.091287e+01,2.089896e+01,2.089200e+01,2.092679e+01,2.088504e+01,2.093374e+01,2.085720e+01,2.088504e+01,2.089896e+01,2.094070e+01,2.083632e+01,2.086416e+01,2.105887e+01,2.082239e+01,2.078060e+01,2.081543e+01,2.085024e+01,2.083632e+01,2.091983e+01,2.082935e+01,2.078757e+01,2.080150e+01,2.075970e+01,2.075273e+01,2.079453e+01,2.086416e+01,2.090592e+01,2.090592e+01,2.085024e+01,2.089896e+01,2.078757e+01,2.078060e+01,2.076667e+01,2.075970e+01,2.094765e+01,2.081543e+01,2.080150e+01,2.079453e+01,2.075273e+01,2.082935e+01,2.087808e+01,2.084328e+01,2.080150e+01,2.082935e+01,2.071091e+01,2.077363e+01,2.081543e+01,2.075273e+01,2.087808e+01,2.073879e+01,2.072486e+01,2.074576e+01,2.064118e+01,2.081543e+01,2.077363e+01,2.064118e+01,2.082239e+01,2.086416e+01,2.078060e+01,2.069000e+01,2.071789e+01,2.066211e+01,2.074576e+01,2.072486e+01,2.069697e+01,2.069000e+01,2.064816e+01,2.075273e+01,2.079453e+01,2.080150e+01,2.074576e+01,2.075273e+01,2.068303e+01,2.068303e+01,2.069000e+01,2.069697e+01,2.080846e+01,2.077363e+01,2.085024e+01,2.074576e+01,2.075970e+01,2.078757e+01,2.073182e+01,2.085720e+01,2.073879e+01,2.071789e+01,2.075970e+01,2.078060e+01,2.080150e+01,2.073182e+01,2.085720e+01,2.071091e+01,2.075273e+01,2.069697e+01
1.933522e+01,1.925745e+01,1.906630e+01,1.929988e+01,1.922916e+01,1.934229e+01,1.915130e+01,1.922208e+01,1.932109e+01,1.917254e+01,1.921501e+01,1.921501e+01,1.901669e+01,1.907339e+01,1.880376e+01,1.871135e+01,1.861174e+01,1.849777e+01,1.833372e+01,1.835513e+01,1.860462e+01,1.868290e+01,1.889609e+01,1.926452e+01,1.927867e+01,1.939881e+01,1.934936e+01,1.958932e+01,1.965979e+01,1.994819e+01,1.998330e+01,2.020774e+01,2.024277e+01,2.017972e+01,2.008156e+01,2.000437e+01,1.996926e+01,1.996224e+01,1.992711e+01,2.002542e+01,1.992711e+01,1.990604e+01,2.001139e+01,1.982871e+01,1.996224e+01,1.992711e+01,1.989901e+01,1.987090e+01,1.979354e+01,1.981464e+01,1.977243e+01,1.975132e+01,1.988495e+01,1.972317e+01,1.989198e+01,1.992009e+01,1.987792e+01,1.991306e+01,1.996224e+01,1.973021e+01,1.978650e+01,1.999735e+01,2.031978e+01,1.989198e+01,2.014467e+01,2.010961e+01,2.020074e+01,2.015168e+01,2.010961e+01,2.027078e+01,2.041770e+01,2.043868e+01,2.066908e+01,2.070394e+01,2.066211e+01,2.072486e+01,2.083632e+01,2.082239e+01,2.080150e+01,2.082935e+01,2.070394e+01,2.081543e+01,2.080150e+01,2.077363e+01,2.080150e+01,2.078757e+01,2.080846e+01,2.078757e+01,2.087112e+01,2.079453e+01,2.085720e+01,2.075970e+01,2.086416e+01,2.071789e+01,2.072486e+01,2.078757e+01,2.083632e+01,2.079453e+01,2.082935e+01,2.078757e+01,2.071789e+01,2.074576e+01,2.081543e+01,2.077363e+01,2.078060e+01,2.075273e+01,2.073879e+01,2.074576e+01,2.083632e+01,2.082239e+01,2.089896e+01,2.072486e+01,2.071789e+01,2.075970e+01,2.071091e+01,2.067605e+01,2.062723e+01,2.028478e+01,2.028478e+01,1.997628e+01,1.997628e+01,1.977243e+01,1.973725e+01,1.938468e+01,1.917254e+01,1.916546e+01,1.888899e+01,1.900251e+01,1.879666e+01,1.862598e+01,1.881087e+01,1.856190e+01,1.862598e+01,1.856190e+01,1.863309e+01,1.859038e+01,1.863309e+01,1.859038e+01,1.857614e+01,1.854765e+01,1.856190e+01,1.856190e+01,1.859038e+01,1.857614e+01,1.856902e+01,1.858326e+01,1.858326e+01,1.864733e+01,1.850490e+01,1.868290e+01,1.856902e+01,1.860462e+01,1.865444e+01,1.864021e+01,1.866156e+01,1.883928e+01,1.873269e+01,1.854765e+01,1.864021e+01,1.865444e+01,1.869002e+01,1.886059e+01,1.873269e+01,1.883928e+01,1.888189e+01,1.882508e+01,1.880376e+01,1.864733e+01,1.876823e+01,1.876112e+01,1.872558e+01,1.871847e+01,1.880376e+01,1.866156e+01,1.886769e+01,1.885349e+01,1.884638e+01,1.906630e+01,1.885349e+01,1.908047e+01,1.915130e+01,1.910173e+01,1.916546e+01,1.917962e+01,1.916546e+01,1.919378e+01,1.916546e+01,1.917254e+01,1.925745e+01,1.916546e+01,1.919378e+01,1.921501e+01,1.924331e+01,1.923623e+01,1.929281e+01,1.939881e+01,1.931402e+01,1.929281e+01,1.934229e+01,1.943411e+01,1.939881e+01,1.962456e+01,1.955407e+01,1.961047e+01,1.957522e+01,1.964570e+01,1.956817e+01,1.961751e+01,1.977243e+01,2.010260e+01,2.012364e+01,2.062723e+01,2.084328e+01,2.064118e+01,2.085720e+01,2.078060e+01,2.085720e+01,2.085024e+01,2.086416e+01,2.068303e+01,2.089200e+01,2.091287e+01,2.073879e+01,2.069697e+01,2.085720e+01,2.076667e+01,2.073879e+01,2.080846e+01,2.064816e+01,2.063420e+01,2.055045e+01,2.038274e+01,2.045266e+01,2.033377e+01,2.039673e+01,2.021475e+01,2.027078e+01,2.025677e+01,2.036176e+01,2.034077e+01,2.046663e+01,2.050855e+01,2.053649e+01,2.055743e+01,2.079453e+01,2.081543e+01,2.084328e+01,2.078060e+01,2.072486e+01,2.073879e+01,2.073182e+01,2.073879e+01,2.075970e+01,2.070394e+01,2.075970e+01,2.052950e+01,2.058536e+01,2.057838e+01,2.048759e+01,2.051554e+01,2.053649e+01,2.041770e+01,2.052252e+01,2.050855e+01,2.057838e+01,2.054347e+01,2.073182e+01,2.072486e+01,2.074576e+01,2.068303e+01,2.062723e+01,2.066908e+01,2.059234e+01,2.062723e+01,2.054347e+01,2.044567e+01,2.041071e+01,2.036875e+01,2.030578e+01,2.032678e+01,2.027778e+01,2.029178e+01,2.025677e+01,2.027078e+01,2.006051e+01,2.020774e+01,2.013065e+01,2.006753e+01,2.003946e+01,2.008156e+01,2.008857e+01,2.013766e+01,2.013766e+01,1.996224e+01,2.013766e+01,2.003244e+01,2.007454e+01,2.005350e+01,1.992711e+01,1.999735e+01,1.999735e+01,2.004648e+01,1.986386e+01,1.982871e+01,1.986386e+01,1.979354e+01,1.983574e+01,1.975836e+01,1.968092e+01,1.965274e+01,1.965979e+01,1.959637e+01,1.958227e+01,1.951880e+01,1.956817e+01,1.940587e+01,1.953291e+01,1.941293e+01,1.953996e+01,1.942705e+01,1.939881e+01,1.943411e+01,1.936349e+01,1.932109e+01,1.948352e+01,1.917254e+01,1.934936e+01,1.917254e+01,1.932109e+01,1.925038e+01,1.937055e+01,1.931402e+01,1.928574e+01,1.934229e+01,1.934936e+01,1.941293e+01,1.934229e+01,1.939174e+01,1.956112e+01,1.964570e+01,1.951175e+01,1.965274e+01,1.970205e+01,1.988495e+01,1.986386e+01,2.003946e+01,2.001841e+01,2.039673e+01,2.039673e+01,2.060629e+01,2.067605e+01,2.070394e+01,2.068303e+01,2.082239e+01,2.072486e+01,2.080150e+01,2.080846e+01,2.082935e+01,2.081543e+01,2.076667e+01,2.078060e+01,2.081543e+01,2.080846e+01,2.081543e+01,2.084328e+01,2.086416e+01,2.079453e+01,2.081543e+01,2.071789e+01,2.075273e+01,2.069697e+01,2.080846e+01,2.076667e+01,2.082935e+01,2.082935e+01,2.084328e+01,2.082935e+01,2.071789e+01,2.071091e+01,2.093374e+01,2.079453e+01,2.080150e+01,2.072486e+01,2.069697e+01,2.071091e+01,2.074576e+01,2.084328e+01,2.080846e+01,2.078757e+01,2.085024e+01,2.074576e+01,2.083632e+01,2.083632e+01,2.082239e+01,2.085024e+01,2.078060e+01,2.080846e+01,2.082239e+01,2.085024e+01,2.086416e+01,2.083632e+01,2.084328e+01,2.091983e+01,2.075970e+01,2.093374e+01,2.086416e+01,2.075970e+01,2.080846e+01,2.078060e+01,2.087112e+01,2.090592e+01,2.096852e+01,2.088504e+01,2.084328e+01,2.074576e+01,2.080846e+01,2.089200e+01,2.078757e+01,2.086416e+01,2.079453e+01,2.096852e+01,2.065513e+01,2.083632e+01,2.089200e+01,2.080150e+01,2.082239e+01,2.080150e+01,2.085720e+01,2.082239e+01,2.088504e+01,2.089200e+01,2.079453e+01,2.087112e+01,2.084328e+01,2.085024e+01,2.082239e+01,2.083632e+01,2.082935e+01,2.082239e+01,2.083632e+01,2.088504e+01,2.088504e+01,2.090592e+01,2.088504e+01,2.087808e+01,2.087808e+01,2.082935e+01,2.091287e+01,2.085720e+01,2.074576e+01,2.080846e+01,2.091287e+01,2.089896e+01,2.089896e+01,2.088504e+01,2.087808e+01,2.085720e+01,2.083632e+01,2.080846e+01,2.078757e+01,2.086416e+01,2.080150e+01,2.087112e+01,2.103107e+01,2.079453e+01,2.089896e+01,2.087808e+01,2.080150e+01,2.080846e+01,2.082935e+01,2.076667e+01,2.087808e+01,2.086416e+01,2.085024e+01,2.094070e+01,2.086416e+01,2.087112e+01,2.076667e+01,2.082935e+01,2.081543e+01,2.076667e+01,2.080150e+01,2.082935e+01,2.073879e+01,2.073879e+01,2.085720e+01,2.080846e+01,2.091287e+01,2.085024e+01,2.082935e+01,2.086416e+01,2.080846e+01,2.081543e+01,2.080150e+01,2.091287e+01,2.093374e+01,2.069000e+01,2.079453e+01,2.081543e+01,2.071091e+01,2.083632e+01,2.087112e+01,2.080150e+01,2.088504e+01,2.091983e+01,2.088504e+01,2.087808e+01,2.082239e+01,2.083632e+01,2.069697e+01,2.075970e+01,2.080150e+01,2.076667e+01,2.084328e+01,2.082239e+01,2.091983e+01,2.085024e+01,2.089896e+01,2.086416e+01,2.083632e+01,2.085720e+01,2.094765e+01,2.091287e+01,2.088504e+01,2.089200e+01,2.093374e+01,2.095461e+01,2.094765e+01,2.091983e+01,2.096156e+01,2.087808e+01,2.089200e+01,2.089896e+01,2.103802e+01,2.101023e+01,2.095461e+01,2.095461e+01,2.103802e+01,2.102413e+01,2.104497e+01,2.103802e+01,2.103107e+01,2.089200e+01,2.103802e+01,2.094765e+01,2.096852e+01,2.107276e+01,2.094765e+01,2.093374e+01,2.094765e+01,2.091287e+01,2.091287e+01,2.094070e+01,2.091983e+01,2.089200e+01,2.077363e+01,2.085024e+01,2.094070e+01,2.082935e+01,2.081543e+01,2.083632e+01,2.085024e+01,2.080846e+01,2.084328e+01,2.089896e+01,2.090592e+01,2.078757e+01,2.081543e+01,2.088504e+01,2.090592e+01,2.080150e+01,2.082239e+01,2.084328e+01,2.080846e+01,2.091287e+01,2.085720e+01,2.080846e+01,2.078060e+01,2.096156e+01,2.091287e+01,2.078060e+01,2.082935e+01,2.082935e+01,2.078060e+01,2.078060e+01,2.077363e+01,2.083632e+01,2.080150e+01,2.075273e+01,2.085024e+01,2.087112e+01,2.082239e+01,2.085024e+01,2.072486e+01,2.075970e+01,2.084328e+01,2.080150e+01,2.084328e+01,2.078757e+01,2.094765e+01,2.062723e+01,2.082935e+01,2.072486e+01,2.071789e+01,2.078757e+01,2.080150e+01,2.068303e+01,2.072486e+01,2.078060e+01,2.076667e+01,2.071091e+01,2.080846e+01,2.078757e+01,2.075273e+01,2.065513e+01,2.076667e+01,2.065513e+01,2.062025e+01,2.070394e+01,2.063420e+01,2.078060e+01,2.080846e+01,2.069697e+01,2.081543e+01,2.078060e+01,2.082239e+01,2.072486e+01,2.083632e+01,2.069000e+01,2.076667e+01,2.082935e+01,2.075970e+01,2.066908e+01,2.080150e+01,2.076667e+01,2.075970e+01,2.078757e+01,2.054347e+01,2.063420e+01,2.060629e+01
1.940587e+01,1.918670e+01,1.932815e+01,1.946235e+01,1.925745e+01,1.934936e+01,1.937055e+01,1.923623e+01,1.920085e+01,1.913006e+01,1.922916e+01,1.915838e+01,1.919378e+01,1.882508e+01,1.898123e+01,1.881797e+01,1.877534e+01,1.861886e+01,1.868290e+01,1.851915e+01,1.880376e+01,1.886059e+01,1.895995e+01,1.910173e+01,1.925038e+01,1.941999e+01,1.958932e+01,1.999735e+01,2.009559e+01,2.005350e+01,2.021475e+01,2.004648e+01,2.022176e+01,2.001139e+01,1.996224e+01,1.994117e+01,1.997628e+01,1.989901e+01,1.988495e+01,1.991306e+01,1.988495e+01,1.996224e+01,1.992711e+01,1.982871e+01,1.999033e+01,1.977947e+01,1.990604e+01,1.977947e+01,1.977243e+01,1.976540e+01,1.968796e+01,1.966683e+01,1.990604e+01,1.988495e+01,1.980058e+01,1.982168e+01,1.981464e+01,1.991306e+01,1.984277e+01,1.999735e+01,1.999735e+01,1.998330e+01,2.001841e+01,2.003946e+01,2.005350e+01,2.004648e+01,2.009559e+01,2.017972e+01,2.020074e+01,2.024277e+01,2.034077e+01,2.046663e+01,2.065513e+01,2.065513e+01,2.071091e+01,2.082239e+01,2.084328e+01,2.080846e+01,2.082239e+01,2.082239e+01,2.072486e+01,2.069697e+01,2.073182e+01,2.078060e+01,2.078060e+01,2.076667e+01,2.076667e+01,2.080150e+01,2.089200e+01,2.082935e+01,2.080846e+01,2.082239e+01,2.086416e+01,2.075970e+01,2.084328e+01,2.086416e+01,2.087112e+01,2.081543e+01,2.087112e+01,2.070394e+01,2.071091e+01,2.078060e+01,2.071091e+01,2.083632e+01,2.078757e+01,2.078060e+01,2.082239e+01,2.074576e+01,2.075273e+01,2.083632e+01,2.064816e+01,2.072486e+01,2.069000e+01,2.072486e+01,2.071091e+01,2.049458e+01,2.027778e+01,2.022876e+01,2.001841e+01,1.981464e+01,1.988495e+01,1.938468e+01,1.938468e+01,1.918670e+01,1.908047e+01,1.892448e+01,1.879666e+01,1.873980e+01,1.879666e+01,1.883928e+01,1.865444e+01,1.856190e+01,1.854765e+01,1.862598e+01,1.856902e+01,1.861886e+01,1.864733e+01,1.858326e+01,1.860462e+01,1.849064e+01,1.856902e+01,1.855477e+01,1.846213e+01,1.856190e+01,1.851915e+01,1.856190e+01,1.862598e+01,1.852628e+01,1.857614e+01,1.865444e+01,1.865444e+01,1.864021e+01,1.851915e+01,1.861886e+01,1.878955e+01,1.871847e+01,1.878955e+01,1.873269e+01,1.865444e+01,1.869713e+01,1.880376e+01,1.880376e+01,1.897414e+01,1.888899e+01,1.877534e+01,1.889609e+01,1.888189e+01,1.878955e+01,1.874691e+01,1.876112e+01,1.879666e+01,1.878955e+01,1.878245e+01,1.876823e+01,1.893867e+01,1.886059e+01,1.887479e+01,1.907339e+01,1.906630e+01,1.907339e+01,1.908047e+01,1.913006e+01,1.920793e+01,1.922208e+01,1.915838e+01,1.919378e+01,1.920793e+01,1.917254e+01,1.917962e+01,1.921501e+01,1.922916e+01,1.915838e+01,1.927160e+01,1.934229e+01,1.934936e+01,1.929281e+01,1.929988e+01,1.951880e+01,1.929281e+01,1.946941e+01,1.965274e+01,1.962456e+01,1.953996e+01,1.961047e+01,1.961751e+01,1.953996e+01,1.955407e+01,1.953996e+01,1.968092e+01,1.978650e+01,1.989198e+01,2.013065e+01,2.021475e+01,2.057838e+01,2.077363e+01,2.071091e+01,2.076667e+01,2.075970e+01,2.086416e+01,2.086416e+01,2.087112e+01,2.066908e+01,2.081543e+01,2.066908e+01,2.089200e+01,2.091287e+01,2.090592e+01,2.071091e+01,2.077363e+01,2.054347e+01,2.055743e+01,2.044567e+01,2.042470e+01,2.034077e+01,2.032678e+01,2.023577e+01,2.024977e+01,2.021475e+01,2.017972e+01,2.027078e+01,2.037575e+01,2.035476e+01,2.049458e+01,2.053649e+01,2.071091e+01,2.069697e+01,2.080846e+01,2.081543e+01,2.080150e+01,2.073182e+01,2.074576e+01,2.085720e+01,2.068303e+01,2.075970e+01,2.064816e+01,2.070394e+01,2.057838e+01,2.065513e+01,2.057838e+01,2.052950e+01,2.052252e+01,2.034077e+01,2.054347e+01,2.057140e+01,2.054347e+01,2.055743e+01,2.072486e+01,2.056442e+01,2.074576e+01,2.065513e+01,2.071789e+01,2.069697e+01,2.063420e+01,2.059234e+01,2.056442e+01,2.037575e+01,2.038274e+01,2.049458e+01,2.031978e+01,2.010260e+01,2.025677e+01,2.023577e+01,2.025677e+01,2.027078e+01,2.010961e+01,2.017271e+01,2.006753e+01,2.014467e+01,2.018673e+01,2.014467e+01,2.017972e+01,2.010961e+01,2.008156e+01,2.015168e+01,2.008857e+01,2.003946e+01,2.002542e+01,2.002542e+01,2.003946e+01,2.002542e+01,2.002542e+01,1.990604e+01,1.989198e+01,1.998330e+01,1.991306e+01,1.984980e+01,1.989198e+01,1.965274e+01,1.968796e+01,1.964570e+01,1.954701e+01,1.967388e+01,1.956817e+01,1.957522e+01,1.951880e+01,1.954701e+01,1.946941e+01,1.953996e+01,1.935642e+01,1.950469e+01,1.934936e+01,1.939174e+01,1.934229e+01,1.941293e+01,1.921501e+01,1.934936e+01,1.928574e+01,1.933522e+01,1.913714e+01,1.925038e+01,1.929988e+01,1.937055e+01,1.933522e+01,1.932815e+01,1.921501e+01,1.929281e+01,1.930695e+01,1.931402e+01,1.939174e+01,1.951880e+01,1.949058e+01,1.964570e+01,1.980058e+01,1.973725e+01,1.985683e+01,2.019373e+01,2.025677e+01,2.037575e+01,2.048061e+01,2.059932e+01,2.061327e+01,2.061327e+01,2.071789e+01,2.079453e+01,2.078060e+01,2.077363e+01,2.088504e+01,2.080150e+01,2.082935e+01,2.085720e+01,2.080150e+01,2.085024e+01,2.082935e+01,2.086416e+01,2.085024e+01,2.080846e+01,2.082935e+01,2.078757e+01,2.089896e+01,2.069000e+01,2.080150e+01,2.082935e+01,2.086416e+01,2.077363e+01,2.080846e+01,2.079453e+01,2.075970e+01,2.073182e+01,2.084328e+01,2.080150e+01,2.071789e+01,2.078757e+01,2.087808e+01,2.084328e+01,2.083632e+01,2.078757e+01,2.076667e+01,2.073879e+01,2.072486e+01,2.072486e+01,2.085024e+01,2.079453e+01,2.085024e+01,2.084328e+01,2.087112e+01,2.072486e+01,2.078757e+01,2.085024e+01,2.078060e+01,2.084328e+01,2.087808e+01,2.082239e+01,2.088504e+01,2.091983e+01,2.083632e+01,2.098242e+01,2.083632e+01,2.093374e+01,2.082935e+01,2.091287e+01,2.083632e+01,2.086416e+01,2.077363e+01,2.089200e+01,2.089200e+01,2.092679e+01,2.079453e+01,2.079453e+01,2.080846e+01,2.073879e+01,2.094765e+01,2.081543e+01,2.082239e+01,2.085720e+01,2.087808e+01,2.085024e+01,2.079453e+01,2.085024e+01,2.078757e+01,2.096156e+01,2.077363e+01,2.077363e+01,2.087112e+01,2.082935e+01,2.083632e+01,2.085024e+01,2.082935e+01,2.089200e+01,2.090592e+01,2.085024e+01,2.087808e+01,2.089896e+01,2.091983e+01,2.082239e+01,2.080846e+01,2.075970e+01,2.091287e+01,2.090592e+01,2.089200e+01,2.074576e+01,2.081543e+01,2.091287e+01,2.090592e+01,2.089896e+01,2.087112e+01,2.080150e+01,2.085720e+01,2.087808e+01,2.090592e+01,2.085720e+01,2.088504e+01,2.085024e+01,2.087112e+01,2.085024e+01,2.085024e+01,2.076667e+01,2.086416e+01,2.082239e+01,2.087112e+01,2.080150e+01,2.079453e+01,2.085024e+01,2.089200e+01,2.089896e+01,2.076667e+01,2.079453e+01,2.082239e+01,2.081543e+01,2.083632e+01,2.085720e+01,2.080150e+01,2.080150e+01,2.077363e+01,2.088504e+01,2.085720e+01,2.084328e+01,2.089896e+01,2.092679e+01,2.085024e+01,2.088504e+01,2.094765e+01,2.082239e+01,2.082239e+01,2.080846e+01,2.079453e+01,2.077363e+01,2.078060e+01,2.085720e+01,2.080150e+01,2.067605e+01,2.079453e+01,2.072486e+01,2.075273e+01,2.085024e+01,2.081543e+01,2.087112e+01,2.076667e+01,2.084328e+01,2.081543e+01,2.079453e+01,2.079453e+01,2.078060e+01,2.075970e+01,2.094070e+01,2.082935e+01,2.082239e+01,2.091287e+01,2.080846e+01,2.089896e+01,2.078757e+01,2.085720e+01,2.085720e+01,2.085024e+01,2.087112e+01,2.083632e+01,2.086416e+01,2.091983e+01,2.096156e+01,2.095461e+01,2.094765e+01,2.085720e+01,2.103107e+01,2.087112e+01,2.091287e+01,2.102413e+01,2.088504e+01,2.089200e+01,2.112137e+01,2.095461e+01,2.104497e+01,2.107971e+01,2.090592e+01,2.089896e+01,2.101023e+01,2.094070e+01,2.094070e+01,2.095461e+01,2.090592e+01,2.094765e+01,2.098937e+01,2.085024e+01,2.090592e+01,2.097547e+01,2.094765e+01,2.092679e+01,2.083632e+01,2.089896e+01,2.082935e+01,2.093374e+01,2.073879e+01,2.085720e+01,2.086416e+01,2.087112e+01,2.089896e+01,2.077363e+01,2.079453e+01,2.078757e+01,2.083632e+01,2.087112e+01,2.080150e+01,2.083632e+01,2.078060e+01,2.078060e+01,2.082935e+01,2.086416e+01,2.082935e+01,2.084328e+01,2.081543e+01,2.078060e+01,2.089896e+01,2.089200e+01,2.092679e+01,2.096156e+01,2.099632e+01,2.073182e+01,2.087112e+01,2.079453e+01,2.084328e+01,2.082935e+01,2.072486e+01,2.076667e+01,2.086416e+01,2.069000e+01,2.080846e+01,2.071789e+01,2.085024e+01,2.076667e+01,2.085720e+01,2.075970e+01,2.060629e+01,2.072486e+01,2.074576e+01,2.072486e+01,2.066211e+01,2.082239e+01,2.067605e+01,2.078757e+01,2.068303e+01,2.077363e+01,2.059234e+01,2.063420e+01,2.079453e+01,2.071789e+01,2.087112e+01,2.081543e+01,2.073879e+01,2.068303e+01,2.081543e+01,2.071091e+01,2.094070e+01,2.072486e+01,2.072486e+01,2.081543e+01,2.076667e+01,2.082935e+01,2.084328e+01,2.077363e+01,2.073182e+01,2.082935e+01,2.075970e+01,2.085024e+01,2.075273e+01,2.054347e+01,2.080150e+01,2.061327e+01,2.083632e+01,2.078757e+01,2.078757e+01,2.076667e+01,2.085720e+01
1.908047e+01,1.943411e+01,1.943411e+01,1.937055e+01,1.951880e+01,1.931402e+01,1.931402e+01,1.933522e+01,1.929988e+01,1.937762e+01,1.929281e+01,1.920085e+01,1.917254e+01,1.922208e+01,1.886769e+01,1.896704e+01,1.866867e+01,1.859750e+01,1.850490e+01,1.878245e+01,1.905922e+01,1.908047e+01,1.921501e+01,1.943411e+01,1.958227e+01,1.951880e+01,1.989198e+01,2.000437e+01,2.022176e+01,2.020074e+01,2.004648e+01,2.001139e+01,1.992009e+01,2.000437e+01,1.980058e+01,1.988495e+01,1.984980e+01,1.980761e+01,1.988495e+01,1.983574e+01,1.981464e+01,1.978650e+01,1.989198e+01,1.979354e+01,1.989901e+01,1.989198e+01,1.971613e+01,1.983574e+01,1.988495e+01,1.978650e+01,1.976540e+01,1.980058e+01,1.965979e+01,1.976540e+01,1.980761e+01,1.982168e+01,1.983574e+01,1.978650e+01,1.995521e+01,1.983574e+01,1.989901e+01,1.994117e+01,2.012364e+01,2.005350e+01,2.015168e+01,2.020774e+01,2.008857e+01,2.011663e+01,2.031978e+01,2.031278e+01,2.031278e+01,2.059234e+01,2.073182e+01,2.075273e+01,2.076667e+01,2.085024e+01,2.075273e+01,2.080846e+01,2.071091e+01,2.069697e+01,2.079453e+01,2.069697e+01,2.072486e+01,2.070394e+01,2.082239e+01,2.081543e+01,2.078757e+01,2.078060e+01,2.075273e+01,2.076667e+01,2.082239e+01,2.064118e+01,2.063420e+01,2.084328e+01,2.085720e+01,2.081543e+01,2.075970e+01,2.074576e+01,2.074576e+01,2.074576e+01,2.071789e+01,2.071789e+01,2.082239e+01,2.076667e+01,2.080150e+01,2.088504e+01,2.075970e+01,2.075273e+01,2.074576e+01,2.079453e+01,2.075273e+01,2.079453e+01,2.062723e+01,2.071789e+01,2.059932e+01,2.049458e+01,2.027078e+01,2.019373e+01,1.991306e+01,1.979354e+01,1.976540e+01,1.953996e+01,1.937762e+01,1.937762e+01,1.889609e+01,1.888899e+01,1.875401e+01,1.871847e+01,1.858326e+01,1.873269e+01,1.859038e+01,1.857614e+01,1.862598e+01,1.866156e+01,1.856190e+01,1.865444e+01,1.854053e+01,1.861886e+01,1.860462e+01,1.839081e+01,1.851915e+01,1.854765e+01,1.854765e+01,1.853340e+01,1.851203e+01,1.866156e+01,1.850490e+01,1.866156e+01,1.878245e+01,1.861174e+01,1.864733e+01,1.866156e+01,1.861174e+01,1.881087e+01,1.886059e+01,1.884638e+01,1.864733e+01,1.876112e+01,1.876112e+01,1.886059e+01,1.873269e+01,1.895995e+01,1.896704e+01,1.900251e+01,1.895995e+01,1.880376e+01,1.891028e+01,1.883928e+01,1.877534e+01,1.878245e+01,1.874691e+01,1.876112e+01,1.883928e+01,1.881797e+01,1.886059e+01,1.904504e+01,1.886059e+01,1.913006e+01,1.907339e+01,1.908047e+01,1.907339e+01,1.910173e+01,1.922916e+01,1.914422e+01,1.915130e+01,1.925745e+01,1.924331e+01,1.927867e+01,1.917962e+01,1.917962e+01,1.918670e+01,1.923623e+01,1.922916e+01,1.932109e+01,1.923623e+01,1.932815e+01,1.934229e+01,1.944118e+01,1.945529e+01,1.955407e+01,1.946941e+01,1.955407e+01,1.954701e+01,1.953996e+01,1.963865e+01,1.969500e+01,1.971613e+01,1.957522e+01,1.953996e+01,1.960342e+01,1.970909e+01,1.986386e+01,1.999033e+01,2.003946e+01,2.024977e+01,2.057140e+01,2.074576e+01,2.083632e+01,2.080846e+01,2.078060e+01,2.077363e+01,2.086416e+01,2.082239e+01,2.089200e+01,2.076667e+01,2.089896e+01,2.077363e+01,2.082935e+01,2.070394e+01,2.063420e+01,2.046663e+01,2.052950e+01,2.037575e+01,2.033377e+01,2.027778e+01,2.027778e+01,2.023577e+01,2.015168e+01,2.018673e+01,2.026378e+01,2.037575e+01,2.041770e+01,2.048759e+01,2.057838e+01,2.058536e+01,2.073182e+01,2.066908e+01,2.087808e+01,2.075970e+01,2.071091e+01,2.073182e+01,2.075970e+01,2.084328e+01,2.066908e+01,2.073879e+01,2.076667e+01,2.065513e+01,2.070394e+01,2.072486e+01,2.055743e+01,2.062723e+01,2.057140e+01,2.060629e+01,2.050855e+01,2.064118e+01,2.061327e+01,2.051554e+01,2.071091e+01,2.070394e+01,2.067605e+01,2.075273e+01,2.066211e+01,2.053649e+01,2.045266e+01,2.049458e+01,2.045964e+01,2.038974e+01,2.030578e+01,2.025677e+01,2.010961e+01,2.020774e+01,2.027078e+01,2.029178e+01,2.030578e+01,2.031978e+01,2.018673e+01,2.017972e+01,2.023577e+01,2.020074e+01,2.020074e+01,2.024277e+01,2.011663e+01,2.010961e+01,2.016570e+01,2.008857e+01,2.014467e+01,2.006753e+01,2.008156e+01,1.997628e+01,2.004648e+01,2.004648e+01,2.003244e+01,1.994819e+01,1.989901e+01,1.989198e+01,1.975132e+01,1.985683e+01,1.977947e+01,1.983574e+01,1.963161e+01,1.958932e+01,1.966683e+01,1.958227e+01,1.956112e+01,1.954701e+01,1.951175e+01,1.956112e+01,1.944118e+01,1.946941e+01,1.940587e+01,1.942705e+01,1.928574e+01,1.941999e+01,1.937055e+01,1.936349e+01,1.933522e+01,1.934229e+01,1.927160e+01,1.932815e+01,1.927160e+01,1.924331e+01,1.927867e+01,1.912298e+01,1.908047e+01,1.922208e+01,1.907339e+01,1.927160e+01,1.927867e+01,1.938468e+01,1.945529e+01,1.948352e+01,1.961047e+01,1.987090e+01,1.990604e+01,1.990604e+01,2.014467e+01,2.027778e+01,2.027778e+01,2.044567e+01,2.045964e+01,2.059932e+01,2.064118e+01,2.068303e+01,2.073182e+01,2.081543e+01,2.087112e+01,2.077363e+01,2.082935e+01,2.084328e+01,2.085720e+01,2.085024e+01,2.087112e+01,2.087808e+01,2.082935e+01,2.081543e+01,2.085720e+01,2.087112e+01,2.079453e+01,2.086416e+01,2.083632e+01,2.084328e+01,2.085720e+01,2.085720e+01,2.075273e+01,2.071789e+01,2.075273e+01,2.079453e+01,2.074576e+01,2.074576e+01,2.077363e+01,2.070394e+01,2.080846e+01,2.092679e+01,2.086416e+01,2.075970e+01,2.087112e+01,2.081543e+01,2.080846e+01,2.075970e+01,2.075970e+01,2.082239e+01,2.079453e+01,2.075970e+01,2.076667e+01,2.085024e+01,2.080846e+01,2.074576e+01,2.085720e+01,2.080846e+01,2.087808e+01,2.086416e+01,2.096852e+01,2.085720e+01,2.091287e+01,2.091287e+01,2.082239e+01,2.075970e+01,2.080846e+01,2.079453e+01,2.080846e+01,2.085720e+01,2.094070e+01,2.082935e+01,2.089896e+01,2.087808e+01,2.086416e+01,2.084328e+01,2.084328e+01,2.086416e+01,2.083632e+01,2.091287e+01,2.084328e+01,2.092679e+01,2.091287e+01,2.070394e+01,2.069697e+01,2.086416e+01,2.087112e+01,2.087808e+01,2.081543e+01,2.079453e+01,2.085720e+01,2.077363e+01,2.076667e+01,2.082239e+01,2.082935e+01,2.081543e+01,2.072486e+01,2.090592e+01,2.089896e+01,2.085024e+01,2.087112e+01,2.090592e+01,2.084328e+01,2.084328e+01,2.087808e+01,2.083632e+01,2.085024e+01,2.088504e+01,2.087112e+01,2.090592e+01,2.091983e+01,2.090592e+01,2.089896e+01,2.082935e+01,2.087808e+01,2.085720e+01,2.078757e+01,2.077363e+01,2.082935e+01,2.086416e+01,2.084328e+01,2.085720e+01,2.077363e+01,2.085024e+01,2.087112e+01,2.085024e+01,2.086416e+01,2.089200e+01,2.086416e+01,2.082239e+01,2.082935e+01,2.083632e+01,2.085024e+01,2.074576e+01,2.079453e+01,2.077363e+01,2.079453e+01,2.079453e+01,2.088504e+01,2.089200e+01,2.085720e+01,2.078757e+01,2.085024e+01,2.084328e+01,2.092679e+01,2.082239e+01,2.088504e+01,2.093374e+01,2.086416e+01,2.091287e+01,2.088504e+01,2.082935e+01,2.080150e+01,2.082935e+01,2.077363e+01,2.076667e+01,2.087112e+01,2.081543e+01,2.085024e+01,2.080150e+01,2.085024e+01,2.085024e+01,2.080846e+01,2.075970e+01,2.089200e+01,2.059932e+01,2.086416e+01,2.082239e+01,2.085720e+01,2.080846e+01,2.080846e+01,2.087808e+01,2.079453e+01,2.089896e+01,2.099632e+01,2.083632e+01,2.085024e+01,2.086416e+01,2.083632e+01,2.087112e+01,2.085024e+01,2.100327e+01,2.099632e+01,2.096156e+01,2.095461e+01,2.095461e+01,2.088504e+01,2.091983e+01,2.095461e+01,2.096852e+01,2.098937e+01,2.098242e+01,2.091287e+01,2.099632e+01,2.095461e+01,2.099632e+01,2.086416e+01,2.097547e+01,2.088504e+01,2.103802e+01,2.101718e+01,2.098242e+01,2.091287e+01,2.098937e+01,2.101023e+01,2.096156e+01,2.094070e+01,2.097547e+01,2.089200e+01,2.092679e+01,2.091983e+01,2.087112e+01,2.087112e+01,2.089200e+01,2.090592e+01,2.085720e+01,2.085024e+01,2.090592e+01,2.091287e+01,2.086416e+01,2.087112e+01,2.082935e+01,2.084328e+01,2.085024e+01,2.074576e+01,2.082239e+01,2.085024e+01,2.089896e+01,2.087112e+01,2.071789e+01,2.091287e+01,2.089200e+01,2.091287e+01,2.082935e+01,2.082935e+01,2.078060e+01,2.082239e+01,2.091287e+01,2.083632e+01,2.100327e+01,2.081543e+01,2.080150e+01,2.082935e+01,2.087112e+01,2.082935e+01,2.078060e+01,2.083632e+01,2.085720e+01,2.082935e+01,2.078060e+01,2.083632e+01,2.085024e+01,2.085024e+01,2.083632e+01,2.078060e+01,2.074576e+01,2.061327e+01,2.071091e+01,2.074576e+01,2.082239e+01,2.071789e+01,2.080846e+01,2.063420e+01,2.069697e+01,2.081543e+01,2.071789e+01,2.073182e+01,2.069697e+01,2.091983e+01,2.069000e+01,2.070394e+01,2.071789e+01,2.075273e+01,2.077363e+01,2.079453e+01,2.080846e+01,2.066908e+01,2.068303e+01,2.074576e+01,2.074576e+01,2.082239e+01,2.075970e+01,2.076667e+01,2.082239e+01,2.075273e+01,2.083632e+01,2.082935e+01,2.071789e+01,2.073182e+01,2.080846e+01,2.082239e+01,2.074576e+01,2.080846e+01,2.082935e+01,2.084328e+01,2.069000e+01,2.073182e+01,2.078757e+01,2.078757e+01
1.942705e+01,1.941999e+01,1.931402e+01,1.949058e+01,1.949764e+01,1.937055e+01,1.940587e+01,1.953291e+01,1.944118e+01,1.932109e+01,1.934936e+01,1.922208e+01,1.896704e+01,1.900960e+01,1.893157e+01,1.877534e+01,1.870424e+01,1.851915e+01,1.876823e+01,1.882508e+01,1.913006e+01,1.915130e+01,1.938468e+01,1.958932e+01,1.963161e+01,1.995521e+01,2.006753e+01,2.020074e+01,2.016570e+01,2.011663e+01,2.010260e+01,2.003244e+01,1.997628e+01,1.995521e+01,1.982871e+01,1.986386e+01,1.978650e+01,1.985683e+01,1.989198e+01,1.990604e+01,1.985683e+01,1.979354e+01,1.999735e+01,1.985683e+01,1.987090e+01,1.985683e+01,1.987792e+01,1.984277e+01,1.979354e+01,1.981464e+01,1.977947e+01,1.983574e+01,1.976540e+01,1.986386e+01,1.989901e+01,1.985683e+01,1.987090e+01,1.994117e+01,1.982871e+01,1.997628e+01,1.998330e+01,2.001139e+01,1.998330e+01,1.997628e+01,2.010260e+01,2.015869e+01,2.015168e+01,2.021475e+01,2.027778e+01,2.021475e+01,2.045266e+01,2.065513e+01,2.068303e+01,2.082935e+01,2.068303e+01,2.069697e+01,2.074576e+01,2.070394e+01,2.070394e+01,2.088504e+01,2.080150e+01,2.078757e+01,2.083632e+01,2.076667e+01,2.085024e+01,2.086416e+01,2.084328e+01,2.085720e+01,2.080150e+01,2.076667e+01,2.087112e+01,2.088504e+01,2.075273e+01,2.076667e+01,2.080150e+01,2.080846e+01,2.070394e+01,2.085720e+01,2.078060e+01,2.070394e+01,2.069697e+01,2.080150e+01,2.080150e+01,2.080150e+01,2.082935e+01,2.085720e+01,2.077363e+01,2.075273e+01,2.076667e+01,2.076667e+01,2.085720e+01,2.081543e+01,2.064118e+01,2.058536e+01,2.054347e+01,2.034077e+01,2.022176e+01,1.992711e+01,1.977947e+01,1.956112e+01,1.952586e+01,1.914422e+01,1.898832e+01,1.906630e+01,1.887479e+01,1.867579e+01,1.869002e+01,1.857614e+01,1.869002e+01,1.866867e+01,1.866156e+01,1.860462e+01,1.852628e+01,1.860462e+01,1.851203e+01,1.861174e+01,1.860462e+01,1.859750e+01,1.860462e+01,1.859750e+01,1.861886e+01,1.847639e+01,1.851915e+01,1.851915e+01,1.866156e+01,1.857614e+01,1.867579e+01,1.870424e+01,1.861886e+01,1.871847e+01,1.869713e+01,1.867579e+01,1.873269e+01,1.869002e+01,1.883928e+01,1.873980e+01,1.890318e+01,1.888189e+01,1.886769e+01,1.884638e+01,1.889609e+01,1.910881e+01,1.894576e+01,1.905213e+01,1.896704e+01,1.883928e+01,1.895995e+01,1.889609e+01,1.897414e+01,1.876112e+01,1.891738e+01,1.876112e+01,1.889609e+01,1.876823e+01,1.881797e+01,1.903795e+01,1.905922e+01,1.910173e+01,1.908756e+01,1.916546e+01,1.920085e+01,1.918670e+01,1.918670e+01,1.920085e+01,1.918670e+01,1.920793e+01,1.916546e+01,1.925038e+01,1.929281e+01,1.922916e+01,1.933522e+01,1.934229e+01,1.930695e+01,1.927867e+01,1.923623e+01,1.929988e+01,1.932815e+01,1.941999e+01,1.944118e+01,1.946941e+01,1.949058e+01,1.956817e+01,1.952586e+01,1.954701e+01,1.954701e+01,1.956817e+01,1.963865e+01,1.973021e+01,1.977947e+01,1.978650e+01,1.969500e+01,1.989198e+01,1.995521e+01,1.986386e+01,2.019373e+01,2.028478e+01,2.026378e+01,2.043169e+01,2.038274e+01,2.072486e+01,2.072486e+01,2.073182e+01,2.069000e+01,2.075970e+01,2.077363e+01,2.072486e+01,2.078060e+01,2.082239e+01,2.078060e+01,2.057140e+01,2.056442e+01,2.035476e+01,2.029178e+01,2.015168e+01,2.028478e+01,2.014467e+01,2.018673e+01,2.010260e+01,2.011663e+01,2.039673e+01,2.037575e+01,2.033377e+01,2.043868e+01,2.049458e+01,2.064816e+01,2.071789e+01,2.066211e+01,2.072486e+01,2.080846e+01,2.085720e+01,2.087808e+01,2.085024e+01,2.087808e+01,2.082935e+01,2.084328e+01,2.069000e+01,2.075970e+01,2.072486e+01,2.065513e+01,2.068303e+01,2.058536e+01,2.063420e+01,2.057140e+01,2.059932e+01,2.059234e+01,2.064816e+01,2.068303e+01,2.071091e+01,2.066211e+01,2.068303e+01,2.066908e+01,2.067605e+01,2.068303e+01,2.048061e+01,2.047362e+01,2.050157e+01,2.047362e+01,2.035476e+01,2.033377e+01,2.021475e+01,2.018673e+01,2.029878e+01,2.028478e+01,2.031278e+01,2.029878e+01,2.015869e+01,2.018673e+01,2.023577e+01,2.020774e+01,2.029878e+01,2.038974e+01,2.020074e+01,2.011663e+01,2.013065e+01,2.023577e+01,2.008857e+01,2.005350e+01,2.006753e+01,2.004648e+01,2.012364e+01,2.008857e+01,2.003244e+01,1.995521e+01,1.996224e+01,1.987792e+01,1.985683e+01,1.988495e+01,1.982168e+01,1.969500e+01,1.968796e+01,1.958932e+01,1.957522e+01,1.957522e+01,1.954701e+01,1.943411e+01,1.955407e+01,1.953291e+01,1.947647e+01,1.956112e+01,1.944823e+01,1.944823e+01,1.944118e+01,1.937055e+01,1.929988e+01,1.941999e+01,1.934229e+01,1.920085e+01,1.927867e+01,1.915838e+01,1.925038e+01,1.913006e+01,1.922916e+01,1.927867e+01,1.908047e+01,1.914422e+01,1.917962e+01,1.915130e+01,1.924331e+01,1.944823e+01,1.943411e+01,1.949764e+01,1.968092e+01,1.969500e+01,1.991306e+01,1.997628e+01,2.020074e+01,2.018673e+01,2.041071e+01,2.044567e+01,2.055045e+01,2.052252e+01,2.076667e+01,2.062723e+01,2.077363e+01,2.079453e+01,2.070394e+01,2.084328e+01,2.083632e+01,2.085024e+01,2.079453e+01,2.080846e+01,2.080846e+01,2.082239e+01,2.090592e+01,2.083632e+01,2.086416e+01,2.087112e+01,2.078757e+01,2.082935e+01,2.093374e+01,2.085024e+01,2.069697e+01,2.082239e+01,2.080150e+01,2.075970e+01,2.085024e+01,2.080150e+01,2.091287e+01,2.083632e+01,2.085024e+01,2.070394e+01,2.084328e+01,2.082935e+01,2.090592e+01,2.097547e+01,2.080846e+01,2.077363e+01,2.078757e+01,2.078060e+01,2.078060e+01,2.079453e+01,2.082935e+01,2.083632e+01,2.084328e+01,2.089200e+01,2.087112e+01,2.089896e+01,2.089896e+01,2.091287e+01,2.089896e+01,2.088504e+01,2.084328e+01,2.081543e+01,2.095461e+01,2.077363e+01,2.073182e+01,2.085720e+01,2.085024e+01,2.076667e+01,2.073182e+01,2.080150e+01,2.080150e+01,2.081543e+01,2.073182e+01,2.088504e+01,2.081543e+01,2.094070e+01,2.088504e+01,2.073879e+01,2.085024e+01,2.082239e+01,2.080846e+01,2.082935e+01,2.073182e+01,2.083632e+01,2.078060e+01,2.083632e+01,2.103107e+01,2.090592e+01,2.082935e+01,2.080846e+01,2.078757e+01,2.073182e+01,2.080150e+01,2.087112e+01,2.085720e+01,2.078060e+01,2.086416e+01,2.089200e+01,2.084328e+01,2.089896e+01,2.087808e+01,2.076667e+01,2.089200e+01,2.086416e+01,2.089200e+01,2.088504e+01,2.094765e+01,2.085024e+01,2.083632e+01,2.086416e+01,2.085720e+01,2.092679e+01,2.087808e+01,2.089200e+01,2.083632e+01,2.078060e+01,2.087808e+01,2.086416e+01,2.083632e+01,2.083632e+01,2.087808e+01,2.094070e+01,2.085720e+01,2.074576e+01,2.073879e+01,2.083632e+01,2.085720e+01,2.084328e+01,2.082935e+01,2.086416e+01,2.088504e+01,2.092679e+01,2.084328e+01,2.083632e+01,2.078757e+01,2.079453e+01,2.083632e+01,2.086416e+01,2.076667e+01,2.080150e+01,2.083632e+01,2.083632e+01,2.079453e+01,2.078060e+01,2.080846e+01,2.072486e+01,2.096156e+01,2.087112e+01,2.095461e+01,2.085720e+01,2.080846e+01,2.087808e+01,2.081543e+01,2.089896e+01,2.080846e+01,2.081543e+01,2.088504e+01,2.066908e+01,2.080150e+01,2.071789e+01,2.077363e+01,2.080846e+01,2.080150e+01,2.069697e+01,2.089896e+01,2.076667e+01,2.073879e+01,2.080846e+01,2.087808e+01,2.078060e+01,2.082239e+01,2.079453e+01,2.081543e+01,2.089896e+01,2.094070e+01,2.088504e+01,2.089200e+01,2.078757e+01,2.091983e+01,2.093374e+01,2.087112e+01,2.094070e+01,2.087112e+01,2.089896e+01,2.096156e+01,2.098242e+01,2.091983e+01,2.091287e+01,2.093374e+01,2.092679e+01,2.096852e+01,2.106581e+01,2.101023e+01,2.094765e+01,2.099632e+01,2.097547e+01,2.103107e+01,2.105192e+01,2.113526e+01,2.090592e+01,2.089200e+01,2.103107e+01,2.105887e+01,2.087112e+01,2.098242e+01,2.092679e+01,2.088504e+01,2.105887e+01,2.099632e+01,2.097547e+01,2.093374e+01,2.083632e+01,2.103802e+01,2.087808e+01,2.084328e+01,2.088504e+01,2.090592e+01,2.087808e+01,2.086416e+01,2.086416e+01,2.087808e+01,2.084328e+01,2.080846e+01,2.083632e+01,2.086416e+01,2.087808e+01,2.087808e+01,2.078757e+01,2.080150e+01,2.087808e+01,2.093374e+01,2.088504e+01,2.087808e+01,2.103107e+01,2.087112e+01,2.080150e+01,2.082935e+01,2.086416e+01,2.098242e+01,2.080150e+01,2.089200e+01,2.082239e+01,2.083632e+01,2.094765e+01,2.084328e+01,2.085720e+01,2.073182e+01,2.087808e+01,2.082935e+01,2.078060e+01,2.082935e+01,2.083632e+01,2.082239e+01,2.085720e+01,2.072486e+01,2.055743e+01,2.069000e+01,2.071091e+01,2.078060e+01,2.077363e+01,2.080150e+01,2.082935e+01,2.071091e+01,2.075273e+01,2.080150e+01,2.078060e+01,2.076667e+01,2.080846e+01,2.080150e+01,2.074576e+01,2.082935e+01,2.080846e+01,2.068303e+01,2.085720e+01,2.087808e+01,2.067605e+01,2.073879e+01,2.078060e+01,2.073879e+01,2.084328e+01,2.077363e+01,2.081543e+01,2.073182e+01,2.082935e+01,2.083632e+01,2.085720e+01,2.084328e+01,2.074576e+01,2.083632e+01,2.067605e+01,2.073879e+01,2.082239e+01,2.078060e+01,2.068303e+01,2.081543e+01,2.070394e+01,2.066908e+01,2.072486e+01,2.091287e+01
1.924331e+01,1.942705e+01,1.940587e+01,1.942705e+01,1.952586e+01,1.942705e+01,1.940587e+01,1.937055e+01,1.930695e+01,1.929988e+01,1.932815e+01,1.931402e+01,1.913714e+01,1.900960e+01,1.891738e+01,1.892448e+01,1.871135e+01,1.894576e+01,1.891738e+01,1.900960e+01,1.923623e+01,1.949764e+01,1.962456e+01,1.993414e+01,1.996224e+01,2.022176e+01,2.020774e+01,2.024277e+01,1.999033e+01,1.998330e+01,1.987792e+01,2.002542e+01,1.979354e+01,1.984980e+01,1.978650e+01,1.984277e+01,1.979354e+01,1.971613e+01,1.985683e+01,1.985683e+01,1.984277e+01,1.977947e+01,1.982871e+01,1.971613e+01,1.986386e+01,1.970909e+01,1.986386e+01,1.977243e+01,1.989901e+01,1.974428e+01,1.979354e+01,1.978650e+01,1.986386e+01,1.977947e+01,1.986386e+01,1.987090e+01,1.982871e+01,1.983574e+01,1.984277e+01,1.993414e+01,1.985683e+01,1.997628e+01,2.001841e+01,2.014467e+01,2.006753e+01,2.024977e+01,2.018673e+01,2.029878e+01,2.038974e+01,2.051554e+01,2.066908e+01,2.064118e+01,2.069697e+01,2.080150e+01,2.056442e+01,2.073879e+01,2.085720e+01,2.088504e+01,2.071091e+01,2.079453e+01,2.092679e+01,2.069000e+01,2.080846e+01,2.085024e+01,2.090592e+01,2.082239e+01,2.082935e+01,2.078060e+01,2.078757e+01,2.075970e+01,2.075970e+01,2.066908e+01,2.081543e+01,2.076667e+01,2.081543e+01,2.080846e+01,2.082239e+01,2.081543e+01,2.078757e+01,2.071789e+01,2.085720e+01,2.074576e+01,2.059932e+01,2.073879e+01,2.073879e+01,2.075970e+01,2.077363e+01,2.081543e+01,2.076667e+01,2.075970e+01,2.075970e+01,2.069697e+01,2.066211e+01,2.069697e+01,2.059932e+01,2.034777e+01,2.002542e+01,1.991306e+01,1.960342e+01,1.942705e+01,1.939881e+01,1.902378e+01,1.891028e+01,1.876112e+01,1.866867e+01,1.866156e+01,1.870424e+01,1.871135e+01,1.863309e+01,1.865444e+01,1.858326e+01,1.844787e+01,1.864021e+01,1.853340e+01,1.859038e+01,1.855477e+01,1.858326e+01,1.878955e+01,1.861174e+01,1.863309e+01,1.861886e+01,1.858326e+01,1.855477e+01,1.862598e+01,1.853340e+01,1.866867e+01,1.862598e+01,1.870424e+01,1.859750e+01,1.873269e+01,1.870424e+01,1.879666e+01,1.881087e+01,1.878245e+01,1.888899e+01,1.881087e+01,1.879666e+01,1.891028e+01,1.887479e+01,1.897414e+01,1.906630e+01,1.904504e+01,1.900960e+01,1.909464e+01,1.905213e+01,1.904504e+01,1.907339e+01,1.911590e+01,1.896704e+01,1.897414e+01,1.907339e+01,1.888189e+01,1.898123e+01,1.892448e+01,1.903087e+01,1.910881e+01,1.907339e+01,1.914422e+01,1.915130e+01,1.922208e+01,1.913714e+01,1.930695e+01,1.925038e+01,1.927160e+01,1.920793e+01,1.925038e+01,1.925038e+01,1.929281e+01,1.920085e+01,1.932815e+01,1.933522e+01,1.934936e+01,1.918670e+01,1.925745e+01,1.928574e+01,1.941999e+01,1.943411e+01,1.945529e+01,1.932109e+01,1.954701e+01,1.953996e+01,1.946941e+01,1.953291e+01,1.965274e+01,1.961047e+01,1.990604e+01,1.975836e+01,1.968796e+01,1.968796e+01,1.982871e+01,1.980058e+01,1.981464e+01,1.983574e+01,1.994117e+01,1.991306e+01,1.993414e+01,2.007454e+01,2.026378e+01,2.031978e+01,2.029178e+01,2.028478e+01,2.069697e+01,2.070394e+01,2.073182e+01,2.079453e+01,2.072486e+01,2.079453e+01,2.078060e+01,2.061327e+01,2.058536e+01,2.055045e+01,2.061327e+01,2.037575e+01,2.021475e+01,2.041770e+01,2.016570e+01,2.012364e+01,2.022176e+01,2.011663e+01,2.016570e+01,2.024277e+01,2.017972e+01,2.043169e+01,2.050855e+01,2.050157e+01,2.050157e+01,2.071789e+01,2.072486e+01,2.073879e+01,2.075970e+01,2.092679e+01,2.079453e+01,2.078060e+01,2.078757e+01,2.069697e+01,2.072486e+01,2.060629e+01,2.079453e+01,2.077363e+01,2.064118e+01,2.059932e+01,2.062025e+01,2.059234e+01,2.071789e+01,2.070394e+01,2.060629e+01,2.068303e+01,2.050855e+01,2.073879e+01,2.066908e+01,2.066211e+01,2.060629e+01,2.064816e+01,2.059932e+01,2.039673e+01,2.041071e+01,2.032678e+01,2.032678e+01,2.026378e+01,2.030578e+01,2.025677e+01,2.030578e+01,2.030578e+01,2.027778e+01,2.028478e+01,2.015168e+01,2.027778e+01,2.024277e+01,2.022176e+01,2.018673e+01,2.034777e+01,2.019373e+01,2.010961e+01,2.015168e+01,2.024277e+01,2.004648e+01,2.018673e+01,2.006753e+01,2.007454e+01,2.009559e+01,2.005350e+01,2.002542e+01,2.003244e+01,1.993414e+01,1.996224e+01,1.990604e+01,1.989198e+01,1.971613e+01,1.969500e+01,1.966683e+01,1.964570e+01,1.966683e+01,1.962456e+01,1.954701e+01,1.951880e+01,1.945529e+01,1.936349e+01,1.946941e+01,1.932109e+01,1.943411e+01,1.934936e+01,1.934936e+01,1.933522e+01,1.936349e+01,1.922208e+01,1.925745e+01,1.927160e+01,1.920793e+01,1.914422e+01,1.910881e+01,1.913714e+01,1.910173e+01,1.925038e+01,1.916546e+01,1.908047e+01,1.929281e+01,1.925038e+01,1.950469e+01,1.958227e+01,1.960342e+01,1.970909e+01,1.987792e+01,1.989901e+01,2.012364e+01,2.002542e+01,2.017271e+01,2.020074e+01,2.026378e+01,2.042470e+01,2.043868e+01,2.060629e+01,2.066908e+01,2.066211e+01,2.066908e+01,2.073182e+01,2.084328e+01,2.087808e+01,2.080846e+01,2.080846e+01,2.082935e+01,2.082935e+01,2.081543e+01,2.083632e+01,2.088504e+01,2.080150e+01,2.061327e+01,2.090592e+01,2.082239e+01,2.081543e+01,2.087112e+01,2.085024e+01,2.083632e+01,2.074576e+01,2.084328e+01,2.072486e+01,2.080150e+01,2.074576e+01,2.080150e+01,2.075273e+01,2.074576e+01,2.087808e+01,2.085720e+01,2.082935e+01,2.082239e+01,2.085024e+01,2.080846e+01,2.085024e+01,2.077363e+01,2.074576e+01,2.079453e+01,2.073879e+01,2.081543e+01,2.082239e+01,2.075273e+01,2.086416e+01,2.086416e+01,2.082239e+01,2.088504e+01,2.091287e+01,2.064118e+01,2.089896e+01,2.079453e+01,2.080846e+01,2.075970e+01,2.075970e+01,2.082935e+01,2.087808e+01,2.072486e+01,2.081543e+01,2.078060e+01,2.072486e+01,2.079453e+01,2.083632e+01,2.085720e+01,2.079453e+01,2.082935e+01,2.089896e+01,2.082239e+01,2.088504e+01,2.073879e+01,2.078060e+01,2.082239e+01,2.080846e+01,2.082239e+01,2.083632e+01,2.087808e+01,2.086416e+01,2.095461e+01,2.099632e+01,2.081543e+01,2.094765e+01,2.094070e+01,2.081543e+01,2.080150e+01,2.071091e+01,2.082935e+01,2.081543e+01,2.087112e+01,2.088504e+01,2.094070e+01,2.087112e+01,2.069697e+01,2.087112e+01,2.085024e+01,2.086416e+01,2.087808e+01,2.089896e+01,2.087808e+01,2.086416e+01,2.091983e+01,2.080150e+01,2.080846e+01,2.083632e+01,2.080150e+01,2.082935e+01,2.082239e+01,2.095461e+01,2.087112e+01,2.087808e+01,2.081543e+01,2.089200e+01,2.080846e+01,2.080150e+01,2.091983e+01,2.089896e+01,2.092679e+01,2.091287e+01,2.090592e+01,2.085720e+01,2.080846e+01,2.080846e+01,2.085024e+01,2.093374e+01,2.083632e+01,2.084328e+01,2.085720e+01,2.085720e+01,2.083632e+01,2.082935e+01,2.084328e+01,2.083632e+01,2.086416e+01,2.084328e+01,2.078060e+01,2.082239e+01,2.089896e+01,2.072486e+01,2.078757e+01,2.081543e+01,2.092679e+01,2.085720e+01,2.087808e+01,2.080846e+01,2.085720e+01,2.083632e+01,2.082239e+01,2.069000e+01,2.089896e+01,2.075970e+01,2.080150e+01,2.083632e+01,2.086416e+01,2.087112e+01,2.080150e+01,2.071789e+01,2.082239e+01,2.089896e+01,2.076667e+01,2.080150e+01,2.084328e+01,2.082239e+01,2.082239e+01,2.085024e+01,2.085720e+01,2.082239e+01,2.087808e+01,2.082935e+01,2.083632e+01,2.073182e+01,2.088504e+01,2.087112e+01,2.086416e+01,2.084328e+01,2.092679e+01,2.096852e+01,2.094765e+01,2.091287e+01,2.089200e+01,2.095461e+01,2.088504e+01,2.101023e+01,2.097547e+01,2.103802e+01,2.103802e+01,2.104497e+01,2.113526e+01,2.121159e+01,2.109360e+01,2.106581e+01,2.106581e+01,2.091983e+01,2.107276e+01,2.096156e+01,2.086416e+01,2.092679e+01,2.100327e+01,2.091983e+01,2.092679e+01,2.089896e+01,2.095461e+01,2.097547e+01,2.097547e+01,2.080846e+01,2.089200e+01,2.090592e+01,2.092679e+01,2.090592e+01,2.087808e+01,2.084328e+01,2.089200e+01,2.085024e+01,2.092679e+01,2.088504e+01,2.088504e+01,2.083632e+01,2.086416e+01,2.077363e+01,2.089200e+01,2.081543e+01,2.089896e+01,2.080846e+01,2.078060e+01,2.091983e+01,2.085024e+01,2.086416e+01,2.094765e+01,2.089896e+01,2.088504e+01,2.084328e+01,2.085024e+01,2.085024e+01,2.085024e+01,2.096156e+01,2.090592e+01,2.097547e+01,2.090592e+01,2.081543e+01,2.087112e+01,2.074576e+01,2.090592e+01,2.078060e+01,2.066908e+01,2.079453e+01,2.066211e+01,2.078757e+01,2.073879e+01,2.081543e+01,2.076667e+01,2.073182e+01,2.075273e+01,2.071789e+01,2.077363e+01,2.079453e+01,2.069000e+01,2.073182e+01,2.074576e+01,2.075273e+01,2.075970e+01,2.082935e+01,2.078757e+01,2.085720e+01,2.072486e+01,2.082239e+01,2.070394e+01,2.069000e+01,2.075273e+01,2.082239e+01,2.087112e+01,2.083632e+01,2.066211e+01,2.066908e+01,2.082239e+01,2.066211e+01,2.078060e+01,2.093374e+01,2.083632e+01,2.069000e+01,2.082935e+01,2.082239e+01,2.071789e+01,2.073879e+01,2.076667e+01,2.076667e+01,2.083632e+01,2.081543e+01,2.074576e+01,2.078757e+01,2.073182e+01,2.093374e+01,2.090592e+01
1.931402e+01,1.951175e+01,1.951880e+01,1.952586e+01,1.946941e+01,1.963161e+01,1.935642e+01,1.938468e+01,1.933522e+01,1.927867e+01,1.923623e+01,1.920085e+01,1.893157e+01,1.892448e+01,1.891028e+01,1.898123e+01,1.889609e+01,1.879666e+01,1.909464e+01,1.921501e+01,1.946941e+01,1.984277e+01,2.008857e+01,2.022176e+01,2.017972e+01,2.029178e+01,2.013065e+01,2.017972e+01,2.011663e+01,1.985683e+01,1.984980e+01,1.982871e+01,1.978650e+01,1.988495e+01,1.980058e+01,1.979354e+01,1.977947e+01,1.981464e+01,1.987090e+01,1.978650e+01,1.973021e+01,1.976540e+01,1.981464e+01,1.982168e+01,1.984277e+01,1.981464e+01,1.987090e+01,1.982168e+01,1.976540e+01,1.964570e+01,1.999735e+01,1.977947e+01,1.982168e+01,1.973725e+01,1.991306e+01,1.986386e+01,1.986386e+01,1.987792e+01,1.995521e+01,1.989198e+01,1.996224e+01,2.008156e+01,2.004648e+01,2.006753e+01,2.030578e+01,2.016570e+01,2.031978e+01,2.031278e+01,2.056442e+01,2.071091e+01,2.069000e+01,2.071091e+01,2.066211e+01,2.082239e+01,2.082935e+01,2.085720e+01,2.083632e+01,2.084328e+01,2.070394e+01,2.081543e+01,2.075273e+01,2.076667e+01,2.080150e+01,2.078757e+01,2.080846e+01,2.082935e+01,2.091287e+01,2.080150e+01,2.075970e+01,2.081543e+01,2.072486e+01,2.072486e+01,2.074576e+01,2.079453e+01,2.075970e+01,2.075970e+01,2.066908e+01,2.077363e+01,2.084328e+01,2.075273e+01,2.080150e+01,2.081543e+01,2.077363e+01,2.082935e+01,2.075970e+01,2.073182e+01,2.083632e+01,2.075273e+01,2.076667e+01,2.075273e+01,2.066211e+01,2.076667e+01,2.062025e+01,2.058536e+01,2.031978e+01,2.032678e+01,2.016570e+01,1.995521e+01,1.979354e+01,1.926452e+01,1.901669e+01,1.893867e+01,1.898123e+01,1.888899e+01,1.867579e+01,1.864021e+01,1.852628e+01,1.862598e+01,1.858326e+01,1.859038e+01,1.854053e+01,1.865444e+01,1.847639e+01,1.851203e+01,1.850490e+01,1.850490e+01,1.857614e+01,1.844787e+01,1.831944e+01,1.841221e+01,1.858326e+01,1.856190e+01,1.860462e+01,1.856902e+01,1.864733e+01,1.856190e+01,1.866867e+01,1.866867e+01,1.878955e+01,1.869002e+01,1.870424e+01,1.882508e+01,1.879666e+01,1.871847e+01,1.884638e+01,1.882508e+01,1.892448e+01,1.884638e+01,1.905213e+01,1.909464e+01,1.909464e+01,1.908756e+01,1.897414e+01,1.903087e+01,1.898832e+01,1.912298e+01,1.906630e+01,1.900960e+01,1.904504e+01,1.895286e+01,1.894576e+01,1.893867e+01,1.899541e+01,1.910881e+01,1.903795e+01,1.908756e+01,1.908756e+01,1.905922e+01,1.915838e+01,1.910173e+01,1.914422e+01,1.916546e+01,1.926452e+01,1.926452e+01,1.927867e+01,1.929988e+01,1.919378e+01,1.934936e+01,1.929281e+01,1.932815e+01,1.920793e+01,1.933522e+01,1.933522e+01,1.929988e+01,1.929988e+01,1.940587e+01,1.936349e+01,1.946941e+01,1.951175e+01,1.940587e+01,1.965979e+01,1.962456e+01,1.955407e+01,1.960342e+01,1.963161e+01,1.973725e+01,1.956817e+01,1.961751e+01,1.975132e+01,1.981464e+01,1.979354e+01,1.980761e+01,1.979354e+01,1.982871e+01,1.993414e+01,1.991306e+01,1.987792e+01,1.990604e+01,1.996224e+01,2.014467e+01,2.017271e+01,2.024977e+01,2.031978e+01,2.041770e+01,2.073182e+01,2.075273e+01,2.059932e+01,2.065513e+01,2.069697e+01,2.059234e+01,2.057140e+01,2.052252e+01,2.043169e+01,2.034777e+01,2.031978e+01,2.012364e+01,2.021475e+01,2.009559e+01,2.024277e+01,2.017271e+01,2.020074e+01,2.013766e+01,2.029178e+01,2.045964e+01,2.042470e+01,2.045266e+01,2.053649e+01,2.069000e+01,2.080150e+01,2.080846e+01,2.078060e+01,2.076667e+01,2.078060e+01,2.076667e+01,2.069000e+01,2.081543e+01,2.078757e+01,2.075273e+01,2.070394e+01,2.071789e+01,2.077363e+01,2.059932e+01,2.075273e+01,2.071091e+01,2.068303e+01,2.069697e+01,2.075273e+01,2.067605e+01,2.069000e+01,2.057140e+01,2.064816e+01,2.062025e+01,2.059234e+01,2.053649e+01,2.052950e+01,2.043169e+01,2.036875e+01,2.025677e+01,2.025677e+01,2.036176e+01,2.031278e+01,2.029178e+01,2.015869e+01,2.027778e+01,2.027778e+01,2.015168e+01,2.034777e+01,2.027778e+01,2.027778e+01,2.038274e+01,2.017972e+01,2.023577e+01,2.011663e+01,2.017271e+01,2.026378e+01,2.012364e+01,2.007454e+01,1.993414e+01,2.006753e+01,1.994117e+01,2.006051e+01,2.007454e+01,1.992009e+01,1.996926e+01,1.980058e+01,1.988495e+01,1.988495e+01,1.987792e+01,1.967388e+01,1.966683e+01,1.975836e+01,1.959637e+01,1.956817e+01,1.960342e+01,1.953291e+01,1.956112e+01,1.946235e+01,1.945529e+01,1.951880e+01,1.945529e+01,1.941999e+01,1.943411e+01,1.931402e+01,1.933522e+01,1.934936e+01,1.932109e+01,1.930695e+01,1.928574e+01,1.928574e+01,1.916546e+01,1.913006e+01,1.910881e+01,1.909464e+01,1.917254e+01,1.939881e+01,1.944823e+01,1.940587e+01,1.963865e+01,1.954701e+01,1.973725e+01,1.992009e+01,1.991306e+01,2.010961e+01,2.022176e+01,2.017972e+01,2.035476e+01,2.020774e+01,2.038274e+01,2.050157e+01,2.048061e+01,2.052950e+01,2.052252e+01,2.071789e+01,2.069697e+01,2.072486e+01,2.085720e+01,2.077363e+01,2.081543e+01,2.082239e+01,2.078757e+01,2.087808e+01,2.086416e+01,2.080150e+01,2.089200e+01,2.090592e+01,2.079453e+01,2.083632e+01,2.085024e+01,2.085024e+01,2.076667e+01,2.085024e+01,2.091983e+01,2.101023e+01,2.080150e+01,2.073182e+01,2.078060e+01,2.071091e+01,2.066211e+01,2.075273e+01,2.075273e+01,2.074576e+01,2.077363e+01,2.104497e+01,2.081543e+01,2.079453e+01,2.080150e+01,2.078060e+01,2.076667e+01,2.080150e+01,2.082935e+01,2.082239e+01,2.083632e+01,2.082239e+01,2.075970e+01,2.077363e+01,2.085720e+01,2.085024e+01,2.082239e+01,2.075970e+01,2.094765e+01,2.082239e+01,2.091287e+01,2.090592e+01,2.085024e+01,2.089896e+01,2.075970e+01,2.089200e+01,2.088504e+01,2.083632e+01,2.085024e+01,2.091983e+01,2.075273e+01,2.083632e+01,2.085024e+01,2.080846e+01,2.089200e+01,2.086416e+01,2.083632e+01,2.085720e+01,2.080150e+01,2.082239e+01,2.087112e+01,2.086416e+01,2.079453e+01,2.081543e+01,2.084328e+01,2.080846e+01,2.080150e+01,2.087808e+01,2.078757e+01,2.095461e+01,2.080846e+01,2.087808e+01,2.088504e+01,2.087112e+01,2.081543e+01,2.082935e+01,2.082935e+01,2.086416e+01,2.088504e+01,2.091983e+01,2.087112e+01,2.094070e+01,2.088504e+01,2.089200e+01,2.091983e+01,2.085024e+01,2.080150e+01,2.082239e+01,2.082935e+01,2.085024e+01,2.086416e+01,2.086416e+01,2.084328e+01,2.089200e+01,2.094070e+01,2.085720e+01,2.080150e+01,2.087808e+01,2.087112e+01,2.078757e+01,2.085024e+01,2.084328e+01,2.089200e+01,2.086416e+01,2.085024e+01,2.085720e+01,2.081543e+01,2.079453e+01,2.090592e+01,2.085024e+01,2.085024e+01,2.089896e+01,2.089200e+01,2.098937e+01,2.082239e+01,2.083632e+01,2.085720e+01,2.086416e+01,2.084328e+01,2.080846e+01,2.091983e+01,2.088504e+01,2.076667e+01,2.082239e+01,2.088504e+01,2.088504e+01,2.083632e+01,2.091983e+01,2.084328e+01,2.082935e+01,2.077363e+01,2.080846e+01,2.082239e+01,2.082935e+01,2.083632e+01,2.070394e+01,2.083632e+01,2.078757e+01,2.081543e+01,2.083632e+01,2.084328e+01,2.081543e+01,2.088504e+01,2.076667e+01,2.077363e+01,2.076667e+01,2.078060e+01,2.087808e+01,2.080846e+01,2.088504e+01,2.080150e+01,2.080150e+01,2.080846e+01,2.082935e+01,2.079453e+01,2.082935e+01,2.075970e+01,2.092679e+01,2.088504e+01,2.095461e+01,2.096156e+01,2.098242e+01,2.089200e+01,2.096156e+01,2.095461e+01,2.094765e+01,2.091983e+01,2.094070e+01,2.089200e+01,2.089200e+01,2.099632e+01,2.098937e+01,2.095461e+01,2.097547e+01,2.096852e+01,2.094765e+01,2.097547e+01,2.102413e+01,2.095461e+01,2.087808e+01,2.103802e+01,2.098242e+01,2.101023e+01,2.103107e+01,2.096156e+01,2.103107e+01,2.103802e+01,2.102413e+01,2.084328e+01,2.095461e+01,2.094765e+01,2.094070e+01,2.080846e+01,2.093374e+01,2.084328e+01,2.088504e+01,2.064118e+01,2.088504e+01,2.087808e+01,2.094070e+01,2.089200e+01,2.081543e+01,2.084328e+01,2.082239e+01,2.080846e+01,2.081543e+01,2.080846e+01,2.087112e+01,2.076667e+01,2.082239e+01,2.086416e+01,2.096852e+01,2.091287e+01,2.077363e+01,2.076667e+01,2.085720e+01,2.083632e+01,2.084328e+01,2.084328e+01,2.078757e+01,2.077363e+01,2.087112e+01,2.088504e+01,2.085720e+01,2.088504e+01,2.090592e+01,2.091287e+01,2.078757e+01,2.080150e+01,2.080846e+01,2.075970e+01,2.079453e+01,2.077363e+01,2.075970e+01,2.074576e+01,2.073182e+01,2.076667e+01,2.072486e+01,2.075273e+01,2.079453e+01,2.077363e+01,2.067605e+01,2.075970e+01,2.079453e+01,2.070394e+01,2.073879e+01,2.069000e+01,2.078060e+01,2.080846e+01,2.069000e+01,2.069000e+01,2.080150e+01,2.067605e+01,2.085024e+01,2.071789e+01,2.082239e+01,2.087112e+01,2.077363e+01,2.086416e+01,2.074576e+01,2.078757e+01,2.074576e+01,2.079453e+01,2.075970e+01,2.081543e+01,2.083632e+01,2.080150e+01,2.074576e+01,2.075273e+01,2.065513e+01,2.086416e+01,2.072486e+01,2.069000e+01,2.075970e+01,2.066908e+01,2.081543e+01,2.075273e+01,2.088504e+01,2.090592e+01
1.930695e+01,1.953291e+01,1.939174e+01,1.951880e+01,1.936349e+01,1.953996e+01,1.948352e+01,1.937762e+01,1.931402e+01,1.930695e+01,1.929988e+01,1.912298e+01,1.919378e+01,1.902378e+01,1.908047e+01,1.903795e+01,1.907339e+01,1.897414e+01,1.946235e+01,1.949764e+01,1.980761e+01,2.012364e+01,2.026378e+01,2.041770e+01,2.024277e+01,2.020774e+01,1.989901e+01,1.997628e+01,1.982168e+01,1.985683e+01,1.991306e+01,1.980058e+01,1.978650e+01,1.976540e+01,1.967388e+01,1.970205e+01,1.981464e+01,1.979354e+01,1.979354e+01,1.989198e+01,1.973725e+01,1.982871e+01,1.973021e+01,1.981464e+01,1.982168e+01,1.968092e+01,1.992711e+01,1.982168e+01,1.982871e+01,1.974428e+01,1.976540e+01,1.990604e+01,1.992711e+01,1.992009e+01,1.979354e+01,1.990604e+01,1.987792e+01,1.986386e+01,1.990604e+01,2.002542e+01,1.988495e+01,2.011663e+01,2.015168e+01,2.020774e+01,2.031278e+01,2.032678e+01,2.032678e+01,2.060629e+01,2.075970e+01,2.080150e+01,2.073182e+01,2.076667e+01,2.076667e+01,2.073879e+01,2.077363e+01,2.083632e+01,2.085720e+01,2.078060e+01,2.076667e+01,2.082935e+01,2.093374e+01,2.069000e+01,2.079453e+01,2.071091e+01,2.087112e+01,2.080150e+01,2.082239e+01,2.081543e+01,2.080150e+01,2.079453e+01,2.089200e+01,2.075970e+01,2.085720e+01,2.082935e+01,2.085024e+01,2.074576e+01,2.069000e+01,2.078757e+01,2.079453e+01,2.085024e+01,2.080846e+01,2.073879e+01,2.082935e+01,2.081543e+01,2.071091e+01,2.080846e+01,2.082239e+01,2.079453e+01,2.068303e+01,2.081543e+01,2.083632e+01,2.075273e+01,2.078757e+01,2.036176e+01,2.048061e+01,2.020074e+01,2.020774e+01,2.006051e+01,1.966683e+01,1.947647e+01,1.925745e+01,1.900960e+01,1.896704e+01,1.888899e+01,1.870424e+01,1.873980e+01,1.856902e+01,1.860462e+01,1.854053e+01,1.854053e+01,1.854053e+01,1.853340e+01,1.845500e+01,1.859750e+01,1.854053e+01,1.851915e+01,1.857614e+01,1.846213e+01,1.851915e+01,1.846926e+01,1.854765e+01,1.846213e+01,1.868290e+01,1.845500e+01,1.868290e+01,1.862598e+01,1.871847e+01,1.867579e+01,1.866156e+01,1.865444e+01,1.876112e+01,1.881087e+01,1.881797e+01,1.884638e+01,1.882508e+01,1.886059e+01,1.887479e+01,1.889609e+01,1.891738e+01,1.885349e+01,1.890318e+01,1.904504e+01,1.900251e+01,1.910881e+01,1.911590e+01,1.903795e+01,1.895286e+01,1.904504e+01,1.910173e+01,1.917254e+01,1.894576e+01,1.908047e+01,1.910173e+01,1.911590e+01,1.904504e+01,1.905922e+01,1.908047e+01,1.913714e+01,1.909464e+01,1.920793e+01,1.926452e+01,1.922916e+01,1.927867e+01,1.922208e+01,1.933522e+01,1.935642e+01,1.932815e+01,1.934936e+01,1.933522e+01,1.926452e+01,1.924331e+01,1.924331e+01,1.934229e+01,1.935642e+01,1.930695e+01,1.935642e+01,1.934936e+01,1.949058e+01,1.952586e+01,1.946941e+01,1.959637e+01,1.946941e+01,1.952586e+01,1.954701e+01,1.959637e+01,1.965274e+01,1.962456e+01,1.973725e+01,1.967388e+01,1.981464e+01,1.975836e+01,1.978650e+01,1.983574e+01,1.983574e+01,1.985683e+01,1.980761e+01,1.988495e+01,1.989901e+01,1.998330e+01,1.996926e+01,2.001841e+01,2.012364e+01,2.015168e+01,2.020774e+01,2.050855e+01,2.054347e+01,2.075273e+01,2.057838e+01,2.070394e+01,2.056442e+01,2.057140e+01,2.041071e+01,2.040372e+01,2.038274e+01,2.043169e+01,2.031278e+01,2.012364e+01,2.009559e+01,2.011663e+01,2.024277e+01,2.014467e+01,2.035476e+01,2.033377e+01,2.043868e+01,2.035476e+01,2.042470e+01,2.052252e+01,2.057838e+01,2.065513e+01,2.078757e+01,2.078060e+01,2.080150e+01,2.075273e+01,2.082239e+01,2.080150e+01,2.085024e+01,2.078757e+01,2.080846e+01,2.072486e+01,2.066211e+01,2.078757e+01,2.065513e+01,2.073182e+01,2.072486e+01,2.070394e+01,2.070394e+01,2.066908e+01,2.067605e+01,2.071789e+01,2.071091e+01,2.069697e+01,2.057838e+01,2.063420e+01,2.062723e+01,2.034777e+01,2.048759e+01,2.034077e+01,2.029878e+01,2.022876e+01,2.029878e+01,2.022876e+01,2.025677e+01,2.031978e+01,2.022176e+01,2.033377e+01,2.035476e+01,2.034077e+01,2.032678e+01,2.030578e+01,2.037575e+01,2.022876e+01,2.017271e+01,2.009559e+01,2.015168e+01,2.024977e+01,2.014467e+01,2.008857e+01,2.015168e+01,2.008857e+01,2.003244e+01,2.003946e+01,2.007454e+01,1.994819e+01,1.999735e+01,1.975132e+01,1.985683e+01,1.981464e+01,1.975836e+01,1.973725e+01,1.976540e+01,1.962456e+01,1.950469e+01,1.952586e+01,1.952586e+01,1.951175e+01,1.962456e+01,1.948352e+01,1.941999e+01,1.941293e+01,1.947647e+01,1.940587e+01,1.939174e+01,1.941999e+01,1.933522e+01,1.931402e+01,1.929281e+01,1.922208e+01,1.925745e+01,1.920793e+01,1.914422e+01,1.919378e+01,1.927867e+01,1.929988e+01,1.922208e+01,1.953291e+01,1.958932e+01,1.977947e+01,1.957522e+01,1.977243e+01,1.975132e+01,1.992009e+01,2.003946e+01,2.009559e+01,2.010260e+01,2.001841e+01,2.034777e+01,2.036176e+01,2.039673e+01,2.052950e+01,2.062723e+01,2.063420e+01,2.065513e+01,2.065513e+01,2.080150e+01,2.084328e+01,2.086416e+01,2.082935e+01,2.100327e+01,2.080846e+01,2.086416e+01,2.079453e+01,2.079453e+01,2.081543e+01,2.089896e+01,2.082239e+01,2.085720e+01,2.085024e+01,2.087112e+01,2.080150e+01,2.086416e+01,2.082935e+01,2.087112e+01,2.082239e+01,2.077363e+01,2.082935e+01,2.084328e+01,2.067605e+01,2.066908e+01,2.089200e+01,2.077363e+01,2.082935e+01,2.082239e+01,2.080846e+01,2.082239e+01,2.080150e+01,2.081543e+01,2.078060e+01,2.088504e+01,2.077363e+01,2.076667e+01,2.084328e+01,2.085024e+01,2.080846e+01,2.082935e+01,2.082239e+01,2.086416e+01,2.084328e+01,2.081543e+01,2.087808e+01,2.084328e+01,2.085720e+01,2.091287e+01,2.094765e+01,2.076667e+01,2.089200e+01,2.075970e+01,2.076667e+01,2.074576e+01,2.075970e+01,2.072486e+01,2.086416e+01,2.081543e+01,2.091287e+01,2.100327e+01,2.082239e+01,2.098937e+01,2.085024e+01,2.091287e+01,2.089200e+01,2.082935e+01,2.088504e+01,2.089200e+01,2.080150e+01,2.078757e+01,2.082239e+01,2.086416e+01,2.091287e+01,2.083632e+01,2.080846e+01,2.077363e+01,2.082935e+01,2.088504e+01,2.085720e+01,2.087808e+01,2.087808e+01,2.080150e+01,2.089896e+01,2.085024e+01,2.085720e+01,2.091287e+01,2.087808e+01,2.087112e+01,2.085024e+01,2.083632e+01,2.084328e+01,2.099632e+01,2.091287e+01,2.087808e+01,2.089200e+01,2.080846e+01,2.082935e+01,2.082935e+01,2.086416e+01,2.085720e+01,2.084328e+01,2.088504e+01,2.080846e+01,2.087808e+01,2.085024e+01,2.079453e+01,2.083632e+01,2.082935e+01,2.081543e+01,2.080846e+01,2.080150e+01,2.080846e+01,2.086416e+01,2.078060e+01,2.091287e+01,2.080150e+01,2.083632e+01,2.091287e+01,2.091983e+01,2.078060e+01,2.086416e+01,2.082239e+01,2.075970e+01,2.095461e+01,2.086416e+01,2.081543e+01,2.075970e+01,2.078060e+01,2.081543e+01,2.080846e+01,2.078060e+01,2.090592e+01,2.078060e+01,2.081543e+01,2.085024e+01,2.076667e+01,2.083632e+01,2.089896e+01,2.077363e+01,2.079453e+01,2.084328e+01,2.075970e+01,2.083632e+01,2.084328e+01,2.069697e+01,2.076667e+01,2.080846e+01,2.082239e+01,2.080150e+01,2.078060e+01,2.083632e+01,2.081543e+01,2.082239e+01,2.075273e+01,2.078060e+01,2.089896e+01,2.089896e+01,2.091287e+01,2.091983e+01,2.080150e+01,2.075970e+01,2.086416e+01,2.091287e+01,2.089200e+01,2.093374e+01,2.089896e+01,2.085024e+01,2.084328e+01,2.088504e+01,2.087112e+01,2.082935e+01,2.096156e+01,2.101718e+01,2.093374e+01,2.080846e+01,2.094765e+01,2.095461e+01,2.092679e+01,2.092679e+01,2.102413e+01,2.100327e+01,2.097547e+01,2.094765e+01,2.094765e+01,2.102413e+01,2.114220e+01,2.097547e+01,2.109360e+01,2.101023e+01,2.096852e+01,2.090592e+01,2.094070e+01,2.105887e+01,2.099632e+01,2.096156e+01,2.085720e+01,2.085720e+01,2.088504e+01,2.092679e+01,2.093374e+01,2.096852e+01,2.089200e+01,2.063420e+01,2.087808e+01,2.088504e+01,2.089896e+01,2.093374e+01,2.092679e+01,2.101023e+01,2.083632e+01,2.078757e+01,2.088504e+01,2.088504e+01,2.085024e+01,2.073879e+01,2.085720e+01,2.083632e+01,2.088504e+01,2.080846e+01,2.100327e+01,2.084328e+01,2.085720e+01,2.084328e+01,2.089896e+01,2.086416e+01,2.083632e+01,2.083632e+01,2.088504e+01,2.085720e+01,2.085720e+01,2.088504e+01,2.062723e+01,2.091983e+01,2.091983e+01,2.087112e+01,2.078060e+01,2.075970e+01,2.075273e+01,2.078060e+01,2.071789e+01,2.083632e+01,2.076667e+01,2.075273e+01,2.078757e+01,2.073182e+01,2.073182e+01,2.083632e+01,2.073879e+01,2.078757e+01,2.074576e+01,2.081543e+01,2.071091e+01,2.075273e+01,2.076667e+01,2.082239e+01,2.082935e+01,2.080150e+01,2.069000e+01,2.075273e+01,2.079453e+01,2.069697e+01,2.086416e+01,2.085024e+01,2.070394e+01,2.080846e+01,2.087808e+01,2.064816e+01,2.083632e+01,2.082935e+01,2.074576e+01,2.082239e+01,2.069000e+01,2.071789e+01,2.080846e+01,2.070394e+01,2.075970e+01,2.089200e+01,2.089896e+01,2.068303e+01,2.076667e+01,2.078757e+01,2.073879e+01,2.087808e+01,2.084328e+01,2.084328e+01,2.075970e+01
1.929281e+01,1.941999e+01,1.932109e+01,1.967388e+01,1.958227e+01,1.937762e+01,1.953291e+01,1.953996e+01,1.930695e+01,1.935642e+01,1.920793e+01,1.917962e+01,1.920085e+01,1.908047e+01,1.904504e+01,1.910881e+01,1.907339e+01,1.934229e+01,1.953291e+01,1.994117e+01,2.013065e+01,2.030578e+01,2.041770e+01,2.037575e+01,2.022176e+01,2.010260e+01,1.984277e+01,1.980058e+01,1.987792e+01,1.996224e+01,1.984980e+01,1.979354e+01,1.979354e+01,1.985683e+01,1.976540e+01,1.968092e+01,1.964570e+01,1.968092e+01,1.972317e+01,1.965979e+01,1.977243e+01,1.970205e+01,1.985683e+01,1.987090e+01,1.977947e+01,1.981464e+01,1.978650e+01,1.973725e+01,1.973725e+01,1.977947e+01,1.977947e+01,1.975132e+01,1.984277e+01,1.990604e+01,1.992009e+01,1.994117e+01,1.999735e+01,1.991306e+01,2.003244e+01,2.006051e+01,2.007454e+01,2.014467e+01,2.010260e+01,2.032678e+01,2.031978e+01,2.035476e+01,2.070394e+01,2.069697e+01,2.083632e+01,2.087808e+01,2.082239e+01,2.082935e+01,2.074576e+01,2.074576e+01,2.095461e+01,2.080150e+01,2.082935e+01,2.080150e+01,2.072486e+01,2.073182e+01,2.078757e+01,2.073879e+01,2.075273e+01,2.094765e+01,2.076667e+01,2.072486e+01,2.087112e+01,2.077363e+01,2.076667e+01,2.075970e+01,2.080150e+01,2.075970e+01,2.082935e+01,2.078060e+01,2.082935e+01,2.080846e+01,2.071789e+01,2.082239e+01,2.089896e+01,2.072486e+01,2.082239e+01,2.080150e+01,2.080846e+01,2.069000e+01,2.081543e+01,2.079453e+01,2.078757e+01,2.086416e+01,2.078757e+01,2.072486e+01,2.066908e+01,2.072486e+01,2.073879e+01,2.068303e+01,2.041071e+01,2.028478e+01,2.022876e+01,2.002542e+01,1.965979e+01,1.946235e+01,1.908047e+01,1.909464e+01,1.878955e+01,1.878955e+01,1.872558e+01,1.861886e+01,1.872558e+01,1.866156e+01,1.863309e+01,1.865444e+01,1.850490e+01,1.853340e+01,1.863309e+01,1.851203e+01,1.849777e+01,1.847639e+01,1.854765e+01,1.855477e+01,1.858326e+01,1.854053e+01,1.861886e+01,1.859750e+01,1.846926e+01,1.848352e+01,1.869713e+01,1.873269e+01,1.865444e+01,1.871847e+01,1.862598e+01,1.876823e+01,1.877534e+01,1.869002e+01,1.876112e+01,1.883928e+01,1.892448e+01,1.900251e+01,1.886769e+01,1.882508e+01,1.886769e+01,1.902378e+01,1.905922e+01,1.903795e+01,1.904504e+01,1.900960e+01,1.906630e+01,1.900960e+01,1.913714e+01,1.912298e+01,1.915838e+01,1.912298e+01,1.899541e+01,1.908756e+01,1.910881e+01,1.912298e+01,1.921501e+01,1.917254e+01,1.913714e+01,1.925038e+01,1.931402e+01,1.933522e+01,1.933522e+01,1.929281e+01,1.937055e+01,1.924331e+01,1.934229e+01,1.932109e+01,1.923623e+01,1.931402e+01,1.935642e+01,1.933522e+01,1.932815e+01,1.929281e+01,1.930695e+01,1.937762e+01,1.942705e+01,1.935642e+01,1.936349e+01,1.950469e+01,1.949058e+01,1.954701e+01,1.947647e+01,1.964570e+01,1.960342e+01,1.965979e+01,1.964570e+01,1.967388e+01,1.961047e+01,1.965274e+01,1.974428e+01,1.973725e+01,1.972317e+01,1.980058e+01,1.975132e+01,1.987792e+01,1.980058e+01,1.982871e+01,1.992009e+01,1.989198e+01,1.999735e+01,1.996224e+01,2.003244e+01,2.014467e+01,2.013065e+01,2.023577e+01,2.029878e+01,2.038274e+01,2.040372e+01,2.055743e+01,2.057140e+01,2.062723e+01,2.034777e+01,2.062025e+01,2.048759e+01,2.035476e+01,2.040372e+01,2.029178e+01,2.029178e+01,2.023577e+01,2.024277e+01,2.010260e+01,2.017972e+01,2.025677e+01,2.026378e+01,2.039673e+01,2.036176e+01,2.055743e+01,2.045964e+01,2.052252e+01,2.061327e+01,2.063420e+01,2.077363e+01,2.078060e+01,2.062723e+01,2.074576e+01,2.086416e+01,2.082935e+01,2.082935e+01,2.085024e+01,2.080846e+01,2.071789e+01,2.078060e+01,2.078757e+01,2.073182e+01,2.068303e+01,2.066908e+01,2.069697e+01,2.068303e+01,2.059932e+01,2.064118e+01,2.064118e+01,2.055045e+01,2.063420e+01,2.062025e+01,2.042470e+01,2.041770e+01,2.022876e+01,2.028478e+01,2.023577e+01,2.021475e+01,2.025677e+01,2.031978e+01,2.026378e+01,2.019373e+01,2.027778e+01,2.031278e+01,2.032678e+01,2.034777e+01,2.022176e+01,2.032678e+01,2.033377e+01,2.026378e+01,2.017271e+01,2.022876e+01,2.022876e+01,2.023577e+01,2.009559e+01,1.994819e+01,2.003946e+01,2.013065e+01,2.006753e+01,2.001841e+01,1.997628e+01,1.987792e+01,2.004648e+01,1.982871e+01,1.975836e+01,1.979354e+01,1.978650e+01,1.970909e+01,1.969500e+01,1.965274e+01,1.952586e+01,1.963865e+01,1.958227e+01,1.951175e+01,1.951175e+01,1.946235e+01,1.965274e+01,1.946941e+01,1.944823e+01,1.942705e+01,1.939174e+01,1.934936e+01,1.941999e+01,1.932109e+01,1.928574e+01,1.925745e+01,1.932109e+01,1.934229e+01,1.920793e+01,1.939881e+01,1.953291e+01,1.947647e+01,1.945529e+01,1.958227e+01,1.980058e+01,1.977947e+01,1.982871e+01,1.990604e+01,1.994117e+01,1.999033e+01,2.017972e+01,2.020774e+01,2.024277e+01,2.029178e+01,2.037575e+01,2.043868e+01,2.057838e+01,2.057140e+01,2.062723e+01,2.062723e+01,2.078757e+01,2.078757e+01,2.085024e+01,2.080150e+01,2.087112e+01,2.086416e+01,2.087112e+01,2.100327e+01,2.088504e+01,2.083632e+01,2.085720e+01,2.079453e+01,2.080846e+01,2.076667e+01,2.077363e+01,2.087808e+01,2.085024e+01,2.084328e+01,2.086416e+01,2.086416e+01,2.087112e+01,2.078757e+01,2.081543e+01,2.071091e+01,2.074576e+01,2.076667e+01,2.071789e+01,2.075273e+01,2.080150e+01,2.078060e+01,2.076667e+01,2.078757e+01,2.076667e+01,2.075273e+01,2.085024e+01,2.076667e+01,2.076667e+01,2.074576e+01,2.084328e+01,2.084328e+01,2.068303e+01,2.075273e+01,2.085024e+01,2.082239e+01,2.085024e+01,2.087808e+01,2.083632e+01,2.082935e+01,2.081543e+01,2.082935e+01,2.074576e+01,2.083632e+01,2.078060e+01,2.085024e+01,2.077363e+01,2.086416e+01,2.082935e+01,2.085024e+01,2.078757e+01,2.090592e+01,2.086416e+01,2.078757e+01,2.081543e+01,2.082935e+01,2.083632e+01,2.088504e+01,2.077363e+01,2.082239e+01,2.075273e+01,2.076667e+01,2.080150e+01,2.077363e+01,2.085024e+01,2.084328e+01,2.085024e+01,2.083632e+01,2.078757e+01,2.092679e+01,2.091287e+01,2.077363e+01,2.085720e+01,2.083632e+01,2.088504e+01,2.085024e+01,2.083632e+01,2.077363e+01,2.081543e+01,2.082239e+01,2.086416e+01,2.084328e+01,2.082239e+01,2.066908e+01,2.088504e+01,2.083632e+01,2.079453e+01,2.088504e+01,2.108665e+01,2.078757e+01,2.083632e+01,2.082239e+01,2.085024e+01,2.078060e+01,2.080846e+01,2.084328e+01,2.086416e+01,2.082239e+01,2.091287e+01,2.084328e+01,2.082239e+01,2.082239e+01,2.081543e+01,2.082935e+01,2.081543e+01,2.079453e+01,2.092679e+01,2.085720e+01,2.091287e+01,2.083632e+01,2.078060e+01,2.091287e+01,2.077363e+01,2.088504e+01,2.087808e+01,2.096156e+01,2.091983e+01,2.087808e+01,2.083632e+01,2.091287e+01,2.078757e+01,2.080846e+01,2.081543e+01,2.086416e+01,2.087808e+01,2.080846e+01,2.091983e+01,2.078060e+01,2.090592e+01,2.085720e+01,2.075273e+01,2.085720e+01,2.077363e+01,2.085720e+01,2.087808e+01,2.080846e+01,2.075273e+01,2.084328e+01,2.074576e+01,2.075970e+01,2.081543e+01,2.088504e+01,2.085024e+01,2.082935e+01,2.079453e+01,2.068303e+01,2.085024e+01,2.078757e+01,2.086416e+01,2.078060e+01,2.084328e+01,2.077363e+01,2.078060e+01,2.091287e+01,2.085720e+01,2.080150e+01,2.083632e+01,2.096156e+01,2.081543e+01,2.091287e+01,2.090592e+01,2.098937e+01,2.085024e+01,2.080846e+01,2.082935e+01,2.099632e+01,2.086416e+01,2.098937e+01,2.099632e+01,2.091983e+01,2.088504e+01,2.104497e+01,2.103802e+01,2.098937e+01,2.098242e+01,2.097547e+01,2.101023e+01,2.095461e+01,2.096156e+01,2.100327e+01,2.112831e+01,2.099632e+01,2.106581e+01,2.099632e+01,2.094765e+01,2.105887e+01,2.092679e+01,2.105192e+01,2.095461e+01,2.094765e+01,2.089896e+01,2.091983e+01,2.084328e+01,2.090592e+01,2.093374e+01,2.089896e+01,2.082935e+01,2.096156e+01,2.081543e+01,2.085720e+01,2.089896e+01,2.079453e+01,2.088504e+01,2.078060e+01,2.084328e+01,2.076667e+01,2.075273e+01,2.082239e+01,2.093374e+01,2.080150e+01,2.080846e+01,2.078757e+01,2.075273e+01,2.080846e+01,2.083632e+01,2.080150e+01,2.092679e+01,2.089896e+01,2.082239e+01,2.082935e+01,2.084328e+01,2.080846e+01,2.080846e+01,2.091983e+01,2.089200e+01,2.080150e+01,2.085720e+01,2.091983e+01,2.082239e+01,2.089200e+01,2.072486e+01,2.078060e+01,2.078060e+01,2.059932e+01,2.089200e+01,2.088504e+01,2.075273e+01,2.078060e+01,2.082935e+01,2.073182e+01,2.077363e+01,2.069697e+01,2.078757e+01,2.086416e+01,2.070394e+01,2.067605e+01,2.069000e+01,2.066908e+01,2.069000e+01,2.080150e+01,2.080150e+01,2.075273e+01,2.079453e+01,2.096852e+01,2.069697e+01,2.081543e+01,2.078757e+01,2.075970e+01,2.073879e+01,2.083632e+01,2.084328e+01,2.076667e+01,2.075273e+01,2.097547e+01,2.082239e+01,2.101023e+01,2.082935e+01,2.080150e+01,2.069697e+01,2.078757e+01,2.078060e+01,2.072486e+01,2.070394e+01,2.071789e+01,2.069000e+01,2.078060e+01,2.075970e+01,2.084328e+01,2.073182e+01,2.079453e+01,2.079453e+01
1.941999e+01,1.932815e+01,1.930695e+01,1.944823e+01,1.954701e+01,1.962456e+01,1.937762e+01,1.936349e+01,1.938468e+01,1.926452e+01,1.911590e+01,1.932109e+01,1.920085e+01,1.903795e+01,1.908047e+01,1.932109e+01,1.927867e+01,1.955407e+01,1.994819e+01,2.024277e+01,2.031978e+01,2.043169e+01,2.044567e+01,2.024277e+01,1.999033e+01,1.999735e+01,1.975836e+01,1.984980e+01,2.001139e+01,1.990604e+01,1.976540e+01,1.973021e+01,1.972317e+01,1.975132e+01,1.975132e+01,1.973725e+01,1.963865e+01,1.982168e+01,1.968796e+01,1.975132e+01,1.974428e+01,1.970909e+01,1.982168e+01,1.984980e+01,1.977947e+01,1.979354e+01,1.981464e+01,1.975836e+01,1.982871e+01,1.973725e+01,1.977243e+01,1.976540e+01,1.977947e+01,1.988495e+01,1.997628e+01,1.993414e+01,1.991306e+01,2.006753e+01,2.012364e+01,2.008156e+01,2.005350e+01,2.036176e+01,2.038274e+01,2.046663e+01,2.035476e+01,2.056442e+01,2.066908e+01,2.080846e+01,2.065513e+01,2.069000e+01,2.088504e+01,2.073182e+01,2.078757e+01,2.073182e+01,2.097547e+01,2.078060e+01,2.084328e+01,2.074576e+01,2.071091e+01,2.076667e+01,2.075970e+01,2.071789e+01,2.075273e+01,2.096852e+01,2.076667e+01,2.075273e+01,2.079453e+01,2.093374e+01,2.077363e+01,2.069697e+01,2.076667e+01,2.075970e+01,2.078757e+01,2.075970e+01,2.071091e+01,2.077363e+01,2.068303e+01,2.075273e+01,2.069697e+01,2.080150e+01,2.084328e+01,2.063420e+01,2.081543e+01,2.079453e+01,2.082239e+01,2.078060e+01,2.077363e+01,2.076667e+01,2.074576e+01,2.077363e+01,2.084328e+01,2.073182e+01,2.070394e+01,2.060629e+01,2.034077e+01,2.029878e+01,2.025677e+01,2.022176e+01,1.976540e+01,1.969500e+01,1.943411e+01,1.925745e+01,1.910881e+01,1.877534e+01,1.875401e+01,1.871847e+01,1.871847e+01,1.866867e+01,1.861174e+01,1.866156e+01,1.865444e+01,1.862598e+01,1.851915e+01,1.854765e+01,1.859750e+01,1.854765e+01,1.850490e+01,1.855477e+01,1.863309e+01,1.848352e+01,1.870424e+01,1.851203e+01,1.863309e+01,1.866156e+01,1.869713e+01,1.869713e+01,1.869002e+01,1.869002e+01,1.870424e+01,1.869713e+01,1.869713e+01,1.872558e+01,1.862598e+01,1.879666e+01,1.882508e+01,1.880376e+01,1.887479e+01,1.887479e+01,1.892448e+01,1.905213e+01,1.898832e+01,1.900251e+01,1.906630e+01,1.908756e+01,1.903087e+01,1.898832e+01,1.910881e+01,1.907339e+01,1.919378e+01,1.923623e+01,1.914422e+01,1.911590e+01,1.927160e+01,1.924331e+01,1.916546e+01,1.916546e+01,1.920085e+01,1.937055e+01,1.932109e+01,1.951175e+01,1.932109e+01,1.931402e+01,1.930695e+01,1.943411e+01,1.938468e+01,1.921501e+01,1.928574e+01,1.918670e+01,1.936349e+01,1.935642e+01,1.934229e+01,1.935642e+01,1.934936e+01,1.937762e+01,1.936349e+01,1.934936e+01,1.951175e+01,1.953291e+01,1.947647e+01,1.953996e+01,1.961047e+01,1.958227e+01,1.963865e+01,1.956817e+01,1.957522e+01,1.960342e+01,1.963161e+01,1.961751e+01,1.965274e+01,1.977947e+01,1.975836e+01,1.975836e+01,1.973725e+01,1.986386e+01,1.985683e+01,1.978650e+01,1.994819e+01,1.982871e+01,1.996224e+01,1.998330e+01,1.996926e+01,1.992711e+01,2.003946e+01,1.996926e+01,2.013766e+01,2.014467e+01,2.026378e+01,2.030578e+01,2.038974e+01,2.036875e+01,2.048759e+01,2.038274e+01,2.041770e+01,2.041071e+01,2.042470e+01,2.037575e+01,2.027778e+01,2.023577e+01,2.015869e+01,2.013766e+01,2.015869e+01,2.013766e+01,2.015168e+01,2.027078e+01,2.029178e+01,2.038974e+01,2.043868e+01,2.045964e+01,2.059932e+01,2.064118e+01,2.066211e+01,2.067605e+01,2.078757e+01,2.073182e+01,2.088504e+01,2.080846e+01,2.075273e+01,2.085720e+01,2.074576e+01,2.079453e+01,2.073879e+01,2.068303e+01,2.067605e+01,2.072486e+01,2.070394e+01,2.067605e+01,2.069000e+01,2.059932e+01,2.070394e+01,2.058536e+01,2.057140e+01,2.068303e+01,2.061327e+01,2.038274e+01,2.041071e+01,2.036875e+01,2.022176e+01,2.027078e+01,2.026378e+01,2.027778e+01,2.024977e+01,2.022876e+01,2.028478e+01,2.037575e+01,2.029878e+01,2.038974e+01,2.027078e+01,2.029178e+01,2.031278e+01,2.030578e+01,2.014467e+01,2.026378e+01,2.035476e+01,2.020074e+01,2.013766e+01,1.994117e+01,1.999735e+01,1.995521e+01,2.001841e+01,1.994819e+01,2.008156e+01,1.992711e+01,1.988495e+01,1.984277e+01,1.981464e+01,1.979354e+01,1.975836e+01,1.976540e+01,1.973725e+01,1.963865e+01,1.965979e+01,1.958227e+01,1.961751e+01,1.960342e+01,1.949058e+01,1.953291e+01,1.951880e+01,1.959637e+01,1.944823e+01,1.943411e+01,1.938468e+01,1.939881e+01,1.945529e+01,1.941293e+01,1.945529e+01,1.943411e+01,1.930695e+01,1.944823e+01,1.948352e+01,1.962456e+01,1.959637e+01,1.962456e+01,1.951175e+01,1.971613e+01,1.980761e+01,1.982168e+01,2.007454e+01,1.986386e+01,2.007454e+01,2.013766e+01,2.020074e+01,2.002542e+01,2.022876e+01,2.043868e+01,2.050157e+01,2.037575e+01,2.058536e+01,2.057838e+01,2.057838e+01,2.061327e+01,2.055743e+01,2.073879e+01,2.068303e+01,2.090592e+01,2.074576e+01,2.078757e+01,2.087808e+01,2.074576e+01,2.079453e+01,2.083632e+01,2.080150e+01,2.079453e+01,2.084328e+01,2.083632e+01,2.082239e+01,2.082935e+01,2.078060e+01,2.083632e+01,2.085720e+01,2.085024e+01,2.087112e+01,2.080150e+01,2.080846e+01,2.071091e+01,2.073182e+01,2.080150e+01,2.089200e+01,2.077363e+01,2.094070e+01,2.073879e+01,2.089200e+01,2.099632e+01,2.082935e+01,2.081543e+01,2.079453e+01,2.085720e+01,2.077363e+01,2.077363e+01,2.075970e+01,2.080150e+01,2.082239e+01,2.082935e+01,2.080150e+01,2.082239e+01,2.066908e+01,2.079453e+01,2.085024e+01,2.085720e+01,2.090592e+01,2.083632e+01,2.082935e+01,2.096852e+01,2.080150e+01,2.084328e+01,2.080150e+01,2.086416e+01,2.083632e+01,2.095461e+01,2.082935e+01,2.084328e+01,2.078060e+01,2.087808e+01,2.082239e+01,2.094765e+01,2.094070e+01,2.086416e+01,2.080150e+01,2.086416e+01,2.074576e+01,2.079453e+01,2.080846e+01,2.076667e+01,2.083632e+01,2.078060e+01,2.085024e+01,2.083632e+01,2.084328e+01,2.087112e+01,2.085720e+01,2.085024e+01,2.083632e+01,2.087112e+01,2.085024e+01,2.077363e+01,2.086416e+01,2.088504e+01,2.082935e+01,2.080846e+01,2.091287e+01,2.084328e+01,2.087112e+01,2.087808e+01,2.085024e+01,2.087808e+01,2.086416e+01,2.087112e+01,2.082239e+01,2.082239e+01,2.089896e+01,2.088504e+01,2.085024e+01,2.085024e+01,2.079453e+01,2.091983e+01,2.078060e+01,2.076667e+01,2.089896e+01,2.091287e+01,2.093374e+01,2.082935e+01,2.090592e+01,2.084328e+01,2.086416e+01,2.082935e+01,2.083632e+01,2.079453e+01,2.079453e+01,2.082935e+01,2.087808e+01,2.077363e+01,2.080150e+01,2.080150e+01,2.090592e+01,2.081543e+01,2.082935e+01,2.077363e+01,2.079453e+01,2.081543e+01,2.091287e+01,2.074576e+01,2.088504e+01,2.085720e+01,2.082935e+01,2.083632e+01,2.085024e+01,2.087112e+01,2.088504e+01,2.092679e+01,2.089896e+01,2.078757e+01,2.083632e+01,2.080150e+01,2.075970e+01,2.091983e+01,2.091983e+01,2.083632e+01,2.080150e+01,2.082935e+01,2.078757e+01,2.097547e+01,2.085720e+01,2.089896e+01,2.087808e+01,2.086416e+01,2.084328e+01,2.088504e+01,2.082239e+01,2.090592e+01,2.084328e+01,2.092679e+01,2.090592e+01,2.075970e+01,2.091983e+01,2.084328e+01,2.092679e+01,2.085720e+01,2.082935e+01,2.090592e+01,2.085720e+01,2.082935e+01,2.082935e+01,2.085720e+01,2.099632e+01,2.093374e+01,2.087112e+01,2.103107e+01,2.088504e+01,2.099632e+01,2.113526e+01,2.095461e+01,2.090592e+01,2.096156e+01,2.096852e+01,2.094765e+01,2.098242e+01,2.103107e+01,2.100327e+01,2.094765e+01,2.113526e+01,2.114914e+01,2.101023e+01,2.111443e+01,2.097547e+01,2.103802e+01,2.097547e+01,2.096156e+01,2.093374e+01,2.087808e+01,2.085720e+01,2.089200e+01,2.094765e+01,2.091287e+01,2.089896e+01,2.084328e+01,2.087808e+01,2.082935e+01,2.087112e+01,2.084328e+01,2.082935e+01,2.087808e+01,2.089896e+01,2.085720e+01,2.089200e+01,2.082935e+01,2.085024e+01,2.081543e+01,2.089896e+01,2.081543e+01,2.085720e+01,2.080150e+01,2.076667e+01,2.082935e+01,2.100327e+01,2.085720e+01,2.085024e+01,2.080846e+01,2.082935e+01,2.080846e+01,2.081543e+01,2.086416e+01,2.079453e+01,2.081543e+01,2.087808e+01,2.087112e+01,2.086416e+01,2.089896e+01,2.064816e+01,2.078060e+01,2.076667e+01,2.075970e+01,2.075273e+01,2.068303e+01,2.093374e+01,2.074576e+01,2.075273e+01,2.087808e+01,2.074576e+01,2.073879e+01,2.083632e+01,2.066211e+01,2.071789e+01,2.071091e+01,2.066211e+01,2.077363e+01,2.069000e+01,2.069000e+01,2.075970e+01,2.078060e+01,2.066211e+01,2.080150e+01,2.076667e+01,2.074576e+01,2.077363e+01,2.066908e+01,2.074576e+01,2.092679e+01,2.080150e+01,2.079453e+01,2.075273e+01,2.087112e+01,2.066211e+01,2.076667e+01,2.078757e+01,2.080846e+01,2.072486e+01,2.057838e+01,2.080150e+01,2.081543e+01,2.062025e+01,2.080150e+01,2.073182e+01,2.086416e+01,2.085720e+01,2.065513e+01,2.080846e+01,2.073182e+01,2.081543e+01,2.088504e+01,2.080846e+01,2.086416e+01
1.932109e+01,1.934936e+01,1.949058e+01,1.931402e+01,1.939174e+01,1.949058e+01,1.939174e+01,1.941999e+01,1.949764e+01,1.946941e+01,1.944118e+01,1.942705e+01,1.914422e+01,1.935642e+01,1.928574e+01,1.932109e+01,1.948352e+01,1.976540e+01,2.020074e+01,2.031978e+01,2.052950e+01,2.048061e+01,2.031278e+01,2.041071e+01,1.995521e+01,1.977243e+01,1.988495e+01,1.974428e+01,1.975132e+01,1.975836e+01,1.977947e+01,1.976540e+01,1.973725e+01,1.965979e+01,1.967388e+01,1.970909e+01,1.961751e+01,1.970909e+01,1.978650e+01,1.975132e+01,1.971613e+01,1.971613e+01,1.974428e+01,1.966683e+01,1.977243e+01,1.975132e+01,1.978650e+01,1.990604e+01,1.969500e+01,1.991306e+01,1.979354e+01,1.980058e+01,2.009559e+01,1.992711e+01,1.993414e+01,2.004648e+01,2.005350e+01,2.014467e+01,2.015869e+01,2.022176e+01,2.006753e+01,2.034077e+01,2.044567e+01,2.047362e+01,2.062025e+01,2.068303e+01,2.065513e+01,2.075273e+01,2.081543e+01,2.084328e+01,2.072486e+01,2.070394e+01,2.079453e+01,2.076667e+01,2.073182e+01,2.081543e+01,2.074576e+01,2.078757e+01,2.073182e+01,2.070394e+01,2.074576e+01,2.082239e+01,2.073182e+01,2.075273e+01,2.094070e+01,2.078757e+01,2.075970e+01,2.081543e+01,2.080846e+01,2.077363e+01,2.072486e+01,2.073182e+01,2.068303e+01,2.077363e+01,2.079453e+01,2.075273e+01,2.076667e+01,2.078757e+01,2.080846e+01,2.081543e+01,2.082935e+01,2.078060e+01,2.095461e+01,2.088504e+01,2.077363e+01,2.076667e+01,2.076667e+01,2.077363e+01,2.083632e+01,2.073879e+01,2.075273e+01,2.076667e+01,2.066908e+01,2.061327e+01,2.065513e+01,2.034777e+01,2.043868e+01,2.001841e+01,2.015168e+01,1.969500e+01,1.974428e+01,1.970205e+01,1.912298e+01,1.900251e+01,1.882508e+01,1.873269e+01,1.871135e+01,1.872558e+01,1.860462e+01,1.871847e+01,1.859750e+01,1.859750e+01,1.854053e+01,1.866867e+01,1.864021e+01,1.860462e+01,1.851915e+01,1.859038e+01,1.856190e+01,1.856190e+01,1.865444e+01,1.869713e+01,1.870424e+01,1.847639e+01,1.872558e+01,1.873980e+01,1.872558e+01,1.874691e+01,1.878245e+01,1.878245e+01,1.876112e+01,1.877534e+01,1.876112e+01,1.877534e+01,1.893867e+01,1.880376e+01,1.885349e+01,1.886059e+01,1.891738e+01,1.905922e+01,1.895286e+01,1.903795e+01,1.897414e+01,1.909464e+01,1.901669e+01,1.899541e+01,1.911590e+01,1.912298e+01,1.905922e+01,1.913714e+01,1.915130e+01,1.923623e+01,1.937762e+01,1.930695e+01,1.927867e+01,1.926452e+01,1.933522e+01,1.937055e+01,1.938468e+01,1.949764e+01,1.935642e+01,1.936349e+01,1.929988e+01,1.939174e+01,1.938468e+01,1.940587e+01,1.937762e+01,1.934936e+01,1.951175e+01,1.933522e+01,1.939174e+01,1.949058e+01,1.958227e+01,1.961047e+01,1.946235e+01,1.935642e+01,1.953996e+01,1.956112e+01,1.965274e+01,1.949764e+01,1.953996e+01,1.953996e+01,1.963865e+01,1.958932e+01,1.958932e+01,1.961751e+01,1.966683e+01,1.964570e+01,1.952586e+01,1.964570e+01,1.968092e+01,1.968092e+01,1.977243e+01,1.977243e+01,1.987792e+01,1.980761e+01,1.982871e+01,1.980761e+01,1.990604e+01,1.998330e+01,1.999735e+01,2.006051e+01,2.009559e+01,2.007454e+01,2.009559e+01,2.017271e+01,2.028478e+01,2.029878e+01,2.028478e+01,2.034077e+01,2.039673e+01,2.050855e+01,2.044567e+01,2.042470e+01,2.039673e+01,2.038974e+01,2.038974e+01,2.020074e+01,2.017972e+01,2.016570e+01,2.017271e+01,2.021475e+01,2.029878e+01,2.029178e+01,2.038974e+01,2.031278e+01,2.039673e+01,2.041770e+01,2.060629e+01,2.073182e+01,2.059932e+01,2.070394e+01,2.076667e+01,2.079453e+01,2.075970e+01,2.084328e+01,2.072486e+01,2.070394e+01,2.069000e+01,2.082239e+01,2.080846e+01,2.089896e+01,2.066908e+01,2.068303e+01,2.071091e+01,2.066908e+01,2.062723e+01,2.071789e+01,2.064816e+01,2.053649e+01,2.062723e+01,2.051554e+01,2.048061e+01,2.041770e+01,2.042470e+01,2.038274e+01,2.038974e+01,2.027078e+01,2.029878e+01,2.031978e+01,2.025677e+01,2.034077e+01,2.032678e+01,2.024977e+01,2.039673e+01,2.034077e+01,2.024977e+01,2.028478e+01,2.026378e+01,2.027778e+01,2.022176e+01,2.014467e+01,2.015168e+01,2.009559e+01,2.005350e+01,2.010260e+01,1.999033e+01,1.997628e+01,2.002542e+01,1.998330e+01,2.016570e+01,1.991306e+01,1.992009e+01,1.983574e+01,1.977947e+01,1.976540e+01,1.982871e+01,1.973021e+01,1.965274e+01,1.954701e+01,1.957522e+01,1.953996e+01,1.949764e+01,1.965274e+01,1.954701e+01,1.953291e+01,1.968796e+01,1.944823e+01,1.941293e+01,1.947647e+01,1.940587e+01,1.947647e+01,1.950469e+01,1.946235e+01,1.956817e+01,1.951880e+01,1.944118e+01,1.953291e+01,1.980058e+01,1.953996e+01,1.981464e+01,1.980761e+01,1.969500e+01,1.999033e+01,1.992009e+01,1.987090e+01,2.001139e+01,2.015869e+01,2.017271e+01,2.015168e+01,2.029878e+01,2.029878e+01,2.046663e+01,2.047362e+01,2.046663e+01,2.052252e+01,2.059932e+01,2.059234e+01,2.058536e+01,2.081543e+01,2.078757e+01,2.082935e+01,2.081543e+01,2.078060e+01,2.078060e+01,2.083632e+01,2.074576e+01,2.091983e+01,2.080150e+01,2.092679e+01,2.079453e+01,2.082239e+01,2.081543e+01,2.082239e+01,2.074576e+01,2.082935e+01,2.086416e+01,2.080846e+01,2.085720e+01,2.079453e+01,2.080846e+01,2.080150e+01,2.080846e+01,2.081543e+01,2.088504e+01,2.076667e+01,2.076667e+01,2.072486e+01,2.080150e+01,2.085720e+01,2.087112e+01,2.086416e+01,2.082239e+01,2.084328e+01,2.082935e+01,2.071789e+01,2.078757e+01,2.082239e+01,2.081543e+01,2.073879e+01,2.088504e+01,2.086416e+01,2.084328e+01,2.078060e+01,2.087112e+01,2.085024e+01,2.085024e+01,2.085024e+01,2.092679e+01,2.073879e+01,2.080150e+01,2.082239e+01,2.086416e+01,2.092679e+01,2.079453e+01,2.093374e+01,2.082239e+01,2.084328e+01,2.085720e+01,2.085720e+01,2.076667e+01,2.076667e+01,2.088504e+01,2.090592e+01,2.087808e+01,2.091983e+01,2.091287e+01,2.085720e+01,2.079453e+01,2.080150e+01,2.076667e+01,2.078060e+01,2.086416e+01,2.079453e+01,2.091983e+01,2.083632e+01,2.080846e+01,2.082935e+01,2.085720e+01,2.086416e+01,2.084328e+01,2.087808e+01,2.080846e+01,2.085720e+01,2.071789e+01,2.082935e+01,2.085024e+01,2.083632e+01,2.080846e+01,2.085024e+01,2.087808e+01,2.078757e+01,2.085720e+01,2.087808e+01,2.076667e+01,2.081543e+01,2.075273e+01,2.091287e+01,2.084328e+01,2.076667e+01,2.085720e+01,2.080846e+01,2.081543e+01,2.082239e+01,2.090592e+01,2.078060e+01,2.075273e+01,2.079453e+01,2.078060e+01,2.085720e+01,2.083632e+01,2.078060e+01,2.081543e+01,2.083632e+01,2.080846e+01,2.083632e+01,2.081543e+01,2.080150e+01,2.078757e+01,2.081543e+01,2.076667e+01,2.081543e+01,2.087112e+01,2.078757e+01,2.088504e+01,2.080150e+01,2.078757e+01,2.084328e+01,2.063420e+01,2.078757e+01,2.081543e+01,2.094070e+01,2.082239e+01,2.080150e+01,2.082935e+01,2.091983e+01,2.091983e+01,2.078060e+01,2.082239e+01,2.074576e+01,2.083632e+01,2.082935e+01,2.067605e+01,2.089896e+01,2.089896e+01,2.087808e+01,2.078060e+01,2.086416e+01,2.083632e+01,2.082239e+01,2.087112e+01,2.086416e+01,2.080846e+01,2.085720e+01,2.082935e+01,2.084328e+01,2.089896e+01,2.088504e+01,2.083632e+01,2.090592e+01,2.089200e+01,2.091983e+01,2.090592e+01,2.092679e+01,2.090592e+01,2.080150e+01,2.089896e+01,2.087112e+01,2.100327e+01,2.084328e+01,2.085720e+01,2.087112e+01,2.089896e+01,2.091287e+01,2.084328e+01,2.089896e+01,2.109360e+01,2.103802e+01,2.096156e+01,2.098242e+01,2.093374e+01,2.089896e+01,2.101718e+01,2.088504e+01,2.099632e+01,2.105192e+01,2.103802e+01,2.098937e+01,2.113526e+01,2.096156e+01,2.105887e+01,2.103107e+01,2.097547e+01,2.107971e+01,2.107971e+01,2.096156e+01,2.087112e+01,2.089896e+01,2.095461e+01,2.093374e+01,2.084328e+01,2.095461e+01,2.087112e+01,2.087808e+01,2.087112e+01,2.085024e+01,2.083632e+01,2.084328e+01,2.094070e+01,2.088504e+01,2.088504e+01,2.088504e+01,2.073182e+01,2.085720e+01,2.077363e+01,2.073879e+01,2.082239e+01,2.089200e+01,2.089200e+01,2.087808e+01,2.077363e+01,2.083632e+01,2.077363e+01,2.083632e+01,2.083632e+01,2.085720e+01,2.079453e+01,2.080150e+01,2.082239e+01,2.109360e+01,2.091287e+01,2.090592e+01,2.096156e+01,2.087112e+01,2.089200e+01,2.091287e+01,2.085720e+01,2.082935e+01,2.090592e+01,2.081543e+01,2.071789e+01,2.071789e+01,2.068303e+01,2.072486e+01,2.067605e+01,2.087112e+01,2.075970e+01,2.074576e+01,2.086416e+01,2.069000e+01,2.072486e+01,2.072486e+01,2.080150e+01,2.068303e+01,2.066908e+01,2.069697e+01,2.078757e+01,2.080846e+01,2.071789e+01,2.071789e+01,2.075273e+01,2.076667e+01,2.069697e+01,2.069000e+01,2.088504e+01,2.087112e+01,2.091287e+01,2.077363e+01,2.073879e+01,2.069000e+01,2.065513e+01,2.065513e+01,2.074576e+01,2.074576e+01,2.078060e+01,2.069697e+01,2.071789e+01,2.079453e+01,2.072486e+01,2.085720e+01,2.071789e+01,2.071789e+01,2.082935e+01,2.068303e+01,2.069697e+01,2.083632e+01,2.070394e+01,2.043868e+01,2.080846e+01,2.078060e+01
1.934936e+01,1.925745e+01,1.932815e+01,1.941999e+01,1.951175e+01,1.963161e+01,1.944118e+01,1.943411e+01,1.949764e+01,1.951175e+01,1.942705e+01,1.940587e+01,1.935642e+01,1.942705e+01,1.944823e+01,1.951880e+01,1.977243e+01,2.015869e+01,2.029878e+01,2.047362e+01,2.052252e+01,2.050855e+01,2.025677e+01,2.033377e+01,2.001139e+01,1.994819e+01,1.985683e+01,1.986386e+01,1.989198e+01,1.987792e+01,1.967388e+01,1.973725e+01,1.975132e+01,1.958932e+01,1.961047e+01,1.983574e+01,1.979354e+01,1.973021e+01,1.968796e+01,1.988495e+01,1.975132e+01,1.975132e+01,1.978650e+01,1.961751e+01,1.978650e+01,1.977947e+01,1.979354e+01,2.002542e+01,1.993414e+01,1.979354e+01,1.982168e+01,1.994819e+01,1.987792e+01,2.006051e+01,2.006753e+01,2.010260e+01,2.014467e+01,2.026378e+01,2.015869e+01,2.043169e+01,2.044567e+01,2.063420e+01,2.062723e+01,2.066211e+01,2.060629e+01,2.074576e+01,2.075273e+01,2.098937e+01,2.091287e+01,2.067605e+01,2.086416e+01,2.068303e+01,2.083632e+01,2.070394e+01,2.085720e+01,2.081543e+01,2.083632e+01,2.085720e+01,2.078757e+01,2.071789e+01,2.071091e+01,2.078757e+01,2.079453e+01,2.087808e+01,2.090592e+01,2.074576e+01,2.075273e+01,2.077363e+01,2.075970e+01,2.076667e+01,2.075970e+01,2.075273e+01,2.066211e+01,2.082239e+01,2.084328e+01,2.080846e+01,2.071789e+01,2.073182e+01,2.071091e+01,2.066908e+01,2.083632e+01,2.077363e+01,2.077363e+01,2.076667e+01,2.089896e+01,2.087808e+01,2.087112e+01,2.072486e+01,2.082935e+01,2.080846e+01,2.080846e+01,2.077363e+01,2.075970e+01,2.073182e+01,2.055045e+01,2.059932e+01,2.047362e+01,2.027778e+01,2.029878e+01,2.000437e+01,1.979354e+01,1.957522e+01,1.931402e+01,1.927160e+01,1.906630e+01,1.892448e+01,1.881797e+01,1.873269e+01,1.869713e+01,1.865444e+01,1.864733e+01,1.865444e+01,1.873269e+01,1.864733e+01,1.866867e+01,1.851915e+01,1.859750e+01,1.852628e+01,1.854765e+01,1.869002e+01,1.864733e+01,1.868290e+01,1.867579e+01,1.881797e+01,1.874691e+01,1.873980e+01,1.876112e+01,1.874691e+01,1.871847e+01,1.876112e+01,1.873980e+01,1.862598e+01,1.879666e+01,1.879666e+01,1.878955e+01,1.869002e+01,1.890318e+01,1.884638e+01,1.888189e+01,1.902378e+01,1.896704e+01,1.927160e+01,1.896704e+01,1.905213e+01,1.916546e+01,1.905213e+01,1.909464e+01,1.913006e+01,1.909464e+01,1.922208e+01,1.922916e+01,1.935642e+01,1.937055e+01,1.925745e+01,1.939174e+01,1.934936e+01,1.937055e+01,1.937055e+01,1.943411e+01,1.942705e+01,1.948352e+01,1.946235e+01,1.947647e+01,1.946235e+01,1.947647e+01,1.941999e+01,1.939881e+01,1.950469e+01,1.949058e+01,1.949058e+01,1.942705e+01,1.942705e+01,1.945529e+01,1.959637e+01,1.957522e+01,1.954701e+01,1.961047e+01,1.952586e+01,1.953996e+01,1.950469e+01,1.961047e+01,1.961047e+01,1.958932e+01,1.960342e+01,1.957522e+01,1.953291e+01,1.961047e+01,1.951175e+01,1.961047e+01,1.952586e+01,1.970205e+01,1.975132e+01,1.973021e+01,1.974428e+01,1.981464e+01,1.986386e+01,1.981464e+01,1.979354e+01,1.986386e+01,1.981464e+01,2.000437e+01,2.005350e+01,2.001139e+01,2.010260e+01,2.017271e+01,2.013766e+01,2.020774e+01,2.027778e+01,2.031278e+01,2.031978e+01,2.053649e+01,2.058536e+01,2.040372e+01,2.044567e+01,2.044567e+01,2.036176e+01,2.027078e+01,2.024277e+01,2.017972e+01,2.028478e+01,2.017972e+01,2.021475e+01,2.015869e+01,2.038274e+01,2.035476e+01,2.032678e+01,2.038974e+01,2.040372e+01,2.058536e+01,2.061327e+01,2.060629e+01,2.072486e+01,2.067605e+01,2.073879e+01,2.073182e+01,2.073182e+01,2.081543e+01,2.081543e+01,2.088504e+01,2.083632e+01,2.085024e+01,2.067605e+01,2.067605e+01,2.080150e+01,2.073182e+01,2.069697e+01,2.069697e+01,2.064816e+01,2.066211e+01,2.059932e+01,2.051554e+01,2.057140e+01,2.043868e+01,2.045964e+01,2.050157e+01,2.043169e+01,2.033377e+01,2.027078e+01,2.036176e+01,2.038274e+01,2.023577e+01,2.027078e+01,2.029178e+01,2.024977e+01,2.025677e+01,2.028478e+01,2.026378e+01,2.026378e+01,2.029878e+01,2.024977e+01,2.025677e+01,2.020774e+01,2.020774e+01,2.024277e+01,2.005350e+01,1.997628e+01,2.001841e+01,2.004648e+01,1.994819e+01,1.994819e+01,1.996224e+01,1.993414e+01,1.988495e+01,1.985683e+01,1.985683e+01,1.980058e+01,1.970205e+01,1.974428e+01,1.969500e+01,1.966683e+01,1.957522e+01,1.957522e+01,1.968796e+01,1.956817e+01,1.961751e+01,1.966683e+01,1.967388e+01,1.983574e+01,1.969500e+01,1.964570e+01,1.960342e+01,1.978650e+01,1.961047e+01,1.955407e+01,1.977243e+01,1.975836e+01,1.977947e+01,1.981464e+01,1.985683e+01,1.982168e+01,1.982168e+01,1.994819e+01,1.997628e+01,1.986386e+01,2.001841e+01,2.008156e+01,2.016570e+01,2.027078e+01,2.023577e+01,2.034077e+01,2.043868e+01,2.041770e+01,2.049458e+01,2.057838e+01,2.063420e+01,2.052950e+01,2.073182e+01,2.081543e+01,2.083632e+01,2.078757e+01,2.087112e+01,2.082239e+01,2.090592e+01,2.094765e+01,2.087808e+01,2.077363e+01,2.078757e+01,2.080150e+01,2.076667e+01,2.075970e+01,2.093374e+01,2.087112e+01,2.078757e+01,2.083632e+01,2.082935e+01,2.082935e+01,2.082935e+01,2.084328e+01,2.082239e+01,2.089896e+01,2.078757e+01,2.079453e+01,2.076667e+01,2.071091e+01,2.091287e+01,2.079453e+01,2.077363e+01,2.080846e+01,2.075273e+01,2.090592e+01,2.076667e+01,2.082935e+01,2.075273e+01,2.079453e+01,2.078060e+01,2.087112e+01,2.073182e+01,2.075970e+01,2.085024e+01,2.089896e+01,2.073182e+01,2.091287e+01,2.086416e+01,2.083632e+01,2.080150e+01,2.085024e+01,2.069000e+01,2.085024e+01,2.084328e+01,2.067605e+01,2.090592e+01,2.074576e+01,2.083632e+01,2.085024e+01,2.089896e+01,2.098242e+01,2.080150e+01,2.080150e+01,2.082935e+01,2.078060e+01,2.078060e+01,2.087112e+01,2.078757e+01,2.092679e+01,2.084328e+01,2.084328e+01,2.089896e+01,2.080846e+01,2.081543e+01,2.078060e+01,2.085720e+01,2.083632e+01,2.078060e+01,2.080150e+01,2.087808e+01,2.084328e+01,2.087112e+01,2.086416e+01,2.088504e+01,2.087112e+01,2.084328e+01,2.083632e+01,2.079453e+01,2.079453e+01,2.083632e+01,2.096852e+01,2.080150e+01,2.081543e+01,2.081543e+01,2.080150e+01,2.082239e+01,2.088504e+01,2.087112e+01,2.085024e+01,2.074576e+01,2.091287e+01,2.082935e+01,2.085720e+01,2.095461e+01,2.078060e+01,2.086416e+01,2.087112e+01,2.082239e+01,2.082935e+01,2.077363e+01,2.091287e+01,2.087808e+01,2.091287e+01,2.086416e+01,2.089200e+01,2.085024e+01,2.082239e+01,2.082239e+01,2.088504e+01,2.080150e+01,2.078757e+01,2.083632e+01,2.083632e+01,2.082239e+01,2.091983e+01,2.082239e+01,2.081543e+01,2.088504e+01,2.085024e+01,2.080846e+01,2.089896e+01,2.078757e+01,2.077363e+01,2.085720e+01,2.078757e+01,2.091287e+01,2.086416e+01,2.085720e+01,2.086416e+01,2.078060e+01,2.086416e+01,2.079453e+01,2.091287e+01,2.078757e+01,2.084328e+01,2.085024e+01,2.079453e+01,2.078757e+01,2.084328e+01,2.076667e+01,2.087808e+01,2.086416e+01,2.089896e+01,2.073182e+01,2.080150e+01,2.085720e+01,2.086416e+01,2.068303e+01,2.083632e+01,2.086416e+01,2.088504e+01,2.086416e+01,2.073182e+01,2.088504e+01,2.080846e+01,2.082239e+01,2.081543e+01,2.087808e+01,2.087112e+01,2.084328e+01,2.082935e+01,2.094765e+01,2.084328e+01,2.080846e+01,2.087112e+01,2.098937e+01,2.089200e+01,2.091287e+01,2.080846e+01,2.094765e+01,2.110054e+01,2.089896e+01,2.105887e+01,2.105192e+01,2.103802e+01,2.096156e+01,2.087808e+01,2.098937e+01,2.093374e+01,2.098937e+01,2.099632e+01,2.106581e+01,2.100327e+01,2.100327e+01,2.098937e+01,2.094070e+01,2.102413e+01,2.103107e+01,2.121852e+01,2.098242e+01,2.092679e+01,2.092679e+01,2.088504e+01,2.091287e+01,2.082239e+01,2.085024e+01,2.095461e+01,2.086416e+01,2.096156e+01,2.094765e+01,2.094765e+01,2.082935e+01,2.096852e+01,2.080846e+01,2.082239e+01,2.089896e+01,2.087112e+01,2.083632e+01,2.076667e+01,2.091983e+01,2.080150e+01,2.087112e+01,2.094070e+01,2.090592e+01,2.078757e+01,2.087112e+01,2.083632e+01,2.075970e+01,2.084328e+01,2.081543e+01,2.084328e+01,2.087112e+01,2.078757e+01,2.079453e+01,2.090592e+01,2.089896e+01,2.092679e+01,2.080846e+01,2.089200e+01,2.080150e+01,2.091287e+01,2.084328e+01,2.089200e+01,2.086416e+01,2.073879e+01,2.080846e+01,2.080150e+01,2.087808e+01,2.072486e+01,2.074576e+01,2.072486e+01,2.073879e+01,2.073182e+01,2.080150e+01,2.073879e+01,2.072486e+01,2.066211e+01,2.078757e+01,2.081543e+01,2.075273e+01,2.075970e+01,2.074576e+01,2.071091e+01,2.080846e+01,2.077363e+01,2.079453e+01,2.071091e+01,2.077363e+01,2.070394e+01,2.073879e+01,2.080846e+01,2.091287e+01,2.073879e+01,2.072486e+01,2.078060e+01,2.065513e+01,2.089896e+01,2.085720e+01,2.079453e+01,2.090592e+01,2.080150e+01,2.072486e+01,2.075970e+01,2.082935e+01,2.066908e+01,2.071789e+01,2.080846e+01,2.086416e+01,2.087808e+01,2.075970e+01,2.087112e+01,2.062025e+01,2.058536e+01,2.071789e+01,2.082935e+01
1.924331e+01,1.930695e+01,1.934229e+01,1.950469e+01,1.956817e+01,1.955407e+01,1.949764e+01,1.942705e+01,1.958227e+01,1.965274e+01,1.953996e+01,1.943411e+01,1.944118e+01,1.968796e+01,1.961751e+01,1.980058e+01,2.002542e+01,2.025677e+01,2.043868e+01,2.049458e+01,2.062025e+01,2.043169e+01,2.036176e+01,2.003946e+01,1.987792e+01,1.995521e+01,1.986386e+01,1.984277e+01,1.982168e+01,1.981464e+01,1.980761e+01,1.971613e+01,1.977243e+01,1.964570e+01,1.964570e+01,1.961751e+01,1.963161e+01,1.961047e+01,1.978650e+01,1.972317e+01,1.967388e+01,1.980761e+01,1.982168e+01,1.977243e+01,1.983574e+01,1.993414e+01,2.002542e+01,1.979354e+01,1.992711e+01,1.998330e+01,2.008857e+01,1.994819e+01,2.009559e+01,2.030578e+01,2.017271e+01,2.022176e+01,2.044567e+01,2.064816e+01,2.045266e+01,2.069697e+01,2.055045e+01,2.077363e+01,2.079453e+01,2.062025e+01,2.079453e+01,2.081543e+01,2.069000e+01,2.077363e+01,2.078060e+01,2.079453e+01,2.071091e+01,2.078757e+01,2.079453e+01,2.078757e+01,2.072486e+01,2.082935e+01,2.083632e+01,2.085024e+01,2.082239e+01,2.073182e+01,2.084328e+01,2.075273e+01,2.075970e+01,2.076667e+01,2.090592e+01,2.091983e+01,2.085024e+01,2.074576e+01,2.080150e+01,2.078757e+01,2.075970e+01,2.081543e+01,2.081543e+01,2.080150e+01,2.079453e+01,2.076667e+01,2.080150e+01,2.073182e+01,2.070394e+01,2.078060e+01,2.072486e+01,2.074576e+01,2.075273e+01,2.076667e+01,2.069000e+01,2.074576e+01,2.081543e+01,2.087808e+01,2.073879e+01,2.071789e+01,2.076667e+01,2.078757e+01,2.078060e+01,2.071091e+01,2.052252e+01,2.043868e+01,2.041770e+01,2.038274e+01,2.029178e+01,2.009559e+01,2.005350e+01,1.980761e+01,1.970205e+01,1.956112e+01,1.927160e+01,1.917962e+01,1.900251e+01,1.902378e+01,1.878955e+01,1.870424e+01,1.868290e+01,1.879666e+01,1.864733e+01,1.867579e+01,1.865444e+01,1.869002e+01,1.863309e+01,1.859750e+01,1.870424e+01,1.873269e+01,1.877534e+01,1.884638e+01,1.871135e+01,1.892448e+01,1.878245e+01,1.898123e+01,1.895995e+01,1.868290e+01,1.885349e+01,1.871135e+01,1.877534e+01,1.884638e+01,1.864733e+01,1.862598e+01,1.878245e+01,1.870424e+01,1.883218e+01,1.878245e+01,1.881797e+01,1.900960e+01,1.888899e+01,1.896704e+01,1.908047e+01,1.916546e+01,1.910173e+01,1.910173e+01,1.903795e+01,1.922916e+01,1.915130e+01,1.919378e+01,1.920793e+01,1.939881e+01,1.946941e+01,1.935642e+01,1.945529e+01,1.939881e+01,1.937055e+01,1.950469e+01,1.941999e+01,1.940587e+01,1.956112e+01,1.949764e+01,1.948352e+01,1.956817e+01,1.947647e+01,1.937762e+01,1.953291e+01,1.951175e+01,1.949058e+01,1.952586e+01,1.950469e+01,1.945529e+01,1.961751e+01,1.961047e+01,1.953291e+01,1.960342e+01,1.956112e+01,1.950469e+01,1.958227e+01,1.965979e+01,1.961047e+01,1.969500e+01,1.970205e+01,1.965979e+01,1.957522e+01,1.966683e+01,1.963865e+01,1.958227e+01,1.956112e+01,1.953996e+01,1.961047e+01,1.965274e+01,1.963161e+01,1.977947e+01,1.978650e+01,1.982168e+01,1.983574e+01,1.987792e+01,1.998330e+01,1.984980e+01,1.987090e+01,1.999735e+01,1.999033e+01,2.012364e+01,2.003946e+01,2.024977e+01,2.031978e+01,2.029878e+01,2.051554e+01,2.050157e+01,2.071091e+01,2.066908e+01,2.067605e+01,2.061327e+01,2.058536e+01,2.046663e+01,2.052252e+01,2.038974e+01,2.027778e+01,2.031978e+01,2.027078e+01,2.038274e+01,2.030578e+01,2.020074e+01,2.017271e+01,2.041071e+01,2.034077e+01,2.034777e+01,2.052252e+01,2.066211e+01,2.067605e+01,2.056442e+01,2.066908e+01,2.065513e+01,2.073182e+01,2.073182e+01,2.075970e+01,2.081543e+01,2.078060e+01,2.087112e+01,2.069697e+01,2.069000e+01,2.070394e+01,2.064118e+01,2.063420e+01,2.065513e+01,2.065513e+01,2.057140e+01,2.064816e+01,2.055743e+01,2.064816e+01,2.056442e+01,2.048759e+01,2.047362e+01,2.048061e+01,2.042470e+01,2.031278e+01,2.050157e+01,2.031978e+01,2.035476e+01,2.024977e+01,2.040372e+01,2.037575e+01,2.034777e+01,2.037575e+01,2.027778e+01,2.032678e+01,2.027778e+01,2.032678e+01,2.028478e+01,2.019373e+01,2.008857e+01,2.014467e+01,2.017972e+01,2.024277e+01,2.008857e+01,2.008156e+01,2.010260e+01,2.008156e+01,2.007454e+01,1.996926e+01,1.990604e+01,2.002542e+01,1.999735e+01,1.987090e+01,1.996926e+01,1.973725e+01,1.969500e+01,1.971613e+01,1.964570e+01,1.958227e+01,1.960342e+01,1.958227e+01,1.961047e+01,1.978650e+01,1.979354e+01,1.982168e+01,1.984980e+01,1.984277e+01,1.983574e+01,2.003946e+01,1.980058e+01,1.999033e+01,1.992009e+01,1.994819e+01,2.000437e+01,1.979354e+01,1.991306e+01,2.008156e+01,2.001841e+01,2.006051e+01,2.014467e+01,2.002542e+01,1.987792e+01,2.017972e+01,2.032678e+01,2.024977e+01,2.024277e+01,2.043169e+01,2.047362e+01,2.052252e+01,2.043868e+01,2.068303e+01,2.045964e+01,2.066908e+01,2.076667e+01,2.078060e+01,2.075273e+01,2.077363e+01,2.082935e+01,2.073879e+01,2.073879e+01,2.085720e+01,2.083632e+01,2.089200e+01,2.081543e+01,2.081543e+01,2.082239e+01,2.083632e+01,2.083632e+01,2.084328e+01,2.081543e+01,2.082239e+01,2.075273e+01,2.078757e+01,2.082239e+01,2.081543e+01,2.083632e+01,2.087808e+01,2.078757e+01,2.078060e+01,2.078757e+01,2.076667e+01,2.079453e+01,2.069000e+01,2.077363e+01,2.078757e+01,2.083632e+01,2.078757e+01,2.088504e+01,2.073879e+01,2.087808e+01,2.078060e+01,2.085024e+01,2.075273e+01,2.085720e+01,2.071091e+01,2.075273e+01,2.071789e+01,2.076667e+01,2.071091e+01,2.087112e+01,2.078060e+01,2.089896e+01,2.080150e+01,2.084328e+01,2.085720e+01,2.080846e+01,2.080846e+01,2.087808e+01,2.082935e+01,2.079453e+01,2.085720e+01,2.080846e+01,2.080150e+01,2.089200e+01,2.078757e+01,2.088504e+01,2.084328e+01,2.079453e+01,2.075970e+01,2.087808e+01,2.080846e+01,2.081543e+01,2.086416e+01,2.089896e+01,2.080150e+01,2.076667e+01,2.080150e+01,2.089896e+01,2.075273e+01,2.082239e+01,2.082935e+01,2.089200e+01,2.082935e+01,2.085720e+01,2.082239e+01,2.082935e+01,2.087808e+01,2.087112e+01,2.087112e+01,2.081543e+01,2.086416e+01,2.075970e+01,2.093374e+01,2.080150e+01,2.091983e+01,2.082935e+01,2.081543e+01,2.081543e+01,2.079453e+01,2.090592e+01,2.089896e+01,2.083632e+01,2.090592e+01,2.096852e+01,2.076667e+01,2.085024e+01,2.074576e+01,2.079453e+01,2.082239e+01,2.085024e+01,2.085024e+01,2.080846e+01,2.080150e+01,2.082935e+01,2.078060e+01,2.080846e+01,2.092679e+01,2.089896e+01,2.087808e+01,2.086416e+01,2.085024e+01,2.084328e+01,2.084328e+01,2.075970e+01,2.084328e+01,2.083632e+01,2.084328e+01,2.080846e+01,2.082935e+01,2.081543e+01,2.084328e+01,2.085024e+01,2.083632e+01,2.078060e+01,2.088504e+01,2.078060e+01,2.080150e+01,2.091287e+01,2.081543e+01,2.080846e+01,2.082239e+01,2.083632e+01,2.096852e+01,2.082239e+01,2.085720e+01,2.096852e+01,2.082239e+01,2.078757e+01,2.082935e+01,2.086416e+01,2.081543e+01,2.092679e+01,2.091983e+01,2.091287e+01,2.082935e+01,2.090592e+01,2.079453e+01,2.081543e+01,2.074576e+01,2.086416e+01,2.082935e+01,2.071091e+01,2.077363e+01,2.081543e+01,2.085720e+01,2.087112e+01,2.085024e+01,2.086416e+01,2.082935e+01,2.075970e+01,2.087112e+01,2.091287e+01,2.096852e+01,2.086416e+01,2.101023e+01,2.091287e+01,2.094070e+01,2.098937e+01,2.085720e+01,2.091287e+01,2.089896e+01,2.082935e+01,2.087808e+01,2.101023e+01,2.091287e+01,2.096852e+01,2.114914e+01,2.101718e+01,2.099632e+01,2.100327e+01,2.098937e+01,2.105192e+01,2.100327e+01,2.107971e+01,2.110748e+01,2.102413e+01,2.098937e+01,2.111443e+01,2.105192e+01,2.112831e+01,2.105192e+01,2.107276e+01,2.095461e+01,2.096156e+01,2.092679e+01,2.099632e+01,2.098242e+01,2.084328e+01,2.101023e+01,2.086416e+01,2.089896e+01,2.083632e+01,2.093374e+01,2.089200e+01,2.096852e+01,2.094070e+01,2.086416e+01,2.088504e+01,2.099632e+01,2.085720e+01,2.079453e+01,2.089200e+01,2.080150e+01,2.086416e+01,2.083632e+01,2.073879e+01,2.081543e+01,2.087112e+01,2.087808e+01,2.087112e+01,2.078060e+01,2.091287e+01,2.082239e+01,2.095461e+01,2.087112e+01,2.081543e+01,2.089200e+01,2.081543e+01,2.088504e+01,2.092679e+01,2.103802e+01,2.085720e+01,2.087112e+01,2.078060e+01,2.086416e+01,2.090592e+01,2.095461e+01,2.082935e+01,2.085024e+01,2.082239e+01,2.077363e+01,2.074576e+01,2.080150e+01,2.078757e+01,2.075970e+01,2.082935e+01,2.083632e+01,2.082239e+01,2.082935e+01,2.066908e+01,2.080150e+01,2.071789e+01,2.071091e+01,2.073182e+01,2.074576e+01,2.089200e+01,2.088504e+01,2.073879e+01,2.089200e+01,2.075970e+01,2.071091e+01,2.070394e+01,2.071789e+01,2.090592e+01,2.068303e+01,2.075970e+01,2.071789e+01,2.076667e+01,2.087112e+01,2.071789e+01,2.075273e+01,2.071789e+01,2.075273e+01,2.082239e+01,2.081543e+01,2.081543e+01,2.078060e+01,2.070394e+01,2.075970e+01,2.076667e+01,2.073879e+01,2.071789e+01,2.085024e+01,2.085024e+01,2.081543e+01,2.090592e+01,2.087112e+01,2.091287e+01
1.932109e+01,1.946941e+01,1.953996e+01,1.953291e+01,1.974428e+01,1.973725e+01,1.961751e+01,1.958227e+01,1.980761e+01,1.956112e+01,1.957522e+01,1.960342e+01,1.944823e+01,1.952586e+01,1.980761e+01,1.985683e+01,2.017972e+01,2.043868e+01,2.050157e+01,2.055743e+01,2.055045e+01,2.045266e+01,2.030578e+01,2.010961e+01,1.990604e+01,1.990604e+01,1.997628e+01,1.982168e+01,1.977947e+01,1.975836e+01,1.989198e+01,1.976540e+01,1.985683e+01,1.980058e+01,1.984980e+01,1.963161e+01,1.960342e+01,1.967388e+01,1.966683e+01,1.977243e+01,1.973725e+01,1.975132e+01,1.985683e+01,1.977947e+01,1.977947e+01,2.003244e+01,2.000437e+01,2.002542e+01,2.012364e+01,2.006051e+01,2.008857e+01,2.007454e+01,2.054347e+01,2.030578e+01,2.056442e+01,2.045964e+01,2.047362e+01,2.064118e+01,2.064118e+01,2.073182e+01,2.075273e+01,2.078060e+01,2.082239e+01,2.078060e+01,2.069697e+01,2.083632e+01,2.078757e+01,2.078757e+01,2.076667e+01,2.082239e+01,2.075273e+01,2.073879e+01,2.091983e+01,2.083632e+01,2.065513e+01,2.075273e+01,2.076667e+01,2.075970e+01,2.079453e+01,2.072486e+01,2.073879e+01,2.078060e+01,2.075273e+01,2.076667e+01,2.080150e+01,2.078060e+01,2.078757e+01,2.079453e+01,2.075970e+01,2.079453e+01,2.083632e+01,2.080846e+01,2.073182e+01,2.081543e+01,2.080150e+01,2.071091e+01,2.078757e+01,2.075970e+01,2.074576e+01,2.079453e+01,2.079453e+01,2.078060e+01,2.080846e+01,2.080150e+01,2.091287e+01,2.077363e+01,2.071789e+01,2.080150e+01,2.079453e+01,2.081543e+01,2.075970e+01,2.084328e+01,2.078060e+01,2.088504e+01,2.072486e+01,2.050157e+01,2.053649e+01,2.047362e+01,2.041770e+01,2.017972e+01,2.006753e+01,2.008156e+01,1.981464e+01,1.967388e+01,1.974428e+01,1.958932e+01,1.915130e+01,1.897414e+01,1.878955e+01,1.891738e+01,1.882508e+01,1.877534e+01,1.900960e+01,1.893867e+01,1.865444e+01,1.887479e+01,1.893157e+01,1.863309e+01,1.881087e+01,1.899541e+01,1.882508e+01,1.872558e+01,1.898123e+01,1.905213e+01,1.891738e+01,1.890318e+01,1.894576e+01,1.892448e+01,1.886059e+01,1.897414e+01,1.901669e+01,1.878245e+01,1.882508e+01,1.861886e+01,1.881087e+01,1.883218e+01,1.886769e+01,1.888189e+01,1.888189e+01,1.902378e+01,1.894576e+01,1.900251e+01,1.903795e+01,1.903087e+01,1.925038e+01,1.910881e+01,1.923623e+01,1.921501e+01,1.918670e+01,1.919378e+01,1.934936e+01,1.926452e+01,1.949764e+01,1.934229e+01,1.951880e+01,1.946235e+01,1.945529e+01,1.947647e+01,1.946941e+01,1.955407e+01,1.965979e+01,1.970205e+01,1.962456e+01,1.963161e+01,1.961047e+01,1.960342e+01,1.955407e+01,1.949764e+01,1.958227e+01,1.953291e+01,1.948352e+01,1.944118e+01,1.946941e+01,1.946941e+01,1.962456e+01,1.954701e+01,1.955407e+01,1.960342e+01,1.971613e+01,1.969500e+01,1.959637e+01,1.964570e+01,1.959637e+01,1.960342e+01,1.956817e+01,1.961751e+01,1.961751e+01,1.970909e+01,1.956112e+01,1.957522e+01,1.975132e+01,1.958227e+01,1.976540e+01,1.978650e+01,1.980058e+01,1.979354e+01,1.987090e+01,2.000437e+01,1.982871e+01,2.001841e+01,1.988495e+01,2.005350e+01,2.008857e+01,2.015168e+01,2.014467e+01,2.029178e+01,2.037575e+01,2.036875e+01,2.071091e+01,2.071091e+01,2.073182e+01,2.051554e+01,2.078060e+01,2.066211e+01,2.059932e+01,2.053649e+01,2.044567e+01,2.048759e+01,2.043868e+01,2.050157e+01,2.027778e+01,2.021475e+01,2.029178e+01,2.036176e+01,2.038974e+01,2.037575e+01,2.036176e+01,2.048759e+01,2.045266e+01,2.056442e+01,2.065513e+01,2.074576e+01,2.072486e+01,2.073879e+01,2.074576e+01,2.078060e+01,2.078757e+01,2.069000e+01,2.072486e+01,2.071091e+01,2.066908e+01,2.080150e+01,2.078060e+01,2.065513e+01,2.070394e+01,2.064118e+01,2.071091e+01,2.056442e+01,2.057140e+01,2.052252e+01,2.061327e+01,2.052950e+01,2.056442e+01,2.048061e+01,2.056442e+01,2.048759e+01,2.034077e+01,2.057838e+01,2.029878e+01,2.031978e+01,2.064816e+01,2.041071e+01,2.041071e+01,2.042470e+01,2.034077e+01,2.029878e+01,2.029878e+01,2.033377e+01,2.027778e+01,2.022176e+01,2.028478e+01,2.020774e+01,2.013766e+01,2.024977e+01,2.013065e+01,2.010260e+01,2.006051e+01,2.013766e+01,2.015869e+01,2.013065e+01,2.020074e+01,1.996926e+01,1.998330e+01,1.994117e+01,1.999735e+01,1.982871e+01,1.998330e+01,1.979354e+01,1.976540e+01,1.962456e+01,1.958227e+01,1.965274e+01,1.988495e+01,1.984980e+01,1.975836e+01,1.987792e+01,2.006753e+01,1.985683e+01,2.008857e+01,2.020074e+01,2.003244e+01,2.013766e+01,1.999033e+01,2.004648e+01,1.998330e+01,2.023577e+01,2.007454e+01,2.000437e+01,2.021475e+01,2.021475e+01,2.017271e+01,2.016570e+01,2.013766e+01,2.019373e+01,2.024977e+01,2.031978e+01,2.034777e+01,2.031978e+01,2.036875e+01,2.062025e+01,2.064118e+01,2.056442e+01,2.070394e+01,2.075273e+01,2.072486e+01,2.078060e+01,2.084328e+01,2.082935e+01,2.078757e+01,2.073182e+01,2.083632e+01,2.083632e+01,2.087112e+01,2.082935e+01,2.077363e+01,2.091287e+01,2.091287e+01,2.087112e+01,2.083632e+01,2.078757e+01,2.080150e+01,2.081543e+01,2.080846e+01,2.082239e+01,2.081543e+01,2.087112e+01,2.078060e+01,2.078757e+01,2.080150e+01,2.069000e+01,2.073182e+01,2.080150e+01,2.085720e+01,2.082239e+01,2.068303e+01,2.083632e+01,2.080150e+01,2.078757e+01,2.078757e+01,2.089896e+01,2.074576e+01,2.085024e+01,2.080846e+01,2.073879e+01,2.078757e+01,2.085024e+01,2.069697e+01,2.078757e+01,2.073182e+01,2.073182e+01,2.085720e+01,2.087808e+01,2.079453e+01,2.092679e+01,2.083632e+01,2.085024e+01,2.083632e+01,2.085720e+01,2.081543e+01,2.079453e+01,2.085720e+01,2.081543e+01,2.082239e+01,2.078757e+01,2.090592e+01,2.087112e+01,2.087112e+01,2.076667e+01,2.094070e+01,2.084328e+01,2.087112e+01,2.078757e+01,2.082935e+01,2.078060e+01,2.078757e+01,2.082935e+01,2.087808e+01,2.087112e+01,2.078060e+01,2.078757e+01,2.080846e+01,2.085024e+01,2.082935e+01,2.082935e+01,2.081543e+01,2.087808e+01,2.093374e+01,2.087112e+01,2.078060e+01,2.079453e+01,2.079453e+01,2.084328e+01,2.084328e+01,2.084328e+01,2.078060e+01,2.093374e+01,2.093374e+01,2.089200e+01,2.078757e+01,2.085024e+01,2.087808e+01,2.087112e+01,2.071789e+01,2.091983e+01,2.087112e+01,2.094765e+01,2.087808e+01,2.084328e+01,2.078757e+01,2.079453e+01,2.083632e+01,2.085720e+01,2.089200e+01,2.082239e+01,2.075273e+01,2.078757e+01,2.087808e+01,2.092679e+01,2.077363e+01,2.086416e+01,2.078757e+01,2.085720e+01,2.083632e+01,2.085024e+01,2.077363e+01,2.080150e+01,2.085720e+01,2.085720e+01,2.082935e+01,2.085720e+01,2.083632e+01,2.085720e+01,2.080846e+01,2.084328e+01,2.091983e+01,2.090592e+01,2.080846e+01,2.088504e+01,2.080150e+01,2.083632e+01,2.081543e+01,2.092679e+01,2.089896e+01,2.083632e+01,2.082935e+01,2.085024e+01,2.093374e+01,2.090592e+01,2.078060e+01,2.087112e+01,2.083632e+01,2.091287e+01,2.080150e+01,2.096852e+01,2.079453e+01,2.078757e+01,2.080150e+01,2.085024e+01,2.089896e+01,2.090592e+01,2.068303e+01,2.085024e+01,2.086416e+01,2.088504e+01,2.076667e+01,2.073879e+01,2.086416e+01,2.086416e+01,2.082935e+01,2.075970e+01,2.085720e+01,2.085024e+01,2.087112e+01,2.085720e+01,2.096852e+01,2.088504e+01,2.092679e+01,2.093374e+01,2.078757e+01,2.075970e+01,2.091983e+01,2.087112e+01,2.092679e+01,2.089896e+01,2.093374e+01,2.093374e+01,2.094070e+01,2.107971e+01,2.105192e+01,2.091287e+01,2.096852e+01,2.101023e+01,2.099632e+01,2.102413e+01,2.099632e+01,2.103802e+01,2.096852e+01,2.092679e+01,2.103802e+01,2.100327e+01,2.109360e+01,2.101718e+01,2.105192e+01,2.116302e+01,2.103107e+01,2.089896e+01,2.098242e+01,2.101023e+01,2.101718e+01,2.095461e+01,2.101023e+01,2.094765e+01,2.093374e+01,2.089896e+01,2.080846e+01,2.085024e+01,2.087112e+01,2.094765e+01,2.090592e+01,2.085024e+01,2.103107e+01,2.082935e+01,2.082935e+01,2.079453e+01,2.082239e+01,2.079453e+01,2.082239e+01,2.075273e+01,2.073182e+01,2.085720e+01,2.082239e+01,2.082935e+01,2.078757e+01,2.088504e+01,2.080150e+01,2.081543e+01,2.087808e+01,2.094070e+01,2.081543e+01,2.091287e+01,2.091287e+01,2.086416e+01,2.090592e+01,2.081543e+01,2.086416e+01,2.092679e+01,2.091983e+01,2.086416e+01,2.086416e+01,2.087112e+01,2.082239e+01,2.074576e+01,2.084328e+01,2.085720e+01,2.087112e+01,2.105192e+01,2.086416e+01,2.082935e+01,2.081543e+01,2.072486e+01,2.087808e+01,2.075273e+01,2.083632e+01,2.071789e+01,2.075970e+01,2.072486e+01,2.082239e+01,2.071789e+01,2.078757e+01,2.078060e+01,2.075970e+01,2.075273e+01,2.082935e+01,2.069000e+01,2.072486e+01,2.073182e+01,2.091287e+01,2.069000e+01,2.068303e+01,2.082935e+01,2.087808e+01,2.089896e+01,2.087808e+01,2.081543e+01,2.089200e+01,2.089896e+01,2.086416e+01,2.070394e+01,2.087112e+01,2.094070e+01,2.073879e+01,2.075970e+01,2.086416e+01,2.069000e+01,2.087112e+01,2.086416e+01,2.084328e+01,2.070394e+01,2.092679e+01,2.084328e+01
1.963865e+01,1.975836e+01,1.987090e+01,1.979354e+01,1.988495e+01,1.993414e+01,1.980058e+01,1.989901e+01,1.996224e+01,1.985683e+01,1.961751e+01,1.989198e+01,1.985683e+01,1.989901e+01,1.987792e+01,2.025677e+01,2.029878e+01,2.045266e+01,2.054347e+01,2.053649e+01,2.038974e+01,2.029878e+01,2.026378e+01,1.999033e+01,1.983574e+01,1.983574e+01,1.992009e+01,1.973725e+01,1.974428e+01,1.977947e+01,1.981464e+01,1.963865e+01,1.975132e+01,1.962456e+01,1.973021e+01,1.965274e+01,1.982168e+01,1.990604e+01,1.992711e+01,1.987090e+01,1.994117e+01,1.995521e+01,2.001139e+01,2.005350e+01,2.013766e+01,2.028478e+01,2.005350e+01,2.017271e+01,2.024277e+01,2.027778e+01,2.029878e+01,2.029178e+01,2.057838e+01,2.057838e+01,2.061327e+01,2.077363e+01,2.078060e+01,2.079453e+01,2.071091e+01,2.079453e+01,2.076667e+01,2.078757e+01,2.059234e+01,2.080150e+01,2.072486e+01,2.091287e+01,2.080846e+01,2.088504e+01,2.073879e+01,2.081543e+01,2.073879e+01,2.073182e+01,2.087808e+01,2.076667e+01,2.075273e+01,2.071091e+01,2.085024e+01,2.082239e+01,2.087808e+01,2.084328e+01,2.080150e+01,2.082935e+01,2.080846e+01,2.086416e+01,2.075273e+01,2.081543e+01,2.076667e+01,2.079453e+01,2.078060e+01,2.078757e+01,2.091983e+01,2.077363e+01,2.080846e+01,2.082935e+01,2.081543e+01,2.085720e+01,2.073879e+01,2.085024e+01,2.075273e+01,2.069697e+01,2.082239e+01,2.075970e+01,2.086416e+01,2.078757e+01,2.079453e+01,2.074576e+01,2.074576e+01,2.080846e+01,2.074576e+01,2.051554e+01,2.084328e+01,2.089896e+01,2.080846e+01,2.089896e+01,2.052252e+01,2.073879e+01,2.073879e+01,2.045964e+01,2.050855e+01,2.041071e+01,2.029178e+01,2.006753e+01,2.008857e+01,1.976540e+01,1.973021e+01,1.970205e+01,1.925038e+01,1.918670e+01,1.920793e+01,1.916546e+01,1.908756e+01,1.889609e+01,1.915838e+01,1.892448e+01,1.899541e+01,1.898832e+01,1.898123e+01,1.913714e+01,1.903087e+01,1.891028e+01,1.900251e+01,1.914422e+01,1.896704e+01,1.907339e+01,1.895995e+01,1.900251e+01,1.897414e+01,1.894576e+01,1.883218e+01,1.897414e+01,1.881797e+01,1.876112e+01,1.882508e+01,1.876823e+01,1.885349e+01,1.883218e+01,1.883218e+01,1.886769e+01,1.890318e+01,1.902378e+01,1.888189e+01,1.890318e+01,1.908756e+01,1.893867e+01,1.906630e+01,1.909464e+01,1.914422e+01,1.927160e+01,1.924331e+01,1.931402e+01,1.945529e+01,1.949764e+01,1.950469e+01,1.951880e+01,1.950469e+01,1.953996e+01,1.956817e+01,1.968796e+01,1.965979e+01,1.963161e+01,1.965979e+01,1.968092e+01,1.966683e+01,1.951880e+01,1.957522e+01,1.963865e+01,1.958227e+01,1.953291e+01,1.950469e+01,1.962456e+01,1.963161e+01,1.953996e+01,1.961751e+01,1.956112e+01,1.961751e+01,1.959637e+01,1.960342e+01,1.965274e+01,1.975132e+01,1.965274e+01,1.962456e+01,1.964570e+01,1.968092e+01,1.964570e+01,1.963161e+01,1.968796e+01,1.958227e+01,1.965274e+01,1.953291e+01,1.953996e+01,1.962456e+01,1.970205e+01,1.974428e+01,1.980058e+01,1.965979e+01,1.986386e+01,1.984980e+01,1.989198e+01,1.994819e+01,1.984980e+01,2.006753e+01,1.996224e+01,2.012364e+01,2.013766e+01,2.031978e+01,2.059234e+01,2.061327e+01,2.073182e+01,2.085024e+01,2.073182e+01,2.078060e+01,2.078757e+01,2.058536e+01,2.071789e+01,2.067605e+01,2.055743e+01,2.045266e+01,2.052252e+01,2.045266e+01,2.036176e+01,2.036875e+01,2.036176e+01,2.033377e+01,2.036176e+01,2.041071e+01,2.044567e+01,2.043169e+01,2.043169e+01,2.049458e+01,2.058536e+01,2.069697e+01,2.063420e+01,2.066211e+01,2.069697e+01,2.078757e+01,2.079453e+01,2.071789e+01,2.075970e+01,2.071789e+01,2.070394e+01,2.067605e+01,2.067605e+01,2.082935e+01,2.064118e+01,2.061327e+01,2.064816e+01,2.063420e+01,2.070394e+01,2.064118e+01,2.056442e+01,2.055743e+01,2.058536e+01,2.050157e+01,2.041770e+01,2.057140e+01,2.044567e+01,2.038974e+01,2.040372e+01,2.044567e+01,2.041770e+01,2.041071e+01,2.046663e+01,2.040372e+01,2.042470e+01,2.043868e+01,2.038974e+01,2.041770e+01,2.049458e+01,2.036176e+01,2.029178e+01,2.034777e+01,2.015869e+01,2.020074e+01,2.012364e+01,2.020074e+01,2.012364e+01,2.010961e+01,2.014467e+01,2.020074e+01,2.030578e+01,2.036176e+01,2.020074e+01,2.017271e+01,1.998330e+01,2.003946e+01,1.994819e+01,1.996926e+01,1.984277e+01,1.993414e+01,1.984277e+01,1.984980e+01,1.990604e+01,2.003946e+01,1.981464e+01,1.991306e+01,1.986386e+01,1.989198e+01,2.016570e+01,2.014467e+01,2.031278e+01,2.013766e+01,2.027778e+01,2.022176e+01,1.997628e+01,2.020774e+01,2.024277e+01,2.023577e+01,2.025677e+01,2.017271e+01,2.017271e+01,2.019373e+01,2.020074e+01,2.031978e+01,2.041071e+01,2.045964e+01,2.043169e+01,2.059234e+01,2.065513e+01,2.071091e+01,2.067605e+01,2.075273e+01,2.073182e+01,2.073879e+01,2.084328e+01,2.071789e+01,2.083632e+01,2.083632e+01,2.082239e+01,2.082239e+01,2.084328e+01,2.077363e+01,2.076667e+01,2.090592e+01,2.077363e+01,2.092679e+01,2.080150e+01,2.083632e+01,2.081543e+01,2.087808e+01,2.085024e+01,2.085024e+01,2.080150e+01,2.082935e+01,2.083632e+01,2.085720e+01,2.088504e+01,2.082239e+01,2.082935e+01,2.078060e+01,2.080846e+01,2.079453e+01,2.073879e+01,2.072486e+01,2.084328e+01,2.076667e+01,2.084328e+01,2.078060e+01,2.076667e+01,2.081543e+01,2.090592e+01,2.083632e+01,2.083632e+01,2.071091e+01,2.081543e+01,2.070394e+01,2.085024e+01,2.072486e+01,2.085024e+01,2.082239e+01,2.082239e+01,2.087112e+01,2.070394e+01,2.089896e+01,2.082239e+01,2.089200e+01,2.084328e+01,2.079453e+01,2.078757e+01,2.078060e+01,2.088504e+01,2.086416e+01,2.087808e+01,2.080846e+01,2.087112e+01,2.087112e+01,2.087112e+01,2.078757e+01,2.091983e+01,2.085024e+01,2.078060e+01,2.082935e+01,2.082239e+01,2.088504e+01,2.081543e+01,2.079453e+01,2.082239e+01,2.082239e+01,2.088504e+01,2.081543e+01,2.096156e+01,2.079453e+01,2.091287e+01,2.084328e+01,2.084328e+01,2.087112e+01,2.094070e+01,2.082935e+01,2.082935e+01,2.081543e+01,2.088504e+01,2.087112e+01,2.085024e+01,2.081543e+01,2.083632e+01,2.086416e+01,2.089896e+01,2.079453e+01,2.092679e+01,2.087808e+01,2.091983e+01,2.089200e+01,2.080150e+01,2.087112e+01,2.083632e+01,2.091287e+01,2.080150e+01,2.082239e+01,2.082239e+01,2.091983e+01,2.083632e+01,2.081543e+01,2.082239e+01,2.083632e+01,2.080846e+01,2.075970e+01,2.076667e+01,2.091287e+01,2.075273e+01,2.075273e+01,2.089896e+01,2.091983e+01,2.084328e+01,2.083632e+01,2.080150e+01,2.089200e+01,2.087808e+01,2.091287e+01,2.079453e+01,2.077363e+01,2.094765e+01,2.081543e+01,2.081543e+01,2.084328e+01,2.090592e+01,2.080150e+01,2.078757e+01,2.079453e+01,2.077363e+01,2.079453e+01,2.087808e+01,2.079453e+01,2.083632e+01,2.085720e+01,2.077363e+01,2.089896e+01,2.091983e+01,2.097547e+01,2.101023e+01,2.088504e+01,2.088504e+01,2.088504e+01,2.082935e+01,2.088504e+01,2.091287e+01,2.086416e+01,2.084328e+01,2.096156e+01,2.087808e+01,2.090592e+01,2.084328e+01,2.080150e+01,2.080846e+01,2.087112e+01,2.080150e+01,2.085024e+01,2.086416e+01,2.090592e+01,2.082239e+01,2.096156e+01,2.080846e+01,2.084328e+01,2.078060e+01,2.091287e+01,2.086416e+01,2.080150e+01,2.086416e+01,2.082935e+01,2.086416e+01,2.075970e+01,2.101023e+01,2.085024e+01,2.093374e+01,2.087112e+01,2.098937e+01,2.098242e+01,2.096156e+01,2.093374e+01,2.098242e+01,2.094765e+01,2.091287e+01,2.098937e+01,2.098242e+01,2.101718e+01,2.093374e+01,2.097547e+01,2.097547e+01,2.102413e+01,2.099632e+01,2.101718e+01,2.112831e+01,2.103107e+01,2.101023e+01,2.111443e+01,2.105887e+01,2.094765e+01,2.095461e+01,2.099632e+01,2.090592e+01,2.102413e+01,2.092679e+01,2.094765e+01,2.078757e+01,2.091983e+01,2.096156e+01,2.104497e+01,2.087112e+01,2.085720e+01,2.091287e+01,2.094765e+01,2.092679e+01,2.089200e+01,2.092679e+01,2.082935e+01,2.099632e+01,2.097547e+01,2.082239e+01,2.088504e+01,2.090592e+01,2.081543e+01,2.085720e+01,2.082239e+01,2.087112e+01,2.086416e+01,2.080150e+01,2.086416e+01,2.085720e+01,2.092679e+01,2.087112e+01,2.085024e+01,2.096156e+01,2.088504e+01,2.088504e+01,2.094765e+01,2.093374e+01,2.087808e+01,2.080150e+01,2.076667e+01,2.083632e+01,2.094765e+01,2.074576e+01,2.081543e+01,2.084328e+01,2.085024e+01,2.082935e+01,2.085720e+01,2.085720e+01,2.082239e+01,2.084328e+01,2.070394e+01,2.062025e+01,2.080846e+01,2.071789e+01,2.082239e+01,2.073182e+01,2.073182e+01,2.078060e+01,2.076667e+01,2.075970e+01,2.084328e+01,2.098242e+01,2.069000e+01,2.078060e+01,2.079453e+01,2.069697e+01,2.073182e+01,2.071091e+01,2.072486e+01,2.075273e+01,2.078060e+01,2.096156e+01,2.080150e+01,2.087808e+01,2.080846e+01,2.069000e+01,2.073182e+01,2.080846e+01,2.078060e+01,2.071091e+01,2.078757e+01,2.070394e+01,2.070394e+01,2.079453e+01,2.071789e+01,2.071789e+01,2.082935e+01,2.079453e+01,2.087112e+01,2.070394e+01,2.069697e+01,2.084328e+01
1.974428e+01,2.015869e+01,2.013065e+01,2.029178e+01,2.020774e+01,2.024277e+01,2.014467e+01,1.999735e+01,1.996224e+01,1.998330e+01,1.994819e+01,1.969500e+01,1.992009e+01,1.975132e+01,1.989198e+01,2.018673e+01,2.036176e+01,2.054347e+01,2.041770e+01,2.048061e+01,2.028478e+01,2.014467e+01,2.002542e+01,1.992711e+01,1.984980e+01,1.992009e+01,1.977947e+01,1.984980e+01,1.979354e+01,1.966683e+01,1.975836e+01,1.992009e+01,1.982871e+01,1.977243e+01,1.980761e+01,1.981464e+01,1.988495e+01,1.992711e+01,1.991306e+01,1.996926e+01,1.996224e+01,1.999033e+01,2.031978e+01,2.027078e+01,2.027078e+01,2.050855e+01,2.057838e+01,2.064118e+01,2.047362e+01,2.057838e+01,2.043169e+01,2.053649e+01,2.069697e+01,2.079453e+01,2.078060e+01,2.069697e+01,2.081543e+01,2.078757e+01,2.087112e+01,2.078757e+01,2.074576e+01,2.077363e+01,2.080150e+01,2.077363e+01,2.086416e+01,2.073182e+01,2.077363e+01,2.078757e+01,2.090592e+01,2.089200e+01,2.082239e+01,2.073182e+01,2.078757e+01,2.084328e+01,2.089896e+01,2.090592e+01,2.076667e+01,2.072486e+01,2.088504e+01,2.079453e+01,2.085720e+01,2.075273e+01,2.083632e+01,2.083632e+01,2.079453e+01,2.081543e+01,2.081543e+01,2.078060e+01,2.079453e+01,2.079453e+01,2.085024e+01,2.082239e+01,2.080846e+01,2.083632e+01,2.080150e+01,2.076667e+01,2.067605e+01,2.084328e+01,2.071091e+01,2.082935e+01,2.080846e+01,2.082935e+01,2.075273e+01,2.081543e+01,2.069697e+01,2.079453e+01,2.079453e+01,2.074576e+01,2.075273e+01,2.073182e+01,2.071789e+01,2.085024e+01,2.075273e+01,2.078060e+01,2.071091e+01,2.069697e+01,2.068303e+01,2.059932e+01,2.059234e+01,2.049458e+01,2.036875e+01,2.026378e+01,2.013065e+01,2.003244e+01,1.969500e+01,1.967388e+01,1.953291e+01,1.932109e+01,1.920085e+01,1.914422e+01,1.919378e+01,1.935642e+01,1.923623e+01,1.898123e+01,1.890318e+01,1.898123e+01,1.893867e+01,1.895995e+01,1.910881e+01,1.900251e+01,1.911590e+01,1.896704e+01,1.905922e+01,1.901669e+01,1.897414e+01,1.893867e+01,1.891738e+01,1.895286e+01,1.895286e+01,1.892448e+01,1.893157e+01,1.882508e+01,1.881087e+01,1.881087e+01,1.884638e+01,1.881087e+01,1.893157e+01,1.886769e+01,1.886769e+01,1.887479e+01,1.892448e+01,1.896704e+01,1.893867e+01,1.893867e+01,1.901669e+01,1.922208e+01,1.905922e+01,1.924331e+01,1.925745e+01,1.932109e+01,1.947647e+01,1.927160e+01,1.952586e+01,1.951880e+01,1.951175e+01,1.953996e+01,1.954701e+01,1.960342e+01,1.965274e+01,1.962456e+01,1.972317e+01,1.964570e+01,1.965979e+01,1.968796e+01,1.969500e+01,1.965274e+01,1.960342e+01,1.959637e+01,1.961751e+01,1.957522e+01,1.950469e+01,1.965274e+01,1.964570e+01,1.963865e+01,1.965274e+01,1.966683e+01,1.968796e+01,1.977243e+01,1.968796e+01,1.968092e+01,1.980058e+01,1.980761e+01,1.977243e+01,1.975132e+01,1.965979e+01,1.968092e+01,1.969500e+01,1.972317e+01,1.976540e+01,1.967388e+01,1.965274e+01,1.974428e+01,1.969500e+01,1.978650e+01,1.968092e+01,1.984980e+01,1.982871e+01,1.994819e+01,2.001841e+01,2.004648e+01,2.018673e+01,2.019373e+01,2.041071e+01,2.057140e+01,2.060629e+01,2.078060e+01,2.065513e+01,2.084328e+01,2.078060e+01,2.071091e+01,2.069697e+01,2.064118e+01,2.063420e+01,2.068303e+01,2.063420e+01,2.060629e+01,2.056442e+01,2.057838e+01,2.045964e+01,2.041770e+01,2.044567e+01,2.052252e+01,2.034077e+01,2.043169e+01,2.033377e+01,2.038974e+01,2.046663e+01,2.044567e+01,2.051554e+01,2.057140e+01,2.064118e+01,2.060629e+01,2.070394e+01,2.074576e+01,2.077363e+01,2.080150e+01,2.075273e+01,2.071789e+01,2.074576e+01,2.070394e+01,2.070394e+01,2.065513e+01,2.083632e+01,2.062025e+01,2.067605e+01,2.066908e+01,2.059932e+01,2.066908e+01,2.066908e+01,2.055743e+01,2.057140e+01,2.059234e+01,2.051554e+01,2.054347e+01,2.048759e+01,2.047362e+01,2.041770e+01,2.036176e+01,2.044567e+01,2.070394e+01,2.056442e+01,2.038974e+01,2.043868e+01,2.043868e+01,2.044567e+01,2.042470e+01,2.031278e+01,2.031278e+01,2.035476e+01,2.018673e+01,2.020074e+01,2.017972e+01,2.022876e+01,2.029178e+01,2.015168e+01,2.017972e+01,2.015168e+01,2.029178e+01,2.022176e+01,2.029178e+01,2.034777e+01,2.027078e+01,2.019373e+01,2.010961e+01,2.013065e+01,2.007454e+01,2.012364e+01,2.001841e+01,1.990604e+01,2.003946e+01,2.001841e+01,2.005350e+01,2.001841e+01,2.008156e+01,2.011663e+01,2.012364e+01,2.013766e+01,2.012364e+01,2.026378e+01,2.013766e+01,2.015168e+01,2.041071e+01,2.027778e+01,2.022876e+01,2.025677e+01,2.037575e+01,2.026378e+01,2.036875e+01,2.033377e+01,2.050855e+01,2.038974e+01,2.034077e+01,2.050855e+01,2.047362e+01,2.051554e+01,2.068303e+01,2.063420e+01,2.062025e+01,2.096852e+01,2.073879e+01,2.073182e+01,2.071789e+01,2.075970e+01,2.071789e+01,2.082239e+01,2.085024e+01,2.083632e+01,2.080846e+01,2.081543e+01,2.093374e+01,2.083632e+01,2.085024e+01,2.080846e+01,2.084328e+01,2.089896e+01,2.086416e+01,2.089896e+01,2.076667e+01,2.084328e+01,2.078757e+01,2.077363e+01,2.101023e+01,2.084328e+01,2.080846e+01,2.083632e+01,2.084328e+01,2.074576e+01,2.075273e+01,2.089200e+01,2.091983e+01,2.082935e+01,2.062723e+01,2.069000e+01,2.083632e+01,2.074576e+01,2.079453e+01,2.075970e+01,2.082935e+01,2.081543e+01,2.082935e+01,2.079453e+01,2.085720e+01,2.073879e+01,2.080846e+01,2.083632e+01,2.072486e+01,2.086416e+01,2.085720e+01,2.082239e+01,2.075273e+01,2.090592e+01,2.089896e+01,2.066908e+01,2.084328e+01,2.082239e+01,2.081543e+01,2.089896e+01,2.074576e+01,2.082239e+01,2.075273e+01,2.077363e+01,2.080150e+01,2.083632e+01,2.078757e+01,2.082239e+01,2.079453e+01,2.079453e+01,2.075273e+01,2.084328e+01,2.085024e+01,2.077363e+01,2.082935e+01,2.082935e+01,2.080150e+01,2.080150e+01,2.084328e+01,2.091287e+01,2.090592e+01,2.086416e+01,2.087808e+01,2.075970e+01,2.085720e+01,2.078060e+01,2.078757e+01,2.081543e+01,2.080150e+01,2.080846e+01,2.087808e+01,2.085024e+01,2.076667e+01,2.080150e+01,2.085720e+01,2.085720e+01,2.082239e+01,2.087808e+01,2.085024e+01,2.085024e+01,2.078060e+01,2.090592e+01,2.095461e+01,2.081543e+01,2.090592e+01,2.075970e+01,2.088504e+01,2.090592e+01,2.089200e+01,2.086416e+01,2.077363e+01,2.079453e+01,2.080846e+01,2.091983e+01,2.095461e+01,2.087112e+01,2.081543e+01,2.091983e+01,2.086416e+01,2.074576e+01,2.073879e+01,2.075273e+01,2.073879e+01,2.089896e+01,2.091287e+01,2.082239e+01,2.091983e+01,2.089200e+01,2.085720e+01,2.087808e+01,2.073182e+01,2.093374e+01,2.080846e+01,2.089200e+01,2.091287e+01,2.081543e+01,2.091287e+01,2.087808e+01,2.079453e+01,2.080846e+01,2.082935e+01,2.089200e+01,2.073182e+01,2.087808e+01,2.082935e+01,2.081543e+01,2.085720e+01,2.086416e+01,2.098242e+01,2.094765e+01,2.085720e+01,2.080150e+01,2.080150e+01,2.080150e+01,2.081543e+01,2.085024e+01,2.078757e+01,2.080846e+01,2.080846e+01,2.083632e+01,2.080846e+01,2.080846e+01,2.096156e+01,2.073182e+01,2.087808e+01,2.082239e+01,2.085024e+01,2.085024e+01,2.085720e+01,2.083632e+01,2.075970e+01,2.079453e+01,2.077363e+01,2.079453e+01,2.087808e+01,2.072486e+01,2.084328e+01,2.085024e+01,2.083632e+01,2.081543e+01,2.085024e+01,2.083632e+01,2.101718e+01,2.089896e+01,2.101023e+01,2.091983e+01,2.098242e+01,2.091287e+01,2.099632e+01,2.098242e+01,2.094070e+01,2.096156e+01,2.096156e+01,2.101023e+01,2.101718e+01,2.103802e+01,2.105887e+01,2.094765e+01,2.097547e+01,2.101718e+01,2.098937e+01,2.101023e+01,2.100327e+01,2.105192e+01,2.109360e+01,2.103802e+01,2.100327e+01,2.096156e+01,2.094765e+01,2.097547e+01,2.092679e+01,2.098937e+01,2.085024e+01,2.105887e+01,2.087112e+01,2.100327e+01,2.082935e+01,2.075970e+01,2.089200e+01,2.092679e+01,2.092679e+01,2.082935e+01,2.083632e+01,2.087808e+01,2.087808e+01,2.078757e+01,2.087112e+01,2.080846e+01,2.079453e+01,2.085024e+01,2.084328e+01,2.089896e+01,2.086416e+01,2.085720e+01,2.088504e+01,2.089200e+01,2.086416e+01,2.089200e+01,2.091983e+01,2.085720e+01,2.084328e+01,2.082239e+01,2.085024e+01,2.083632e+01,2.096852e+01,2.080150e+01,2.087112e+01,2.083632e+01,2.093374e+01,2.082935e+01,2.090592e+01,2.080846e+01,2.074576e+01,2.073182e+01,2.087112e+01,2.084328e+01,2.076667e+01,2.071091e+01,2.069000e+01,2.082239e+01,2.088504e+01,2.095461e+01,2.085024e+01,2.068303e+01,2.064816e+01,2.064816e+01,2.071789e+01,2.078060e+01,2.080846e+01,2.075970e+01,2.081543e+01,2.088504e+01,2.085720e+01,2.080846e+01,2.079453e+01,2.079453e+01,2.068303e+01,2.075273e+01,2.078757e+01,2.069000e+01,2.068303e+01,2.087112e+01,2.073879e+01,2.069697e+01,2.077363e+01,2.071789e+01,2.075970e+01,2.078757e+01,2.069697e+01,2.087112e+01,2.087808e+01,2.073879e+01,2.083632e+01,2.079453e+01,2.092679e+01,2.083632e+01,2.065513e+01,2.068303e+01,2.077363e+01,2.075970e+01,2.073879e+01,2.075970e+01,2.084328e+01
2.022876e+01,2.027078e+01,2.057140e+01,2.058536e+01,2.057140e+01,2.040372e+01,2.028478e+01,2.016570e+01,1.996926e+01,2.007454e+01,1.988495e+01,2.013065e+01,1.991306e+01,1.987792e+01,2.020074e+01,2.020774e+01,2.034077e+01,2.038974e+01,2.049458e+01,2.031978e+01,2.020074e+01,2.012364e+01,1.993414e+01,1.963161e+01,1.985683e+01,1.985683e+01,1.984980e+01,1.988495e+01,1.963865e+01,1.972317e+01,1.982871e+01,1.979354e+01,1.983574e+01,1.988495e+01,1.994117e+01,1.993414e+01,2.004648e+01,2.003244e+01,2.004648e+01,2.029178e+01,2.026378e+01,2.033377e+01,2.059932e+01,2.057838e+01,2.036875e+01,2.057140e+01,2.060629e+01,2.058536e+01,2.071789e+01,2.071091e+01,2.068303e+01,2.069697e+01,2.073182e+01,2.080846e+01,2.076667e+01,2.085024e+01,2.071789e+01,2.083632e+01,2.073879e+01,2.073182e+01,2.075970e+01,2.080846e+01,2.077363e+01,2.083632e+01,2.089200e+01,2.087808e+01,2.082239e+01,2.087808e+01,2.070394e+01,2.082935e+01,2.071789e+01,2.069000e+01,2.069697e+01,2.081543e+01,2.066211e+01,2.076667e+01,2.068303e+01,2.086416e+01,2.082239e+01,2.076667e+01,2.074576e+01,2.078060e+01,2.085024e+01,2.088504e+01,2.080846e+01,2.079453e+01,2.079453e+01,2.073879e+01,2.083632e+01,2.078060e+01,2.085024e+01,2.065513e+01,2.079453e+01,2.071091e+01,2.089896e+01,2.080846e+01,2.073182e+01,2.081543e+01,2.081543e+01,2.073182e+01,2.073182e+01,2.079453e+01,2.076667e+01,2.078757e+01,2.072486e+01,2.069000e+01,2.070394e+01,2.078060e+01,2.078060e+01,2.078060e+01,2.071789e+01,2.073879e+01,2.075970e+01,2.078757e+01,2.087808e+01,2.074576e+01,2.073879e+01,2.059234e+01,2.062025e+01,2.056442e+01,2.043868e+01,2.049458e+01,2.027078e+01,2.015869e+01,1.997628e+01,1.962456e+01,1.951175e+01,1.948352e+01,1.941999e+01,1.919378e+01,1.917962e+01,1.918670e+01,1.931402e+01,1.905213e+01,1.920085e+01,1.910173e+01,1.917962e+01,1.912298e+01,1.900960e+01,1.913006e+01,1.916546e+01,1.900960e+01,1.913006e+01,1.908047e+01,1.915130e+01,1.897414e+01,1.897414e+01,1.900251e+01,1.895286e+01,1.894576e+01,1.892448e+01,1.884638e+01,1.893157e+01,1.886769e+01,1.881797e+01,1.888189e+01,1.886059e+01,1.888899e+01,1.887479e+01,1.887479e+01,1.892448e+01,1.903795e+01,1.898123e+01,1.909464e+01,1.905922e+01,1.910173e+01,1.932109e+01,1.911590e+01,1.927867e+01,1.932815e+01,1.941999e+01,1.941999e+01,1.931402e+01,1.946235e+01,1.956112e+01,1.947647e+01,1.953996e+01,1.963865e+01,1.961047e+01,1.965274e+01,1.965979e+01,1.970909e+01,1.969500e+01,1.973725e+01,1.965979e+01,1.970205e+01,1.965979e+01,1.978650e+01,1.968092e+01,1.965274e+01,1.970205e+01,1.977243e+01,1.967388e+01,1.962456e+01,1.967388e+01,1.962456e+01,1.967388e+01,1.983574e+01,1.984980e+01,1.975836e+01,1.986386e+01,1.973725e+01,1.982871e+01,1.982871e+01,1.963865e+01,1.974428e+01,1.962456e+01,1.963161e+01,1.969500e+01,1.957522e+01,1.969500e+01,1.963865e+01,1.977243e+01,1.968796e+01,1.987090e+01,1.977243e+01,1.985683e+01,1.992009e+01,1.988495e+01,2.004648e+01,2.027078e+01,2.034077e+01,2.050855e+01,2.061327e+01,2.058536e+01,2.080150e+01,2.083632e+01,2.082239e+01,2.074576e+01,2.071789e+01,2.079453e+01,2.075273e+01,2.076667e+01,2.064118e+01,2.064816e+01,2.057838e+01,2.059234e+01,2.046663e+01,2.045964e+01,2.048759e+01,2.045964e+01,2.040372e+01,2.038974e+01,2.038974e+01,2.028478e+01,2.042470e+01,2.046663e+01,2.038974e+01,2.049458e+01,2.052252e+01,2.074576e+01,2.069000e+01,2.069000e+01,2.070394e+01,2.080150e+01,2.075970e+01,2.079453e+01,2.069697e+01,2.065513e+01,2.073182e+01,2.069000e+01,2.062723e+01,2.066908e+01,2.074576e+01,2.056442e+01,2.066908e+01,2.067605e+01,2.057140e+01,2.062723e+01,2.066211e+01,2.051554e+01,2.052252e+01,2.048759e+01,2.046663e+01,2.062025e+01,2.051554e+01,2.043169e+01,2.048759e+01,2.052950e+01,2.042470e+01,2.049458e+01,2.052252e+01,2.055743e+01,2.043868e+01,2.054347e+01,2.039673e+01,2.046663e+01,2.037575e+01,2.022876e+01,2.019373e+01,2.028478e+01,2.031978e+01,2.008857e+01,2.017271e+01,2.019373e+01,2.020074e+01,2.016570e+01,2.026378e+01,2.033377e+01,2.041770e+01,2.031978e+01,2.034077e+01,2.031978e+01,2.013065e+01,2.010260e+01,2.008156e+01,2.003946e+01,2.010260e+01,2.017271e+01,2.009559e+01,2.006753e+01,2.006753e+01,1.991306e+01,2.010260e+01,2.022876e+01,2.020074e+01,2.024977e+01,2.023577e+01,2.017972e+01,2.024977e+01,2.043868e+01,2.045964e+01,2.045964e+01,2.040372e+01,2.050157e+01,2.066908e+01,2.049458e+01,2.054347e+01,2.050157e+01,2.061327e+01,2.050855e+01,2.041770e+01,2.048061e+01,2.048759e+01,2.059234e+01,2.071091e+01,2.062723e+01,2.073182e+01,2.069697e+01,2.074576e+01,2.088504e+01,2.078757e+01,2.078060e+01,2.087112e+01,2.081543e+01,2.075273e+01,2.087808e+01,2.082935e+01,2.087808e+01,2.089200e+01,2.090592e+01,2.092679e+01,2.080150e+01,2.082935e+01,2.079453e+01,2.087112e+01,2.075273e+01,2.074576e+01,2.098937e+01,2.085720e+01,2.095461e+01,2.087808e+01,2.078757e+01,2.080150e+01,2.085720e+01,2.078757e+01,2.080150e+01,2.081543e+01,2.085024e+01,2.079453e+01,2.089896e+01,2.087808e+01,2.078060e+01,2.075273e+01,2.073879e+01,2.082239e+01,2.081543e+01,2.078060e+01,2.078757e+01,2.081543e+01,2.083632e+01,2.081543e+01,2.083632e+01,2.080150e+01,2.080846e+01,2.082935e+01,2.073182e+01,2.084328e+01,2.082239e+01,2.073182e+01,2.074576e+01,2.067605e+01,2.069697e+01,2.075273e+01,2.084328e+01,2.087808e+01,2.080150e+01,2.086416e+01,2.078060e+01,2.081543e+01,2.083632e+01,2.088504e+01,2.082239e+01,2.083632e+01,2.082239e+01,2.076667e+01,2.074576e+01,2.076667e+01,2.078060e+01,2.081543e+01,2.082239e+01,2.082239e+01,2.083632e+01,2.097547e+01,2.079453e+01,2.078757e+01,2.084328e+01,2.073879e+01,2.078757e+01,2.086416e+01,2.074576e+01,2.094765e+01,2.085720e+01,2.091983e+01,2.087808e+01,2.090592e+01,2.084328e+01,2.083632e+01,2.085720e+01,2.088504e+01,2.085720e+01,2.082239e+01,2.082935e+01,2.082239e+01,2.084328e+01,2.088504e+01,2.089200e+01,2.085024e+01,2.087112e+01,2.089200e+01,2.087808e+01,2.085720e+01,2.082935e+01,2.076667e+01,2.078060e+01,2.085024e+01,2.078060e+01,2.078757e+01,2.084328e+01,2.079453e+01,2.082239e+01,2.085024e+01,2.079453e+01,2.088504e+01,2.076667e+01,2.085720e+01,2.087112e+01,2.087112e+01,2.085024e+01,2.074576e+01,2.078757e+01,2.085720e+01,2.076667e+01,2.093374e+01,2.087112e+01,2.080846e+01,2.075970e+01,2.084328e+01,2.088504e+01,2.078060e+01,2.080846e+01,2.083632e+01,2.085024e+01,2.089896e+01,2.092679e+01,2.080846e+01,2.083632e+01,2.087808e+01,2.073879e+01,2.075273e+01,2.078757e+01,2.087808e+01,2.089200e+01,2.085024e+01,2.094070e+01,2.082239e+01,2.088504e+01,2.091287e+01,2.087112e+01,2.087112e+01,2.080150e+01,2.090592e+01,2.085720e+01,2.081543e+01,2.086416e+01,2.089896e+01,2.084328e+01,2.087112e+01,2.087112e+01,2.082239e+01,2.084328e+01,2.086416e+01,2.078757e+01,2.080846e+01,2.078060e+01,2.085024e+01,2.096156e+01,2.088504e+01,2.083632e+01,2.082239e+01,2.087808e+01,2.075273e+01,2.085024e+01,2.075273e+01,2.099632e+01,2.084328e+01,2.082935e+01,2.080846e+01,2.089200e+01,2.087112e+01,2.088504e+01,2.085024e+01,2.100327e+01,2.089896e+01,2.097547e+01,2.088504e+01,2.097547e+01,2.091287e+01,2.089200e+01,2.094070e+01,2.093374e+01,2.095461e+01,2.101718e+01,2.101023e+01,2.097547e+01,2.095461e+01,2.099632e+01,2.105192e+01,2.104497e+01,2.101718e+01,2.096156e+01,2.108665e+01,2.101718e+01,2.105887e+01,2.090592e+01,2.101023e+01,2.096156e+01,2.097547e+01,2.102413e+01,2.101718e+01,2.096156e+01,2.094765e+01,2.098242e+01,2.090592e+01,2.087112e+01,2.094765e+01,2.085024e+01,2.090592e+01,2.091983e+01,2.090592e+01,2.097547e+01,2.083632e+01,2.081543e+01,2.085720e+01,2.083632e+01,2.080150e+01,2.084328e+01,2.089200e+01,2.082935e+01,2.084328e+01,2.077363e+01,2.086416e+01,2.085024e+01,2.085720e+01,2.094070e+01,2.085024e+01,2.087112e+01,2.090592e+01,2.089896e+01,2.084328e+01,2.091287e+01,2.087112e+01,2.082239e+01,2.083632e+01,2.087808e+01,2.091287e+01,2.079453e+01,2.071091e+01,2.076667e+01,2.066908e+01,2.070394e+01,2.083632e+01,2.074576e+01,2.073182e+01,2.080846e+01,2.071789e+01,2.066908e+01,2.070394e+01,2.078757e+01,2.090592e+01,2.085720e+01,2.072486e+01,2.080846e+01,2.081543e+01,2.078060e+01,2.079453e+01,2.078757e+01,2.083632e+01,2.080150e+01,2.080846e+01,2.070394e+01,2.079453e+01,2.079453e+01,2.077363e+01,2.074576e+01,2.075970e+01,2.074576e+01,2.074576e+01,2.078060e+01,2.080150e+01,2.075970e+01,2.066211e+01,2.071091e+01,2.079453e+01,2.080150e+01,2.073182e+01,2.093374e+01,2.072486e+01,2.076667e+01,2.065513e+01,2.084328e+01,2.074576e+01,2.071091e+01,2.083632e+01,2.064118e+01,2.075273e+01,2.077363e+01,2.079453e+01,2.079453e+01,2.071091e+01
2.056442e+01,2.055743e+01,2.052950e+01,2.057838e+01,2.057838e+01,2.048061e+01,2.048061e+01,2.034077e+01,2.027778e+01,2.022176e+01,2.020774e+01,2.016570e+01,2.020774e+01,2.016570e+01,2.020074e+01,2.025677e+01,2.017972e+01,2.041770e+01,2.025677e+01,2.030578e+01,2.031278e+01,2.001841e+01,1.996926e+01,1.983574e+01,1.999033e+01,1.995521e+01,1.988495e+01,1.996926e+01,1.988495e+01,1.989901e+01,2.006753e+01,1.992009e+01,1.986386e+01,1.996926e+01,2.008156e+01,2.006753e+01,2.039673e+01,2.038274e+01,2.041770e+01,2.045964e+01,2.066211e+01,2.063420e+01,2.069000e+01,2.059932e+01,2.060629e+01,2.057838e+01,2.059234e+01,2.085720e+01,2.077363e+01,2.073182e+01,2.071789e+01,2.080846e+01,2.080150e+01,2.067605e+01,2.080846e+01,2.082935e+01,2.071789e+01,2.076667e+01,2.074576e+01,2.078060e+01,2.077363e+01,2.082935e+01,2.074576e+01,2.082239e+01,2.064816e+01,2.090592e+01,2.091983e+01,2.071091e+01,2.071789e+01,2.069000e+01,2.081543e+01,2.076667e+01,2.068303e+01,2.066211e+01,2.067605e+01,2.064816e+01,2.078757e+01,2.085024e+01,2.077363e+01,2.073879e+01,2.075273e+01,2.078757e+01,2.076667e+01,2.096852e+01,2.069000e+01,2.077363e+01,2.080846e+01,2.082239e+01,2.077363e+01,2.085024e+01,2.063420e+01,2.071091e+01,2.082239e+01,2.082239e+01,2.071091e+01,2.082935e+01,2.085720e+01,2.082239e+01,2.082935e+01,2.073879e+01,2.077363e+01,2.085720e+01,2.078757e+01,2.069697e+01,2.077363e+01,2.074576e+01,2.067605e+01,2.070394e+01,2.089200e+01,2.077363e+01,2.076667e+01,2.080846e+01,2.082239e+01,2.081543e+01,2.078757e+01,2.075273e+01,2.076667e+01,2.060629e+01,2.055743e+01,2.064118e+01,2.061327e+01,2.048759e+01,2.029878e+01,2.029878e+01,2.014467e+01,1.984277e+01,1.955407e+01,1.956112e+01,1.937762e+01,1.929988e+01,1.931402e+01,1.937762e+01,1.927160e+01,1.938468e+01,1.922916e+01,1.936349e+01,1.935642e+01,1.922916e+01,1.924331e+01,1.922916e+01,1.925038e+01,1.916546e+01,1.920085e+01,1.911590e+01,1.912298e+01,1.912298e+01,1.895286e+01,1.892448e+01,1.892448e+01,1.890318e+01,1.886769e+01,1.891028e+01,1.885349e+01,1.888899e+01,1.888899e+01,1.883928e+01,1.884638e+01,1.902378e+01,1.888899e+01,1.894576e+01,1.905213e+01,1.903087e+01,1.902378e+01,1.909464e+01,1.916546e+01,1.920793e+01,1.924331e+01,1.917962e+01,1.927160e+01,1.937055e+01,1.941999e+01,1.946235e+01,1.942705e+01,1.950469e+01,1.953996e+01,1.959637e+01,1.944118e+01,1.960342e+01,1.953291e+01,1.974428e+01,1.967388e+01,1.970205e+01,1.970909e+01,1.971613e+01,1.978650e+01,1.963161e+01,1.968796e+01,1.980761e+01,1.984277e+01,1.965979e+01,1.964570e+01,1.970909e+01,1.967388e+01,1.965979e+01,1.965979e+01,1.981464e+01,1.980058e+01,1.984980e+01,1.984277e+01,1.992009e+01,1.992711e+01,1.970909e+01,1.977243e+01,1.977947e+01,1.976540e+01,1.976540e+01,1.974428e+01,1.962456e+01,1.970909e+01,1.970205e+01,1.961047e+01,1.964570e+01,1.976540e+01,1.982168e+01,1.975132e+01,1.995521e+01,1.986386e+01,1.990604e+01,1.995521e+01,2.008156e+01,2.019373e+01,2.029178e+01,2.030578e+01,2.042470e+01,2.058536e+01,2.060629e+01,2.064118e+01,2.076667e+01,2.080150e+01,2.078060e+01,2.080846e+01,2.073879e+01,2.079453e+01,2.062723e+01,2.061327e+01,2.057838e+01,2.055743e+01,2.065513e+01,2.052252e+01,2.053649e+01,2.043169e+01,2.041770e+01,2.041071e+01,2.038274e+01,2.036176e+01,2.031278e+01,2.049458e+01,2.041770e+01,2.052252e+01,2.045964e+01,2.061327e+01,2.071789e+01,2.060629e+01,2.078060e+01,2.075273e+01,2.077363e+01,2.074576e+01,2.070394e+01,2.071091e+01,2.069697e+01,2.074576e+01,2.071091e+01,2.065513e+01,2.065513e+01,2.057838e+01,2.057140e+01,2.063420e+01,2.057838e+01,2.062025e+01,2.063420e+01,2.055045e+01,2.080150e+01,2.052252e+01,2.055045e+01,2.048759e+01,2.046663e+01,2.048759e+01,2.057140e+01,2.042470e+01,2.057838e+01,2.052950e+01,2.056442e+01,2.069000e+01,2.042470e+01,2.041770e+01,2.042470e+01,2.043169e+01,2.054347e+01,2.039673e+01,2.040372e+01,2.036176e+01,2.045266e+01,2.038274e+01,2.031978e+01,2.023577e+01,2.022176e+01,2.036176e+01,2.029878e+01,2.028478e+01,2.033377e+01,2.040372e+01,2.042470e+01,2.024977e+01,2.027078e+01,2.023577e+01,2.006051e+01,2.005350e+01,2.017271e+01,2.013065e+01,2.020774e+01,2.008857e+01,2.009559e+01,2.034077e+01,2.020074e+01,2.025677e+01,2.029878e+01,2.041071e+01,2.040372e+01,2.041770e+01,2.046663e+01,2.045964e+01,2.052950e+01,2.055743e+01,2.047362e+01,2.060629e+01,2.050855e+01,2.052252e+01,2.062723e+01,2.058536e+01,2.067605e+01,2.067605e+01,2.058536e+01,2.059234e+01,2.073182e+01,2.072486e+01,2.075970e+01,2.074576e+01,2.071091e+01,2.077363e+01,2.087112e+01,2.071789e+01,2.095461e+01,2.092679e+01,2.088504e+01,2.073182e+01,2.092679e+01,2.082239e+01,2.083632e+01,2.079453e+01,2.087808e+01,2.067605e+01,2.091983e+01,2.085024e+01,2.077363e+01,2.078060e+01,2.079453e+01,2.082935e+01,2.080150e+01,2.082239e+01,2.078060e+01,2.088504e+01,2.083632e+01,2.086416e+01,2.087808e+01,2.083632e+01,2.086416e+01,2.087808e+01,2.080150e+01,2.094765e+01,2.082935e+01,2.080846e+01,2.081543e+01,2.081543e+01,2.079453e+01,2.082935e+01,2.081543e+01,2.078757e+01,2.080846e+01,2.082239e+01,2.078060e+01,2.082239e+01,2.078757e+01,2.082239e+01,2.078757e+01,2.082239e+01,2.081543e+01,2.082935e+01,2.085720e+01,2.086416e+01,2.083632e+01,2.082935e+01,2.071091e+01,2.081543e+01,2.082935e+01,2.078757e+01,2.080150e+01,2.081543e+01,2.079453e+01,2.086416e+01,2.075970e+01,2.096852e+01,2.078060e+01,2.078060e+01,2.081543e+01,2.082935e+01,2.078757e+01,2.079453e+01,2.085720e+01,2.090592e+01,2.078757e+01,2.086416e+01,2.081543e+01,2.080150e+01,2.097547e+01,2.078060e+01,2.084328e+01,2.076667e+01,2.091983e+01,2.085024e+01,2.087112e+01,2.085720e+01,2.079453e+01,2.077363e+01,2.084328e+01,2.081543e+01,2.085720e+01,2.078757e+01,2.089896e+01,2.087112e+01,2.076667e+01,2.088504e+01,2.078060e+01,2.083632e+01,2.082239e+01,2.084328e+01,2.089896e+01,2.091983e+01,2.091287e+01,2.089200e+01,2.078757e+01,2.078757e+01,2.090592e+01,2.085024e+01,2.080846e+01,2.089896e+01,2.089200e+01,2.085720e+01,2.076667e+01,2.079453e+01,2.098937e+01,2.080846e+01,2.084328e+01,2.089896e+01,2.082239e+01,2.080150e+01,2.097547e+01,2.087112e+01,2.083632e+01,2.072486e+01,2.075970e+01,2.078060e+01,2.088504e+01,2.079453e+01,2.091983e+01,2.077363e+01,2.086416e+01,2.082239e+01,2.085024e+01,2.080150e+01,2.081543e+01,2.092679e+01,2.082239e+01,2.087112e+01,2.089896e+01,2.084328e+01,2.082935e+01,2.081543e+01,2.089200e+01,2.083632e+01,2.091983e+01,2.091287e+01,2.090592e+01,2.082935e+01,2.087112e+01,2.087112e+01,2.094070e+01,2.075970e+01,2.081543e+01,2.087112e+01,2.089200e+01,2.080846e+01,2.079453e+01,2.084328e+01,2.082239e+01,2.089200e+01,2.082935e+01,2.085720e+01,2.089896e+01,2.084328e+01,2.084328e+01,2.085024e+01,2.085024e+01,2.071789e+01,2.085024e+01,2.087112e+01,2.083632e+01,2.074576e+01,2.081543e+01,2.085024e+01,2.089200e+01,2.076667e+01,2.086416e+01,2.089896e+01,2.083632e+01,2.084328e+01,2.085024e+01,2.084328e+01,2.087808e+01,2.093374e+01,2.090592e+01,2.087808e+01,2.089200e+01,2.089200e+01,2.092679e+01,2.089896e+01,2.094070e+01,2.098937e+01,2.096852e+01,2.101023e+01,2.100327e+01,2.092679e+01,2.101718e+01,2.091287e+01,2.102413e+01,2.096156e+01,2.103802e+01,2.103107e+01,2.101718e+01,2.113526e+01,2.108665e+01,2.094070e+01,2.100327e+01,2.088504e+01,2.086416e+01,2.093374e+01,2.091287e+01,2.096156e+01,2.100327e+01,2.095461e+01,2.100327e+01,2.101718e+01,2.100327e+01,2.087808e+01,2.085024e+01,2.087808e+01,2.085024e+01,2.084328e+01,2.080150e+01,2.077363e+01,2.078757e+01,2.090592e+01,2.078757e+01,2.094765e+01,2.098242e+01,2.090592e+01,2.087112e+01,2.076667e+01,2.088504e+01,2.089896e+01,2.086416e+01,2.103802e+01,2.091983e+01,2.090592e+01,2.083632e+01,2.086416e+01,2.086416e+01,2.085720e+01,2.095461e+01,2.086416e+01,2.079453e+01,2.096156e+01,2.080846e+01,2.078757e+01,2.075970e+01,2.080150e+01,2.078757e+01,2.082239e+01,2.090592e+01,2.068303e+01,2.089200e+01,2.075970e+01,2.078060e+01,2.078757e+01,2.075970e+01,2.089200e+01,2.094765e+01,2.067605e+01,2.092679e+01,2.089896e+01,2.071789e+01,2.094765e+01,2.069697e+01,2.073182e+01,2.072486e+01,2.076667e+01,2.077363e+01,2.064816e+01,2.080846e+01,2.078060e+01,2.078060e+01,2.078060e+01,2.076667e+01,2.072486e+01,2.082935e+01,2.084328e+01,2.073182e+01,2.078757e+01,2.080846e+01,2.072486e+01,2.077363e+01,2.079453e+01,2.065513e+01,2.066908e+01,2.083632e+01,2.079453e+01,2.069000e+01,2.080846e+01,2.078757e+01,2.082239e+01,2.086416e+01,2.084328e+01,2.082935e+01,2.079453e+01,2.071091e+01,2.074576e+01,2.073879e+01,2.084328e+01,2.071091e+01,2.076667e+01,2.085024e+01
2.071091e+01,2.075273e+01,2.059234e+01,2.074576e+01,2.077363e+01,2.050157e+01,2.062723e+01,2.051554e+01,2.024977e+01,2.019373e+01,2.004648e+01,2.018673e+01,2.017972e+01,2.021475e+01,2.021475e+01,2.026378e+01,2.034077e+01,2.031978e+01,2.030578e+01,2.022876e+01,2.024977e+01,1.998330e+01,2.020074e+01,2.011663e+01,1.999033e+01,2.011663e+01,2.003946e+01,2.016570e+01,2.019373e+01,2.009559e+01,2.017271e+01,2.035476e+01,2.043868e+01,2.046663e+01,2.052950e+01,2.050157e+01,2.051554e+01,2.073879e+01,2.067605e+01,2.064118e+01,2.066211e+01,2.076667e+01,2.081543e+01,2.081543e+01,2.070394e+01,2.084328e+01,2.086416e+01,2.078757e+01,2.082935e+01,2.074576e+01,2.070394e+01,2.068303e+01,2.080846e+01,2.079453e+01,2.071789e+01,2.065513e+01,2.070394e+01,2.075273e+01,2.086416e+01,2.085720e+01,2.084328e+01,2.078060e+01,2.067605e+01,2.075970e+01,2.083632e+01,2.081543e+01,2.069697e+01,2.092679e+01,2.070394e+01,2.083632e+01,2.071789e+01,2.081543e+01,2.078757e+01,2.064816e+01,2.065513e+01,2.076667e+01,2.081543e+01,2.078060e+01,2.076667e+01,2.072486e+01,2.073879e+01,2.071789e+01,2.072486e+01,2.071091e+01,2.085024e+01,2.088504e+01,2.071091e+01,2.073182e+01,2.075273e+01,2.076667e+01,2.071091e+01,2.072486e+01,2.079453e+01,2.085720e+01,2.086416e+01,2.076667e+01,2.078757e+01,2.067605e+01,2.076667e+01,2.078060e+01,2.062723e+01,2.079453e+01,2.069000e+01,2.075273e+01,2.078757e+01,2.082935e+01,2.073879e+01,2.088504e+01,2.085024e+01,2.078757e+01,2.076667e+01,2.075970e+01,2.076667e+01,2.072486e+01,2.069697e+01,2.078060e+01,2.090592e+01,2.087112e+01,2.069000e+01,2.068303e+01,2.062723e+01,2.069000e+01,2.063420e+01,2.045266e+01,2.017972e+01,1.996926e+01,1.963161e+01,1.968796e+01,1.943411e+01,1.942705e+01,1.944823e+01,1.935642e+01,1.937055e+01,1.936349e+01,1.937762e+01,1.937055e+01,1.920085e+01,1.937762e+01,1.920085e+01,1.927867e+01,1.931402e+01,1.925038e+01,1.926452e+01,1.917254e+01,1.910173e+01,1.908047e+01,1.902378e+01,1.895995e+01,1.891738e+01,1.883218e+01,1.897414e+01,1.893867e+01,1.898123e+01,1.888189e+01,1.892448e+01,1.886769e+01,1.892448e+01,1.883218e+01,1.898832e+01,1.900960e+01,1.899541e+01,1.902378e+01,1.911590e+01,1.900251e+01,1.913714e+01,1.915130e+01,1.910881e+01,1.922208e+01,1.924331e+01,1.941999e+01,1.934229e+01,1.943411e+01,1.937055e+01,1.942705e+01,1.939881e+01,1.949764e+01,1.963161e+01,1.963161e+01,1.968796e+01,1.975132e+01,1.970909e+01,1.972317e+01,1.970205e+01,1.975132e+01,1.977243e+01,1.978650e+01,1.979354e+01,1.987792e+01,1.978650e+01,1.980058e+01,1.992009e+01,1.980761e+01,1.977947e+01,1.987792e+01,1.973021e+01,1.986386e+01,1.987090e+01,1.980058e+01,1.990604e+01,1.982871e+01,1.994117e+01,1.996224e+01,1.970205e+01,1.994117e+01,1.973725e+01,1.975836e+01,1.973021e+01,1.965274e+01,1.966683e+01,1.963161e+01,1.964570e+01,1.968796e+01,1.980761e+01,1.978650e+01,1.980058e+01,1.977243e+01,1.982168e+01,1.985683e+01,2.006753e+01,2.009559e+01,2.024277e+01,2.026378e+01,2.034777e+01,2.031278e+01,2.028478e+01,2.052950e+01,2.062025e+01,2.075273e+01,2.080150e+01,2.075970e+01,2.084328e+01,2.080846e+01,2.076667e+01,2.083632e+01,2.071789e+01,2.078757e+01,2.056442e+01,2.060629e+01,2.054347e+01,2.062723e+01,2.061327e+01,2.064816e+01,2.054347e+01,2.058536e+01,2.050855e+01,2.032678e+01,2.048759e+01,2.048759e+01,2.047362e+01,2.064816e+01,2.069000e+01,2.066211e+01,2.064118e+01,2.069000e+01,2.078757e+01,2.073182e+01,2.075970e+01,2.073182e+01,2.076667e+01,2.069697e+01,2.066211e+01,2.062723e+01,2.065513e+01,2.075273e+01,2.062025e+01,2.057140e+01,2.066211e+01,2.057838e+01,2.062025e+01,2.052950e+01,2.063420e+01,2.058536e+01,2.058536e+01,2.057838e+01,2.068303e+01,2.063420e+01,2.048061e+01,2.058536e+01,2.069697e+01,2.066908e+01,2.056442e+01,2.059932e+01,2.053649e+01,2.044567e+01,2.043868e+01,2.052252e+01,2.043169e+01,2.049458e+01,2.059932e+01,2.044567e+01,2.043169e+01,2.038274e+01,2.038974e+01,2.050157e+01,2.032678e+01,2.027778e+01,2.035476e+01,2.032678e+01,2.038274e+01,2.038974e+01,2.034777e+01,2.038974e+01,2.026378e+01,2.029178e+01,2.020074e+01,2.019373e+01,2.018673e+01,2.004648e+01,2.020774e+01,2.014467e+01,2.027078e+01,2.024977e+01,2.024277e+01,2.040372e+01,2.028478e+01,2.050157e+01,2.045266e+01,2.052252e+01,2.050157e+01,2.063420e+01,2.062723e+01,2.064118e+01,2.054347e+01,2.057140e+01,2.059234e+01,2.050157e+01,2.057140e+01,2.075273e+01,2.069697e+01,2.068303e+01,2.066908e+01,2.078060e+01,2.077363e+01,2.073879e+01,2.073182e+01,2.082935e+01,2.079453e+01,2.069697e+01,2.076667e+01,2.086416e+01,2.074576e+01,2.079453e+01,2.077363e+01,2.078757e+01,2.075970e+01,2.088504e+01,2.075273e+01,2.074576e+01,2.087112e+01,2.079453e+01,2.081543e+01,2.080150e+01,2.084328e+01,2.081543e+01,2.080150e+01,2.074576e+01,2.064118e+01,2.077363e+01,2.083632e+01,2.075970e+01,2.091287e+01,2.087808e+01,2.082239e+01,2.087112e+01,2.082935e+01,2.087112e+01,2.080846e+01,2.080150e+01,2.082239e+01,2.085024e+01,2.081543e+01,2.090592e+01,2.080150e+01,2.078060e+01,2.077363e+01,2.076667e+01,2.075970e+01,2.085720e+01,2.083632e+01,2.078757e+01,2.078757e+01,2.069000e+01,2.082239e+01,2.077363e+01,2.083632e+01,2.078060e+01,2.083632e+01,2.080846e+01,2.082239e+01,2.085024e+01,2.096852e+01,2.076667e+01,2.079453e+01,2.077363e+01,2.076667e+01,2.082239e+01,2.085720e+01,2.083632e+01,2.086416e+01,2.079453e+01,2.079453e+01,2.082935e+01,2.078060e+01,2.089200e+01,2.088504e+01,2.085720e+01,2.080150e+01,2.079453e+01,2.091983e+01,2.079453e+01,2.084328e+01,2.082935e+01,2.099632e+01,2.093374e+01,2.082935e+01,2.076667e+01,2.076667e+01,2.089896e+01,2.078757e+01,2.087112e+01,2.088504e+01,2.080846e+01,2.087112e+01,2.079453e+01,2.080846e+01,2.081543e+01,2.085024e+01,2.083632e+01,2.073879e+01,2.085720e+01,2.075970e+01,2.084328e+01,2.085024e+01,2.089200e+01,2.091287e+01,2.089200e+01,2.085720e+01,2.089200e+01,2.087808e+01,2.082239e+01,2.088504e+01,2.089200e+01,2.087808e+01,2.086416e+01,2.084328e+01,2.083632e+01,2.091287e+01,2.084328e+01,2.070394e+01,2.087808e+01,2.090592e+01,2.084328e+01,2.083632e+01,2.079453e+01,2.080846e+01,2.089200e+01,2.085720e+01,2.087112e+01,2.079453e+01,2.093374e+01,2.075273e+01,2.086416e+01,2.094070e+01,2.078060e+01,2.091287e+01,2.089200e+01,2.089200e+01,2.077363e+01,2.082239e+01,2.089896e+01,2.082239e+01,2.088504e+01,2.087808e+01,2.087808e+01,2.084328e+01,2.068303e+01,2.084328e+01,2.086416e+01,2.087808e+01,2.087112e+01,2.083632e+01,2.080846e+01,2.095461e+01,2.091287e+01,2.089200e+01,2.090592e+01,2.090592e+01,2.083632e+01,2.081543e+01,2.082239e+01,2.088504e+01,2.079453e+01,2.085024e+01,2.086416e+01,2.087112e+01,2.087808e+01,2.080846e+01,2.090592e+01,2.085024e+01,2.088504e+01,2.070394e+01,2.085024e+01,2.087112e+01,2.073182e+01,2.073879e+01,2.087112e+01,2.093374e+01,2.088504e+01,2.083632e+01,2.085720e+01,2.082935e+01,2.071091e+01,2.087808e+01,2.089896e+01,2.108665e+01,2.080150e+01,2.079453e+01,2.090592e+01,2.090592e+01,2.077363e+01,2.089200e+01,2.085024e+01,2.087112e+01,2.089200e+01,2.111443e+01,2.101718e+01,2.107276e+01,2.102413e+01,2.094070e+01,2.103107e+01,2.099632e+01,2.100327e+01,2.100327e+01,2.091983e+01,2.094070e+01,2.102413e+01,2.103107e+01,2.097547e+01,2.101718e+01,2.098937e+01,2.095461e+01,2.105887e+01,2.105192e+01,2.110748e+01,2.105887e+01,2.091287e+01,2.098937e+01,2.101023e+01,2.104497e+01,2.087808e+01,2.089200e+01,2.098242e+01,2.095461e+01,2.081543e+01,2.098937e+01,2.087112e+01,2.096852e+01,2.091287e+01,2.079453e+01,2.080150e+01,2.095461e+01,2.094070e+01,2.078757e+01,2.080150e+01,2.081543e+01,2.071789e+01,2.089200e+01,2.077363e+01,2.075970e+01,2.085024e+01,2.091983e+01,2.091983e+01,2.094765e+01,2.094070e+01,2.087808e+01,2.087808e+01,2.085720e+01,2.087808e+01,2.094765e+01,2.091287e+01,2.092679e+01,2.091287e+01,2.087808e+01,2.073182e+01,2.094070e+01,2.078060e+01,2.091287e+01,2.083632e+01,2.093374e+01,2.089896e+01,2.089896e+01,2.079453e+01,2.080846e+01,2.089896e+01,2.071091e+01,2.094070e+01,2.089896e+01,2.082935e+01,2.089896e+01,2.090592e+01,2.070394e+01,2.080846e+01,2.085024e+01,2.086416e+01,2.094765e+01,2.076667e+01,2.073182e+01,2.086416e+01,2.086416e+01,2.081543e+01,2.075970e+01,2.076667e+01,2.077363e+01,2.067605e+01,2.081543e+01,2.078060e+01,2.085720e+01,2.080150e+01,2.077363e+01,2.084328e+01,2.080846e+01,2.085720e+01,2.074576e+01,2.068303e+01,2.075970e+01,2.078060e+01,2.075273e+01,2.072486e+01,2.074576e+01,2.071091e+01,2.080846e+01,2.098937e+01,2.082239e+01,2.080150e+01,2.082239e+01,2.078060e+01,2.078757e+01,2.071789e+01,2.098242e+01,2.083632e+01
2.075970e+01,2.064118e+01,2.059932e+01,2.068303e+01,2.074576e+01,2.061327e+01,2.057140e+01,2.052950e+01,2.057838e+01,2.021475e+01,2.020074e+01,2.020074e+01,2.017972e+01,2.023577e+01,2.021475e+01,2.023577e+01,2.026378e+01,2.030578e+01,2.034077e+01,2.034777e+01,2.027778e+01,2.033377e+01,2.017271e+01,2.024277e+01,2.019373e+01,2.036875e+01,2.034077e+01,2.031978e+01,2.013766e+01,2.047362e+01,2.038274e+01,2.046663e+01,2.048759e+01,2.055045e+01,2.054347e+01,2.061327e+01,2.072486e+01,2.073182e+01,2.084328e+01,2.065513e+01,2.080150e+01,2.070394e+01,2.080846e+01,2.077363e+01,2.068303e+01,2.080150e+01,2.086416e+01,2.073182e+01,2.072486e+01,2.083632e+01,2.073879e+01,2.075273e+01,2.069000e+01,2.071091e+01,2.064118e+01,2.082935e+01,2.072486e+01,2.085720e+01,2.073182e+01,2.080150e+01,2.073879e+01,2.074576e+01,2.072486e+01,2.071091e+01,2.081543e+01,2.078757e+01,2.072486e+01,2.075273e+01,2.069697e+01,2.072486e+01,2.087112e+01,2.075970e+01,2.078757e+01,2.068303e+01,2.085720e+01,2.066211e+01,2.071091e+01,2.075970e+01,2.074576e+01,2.076667e+01,2.073879e+01,2.084328e+01,2.069000e+01,2.069000e+01,2.071789e+01,2.078060e+01,2.084328e+01,2.069697e+01,2.066908e+01,2.081543e+01,2.072486e+01,2.071789e+01,2.062025e+01,2.075970e+01,2.083632e+01,2.077363e+01,2.071091e+01,2.074576e+01,2.078060e+01,2.079453e+01,2.080150e+01,2.077363e+01,2.084328e+01,2.085720e+01,2.082935e+01,2.081543e+01,2.067605e+01,2.073182e+01,2.078060e+01,2.078060e+01,2.076667e+01,2.073879e+01,2.073879e+01,2.075970e+01,2.077363e+01,2.089896e+01,2.087808e+01,2.081543e+01,2.072486e+01,2.067605e+01,2.075970e+01,2.066908e+01,2.063420e+01,2.061327e+01,2.027778e+01,1.996926e+01,1.980761e+01,1.972317e+01,1.950469e+01,1.947647e+01,1.937762e+01,1.937055e+01,1.931402e+01,1.939174e+01,1.937762e+01,1.937762e+01,1.938468e+01,1.938468e+01,1.916546e+01,1.932109e+01,1.911590e+01,1.918670e+01,1.929988e+01,1.919378e+01,1.910173e+01,1.893157e+01,1.896704e+01,1.895286e+01,1.916546e+01,1.914422e+01,1.895995e+01,1.894576e+01,1.899541e+01,1.903087e+01,1.881087e+01,1.908756e+01,1.884638e+01,1.892448e+01,1.901669e+01,1.891028e+01,1.907339e+01,1.902378e+01,1.907339e+01,1.908756e+01,1.903795e+01,1.906630e+01,1.919378e+01,1.923623e+01,1.922208e+01,1.932109e+01,1.929281e+01,1.932815e+01,1.947647e+01,1.937762e+01,1.958932e+01,1.963161e+01,1.948352e+01,1.961751e+01,1.968092e+01,1.973021e+01,1.975132e+01,1.972317e+01,1.987090e+01,1.977243e+01,1.975836e+01,1.989198e+01,1.985683e+01,1.994117e+01,1.983574e+01,1.986386e+01,1.984980e+01,1.984277e+01,1.983574e+01,1.992009e+01,1.989901e+01,1.988495e+01,1.977947e+01,1.985683e+01,1.989198e+01,1.997628e+01,1.979354e+01,1.995521e+01,1.993414e+01,1.978650e+01,1.965979e+01,1.984980e+01,1.980761e+01,1.970205e+01,1.966683e+01,1.963865e+01,1.964570e+01,1.965274e+01,1.974428e+01,1.968796e+01,1.972317e+01,1.982871e+01,1.978650e+01,1.995521e+01,1.987792e+01,1.999033e+01,1.994117e+01,1.997628e+01,2.006051e+01,2.037575e+01,2.028478e+01,2.027778e+01,2.047362e+01,2.058536e+01,2.070394e+01,2.073879e+01,2.062025e+01,2.088504e+01,2.079453e+01,2.075273e+01,2.066908e+01,2.074576e+01,2.062025e+01,2.056442e+01,2.061327e+01,2.053649e+01,2.061327e+01,2.063420e+01,2.056442e+01,2.057140e+01,2.034777e+01,2.049458e+01,2.036875e+01,2.054347e+01,2.062723e+01,2.052950e+01,2.066211e+01,2.073879e+01,2.059932e+01,2.064118e+01,2.078060e+01,2.074576e+01,2.074576e+01,2.064118e+01,2.068303e+01,2.060629e+01,2.062025e+01,2.064816e+01,2.059234e+01,2.060629e+01,2.057140e+01,2.057838e+01,2.058536e+01,2.059932e+01,2.065513e+01,2.062025e+01,2.056442e+01,2.072486e+01,2.060629e+01,2.057140e+01,2.071789e+01,2.067605e+01,2.063420e+01,2.069697e+01,2.049458e+01,2.064816e+01,2.051554e+01,2.069697e+01,2.061327e+01,2.058536e+01,2.049458e+01,2.055045e+01,2.059234e+01,2.048061e+01,2.046663e+01,2.052950e+01,2.044567e+01,2.040372e+01,2.034077e+01,2.047362e+01,2.032678e+01,2.039673e+01,2.035476e+01,2.043169e+01,2.048061e+01,2.053649e+01,2.054347e+01,2.054347e+01,2.031278e+01,2.022176e+01,2.035476e+01,2.034777e+01,2.016570e+01,2.020074e+01,2.038974e+01,2.032678e+01,2.013065e+01,2.028478e+01,2.035476e+01,2.025677e+01,2.037575e+01,2.047362e+01,2.054347e+01,2.059234e+01,2.055743e+01,2.067605e+01,2.066211e+01,2.064118e+01,2.059234e+01,2.058536e+01,2.084328e+01,2.059932e+01,2.074576e+01,2.063420e+01,2.071091e+01,2.070394e+01,2.071091e+01,2.078060e+01,2.075970e+01,2.084328e+01,2.073182e+01,2.087112e+01,2.086416e+01,2.086416e+01,2.084328e+01,2.077363e+01,2.078060e+01,2.076667e+01,2.081543e+01,2.080846e+01,2.076667e+01,2.076667e+01,2.076667e+01,2.082239e+01,2.079453e+01,2.078060e+01,2.082239e+01,2.076667e+01,2.087808e+01,2.078060e+01,2.077363e+01,2.075970e+01,2.068303e+01,2.087808e+01,2.080846e+01,2.082935e+01,2.087808e+01,2.083632e+01,2.082239e+01,2.089896e+01,2.080846e+01,2.085024e+01,2.084328e+01,2.087112e+01,2.080846e+01,2.080150e+01,2.089200e+01,2.083632e+01,2.079453e+01,2.076667e+01,2.079453e+01,2.078060e+01,2.082239e+01,2.081543e+01,2.082935e+01,2.081543e+01,2.071789e+01,2.081543e+01,2.078060e+01,2.074576e+01,2.074576e+01,2.078060e+01,2.071789e+01,2.080150e+01,2.072486e+01,2.078757e+01,2.073879e+01,2.071091e+01,2.077363e+01,2.082935e+01,2.082935e+01,2.077363e+01,2.079453e+01,2.084328e+01,2.074576e+01,2.080150e+01,2.075970e+01,2.079453e+01,2.082239e+01,2.079453e+01,2.083632e+01,2.090592e+01,2.078757e+01,2.080150e+01,2.085720e+01,2.080150e+01,2.087808e+01,2.078757e+01,2.087112e+01,2.078757e+01,2.082935e+01,2.087112e+01,2.080846e+01,2.085024e+01,2.082239e+01,2.081543e+01,2.078060e+01,2.085720e+01,2.080150e+01,2.083632e+01,2.078757e+01,2.082239e+01,2.082935e+01,2.089896e+01,2.085024e+01,2.073182e+01,2.086416e+01,2.069000e+01,2.087808e+01,2.082239e+01,2.079453e+01,2.085024e+01,2.076667e+01,2.089896e+01,2.086416e+01,2.082239e+01,2.086416e+01,2.087112e+01,2.085024e+01,2.089200e+01,2.087112e+01,2.085720e+01,2.085720e+01,2.084328e+01,2.080846e+01,2.078060e+01,2.094765e+01,2.094070e+01,2.085024e+01,2.084328e+01,2.080150e+01,2.082239e+01,2.089200e+01,2.077363e+01,2.073879e+01,2.081543e+01,2.078757e+01,2.091287e+01,2.082935e+01,2.078060e+01,2.074576e+01,2.078757e+01,2.081543e+01,2.085024e+01,2.081543e+01,2.078060e+01,2.083632e+01,2.085720e+01,2.071789e+01,2.085024e+01,2.083632e+01,2.066908e+01,2.078757e+01,2.082935e+01,2.089200e+01,2.075273e+01,2.087808e+01,2.092679e+01,2.076667e+01,2.080846e+01,2.078060e+01,2.081543e+01,2.075273e+01,2.084328e+01,2.075970e+01,2.086416e+01,2.080846e+01,2.083632e+01,2.081543e+01,2.085720e+01,2.086416e+01,2.089200e+01,2.085024e+01,2.089896e+01,2.087112e+01,2.074576e+01,2.087808e+01,2.076667e+01,2.085720e+01,2.075970e+01,2.075970e+01,2.083632e+01,2.085024e+01,2.082239e+01,2.087808e+01,2.086416e+01,2.082239e+01,2.083632e+01,2.082935e+01,2.089896e+01,2.082239e+01,2.089200e+01,2.080846e+01,2.079453e+01,2.087112e+01,2.085720e+01,2.085720e+01,2.081543e+01,2.085024e+01,2.089200e+01,2.094765e+01,2.094070e+01,2.087112e+01,2.091983e+01,2.094070e+01,2.094070e+01,2.093374e+01,2.102413e+01,2.089200e+01,2.097547e+01,2.098937e+01,2.094765e+01,2.091983e+01,2.092679e+01,2.096156e+01,2.098242e+01,2.098242e+01,2.095461e+01,2.104497e+01,2.101023e+01,2.094070e+01,2.088504e+01,2.093374e+01,2.085720e+01,2.088504e+01,2.088504e+01,2.097547e+01,2.093374e+01,2.091287e+01,2.103802e+01,2.083632e+01,2.085024e+01,2.088504e+01,2.080846e+01,2.091983e+01,2.091287e+01,2.086416e+01,2.078757e+01,2.080846e+01,2.082935e+01,2.086416e+01,2.074576e+01,2.089200e+01,2.080846e+01,2.075970e+01,2.074576e+01,2.093374e+01,2.090592e+01,2.091287e+01,2.090592e+01,2.086416e+01,2.084328e+01,2.091983e+01,2.093374e+01,2.080846e+01,2.090592e+01,2.080150e+01,2.083632e+01,2.085024e+01,2.078060e+01,2.078060e+01,2.078757e+01,2.087808e+01,2.073182e+01,2.069697e+01,2.087112e+01,2.082239e+01,2.080150e+01,2.084328e+01,2.073879e+01,2.078060e+01,2.082935e+01,2.070394e+01,2.067605e+01,2.066908e+01,2.073879e+01,2.075273e+01,2.070394e+01,2.075970e+01,2.077363e+01,2.085024e+01,2.082239e+01,2.075273e+01,2.067605e+01,2.078757e+01,2.088504e+01,2.080150e+01,2.075970e+01,2.078060e+01,2.078060e+01,2.081543e+01,2.084328e+01,2.078757e+01,2.081543e+01,2.087112e+01,2.080846e+01,2.074576e+01,2.082239e+01,2.091287e+01,2.077363e+01,2.077363e+01,2.078060e+01,2.078060e+01,2.072486e+01,2.070394e+01,2.083632e+01,2.069000e+01,2.074576e+01,2.079453e+01,2.088504e+01,2.075970e+01,2.077363e+01,2.080150e+01,2.078060e+01,2.073879e+01,2.064816e+01
2.066211e+01,2.072486e+01,2.072486e+01,2.061327e+01,2.064118e+01,2.066211e+01,2.055045e+01,2.052950e+01,2.059932e+01,2.027078e+01,2.024977e+01,2.022876e+01,2.022876e+01,2.032678e+01,2.048061e+01,2.041770e+01,2.027778e+01,2.035476e+01,2.044567e+01,2.050157e+01,2.041071e+01,2.052252e+01,2.059234e+01,2.059234e+01,2.053649e+01,2.066211e+01,2.048759e+01,2.068303e+01,2.053649e+01,2.061327e+01,2.071789e+01,2.048759e+01,2.066908e+01,2.073182e+01,2.071789e+01,2.076667e+01,2.081543e+01,2.078757e+01,2.078757e+01,2.077363e+01,2.075273e+01,2.066908e+01,2.062025e+01,2.072486e+01,2.066211e+01,2.082239e+01,2.085720e+01,2.065513e+01,2.075273e+01,2.078757e+01,2.079453e+01,2.067605e+01,2.077363e+01,2.085720e+01,2.074576e+01,2.064816e+01,2.063420e+01,2.074576e+01,2.080846e+01,2.089896e+01,2.073879e+01,2.077363e+01,2.088504e+01,2.080150e+01,2.075273e+01,2.088504e+01,2.075273e+01,2.079453e+01,2.075970e+01,2.075273e+01,2.071091e+01,2.083632e+01,2.087112e+01,2.080150e+01,2.068303e+01,2.074576e+01,2.073182e+01,2.071789e+01,2.065513e+01,2.086416e+01,2.071091e+01,2.073879e+01,2.088504e+01,2.070394e+01,2.067605e+01,2.075970e+01,2.082935e+01,2.071789e+01,2.080846e+01,2.071091e+01,2.087112e+01,2.069697e+01,2.073182e+01,2.071789e+01,2.082239e+01,2.073879e+01,2.080846e+01,2.082239e+01,2.082239e+01,2.063420e+01,2.080150e+01,2.080846e+01,2.082239e+01,2.092679e+01,2.085720e+01,2.077363e+01,2.084328e+01,2.083632e+01,2.077363e+01,2.078060e+01,2.076667e+01,2.085024e+01,2.077363e+01,2.091983e+01,2.080150e+01,2.086416e+01,2.085024e+01,2.078757e+01,2.071789e+01,2.082239e+01,2.075970e+01,2.077363e+01,2.070394e+01,2.059932e+01,2.042470e+01,2.025677e+01,1.998330e+01,1.988495e+01,1.971613e+01,1.961751e+01,1.952586e+01,1.954701e+01,1.951880e+01,1.941999e+01,1.953996e+01,1.944118e+01,1.939174e+01,1.935642e+01,1.927160e+01,1.929281e+01,1.936349e+01,1.915130e+01,1.921501e+01,1.917254e+01,1.917962e+01,1.937762e+01,1.922208e+01,1.914422e+01,1.899541e+01,1.919378e+01,1.912298e+01,1.913006e+01,1.910173e+01,1.905922e+01,1.900251e+01,1.895286e+01,1.911590e+01,1.906630e+01,1.911590e+01,1.910173e+01,1.904504e+01,1.916546e+01,1.911590e+01,1.904504e+01,1.909464e+01,1.903795e+01,1.933522e+01,1.946941e+01,1.925038e+01,1.930695e+01,1.945529e+01,1.939174e+01,1.946941e+01,1.949058e+01,1.952586e+01,1.956817e+01,1.958932e+01,1.960342e+01,1.971613e+01,1.976540e+01,1.982871e+01,1.975836e+01,1.986386e+01,1.990604e+01,1.992711e+01,1.981464e+01,1.993414e+01,1.994117e+01,1.994117e+01,1.987792e+01,1.986386e+01,1.996224e+01,1.979354e+01,1.991306e+01,1.992009e+01,1.999735e+01,1.993414e+01,1.996224e+01,1.989901e+01,1.984277e+01,1.994819e+01,1.996224e+01,1.981464e+01,1.988495e+01,1.985683e+01,1.989198e+01,1.977243e+01,1.989901e+01,1.989198e+01,1.968092e+01,1.962456e+01,1.965274e+01,1.967388e+01,1.978650e+01,1.980761e+01,1.972317e+01,1.987792e+01,1.985683e+01,1.992711e+01,1.991306e+01,2.001139e+01,2.003946e+01,2.003244e+01,2.025677e+01,2.026378e+01,2.043868e+01,2.043868e+01,2.047362e+01,2.070394e+01,2.075273e+01,2.074576e+01,2.074576e+01,2.082239e+01,2.078757e+01,2.079453e+01,2.075970e+01,2.077363e+01,2.076667e+01,2.058536e+01,2.069697e+01,2.066908e+01,2.059932e+01,2.071091e+01,2.063420e+01,2.057140e+01,2.058536e+01,2.059932e+01,2.048061e+01,2.063420e+01,2.057140e+01,2.062723e+01,2.063420e+01,2.063420e+01,2.072486e+01,2.064816e+01,2.069000e+01,2.078757e+01,2.066211e+01,2.061327e+01,2.060629e+01,2.073182e+01,2.062025e+01,2.058536e+01,2.067605e+01,2.055743e+01,2.050855e+01,2.048061e+01,2.057140e+01,2.058536e+01,2.066908e+01,2.074576e+01,2.059234e+01,2.073879e+01,2.062025e+01,2.075970e+01,2.071789e+01,2.079453e+01,2.071789e+01,2.065513e+01,2.066211e+01,2.071789e+01,2.067605e+01,2.082239e+01,2.062723e+01,2.056442e+01,2.061327e+01,2.054347e+01,2.054347e+01,2.046663e+01,2.047362e+01,2.067605e+01,2.040372e+01,2.047362e+01,2.036875e+01,2.037575e+01,2.043868e+01,2.038274e+01,2.040372e+01,2.050157e+01,2.052252e+01,2.057140e+01,2.052252e+01,2.053649e+01,2.024277e+01,2.033377e+01,2.038974e+01,2.029178e+01,2.040372e+01,2.029178e+01,2.038274e+01,2.031278e+01,2.029878e+01,2.041071e+01,2.055045e+01,2.057838e+01,2.069697e+01,2.067605e+01,2.082935e+01,2.077363e+01,2.058536e+01,2.070394e+01,2.075273e+01,2.073879e+01,2.075273e+01,2.085024e+01,2.085024e+01,2.082239e+01,2.084328e+01,2.080150e+01,2.077363e+01,2.071091e+01,2.089200e+01,2.085720e+01,2.080846e+01,2.079453e+01,2.072486e+01,2.082935e+01,2.080846e+01,2.075273e+01,2.077363e+01,2.081543e+01,2.078757e+01,2.079453e+01,2.080846e+01,2.079453e+01,2.080150e+01,2.080150e+01,2.080150e+01,2.085720e+01,2.104497e+01,2.088504e+01,2.089896e+01,2.096156e+01,2.083632e+01,2.082935e+01,2.080150e+01,2.083632e+01,2.081543e+01,2.077363e+01,2.080846e+01,2.082935e+01,2.083632e+01,2.082239e+01,2.080846e+01,2.084328e+01,2.087808e+01,2.085024e+01,2.082239e+01,2.089200e+01,2.080846e+01,2.078757e+01,2.080846e+01,2.083632e+01,2.080846e+01,2.079453e+01,2.077363e+01,2.076667e+01,2.082935e+01,2.082239e+01,2.082935e+01,2.079453e+01,2.069000e+01,2.067605e+01,2.079453e+01,2.077363e+01,2.079453e+01,2.081543e+01,2.076667e+01,2.094765e+01,2.077363e+01,2.090592e+01,2.079453e+01,2.081543e+01,2.078757e+01,2.082239e+01,2.085720e+01,2.087112e+01,2.086416e+01,2.076667e+01,2.096156e+01,2.078060e+01,2.085024e+01,2.082239e+01,2.089200e+01,2.075273e+01,2.072486e+01,2.090592e+01,2.084328e+01,2.078757e+01,2.089896e+01,2.089896e+01,2.074576e+01,2.088504e+01,2.082935e+01,2.085024e+01,2.078060e+01,2.069697e+01,2.082935e+01,2.081543e+01,2.078757e+01,2.093374e+01,2.084328e+01,2.082239e+01,2.084328e+01,2.091287e+01,2.079453e+01,2.092679e+01,2.078060e+01,2.085720e+01,2.085720e+01,2.082239e+01,2.084328e+01,2.087112e+01,2.081543e+01,2.078060e+01,2.081543e+01,2.078060e+01,2.083632e+01,2.086416e+01,2.088504e+01,2.059932e+01,2.087112e+01,2.089200e+01,2.085720e+01,2.086416e+01,2.086416e+01,2.086416e+01,2.083632e+01,2.083632e+01,2.081543e+01,2.080846e+01,2.082239e+01,2.082239e+01,2.080846e+01,2.086416e+01,2.079453e+01,2.089896e+01,2.093374e+01,2.089200e+01,2.078757e+01,2.089200e+01,2.092679e+01,2.080846e+01,2.088504e+01,2.077363e+01,2.085720e+01,2.077363e+01,2.082239e+01,2.082239e+01,2.084328e+01,2.082935e+01,2.086416e+01,2.085720e+01,2.083632e+01,2.076667e+01,2.085720e+01,2.085024e+01,2.081543e+01,2.092679e+01,2.084328e+01,2.079453e+01,2.078060e+01,2.092679e+01,2.081543e+01,2.085024e+01,2.082935e+01,2.086416e+01,2.089200e+01,2.077363e+01,2.080150e+01,2.077363e+01,2.077363e+01,2.087808e+01,2.089200e+01,2.085024e+01,2.081543e+01,2.085720e+01,2.081543e+01,2.079453e+01,2.075970e+01,2.085024e+01,2.078060e+01,2.082239e+01,2.082239e+01,2.089896e+01,2.078757e+01,2.089896e+01,2.087808e+01,2.087112e+01,2.086416e+01,2.096156e+01,2.085024e+01,2.087112e+01,2.083632e+01,2.083632e+01,2.085720e+01,2.078060e+01,2.078060e+01,2.099632e+01,2.098937e+01,2.081543e+01,2.089896e+01,2.087112e+01,2.085720e+01,2.094765e+01,2.107276e+01,2.094765e+01,2.094070e+01,2.092679e+01,2.098937e+01,2.096852e+01,2.090592e+01,2.094765e+01,2.087112e+01,2.097547e+01,2.092679e+01,2.091983e+01,2.101023e+01,2.121159e+01,2.105192e+01,2.100327e+01,2.099632e+01,2.091287e+01,2.096852e+01,2.111443e+01,2.094070e+01,2.105192e+01,2.091983e+01,2.102413e+01,2.101023e+01,2.083632e+01,2.105192e+01,2.097547e+01,2.084328e+01,2.085720e+01,2.089200e+01,2.103107e+01,2.091983e+01,2.095461e+01,2.093374e+01,2.105192e+01,2.093374e+01,2.090592e+01,2.085720e+01,2.082935e+01,2.080846e+01,2.078060e+01,2.079453e+01,2.078060e+01,2.075273e+01,2.093374e+01,2.089200e+01,2.090592e+01,2.089200e+01,2.091983e+01,2.091287e+01,2.093374e+01,2.086416e+01,2.086416e+01,2.085720e+01,2.088504e+01,2.094070e+01,2.092679e+01,2.091983e+01,2.085720e+01,2.088504e+01,2.086416e+01,2.073879e+01,2.086416e+01,2.084328e+01,2.087808e+01,2.077363e+01,2.083632e+01,2.090592e+01,2.084328e+01,2.079453e+01,2.082935e+01,2.080846e+01,2.075273e+01,2.082935e+01,2.084328e+01,2.077363e+01,2.078757e+01,2.080846e+01,2.086416e+01,2.078757e+01,2.066908e+01,2.078757e+01,2.087808e+01,2.079453e+01,2.077363e+01,2.073182e+01,2.083632e+01,2.071091e+01,2.080150e+01,2.086416e+01,2.080150e+01,2.077363e+01,2.078757e+01,2.074576e+01,2.075273e+01,2.077363e+01,2.075970e+01,2.080846e+01,2.087112e+01,2.071789e+01,2.081543e+01,2.064816e+01,2.073182e+01,2.077363e+01,2.075970e+01,2.080150e+01,2.096156e+01,2.073879e+01,2.073879e+01,2.080150e+01,2.075970e+01,2.075970e+01,2.073182e+01,2.063420e+01
2.072486e+01,2.066908e+01,2.068303e+01,2.069697e+01,2.065513e+01,2.067605e+01,2.069000e+01,2.071091e+01,2.056442e+01,2.056442e+01,2.054347e+01,2.023577e+01,2.027078e+01,2.025677e+01,2.035476e+01,2.042470e+01,2.027778e+01,2.037575e+01,2.046663e+01,2.050855e+01,2.059234e+01,2.050157e+01,2.061327e+01,2.062723e+01,2.066908e+01,2.065513e+01,2.058536e+01,2.069000e+01,2.068303e+01,2.075970e+01,2.073879e+01,2.076667e+01,2.075970e+01,2.069000e+01,2.065513e+01,2.067605e+01,2.079453e+01,2.083632e+01,2.083632e+01,2.069697e+01,2.082239e+01,2.079453e+01,2.074576e+01,2.073182e+01,2.076667e+01,2.080150e+01,2.073879e+01,2.073182e+01,2.088504e+01,2.067605e+01,2.075273e+01,2.073879e+01,2.092679e+01,2.064118e+01,2.080150e+01,2.062025e+01,2.073182e+01,2.073182e+01,2.072486e+01,2.070394e+01,2.069000e+01,2.084328e+01,2.078757e+01,2.064816e+01,2.083632e+01,2.082239e+01,2.081543e+01,2.078060e+01,2.082935e+01,2.084328e+01,2.089896e+01,2.077363e+01,2.079453e+01,2.087112e+01,2.073879e+01,2.073879e+01,2.068303e+01,2.069697e+01,2.073182e+01,2.073879e+01,2.073879e+01,2.089896e+01,2.073182e+01,2.069697e+01,2.086416e+01,2.082935e+01,2.087112e+01,2.081543e+01,2.085024e+01,2.074576e+01,2.084328e+01,2.091983e+01,2.077363e+01,2.076667e+01,2.079453e+01,2.075273e+01,2.074576e+01,2.073879e+01,2.078757e+01,2.069697e+01,2.080846e+01,2.080150e+01,2.077363e+01,2.079453e+01,2.065513e+01,2.085720e+01,2.087112e+01,2.081543e+01,2.082239e+01,2.080150e+01,2.075273e+01,2.075970e+01,2.078757e+01,2.075273e+01,2.091983e+01,2.085024e+01,2.078757e+01,2.080150e+01,2.082239e+01,2.076667e+01,2.078060e+01,2.078060e+01,2.078060e+01,2.073182e+01,2.057140e+01,2.029178e+01,2.001841e+01,2.001139e+01,1.972317e+01,1.969500e+01,1.961751e+01,1.963161e+01,1.961047e+01,1.956817e+01,1.957522e+01,1.956817e+01,1.946941e+01,1.937055e+01,1.939881e+01,1.936349e+01,1.936349e+01,1.931402e+01,1.931402e+01,1.915130e+01,1.919378e+01,1.919378e+01,1.922916e+01,1.916546e+01,1.921501e+01,1.917962e+01,1.920085e+01,1.923623e+01,1.920793e+01,1.915838e+01,1.925038e+01,1.928574e+01,1.917254e+01,1.919378e+01,1.908047e+01,1.907339e+01,1.915130e+01,1.919378e+01,1.915838e+01,1.905213e+01,1.922916e+01,1.927160e+01,1.929988e+01,1.934936e+01,1.927160e+01,1.946235e+01,1.946941e+01,1.951175e+01,1.950469e+01,1.951175e+01,1.957522e+01,1.949764e+01,1.949764e+01,1.965979e+01,1.968092e+01,1.970909e+01,1.991306e+01,1.980761e+01,1.996926e+01,1.989198e+01,1.984277e+01,1.987090e+01,1.996926e+01,1.989198e+01,1.989198e+01,1.992009e+01,1.983574e+01,2.001841e+01,2.009559e+01,1.995521e+01,1.994819e+01,1.995521e+01,1.995521e+01,2.000437e+01,2.008857e+01,1.998330e+01,1.995521e+01,1.994819e+01,1.996224e+01,1.994117e+01,1.991306e+01,1.987090e+01,1.988495e+01,1.968092e+01,1.964570e+01,1.967388e+01,1.965979e+01,1.963161e+01,1.966683e+01,1.968796e+01,1.979354e+01,1.989198e+01,1.977947e+01,1.995521e+01,1.975132e+01,1.992009e+01,2.001841e+01,2.001841e+01,1.991306e+01,2.004648e+01,2.027778e+01,2.031278e+01,2.045266e+01,2.065513e+01,2.071091e+01,2.074576e+01,2.076667e+01,2.076667e+01,2.071091e+01,2.078757e+01,2.074576e+01,2.079453e+01,2.073182e+01,2.074576e+01,2.070394e+01,2.076667e+01,2.060629e+01,2.073879e+01,2.062723e+01,2.041770e+01,2.059234e+01,2.060629e+01,2.059234e+01,2.063420e+01,2.060629e+01,2.062025e+01,2.063420e+01,2.062025e+01,2.064118e+01,2.051554e+01,2.069000e+01,2.062025e+01,2.065513e+01,2.059234e+01,2.056442e+01,2.059932e+01,2.062025e+01,2.066211e+01,2.059932e+01,2.057140e+01,2.064118e+01,2.055743e+01,2.057838e+01,2.065513e+01,2.064816e+01,2.059932e+01,2.066908e+01,2.071091e+01,2.066211e+01,2.078060e+01,2.080150e+01,2.062723e+01,2.066908e+01,2.073879e+01,2.070394e+01,2.071789e+01,2.068303e+01,2.068303e+01,2.069697e+01,2.064118e+01,2.069697e+01,2.055045e+01,2.057140e+01,2.058536e+01,2.055045e+01,2.059932e+01,2.050157e+01,2.043868e+01,2.049458e+01,2.045266e+01,2.044567e+01,2.049458e+01,2.059234e+01,2.045266e+01,2.055045e+01,2.055743e+01,2.055045e+01,2.064118e+01,2.048759e+01,2.058536e+01,2.041071e+01,2.055045e+01,2.032678e+01,2.039673e+01,2.050157e+01,2.056442e+01,2.036176e+01,2.038274e+01,2.051554e+01,2.054347e+01,2.048061e+01,2.066211e+01,2.073879e+01,2.078060e+01,2.082239e+01,2.082935e+01,2.075273e+01,2.081543e+01,2.067605e+01,2.080150e+01,2.082935e+01,2.085024e+01,2.084328e+01,2.084328e+01,2.082935e+01,2.084328e+01,2.073182e+01,2.075273e+01,2.079453e+01,2.089200e+01,2.080150e+01,2.081543e+01,2.088504e+01,2.076667e+01,2.082239e+01,2.082935e+01,2.083632e+01,2.083632e+01,2.098242e+01,2.085720e+01,2.082935e+01,2.077363e+01,2.085720e+01,2.073182e+01,2.077363e+01,2.084328e+01,2.078757e+01,2.094070e+01,2.089896e+01,2.084328e+01,2.080150e+01,2.087112e+01,2.085024e+01,2.088504e+01,2.080846e+01,2.091287e+01,2.084328e+01,2.081543e+01,2.084328e+01,2.085720e+01,2.085720e+01,2.086416e+01,2.083632e+01,2.080150e+01,2.080846e+01,2.080150e+01,2.093374e+01,2.088504e+01,2.084328e+01,2.091287e+01,2.085024e+01,2.078757e+01,2.083632e+01,2.071091e+01,2.080150e+01,2.085024e+01,2.103802e+01,2.081543e+01,2.075970e+01,2.066908e+01,2.076667e+01,2.075273e+01,2.079453e+01,2.081543e+01,2.080846e+01,2.074576e+01,2.081543e+01,2.072486e+01,2.078757e+01,2.085720e+01,2.078060e+01,2.083632e+01,2.085720e+01,2.086416e+01,2.087808e+01,2.075970e+01,2.090592e+01,2.076667e+01,2.086416e+01,2.073879e+01,2.092679e+01,2.073879e+01,2.080846e+01,2.082239e+01,2.087112e+01,2.082935e+01,2.087112e+01,2.069000e+01,2.064816e+01,2.086416e+01,2.081543e+01,2.083632e+01,2.085720e+01,2.077363e+01,2.086416e+01,2.081543e+01,2.078060e+01,2.089200e+01,2.089896e+01,2.086416e+01,2.085720e+01,2.082239e+01,2.086416e+01,2.078060e+01,2.079453e+01,2.080150e+01,2.087112e+01,2.081543e+01,2.082935e+01,2.078757e+01,2.088504e+01,2.076667e+01,2.075970e+01,2.089200e+01,2.088504e+01,2.089200e+01,2.085024e+01,2.088504e+01,2.091287e+01,2.090592e+01,2.084328e+01,2.089896e+01,2.082935e+01,2.083632e+01,2.085720e+01,2.082935e+01,2.088504e+01,2.091287e+01,2.083632e+01,2.084328e+01,2.088504e+01,2.081543e+01,2.088504e+01,2.089896e+01,2.083632e+01,2.079453e+01,2.090592e+01,2.082239e+01,2.082935e+01,2.082239e+01,2.080150e+01,2.094765e+01,2.096156e+01,2.078060e+01,2.082935e+01,2.083632e+01,2.084328e+01,2.085024e+01,2.088504e+01,2.083632e+01,2.091983e+01,2.073879e+01,2.078757e+01,2.086416e+01,2.088504e+01,2.097547e+01,2.075273e+01,2.076667e+01,2.087808e+01,2.083632e+01,2.079453e+01,2.077363e+01,2.089896e+01,2.089896e+01,2.077363e+01,2.082935e+01,2.078757e+01,2.086416e+01,2.082239e+01,2.087808e+01,2.082935e+01,2.090592e+01,2.090592e+01,2.082935e+01,2.077363e+01,2.085720e+01,2.085720e+01,2.079453e+01,2.078757e+01,2.091287e+01,2.073182e+01,2.077363e+01,2.085024e+01,2.075273e+01,2.085720e+01,2.087808e+01,2.080150e+01,2.082935e+01,2.085720e+01,2.085024e+01,2.091983e+01,2.078757e+01,2.092679e+01,2.078060e+01,2.082935e+01,2.098937e+01,2.084328e+01,2.085024e+01,2.082239e+01,2.101023e+01,2.095461e+01,2.097547e+01,2.087808e+01,2.096852e+01,2.093374e+01,2.094765e+01,2.092679e+01,2.097547e+01,2.090592e+01,2.112137e+01,2.123240e+01,2.098937e+01,2.096156e+01,2.098937e+01,2.099632e+01,2.098937e+01,2.098242e+01,2.098937e+01,2.094765e+01,2.095461e+01,2.095461e+01,2.109360e+01,2.102413e+01,2.091287e+01,2.099632e+01,2.099632e+01,2.103802e+01,2.095461e+01,2.089896e+01,2.091287e+01,2.094765e+01,2.091287e+01,2.096156e+01,2.087112e+01,2.091983e+01,2.104497e+01,2.091983e+01,2.086416e+01,2.078757e+01,2.085720e+01,2.089896e+01,2.094070e+01,2.077363e+01,2.088504e+01,2.093374e+01,2.080846e+01,2.084328e+01,2.090592e+01,2.086416e+01,2.089200e+01,2.089200e+01,2.089896e+01,2.085024e+01,2.080150e+01,2.085024e+01,2.082239e+01,2.084328e+01,2.087112e+01,2.085024e+01,2.091287e+01,2.086416e+01,2.082239e+01,2.085024e+01,2.080846e+01,2.089896e+01,2.088504e+01,2.088504e+01,2.089896e+01,2.081543e+01,2.089200e+01,2.092679e+01,2.094070e+01,2.089200e+01,2.071789e+01,2.077363e+01,2.071091e+01,2.081543e+01,2.073879e+01,2.085720e+01,2.079453e+01,2.074576e+01,2.077363e+01,2.087112e+01,2.080150e+01,2.085024e+01,2.075970e+01,2.078060e+01,2.078757e+01,2.076667e+01,2.087112e+01,2.080150e+01,2.083632e+01,2.083632e+01,2.078757e+01,2.081543e+01,2.084328e+01,2.077363e+01,2.094765e+01,2.075970e+01,2.091983e+01,2.085024e+01,2.083632e+01,2.082239e+01,2.067605e+01,2.082239e+01,2.078060e+01,2.085024e+01,2.089896e+01,2.078757e+01,2.082935e+01,2.083632e+01,2.080150e+01,2.071091e+01,2.078060e+01,2.079453e+01,2.079453e+01
2.073879e+01,2.075970e+01,2.067605e+01,2.079453e+01,2.069697e+01,2.068303e+01,2.071091e+01,2.073182e+01,2.064118e+01,2.056442e+01,2.057140e+01,2.033377e+01,2.050855e+01,2.025677e+01,2.045964e+01,2.034077e+01,2.025677e+01,2.036875e+01,2.062723e+01,2.041071e+01,2.064816e+01,2.068303e+01,2.062723e+01,2.062723e+01,2.078757e+01,2.074576e+01,2.075273e+01,2.073182e+01,2.075273e+01,2.107971e+01,2.078060e+01,2.078757e+01,2.073182e+01,2.075970e+01,2.085024e+01,2.078060e+01,2.078757e+01,2.085024e+01,2.086416e+01,2.061327e+01,2.082239e+01,2.073879e+01,2.078757e+01,2.072486e+01,2.066211e+01,2.075970e+01,2.082239e+01,2.080150e+01,2.082935e+01,2.069000e+01,2.068303e+01,2.073182e+01,2.066211e+01,2.071789e+01,2.078060e+01,2.073182e+01,2.075970e+01,2.073879e+01,2.063420e+01,2.066211e+01,2.075970e+01,2.069697e+01,2.075273e+01,2.087112e+01,2.076667e+01,2.078060e+01,2.079453e+01,2.081543e+01,2.078757e+01,2.075273e+01,2.078060e+01,2.075273e+01,2.079453e+01,2.075273e+01,2.069697e+01,2.071789e+01,2.073879e+01,2.071091e+01,2.069697e+01,2.073879e+01,2.067605e+01,2.071789e+01,2.083632e+01,2.080150e+01,2.083632e+01,2.075273e+01,2.082935e+01,2.080846e+01,2.071091e+01,2.073182e+01,2.086416e+01,2.073182e+01,2.080150e+01,2.075273e+01,2.076667e+01,2.080150e+01,2.077363e+01,2.069697e+01,2.073182e+01,2.080846e+01,2.080846e+01,2.086416e+01,2.080846e+01,2.078757e+01,2.084328e+01,2.074576e+01,2.085720e+01,2.074576e+01,2.084328e+01,2.078060e+01,2.085024e+01,2.087808e+01,2.082239e+01,2.079453e+01,2.082239e+01,2.082935e+01,2.078060e+01,2.080846e+01,2.071091e+01,2.087112e+01,2.089200e+01,2.075970e+01,2.070394e+01,2.079453e+01,2.080150e+01,2.052252e+01,2.028478e+01,2.029178e+01,1.985683e+01,1.997628e+01,1.973725e+01,1.959637e+01,1.961047e+01,1.953291e+01,1.956112e+01,1.937762e+01,1.951880e+01,1.947647e+01,1.936349e+01,1.940587e+01,1.930695e+01,1.937762e+01,1.934936e+01,1.927867e+01,1.920085e+01,1.925038e+01,1.922208e+01,1.922208e+01,1.908756e+01,1.922208e+01,1.920085e+01,1.919378e+01,1.932109e+01,1.920793e+01,1.921501e+01,1.941999e+01,1.928574e+01,1.911590e+01,1.921501e+01,1.913714e+01,1.927867e+01,1.923623e+01,1.926452e+01,1.922916e+01,1.927867e+01,1.953291e+01,1.937055e+01,1.927160e+01,1.953996e+01,1.943411e+01,1.947647e+01,1.937055e+01,1.961751e+01,1.948352e+01,1.953291e+01,1.965979e+01,1.963865e+01,1.978650e+01,1.973725e+01,1.982168e+01,1.982168e+01,1.982168e+01,1.985683e+01,1.992711e+01,1.992711e+01,1.992711e+01,1.994819e+01,1.992711e+01,1.996926e+01,1.996224e+01,1.992711e+01,1.990604e+01,2.009559e+01,1.996926e+01,1.998330e+01,2.010961e+01,1.999735e+01,2.008156e+01,1.997628e+01,2.003946e+01,2.008857e+01,2.019373e+01,1.996224e+01,1.991306e+01,1.987792e+01,1.987792e+01,1.981464e+01,1.990604e+01,1.976540e+01,1.972317e+01,1.965274e+01,1.977243e+01,1.974428e+01,1.973725e+01,1.985683e+01,1.977947e+01,1.980058e+01,1.979354e+01,1.994819e+01,1.996224e+01,2.003244e+01,2.003244e+01,2.003244e+01,2.026378e+01,2.043868e+01,2.061327e+01,2.066211e+01,2.068303e+01,2.087112e+01,2.086416e+01,2.070394e+01,2.069000e+01,2.078757e+01,2.073879e+01,2.073879e+01,2.074576e+01,2.082239e+01,2.074576e+01,2.062723e+01,2.071091e+01,2.069000e+01,2.075273e+01,2.057838e+01,2.072486e+01,2.046663e+01,2.064816e+01,2.064118e+01,2.059932e+01,2.063420e+01,2.062723e+01,2.063420e+01,2.058536e+01,2.065513e+01,2.063420e+01,2.072486e+01,2.058536e+01,2.057140e+01,2.057140e+01,2.053649e+01,2.055743e+01,2.056442e+01,2.063420e+01,2.057838e+01,2.059234e+01,2.058536e+01,2.060629e+01,2.056442e+01,2.056442e+01,2.067605e+01,2.062723e+01,2.066211e+01,2.063420e+01,2.071789e+01,2.080150e+01,2.076667e+01,2.078757e+01,2.073879e+01,2.079453e+01,2.078060e+01,2.075970e+01,2.075970e+01,2.078060e+01,2.076667e+01,2.071091e+01,2.073182e+01,2.067605e+01,2.073182e+01,2.071091e+01,2.062723e+01,2.054347e+01,2.055045e+01,2.044567e+01,2.052950e+01,2.049458e+01,2.045964e+01,2.050855e+01,2.050855e+01,2.045266e+01,2.059932e+01,2.056442e+01,2.057140e+01,2.058536e+01,2.062025e+01,2.055743e+01,2.059932e+01,2.050157e+01,2.033377e+01,2.059932e+01,2.047362e+01,2.048061e+01,2.050157e+01,2.066211e+01,2.064816e+01,2.056442e+01,2.067605e+01,2.072486e+01,2.075970e+01,2.080150e+01,2.082239e+01,2.082935e+01,2.086416e+01,2.087808e+01,2.081543e+01,2.080846e+01,2.085024e+01,2.082935e+01,2.078757e+01,2.083632e+01,2.083632e+01,2.096852e+01,2.073182e+01,2.077363e+01,2.074576e+01,2.082935e+01,2.079453e+01,2.080150e+01,2.082239e+01,2.083632e+01,2.079453e+01,2.074576e+01,2.082239e+01,2.081543e+01,2.082239e+01,2.083632e+01,2.085720e+01,2.085024e+01,2.090592e+01,2.084328e+01,2.079453e+01,2.088504e+01,2.082935e+01,2.078060e+01,2.089200e+01,2.090592e+01,2.078757e+01,2.096156e+01,2.080846e+01,2.089896e+01,2.087112e+01,2.088504e+01,2.087808e+01,2.080846e+01,2.083632e+01,2.080150e+01,2.080150e+01,2.078060e+01,2.094070e+01,2.078757e+01,2.079453e+01,2.083632e+01,2.079453e+01,2.081543e+01,2.085720e+01,2.078060e+01,2.074576e+01,2.078757e+01,2.080150e+01,2.081543e+01,2.080846e+01,2.082239e+01,2.092679e+01,2.071091e+01,2.068303e+01,2.089896e+01,2.078060e+01,2.082935e+01,2.084328e+01,2.076667e+01,2.085720e+01,2.078757e+01,2.089896e+01,2.082239e+01,2.077363e+01,2.085720e+01,2.085024e+01,2.085720e+01,2.086416e+01,2.075970e+01,2.079453e+01,2.084328e+01,2.077363e+01,2.089200e+01,2.092679e+01,2.090592e+01,2.094070e+01,2.092679e+01,2.088504e+01,2.094070e+01,2.081543e+01,2.083632e+01,2.085024e+01,2.089200e+01,2.087808e+01,2.069000e+01,2.085024e+01,2.085720e+01,2.067605e+01,2.080846e+01,2.096156e+01,2.079453e+01,2.082935e+01,2.084328e+01,2.082239e+01,2.083632e+01,2.088504e+01,2.080150e+01,2.080150e+01,2.081543e+01,2.084328e+01,2.085720e+01,2.087112e+01,2.075273e+01,2.078060e+01,2.088504e+01,2.071789e+01,2.084328e+01,2.082239e+01,2.080846e+01,2.087112e+01,2.082239e+01,2.085720e+01,2.085720e+01,2.091983e+01,2.082239e+01,2.078757e+01,2.082239e+01,2.084328e+01,2.087808e+01,2.073879e+01,2.089896e+01,2.084328e+01,2.077363e+01,2.089896e+01,2.083632e+01,2.089200e+01,2.089200e+01,2.077363e+01,2.089896e+01,2.083632e+01,2.079453e+01,2.072486e+01,2.089896e+01,2.087808e+01,2.079453e+01,2.080150e+01,2.079453e+01,2.082239e+01,2.080846e+01,2.082935e+01,2.088504e+01,2.080846e+01,2.084328e+01,2.075273e+01,2.080150e+01,2.076667e+01,2.084328e+01,2.085024e+01,2.064118e+01,2.083632e+01,2.071091e+01,2.082239e+01,2.078757e+01,2.084328e+01,2.080846e+01,2.093374e+01,2.087112e+01,2.077363e+01,2.093374e+01,2.079453e+01,2.082239e+01,2.081543e+01,2.098937e+01,2.078757e+01,2.085024e+01,2.091983e+01,2.082935e+01,2.079453e+01,2.079453e+01,2.084328e+01,2.080150e+01,2.080150e+01,2.081543e+01,2.087808e+01,2.089896e+01,2.079453e+01,2.079453e+01,2.091983e+01,2.086416e+01,2.077363e+01,2.088504e+01,2.091287e+01,2.091287e+01,2.087112e+01,2.085720e+01,2.085024e+01,2.081543e+01,2.084328e+01,2.080150e+01,2.077363e+01,2.086416e+01,2.083632e+01,2.098937e+01,2.086416e+01,2.091983e+01,2.094765e+01,2.094765e+01,2.088504e+01,2.097547e+01,2.094070e+01,2.094765e+01,2.095461e+01,2.096852e+01,2.097547e+01,2.097547e+01,2.085024e+01,2.096852e+01,2.093374e+01,2.107971e+01,2.110054e+01,2.103107e+01,2.092679e+01,2.094070e+01,2.100327e+01,2.102413e+01,2.094765e+01,2.094765e+01,2.091983e+01,2.103802e+01,2.103107e+01,2.094765e+01,2.096156e+01,2.092679e+01,2.103107e+01,2.089896e+01,2.085720e+01,2.108665e+01,2.094070e+01,2.092679e+01,2.083632e+01,2.097547e+01,2.089200e+01,2.077363e+01,2.087112e+01,2.087112e+01,2.089896e+01,2.089200e+01,2.075970e+01,2.092679e+01,2.080150e+01,2.094765e+01,2.096852e+01,2.085720e+01,2.084328e+01,2.094070e+01,2.088504e+01,2.095461e+01,2.085720e+01,2.089896e+01,2.087112e+01,2.089896e+01,2.086416e+01,2.082239e+01,2.087808e+01,2.095461e+01,2.082239e+01,2.082239e+01,2.094070e+01,2.077363e+01,2.085024e+01,2.080150e+01,2.081543e+01,2.086416e+01,2.080846e+01,2.080846e+01,2.085024e+01,2.084328e+01,2.075273e+01,2.082935e+01,2.074576e+01,2.079453e+01,2.079453e+01,2.079453e+01,2.080846e+01,2.079453e+01,2.071091e+01,2.085024e+01,2.081543e+01,2.079453e+01,2.080846e+01,2.090592e+01,2.089896e+01,2.086416e+01,2.087112e+01,2.075273e+01,2.083632e+01,2.078060e+01,2.075970e+01,2.080846e+01,2.085720e+01,2.087112e+01,2.088504e+01,2.078757e+01,2.075970e+01,2.079453e+01,2.086416e+01,2.083632e+01,2.082935e+01,2.081543e+01,2.082239e+01,2.093374e+01,2.092679e+01,2.080150e+01,2.087112e+01,2.080846e+01,2.077363e+01,2.085720e+01,2.079453e+01,2.103802e+01,2.079453e+01,2.077363e+01
2.075273e+01,2.076667e+01,2.076667e+01,2.078757e+01,2.070394e+01,2.069697e+01,2.069697e+01,2.071789e+01,2.065513e+01,2.055743e+01,2.052252e+01,2.057838e+01,2.033377e+01,2.034777e+01,2.043169e+01,2.041770e+01,2.037575e+01,2.052252e+01,2.075273e+01,2.070394e+01,2.082239e+01,2.078757e+01,2.082935e+01,2.072486e+01,2.070394e+01,2.073182e+01,2.082239e+01,2.074576e+01,2.073182e+01,2.071789e+01,2.072486e+01,2.071789e+01,2.078757e+01,2.080150e+01,2.077363e+01,2.080846e+01,2.071789e+01,2.073879e+01,2.085024e+01,2.073182e+01,2.069697e+01,2.081543e+01,2.073182e+01,2.078060e+01,2.078060e+01,2.070394e+01,2.069697e+01,2.073879e+01,2.088504e+01,2.075273e+01,2.085024e+01,2.083632e+01,2.087112e+01,2.073879e+01,2.073182e+01,2.077363e+01,2.075273e+01,2.083632e+01,2.084328e+01,2.077363e+01,2.079453e+01,2.088504e+01,2.086416e+01,2.079453e+01,2.078060e+01,2.085024e+01,2.075970e+01,2.080150e+01,2.080150e+01,2.072486e+01,2.071789e+01,2.068303e+01,2.075273e+01,2.076667e+01,2.078757e+01,2.080150e+01,2.071091e+01,2.073879e+01,2.076667e+01,2.075273e+01,2.077363e+01,2.075273e+01,2.085024e+01,2.075273e+01,2.085720e+01,2.069697e+01,2.082935e+01,2.079453e+01,2.080150e+01,2.081543e+01,2.091287e+01,2.073182e+01,2.071789e+01,2.078757e+01,2.076667e+01,2.075970e+01,2.080846e+01,2.083632e+01,2.084328e+01,2.083632e+01,2.077363e+01,2.077363e+01,2.078757e+01,2.076667e+01,2.075970e+01,2.082239e+01,2.085720e+01,2.080846e+01,2.078060e+01,2.092679e+01,2.087808e+01,2.082239e+01,2.082935e+01,2.083632e+01,2.073182e+01,2.079453e+01,2.075970e+01,2.077363e+01,2.074576e+01,2.072486e+01,2.074576e+01,2.082239e+01,2.079453e+01,2.075273e+01,2.082239e+01,2.053649e+01,2.059234e+01,2.031278e+01,2.029178e+01,2.022876e+01,1.999735e+01,2.004648e+01,1.990604e+01,1.977947e+01,1.958227e+01,1.956817e+01,1.942705e+01,1.937055e+01,1.943411e+01,1.943411e+01,1.940587e+01,1.930695e+01,1.936349e+01,1.930695e+01,1.939174e+01,1.931402e+01,1.923623e+01,1.938468e+01,1.927160e+01,1.936349e+01,1.922916e+01,1.933522e+01,1.922208e+01,1.924331e+01,1.932815e+01,1.925745e+01,1.920793e+01,1.917254e+01,1.917962e+01,1.940587e+01,1.943411e+01,1.935642e+01,1.931402e+01,1.951175e+01,1.941999e+01,1.952586e+01,1.955407e+01,1.949764e+01,1.950469e+01,1.965274e+01,1.965274e+01,1.966683e+01,1.953291e+01,1.951175e+01,1.953996e+01,1.949764e+01,1.950469e+01,1.978650e+01,1.974428e+01,1.981464e+01,1.984277e+01,1.984980e+01,1.996224e+01,1.994117e+01,1.996926e+01,1.994117e+01,1.994819e+01,1.995521e+01,2.003244e+01,1.995521e+01,2.009559e+01,2.007454e+01,2.008857e+01,1.998330e+01,2.008156e+01,1.996926e+01,1.997628e+01,2.009559e+01,2.005350e+01,2.002542e+01,2.015168e+01,1.996926e+01,2.003946e+01,2.003946e+01,2.007454e+01,2.009559e+01,2.025677e+01,2.017271e+01,1.980761e+01,1.989901e+01,1.982168e+01,1.991306e+01,1.979354e+01,1.988495e+01,1.992711e+01,1.980058e+01,1.994117e+01,1.990604e+01,1.996926e+01,2.004648e+01,2.015168e+01,2.013065e+01,2.025677e+01,2.031978e+01,2.045266e+01,2.064816e+01,2.080150e+01,2.079453e+01,2.085024e+01,2.084328e+01,2.083632e+01,2.074576e+01,2.075970e+01,2.071091e+01,2.084328e+01,2.078757e+01,2.074576e+01,2.074576e+01,2.064118e+01,2.076667e+01,2.076667e+01,2.073182e+01,2.075273e+01,2.075273e+01,2.071789e+01,2.071091e+01,2.056442e+01,2.073182e+01,2.073182e+01,2.064118e+01,2.062723e+01,2.064118e+01,2.055743e+01,2.061327e+01,2.066211e+01,2.053649e+01,2.060629e+01,2.063420e+01,2.055743e+01,2.057838e+01,2.050855e+01,2.052252e+01,2.041071e+01,2.052252e+01,2.052252e+01,2.047362e+01,2.059234e+01,2.055743e+01,2.064118e+01,2.042470e+01,2.055045e+01,2.066211e+01,2.067605e+01,2.066211e+01,2.064118e+01,2.072486e+01,2.076667e+01,2.075273e+01,2.071789e+01,2.071789e+01,2.078757e+01,2.078060e+01,2.082239e+01,2.074576e+01,2.062723e+01,2.078757e+01,2.072486e+01,2.065513e+01,2.062723e+01,2.060629e+01,2.069697e+01,2.057140e+01,2.052950e+01,2.048061e+01,2.057838e+01,2.060629e+01,2.051554e+01,2.048061e+01,2.061327e+01,2.059932e+01,2.062025e+01,2.059234e+01,2.058536e+01,2.061327e+01,2.065513e+01,2.042470e+01,2.046663e+01,2.043169e+01,2.045266e+01,2.041770e+01,2.064118e+01,2.061327e+01,2.065513e+01,2.071091e+01,2.071789e+01,2.076667e+01,2.078757e+01,2.092679e+01,2.091983e+01,2.081543e+01,2.082239e+01,2.086416e+01,2.086416e+01,2.086416e+01,2.083632e+01,2.084328e+01,2.082935e+01,2.082239e+01,2.085720e+01,2.069697e+01,2.078757e+01,2.081543e+01,2.082935e+01,2.077363e+01,2.078060e+01,2.078757e+01,2.076667e+01,2.075970e+01,2.081543e+01,2.082239e+01,2.082935e+01,2.078060e+01,2.084328e+01,2.097547e+01,2.087808e+01,2.084328e+01,2.091983e+01,2.080846e+01,2.076667e+01,2.089200e+01,2.087112e+01,2.085024e+01,2.098242e+01,2.082239e+01,2.081543e+01,2.086416e+01,2.086416e+01,2.082935e+01,2.086416e+01,2.090592e+01,2.082239e+01,2.077363e+01,2.087808e+01,2.084328e+01,2.088504e+01,2.086416e+01,2.088504e+01,2.084328e+01,2.081543e+01,2.081543e+01,2.092679e+01,2.078060e+01,2.089896e+01,2.091287e+01,2.075970e+01,2.080846e+01,2.080846e+01,2.080150e+01,2.079453e+01,2.078757e+01,2.084328e+01,2.088504e+01,2.082935e+01,2.093374e+01,2.072486e+01,2.084328e+01,2.102413e+01,2.096156e+01,2.094765e+01,2.087112e+01,2.080150e+01,2.075273e+01,2.080150e+01,2.077363e+01,2.078757e+01,2.080150e+01,2.084328e+01,2.079453e+01,2.084328e+01,2.098242e+01,2.085720e+01,2.091287e+01,2.091287e+01,2.074576e+01,2.085720e+01,2.080846e+01,2.083632e+01,2.073182e+01,2.085720e+01,2.076667e+01,2.089200e+01,2.087112e+01,2.073879e+01,2.085720e+01,2.090592e+01,2.071789e+01,2.086416e+01,2.081543e+01,2.089200e+01,2.087112e+01,2.085024e+01,2.082935e+01,2.082239e+01,2.087808e+01,2.086416e+01,2.080150e+01,2.084328e+01,2.079453e+01,2.082239e+01,2.078757e+01,2.085024e+01,2.082935e+01,2.076667e+01,2.080150e+01,2.082935e+01,2.080150e+01,2.083632e+01,2.083632e+01,2.084328e+01,2.088504e+01,2.083632e+01,2.091983e+01,2.087112e+01,2.075970e+01,2.089200e+01,2.085720e+01,2.079453e+01,2.088504e+01,2.085024e+01,2.078060e+01,2.071091e+01,2.086416e+01,2.089896e+01,2.082935e+01,2.092679e+01,2.087808e+01,2.080846e+01,2.089896e+01,2.081543e+01,2.082239e+01,2.085024e+01,2.084328e+01,2.082239e+01,2.086416e+01,2.080846e+01,2.085024e+01,2.078060e+01,2.087808e+01,2.083632e+01,2.080150e+01,2.072486e+01,2.083632e+01,2.074576e+01,2.082239e+01,2.081543e+01,2.069697e+01,2.087112e+01,2.072486e+01,2.083632e+01,2.094070e+01,2.080150e+01,2.080150e+01,2.082935e+01,2.078757e+01,2.094070e+01,2.091983e+01,2.088504e+01,2.091287e+01,2.094070e+01,2.081543e+01,2.089896e+01,2.086416e+01,2.082935e+01,2.071789e+01,2.082239e+01,2.079453e+01,2.080846e+01,2.083632e+01,2.078757e+01,2.082239e+01,2.082935e+01,2.078757e+01,2.067605e+01,2.078757e+01,2.077363e+01,2.080846e+01,2.087112e+01,2.076667e+01,2.079453e+01,2.080150e+01,2.082935e+01,2.080846e+01,2.082239e+01,2.082239e+01,2.091983e+01,2.085720e+01,2.096156e+01,2.082935e+01,2.094765e+01,2.084328e+01,2.087112e+01,2.082239e+01,2.088504e+01,2.087808e+01,2.094765e+01,2.086416e+01,2.090592e+01,2.099632e+01,2.089200e+01,2.094765e+01,2.089896e+01,2.090592e+01,2.089200e+01,2.091287e+01,2.091983e+01,2.092679e+01,2.107276e+01,2.102413e+01,2.098242e+01,2.096852e+01,2.094765e+01,2.101718e+01,2.098937e+01,2.093374e+01,2.097547e+01,2.101023e+01,2.105192e+01,2.093374e+01,2.102413e+01,2.085024e+01,2.085024e+01,2.100327e+01,2.093374e+01,2.093374e+01,2.088504e+01,2.097547e+01,2.076667e+01,2.094765e+01,2.094765e+01,2.088504e+01,2.103107e+01,2.089896e+01,2.085720e+01,2.087808e+01,2.087808e+01,2.087112e+01,2.083632e+01,2.075273e+01,2.085024e+01,2.057140e+01,2.082935e+01,2.082239e+01,2.087112e+01,2.070394e+01,2.087808e+01,2.085024e+01,2.084328e+01,2.078060e+01,2.088504e+01,2.089200e+01,2.094765e+01,2.085024e+01,2.089200e+01,2.092679e+01,2.078060e+01,2.064816e+01,2.078757e+01,2.095461e+01,2.094765e+01,2.081543e+01,2.087112e+01,2.087112e+01,2.087808e+01,2.089896e+01,2.071091e+01,2.069697e+01,2.067605e+01,2.087112e+01,2.092679e+01,2.078757e+01,2.096156e+01,2.080150e+01,2.082239e+01,2.073182e+01,2.086416e+01,2.084328e+01,2.071789e+01,2.085024e+01,2.070394e+01,2.089200e+01,2.074576e+01,2.089200e+01,2.085720e+01,2.085024e+01,2.078757e+01,2.093374e+01,2.082239e+01,2.078060e+01,2.079453e+01,2.080846e+01,2.087112e+01,2.080150e+01,2.087112e+01,2.078757e+01,2.083632e+01,2.079453e+01,2.074576e+01,2.082239e+01,2.081543e+01,2.073879e+01,2.078060e+01,2.071789e+01,2.080846e+01,2.075273e+01,2.075970e+01,2.073182e+01,2.084328e+01,2.080150e+01,2.080150e+01,2.074576e+01
2.081543e+01,2.077363e+01,2.063420e+01,2.073182e+01,2.070394e+01,2.083632e+01,2.070394e+01,2.057838e+01,2.079453e+01,2.057838e+01,2.054347e+01,2.058536e+01,2.054347e+01,2.037575e+01,2.030578e+01,2.050855e+01,2.035476e+01,2.052950e+01,2.063420e+01,2.072486e+01,2.070394e+01,2.064118e+01,2.069000e+01,2.070394e+01,2.078757e+01,2.074576e+01,2.074576e+01,2.077363e+01,2.073182e+01,2.073879e+01,2.069697e+01,2.072486e+01,2.081543e+01,2.079453e+01,2.078757e+01,2.082239e+01,2.073879e+01,2.074576e+01,2.077363e+01,2.068303e+01,2.087112e+01,2.095461e+01,2.077363e+01,2.079453e+01,2.078060e+01,2.081543e+01,2.078060e+01,2.064118e+01,2.084328e+01,2.065513e+01,2.074576e+01,2.075273e+01,2.074576e+01,2.078757e+01,2.080150e+01,2.071789e+01,2.081543e+01,2.082935e+01,2.075273e+01,2.080150e+01,2.072486e+01,2.085024e+01,2.085024e+01,2.085024e+01,2.074576e+01,2.074576e+01,2.081543e+01,2.085720e+01,2.078757e+01,2.072486e+01,2.067605e+01,2.068303e+01,2.078757e+01,2.081543e+01,2.076667e+01,2.073182e+01,2.074576e+01,2.076667e+01,2.076667e+01,2.075273e+01,2.076667e+01,2.067605e+01,2.090592e+01,2.078757e+01,2.085024e+01,2.081543e+01,2.079453e+01,2.083632e+01,2.087112e+01,2.074576e+01,2.087112e+01,2.077363e+01,2.070394e+01,2.083632e+01,2.078060e+01,2.071091e+01,2.079453e+01,2.085024e+01,2.073182e+01,2.078060e+01,2.080150e+01,2.067605e+01,2.087808e+01,2.084328e+01,2.078757e+01,2.086416e+01,2.078060e+01,2.078757e+01,2.083632e+01,2.078757e+01,2.071789e+01,2.069000e+01,2.069697e+01,2.071091e+01,2.086416e+01,2.083632e+01,2.079453e+01,2.094070e+01,2.077363e+01,2.082239e+01,2.069697e+01,2.077363e+01,2.073182e+01,2.080846e+01,2.075273e+01,2.081543e+01,2.078757e+01,2.062025e+01,2.045964e+01,2.045964e+01,2.042470e+01,2.027778e+01,2.008857e+01,2.008857e+01,2.007454e+01,1.993414e+01,1.965979e+01,1.973021e+01,1.968796e+01,1.953996e+01,1.964570e+01,1.921501e+01,1.934936e+01,1.927867e+01,1.946235e+01,1.924331e+01,1.941293e+01,1.940587e+01,1.934229e+01,1.962456e+01,1.949764e+01,1.951880e+01,1.950469e+01,1.929281e+01,1.934229e+01,1.934229e+01,1.936349e+01,1.965274e+01,1.951175e+01,1.954701e+01,1.937055e+01,1.954701e+01,1.941293e+01,1.953996e+01,1.951175e+01,1.956112e+01,1.953291e+01,1.965979e+01,1.953291e+01,1.953996e+01,1.961047e+01,1.955407e+01,1.950469e+01,1.959637e+01,1.969500e+01,1.947647e+01,1.954701e+01,1.963161e+01,1.978650e+01,1.975836e+01,1.985683e+01,1.978650e+01,1.992009e+01,1.999033e+01,1.997628e+01,1.995521e+01,2.002542e+01,1.997628e+01,2.005350e+01,1.997628e+01,1.995521e+01,2.001139e+01,2.006051e+01,2.001139e+01,1.999033e+01,2.005350e+01,2.012364e+01,2.013065e+01,2.020774e+01,2.015168e+01,2.017972e+01,2.012364e+01,2.027078e+01,2.025677e+01,2.021475e+01,2.013065e+01,2.024977e+01,2.017271e+01,2.019373e+01,2.011663e+01,2.024977e+01,2.017271e+01,2.014467e+01,2.017271e+01,2.013766e+01,2.013065e+01,2.001841e+01,2.018673e+01,2.041071e+01,2.027778e+01,2.040372e+01,2.049458e+01,2.057838e+01,2.067605e+01,2.063420e+01,2.067605e+01,2.082239e+01,2.077363e+01,2.085720e+01,2.076667e+01,2.080150e+01,2.069000e+01,2.077363e+01,2.082239e+01,2.076667e+01,2.075273e+01,2.074576e+01,2.089896e+01,2.072486e+01,2.067605e+01,2.081543e+01,2.078060e+01,2.069697e+01,2.075970e+01,2.060629e+01,2.071091e+01,2.068303e+01,2.067605e+01,2.059234e+01,2.059234e+01,2.061327e+01,2.059932e+01,2.057140e+01,2.065513e+01,2.041071e+01,2.058536e+01,2.057838e+01,2.051554e+01,2.046663e+01,2.052252e+01,2.050855e+01,2.041770e+01,2.035476e+01,2.051554e+01,2.036176e+01,2.057838e+01,2.052950e+01,2.057140e+01,2.055743e+01,2.066908e+01,2.066211e+01,2.066908e+01,2.065513e+01,2.061327e+01,2.078757e+01,2.075970e+01,2.073182e+01,2.075970e+01,2.080150e+01,2.077363e+01,2.079453e+01,2.080846e+01,2.074576e+01,2.073879e+01,2.072486e+01,2.089200e+01,2.071091e+01,2.078060e+01,2.064816e+01,2.070394e+01,2.066908e+01,2.065513e+01,2.052950e+01,2.059932e+01,2.057838e+01,2.057140e+01,2.061327e+01,2.062723e+01,2.062025e+01,2.064816e+01,2.057838e+01,2.061327e+01,2.061327e+01,2.062025e+01,2.061327e+01,2.052252e+01,2.058536e+01,2.046663e+01,2.045964e+01,2.042470e+01,2.065513e+01,2.062723e+01,2.071091e+01,2.063420e+01,2.066908e+01,2.075273e+01,2.083632e+01,2.085024e+01,2.082239e+01,2.085024e+01,2.086416e+01,2.086416e+01,2.082935e+01,2.074576e+01,2.086416e+01,2.075970e+01,2.084328e+01,2.082239e+01,2.088504e+01,2.075273e+01,2.085720e+01,2.074576e+01,2.071789e+01,2.078757e+01,2.087808e+01,2.080846e+01,2.073879e+01,2.082935e+01,2.084328e+01,2.085720e+01,2.095461e+01,2.087112e+01,2.090592e+01,2.078060e+01,2.086416e+01,2.091983e+01,2.081543e+01,2.082239e+01,2.080150e+01,2.083632e+01,2.085720e+01,2.085024e+01,2.095461e+01,2.078757e+01,2.091983e+01,2.078060e+01,2.080150e+01,2.089200e+01,2.085720e+01,2.075970e+01,2.080846e+01,2.088504e+01,2.089896e+01,2.082239e+01,2.079453e+01,2.080150e+01,2.085024e+01,2.087112e+01,2.080150e+01,2.080150e+01,2.079453e+01,2.082935e+01,2.078757e+01,2.074576e+01,2.089896e+01,2.080150e+01,2.080150e+01,2.084328e+01,2.084328e+01,2.084328e+01,2.082239e+01,2.078060e+01,2.080846e+01,2.084328e+01,2.070394e+01,2.084328e+01,2.084328e+01,2.077363e+01,2.082239e+01,2.080846e+01,2.075273e+01,2.080150e+01,2.074576e+01,2.080846e+01,2.077363e+01,2.080150e+01,2.079453e+01,2.079453e+01,2.086416e+01,2.076667e+01,2.076667e+01,2.086416e+01,2.087112e+01,2.083632e+01,2.078060e+01,2.073879e+01,2.089200e+01,2.089896e+01,2.085720e+01,2.071789e+01,2.084328e+01,2.085024e+01,2.089200e+01,2.069697e+01,2.089200e+01,2.086416e+01,2.101718e+01,2.087808e+01,2.090592e+01,2.083632e+01,2.088504e+01,2.085024e+01,2.084328e+01,2.074576e+01,2.083632e+01,2.087112e+01,2.092679e+01,2.083632e+01,2.087808e+01,2.090592e+01,2.075273e+01,2.073879e+01,2.085720e+01,2.077363e+01,2.081543e+01,2.091287e+01,2.080846e+01,2.089200e+01,2.086416e+01,2.089896e+01,2.087112e+01,2.078060e+01,2.076667e+01,2.076667e+01,2.085024e+01,2.084328e+01,2.082935e+01,2.080846e+01,2.090592e+01,2.092679e+01,2.089200e+01,2.085720e+01,2.082935e+01,2.082239e+01,2.082239e+01,2.078060e+01,2.080846e+01,2.089896e+01,2.090592e+01,2.080846e+01,2.085024e+01,2.085024e+01,2.083632e+01,2.082935e+01,2.087112e+01,2.079453e+01,2.080150e+01,2.087808e+01,2.089896e+01,2.084328e+01,2.078060e+01,2.080846e+01,2.087808e+01,2.087112e+01,2.073182e+01,2.085024e+01,2.087808e+01,2.082239e+01,2.082239e+01,2.086416e+01,2.082239e+01,2.085720e+01,2.082239e+01,2.083632e+01,2.085720e+01,2.088504e+01,2.087808e+01,2.091983e+01,2.094070e+01,2.092679e+01,2.082935e+01,2.080846e+01,2.088504e+01,2.082935e+01,2.089896e+01,2.090592e+01,2.080150e+01,2.088504e+01,2.080846e+01,2.082239e+01,2.076667e+01,2.078757e+01,2.084328e+01,2.090592e+01,2.094070e+01,2.094765e+01,2.078757e+01,2.077363e+01,2.078757e+01,2.076667e+01,2.089896e+01,2.075273e+01,2.091983e+01,2.090592e+01,2.095461e+01,2.092679e+01,2.093374e+01,2.080150e+01,2.091983e+01,2.089896e+01,2.084328e+01,2.082935e+01,2.082935e+01,2.102413e+01,2.090592e+01,2.086416e+01,2.102413e+01,2.091287e+01,2.088504e+01,2.107276e+01,2.102413e+01,2.096156e+01,2.097547e+01,2.087808e+01,2.101023e+01,2.094070e+01,2.104497e+01,2.094765e+01,2.105887e+01,2.104497e+01,2.100327e+01,2.096156e+01,2.088504e+01,2.105887e+01,2.102413e+01,2.105887e+01,2.098937e+01,2.095461e+01,2.098937e+01,2.098242e+01,2.074576e+01,2.098937e+01,2.095461e+01,2.101718e+01,2.086416e+01,2.081543e+01,2.086416e+01,2.079453e+01,2.085024e+01,2.091983e+01,2.088504e+01,2.089200e+01,2.089200e+01,2.082935e+01,2.082239e+01,2.107276e+01,2.088504e+01,2.078757e+01,2.083632e+01,2.096156e+01,2.085024e+01,2.090592e+01,2.089896e+01,2.087112e+01,2.084328e+01,2.078757e+01,2.086416e+01,2.082935e+01,2.084328e+01,2.091287e+01,2.087112e+01,2.085024e+01,2.074576e+01,2.073879e+01,2.082239e+01,2.082239e+01,2.096852e+01,2.088504e+01,2.080150e+01,2.091287e+01,2.088504e+01,2.089896e+01,2.082935e+01,2.071789e+01,2.084328e+01,2.080150e+01,2.084328e+01,2.080150e+01,2.079453e+01,2.082239e+01,2.077363e+01,2.088504e+01,2.091983e+01,2.065513e+01,2.083632e+01,2.071789e+01,2.080150e+01,2.075273e+01,2.069000e+01,2.078757e+01,2.088504e+01,2.088504e+01,2.093374e+01,2.087808e+01,2.085720e+01,2.082239e+01,2.083632e+01,2.088504e+01,2.078060e+01,2.082239e+01,2.071091e+01,2.083632e+01,2.086416e+01,2.082239e+01,2.083632e+01,2.073879e+01,2.056442e+01,2.091287e+01,2.075273e+01,2.071789e+01,2.085024e+01,2.091287e+01,2.073879e+01,2.075970e+01,2.083632e+01,2.075273e+01,2.075273e+01,2.076667e+01,2.083632e+01,2.078757e+01
2.069000e+01,2.079453e+01,2.092679e+01,2.069000e+01,2.069000e+01,2.067605e+01,2.068303e+01,2.066908e+01,2.064816e+01,2.060629e+01,2.061327e+01,2.052252e+01,2.057838e+01,2.042470e+01,2.062025e+01,2.062723e+01,2.043169e+01,2.055743e+01,2.061327e+01,2.073182e+01,2.067605e+01,2.083632e+01,2.084328e+01,2.076667e+01,2.073182e+01,2.079453e+01,2.073879e+01,2.080846e+01,2.073879e+01,2.085024e+01,2.084328e+01,2.081543e+01,2.073182e+01,2.077363e+01,2.078757e+01,2.078757e+01,2.063420e+01,2.073182e+01,2.069697e+01,2.085024e+01,2.078060e+01,2.080846e+01,2.068303e+01,2.071789e+01,2.079453e+01,2.078757e+01,2.073879e+01,2.073182e+01,2.064118e+01,2.085024e+01,2.072486e+01,2.080846e+01,2.092679e+01,2.085024e+01,2.071091e+01,2.080150e+01,2.081543e+01,2.079453e+01,2.068303e+01,2.075273e+01,2.083632e+01,2.078757e+01,2.075273e+01,2.080150e+01,2.069697e+01,2.070394e+01,2.071091e+01,2.080150e+01,2.073182e+01,2.086416e+01,2.088504e+01,2.070394e+01,2.075970e+01,2.072486e+01,2.071091e+01,2.071789e+01,2.075273e+01,2.083632e+01,2.075970e+01,2.080150e+01,2.071789e+01,2.069697e+01,2.077363e+01,2.082935e+01,2.080150e+01,2.073879e+01,2.089896e+01,2.078060e+01,2.086416e+01,2.073182e+01,2.066211e+01,2.085720e+01,2.080150e+01,2.078060e+01,2.080150e+01,2.071789e+01,2.078757e+01,2.077363e+01,2.068303e+01,2.078060e+01,2.084328e+01,2.082239e+01,2.089200e+01,2.080150e+01,2.087112e+01,2.078757e+01,2.081543e+01,2.074576e+01,2.074576e+01,2.089200e+01,2.105192e+01,2.088504e+01,2.074576e+01,2.085024e+01,2.082935e+01,2.078757e+01,2.076667e+01,2.075273e+01,2.073182e+01,2.078060e+01,2.066908e+01,2.076667e+01,2.074576e+01,2.071789e+01,2.070394e+01,2.067605e+01,2.078757e+01,2.054347e+01,2.074576e+01,2.048061e+01,2.048061e+01,2.045964e+01,2.048061e+01,2.034777e+01,2.031278e+01,2.027078e+01,2.006753e+01,1.987792e+01,1.989198e+01,1.980058e+01,1.971613e+01,1.973725e+01,1.970205e+01,1.968796e+01,1.959637e+01,1.956112e+01,1.956817e+01,1.961047e+01,1.963161e+01,1.956112e+01,1.946235e+01,1.953996e+01,1.976540e+01,1.974428e+01,1.961751e+01,1.961047e+01,1.972317e+01,1.983574e+01,1.980058e+01,1.967388e+01,1.984277e+01,1.981464e+01,1.963161e+01,1.955407e+01,1.963865e+01,1.962456e+01,1.954701e+01,1.970205e+01,1.973021e+01,1.975836e+01,1.959637e+01,1.961047e+01,1.963865e+01,1.968796e+01,1.956817e+01,1.953291e+01,1.961751e+01,1.965979e+01,1.964570e+01,1.965274e+01,1.970205e+01,1.969500e+01,1.981464e+01,1.987090e+01,1.989901e+01,1.987090e+01,2.003244e+01,1.997628e+01,2.003946e+01,2.007454e+01,2.013766e+01,2.010260e+01,2.002542e+01,2.008156e+01,2.005350e+01,2.003244e+01,2.009559e+01,2.008857e+01,2.017972e+01,2.016570e+01,2.029878e+01,2.028478e+01,2.024277e+01,2.043868e+01,2.027778e+01,2.024977e+01,2.027778e+01,2.023577e+01,2.031978e+01,2.025677e+01,2.029878e+01,2.052252e+01,2.051554e+01,2.026378e+01,2.050855e+01,2.042470e+01,2.044567e+01,2.054347e+01,2.057140e+01,2.057140e+01,2.059234e+01,2.064816e+01,2.052252e+01,2.079453e+01,2.079453e+01,2.074576e+01,2.084328e+01,2.082935e+01,2.074576e+01,2.085024e+01,2.073879e+01,2.081543e+01,2.078060e+01,2.082935e+01,2.086416e+01,2.093374e+01,2.078060e+01,2.078757e+01,2.076667e+01,2.075970e+01,2.079453e+01,2.078757e+01,2.075970e+01,2.075273e+01,2.073879e+01,2.071789e+01,2.076667e+01,2.065513e+01,2.080150e+01,2.072486e+01,2.060629e+01,2.063420e+01,2.061327e+01,2.064816e+01,2.056442e+01,2.054347e+01,2.048061e+01,2.051554e+01,2.040372e+01,2.041770e+01,2.052252e+01,2.051554e+01,2.052950e+01,2.048759e+01,2.038974e+01,2.049458e+01,2.042470e+01,2.045964e+01,2.057140e+01,2.060629e+01,2.043169e+01,2.064118e+01,2.065513e+01,2.066211e+01,2.070394e+01,2.070394e+01,2.072486e+01,2.075970e+01,2.082239e+01,2.078060e+01,2.075970e+01,2.078757e+01,2.082239e+01,2.080150e+01,2.082935e+01,2.071789e+01,2.070394e+01,2.073879e+01,2.069000e+01,2.068303e+01,2.078757e+01,2.071789e+01,2.058536e+01,2.061327e+01,2.061327e+01,2.063420e+01,2.062723e+01,2.060629e+01,2.064118e+01,2.057140e+01,2.063420e+01,2.064118e+01,2.069000e+01,2.062025e+01,2.058536e+01,2.048759e+01,2.052252e+01,2.057838e+01,2.059234e+01,2.053649e+01,2.062025e+01,2.062723e+01,2.066908e+01,2.076667e+01,2.069697e+01,2.079453e+01,2.077363e+01,2.089200e+01,2.078757e+01,2.082935e+01,2.084328e+01,2.076667e+01,2.085024e+01,2.078757e+01,2.089896e+01,2.081543e+01,2.082935e+01,2.077363e+01,2.101023e+01,2.082935e+01,2.088504e+01,2.098242e+01,2.081543e+01,2.078060e+01,2.075970e+01,2.075273e+01,2.081543e+01,2.076667e+01,2.089896e+01,2.085024e+01,2.087112e+01,2.083632e+01,2.084328e+01,2.084328e+01,2.078757e+01,2.082239e+01,2.082239e+01,2.085024e+01,2.079453e+01,2.082935e+01,2.089200e+01,2.088504e+01,2.087112e+01,2.079453e+01,2.078060e+01,2.079453e+01,2.083632e+01,2.089896e+01,2.082935e+01,2.084328e+01,2.085024e+01,2.085720e+01,2.091287e+01,2.083632e+01,2.080846e+01,2.083632e+01,2.080150e+01,2.079453e+01,2.084328e+01,2.078757e+01,2.078060e+01,2.086416e+01,2.081543e+01,2.080846e+01,2.090592e+01,2.079453e+01,2.080150e+01,2.115608e+01,2.079453e+01,2.080846e+01,2.073879e+01,2.082239e+01,2.078060e+01,2.082239e+01,2.084328e+01,2.082239e+01,2.078757e+01,2.079453e+01,2.079453e+01,2.083632e+01,2.078060e+01,2.077363e+01,2.086416e+01,2.076667e+01,2.077363e+01,2.080846e+01,2.071789e+01,2.076667e+01,2.079453e+01,2.085024e+01,2.084328e+01,2.088504e+01,2.089200e+01,2.089200e+01,2.094070e+01,2.086416e+01,2.087808e+01,2.087112e+01,2.077363e+01,2.080846e+01,2.085024e+01,2.064118e+01,2.084328e+01,2.089896e+01,2.089200e+01,2.076667e+01,2.078757e+01,2.089896e+01,2.090592e+01,2.088504e+01,2.087112e+01,2.088504e+01,2.081543e+01,2.084328e+01,2.078757e+01,2.083632e+01,2.082935e+01,2.081543e+01,2.087112e+01,2.082239e+01,2.082239e+01,2.074576e+01,2.089200e+01,2.082239e+01,2.074576e+01,2.085720e+01,2.083632e+01,2.086416e+01,2.080150e+01,2.077363e+01,2.085720e+01,2.085024e+01,2.078757e+01,2.078060e+01,2.081543e+01,2.084328e+01,2.091983e+01,2.097547e+01,2.091983e+01,2.086416e+01,2.089200e+01,2.087112e+01,2.082239e+01,2.084328e+01,2.080150e+01,2.082239e+01,2.083632e+01,2.075273e+01,2.085720e+01,2.085024e+01,2.086416e+01,2.086416e+01,2.086416e+01,2.101023e+01,2.087808e+01,2.082935e+01,2.088504e+01,2.085024e+01,2.083632e+01,2.086416e+01,2.085024e+01,2.081543e+01,2.075273e+01,2.087112e+01,2.087808e+01,2.092679e+01,2.079453e+01,2.089200e+01,2.082239e+01,2.085024e+01,2.090592e+01,2.089896e+01,2.091983e+01,2.075970e+01,2.073879e+01,2.080150e+01,2.083632e+01,2.091983e+01,2.095461e+01,2.098937e+01,2.083632e+01,2.086416e+01,2.082239e+01,2.082239e+01,2.082935e+01,2.083632e+01,2.084328e+01,2.079453e+01,2.095461e+01,2.082239e+01,2.084328e+01,2.088504e+01,2.085720e+01,2.075970e+01,2.090592e+01,2.085024e+01,2.087808e+01,2.082935e+01,2.089200e+01,2.081543e+01,2.081543e+01,2.078060e+01,2.087112e+01,2.089200e+01,2.080150e+01,2.082239e+01,2.079453e+01,2.084328e+01,2.089896e+01,2.087808e+01,2.088504e+01,2.088504e+01,2.081543e+01,2.085720e+01,2.084328e+01,2.086416e+01,2.089896e+01,2.094765e+01,2.087808e+01,2.090592e+01,2.089200e+01,2.100327e+01,2.096852e+01,2.099632e+01,2.099632e+01,2.106581e+01,2.106581e+01,2.110054e+01,2.099632e+01,2.105192e+01,2.091983e+01,2.095461e+01,2.089200e+01,2.085720e+01,2.105887e+01,2.093374e+01,2.101718e+01,2.097547e+01,2.097547e+01,2.097547e+01,2.088504e+01,2.096852e+01,2.084328e+01,2.092679e+01,2.091287e+01,2.091983e+01,2.097547e+01,2.094070e+01,2.106581e+01,2.105192e+01,2.096852e+01,2.088504e+01,2.091983e+01,2.080846e+01,2.082935e+01,2.083632e+01,2.094765e+01,2.094070e+01,2.094765e+01,2.078757e+01,2.094070e+01,2.085024e+01,2.086416e+01,2.095461e+01,2.085720e+01,2.085720e+01,2.085720e+01,2.091983e+01,2.089896e+01,2.090592e+01,2.075273e+01,2.085720e+01,2.081543e+01,2.084328e+01,2.084328e+01,2.092679e+01,2.077363e+01,2.082239e+01,2.083632e+01,2.080846e+01,2.086416e+01,2.077363e+01,2.061327e+01,2.084328e+01,2.085024e+01,2.083632e+01,2.082935e+01,2.079453e+01,2.080846e+01,2.082239e+01,2.096156e+01,2.074576e+01,2.095461e+01,2.083632e+01,2.078060e+01,2.082239e+01,2.071789e+01,2.083632e+01,2.085720e+01,2.078060e+01,2.086416e+01,2.090592e+01,2.087808e+01,2.090592e+01,2.085024e+01,2.084328e+01,2.080846e+01,2.071091e+01,2.085024e+01,2.078060e+01,2.078060e+01,2.082935e+01,2.077363e+01,2.067605e+01,2.085024e+01,2.085024e+01,2.084328e+01,2.076667e+01,2.075273e+01,2.082935e+01,2.080150e+01,2.081543e+01,2.074576e+01,2.087112e+01,2.077363e+01,2.070394e+01,2.080846e+01,2.086416e+01,2.073879e+01,2.073182e+01
2.064816e+01,2.070394e+01,2.066908e+01,2.076667e+01,2.069697e+01,2.064816e+01,2.063420e+01,2.056442e+01,2.070394e+01,2.061327e+01,2.058536e+01,2.051554e+01,2.055045e+01,2.043868e+01,2.045266e+01,2.064118e+01,2.050855e+01,2.057838e+01,2.057838e+01,2.057838e+01,2.083632e+01,2.068303e+01,2.080846e+01,2.071789e+01,2.075273e+01,2.072486e+01,2.076667e+01,2.076667e+01,2.073182e+01,2.075970e+01,2.069000e+01,2.069000e+01,2.076667e+01,2.074576e+01,2.077363e+01,2.079453e+01,2.066211e+01,2.075273e+01,2.090592e+01,2.081543e+01,2.074576e+01,2.072486e+01,2.078757e+01,2.069000e+01,2.092679e+01,2.078757e+01,2.078060e+01,2.082935e+01,2.072486e+01,2.073879e+01,2.086416e+01,2.071789e+01,2.088504e+01,2.075273e+01,2.078757e+01,2.075273e+01,2.077363e+01,2.075970e+01,2.082935e+01,2.084328e+01,2.082935e+01,2.083632e+01,2.075273e+01,2.088504e+01,2.078060e+01,2.077363e+01,2.082935e+01,2.082239e+01,2.064816e+01,2.085024e+01,2.077363e+01,2.078060e+01,2.075273e+01,2.072486e+01,2.073879e+01,2.079453e+01,2.073182e+01,2.077363e+01,2.075970e+01,2.074576e+01,2.075273e+01,2.075970e+01,2.073879e+01,2.082935e+01,2.066908e+01,2.080846e+01,2.073879e+01,2.087112e+01,2.087112e+01,2.073879e+01,2.083632e+01,2.087112e+01,2.089200e+01,2.083632e+01,2.076667e+01,2.066908e+01,2.072486e+01,2.080150e+01,2.073879e+01,2.088504e+01,2.075970e+01,2.080846e+01,2.085024e+01,2.076667e+01,2.077363e+01,2.094070e+01,2.077363e+01,2.078060e+01,2.077363e+01,2.072486e+01,2.069000e+01,2.072486e+01,2.086416e+01,2.080150e+01,2.078060e+01,2.075970e+01,2.085024e+01,2.084328e+01,2.073879e+01,2.071091e+01,2.075970e+01,2.077363e+01,2.076667e+01,2.088504e+01,2.085024e+01,2.078060e+01,2.082239e+01,2.080150e+01,2.066908e+01,2.074576e+01,2.070394e+01,2.069000e+01,2.066908e+01,2.058536e+01,2.043868e+01,2.034777e+01,2.035476e+01,2.024277e+01,2.024977e+01,2.006051e+01,1.998330e+01,1.996926e+01,1.994117e+01,1.992009e+01,1.980761e+01,1.985683e+01,2.003244e+01,1.992711e+01,1.986386e+01,2.005350e+01,2.005350e+01,2.006753e+01,1.997628e+01,1.998330e+01,2.013766e+01,1.992711e+01,1.986386e+01,1.986386e+01,1.999033e+01,1.987792e+01,1.985683e+01,1.954701e+01,1.996224e+01,1.957522e+01,1.976540e+01,1.970909e+01,1.973021e+01,1.975132e+01,1.973021e+01,1.971613e+01,1.970205e+01,1.970909e+01,1.977243e+01,1.968092e+01,1.963161e+01,1.970909e+01,1.960342e+01,1.962456e+01,1.971613e+01,1.968092e+01,1.971613e+01,1.976540e+01,1.986386e+01,1.992009e+01,1.995521e+01,1.999033e+01,1.999033e+01,1.994117e+01,1.996926e+01,1.999033e+01,2.013766e+01,2.006753e+01,2.008857e+01,2.003244e+01,2.014467e+01,2.005350e+01,2.012364e+01,2.015168e+01,2.013065e+01,2.028478e+01,2.029878e+01,2.031278e+01,2.031978e+01,2.025677e+01,2.038274e+01,2.045964e+01,2.041770e+01,2.038974e+01,2.043868e+01,2.055743e+01,2.047362e+01,2.049458e+01,2.057838e+01,2.052950e+01,2.060629e+01,2.062025e+01,2.064816e+01,2.076667e+01,2.072486e+01,2.075273e+01,2.073879e+01,2.074576e+01,2.080846e+01,2.084328e+01,2.079453e+01,2.081543e+01,2.084328e+01,2.082935e+01,2.086416e+01,2.083632e+01,2.082935e+01,2.082935e+01,2.086416e+01,2.082239e+01,2.075970e+01,2.074576e+01,2.072486e+01,2.082239e+01,2.075273e+01,2.085024e+01,2.069697e+01,2.071789e+01,2.078757e+01,2.073182e+01,2.077363e+01,2.069697e+01,2.062025e+01,2.059932e+01,2.069000e+01,2.066211e+01,2.069000e+01,2.064118e+01,2.062723e+01,2.065513e+01,2.059932e+01,2.062723e+01,2.057140e+01,2.045964e+01,2.050855e+01,2.050157e+01,2.045266e+01,2.049458e+01,2.041071e+01,2.050157e+01,2.045266e+01,2.042470e+01,2.029178e+01,2.038274e+01,2.048759e+01,2.061327e+01,2.056442e+01,2.058536e+01,2.062723e+01,2.067605e+01,2.067605e+01,2.069697e+01,2.071789e+01,2.075970e+01,2.079453e+01,2.078060e+01,2.080846e+01,2.085720e+01,2.088504e+01,2.091983e+01,2.077363e+01,2.076667e+01,2.079453e+01,2.081543e+01,2.082239e+01,2.067605e+01,2.070394e+01,2.064118e+01,2.067605e+01,2.065513e+01,2.066211e+01,2.063420e+01,2.062025e+01,2.061327e+01,2.065513e+01,2.062025e+01,2.052252e+01,2.064118e+01,2.059932e+01,2.057838e+01,2.050855e+01,2.050855e+01,2.060629e+01,2.057838e+01,2.050855e+01,2.060629e+01,2.063420e+01,2.064118e+01,2.065513e+01,2.068303e+01,2.066908e+01,2.080150e+01,2.081543e+01,2.082239e+01,2.079453e+01,2.084328e+01,2.082239e+01,2.087112e+01,2.082239e+01,2.080846e+01,2.082239e+01,2.086416e+01,2.082239e+01,2.076667e+01,2.086416e+01,2.082239e+01,2.085024e+01,2.080846e+01,2.078757e+01,2.075273e+01,2.074576e+01,2.087808e+01,2.073182e+01,2.083632e+01,2.080846e+01,2.084328e+01,2.085720e+01,2.085024e+01,2.085024e+01,2.088504e+01,2.086416e+01,2.081543e+01,2.094070e+01,2.087112e+01,2.084328e+01,2.103802e+01,2.082239e+01,2.085720e+01,2.081543e+01,2.082239e+01,2.080846e+01,2.082239e+01,2.080150e+01,2.080150e+01,2.079453e+01,2.087112e+01,2.087808e+01,2.090592e+01,2.080846e+01,2.083632e+01,2.085024e+01,2.087112e+01,2.085720e+01,2.082935e+01,2.076667e+01,2.084328e+01,2.083632e+01,2.082935e+01,2.092679e+01,2.082935e+01,2.075970e+01,2.081543e+01,2.076667e+01,2.082935e+01,2.085720e+01,2.076667e+01,2.082239e+01,2.080150e+01,2.082239e+01,2.076667e+01,2.085720e+01,2.079453e+01,2.081543e+01,2.079453e+01,2.079453e+01,2.081543e+01,2.080150e+01,2.078757e+01,2.073182e+01,2.076667e+01,2.080150e+01,2.083632e+01,2.080846e+01,2.074576e+01,2.086416e+01,2.082239e+01,2.081543e+01,2.082239e+01,2.083632e+01,2.085024e+01,2.085024e+01,2.086416e+01,2.082935e+01,2.082935e+01,2.089200e+01,2.080150e+01,2.082239e+01,2.066211e+01,2.089896e+01,2.086416e+01,2.088504e+01,2.090592e+01,2.087112e+01,2.089200e+01,2.078060e+01,2.080150e+01,2.084328e+01,2.079453e+01,2.087112e+01,2.081543e+01,2.097547e+01,2.081543e+01,2.087112e+01,2.079453e+01,2.082239e+01,2.078757e+01,2.079453e+01,2.075273e+01,2.079453e+01,2.080846e+01,2.081543e+01,2.087808e+01,2.082935e+01,2.086416e+01,2.076667e+01,2.089896e+01,2.078757e+01,2.085720e+01,2.085024e+01,2.078060e+01,2.082239e+01,2.083632e+01,2.078757e+01,2.086416e+01,2.094765e+01,2.087808e+01,2.094070e+01,2.085720e+01,2.079453e+01,2.087112e+01,2.081543e+01,2.086416e+01,2.087112e+01,2.084328e+01,2.089200e+01,2.090592e+01,2.091287e+01,2.085024e+01,2.086416e+01,2.087112e+01,2.089200e+01,2.082935e+01,2.078757e+01,2.094765e+01,2.089896e+01,2.090592e+01,2.091983e+01,2.084328e+01,2.087808e+01,2.085720e+01,2.087808e+01,2.078060e+01,2.085720e+01,2.089200e+01,2.085024e+01,2.082935e+01,2.091287e+01,2.084328e+01,2.080150e+01,2.066908e+01,2.090592e+01,2.083632e+01,2.085720e+01,2.083632e+01,2.083632e+01,2.086416e+01,2.082239e+01,2.084328e+01,2.089200e+01,2.084328e+01,2.078060e+01,2.080150e+01,2.089896e+01,2.081543e+01,2.076667e+01,2.077363e+01,2.090592e+01,2.078060e+01,2.082935e+01,2.085720e+01,2.087112e+01,2.085720e+01,2.078060e+01,2.081543e+01,2.080150e+01,2.085720e+01,2.090592e+01,2.071091e+01,2.078757e+01,2.076667e+01,2.096156e+01,2.083632e+01,2.084328e+01,2.090592e+01,2.080846e+01,2.095461e+01,2.086416e+01,2.087112e+01,2.082935e+01,2.085720e+01,2.087808e+01,2.091287e+01,2.091983e+01,2.102413e+01,2.101718e+01,2.098937e+01,2.094765e+01,2.099632e+01,2.091983e+01,2.102413e+01,2.105192e+01,2.107971e+01,2.110054e+01,2.093374e+01,2.110748e+01,2.101718e+01,2.096156e+01,2.104497e+01,2.104497e+01,2.094765e+01,2.091287e+01,2.097547e+01,2.096156e+01,2.105192e+01,2.102413e+01,2.096156e+01,2.095461e+01,2.097547e+01,2.075273e+01,2.085024e+01,2.097547e+01,2.094070e+01,2.080846e+01,2.089200e+01,2.089896e+01,2.088504e+01,2.087808e+01,2.091287e+01,2.097547e+01,2.084328e+01,2.082935e+01,2.089896e+01,2.084328e+01,2.085720e+01,2.080846e+01,2.085720e+01,2.087808e+01,2.089200e+01,2.085024e+01,2.073879e+01,2.089200e+01,2.085024e+01,2.093374e+01,2.087112e+01,2.088504e+01,2.089200e+01,2.083632e+01,2.085720e+01,2.087112e+01,2.085024e+01,2.079453e+01,2.081543e+01,2.082935e+01,2.087112e+01,2.080150e+01,2.078060e+01,2.087808e+01,2.075273e+01,2.080846e+01,2.080846e+01,2.080846e+01,2.082239e+01,2.079453e+01,2.097547e+01,2.079453e+01,2.072486e+01,2.094070e+01,2.083632e+01,2.065513e+01,2.075273e+01,2.087808e+01,2.062723e+01,2.078060e+01,2.084328e+01,2.082935e+01,2.072486e+01,2.073879e+01,2.076667e+01,2.087808e+01,2.081543e+01,2.080846e+01,2.086416e+01,2.082239e+01,2.078757e+01,2.075273e+01,2.084328e+01,2.082239e+01,2.066908e+01,2.078060e+01,2.081543e+01,2.073879e+01,2.076667e+01,2.075273e+01,2.075970e+01,2.082935e+01,2.086416e+01,2.088504e+01,2.084328e+01,2.074576e+01,2.084328e+01,2.082239e+01,2.078757e+01,2.079453e+01,2.075273e+01,2.077363e+01,2.084328e+01
2.030578e+01,2.063420e+01,2.050157e+01,2.078757e+01,2.068303e+01,2.064118e+01,2.063420e+01,2.060629e+01,2.062723e+01,2.054347e+01,2.060629e+01,2.045964e+01,2.042470e+01,2.063420e+01,2.048061e+01,2.051554e+01,2.050157e+01,2.052252e+01,2.075273e+01,2.057838e+01,2.055045e+01,2.081543e+01,2.082935e+01,2.078060e+01,2.075273e+01,2.075970e+01,2.085720e+01,2.075970e+01,2.082239e+01,2.080150e+01,2.073879e+01,2.080846e+01,2.078060e+01,2.076667e+01,2.066211e+01,2.069000e+01,2.062025e+01,2.075970e+01,2.090592e+01,2.078757e+01,2.089896e+01,2.083632e+01,2.082239e+01,2.062723e+01,2.080846e+01,2.081543e+01,2.073182e+01,2.081543e+01,2.073879e+01,2.072486e+01,2.089200e+01,2.086416e+01,2.080846e+01,2.077363e+01,2.075970e+01,2.082239e+01,2.080150e+01,2.086416e+01,2.078060e+01,2.084328e+01,2.072486e+01,2.082239e+01,2.080150e+01,2.075970e+01,2.080150e+01,2.074576e+01,2.077363e+01,2.078757e+01,2.078757e+01,2.073182e+01,2.083632e+01,2.069000e+01,2.072486e+01,2.074576e+01,2.071789e+01,2.078060e+01,2.078060e+01,2.083632e+01,2.082239e+01,2.080150e+01,2.075970e+01,2.075970e+01,2.080846e+01,2.077363e+01,2.084328e+01,2.081543e+01,2.086416e+01,2.085720e+01,2.082935e+01,2.073879e+01,2.080150e+01,2.084328e+01,2.084328e+01,2.072486e+01,2.081543e+01,2.078060e+01,2.073182e+01,2.071789e+01,2.071091e+01,2.078060e+01,2.074576e+01,2.078060e+01,2.082935e+01,2.079453e+01,2.085024e+01,2.075970e+01,2.090592e+01,2.079453e+01,2.080150e+01,2.072486e+01,2.080150e+01,2.086416e+01,2.073879e+01,2.083632e+01,2.085720e+01,2.078757e+01,2.081543e+01,2.075970e+01,2.075273e+01,2.079453e+01,2.078060e+01,2.080150e+01,2.075970e+01,2.079453e+01,2.075970e+01,2.071091e+01,2.076667e+01,2.077363e+01,2.074576e+01,2.078757e+01,2.061327e+01,2.083632e+01,2.074576e+01,2.055045e+01,2.046663e+01,2.059932e+01,2.049458e+01,2.044567e+01,2.041770e+01,2.044567e+01,2.041071e+01,2.010961e+01,2.027078e+01,2.011663e+01,2.022876e+01,2.015869e+01,2.020774e+01,2.019373e+01,2.020774e+01,2.021475e+01,2.041071e+01,2.038274e+01,2.022876e+01,2.021475e+01,2.038974e+01,2.019373e+01,2.035476e+01,2.028478e+01,2.010260e+01,1.998330e+01,1.999033e+01,1.989198e+01,1.990604e+01,1.987792e+01,1.992009e+01,1.989901e+01,1.984980e+01,1.978650e+01,1.993414e+01,1.977243e+01,1.976540e+01,1.967388e+01,1.963161e+01,1.963865e+01,1.957522e+01,1.956817e+01,1.960342e+01,1.963865e+01,1.976540e+01,1.965274e+01,1.972317e+01,1.967388e+01,1.987792e+01,1.993414e+01,1.990604e+01,1.995521e+01,2.001841e+01,2.003244e+01,2.013065e+01,2.015168e+01,2.011663e+01,2.002542e+01,2.003946e+01,2.003244e+01,2.003946e+01,2.019373e+01,2.022176e+01,2.029178e+01,2.027778e+01,2.029178e+01,2.029178e+01,2.034777e+01,2.033377e+01,2.032678e+01,2.043868e+01,2.043868e+01,2.063420e+01,2.041071e+01,2.044567e+01,2.046663e+01,2.053649e+01,2.055045e+01,2.072486e+01,2.054347e+01,2.062025e+01,2.074576e+01,2.072486e+01,2.082935e+01,2.081543e+01,2.075273e+01,2.070394e+01,2.075970e+01,2.073879e+01,2.082935e+01,2.082935e+01,2.081543e+01,2.087112e+01,2.085024e+01,2.071789e+01,2.083632e+01,2.079453e+01,2.078757e+01,2.080846e+01,2.075273e+01,2.075970e+01,2.080150e+01,2.078060e+01,2.084328e+01,2.067605e+01,2.075970e+01,2.075970e+01,2.078757e+01,2.080150e+01,2.074576e+01,2.070394e+01,2.075273e+01,2.075273e+01,2.068303e+01,2.068303e+01,2.063420e+01,2.056442e+01,2.069697e+01,2.062723e+01,2.062025e+01,2.064118e+01,2.064816e+01,2.054347e+01,2.043868e+01,2.052950e+01,2.045964e+01,2.046663e+01,2.047362e+01,2.045266e+01,2.037575e+01,2.045266e+01,2.036176e+01,2.045964e+01,2.051554e+01,2.046663e+01,2.036875e+01,2.057140e+01,2.039673e+01,2.066211e+01,2.061327e+01,2.039673e+01,2.034077e+01,2.078060e+01,2.068303e+01,2.071789e+01,2.081543e+01,2.083632e+01,2.087808e+01,2.093374e+01,2.084328e+01,2.082239e+01,2.079453e+01,2.083632e+01,2.081543e+01,2.080150e+01,2.081543e+01,2.080846e+01,2.073879e+01,2.080150e+01,2.079453e+01,2.064118e+01,2.064118e+01,2.061327e+01,2.062723e+01,2.075970e+01,2.068303e+01,2.062723e+01,2.059932e+01,2.070394e+01,2.062025e+01,2.050855e+01,2.061327e+01,2.055743e+01,2.057140e+01,2.055045e+01,2.059234e+01,2.045964e+01,2.060629e+01,2.055743e+01,2.078757e+01,2.083632e+01,2.063420e+01,2.085024e+01,2.080150e+01,2.079453e+01,2.078757e+01,2.078060e+01,2.089200e+01,2.085720e+01,2.096852e+01,2.099632e+01,2.094070e+01,2.080150e+01,2.080846e+01,2.089896e+01,2.087112e+01,2.084328e+01,2.085024e+01,2.085720e+01,2.081543e+01,2.090592e+01,2.076667e+01,2.075970e+01,2.087112e+01,2.078757e+01,2.084328e+01,2.092679e+01,2.091287e+01,2.088504e+01,2.087112e+01,2.087808e+01,2.093374e+01,2.087112e+01,2.085024e+01,2.086416e+01,2.085720e+01,2.089200e+01,2.087808e+01,2.092679e+01,2.082239e+01,2.081543e+01,2.089200e+01,2.081543e+01,2.084328e+01,2.087112e+01,2.083632e+01,2.080846e+01,2.085024e+01,2.080846e+01,2.089200e+01,2.085024e+01,2.085024e+01,2.090592e+01,2.081543e+01,2.078757e+01,2.075970e+01,2.076667e+01,2.078060e+01,2.090592e+01,2.081543e+01,2.080846e+01,2.079453e+01,2.080150e+01,2.082239e+01,2.086416e+01,2.083632e+01,2.090592e+01,2.079453e+01,2.080846e+01,2.076667e+01,2.087808e+01,2.079453e+01,2.076667e+01,2.085024e+01,2.084328e+01,2.079453e+01,2.091287e+01,2.075970e+01,2.086416e+01,2.101023e+01,2.078757e+01,2.079453e+01,2.078757e+01,2.076667e+01,2.086416e+01,2.083632e+01,2.084328e+01,2.081543e+01,2.085720e+01,2.087808e+01,2.087112e+01,2.082935e+01,2.089896e+01,2.089200e+01,2.085024e+01,2.089896e+01,2.077363e+01,2.086416e+01,2.089896e+01,2.078060e+01,2.089896e+01,2.080150e+01,2.092679e+01,2.103802e+01,2.096156e+01,2.079453e+01,2.088504e+01,2.087808e+01,2.077363e+01,2.082935e+01,2.085024e+01,2.088504e+01,2.082935e+01,2.099632e+01,2.083632e+01,2.080846e+01,2.090592e+01,2.078060e+01,2.075273e+01,2.085024e+01,2.077363e+01,2.083632e+01,2.082935e+01,2.088504e+01,2.082239e+01,2.087808e+01,2.091983e+01,2.080150e+01,2.080150e+01,2.082239e+01,2.082239e+01,2.085720e+01,2.093374e+01,2.087112e+01,2.078757e+01,2.084328e+01,2.085720e+01,2.083632e+01,2.081543e+01,2.080846e+01,2.081543e+01,2.060629e+01,2.090592e+01,2.079453e+01,2.064118e+01,2.079453e+01,2.088504e+01,2.082239e+01,2.089896e+01,2.085024e+01,2.089200e+01,2.087112e+01,2.085024e+01,2.091983e+01,2.086416e+01,2.082239e+01,2.089896e+01,2.093374e+01,2.089200e+01,2.087808e+01,2.088504e+01,2.087112e+01,2.092679e+01,2.087112e+01,2.074576e+01,2.082935e+01,2.087112e+01,2.087808e+01,2.087808e+01,2.082935e+01,2.084328e+01,2.087808e+01,2.089200e+01,2.093374e+01,2.084328e+01,2.077363e+01,2.085024e+01,2.085024e+01,2.078757e+01,2.087112e+01,2.084328e+01,2.086416e+01,2.085024e+01,2.091287e+01,2.080150e+01,2.084328e+01,2.091287e+01,2.081543e+01,2.087112e+01,2.095461e+01,2.078060e+01,2.072486e+01,2.089200e+01,2.089200e+01,2.082935e+01,2.080150e+01,2.085024e+01,2.088504e+01,2.085024e+01,2.080846e+01,2.084328e+01,2.066908e+01,2.089896e+01,2.092679e+01,2.080150e+01,2.099632e+01,2.087112e+01,2.085720e+01,2.082935e+01,2.089200e+01,2.089200e+01,2.094070e+01,2.085024e+01,2.082239e+01,2.089896e+01,2.094765e+01,2.098937e+01,2.101023e+01,2.100327e+01,2.103802e+01,2.100327e+01,2.103802e+01,2.089200e+01,2.094070e+01,2.101023e+01,2.105192e+01,2.100327e+01,2.105887e+01,2.101718e+01,2.107971e+01,2.091983e+01,2.101023e+01,2.092679e+01,2.095461e+01,2.095461e+01,2.107971e+01,2.126707e+01,2.089200e+01,2.101023e+01,2.098937e+01,2.084328e+01,2.093374e+01,2.103802e+01,2.089896e+01,2.090592e+01,2.088504e+01,2.089200e+01,2.089200e+01,2.093374e+01,2.084328e+01,2.082239e+01,2.085024e+01,2.078757e+01,2.081543e+01,2.082239e+01,2.087808e+01,2.074576e+01,2.089200e+01,2.085024e+01,2.071789e+01,2.084328e+01,2.089200e+01,2.086416e+01,2.086416e+01,2.084328e+01,2.082239e+01,2.078060e+01,2.078757e+01,2.091287e+01,2.087808e+01,2.085024e+01,2.086416e+01,2.082239e+01,2.097547e+01,2.077363e+01,2.088504e+01,2.087112e+01,2.083632e+01,2.080150e+01,2.082239e+01,2.081543e+01,2.080150e+01,2.073879e+01,2.092679e+01,2.076667e+01,2.087808e+01,2.089200e+01,2.083632e+01,2.074576e+01,2.080846e+01,2.076667e+01,2.076667e+01,2.081543e+01,2.085024e+01,2.079453e+01,2.084328e+01,2.086416e+01,2.084328e+01,2.091287e+01,2.084328e+01,2.089896e+01,2.086416e+01,2.089896e+01,2.087112e+01,2.085720e+01,2.092679e+01,2.091287e+01,2.084328e+01,2.083632e+01,2.077363e+01,2.073182e+01,2.060629e+01,2.084328e+01,2.053649e+01,2.081543e+01,2.076667e+01,2.076667e+01,2.077363e+01,2.088504e+01,2.082239e+01,2.078060e+01,2.082239e+01,2.076667e+01,2.082239e+01,2.085720e+01,2.080150e+01
2.013065e+01,2.041770e+01,2.029178e+01,2.038274e+01,2.035476e+01,2.039673e+01,2.034077e+01,2.056442e+01,2.061327e+01,2.048759e+01,2.043868e+01,2.046663e+01,2.054347e+01,2.048759e+01,2.050157e+01,2.066908e+01,2.052950e+01,2.049458e+01,2.054347e+01,2.052252e+01,2.083632e+01,2.073182e+01,2.077363e+01,2.066908e+01,2.087112e+01,2.091287e+01,2.086416e+01,2.083632e+01,2.069000e+01,2.083632e+01,2.078757e+01,2.081543e+01,2.073879e+01,2.072486e+01,2.068303e+01,2.067605e+01,2.080846e+01,2.074576e+01,2.088504e+01,2.088504e+01,2.083632e+01,2.069000e+01,2.071789e+01,2.083632e+01,2.082239e+01,2.076667e+01,2.081543e+01,2.073879e+01,2.086416e+01,2.081543e+01,2.082239e+01,2.072486e+01,2.073879e+01,2.078060e+01,2.072486e+01,2.075273e+01,2.085720e+01,2.071091e+01,2.071091e+01,2.077363e+01,2.080150e+01,2.068303e+01,2.069000e+01,2.083632e+01,2.080846e+01,2.080846e+01,2.075273e+01,2.078757e+01,2.086416e+01,2.068303e+01,2.078060e+01,2.062723e+01,2.070394e+01,2.069000e+01,2.078757e+01,2.073879e+01,2.077363e+01,2.081543e+01,2.077363e+01,2.074576e+01,2.076667e+01,2.076667e+01,2.075273e+01,2.075970e+01,2.085720e+01,2.084328e+01,2.076667e+01,2.082239e+01,2.080846e+01,2.084328e+01,2.081543e+01,2.082935e+01,2.087808e+01,2.083632e+01,2.081543e+01,2.080150e+01,2.078757e+01,2.078757e+01,2.080150e+01,2.076667e+01,2.075970e+01,2.074576e+01,2.075273e+01,2.082935e+01,2.074576e+01,2.082935e+01,2.077363e+01,2.080150e+01,2.084328e+01,2.091287e+01,2.079453e+01,2.078757e+01,2.081543e+01,2.078060e+01,2.073879e+01,2.089200e+01,2.074576e+01,2.085720e+01,2.090592e+01,2.076667e+01,2.079453e+01,2.076667e+01,2.080150e+01,2.075273e+01,2.075970e+01,2.071789e+01,2.081543e+01,2.077363e+01,2.078757e+01,2.072486e+01,2.075273e+01,2.085024e+01,2.076667e+01,2.058536e+01,2.080846e+01,2.076667e+01,2.061327e+01,2.049458e+01,2.043169e+01,2.050157e+01,2.041071e+01,2.037575e+01,2.055743e+01,2.032678e+01,2.043169e+01,2.044567e+01,2.051554e+01,2.051554e+01,2.055045e+01,2.057140e+01,2.049458e+01,2.054347e+01,2.036875e+01,2.046663e+01,2.059932e+01,2.045964e+01,2.038974e+01,2.022876e+01,1.996926e+01,2.002542e+01,1.994819e+01,2.001139e+01,1.991306e+01,1.976540e+01,1.998330e+01,1.996926e+01,1.998330e+01,1.973021e+01,1.988495e+01,1.987090e+01,1.962456e+01,1.961047e+01,1.965274e+01,1.958227e+01,1.963161e+01,1.957522e+01,1.967388e+01,1.972317e+01,1.970909e+01,1.980761e+01,1.966683e+01,1.985683e+01,1.982168e+01,1.993414e+01,1.998330e+01,1.990604e+01,2.010961e+01,2.012364e+01,2.002542e+01,2.014467e+01,2.003946e+01,2.015168e+01,2.007454e+01,2.017972e+01,2.022876e+01,2.024977e+01,2.030578e+01,2.029878e+01,2.028478e+01,2.029178e+01,2.025677e+01,2.034777e+01,2.045266e+01,2.041071e+01,2.045964e+01,2.043169e+01,2.045266e+01,2.045266e+01,2.045266e+01,2.046663e+01,2.046663e+01,2.051554e+01,2.058536e+01,2.064816e+01,2.056442e+01,2.064118e+01,2.072486e+01,2.073182e+01,2.082935e+01,2.080150e+01,2.067605e+01,2.085024e+01,2.075273e+01,2.084328e+01,2.069000e+01,2.081543e+01,2.084328e+01,2.081543e+01,2.076667e+01,2.079453e+01,2.079453e+01,2.078060e+01,2.082935e+01,2.078060e+01,2.082935e+01,2.101023e+01,2.079453e+01,2.080846e+01,2.071789e+01,2.070394e+01,2.080846e+01,2.075273e+01,2.069000e+01,2.076667e+01,2.078757e+01,2.067605e+01,2.064816e+01,2.066211e+01,2.070394e+01,2.068303e+01,2.041071e+01,2.060629e+01,2.062723e+01,2.063420e+01,2.064816e+01,2.059932e+01,2.059932e+01,2.062025e+01,2.049458e+01,2.038274e+01,2.033377e+01,2.043868e+01,2.038974e+01,2.045266e+01,2.045964e+01,2.041071e+01,2.035476e+01,2.020074e+01,2.031278e+01,2.047362e+01,2.033377e+01,2.048061e+01,2.036176e+01,2.060629e+01,2.030578e+01,2.040372e+01,2.052950e+01,2.068303e+01,2.064816e+01,2.070394e+01,2.078757e+01,2.087112e+01,2.084328e+01,2.080150e+01,2.079453e+01,2.076667e+01,2.089896e+01,2.080846e+01,2.084328e+01,2.069697e+01,2.068303e+01,2.077363e+01,2.067605e+01,2.066908e+01,2.053649e+01,2.065513e+01,2.062723e+01,2.065513e+01,2.062723e+01,2.073879e+01,2.059234e+01,2.064118e+01,2.059234e+01,2.057838e+01,2.069000e+01,2.052950e+01,2.057838e+01,2.063420e+01,2.057838e+01,2.059932e+01,2.059234e+01,2.060629e+01,2.078060e+01,2.078757e+01,2.081543e+01,2.081543e+01,2.080150e+01,2.082935e+01,2.089896e+01,2.077363e+01,2.084328e+01,2.082935e+01,2.077363e+01,2.085720e+01,2.092679e+01,2.091983e+01,2.078060e+01,2.076667e+01,2.092679e+01,2.101718e+01,2.085720e+01,2.075970e+01,2.080846e+01,2.078757e+01,2.090592e+01,2.078060e+01,2.085720e+01,2.084328e+01,2.080150e+01,2.085024e+01,2.092679e+01,2.085024e+01,2.082239e+01,2.085024e+01,2.090592e+01,2.087808e+01,2.087112e+01,2.085720e+01,2.090592e+01,2.088504e+01,2.087808e+01,2.092679e+01,2.091983e+01,2.091983e+01,2.086416e+01,2.078060e+01,2.088504e+01,2.082239e+01,2.080846e+01,2.084328e+01,2.082239e+01,2.082239e+01,2.085720e+01,2.083632e+01,2.080150e+01,2.084328e+01,2.082239e+01,2.081543e+01,2.078757e+01,2.090592e+01,2.075273e+01,2.077363e+01,2.077363e+01,2.091983e+01,2.079453e+01,2.082935e+01,2.085024e+01,2.078060e+01,2.085720e+01,2.083632e+01,2.074576e+01,2.079453e+01,2.080846e+01,2.082935e+01,2.078757e+01,2.083632e+01,2.080846e+01,2.079453e+01,2.088504e+01,2.080150e+01,2.082239e+01,2.093374e+01,2.073182e+01,2.073879e+01,2.085024e+01,2.078060e+01,2.071789e+01,2.081543e+01,2.081543e+01,2.078060e+01,2.081543e+01,2.085720e+01,2.078060e+01,2.080846e+01,2.091983e+01,2.082239e+01,2.087112e+01,2.087808e+01,2.080846e+01,2.087808e+01,2.085720e+01,2.098937e+01,2.076667e+01,2.103107e+01,2.094765e+01,2.087112e+01,2.082935e+01,2.094765e+01,2.080150e+01,2.090592e+01,2.087112e+01,2.078757e+01,2.086416e+01,2.082239e+01,2.081543e+01,2.098242e+01,2.092679e+01,2.083632e+01,2.082239e+01,2.076667e+01,2.075273e+01,2.078757e+01,2.089200e+01,2.080150e+01,2.080150e+01,2.084328e+01,2.075273e+01,2.087808e+01,2.077363e+01,2.094765e+01,2.087808e+01,2.097547e+01,2.076667e+01,2.076667e+01,2.085024e+01,2.091983e+01,2.079453e+01,2.088504e+01,2.082935e+01,2.082935e+01,2.092679e+01,2.081543e+01,2.087808e+01,2.082239e+01,2.081543e+01,2.082935e+01,2.082239e+01,2.085024e+01,2.084328e+01,2.082239e+01,2.094070e+01,2.081543e+01,2.085024e+01,2.093374e+01,2.082935e+01,2.091983e+01,2.081543e+01,2.089200e+01,2.082239e+01,2.091983e+01,2.089896e+01,2.096852e+01,2.086416e+01,2.086416e+01,2.075273e+01,2.082935e+01,2.088504e+01,2.084328e+01,2.099632e+01,2.085024e+01,2.082935e+01,2.093374e+01,2.085720e+01,2.089896e+01,2.086416e+01,2.080846e+01,2.065513e+01,2.085024e+01,2.082239e+01,2.083632e+01,2.083632e+01,2.090592e+01,2.082935e+01,2.086416e+01,2.083632e+01,2.084328e+01,2.085720e+01,2.096156e+01,2.085720e+01,2.083632e+01,2.097547e+01,2.076667e+01,2.088504e+01,2.074576e+01,2.083632e+01,2.088504e+01,2.085024e+01,2.088504e+01,2.087808e+01,2.085720e+01,2.084328e+01,2.092679e+01,2.081543e+01,2.085024e+01,2.081543e+01,2.082935e+01,2.078757e+01,2.094070e+01,2.087112e+01,2.078757e+01,2.087112e+01,2.080150e+01,2.085720e+01,2.087808e+01,2.078757e+01,2.075970e+01,2.077363e+01,2.091287e+01,2.089200e+01,2.089896e+01,2.093374e+01,2.096852e+01,2.095461e+01,2.096852e+01,2.104497e+01,2.091983e+01,2.099632e+01,2.105192e+01,2.108665e+01,2.104497e+01,2.098937e+01,2.102413e+01,2.098242e+01,2.094070e+01,2.085720e+01,2.097547e+01,2.101023e+01,2.090592e+01,2.096852e+01,2.091983e+01,2.093374e+01,2.096156e+01,2.107971e+01,2.096852e+01,2.085024e+01,2.094765e+01,2.094765e+01,2.089200e+01,2.091287e+01,2.089896e+01,2.085720e+01,2.085720e+01,2.087808e+01,2.092679e+01,2.087112e+01,2.084328e+01,2.090592e+01,2.082935e+01,2.082239e+01,2.084328e+01,2.090592e+01,2.086416e+01,2.087112e+01,2.090592e+01,2.083632e+01,2.088504e+01,2.087112e+01,2.084328e+01,2.078757e+01,2.096156e+01,2.079453e+01,2.088504e+01,2.082239e+01,2.091287e+01,2.094070e+01,2.080150e+01,2.086416e+01,2.082239e+01,2.082239e+01,2.080846e+01,2.078060e+01,2.078757e+01,2.087808e+01,2.080846e+01,2.080846e+01,2.069697e+01,2.082239e+01,2.072486e+01,2.075970e+01,2.071091e+01,2.073879e+01,2.071789e+01,2.080150e+01,2.096852e+01,2.078060e+01,2.077363e+01,2.085024e+01,2.085720e+01,2.076667e+01,2.078060e+01,2.076667e+01,2.086416e+01,2.091983e+01,2.073182e+01,2.078757e+01,2.064816e+01,2.075970e+01,2.096852e+01,2.085024e+01,2.081543e+01,2.081543e+01,2.083632e+01,2.087808e+01,2.081543e+01,2.076667e+01,2.074576e+01,2.073182e+01,2.085024e+01,2.075273e+01,2.077363e+01,2.083632e+01,2.087112e+01,2.068303e+01,2.088504e+01,2.085720e+01,2.078757e+01,2.082239e+01,2.055743e+01,2.087112e+01,2.080150e+01
2.007454e+01,2.015869e+01,2.022876e+01,2.020774e+01,2.022876e+01,2.023577e+01,2.045964e+01,2.039673e+01,2.041770e+01,2.055743e+01,2.041071e+01,2.048759e+01,2.066908e+01,2.062025e+01,2.068303e+01,2.050855e+01,2.048061e+01,2.070394e+01,2.064816e+01,2.075273e+01,2.059932e+01,2.058536e+01,2.066211e+01,2.073182e+01,2.069000e+01,2.066211e+01,2.073879e+01,2.073182e+01,2.079453e+01,2.083632e+01,2.069697e+01,2.074576e+01,2.071789e+01,2.077363e+01,2.073182e+01,2.078060e+01,2.070394e+01,2.062723e+01,2.074576e+01,2.090592e+01,2.063420e+01,2.079453e+01,2.082935e+01,2.083632e+01,2.079453e+01,2.082239e+01,2.078757e+01,2.080150e+01,2.072486e+01,2.075970e+01,2.079453e+01,2.074576e+01,2.069000e+01,2.078060e+01,2.088504e+01,2.078060e+01,2.072486e+01,2.075970e+01,2.072486e+01,2.080150e+01,2.073182e+01,2.078757e+01,2.080150e+01,2.081543e+01,2.079453e+01,2.082239e+01,2.078757e+01,2.071091e+01,2.077363e+01,2.079453e+01,2.074576e+01,2.071789e+01,2.073879e+01,2.078757e+01,2.078757e+01,2.069000e+01,2.077363e+01,2.087112e+01,2.078757e+01,2.079453e+01,2.086416e+01,2.086416e+01,2.071789e+01,2.080846e+01,2.080150e+01,2.070394e+01,2.078757e+01,2.085720e+01,2.079453e+01,2.084328e+01,2.075970e+01,2.079453e+01,2.087808e+01,2.075273e+01,2.073182e+01,2.073182e+01,2.076667e+01,2.076667e+01,2.076667e+01,2.075970e+01,2.077363e+01,2.078060e+01,2.078757e+01,2.076667e+01,2.085720e+01,2.077363e+01,2.073182e+01,2.069000e+01,2.077363e+01,2.075273e+01,2.073879e+01,2.085720e+01,2.081543e+01,2.085024e+01,2.080846e+01,2.080150e+01,2.083632e+01,2.087808e+01,2.089896e+01,2.081543e+01,2.080150e+01,2.077363e+01,2.076667e+01,2.071789e+01,2.075970e+01,2.080150e+01,2.081543e+01,2.082239e+01,2.081543e+01,2.083632e+01,2.078757e+01,2.074576e+01,2.080150e+01,2.052252e+01,2.071091e+01,2.075970e+01,2.070394e+01,2.073879e+01,2.050157e+01,2.045266e+01,2.043169e+01,2.045964e+01,2.054347e+01,2.058536e+01,2.062723e+01,2.055743e+01,2.056442e+01,2.065513e+01,2.072486e+01,2.056442e+01,2.080846e+01,2.063420e+01,2.061327e+01,2.045964e+01,2.064118e+01,2.058536e+01,2.056442e+01,2.025677e+01,2.020774e+01,2.024977e+01,2.012364e+01,2.004648e+01,2.007454e+01,1.993414e+01,1.997628e+01,2.008156e+01,1.994117e+01,1.996926e+01,1.997628e+01,1.973725e+01,1.963161e+01,1.978650e+01,1.963161e+01,1.968092e+01,1.955407e+01,1.967388e+01,1.967388e+01,1.968092e+01,1.982871e+01,1.973021e+01,1.981464e+01,1.992711e+01,1.990604e+01,1.994819e+01,2.013766e+01,2.011663e+01,2.014467e+01,2.014467e+01,2.013065e+01,2.015869e+01,2.017271e+01,2.024977e+01,2.002542e+01,2.019373e+01,2.022176e+01,2.019373e+01,2.031278e+01,2.035476e+01,2.032678e+01,2.033377e+01,2.033377e+01,2.035476e+01,2.044567e+01,2.040372e+01,2.040372e+01,2.044567e+01,2.059234e+01,2.045964e+01,2.048061e+01,2.050157e+01,2.043868e+01,2.049458e+01,2.055743e+01,2.049458e+01,2.059234e+01,2.067605e+01,2.075273e+01,2.075970e+01,2.078757e+01,2.080150e+01,2.075273e+01,2.092679e+01,2.074576e+01,2.081543e+01,2.081543e+01,2.079453e+01,2.082239e+01,2.059932e+01,2.084328e+01,2.087112e+01,2.087808e+01,2.078060e+01,2.078757e+01,2.078757e+01,2.080150e+01,2.080846e+01,2.078757e+01,2.084328e+01,2.082935e+01,2.082239e+01,2.085024e+01,2.082239e+01,2.081543e+01,2.082935e+01,2.068303e+01,2.062025e+01,2.062723e+01,2.084328e+01,2.068303e+01,2.059932e+01,2.062025e+01,2.069697e+01,2.057140e+01,2.053649e+01,2.057140e+01,2.061327e+01,2.064118e+01,2.058536e+01,2.061327e+01,2.052252e+01,2.031278e+01,2.031978e+01,2.044567e+01,2.034077e+01,2.032678e+01,2.033377e+01,2.028478e+01,2.024977e+01,2.036176e+01,2.039673e+01,2.016570e+01,2.031278e+01,2.034077e+01,2.029178e+01,2.041770e+01,2.037575e+01,2.043868e+01,2.055045e+01,2.052252e+01,2.068303e+01,2.085720e+01,2.082935e+01,2.083632e+01,2.074576e+01,2.072486e+01,2.085024e+01,2.083632e+01,2.085720e+01,2.075970e+01,2.077363e+01,2.069697e+01,2.071091e+01,2.078757e+01,2.082239e+01,2.075970e+01,2.069697e+01,2.078060e+01,2.066908e+01,2.057838e+01,2.059234e+01,2.052252e+01,2.063420e+01,2.047362e+01,2.057140e+01,2.053649e+01,2.054347e+01,2.066211e+01,2.052950e+01,2.052252e+01,2.062025e+01,2.059932e+01,2.070394e+01,2.072486e+01,2.073879e+01,2.082239e+01,2.086416e+01,2.087808e+01,2.084328e+01,2.078757e+01,2.088504e+01,2.087112e+01,2.089896e+01,2.086416e+01,2.085720e+01,2.084328e+01,2.085720e+01,2.077363e+01,2.088504e+01,2.094070e+01,2.083632e+01,2.081543e+01,2.081543e+01,2.082935e+01,2.083632e+01,2.085024e+01,2.079453e+01,2.079453e+01,2.085024e+01,2.085720e+01,2.086416e+01,2.085720e+01,2.084328e+01,2.089200e+01,2.071789e+01,2.078060e+01,2.090592e+01,2.082239e+01,2.085024e+01,2.085024e+01,2.089200e+01,2.091287e+01,2.093374e+01,2.092679e+01,2.089200e+01,2.080150e+01,2.086416e+01,2.078757e+01,2.078757e+01,2.080150e+01,2.080150e+01,2.090592e+01,2.083632e+01,2.104497e+01,2.083632e+01,2.081543e+01,2.085720e+01,2.080846e+01,2.086416e+01,2.076667e+01,2.087808e+01,2.082239e+01,2.076667e+01,2.086416e+01,2.085024e+01,2.080150e+01,2.082935e+01,2.089896e+01,2.089896e+01,2.075273e+01,2.083632e+01,2.080150e+01,2.077363e+01,2.078757e+01,2.077363e+01,2.079453e+01,2.085720e+01,2.073879e+01,2.076667e+01,2.089896e+01,2.081543e+01,2.073879e+01,2.090592e+01,2.078757e+01,2.078757e+01,2.071789e+01,2.075970e+01,2.086416e+01,2.076667e+01,2.087112e+01,2.080150e+01,2.082935e+01,2.087808e+01,2.085720e+01,2.083632e+01,2.089896e+01,2.080846e+01,2.074576e+01,2.085720e+01,2.087808e+01,2.091287e+01,2.089200e+01,2.078060e+01,2.082935e+01,2.076667e+01,2.072486e+01,2.080846e+01,2.074576e+01,2.085024e+01,2.087808e+01,2.082239e+01,2.081543e+01,2.080150e+01,2.081543e+01,2.087112e+01,2.084328e+01,2.078060e+01,2.088504e+01,2.086416e+01,2.082935e+01,2.075273e+01,2.074576e+01,2.087112e+01,2.080846e+01,2.087808e+01,2.085024e+01,2.086416e+01,2.085720e+01,2.087808e+01,2.085024e+01,2.089200e+01,2.085720e+01,2.088504e+01,2.082239e+01,2.081543e+01,2.079453e+01,2.078060e+01,2.080846e+01,2.094070e+01,2.085024e+01,2.086416e+01,2.083632e+01,2.080846e+01,2.082935e+01,2.089200e+01,2.083632e+01,2.078757e+01,2.082239e+01,2.090592e+01,2.083632e+01,2.085024e+01,2.084328e+01,2.091983e+01,2.086416e+01,2.088504e+01,2.087808e+01,2.084328e+01,2.082935e+01,2.088504e+01,2.085720e+01,2.091983e+01,2.079453e+01,2.087112e+01,2.076667e+01,2.089896e+01,2.083632e+01,2.091287e+01,2.099632e+01,2.078060e+01,2.091287e+01,2.083632e+01,2.084328e+01,2.095461e+01,2.089200e+01,2.087112e+01,2.086416e+01,2.090592e+01,2.086416e+01,2.086416e+01,2.087808e+01,2.085024e+01,2.082935e+01,2.094070e+01,2.082239e+01,2.084328e+01,2.087808e+01,2.085024e+01,2.087808e+01,2.084328e+01,2.085720e+01,2.085024e+01,2.080150e+01,2.094070e+01,2.093374e+01,2.078757e+01,2.082935e+01,2.077363e+01,2.077363e+01,2.082239e+01,2.089200e+01,2.089200e+01,2.087112e+01,2.080150e+01,2.085024e+01,2.086416e+01,2.082239e+01,2.077363e+01,2.081543e+01,2.076667e+01,2.082239e+01,2.091983e+01,2.085024e+01,2.086416e+01,2.088504e+01,2.087112e+01,2.087808e+01,2.087808e+01,2.087808e+01,2.085024e+01,2.099632e+01,2.091287e+01,2.096156e+01,2.099632e+01,2.089896e+01,2.091983e+01,2.093374e+01,2.098242e+01,2.097547e+01,2.103802e+01,2.104497e+01,2.105192e+01,2.091983e+01,2.103107e+01,2.105192e+01,2.094765e+01,2.102413e+01,2.101023e+01,2.096852e+01,2.087808e+01,2.096852e+01,2.099632e+01,2.091983e+01,2.089896e+01,2.091983e+01,2.092679e+01,2.093374e+01,2.093374e+01,2.083632e+01,2.098242e+01,2.090592e+01,2.087808e+01,2.087112e+01,2.085720e+01,2.086416e+01,2.088504e+01,2.091983e+01,2.091287e+01,2.083632e+01,2.083632e+01,2.087112e+01,2.088504e+01,2.077363e+01,2.086416e+01,2.093374e+01,2.090592e+01,2.092679e+01,2.091287e+01,2.090592e+01,2.093374e+01,2.089896e+01,2.085024e+01,2.087112e+01,2.082239e+01,2.078060e+01,2.093374e+01,2.086416e+01,2.089896e+01,2.082935e+01,2.086416e+01,2.085024e+01,2.078060e+01,2.071789e+01,2.087808e+01,2.076667e+01,2.083632e+01,2.059234e+01,2.078757e+01,2.079453e+01,2.082935e+01,2.083632e+01,2.076667e+01,2.084328e+01,2.089896e+01,2.081543e+01,2.078060e+01,2.080150e+01,2.079453e+01,2.086416e+01,2.074576e+01,2.075970e+01,2.090592e+01,2.083632e+01,2.088504e+01,2.085720e+01,2.087112e+01,2.086416e+01,2.082935e+01,2.080150e+01,2.064816e+01,2.096156e+01,2.081543e+01,2.082239e+01,2.080150e+01,2.075273e+01,2.083632e+01,2.078060e+01,2.087112e+01,2.084328e+01,2.082935e+01,2.082239e+01,2.082239e+01,2.086416e+01,2.079453e+01,2.082239e+01,2.088504e+01,2.078060e+01,2.083632e+01,2.088504e+01,2.078757e+01,2.084328e+01,2.086416e+01
1.994819e+01,1.996224e+01,2.019373e+01,2.013065e+01,2.020074e+01,2.023577e+01,2.035476e+01,2.036875e+01,2.041071e+01,2.077363e+01,2.064816e+01,2.066211e+01,2.059932e+01,2.054347e+01,2.052950e+01,2.045964e+01,2.043169e+01,2.047362e+01,2.047362e+01,2.061327e+01,2.059234e+01,2.069000e+01,2.087112e+01,2.072486e+01,2.085720e+01,2.070394e+01,2.086416e+01,2.074576e+01,2.101718e+01,2.081543e+01,2.074576e+01,2.080150e+01,2.075273e+01,2.074576e+01,2.079453e+01,2.067605e+01,2.080150e+01,2.075970e+01,2.080150e+01,2.073879e+01,2.082935e+01,2.082239e+01,2.067605e+01,2.067605e+01,2.082239e+01,2.080846e+01,2.080150e+01,2.079453e+01,2.079453e+01,2.075970e+01,2.078757e+01,2.072486e+01,2.077363e+01,2.080150e+01,2.085720e+01,2.078757e+01,2.064118e+01,2.073182e+01,2.071091e+01,2.083632e+01,2.085024e+01,2.071091e+01,2.071091e+01,2.079453e+01,2.089200e+01,2.069697e+01,2.073879e+01,2.092679e+01,2.078060e+01,2.084328e+01,2.077363e+01,2.077363e+01,2.078757e+01,2.071091e+01,2.067605e+01,2.076667e+01,2.086416e+01,2.075970e+01,2.078060e+01,2.075273e+01,2.066908e+01,2.086416e+01,2.078060e+01,2.082239e+01,2.068303e+01,2.077363e+01,2.082935e+01,2.071789e+01,2.076667e+01,2.083632e+01,2.079453e+01,2.088504e+01,2.086416e+01,2.085720e+01,2.078757e+01,2.070394e+01,2.079453e+01,2.071091e+01,2.080846e+01,2.082935e+01,2.079453e+01,2.080150e+01,2.071789e+01,2.074576e+01,2.083632e+01,2.085024e+01,2.082239e+01,2.083632e+01,2.074576e+01,2.081543e+01,2.071091e+01,2.087808e+01,2.074576e+01,2.082239e+01,2.071091e+01,2.063420e+01,2.086416e+01,2.068303e+01,2.074576e+01,2.080846e+01,2.091983e+01,2.078060e+01,2.085720e+01,2.084328e+01,2.077363e+01,2.080150e+01,2.081543e+01,2.080846e+01,2.081543e+01,2.074576e+01,2.082239e+01,2.080846e+01,2.074576e+01,2.087808e+01,2.071789e+01,2.080150e+01,2.085024e+01,2.055045e+01,2.067605e+01,2.051554e+01,2.074576e+01,2.053649e+01,2.067605e+01,2.059234e+01,2.076667e+01,2.078757e+01,2.078060e+01,2.078060e+01,2.067605e+01,2.080846e+01,2.068303e+01,2.067605e+01,2.068303e+01,2.065513e+01,2.063420e+01,2.061327e+01,2.058536e+01,2.059234e+01,2.027078e+01,2.027778e+01,2.013766e+01,2.013766e+01,1.992009e+01,1.970205e+01,2.000437e+01,2.029878e+01,2.005350e+01,1.987090e+01,1.974428e+01,1.984980e+01,1.968092e+01,1.950469e+01,1.960342e+01,1.961047e+01,1.980761e+01,1.971613e+01,1.970909e+01,1.975836e+01,1.977243e+01,1.998330e+01,2.010961e+01,2.006051e+01,1.991306e+01,2.011663e+01,2.015869e+01,2.029178e+01,2.017271e+01,2.029878e+01,2.017271e+01,2.036176e+01,2.018673e+01,2.027778e+01,2.018673e+01,2.034077e+01,2.021475e+01,2.029878e+01,2.030578e+01,2.023577e+01,2.018673e+01,2.032678e+01,2.036176e+01,2.036875e+01,2.046663e+01,2.036875e+01,2.049458e+01,2.042470e+01,2.046663e+01,2.048061e+01,2.047362e+01,2.046663e+01,2.044567e+01,2.048061e+01,2.057140e+01,2.043868e+01,2.052950e+01,2.062025e+01,2.072486e+01,2.071789e+01,2.076667e+01,2.077363e+01,2.094070e+01,2.084328e+01,2.087808e+01,2.079453e+01,2.080150e+01,2.069697e+01,2.080150e+01,2.074576e+01,2.073879e+01,2.089200e+01,2.076667e+01,2.078060e+01,2.084328e+01,2.082239e+01,2.080150e+01,2.082239e+01,2.098937e+01,2.083632e+01,2.085720e+01,2.081543e+01,2.080846e+01,2.080150e+01,2.075273e+01,2.069000e+01,2.063420e+01,2.066908e+01,2.058536e+01,2.059234e+01,2.066211e+01,2.067605e+01,2.065513e+01,2.063420e+01,2.075970e+01,2.062723e+01,2.036176e+01,2.063420e+01,2.060629e+01,2.062025e+01,2.058536e+01,2.055045e+01,2.058536e+01,2.060629e+01,2.034777e+01,2.040372e+01,2.034077e+01,2.036875e+01,2.030578e+01,2.023577e+01,2.025677e+01,2.024277e+01,2.033377e+01,2.032678e+01,2.020774e+01,2.030578e+01,2.029878e+01,2.036176e+01,2.047362e+01,2.055045e+01,2.052950e+01,2.064816e+01,2.071091e+01,2.080846e+01,2.086416e+01,2.083632e+01,2.083632e+01,2.083632e+01,2.076667e+01,2.087808e+01,2.093374e+01,2.075970e+01,2.074576e+01,2.078060e+01,2.079453e+01,2.078757e+01,2.073182e+01,2.068303e+01,2.066908e+01,2.057838e+01,2.054347e+01,2.060629e+01,2.059234e+01,2.054347e+01,2.053649e+01,2.047362e+01,2.061327e+01,2.059932e+01,2.052252e+01,2.053649e+01,2.062723e+01,2.054347e+01,2.057140e+01,2.059932e+01,2.069697e+01,2.080846e+01,2.085024e+01,2.089896e+01,2.080846e+01,2.090592e+01,2.082935e+01,2.091983e+01,2.077363e+01,2.092679e+01,2.082239e+01,2.083632e+01,2.085024e+01,2.085720e+01,2.089200e+01,2.095461e+01,2.078060e+01,2.085024e+01,2.078757e+01,2.080150e+01,2.080150e+01,2.094765e+01,2.074576e+01,2.081543e+01,2.082935e+01,2.082935e+01,2.083632e+01,2.085024e+01,2.086416e+01,2.082935e+01,2.087112e+01,2.080150e+01,2.088504e+01,2.093374e+01,2.078060e+01,2.089896e+01,2.086416e+01,2.080846e+01,2.094070e+01,2.091983e+01,2.076667e+01,2.094765e+01,2.089200e+01,2.087808e+01,2.083632e+01,2.077363e+01,2.089200e+01,2.078060e+01,2.085720e+01,2.084328e+01,2.087808e+01,2.082935e+01,2.087808e+01,2.082239e+01,2.081543e+01,2.087112e+01,2.085024e+01,2.083632e+01,2.075970e+01,2.082239e+01,2.078060e+01,2.087112e+01,2.085024e+01,2.081543e+01,2.085024e+01,2.093374e+01,2.090592e+01,2.078060e+01,2.085024e+01,2.078757e+01,2.080150e+01,2.078757e+01,2.080846e+01,2.081543e+01,2.080846e+01,2.075970e+01,2.073182e+01,2.080846e+01,2.075273e+01,2.085024e+01,2.076667e+01,2.085720e+01,2.076667e+01,2.082935e+01,2.085720e+01,2.073182e+01,2.083632e+01,2.085024e+01,2.080150e+01,2.088504e+01,2.084328e+01,2.089896e+01,2.092679e+01,2.095461e+01,2.082935e+01,2.082935e+01,2.080150e+01,2.078060e+01,2.087808e+01,2.098242e+01,2.101718e+01,2.078060e+01,2.082239e+01,2.091983e+01,2.073879e+01,2.083632e+01,2.085720e+01,2.087808e+01,2.081543e+01,2.087112e+01,2.086416e+01,2.087808e+01,2.082239e+01,2.083632e+01,2.091287e+01,2.075970e+01,2.084328e+01,2.085024e+01,2.089896e+01,2.079453e+01,2.082935e+01,2.082239e+01,2.082239e+01,2.082239e+01,2.093374e+01,2.086416e+01,2.087112e+01,2.092679e+01,2.089200e+01,2.086416e+01,2.097547e+01,2.085024e+01,2.077363e+01,2.078060e+01,2.079453e+01,2.088504e+01,2.088504e+01,2.084328e+01,2.085720e+01,2.086416e+01,2.085720e+01,2.089896e+01,2.087808e+01,2.085720e+01,2.089896e+01,2.087112e+01,2.094765e+01,2.094070e+01,2.094070e+01,2.092679e+01,2.081543e+01,2.082935e+01,2.082239e+01,2.078757e+01,2.085024e+01,2.082935e+01,2.087808e+01,2.079453e+01,2.079453e+01,2.107276e+01,2.096156e+01,2.080846e+01,2.082935e+01,2.086416e+01,2.086416e+01,2.095461e+01,2.085024e+01,2.090592e+01,2.089200e+01,2.088504e+01,2.082935e+01,2.085024e+01,2.086416e+01,2.086416e+01,2.080846e+01,2.085720e+01,2.086416e+01,2.086416e+01,2.088504e+01,2.083632e+01,2.070394e+01,2.086416e+01,2.077363e+01,2.081543e+01,2.083632e+01,2.086416e+01,2.094765e+01,2.080150e+01,2.087112e+01,2.084328e+01,2.087808e+01,2.072486e+01,2.091287e+01,2.091983e+01,2.086416e+01,2.084328e+01,2.089200e+01,2.086416e+01,2.076667e+01,2.082239e+01,2.082935e+01,2.090592e+01,2.088504e+01,2.085720e+01,2.078757e+01,2.085720e+01,2.085720e+01,2.096852e+01,2.093374e+01,2.093374e+01,2.092679e+01,2.080846e+01,2.093374e+01,2.087808e+01,2.085024e+01,2.103107e+01,2.085720e+01,2.089200e+01,2.087112e+01,2.089896e+01,2.097547e+01,2.089896e+01,2.096156e+01,2.090592e+01,2.096156e+01,2.098937e+01,2.099632e+01,2.103802e+01,2.103107e+01,2.102413e+01,2.098242e+01,2.094765e+01,2.093374e+01,2.103802e+01,2.100327e+01,2.090592e+01,2.095461e+01,2.096852e+01,2.091983e+01,2.096852e+01,2.108665e+01,2.094070e+01,2.092679e+01,2.102413e+01,2.085024e+01,2.085720e+01,2.090592e+01,2.093374e+01,2.084328e+01,2.089896e+01,2.087112e+01,2.085024e+01,2.092679e+01,2.075970e+01,2.083632e+01,2.092679e+01,2.082935e+01,2.087112e+01,2.084328e+01,2.078757e+01,2.081543e+01,2.093374e+01,2.088504e+01,2.087112e+01,2.084328e+01,2.086416e+01,2.085024e+01,2.085024e+01,2.093374e+01,2.082935e+01,2.093374e+01,2.081543e+01,2.082239e+01,2.085024e+01,2.078060e+01,2.079453e+01,2.085720e+01,2.082935e+01,2.089896e+01,2.078757e+01,2.077363e+01,2.080846e+01,2.077363e+01,2.095461e+01,2.080150e+01,2.095461e+01,2.075273e+01,2.082935e+01,2.089200e+01,2.078060e+01,2.087112e+01,2.079453e+01,2.081543e+01,2.078060e+01,2.092679e+01,2.077363e+01,2.075970e+01,2.085024e+01,2.076667e+01,2.087112e+01,2.080150e+01,2.090592e+01,2.087808e+01,2.082239e+01,2.079453e+01,2.067605e+01,2.094070e+01,2.092679e+01,2.085024e+01,2.085720e+01,2.085024e+01,2.075970e+01,2.073182e+01,2.085024e+01,2.082935e+01,2.076667e+01,2.075273e+01,2.079453e+01,2.076667e+01,2.075273e+01,2.088504e+01,2.078757e+01,2.077363e+01,2.073879e+01,2.095461e+01,2.094070e+01,2.091983e+01,2.089896e+01
2.000437e+01,2.002542e+01,2.014467e+01,2.006051e+01,2.008857e+01,2.026378e+01,2.031278e+01,2.057140e+01,2.057838e+01,2.065513e+01,2.078060e+01,2.078060e+01,2.073182e+01,2.066211e+01,2.049458e+01,2.048759e+01,2.047362e+01,2.046663e+01,2.073879e+01,2.048061e+01,2.059932e+01,2.087808e+01,2.063420e+01,2.078060e+01,2.074576e+01,2.076667e+01,2.088504e+01,2.078060e+01,2.083632e+01,2.067605e+01,2.072486e+01,2.073182e+01,2.073879e+01,2.077363e+01,2.078060e+01,2.074576e+01,2.066211e+01,2.082239e+01,2.080150e+01,2.089896e+01,2.080150e+01,2.064118e+01,2.091287e+01,2.079453e+01,2.075970e+01,2.082935e+01,2.075970e+01,2.080846e+01,2.078060e+01,2.067605e+01,2.075273e+01,2.069000e+01,2.068303e+01,2.080150e+01,2.072486e+01,2.086416e+01,2.071789e+01,2.085024e+01,2.068303e+01,2.087112e+01,2.078060e+01,2.071091e+01,2.080846e+01,2.073879e+01,2.074576e+01,2.080150e+01,2.096852e+01,2.070394e+01,2.078757e+01,2.067605e+01,2.071789e+01,2.075970e+01,2.080150e+01,2.075273e+01,2.084328e+01,2.079453e+01,2.078757e+01,2.079453e+01,2.069000e+01,2.078060e+01,2.074576e+01,2.073182e+01,2.071091e+01,2.067605e+01,2.067605e+01,2.087808e+01,2.082935e+01,2.077363e+01,2.076667e+01,2.076667e+01,2.085024e+01,2.076667e+01,2.081543e+01,2.085024e+01,2.077363e+01,2.075273e+01,2.080846e+01,2.081543e+01,2.080150e+01,2.080150e+01,2.073182e+01,2.077363e+01,2.080150e+01,2.075970e+01,2.073182e+01,2.075273e+01,2.078060e+01,2.073879e+01,2.078060e+01,2.075273e+01,2.085024e+01,2.086416e+01,2.082239e+01,2.083632e+01,2.064118e+01,2.085024e+01,2.081543e+01,2.063420e+01,2.080150e+01,2.079453e+01,2.087112e+01,2.080846e+01,2.078757e+01,2.079453e+01,2.083632e+01,2.085720e+01,2.079453e+01,2.082935e+01,2.075970e+01,2.080846e+01,2.082935e+01,2.076667e+01,2.077363e+01,2.082239e+01,2.075273e+01,2.082239e+01,2.069697e+01,2.080846e+01,2.078757e+01,2.082935e+01,2.071091e+01,2.086416e+01,2.066908e+01,2.078060e+01,2.075273e+01,2.077363e+01,2.081543e+01,2.082935e+01,2.078060e+01,2.079453e+01,2.078757e+01,2.071091e+01,2.070394e+01,2.061327e+01,2.077363e+01,2.057838e+01,2.072486e+01,2.053649e+01,2.055743e+01,2.023577e+01,2.017972e+01,2.013065e+01,2.008857e+01,1.999735e+01,2.013766e+01,1.996224e+01,1.992711e+01,1.994117e+01,1.980761e+01,1.985683e+01,1.966683e+01,1.950469e+01,1.963865e+01,1.964570e+01,1.963161e+01,1.989198e+01,1.989198e+01,1.994819e+01,1.992009e+01,1.989901e+01,2.010260e+01,2.013065e+01,2.018673e+01,2.017972e+01,2.013065e+01,2.017271e+01,2.022176e+01,2.043868e+01,2.032678e+01,2.025677e+01,2.032678e+01,2.024977e+01,2.020774e+01,2.026378e+01,2.023577e+01,2.028478e+01,2.032678e+01,2.030578e+01,2.031278e+01,2.034077e+01,2.035476e+01,2.037575e+01,2.038274e+01,2.039673e+01,2.038274e+01,2.045266e+01,2.045266e+01,2.050157e+01,2.036176e+01,2.042470e+01,2.047362e+01,2.036176e+01,2.058536e+01,2.045964e+01,2.048759e+01,2.055743e+01,2.066908e+01,2.065513e+01,2.070394e+01,2.080846e+01,2.076667e+01,2.080150e+01,2.080150e+01,2.075970e+01,2.076667e+01,2.079453e+01,2.078060e+01,2.077363e+01,2.087112e+01,2.066908e+01,2.089200e+01,2.073182e+01,2.079453e+01,2.076667e+01,2.080150e+01,2.086416e+01,2.078060e+01,2.094765e+01,2.084328e+01,2.087808e+01,2.082935e+01,2.083632e+01,2.084328e+01,2.069697e+01,2.071091e+01,2.067605e+01,2.063420e+01,2.067605e+01,2.086416e+01,2.057838e+01,2.073879e+01,2.062025e+01,2.073879e+01,2.066908e+01,2.060629e+01,2.061327e+01,2.059234e+01,2.059234e+01,2.059932e+01,2.057838e+01,2.055743e+01,2.042470e+01,2.034077e+01,2.043169e+01,2.048759e+01,2.034777e+01,2.034777e+01,2.023577e+01,2.028478e+01,2.024277e+01,2.024977e+01,2.020774e+01,2.026378e+01,2.027078e+01,2.020074e+01,2.041071e+01,2.038274e+01,2.040372e+01,2.030578e+01,2.049458e+01,2.074576e+01,2.075273e+01,2.080846e+01,2.082239e+01,2.085024e+01,2.082935e+01,2.087112e+01,2.079453e+01,2.082239e+01,2.080150e+01,2.085024e+01,2.083632e+01,2.085720e+01,2.086416e+01,2.080846e+01,2.070394e+01,2.073182e+01,2.067605e+01,2.068303e+01,2.059234e+01,2.062025e+01,2.057140e+01,2.054347e+01,2.060629e+01,2.051554e+01,2.055743e+01,2.064118e+01,2.053649e+01,2.052950e+01,2.051554e+01,2.057838e+01,2.054347e+01,2.078060e+01,2.072486e+01,2.067605e+01,2.082239e+01,2.090592e+01,2.080150e+01,2.085024e+01,2.073879e+01,2.075970e+01,2.091287e+01,2.082239e+01,2.083632e+01,2.081543e+01,2.083632e+01,2.080846e+01,2.089200e+01,2.087808e+01,2.078757e+01,2.087808e+01,2.081543e+01,2.085720e+01,2.077363e+01,2.078757e+01,2.082239e+01,2.081543e+01,2.082239e+01,2.082935e+01,2.085024e+01,2.084328e+01,2.082935e+01,2.089896e+01,2.083632e+01,2.082935e+01,2.087112e+01,2.073879e+01,2.085024e+01,2.088504e+01,2.091287e+01,2.089896e+01,2.091287e+01,2.091983e+01,2.086416e+01,2.082935e+01,2.091287e+01,2.093374e+01,2.090592e+01,2.083632e+01,2.073879e+01,2.080846e+01,2.087112e+01,2.090592e+01,2.082239e+01,2.082935e+01,2.080150e+01,2.087112e+01,2.057140e+01,2.083632e+01,2.089896e+01,2.082239e+01,2.075970e+01,2.075273e+01,2.088504e+01,2.087808e+01,2.080846e+01,2.080150e+01,2.076667e+01,2.077363e+01,2.076667e+01,2.080846e+01,2.078060e+01,2.082935e+01,2.079453e+01,2.078757e+01,2.075273e+01,2.083632e+01,2.089896e+01,2.085720e+01,2.085024e+01,2.073182e+01,2.074576e+01,2.075970e+01,2.080846e+01,2.085024e+01,2.075273e+01,2.071091e+01,2.081543e+01,2.079453e+01,2.075273e+01,2.076667e+01,2.093374e+01,2.094070e+01,2.096852e+01,2.083632e+01,2.079453e+01,2.079453e+01,2.086416e+01,2.079453e+01,2.077363e+01,2.087112e+01,2.086416e+01,2.089200e+01,2.091287e+01,2.075970e+01,2.073182e+01,2.087808e+01,2.076667e+01,2.091287e+01,2.085024e+01,2.064816e+01,2.085720e+01,2.080150e+01,2.087112e+01,2.084328e+01,2.087808e+01,2.077363e+01,2.078757e+01,2.089896e+01,2.080846e+01,2.082239e+01,2.082935e+01,2.085024e+01,2.082239e+01,2.085024e+01,2.071789e+01,2.091287e+01,2.080846e+01,2.085024e+01,2.106581e+01,2.096852e+01,2.087112e+01,2.089200e+01,2.078757e+01,2.098242e+01,2.080846e+01,2.083632e+01,2.084328e+01,2.081543e+01,2.085720e+01,2.082239e+01,2.080846e+01,2.078060e+01,2.078757e+01,2.083632e+01,2.083632e+01,2.080150e+01,2.082935e+01,2.087112e+01,2.095461e+01,2.094070e+01,2.086416e+01,2.094765e+01,2.085024e+01,2.088504e+01,2.085024e+01,2.094765e+01,2.089200e+01,2.082935e+01,2.085720e+01,2.080846e+01,2.096156e+01,2.083632e+01,2.085024e+01,2.077363e+01,2.090592e+01,2.079453e+01,2.085024e+01,2.093374e+01,2.088504e+01,2.091983e+01,2.087808e+01,2.089200e+01,2.079453e+01,2.087112e+01,2.087112e+01,2.096156e+01,2.087808e+01,2.089896e+01,2.082935e+01,2.085024e+01,2.082239e+01,2.084328e+01,2.079453e+01,2.074576e+01,2.074576e+01,2.089200e+01,2.081543e+01,2.082935e+01,2.085024e+01,2.086416e+01,2.085024e+01,2.084328e+01,2.077363e+01,2.075273e+01,2.082935e+01,2.074576e+01,2.085720e+01,2.076667e+01,2.075970e+01,2.078060e+01,2.085024e+01,2.082935e+01,2.087808e+01,2.080150e+01,2.075970e+01,2.088504e+01,2.087112e+01,2.085024e+01,2.089200e+01,2.085720e+01,2.087112e+01,2.091983e+01,2.082935e+01,2.091983e+01,2.090592e+01,2.093374e+01,2.095461e+01,2.087112e+01,2.091287e+01,2.099632e+01,2.091983e+01,2.092679e+01,2.091983e+01,2.092679e+01,2.091983e+01,2.098937e+01,2.099632e+01,2.094070e+01,2.092679e+01,2.098242e+01,2.094765e+01,2.091983e+01,2.091287e+01,2.091983e+01,2.093374e+01,2.094070e+01,2.091983e+01,2.100327e+01,2.094070e+01,2.098937e+01,2.101718e+01,2.109360e+01,2.088504e+01,2.087112e+01,2.091287e+01,2.093374e+01,2.093374e+01,2.089896e+01,2.086416e+01,2.103802e+01,2.085024e+01,2.085720e+01,2.083632e+01,2.085720e+01,2.085024e+01,2.084328e+01,2.094765e+01,2.094070e+01,2.089896e+01,2.093374e+01,2.090592e+01,2.097547e+01,2.096156e+01,2.088504e+01,2.084328e+01,2.082935e+01,2.092679e+01,2.093374e+01,2.085720e+01,2.083632e+01,2.085720e+01,2.085720e+01,2.094765e+01,2.090592e+01,2.089896e+01,2.090592e+01,2.079453e+01,2.078757e+01,2.078060e+01,2.077363e+01,2.092679e+01,2.083632e+01,2.081543e+01,2.084328e+01,2.091983e+01,2.080150e+01,2.085720e+01,2.085720e+01,2.089896e+01,2.087808e+01,2.083632e+01,2.085720e+01,2.084328e+01,2.082239e+01,2.075970e+01,2.076667e+01,2.093374e+01,2.073182e+01,2.093374e+01,2.083632e+01,2.088504e+01,2.081543e+01,2.081543e+01,2.068303e+01,2.079453e+01,2.078757e+01,2.075970e+01,2.086416e+01,2.080846e+01,2.083632e+01,2.084328e+01,2.087112e+01,2.082935e+01,2.087808e+01,2.082935e+01,2.086416e+01,2.073879e+01,2.082935e+01,2.085024e+01,2.078060e+01,2.091287e+01,2.080846e+01,2.092679e+01,2.087808e+01,2.091287e+01,2.076667e+01,2.079453e+01,2.094765e+01,2.090592e+01
1.992711e+01,2.009559e+01,2.015869e+01,2.013766e+01,2.008857e+01,2.030578e+01,2.052950e+01,2.048061e+01,2.057838e+01,2.069697e+01,2.072486e+01,2.070394e+01,2.071789e+01,2.055743e+01,2.057838e+01,2.059932e+01,2.056442e+01,2.060629e+01,2.059234e+01,2.061327e+01,2.077363e+01,2.066908e+01,2.063420e+01,2.069697e+01,2.078060e+01,2.072486e+01,2.082935e+01,2.073182e+01,2.077363e+01,2.082935e+01,2.083632e+01,2.073879e+01,2.089200e+01,2.080150e+01,2.072486e+01,2.071091e+01,2.075970e+01,2.079453e+01,2.078060e+01,2.094070e+01,2.074576e+01,2.075970e+01,2.079453e+01,2.078757e+01,2.082239e+01,2.078757e+01,2.077363e+01,2.078060e+01,2.069697e+01,2.076667e+01,2.073879e+01,2.079453e+01,2.068303e+01,2.070394e+01,2.085720e+01,2.082935e+01,2.088504e+01,2.080846e+01,2.085024e+01,2.091983e+01,2.088504e+01,2.075273e+01,2.078757e+01,2.081543e+01,2.087112e+01,2.085024e+01,2.086416e+01,2.077363e+01,2.073182e+01,2.071091e+01,2.078757e+01,2.071789e+01,2.075970e+01,2.095461e+01,2.064118e+01,2.082935e+01,2.078757e+01,2.070394e+01,2.076667e+01,2.083632e+01,2.073182e+01,2.077363e+01,2.075970e+01,2.100327e+01,2.080846e+01,2.087808e+01,2.069000e+01,2.097547e+01,2.083632e+01,2.096852e+01,2.081543e+01,2.082935e+01,2.076667e+01,2.073879e+01,2.080150e+01,2.069000e+01,2.085024e+01,2.088504e+01,2.094070e+01,2.085720e+01,2.089200e+01,2.085720e+01,2.071091e+01,2.075970e+01,2.074576e+01,2.075970e+01,2.088504e+01,2.076667e+01,2.088504e+01,2.087808e+01,2.085024e+01,2.075970e+01,2.085720e+01,2.075970e+01,2.076667e+01,2.082935e+01,2.073879e+01,2.082935e+01,2.081543e+01,2.074576e+01,2.080150e+01,2.075970e+01,2.085720e+01,2.086416e+01,2.096156e+01,2.080846e+01,2.085720e+01,2.069697e+01,2.066211e+01,2.083632e+01,2.115608e+01,2.072486e+01,2.082935e+01,2.071789e+01,2.078060e+01,2.080150e+01,2.078757e+01,2.081543e+01,2.079453e+01,2.083632e+01,2.081543e+01,2.069697e+01,2.080150e+01,2.085024e+01,2.072486e+01,2.081543e+01,2.080846e+01,2.073182e+01,2.082239e+01,2.077363e+01,2.075970e+01,2.078060e+01,2.078757e+01,2.074576e+01,2.077363e+01,2.072486e+01,2.055743e+01,2.052252e+01,2.015168e+01,2.036875e+01,2.027078e+01,2.010961e+01,2.017271e+01,2.002542e+01,1.992711e+01,1.992711e+01,1.998330e+01,1.992009e+01,1.965274e+01,1.968092e+01,1.967388e+01,1.958227e+01,1.971613e+01,1.977947e+01,1.961047e+01,1.978650e+01,1.992711e+01,1.992009e+01,2.001841e+01,2.024277e+01,2.013065e+01,2.011663e+01,2.029878e+01,2.028478e+01,2.036176e+01,2.036176e+01,2.058536e+01,2.039673e+01,2.042470e+01,2.043868e+01,2.020774e+01,2.034077e+01,2.027078e+01,2.031978e+01,2.027078e+01,2.030578e+01,2.031278e+01,2.049458e+01,2.047362e+01,2.033377e+01,2.032678e+01,2.050855e+01,2.038974e+01,2.038974e+01,2.022876e+01,2.041770e+01,2.043169e+01,2.034777e+01,2.042470e+01,2.046663e+01,2.048061e+01,2.042470e+01,2.041071e+01,2.037575e+01,2.050855e+01,2.062723e+01,2.063420e+01,2.071091e+01,2.081543e+01,2.081543e+01,2.084328e+01,2.079453e+01,2.080150e+01,2.080150e+01,2.078060e+01,2.087112e+01,2.077363e+01,2.086416e+01,2.082935e+01,2.085024e+01,2.077363e+01,2.086416e+01,2.078757e+01,2.079453e+01,2.090592e+01,2.087112e+01,2.085024e+01,2.082239e+01,2.078757e+01,2.084328e+01,2.082935e+01,2.081543e+01,2.076667e+01,2.064118e+01,2.063420e+01,2.071789e+01,2.078757e+01,2.055045e+01,2.060629e+01,2.071091e+01,2.068303e+01,2.067605e+01,2.055045e+01,2.075273e+01,2.064118e+01,2.075273e+01,2.059932e+01,2.071789e+01,2.055045e+01,2.058536e+01,2.057140e+01,2.055743e+01,2.048061e+01,2.053649e+01,2.044567e+01,2.035476e+01,2.037575e+01,2.024977e+01,2.024977e+01,2.024977e+01,2.019373e+01,2.026378e+01,2.027078e+01,2.021475e+01,2.020774e+01,2.027778e+01,2.041071e+01,2.038974e+01,2.031978e+01,2.057838e+01,2.056442e+01,2.057838e+01,2.081543e+01,2.078757e+01,2.077363e+01,2.081543e+01,2.073182e+01,2.080150e+01,2.085720e+01,2.104497e+01,2.098937e+01,2.078757e+01,2.088504e+01,2.098242e+01,2.078060e+01,2.082239e+01,2.069697e+01,2.055045e+01,2.059234e+01,2.055743e+01,2.061327e+01,2.060629e+01,2.061327e+01,2.057838e+01,2.049458e+01,2.059234e+01,2.045266e+01,2.043169e+01,2.064816e+01,2.061327e+01,2.060629e+01,2.056442e+01,2.077363e+01,2.082239e+01,2.077363e+01,2.092679e+01,2.087808e+01,2.080846e+01,2.091287e+01,2.086416e+01,2.085024e+01,2.086416e+01,2.081543e+01,2.084328e+01,2.073182e+01,2.080150e+01,2.087808e+01,2.081543e+01,2.087808e+01,2.090592e+01,2.081543e+01,2.075970e+01,2.080846e+01,2.087112e+01,2.080846e+01,2.075273e+01,2.085024e+01,2.082935e+01,2.080846e+01,2.094070e+01,2.084328e+01,2.078757e+01,2.086416e+01,2.074576e+01,2.087112e+01,2.084328e+01,2.082935e+01,2.088504e+01,2.084328e+01,2.089896e+01,2.085720e+01,2.089200e+01,2.083632e+01,2.094070e+01,2.096156e+01,2.092679e+01,2.085720e+01,2.087112e+01,2.088504e+01,2.089896e+01,2.092679e+01,2.075273e+01,2.097547e+01,2.080846e+01,2.078060e+01,2.080846e+01,2.080846e+01,2.077363e+01,2.082239e+01,2.090592e+01,2.077363e+01,2.085024e+01,2.087808e+01,2.088504e+01,2.084328e+01,2.080846e+01,2.081543e+01,2.084328e+01,2.075970e+01,2.079453e+01,2.078757e+01,2.077363e+01,2.079453e+01,2.081543e+01,2.081543e+01,2.087808e+01,2.083632e+01,2.082239e+01,2.088504e+01,2.085024e+01,2.078757e+01,2.075970e+01,2.082935e+01,2.091983e+01,2.073879e+01,2.074576e+01,2.087808e+01,2.085024e+01,2.087808e+01,2.091983e+01,2.085720e+01,2.082935e+01,2.087112e+01,2.080846e+01,2.095461e+01,2.087112e+01,2.083632e+01,2.084328e+01,2.084328e+01,2.096156e+01,2.083632e+01,2.089200e+01,2.076667e+01,2.091287e+01,2.089200e+01,2.083632e+01,2.086416e+01,2.082935e+01,2.086416e+01,2.084328e+01,2.083632e+01,2.080150e+01,2.087112e+01,2.089200e+01,2.080846e+01,2.085024e+01,2.083632e+01,2.078757e+01,2.087808e+01,2.080150e+01,2.090592e+01,2.087112e+01,2.085024e+01,2.084328e+01,2.087808e+01,2.082239e+01,2.085024e+01,2.082239e+01,2.086416e+01,2.083632e+01,2.091983e+01,2.084328e+01,2.094070e+01,2.080150e+01,2.086416e+01,2.081543e+01,2.084328e+01,2.075273e+01,2.086416e+01,2.077363e+01,2.078757e+01,2.080846e+01,2.083632e+01,2.084328e+01,2.080846e+01,2.111443e+01,2.080846e+01,2.080846e+01,2.095461e+01,2.091287e+01,2.089896e+01,2.098242e+01,2.089200e+01,2.081543e+01,2.089896e+01,2.090592e+01,2.087112e+01,2.084328e+01,2.081543e+01,2.085720e+01,2.100327e+01,2.088504e+01,2.084328e+01,2.081543e+01,2.085720e+01,2.080846e+01,2.095461e+01,2.086416e+01,2.091287e+01,2.078757e+01,2.091287e+01,2.083632e+01,2.088504e+01,2.080150e+01,2.086416e+01,2.077363e+01,2.088504e+01,2.075970e+01,2.086416e+01,2.085024e+01,2.089200e+01,2.088504e+01,2.082239e+01,2.083632e+01,2.087808e+01,2.088504e+01,2.083632e+01,2.086416e+01,2.087808e+01,2.086416e+01,2.087808e+01,2.087808e+01,2.082239e+01,2.078757e+01,2.077363e+01,2.085024e+01,2.085024e+01,2.085024e+01,2.087808e+01,2.089200e+01,2.088504e+01,2.089200e+01,2.090592e+01,2.092679e+01,2.088504e+01,2.087808e+01,2.086416e+01,2.087112e+01,2.090592e+01,2.087112e+01,2.083632e+01,2.085024e+01,2.080846e+01,2.086416e+01,2.095461e+01,2.084328e+01,2.093374e+01,2.096852e+01,2.090592e+01,2.094070e+01,2.089200e+01,2.103107e+01,2.095461e+01,2.092679e+01,2.102413e+01,2.097547e+01,2.101718e+01,2.091287e+01,2.093374e+01,2.106581e+01,2.094765e+01,2.096156e+01,2.098937e+01,2.095461e+01,2.103107e+01,2.091983e+01,2.093374e+01,2.091287e+01,2.092679e+01,2.096156e+01,2.091983e+01,2.101023e+01,2.100327e+01,2.094765e+01,2.087808e+01,2.089200e+01,2.092679e+01,2.098242e+01,2.101718e+01,2.092679e+01,2.088504e+01,2.097547e+01,2.089896e+01,2.095461e+01,2.090592e+01,2.089200e+01,2.085720e+01,2.092679e+01,2.089200e+01,2.089896e+01,2.091287e+01,2.089896e+01,2.092679e+01,2.087808e+01,2.084328e+01,2.078757e+01,2.082935e+01,2.080846e+01,2.089200e+01,2.093374e+01,2.082239e+01,2.077363e+01,2.076667e+01,2.075970e+01,2.079453e+01,2.087112e+01,2.094070e+01,2.088504e+01,2.078060e+01,2.078060e+01,2.089200e+01,2.081543e+01,2.083632e+01,2.082935e+01,2.087808e+01,2.082935e+01,2.085024e+01,2.089200e+01,2.080846e+01,2.088504e+01,2.089896e+01,2.081543e+01,2.080846e+01,2.081543e+01,2.077363e+01,2.076667e+01,2.073879e+01,2.073879e+01,2.088504e+01,2.087112e+01,2.085024e+01,2.093374e+01,2.091287e+01,2.082239e+01,2.078757e+01,2.083632e+01,2.078757e+01,2.078060e+01,2.078757e+01,2.089896e+01,2.088504e+01,2.085024e+01,2.087112e+01,2.089200e+01,2.082239e+01,2.087808e+01,2.090592e+01,2.087808e+01,2.090592e+01,2.089200e+01,2.088504e+01,2.080846e+01,2.066908e+01,2.080846e+01,2.089200e+01,2.079453e+01,2.091983e+01,2.082935e+01,2.088504e+01,2.091287e+01
1.997628e+01,1.994819e+01,1.992711e+01,2.004648e+01,2.021475e+01,2.007454e+01,2.031278e+01,2.055743e+01,2.069000e+01,2.078060e+01,2.069000e+01,2.080150e+01,2.075273e+01,2.074576e+01,2.068303e+01,2.060629e+01,2.062025e+01,2.060629e+01,2.059932e+01,2.062025e+01,2.061327e+01,2.064118e+01,2.078060e+01,2.072486e+01,2.082239e+01,2.075970e+01,2.077363e+01,2.067605e+01,2.081543e+01,2.073182e+01,2.070394e+01,2.080150e+01,2.079453e+01,2.066211e+01,2.064816e+01,2.080150e+01,2.075970e+01,2.077363e+01,2.079453e+01,2.073879e+01,2.073182e+01,2.075970e+01,2.078757e+01,2.076667e+01,2.074576e+01,2.071789e+01,2.078757e+01,2.072486e+01,2.066211e+01,2.064118e+01,2.075970e+01,2.066211e+01,2.069697e+01,2.082935e+01,2.070394e+01,2.064816e+01,2.075970e+01,2.071091e+01,2.080150e+01,2.071091e+01,2.073879e+01,2.068303e+01,2.073182e+01,2.078757e+01,2.071091e+01,2.091983e+01,2.086416e+01,2.089896e+01,2.089896e+01,2.073182e+01,2.077363e+01,2.074576e+01,2.073879e+01,2.078060e+01,2.088504e+01,2.076667e+01,2.082239e+01,2.078757e+01,2.079453e+01,2.076667e+01,2.080150e+01,2.078060e+01,2.075273e+01,2.065513e+01,2.075273e+01,2.078060e+01,2.077363e+01,2.080846e+01,2.089200e+01,2.076667e+01,2.091287e+01,2.080846e+01,2.074576e+01,2.080846e+01,2.080846e+01,2.083632e+01,2.084328e+01,2.083632e+01,2.078757e+01,2.080846e+01,2.073182e+01,2.089896e+01,2.076667e+01,2.082239e+01,2.076667e+01,2.068303e+01,2.081543e+01,2.075273e+01,2.077363e+01,2.087112e+01,2.075970e+01,2.085720e+01,2.075273e+01,2.082239e+01,2.085720e+01,2.077363e+01,2.084328e+01,2.087112e+01,2.072486e+01,2.079453e+01,2.090592e+01,2.078757e+01,2.077363e+01,2.079453e+01,2.084328e+01,2.076667e+01,2.079453e+01,2.079453e+01,2.078757e+01,2.077363e+01,2.076667e+01,2.073182e+01,2.078757e+01,2.083632e+01,2.082935e+01,2.083632e+01,2.083632e+01,2.081543e+01,2.085024e+01,2.083632e+01,2.064816e+01,2.073182e+01,2.087112e+01,2.074576e+01,2.075970e+01,2.075970e+01,2.078757e+01,2.080846e+01,2.069697e+01,2.071789e+01,2.074576e+01,2.081543e+01,2.071091e+01,2.073182e+01,2.062723e+01,2.077363e+01,2.048061e+01,2.052252e+01,2.039673e+01,2.046663e+01,2.019373e+01,2.022176e+01,2.014467e+01,2.025677e+01,2.024277e+01,1.993414e+01,1.992711e+01,1.980761e+01,1.970909e+01,1.961047e+01,1.965274e+01,1.968796e+01,1.973725e+01,1.977243e+01,1.977947e+01,1.997628e+01,1.992711e+01,2.013065e+01,2.012364e+01,2.013065e+01,2.028478e+01,2.035476e+01,2.033377e+01,2.037575e+01,2.038274e+01,2.045964e+01,2.036176e+01,2.036176e+01,2.038274e+01,2.047362e+01,2.050157e+01,2.034777e+01,2.050157e+01,2.036875e+01,2.038974e+01,2.052950e+01,2.033377e+01,2.045266e+01,2.050855e+01,2.036176e+01,2.038974e+01,2.050157e+01,2.038974e+01,2.040372e+01,2.031978e+01,2.040372e+01,2.034077e+01,2.038974e+01,2.049458e+01,2.041770e+01,2.041071e+01,2.042470e+01,2.042470e+01,2.040372e+01,2.055045e+01,2.050855e+01,2.071789e+01,2.078757e+01,2.076667e+01,2.071091e+01,2.086416e+01,2.085720e+01,2.089200e+01,2.080150e+01,2.082935e+01,2.087112e+01,2.087808e+01,2.074576e+01,2.079453e+01,2.074576e+01,2.081543e+01,2.075970e+01,2.085024e+01,2.082239e+01,2.078757e+01,2.077363e+01,2.074576e+01,2.082935e+01,2.080846e+01,2.087808e+01,2.082935e+01,2.063420e+01,2.069000e+01,2.064118e+01,2.064118e+01,2.064816e+01,2.064816e+01,2.062025e+01,2.075970e+01,2.075273e+01,2.073182e+01,2.060629e+01,2.071789e+01,2.066908e+01,2.058536e+01,2.058536e+01,2.075273e+01,2.060629e+01,2.057140e+01,2.059234e+01,2.071789e+01,2.050855e+01,2.055045e+01,2.053649e+01,2.052950e+01,2.048759e+01,2.050157e+01,2.033377e+01,2.040372e+01,2.024277e+01,2.021475e+01,2.020774e+01,2.029878e+01,2.023577e+01,2.035476e+01,2.030578e+01,2.043169e+01,2.032678e+01,2.053649e+01,2.043169e+01,2.059234e+01,2.059932e+01,2.080150e+01,2.083632e+01,2.080150e+01,2.097547e+01,2.075970e+01,2.078060e+01,2.081543e+01,2.081543e+01,2.087808e+01,2.084328e+01,2.080846e+01,2.076667e+01,2.077363e+01,2.080150e+01,2.082239e+01,2.056442e+01,2.057838e+01,2.059234e+01,2.059932e+01,2.058536e+01,2.056442e+01,2.058536e+01,2.054347e+01,2.059234e+01,2.059932e+01,2.049458e+01,2.055045e+01,2.059932e+01,2.060629e+01,2.058536e+01,2.061327e+01,2.070394e+01,2.071789e+01,2.077363e+01,2.081543e+01,2.101023e+01,2.091287e+01,2.085024e+01,2.091287e+01,2.085024e+01,2.078757e+01,2.089896e+01,2.085024e+01,2.084328e+01,2.082239e+01,2.080846e+01,2.085720e+01,2.080846e+01,2.078060e+01,2.081543e+01,2.076667e+01,2.082935e+01,2.072486e+01,2.085720e+01,2.081543e+01,2.084328e+01,2.085720e+01,2.082935e+01,2.079453e+01,2.088504e+01,2.082239e+01,2.086416e+01,2.083632e+01,2.085024e+01,2.085024e+01,2.089896e+01,2.092679e+01,2.083632e+01,2.082239e+01,2.083632e+01,2.082239e+01,2.092679e+01,2.095461e+01,2.088504e+01,2.086416e+01,2.074576e+01,2.070394e+01,2.088504e+01,2.082935e+01,2.085720e+01,2.082239e+01,2.074576e+01,2.082239e+01,2.080846e+01,2.078757e+01,2.080150e+01,2.082935e+01,2.082239e+01,2.064118e+01,2.082239e+01,2.075970e+01,2.075970e+01,2.075273e+01,2.079453e+01,2.080150e+01,2.085720e+01,2.078757e+01,2.075970e+01,2.088504e+01,2.077363e+01,2.091983e+01,2.081543e+01,2.080846e+01,2.083632e+01,2.090592e+01,2.088504e+01,2.075970e+01,2.071091e+01,2.085024e+01,2.082935e+01,2.078060e+01,2.087808e+01,2.075970e+01,2.083632e+01,2.085024e+01,2.078060e+01,2.080150e+01,2.088504e+01,2.083632e+01,2.075970e+01,2.081543e+01,2.082935e+01,2.083632e+01,2.078757e+01,2.085024e+01,2.085024e+01,2.085024e+01,2.087112e+01,2.072486e+01,2.084328e+01,2.082239e+01,2.085720e+01,2.085024e+01,2.075273e+01,2.088504e+01,2.084328e+01,2.081543e+01,2.090592e+01,2.087112e+01,2.096156e+01,2.071789e+01,2.085720e+01,2.086416e+01,2.094765e+01,2.074576e+01,2.092679e+01,2.075970e+01,2.086416e+01,2.085720e+01,2.071789e+01,2.083632e+01,2.083632e+01,2.076667e+01,2.083632e+01,2.083632e+01,2.094765e+01,2.084328e+01,2.083632e+01,2.076667e+01,2.066908e+01,2.081543e+01,2.082935e+01,2.078060e+01,2.079453e+01,2.087808e+01,2.078060e+01,2.088504e+01,2.080846e+01,2.075273e+01,2.080150e+01,2.078060e+01,2.080846e+01,2.083632e+01,2.082935e+01,2.078757e+01,2.087112e+01,2.080846e+01,2.082935e+01,2.087112e+01,2.085720e+01,2.095461e+01,2.081543e+01,2.082239e+01,2.084328e+01,2.085720e+01,2.083632e+01,2.078757e+01,2.090592e+01,2.087808e+01,2.084328e+01,2.084328e+01,2.080846e+01,2.080846e+01,2.080846e+01,2.085024e+01,2.080846e+01,2.089200e+01,2.087112e+01,2.081543e+01,2.086416e+01,2.077363e+01,2.083632e+01,2.085024e+01,2.088504e+01,2.093374e+01,2.087112e+01,2.085720e+01,2.099632e+01,2.087808e+01,2.083632e+01,2.082935e+01,2.081543e+01,2.085720e+01,2.089200e+01,2.069000e+01,2.073879e+01,2.089896e+01,2.076667e+01,2.085024e+01,2.074576e+01,2.081543e+01,2.079453e+01,2.079453e+01,2.085720e+01,2.085024e+01,2.077363e+01,2.076667e+01,2.073182e+01,2.075970e+01,2.091287e+01,2.085024e+01,2.077363e+01,2.087112e+01,2.085024e+01,2.085720e+01,2.086416e+01,2.087112e+01,2.087112e+01,2.089896e+01,2.085720e+01,2.089200e+01,2.095461e+01,2.084328e+01,2.098937e+01,2.089896e+01,2.094070e+01,2.088504e+01,2.092679e+01,2.087808e+01,2.090592e+01,2.097547e+01,2.096156e+01,2.096852e+01,2.097547e+01,2.096156e+01,2.105887e+01,2.096156e+01,2.096156e+01,2.094070e+01,2.096156e+01,2.094765e+01,2.105887e+01,2.094070e+01,2.091287e+01,2.094765e+01,2.096852e+01,2.101023e+01,2.093374e+01,2.095461e+01,2.091287e+01,2.090592e+01,2.093374e+01,2.098242e+01,2.094070e+01,2.098242e+01,2.093374e+01,2.090592e+01,2.072486e+01,2.098937e+01,2.101023e+01,2.091983e+01,2.092679e+01,2.090592e+01,2.096852e+01,2.091287e+01,2.080150e+01,2.092679e+01,2.077363e+01,2.079453e+01,2.092679e+01,2.090592e+01,2.092679e+01,2.081543e+01,2.087112e+01,2.086416e+01,2.087112e+01,2.073879e+01,2.083632e+01,2.084328e+01,2.075273e+01,2.087808e+01,2.078060e+01,2.078060e+01,2.089896e+01,2.091983e+01,2.078060e+01,2.084328e+01,2.081543e+01,2.085720e+01,2.062723e+01,2.087112e+01,2.080150e+01,2.087112e+01,2.091287e+01,2.091287e+01,2.082935e+01,2.084328e+01,2.124627e+01,2.087808e+01,2.079453e+01,2.075273e+01,2.085720e+01,2.085024e+01,2.098242e+01,2.081543e+01,2.082935e+01,2.089200e+01,2.089896e+01,2.081543e+01,2.073879e+01,2.094765e+01,2.078757e+01,2.082239e+01,2.084328e+01,2.081543e+01,2.070394e+01,2.082239e+01,2.089200e+01,2.091287e+01,2.085720e+01,2.088504e+01,2.084328e+01,2.091287e+01,2.075970e+01,2.077363e+01,2.075970e+01,2.080150e+01,2.075273e+01,2.088504e+01,2.094070e+01,2.094765e+01,2.085024e+01,2.063420e+01,2.076667e+01,2.089200e+01,2.078757e+01,2.093374e+01,2.077363e+01
2.006753e+01,2.003946e+01,2.010961e+01,2.009559e+01,2.015168e+01,2.050157e+01,2.057838e+01,2.062723e+01,2.073182e+01,2.075273e+01,2.073182e+01,2.078757e+01,2.073182e+01,2.083632e+01,2.078060e+01,2.074576e+01,2.064816e+01,2.061327e+01,2.066908e+01,2.069000e+01,2.048061e+01,2.064118e+01,2.081543e+01,2.072486e+01,2.079453e+01,2.076667e+01,2.075970e+01,2.076667e+01,2.083632e+01,2.078757e+01,2.066211e+01,2.072486e+01,2.065513e+01,2.079453e+01,2.085024e+01,2.081543e+01,2.080150e+01,2.084328e+01,2.076667e+01,2.075970e+01,2.078757e+01,2.078060e+01,2.076667e+01,2.077363e+01,2.080846e+01,2.094070e+01,2.071091e+01,2.072486e+01,2.078060e+01,2.068303e+01,2.071091e+01,2.073182e+01,2.073879e+01,2.082239e+01,2.075273e+01,2.100327e+01,2.076667e+01,2.089200e+01,2.084328e+01,2.078757e+01,2.074576e+01,2.072486e+01,2.092679e+01,2.085720e+01,2.090592e+01,2.093374e+01,2.082935e+01,2.084328e+01,2.078060e+01,2.080150e+01,2.071091e+01,2.071789e+01,2.071091e+01,2.075970e+01,2.091287e+01,2.075970e+01,2.096852e+01,2.098937e+01,2.075970e+01,2.091983e+01,2.075970e+01,2.079453e+01,2.080846e+01,2.080846e+01,2.079453e+01,2.076667e+01,2.077363e+01,2.077363e+01,2.094765e+01,2.081543e+01,2.085024e+01,2.075273e+01,2.075273e+01,2.075970e+01,2.067605e+01,2.078757e+01,2.085720e+01,2.085024e+01,2.080150e+01,2.080846e+01,2.082239e+01,2.077363e+01,2.086416e+01,2.075970e+01,2.080150e+01,2.073182e+01,2.081543e+01,2.073879e+01,2.078060e+01,2.077363e+01,2.084328e+01,2.080846e+01,2.077363e+01,2.085720e+01,2.075273e+01,2.082239e+01,2.081543e+01,2.083632e+01,2.073879e+01,2.080150e+01,2.085024e+01,2.080150e+01,2.073879e+01,2.083632e+01,2.080150e+01,2.073182e+01,2.077363e+01,2.080846e+01,2.084328e+01,2.084328e+01,2.072486e+01,2.091983e+01,2.075273e+01,2.080846e+01,2.081543e+01,2.091287e+01,2.086416e+01,2.080846e+01,2.085024e+01,2.071091e+01,2.078060e+01,2.084328e+01,2.087808e+01,2.078757e+01,2.081543e+01,2.079453e+01,2.080150e+01,2.078757e+01,2.080846e+01,2.082239e+01,2.078757e+01,2.064816e+01,2.079453e+01,2.053649e+01,2.069697e+01,2.051554e+01,2.048759e+01,2.049458e+01,2.027778e+01,2.029178e+01,2.027778e+01,2.021475e+01,2.024977e+01,2.022876e+01,1.996224e+01,1.974428e+01,1.982871e+01,1.984277e+01,1.977243e+01,1.969500e+01,1.967388e+01,1.977243e+01,1.984277e+01,1.983574e+01,1.977243e+01,1.995521e+01,1.995521e+01,1.998330e+01,2.011663e+01,2.007454e+01,2.024277e+01,2.036875e+01,2.044567e+01,2.040372e+01,2.055045e+01,2.045266e+01,2.059932e+01,2.052950e+01,2.062723e+01,2.064816e+01,2.057140e+01,2.041071e+01,2.056442e+01,2.043169e+01,2.050855e+01,2.050855e+01,2.050855e+01,2.053649e+01,2.041770e+01,2.059932e+01,2.052950e+01,2.041770e+01,2.050157e+01,2.038974e+01,2.039673e+01,2.038974e+01,2.047362e+01,2.048061e+01,2.031978e+01,2.045266e+01,2.030578e+01,2.031278e+01,2.045266e+01,2.044567e+01,2.045964e+01,2.054347e+01,2.075273e+01,2.073879e+01,2.069000e+01,2.077363e+01,2.075970e+01,2.079453e+01,2.082239e+01,2.084328e+01,2.078757e+01,2.072486e+01,2.074576e+01,2.075273e+01,2.076667e+01,2.096156e+01,2.075273e+01,2.076667e+01,2.080150e+01,2.078757e+01,2.073879e+01,2.082935e+01,2.067605e+01,2.082239e+01,2.082239e+01,2.078060e+01,2.078060e+01,2.069000e+01,2.082239e+01,2.069000e+01,2.067605e+01,2.076667e+01,2.064118e+01,2.071789e+01,2.069000e+01,2.069697e+01,2.069697e+01,2.075273e+01,2.065513e+01,2.069697e+01,2.066908e+01,2.065513e+01,2.059932e+01,2.066211e+01,2.061327e+01,2.069000e+01,2.059234e+01,2.060629e+01,2.062025e+01,2.050157e+01,2.038974e+01,2.041071e+01,2.048061e+01,2.038974e+01,2.041071e+01,2.041071e+01,2.021475e+01,2.032678e+01,2.035476e+01,2.025677e+01,2.043169e+01,2.037575e+01,2.040372e+01,2.037575e+01,2.038274e+01,2.056442e+01,2.064118e+01,2.072486e+01,2.085720e+01,2.082935e+01,2.083632e+01,2.085720e+01,2.083632e+01,2.077363e+01,2.089200e+01,2.076667e+01,2.082239e+01,2.082935e+01,2.077363e+01,2.074576e+01,2.078060e+01,2.064816e+01,2.069697e+01,2.060629e+01,2.065513e+01,2.057140e+01,2.056442e+01,2.059234e+01,2.055743e+01,2.057838e+01,2.053649e+01,2.057140e+01,2.050157e+01,2.048061e+01,2.057140e+01,2.059932e+01,2.062723e+01,2.059932e+01,2.075273e+01,2.078757e+01,2.087808e+01,2.099632e+01,2.082935e+01,2.089896e+01,2.087112e+01,2.088504e+01,2.087112e+01,2.085024e+01,2.085024e+01,2.088504e+01,2.083632e+01,2.082935e+01,2.082935e+01,2.083632e+01,2.084328e+01,2.083632e+01,2.078757e+01,2.080150e+01,2.078060e+01,2.083632e+01,2.078757e+01,2.082239e+01,2.078060e+01,2.094765e+01,2.079453e+01,2.091287e+01,2.084328e+01,2.081543e+01,2.082935e+01,2.080846e+01,2.082239e+01,2.080150e+01,2.085024e+01,2.085720e+01,2.085720e+01,2.084328e+01,2.073879e+01,2.076667e+01,2.078757e+01,2.081543e+01,2.075970e+01,2.098937e+01,2.091287e+01,2.073182e+01,2.085024e+01,2.082935e+01,2.087112e+01,2.085720e+01,2.096852e+01,2.083632e+01,2.080846e+01,2.080150e+01,2.078757e+01,2.072486e+01,2.091287e+01,2.083632e+01,2.085720e+01,2.088504e+01,2.076667e+01,2.074576e+01,2.077363e+01,2.083632e+01,2.075970e+01,2.079453e+01,2.082935e+01,2.076667e+01,2.076667e+01,2.079453e+01,2.078060e+01,2.080150e+01,2.081543e+01,2.081543e+01,2.082935e+01,2.083632e+01,2.081543e+01,2.080846e+01,2.085024e+01,2.085024e+01,2.084328e+01,2.094070e+01,2.075273e+01,2.080846e+01,2.091287e+01,2.074576e+01,2.075273e+01,2.082239e+01,2.079453e+01,2.083632e+01,2.084328e+01,2.075970e+01,2.089200e+01,2.080846e+01,2.085024e+01,2.085720e+01,2.082935e+01,2.084328e+01,2.074576e+01,2.076667e+01,2.095461e+01,2.087808e+01,2.085720e+01,2.089896e+01,2.076667e+01,2.085720e+01,2.090592e+01,2.079453e+01,2.082935e+01,2.078757e+01,2.084328e+01,2.073182e+01,2.083632e+01,2.082935e+01,2.082239e+01,2.102413e+01,2.071789e+01,2.078060e+01,2.082239e+01,2.084328e+01,2.084328e+01,2.084328e+01,2.081543e+01,2.070394e+01,2.082239e+01,2.082239e+01,2.085720e+01,2.083632e+01,2.101718e+01,2.091983e+01,2.092679e+01,2.093374e+01,2.081543e+01,2.089896e+01,2.087112e+01,2.083632e+01,2.087112e+01,2.085720e+01,2.081543e+01,2.093374e+01,2.084328e+01,2.076667e+01,2.078757e+01,2.078060e+01,2.082239e+01,2.087112e+01,2.094070e+01,2.084328e+01,2.088504e+01,2.089200e+01,2.103107e+01,2.094070e+01,2.082239e+01,2.084328e+01,2.092679e+01,2.071091e+01,2.091983e+01,2.080150e+01,2.081543e+01,2.084328e+01,2.085720e+01,2.080150e+01,2.082935e+01,2.081543e+01,2.079453e+01,2.083632e+01,2.081543e+01,2.079453e+01,2.080150e+01,2.084328e+01,2.090592e+01,2.094765e+01,2.078757e+01,2.078757e+01,2.085720e+01,2.089200e+01,2.088504e+01,2.078060e+01,2.087808e+01,2.085720e+01,2.082239e+01,2.086416e+01,2.080150e+01,2.080150e+01,2.071789e+01,2.078060e+01,2.081543e+01,2.091287e+01,2.073182e+01,2.082935e+01,2.081543e+01,2.081543e+01,2.080150e+01,2.077363e+01,2.081543e+01,2.082935e+01,2.078060e+01,2.078060e+01,2.085024e+01,2.086416e+01,2.085720e+01,2.086416e+01,2.077363e+01,2.077363e+01,2.075970e+01,2.088504e+01,2.085024e+01,2.084328e+01,2.085024e+01,2.072486e+01,2.083632e+01,2.085720e+01,2.084328e+01,2.078757e+01,2.083632e+01,2.086416e+01,2.091287e+01,2.084328e+01,2.094765e+01,2.100327e+01,2.090592e+01,2.101023e+01,2.098242e+01,2.094765e+01,2.098242e+01,2.099632e+01,2.105887e+01,2.103107e+01,2.096852e+01,2.101718e+01,2.099632e+01,2.099632e+01,2.096156e+01,2.092679e+01,2.093374e+01,2.094765e+01,2.100327e+01,2.098937e+01,2.092679e+01,2.101023e+01,2.101023e+01,2.096156e+01,2.096852e+01,2.097547e+01,2.091287e+01,2.093374e+01,2.099632e+01,2.087112e+01,2.097547e+01,2.089896e+01,2.085720e+01,2.079453e+01,2.078757e+01,2.089896e+01,2.091983e+01,2.096156e+01,2.085720e+01,2.086416e+01,2.091287e+01,2.080150e+01,2.091983e+01,2.083632e+01,2.088504e+01,2.084328e+01,2.091983e+01,2.081543e+01,2.102413e+01,2.085720e+01,2.088504e+01,2.085720e+01,2.087808e+01,2.080846e+01,2.087808e+01,2.080846e+01,2.079453e+01,2.089200e+01,2.090592e+01,2.078757e+01,2.084328e+01,2.084328e+01,2.080846e+01,2.081543e+01,2.086416e+01,2.081543e+01,2.084328e+01,2.084328e+01,2.078060e+01,2.081543e+01,2.086416e+01,2.089200e+01,2.085720e+01,2.082239e+01,2.084328e+01,2.079453e+01,2.084328e+01,2.080150e+01,2.082935e+01,2.088504e+01,2.088504e+01,2.090592e+01,2.089896e+01,2.079453e+01,2.085720e+01,2.091983e+01,2.083632e+01,2.080150e+01,2.102413e+01,2.080846e+01,2.091983e+01,2.085720e+01,2.075970e+01,2.087808e+01,2.089896e+01,2.080846e+01,2.090592e+01,2.073182e+01,2.075273e+01,2.087808e+01,2.088504e+01,2.087112e+01,2.089200e+01,2.083632e+01,2.078757e+01,2.078060e+01,2.077363e+01,2.096156e+01,2.083632e+01,2.086416e+01
1.997628e+01,1.995521e+01,2.008156e+01,2.012364e+01,2.029878e+01,2.052252e+01,2.056442e+01,2.078757e+01,2.081543e+01,2.066908e+01,2.080846e+01,2.071091e+01,2.067605e+01,2.071789e+01,2.048061e+01,2.076667e+01,2.068303e+01,2.071091e+01,2.057838e+01,2.052252e+01,2.066211e+01,2.051554e+01,2.066908e+01,2.067605e+01,2.078757e+01,2.081543e+01,2.075273e+01,2.074576e+01,2.075970e+01,2.076667e+01,2.076667e+01,2.071091e+01,2.071789e+01,2.064118e+01,2.075273e+01,2.080150e+01,2.073879e+01,2.085720e+01,2.083632e+01,2.082935e+01,2.083632e+01,2.085024e+01,2.066211e+01,2.073879e+01,2.075970e+01,2.082239e+01,2.073182e+01,2.068303e+01,2.073182e+01,2.066908e+01,2.062723e+01,2.083632e+01,2.071789e+01,2.062723e+01,2.075273e+01,2.071091e+01,2.071091e+01,2.085720e+01,2.073879e+01,2.081543e+01,2.080846e+01,2.078060e+01,2.080150e+01,2.088504e+01,2.085720e+01,2.082935e+01,2.082935e+01,2.065513e+01,2.072486e+01,2.066908e+01,2.077363e+01,2.086416e+01,2.074576e+01,2.082935e+01,2.070394e+01,2.085720e+01,2.087808e+01,2.087808e+01,2.082935e+01,2.079453e+01,2.079453e+01,2.079453e+01,2.074576e+01,2.079453e+01,2.103107e+01,2.075970e+01,2.080150e+01,2.085024e+01,2.080846e+01,2.080150e+01,2.082239e+01,2.075273e+01,2.072486e+01,2.077363e+01,2.082935e+01,2.078757e+01,2.069000e+01,2.084328e+01,2.074576e+01,2.071789e+01,2.079453e+01,2.089200e+01,2.075273e+01,2.081543e+01,2.074576e+01,2.075273e+01,2.076667e+01,2.073879e+01,2.089200e+01,2.074576e+01,2.086416e+01,2.075970e+01,2.076667e+01,2.071091e+01,2.083632e+01,2.071789e+01,2.084328e+01,2.072486e+01,2.075273e+01,2.075273e+01,2.073182e+01,2.074576e+01,2.092679e+01,2.076667e+01,2.076667e+01,2.082239e+01,2.075970e+01,2.074576e+01,2.081543e+01,2.088504e+01,2.078060e+01,2.090592e+01,2.082935e+01,2.081543e+01,2.080150e+01,2.088504e+01,2.089200e+01,2.085720e+01,2.079453e+01,2.071789e+01,2.078060e+01,2.087112e+01,2.083632e+01,2.087808e+01,2.087112e+01,2.085024e+01,2.069697e+01,2.078757e+01,2.071789e+01,2.071091e+01,2.083632e+01,2.079453e+01,2.075273e+01,2.079453e+01,2.051554e+01,2.070394e+01,2.059932e+01,2.051554e+01,2.050157e+01,2.034077e+01,2.033377e+01,2.033377e+01,2.027778e+01,2.027778e+01,2.001139e+01,1.989901e+01,1.989901e+01,1.992711e+01,1.987792e+01,1.969500e+01,1.980761e+01,1.989198e+01,1.992711e+01,1.980058e+01,1.996926e+01,1.995521e+01,2.013766e+01,2.008156e+01,2.007454e+01,2.025677e+01,2.015869e+01,2.025677e+01,2.034777e+01,2.048061e+01,2.052950e+01,2.055045e+01,2.052252e+01,2.055045e+01,2.055743e+01,2.057140e+01,2.059932e+01,2.057838e+01,2.052252e+01,2.050855e+01,2.041770e+01,2.044567e+01,2.043868e+01,2.057838e+01,2.040372e+01,2.044567e+01,2.052252e+01,2.043169e+01,2.046663e+01,2.036875e+01,2.041770e+01,2.038274e+01,2.036875e+01,2.038974e+01,2.034077e+01,2.020774e+01,2.037575e+01,2.041071e+01,2.033377e+01,2.046663e+01,2.047362e+01,2.046663e+01,2.062025e+01,2.070394e+01,2.081543e+01,2.075273e+01,2.079453e+01,2.072486e+01,2.082239e+01,2.082935e+01,2.086416e+01,2.080846e+01,2.076667e+01,2.075970e+01,2.088504e+01,2.074576e+01,2.076667e+01,2.078757e+01,2.086416e+01,2.077363e+01,2.069697e+01,2.069697e+01,2.078757e+01,2.078060e+01,2.069697e+01,2.069697e+01,2.081543e+01,2.085720e+01,2.064118e+01,2.064816e+01,2.066908e+01,2.066908e+01,2.060629e+01,2.070394e+01,2.069000e+01,2.082239e+01,2.073182e+01,2.068303e+01,2.070394e+01,2.071091e+01,2.059234e+01,2.073182e+01,2.064816e+01,2.062723e+01,2.061327e+01,2.057838e+01,2.060629e+01,2.059234e+01,2.059234e+01,2.052950e+01,2.057140e+01,2.046663e+01,2.060629e+01,2.045964e+01,2.042470e+01,2.040372e+01,2.041071e+01,2.039673e+01,2.038974e+01,2.032678e+01,2.035476e+01,2.050855e+01,2.047362e+01,2.042470e+01,2.043169e+01,2.050157e+01,2.064816e+01,2.062723e+01,2.085720e+01,2.069697e+01,2.082935e+01,2.081543e+01,2.079453e+01,2.088504e+01,2.086416e+01,2.080150e+01,2.070394e+01,2.087112e+01,2.080846e+01,2.082239e+01,2.081543e+01,2.065513e+01,2.066211e+01,2.054347e+01,2.056442e+01,2.058536e+01,2.055743e+01,2.055743e+01,2.061327e+01,2.053649e+01,2.050855e+01,2.052252e+01,2.053649e+01,2.058536e+01,2.057838e+01,2.058536e+01,2.050157e+01,2.064816e+01,2.077363e+01,2.085024e+01,2.056442e+01,2.064118e+01,2.084328e+01,2.076667e+01,2.088504e+01,2.083632e+01,2.091287e+01,2.079453e+01,2.065513e+01,2.090592e+01,2.087112e+01,2.080846e+01,2.075273e+01,2.082239e+01,2.084328e+01,2.078757e+01,2.080150e+01,2.080150e+01,2.080846e+01,2.079453e+01,2.080846e+01,2.079453e+01,2.082935e+01,2.080150e+01,2.085024e+01,2.080150e+01,2.083632e+01,2.085024e+01,2.080846e+01,2.084328e+01,2.091983e+01,2.085024e+01,2.086416e+01,2.084328e+01,2.069000e+01,2.086416e+01,2.080846e+01,2.085024e+01,2.095461e+01,2.081543e+01,2.092679e+01,2.087808e+01,2.085024e+01,2.085024e+01,2.084328e+01,2.098242e+01,2.079453e+01,2.094070e+01,2.098242e+01,2.073182e+01,2.077363e+01,2.075970e+01,2.083632e+01,2.073182e+01,2.078060e+01,2.083632e+01,2.092679e+01,2.082239e+01,2.077363e+01,2.075970e+01,2.074576e+01,2.074576e+01,2.085024e+01,2.078060e+01,2.079453e+01,2.079453e+01,2.084328e+01,2.075273e+01,2.080150e+01,2.080150e+01,2.082239e+01,2.078757e+01,2.077363e+01,2.086416e+01,2.066211e+01,2.069000e+01,2.078757e+01,2.082935e+01,2.081543e+01,2.091287e+01,2.082239e+01,2.080846e+01,2.075970e+01,2.080846e+01,2.085720e+01,2.084328e+01,2.084328e+01,2.076667e+01,2.085720e+01,2.080846e+01,2.085720e+01,2.084328e+01,2.088504e+01,2.084328e+01,2.076667e+01,2.079453e+01,2.082239e+01,2.082935e+01,2.077363e+01,2.094765e+01,2.087112e+01,2.091983e+01,2.079453e+01,2.075273e+01,2.085024e+01,2.073879e+01,2.071091e+01,2.073879e+01,2.080150e+01,2.073182e+01,2.079453e+01,2.080150e+01,2.080150e+01,2.083632e+01,2.085720e+01,2.080846e+01,2.082239e+01,2.071789e+01,2.086416e+01,2.082935e+01,2.083632e+01,2.082935e+01,2.082935e+01,2.084328e+01,2.081543e+01,2.084328e+01,2.086416e+01,2.069000e+01,2.080846e+01,2.093374e+01,2.091983e+01,2.092679e+01,2.091287e+01,2.077363e+01,2.080846e+01,2.089200e+01,2.080150e+01,2.081543e+01,2.088504e+01,2.080846e+01,2.091287e+01,2.077363e+01,2.078757e+01,2.074576e+01,2.077363e+01,2.084328e+01,2.080150e+01,2.078757e+01,2.082935e+01,2.089200e+01,2.079453e+01,2.093374e+01,2.093374e+01,2.092679e+01,2.081543e+01,2.087808e+01,2.071789e+01,2.078757e+01,2.080150e+01,2.084328e+01,2.077363e+01,2.081543e+01,2.079453e+01,2.080846e+01,2.081543e+01,2.090592e+01,2.091287e+01,2.082935e+01,2.080150e+01,2.085024e+01,2.085720e+01,2.073182e+01,2.079453e+01,2.081543e+01,2.087808e+01,2.082239e+01,2.082239e+01,2.083632e+01,2.078060e+01,2.078757e+01,2.085720e+01,2.079453e+01,2.084328e+01,2.078060e+01,2.084328e+01,2.094765e+01,2.079453e+01,2.078757e+01,2.081543e+01,2.082935e+01,2.080150e+01,2.087808e+01,2.089200e+01,2.087808e+01,2.083632e+01,2.082239e+01,2.083632e+01,2.075970e+01,2.088504e+01,2.084328e+01,2.058536e+01,2.086416e+01,2.075970e+01,2.081543e+01,2.083632e+01,2.073879e+01,2.084328e+01,2.078060e+01,2.089896e+01,2.075970e+01,2.089200e+01,2.096852e+01,2.085720e+01,2.094765e+01,2.094070e+01,2.092679e+01,2.077363e+01,2.100327e+01,2.094765e+01,2.096852e+01,2.103107e+01,2.104497e+01,2.097547e+01,2.093374e+01,2.100327e+01,2.103802e+01,2.096852e+01,2.095461e+01,2.100327e+01,2.092679e+01,2.096852e+01,2.094765e+01,2.093374e+01,2.096852e+01,2.093374e+01,2.094070e+01,2.092679e+01,2.098242e+01,2.093374e+01,2.094070e+01,2.091983e+01,2.084328e+01,2.089896e+01,2.075970e+01,2.094765e+01,2.087808e+01,2.085720e+01,2.089200e+01,2.068303e+01,2.089200e+01,2.082935e+01,2.087112e+01,2.090592e+01,2.089896e+01,2.092679e+01,2.076667e+01,2.092679e+01,2.078060e+01,2.087808e+01,2.089200e+01,2.083632e+01,2.084328e+01,2.075970e+01,2.081543e+01,2.089896e+01,2.084328e+01,2.082239e+01,2.085720e+01,2.080846e+01,2.088504e+01,2.078060e+01,2.075970e+01,2.082239e+01,2.082935e+01,2.083632e+01,2.075970e+01,2.080846e+01,2.080150e+01,2.075273e+01,2.066908e+01,2.089200e+01,2.080150e+01,2.083632e+01,2.084328e+01,2.075273e+01,2.086416e+01,2.086416e+01,2.091287e+01,2.077363e+01,2.078060e+01,2.085720e+01,2.091287e+01,2.087112e+01,2.079453e+01,2.087112e+01,2.075273e+01,2.087808e+01,2.070394e+01,2.092679e+01,2.082239e+01,2.087112e+01,2.081543e+01,2.071091e+01,2.095461e+01,2.075970e+01,2.080150e+01,2.083632e+01,2.084328e+01,2.078060e+01,2.089200e+01,2.084328e+01,2.091287e+01,2.073182e+01,2.092679e+01,2.074576e+01,2.090592e+01,2.082935e+01,2.086416e+01,2.086416e+01,2.089896e+01,2.089896e+01,2.085024e+01,2.078060e+01,2.078060e+01,2.076667e+01,2.087112e+01
1.999033e+01,2.004648e+01,2.008857e+01,2.020774e+01,2.048759e+01,2.062723e+01,2.070394e+01,2.071789e+01,2.078060e+01,2.072486e+01,2.072486e+01,2.071789e+01,2.078060e+01,2.076667e+01,2.071091e+01,2.064816e+01,2.057140e+01,2.067605e+01,2.047362e+01,2.065513e+01,2.062723e+01,2.059234e+01,2.069000e+01,2.066211e+01,2.076667e+01,2.077363e+01,2.079453e+01,2.077363e+01,2.075273e+01,2.078757e+01,2.082239e+01,2.087808e+01,2.079453e+01,2.076667e+01,2.077363e+01,2.078757e+01,2.073879e+01,2.084328e+01,2.080150e+01,2.078060e+01,2.080846e+01,2.076667e+01,2.079453e+01,2.078060e+01,2.077363e+01,2.080846e+01,2.071789e+01,2.071091e+01,2.092679e+01,2.088504e+01,2.071091e+01,2.073182e+01,2.080150e+01,2.077363e+01,2.083632e+01,2.083632e+01,2.074576e+01,2.073879e+01,2.071789e+01,2.083632e+01,2.074576e+01,2.080846e+01,2.084328e+01,2.080150e+01,2.069000e+01,2.081543e+01,2.081543e+01,2.094070e+01,2.075970e+01,2.077363e+01,2.085720e+01,2.075273e+01,2.073182e+01,2.074576e+01,2.073879e+01,2.071091e+01,2.080150e+01,2.070394e+01,2.088504e+01,2.078757e+01,2.078060e+01,2.078060e+01,2.079453e+01,2.082935e+01,2.078060e+01,2.075970e+01,2.078757e+01,2.078060e+01,2.081543e+01,2.082239e+01,2.077363e+01,2.077363e+01,2.086416e+01,2.073879e+01,2.084328e+01,2.073182e+01,2.072486e+01,2.084328e+01,2.082239e+01,2.080150e+01,2.076667e+01,2.085720e+01,2.068303e+01,2.078060e+01,2.075970e+01,2.078060e+01,2.078060e+01,2.074576e+01,2.082935e+01,2.083632e+01,2.084328e+01,2.080150e+01,2.080846e+01,2.087112e+01,2.073182e+01,2.074576e+01,2.076667e+01,2.075273e+01,2.076667e+01,2.091287e+01,2.073879e+01,2.075273e+01,2.089200e+01,2.086416e+01,2.078757e+01,2.079453e+01,2.069000e+01,2.082239e+01,2.075273e+01,2.082239e+01,2.084328e+01,2.081543e+01,2.091983e+01,2.084328e+01,2.087112e+01,2.088504e+01,2.083632e+01,2.081543e+01,2.071789e+01,2.085024e+01,2.078060e+01,2.073879e+01,2.075273e+01,2.084328e+01,2.084328e+01,2.071091e+01,2.066908e+01,2.080150e+01,2.075273e+01,2.077363e+01,2.071091e+01,2.082239e+01,2.073879e+01,2.072486e+01,2.066908e+01,2.046663e+01,2.047362e+01,2.040372e+01,2.035476e+01,2.031278e+01,2.029878e+01,2.031978e+01,2.039673e+01,2.028478e+01,2.027078e+01,2.002542e+01,1.996224e+01,1.996224e+01,1.992711e+01,1.980761e+01,1.982871e+01,1.980058e+01,2.003946e+01,1.994117e+01,1.998330e+01,1.996926e+01,2.008857e+01,2.008156e+01,2.024277e+01,2.019373e+01,2.018673e+01,2.028478e+01,2.029178e+01,2.022176e+01,2.037575e+01,2.048759e+01,2.062025e+01,2.057140e+01,2.076667e+01,2.058536e+01,2.078060e+01,2.057140e+01,2.057838e+01,2.057140e+01,2.043868e+01,2.043169e+01,2.037575e+01,2.043169e+01,2.039673e+01,2.043169e+01,2.034077e+01,2.042470e+01,2.039673e+01,2.035476e+01,2.047362e+01,2.044567e+01,2.038974e+01,2.041770e+01,2.043868e+01,2.031978e+01,2.042470e+01,2.064118e+01,2.043868e+01,2.047362e+01,2.048061e+01,2.044567e+01,2.063420e+01,2.075970e+01,2.070394e+01,2.068303e+01,2.080846e+01,2.081543e+01,2.076667e+01,2.084328e+01,2.080150e+01,2.069697e+01,2.085024e+01,2.091287e+01,2.073879e+01,2.086416e+01,2.075273e+01,2.073182e+01,2.077363e+01,2.081543e+01,2.075273e+01,2.078060e+01,2.079453e+01,2.079453e+01,2.065513e+01,2.077363e+01,2.067605e+01,2.071789e+01,2.062025e+01,2.062723e+01,2.065513e+01,2.062723e+01,2.064816e+01,2.057140e+01,2.074576e+01,2.069697e+01,2.066908e+01,2.055743e+01,2.070394e+01,2.070394e+01,2.074576e+01,2.066211e+01,2.077363e+01,2.062723e+01,2.067605e+01,2.072486e+01,2.066908e+01,2.057140e+01,2.058536e+01,2.058536e+01,2.059932e+01,2.051554e+01,2.058536e+01,2.043169e+01,2.043169e+01,2.041770e+01,2.043169e+01,2.037575e+01,2.039673e+01,2.043169e+01,2.044567e+01,2.062025e+01,2.050157e+01,2.041770e+01,2.043868e+01,2.060629e+01,2.066908e+01,2.078060e+01,2.065513e+01,2.064816e+01,2.081543e+01,2.082239e+01,2.082239e+01,2.087808e+01,2.081543e+01,2.085720e+01,2.085720e+01,2.081543e+01,2.080846e+01,2.072486e+01,2.072486e+01,2.075970e+01,2.062723e+01,2.062025e+01,2.062723e+01,2.058536e+01,2.062723e+01,2.051554e+01,2.041770e+01,2.056442e+01,2.053649e+01,2.060629e+01,2.050855e+01,2.054347e+01,2.055045e+01,2.050855e+01,2.061327e+01,2.063420e+01,2.068303e+01,2.077363e+01,2.078757e+01,2.081543e+01,2.085024e+01,2.078060e+01,2.088504e+01,2.089896e+01,2.083632e+01,2.084328e+01,2.085720e+01,2.085720e+01,2.083632e+01,2.086416e+01,2.082935e+01,2.082239e+01,2.089200e+01,2.083632e+01,2.085720e+01,2.084328e+01,2.082935e+01,2.080846e+01,2.081543e+01,2.083632e+01,2.083632e+01,2.076667e+01,2.086416e+01,2.077363e+01,2.077363e+01,2.086416e+01,2.080846e+01,2.088504e+01,2.087112e+01,2.085024e+01,2.091287e+01,2.097547e+01,2.087808e+01,2.077363e+01,2.081543e+01,2.094070e+01,2.094070e+01,2.094765e+01,2.077363e+01,2.086416e+01,2.086416e+01,2.089200e+01,2.087808e+01,2.090592e+01,2.084328e+01,2.083632e+01,2.101718e+01,2.089200e+01,2.085720e+01,2.091287e+01,2.085024e+01,2.071091e+01,2.081543e+01,2.085024e+01,2.098937e+01,2.075970e+01,2.075970e+01,2.072486e+01,2.073879e+01,2.073182e+01,2.073182e+01,2.079453e+01,2.090592e+01,2.078757e+01,2.080150e+01,2.072486e+01,2.093374e+01,2.088504e+01,2.076667e+01,2.081543e+01,2.073182e+01,2.072486e+01,2.080150e+01,2.071091e+01,2.091287e+01,2.078757e+01,2.082935e+01,2.083632e+01,2.081543e+01,2.080150e+01,2.082935e+01,2.083632e+01,2.078060e+01,2.077363e+01,2.087112e+01,2.083632e+01,2.087112e+01,2.085024e+01,2.083632e+01,2.089896e+01,2.083632e+01,2.080150e+01,2.083632e+01,2.087112e+01,2.081543e+01,2.086416e+01,2.080150e+01,2.069000e+01,2.090592e+01,2.068303e+01,2.080150e+01,2.081543e+01,2.082935e+01,2.089200e+01,2.082239e+01,2.079453e+01,2.087112e+01,2.080846e+01,2.079453e+01,2.083632e+01,2.075970e+01,2.081543e+01,2.078757e+01,2.075273e+01,2.083632e+01,2.073182e+01,2.095461e+01,2.086416e+01,2.083632e+01,2.080846e+01,2.091983e+01,2.082935e+01,2.081543e+01,2.088504e+01,2.080150e+01,2.075273e+01,2.084328e+01,2.085024e+01,2.078757e+01,2.087112e+01,2.087112e+01,2.090592e+01,2.085720e+01,2.078060e+01,2.091287e+01,2.087808e+01,2.085720e+01,2.087112e+01,2.102413e+01,2.078757e+01,2.079453e+01,2.089200e+01,2.091287e+01,2.083632e+01,2.081543e+01,2.080150e+01,2.074576e+01,2.080846e+01,2.085024e+01,2.085024e+01,2.080150e+01,2.078757e+01,2.082935e+01,2.074576e+01,2.091287e+01,2.090592e+01,2.075273e+01,2.076667e+01,2.080846e+01,2.082935e+01,2.080846e+01,2.080846e+01,2.093374e+01,2.082239e+01,2.092679e+01,2.081543e+01,2.078060e+01,2.078060e+01,2.084328e+01,2.091983e+01,2.086416e+01,2.087112e+01,2.083632e+01,2.089896e+01,2.077363e+01,2.078757e+01,2.082239e+01,2.084328e+01,2.086416e+01,2.085720e+01,2.078757e+01,2.082239e+01,2.082239e+01,2.092679e+01,2.093374e+01,2.080846e+01,2.086416e+01,2.082935e+01,2.085024e+01,2.053649e+01,2.078060e+01,2.075970e+01,2.077363e+01,2.080846e+01,2.075970e+01,2.078060e+01,2.088504e+01,2.078757e+01,2.078060e+01,2.076667e+01,2.081543e+01,2.082935e+01,2.076667e+01,2.091287e+01,2.087808e+01,2.070394e+01,2.089896e+01,2.082239e+01,2.088504e+01,2.084328e+01,2.087808e+01,2.085720e+01,2.105887e+01,2.105192e+01,2.072486e+01,2.094070e+01,2.096156e+01,2.095461e+01,2.093374e+01,2.100327e+01,2.101023e+01,2.094070e+01,2.099632e+01,2.097547e+01,2.096852e+01,2.103107e+01,2.103107e+01,2.099632e+01,2.102413e+01,2.098242e+01,2.097547e+01,2.104497e+01,2.096852e+01,2.091287e+01,2.093374e+01,2.096156e+01,2.096852e+01,2.095461e+01,2.094765e+01,2.090592e+01,2.098937e+01,2.098242e+01,2.095461e+01,2.091287e+01,2.089896e+01,2.096156e+01,2.090592e+01,2.098242e+01,2.085720e+01,2.082935e+01,2.093374e+01,2.089896e+01,2.093374e+01,2.087808e+01,2.089200e+01,2.079453e+01,2.090592e+01,2.080150e+01,2.091287e+01,2.083632e+01,2.074576e+01,2.089896e+01,2.089896e+01,2.086416e+01,2.086416e+01,2.088504e+01,2.087112e+01,2.092679e+01,2.078757e+01,2.087808e+01,2.089896e+01,2.085024e+01,2.085720e+01,2.073879e+01,2.087808e+01,2.066211e+01,2.080150e+01,2.088504e+01,2.076667e+01,2.082239e+01,2.075273e+01,2.082935e+01,2.090592e+01,2.082935e+01,2.084328e+01,2.080150e+01,2.075970e+01,2.074576e+01,2.078757e+01,2.086416e+01,2.083632e+01,2.086416e+01,2.081543e+01,2.081543e+01,2.085720e+01,2.080150e+01,2.079453e+01,2.073879e+01,2.073879e+01,2.076667e+01,2.069000e+01,2.079453e+01,2.090592e+01,2.076667e+01,2.090592e+01,2.089200e+01,2.075970e+01,2.080846e+01,2.090592e+01,2.089200e+01,2.077363e+01,2.082239e+01,2.073182e+01,2.080846e+01,2.084328e+01,2.077363e+01,2.087808e+01,2.077363e+01,2.081543e+01,2.079453e+01,2.077363e+01,2.082935e+01,2.097547e+01,2.084328e+01
1.987792e+01,2.006753e+01,2.014467e+01,2.048759e+01,2.050855e+01,2.057140e+01,2.061327e+01,2.071091e+01,2.073879e+01,2.064118e+01,2.075273e+01,2.073879e+01,2.069000e+01,2.080150e+01,2.080150e+01,2.070394e+01,2.080150e+01,2.078060e+01,2.041770e+01,2.054347e+01,2.060629e+01,2.060629e+01,2.065513e+01,2.066908e+01,2.080150e+01,2.072486e+01,2.075273e+01,2.078060e+01,2.075970e+01,2.078757e+01,2.080846e+01,2.064118e+01,2.077363e+01,2.085024e+01,2.073182e+01,2.076667e+01,2.075273e+01,2.074576e+01,2.072486e+01,2.083632e+01,2.078757e+01,2.069000e+01,2.076667e+01,2.078757e+01,2.077363e+01,2.077363e+01,2.071091e+01,2.077363e+01,2.083632e+01,2.072486e+01,2.082935e+01,2.078060e+01,2.079453e+01,2.079453e+01,2.075970e+01,2.078060e+01,2.087808e+01,2.071091e+01,2.089200e+01,2.076667e+01,2.066908e+01,2.081543e+01,2.078060e+01,2.082239e+01,2.083632e+01,2.078757e+01,2.078757e+01,2.096156e+01,2.082239e+01,2.081543e+01,2.084328e+01,2.082239e+01,2.075970e+01,2.087808e+01,2.084328e+01,2.075970e+01,2.088504e+01,2.093374e+01,2.073879e+01,2.056442e+01,2.086416e+01,2.087112e+01,2.075273e+01,2.077363e+01,2.075970e+01,2.078060e+01,2.079453e+01,2.075273e+01,2.078060e+01,2.076667e+01,2.080150e+01,2.081543e+01,2.078757e+01,2.072486e+01,2.087808e+01,2.081543e+01,2.081543e+01,2.083632e+01,2.082239e+01,2.077363e+01,2.073182e+01,2.086416e+01,2.080846e+01,2.080150e+01,2.075970e+01,2.076667e+01,2.079453e+01,2.080846e+01,2.079453e+01,2.085720e+01,2.081543e+01,2.072486e+01,2.075273e+01,2.078757e+01,2.077363e+01,2.078060e+01,2.077363e+01,2.083632e+01,2.085024e+01,2.091983e+01,2.071091e+01,2.085024e+01,2.089896e+01,2.082935e+01,2.082239e+01,2.078757e+01,2.068303e+01,2.082239e+01,2.077363e+01,2.074576e+01,2.078757e+01,2.078757e+01,2.076667e+01,2.082239e+01,2.083632e+01,2.088504e+01,2.085720e+01,2.080846e+01,2.080150e+01,2.081543e+01,2.075970e+01,2.075273e+01,2.071789e+01,2.089200e+01,2.075273e+01,2.081543e+01,2.086416e+01,2.087808e+01,2.071789e+01,2.075970e+01,2.082239e+01,2.082935e+01,2.082239e+01,2.069697e+01,2.055743e+01,2.062025e+01,2.052252e+01,2.046663e+01,2.049458e+01,2.045964e+01,2.037575e+01,2.052950e+01,2.031278e+01,2.026378e+01,2.031278e+01,2.027078e+01,2.024277e+01,1.996926e+01,1.990604e+01,1.996224e+01,1.984277e+01,2.013766e+01,1.999033e+01,2.006753e+01,2.020774e+01,2.002542e+01,1.999735e+01,2.012364e+01,2.015869e+01,2.008156e+01,2.008857e+01,2.016570e+01,2.020774e+01,2.019373e+01,2.022876e+01,2.047362e+01,2.051554e+01,2.055743e+01,2.066211e+01,2.058536e+01,2.059932e+01,2.059234e+01,2.059234e+01,2.053649e+01,2.040372e+01,2.044567e+01,2.041071e+01,2.045964e+01,2.047362e+01,2.048759e+01,2.048759e+01,2.041770e+01,2.034077e+01,2.041071e+01,2.023577e+01,2.035476e+01,2.038974e+01,2.038974e+01,2.035476e+01,2.039673e+01,2.041770e+01,2.048061e+01,2.054347e+01,2.048061e+01,2.053649e+01,2.050157e+01,2.060629e+01,2.074576e+01,2.071789e+01,2.079453e+01,2.078060e+01,2.079453e+01,2.085720e+01,2.079453e+01,2.076667e+01,2.093374e+01,2.081543e+01,2.076667e+01,2.069697e+01,2.072486e+01,2.075970e+01,2.075273e+01,2.073879e+01,2.076667e+01,2.075273e+01,2.073879e+01,2.077363e+01,2.074576e+01,2.081543e+01,2.074576e+01,2.078060e+01,2.077363e+01,2.067605e+01,2.064816e+01,2.062723e+01,2.065513e+01,2.065513e+01,2.062723e+01,2.066908e+01,2.080150e+01,2.067605e+01,2.081543e+01,2.071789e+01,2.079453e+01,2.078060e+01,2.071091e+01,2.071091e+01,2.076667e+01,2.071789e+01,2.076667e+01,2.062723e+01,2.068303e+01,2.064816e+01,2.058536e+01,2.062723e+01,2.064118e+01,2.066211e+01,2.041770e+01,2.062723e+01,2.045266e+01,2.045964e+01,2.040372e+01,2.041071e+01,2.056442e+01,2.055045e+01,2.045266e+01,2.053649e+01,2.057838e+01,2.049458e+01,2.058536e+01,2.069697e+01,2.073182e+01,2.082935e+01,2.069000e+01,2.078060e+01,2.073182e+01,2.085720e+01,2.084328e+01,2.083632e+01,2.070394e+01,2.085024e+01,2.073182e+01,2.078060e+01,2.077363e+01,2.078757e+01,2.067605e+01,2.078757e+01,2.055743e+01,2.069000e+01,2.058536e+01,2.053649e+01,2.055743e+01,2.054347e+01,2.052252e+01,2.055743e+01,2.050157e+01,2.060629e+01,2.048061e+01,2.044567e+01,2.052950e+01,2.065513e+01,2.071789e+01,2.071091e+01,2.076667e+01,2.079453e+01,2.078060e+01,2.080846e+01,2.091983e+01,2.073879e+01,2.079453e+01,2.089896e+01,2.091287e+01,2.081543e+01,2.082239e+01,2.092679e+01,2.089200e+01,2.082239e+01,2.072486e+01,2.087808e+01,2.083632e+01,2.083632e+01,2.083632e+01,2.076667e+01,2.082935e+01,2.078060e+01,2.081543e+01,2.086416e+01,2.081543e+01,2.082239e+01,2.089200e+01,2.084328e+01,2.082239e+01,2.082239e+01,2.087808e+01,2.084328e+01,2.087808e+01,2.089200e+01,2.087808e+01,2.089200e+01,2.088504e+01,2.088504e+01,2.095461e+01,2.088504e+01,2.078060e+01,2.073879e+01,2.082239e+01,2.087808e+01,2.074576e+01,2.087112e+01,2.075273e+01,2.087808e+01,2.087112e+01,2.087112e+01,2.075970e+01,2.076667e+01,2.079453e+01,2.082239e+01,2.084328e+01,2.085720e+01,2.081543e+01,2.085720e+01,2.079453e+01,2.085720e+01,2.073182e+01,2.078757e+01,2.077363e+01,2.075970e+01,2.089200e+01,2.086416e+01,2.080150e+01,2.084328e+01,2.088504e+01,2.067605e+01,2.076667e+01,2.082239e+01,2.075970e+01,2.082935e+01,2.078060e+01,2.081543e+01,2.081543e+01,2.081543e+01,2.078060e+01,2.092679e+01,2.083632e+01,2.076667e+01,2.087112e+01,2.078060e+01,2.079453e+01,2.083632e+01,2.082935e+01,2.084328e+01,2.083632e+01,2.084328e+01,2.087112e+01,2.083632e+01,2.078757e+01,2.083632e+01,2.078757e+01,2.094070e+01,2.081543e+01,2.083632e+01,2.088504e+01,2.084328e+01,2.073879e+01,2.087112e+01,2.085720e+01,2.079453e+01,2.086416e+01,2.081543e+01,2.081543e+01,2.082935e+01,2.074576e+01,2.077363e+01,2.085024e+01,2.081543e+01,2.082239e+01,2.082935e+01,2.080150e+01,2.080846e+01,2.077363e+01,2.078757e+01,2.082239e+01,2.091287e+01,2.089896e+01,2.077363e+01,2.079453e+01,2.091287e+01,2.079453e+01,2.082935e+01,2.091287e+01,2.084328e+01,2.078757e+01,2.086416e+01,2.098937e+01,2.091287e+01,2.077363e+01,2.080846e+01,2.085024e+01,2.096852e+01,2.079453e+01,2.079453e+01,2.082935e+01,2.077363e+01,2.085720e+01,2.085720e+01,2.078060e+01,2.088504e+01,2.096852e+01,2.078757e+01,2.090592e+01,2.089896e+01,2.080846e+01,2.082935e+01,2.085720e+01,2.085024e+01,2.085024e+01,2.085720e+01,2.089200e+01,2.079453e+01,2.091983e+01,2.077363e+01,2.085720e+01,2.091287e+01,2.075273e+01,2.086416e+01,2.086416e+01,2.091983e+01,2.088504e+01,2.075970e+01,2.082239e+01,2.080846e+01,2.087808e+01,2.085720e+01,2.087808e+01,2.082935e+01,2.081543e+01,2.085720e+01,2.094070e+01,2.089896e+01,2.082935e+01,2.089896e+01,2.076667e+01,2.084328e+01,2.084328e+01,2.087808e+01,2.078060e+01,2.082239e+01,2.083632e+01,2.085024e+01,2.094765e+01,2.078757e+01,2.091983e+01,2.079453e+01,2.082935e+01,2.092679e+01,2.080150e+01,2.092679e+01,2.071091e+01,2.081543e+01,2.079453e+01,2.090592e+01,2.087808e+01,2.085024e+01,2.088504e+01,2.086416e+01,2.088504e+01,2.085720e+01,2.079453e+01,2.088504e+01,2.077363e+01,2.091287e+01,2.079453e+01,2.094070e+01,2.079453e+01,2.077363e+01,2.078757e+01,2.078757e+01,2.091287e+01,2.093374e+01,2.086416e+01,2.096852e+01,2.090592e+01,2.100327e+01,2.095461e+01,2.090592e+01,2.099632e+01,2.095461e+01,2.091983e+01,2.098937e+01,2.103107e+01,2.100327e+01,2.091983e+01,2.096156e+01,2.098937e+01,2.101718e+01,2.099632e+01,2.098937e+01,2.097547e+01,2.096852e+01,2.096156e+01,2.103802e+01,2.096156e+01,2.091287e+01,2.092679e+01,2.094765e+01,2.089896e+01,2.092679e+01,2.091983e+01,2.097547e+01,2.098242e+01,2.087808e+01,2.094070e+01,2.087808e+01,2.086416e+01,2.093374e+01,2.089200e+01,2.094765e+01,2.091983e+01,2.084328e+01,2.079453e+01,2.108665e+01,2.090592e+01,2.090592e+01,2.092679e+01,2.089896e+01,2.078060e+01,2.090592e+01,2.075273e+01,2.085720e+01,2.091287e+01,2.080150e+01,2.080846e+01,2.069697e+01,2.077363e+01,2.090592e+01,2.082239e+01,2.076667e+01,2.075970e+01,2.082935e+01,2.073182e+01,2.087112e+01,2.089896e+01,2.089200e+01,2.082935e+01,2.078757e+01,2.085720e+01,2.080150e+01,2.079453e+01,2.085024e+01,2.085024e+01,2.083632e+01,2.091287e+01,2.089896e+01,2.081543e+01,2.087808e+01,2.079453e+01,2.085024e+01,2.094765e+01,2.083632e+01,2.082935e+01,2.082935e+01,2.093374e+01,2.076667e+01,2.082935e+01,2.084328e+01,2.075273e+01,2.077363e+01,2.075970e+01,2.085720e+01,2.085720e+01,2.091287e+01,2.082239e+01,2.089200e+01,2.079453e+01,2.090592e+01,2.077363e+01,2.073182e+01,2.075970e+01,2.082239e+01,2.091983e+01,2.082239e+01,2.076667e+01,2.089896e+01,2.079453e+01,2.081543e+01,2.076667e+01,2.093374e+01,2.080150e+01,2.080846e+01,2.073879e+01
2.008857e+01,2.015869e+01,2.017271e+01,2.045964e+01,2.058536e+01,2.073879e+01,2.072486e+01,2.066908e+01,2.069000e+01,2.080846e+01,2.082239e+01,2.090592e+01,2.080150e+01,2.086416e+01,2.078757e+01,2.063420e+01,2.069697e+01,2.076667e+01,2.059234e+01,2.061327e+01,2.054347e+01,2.059932e+01,2.066211e+01,2.080846e+01,2.082239e+01,2.073182e+01,2.064118e+01,2.069697e+01,2.080150e+01,2.073879e+01,2.070394e+01,2.073182e+01,2.073879e+01,2.076667e+01,2.089896e+01,2.090592e+01,2.085024e+01,2.067605e+01,2.078060e+01,2.072486e+01,2.079453e+01,2.095461e+01,2.076667e+01,2.075970e+01,2.078060e+01,2.078757e+01,2.085720e+01,2.071091e+01,2.064118e+01,2.087808e+01,2.077363e+01,2.080846e+01,2.085024e+01,2.074576e+01,2.080150e+01,2.081543e+01,2.075970e+01,2.076667e+01,2.077363e+01,2.087808e+01,2.081543e+01,2.081543e+01,2.069697e+01,2.085720e+01,2.087112e+01,2.079453e+01,2.079453e+01,2.085720e+01,2.078060e+01,2.080846e+01,2.075970e+01,2.080150e+01,2.085024e+01,2.083632e+01,2.085720e+01,2.080150e+01,2.064816e+01,2.065513e+01,2.078757e+01,2.086416e+01,2.085720e+01,2.086416e+01,2.075970e+01,2.087112e+01,2.082935e+01,2.075273e+01,2.076667e+01,2.074576e+01,2.077363e+01,2.077363e+01,2.080150e+01,2.082239e+01,2.073182e+01,2.073182e+01,2.079453e+01,2.082239e+01,2.081543e+01,2.082239e+01,2.080150e+01,2.081543e+01,2.078757e+01,2.087112e+01,2.082239e+01,2.080846e+01,2.081543e+01,2.078060e+01,2.080846e+01,2.082239e+01,2.089200e+01,2.080846e+01,2.089200e+01,2.084328e+01,2.082935e+01,2.073182e+01,2.069697e+01,2.080150e+01,2.091983e+01,2.076667e+01,2.082935e+01,2.089200e+01,2.087112e+01,2.066908e+01,2.090592e+01,2.069697e+01,2.085720e+01,2.070394e+01,2.076667e+01,2.077363e+01,2.080846e+01,2.082239e+01,2.080846e+01,2.082935e+01,2.076667e+01,2.075273e+01,2.084328e+01,2.080846e+01,2.079453e+01,2.079453e+01,2.082239e+01,2.079453e+01,2.082239e+01,2.080150e+01,2.076667e+01,2.087112e+01,2.075273e+01,2.080150e+01,2.086416e+01,2.084328e+01,2.084328e+01,2.085024e+01,2.084328e+01,2.076667e+01,2.077363e+01,2.061327e+01,2.049458e+01,2.060629e+01,2.053649e+01,2.054347e+01,2.060629e+01,2.047362e+01,2.039673e+01,2.041770e+01,2.037575e+01,2.038274e+01,2.029178e+01,2.028478e+01,2.023577e+01,2.001139e+01,1.989901e+01,2.016570e+01,1.999735e+01,2.003946e+01,2.019373e+01,2.017271e+01,2.018673e+01,2.015869e+01,2.013065e+01,2.013766e+01,2.010961e+01,2.003946e+01,2.013766e+01,2.011663e+01,2.016570e+01,2.036176e+01,2.020074e+01,2.042470e+01,2.047362e+01,2.045964e+01,2.045964e+01,2.057140e+01,2.059234e+01,2.058536e+01,2.043169e+01,2.054347e+01,2.055045e+01,2.033377e+01,2.032678e+01,2.034077e+01,2.036176e+01,2.044567e+01,2.038974e+01,2.029878e+01,2.039673e+01,2.055743e+01,2.036875e+01,2.040372e+01,2.030578e+01,2.039673e+01,2.038274e+01,2.039673e+01,2.038274e+01,2.041770e+01,2.057140e+01,2.048759e+01,2.059234e+01,2.062723e+01,2.063420e+01,2.065513e+01,2.075273e+01,2.075970e+01,2.078060e+01,2.078757e+01,2.080846e+01,2.071789e+01,2.079453e+01,2.076667e+01,2.092679e+01,2.081543e+01,2.087112e+01,2.087112e+01,2.073182e+01,2.079453e+01,2.073879e+01,2.081543e+01,2.071789e+01,2.073182e+01,2.080150e+01,2.075273e+01,2.074576e+01,2.072486e+01,2.071789e+01,2.068303e+01,2.060629e+01,2.069697e+01,2.070394e+01,2.069000e+01,2.062025e+01,2.066211e+01,2.061327e+01,2.067605e+01,2.067605e+01,2.059932e+01,2.071091e+01,2.063420e+01,2.072486e+01,2.075970e+01,2.075273e+01,2.082935e+01,2.075273e+01,2.073182e+01,2.070394e+01,2.072486e+01,2.075273e+01,2.073879e+01,2.079453e+01,2.078757e+01,2.052950e+01,2.062025e+01,2.059234e+01,2.050855e+01,2.048759e+01,2.052950e+01,2.049458e+01,2.059234e+01,2.048061e+01,2.060629e+01,2.052950e+01,2.053649e+01,2.057838e+01,2.073879e+01,2.073879e+01,2.082935e+01,2.075273e+01,2.084328e+01,2.074576e+01,2.089200e+01,2.087808e+01,2.078060e+01,2.084328e+01,2.082239e+01,2.071789e+01,2.083632e+01,2.078060e+01,2.068303e+01,2.078757e+01,2.074576e+01,2.064118e+01,2.065513e+01,2.066908e+01,2.062723e+01,2.054347e+01,2.056442e+01,2.043868e+01,2.052950e+01,2.054347e+01,2.054347e+01,2.057140e+01,2.052950e+01,2.048061e+01,2.057838e+01,2.057140e+01,2.056442e+01,2.067605e+01,2.073182e+01,2.084328e+01,2.087112e+01,2.082239e+01,2.088504e+01,2.080150e+01,2.082935e+01,2.081543e+01,2.091983e+01,2.084328e+01,2.081543e+01,2.088504e+01,2.089200e+01,2.083632e+01,2.089200e+01,2.081543e+01,2.086416e+01,2.081543e+01,2.082239e+01,2.078060e+01,2.085024e+01,2.076667e+01,2.078060e+01,2.072486e+01,2.082239e+01,2.083632e+01,2.081543e+01,2.089200e+01,2.081543e+01,2.088504e+01,2.087808e+01,2.093374e+01,2.090592e+01,2.086416e+01,2.088504e+01,2.083632e+01,2.089896e+01,2.087808e+01,2.094070e+01,2.072486e+01,2.094070e+01,2.082935e+01,2.087808e+01,2.087808e+01,2.079453e+01,2.087112e+01,2.088504e+01,2.082935e+01,2.089896e+01,2.089200e+01,2.087112e+01,2.087112e+01,2.084328e+01,2.097547e+01,2.077363e+01,2.085720e+01,2.080846e+01,2.087112e+01,2.075970e+01,2.087808e+01,2.082239e+01,2.082239e+01,2.075273e+01,2.081543e+01,2.082935e+01,2.084328e+01,2.084328e+01,2.082935e+01,2.082239e+01,2.080846e+01,2.085720e+01,2.084328e+01,2.080846e+01,2.083632e+01,2.077363e+01,2.078060e+01,2.083632e+01,2.082239e+01,2.085024e+01,2.088504e+01,2.083632e+01,2.085024e+01,2.082935e+01,2.085024e+01,2.081543e+01,2.084328e+01,2.085024e+01,2.082935e+01,2.084328e+01,2.081543e+01,2.087808e+01,2.082239e+01,2.080846e+01,2.075970e+01,2.090592e+01,2.087112e+01,2.085024e+01,2.080846e+01,2.082935e+01,2.080150e+01,2.079453e+01,2.087112e+01,2.080150e+01,2.082935e+01,2.080150e+01,2.080150e+01,2.079453e+01,2.082239e+01,2.082239e+01,2.084328e+01,2.084328e+01,2.085024e+01,2.086416e+01,2.074576e+01,2.094070e+01,2.085720e+01,2.072486e+01,2.080846e+01,2.082935e+01,2.089200e+01,2.082935e+01,2.078060e+01,2.077363e+01,2.078060e+01,2.080150e+01,2.094070e+01,2.071789e+01,2.093374e+01,2.075273e+01,2.086416e+01,2.093374e+01,2.079453e+01,2.078757e+01,2.094765e+01,2.095461e+01,2.088504e+01,2.082239e+01,2.088504e+01,2.084328e+01,2.080150e+01,2.087112e+01,2.084328e+01,2.075970e+01,2.087808e+01,2.076667e+01,2.081543e+01,2.080846e+01,2.096852e+01,2.079453e+01,2.080846e+01,2.080846e+01,2.085720e+01,2.086416e+01,2.084328e+01,2.082935e+01,2.096852e+01,2.087112e+01,2.074576e+01,2.088504e+01,2.087112e+01,2.089200e+01,2.081543e+01,2.079453e+01,2.089896e+01,2.084328e+01,2.088504e+01,2.082239e+01,2.086416e+01,2.082935e+01,2.082935e+01,2.089200e+01,2.079453e+01,2.090592e+01,2.087112e+01,2.083632e+01,2.096156e+01,2.092679e+01,2.087808e+01,2.075273e+01,2.086416e+01,2.082239e+01,2.082239e+01,2.087808e+01,2.094070e+01,2.081543e+01,2.084328e+01,2.065513e+01,2.084328e+01,2.087112e+01,2.092679e+01,2.094070e+01,2.083632e+01,2.091983e+01,2.080846e+01,2.081543e+01,2.082239e+01,2.081543e+01,2.089896e+01,2.081543e+01,2.077363e+01,2.094070e+01,2.090592e+01,2.082935e+01,2.087808e+01,2.078060e+01,2.091983e+01,2.074576e+01,2.091983e+01,2.092679e+01,2.085720e+01,2.088504e+01,2.089200e+01,2.088504e+01,2.089200e+01,2.105192e+01,2.103802e+01,2.091287e+01,2.088504e+01,2.094070e+01,2.098242e+01,2.095461e+01,2.094070e+01,2.093374e+01,2.096156e+01,2.099632e+01,2.105192e+01,2.105192e+01,2.096156e+01,2.101023e+01,2.101718e+01,2.103107e+01,2.100327e+01,2.101023e+01,2.101718e+01,2.101023e+01,2.096156e+01,2.097547e+01,2.091287e+01,2.098937e+01,2.091983e+01,2.112831e+01,2.091983e+01,2.087112e+01,2.096156e+01,2.091983e+01,2.094765e+01,2.094765e+01,2.089200e+01,2.093374e+01,2.087808e+01,2.091287e+01,2.098242e+01,2.094070e+01,2.090592e+01,2.090592e+01,2.087808e+01,2.090592e+01,2.087808e+01,2.089200e+01,2.089200e+01,2.089896e+01,2.080150e+01,2.078060e+01,2.082239e+01,2.089896e+01,2.091983e+01,2.085720e+01,2.082935e+01,2.081543e+01,2.091287e+01,2.087112e+01,2.088504e+01,2.075273e+01,2.084328e+01,2.084328e+01,2.086416e+01,2.082239e+01,2.092679e+01,2.076667e+01,2.089896e+01,2.073879e+01,2.087112e+01,2.083632e+01,2.080846e+01,2.101718e+01,2.071789e+01,2.089200e+01,2.087112e+01,2.089896e+01,2.088504e+01,2.091983e+01,2.079453e+01,2.087112e+01,2.090592e+01,2.083632e+01,2.085024e+01,2.087808e+01,2.069697e+01,2.085024e+01,2.083632e+01,2.080846e+01,2.076667e+01,2.077363e+01,2.090592e+01,2.082935e+01,2.078757e+01,2.096156e+01,2.091287e+01,2.078757e+01,2.079453e+01,2.092679e+01,2.078757e+01,2.090592e+01,2.086416e+01,2.088504e+01,2.072486e+01,2.078060e+01,2.089896e+01,2.087808e+01,2.078757e+01,2.090592e+01,2.096156e+01,2.085024e+01,2.073879e+01,2.080846e+01,2.087808e+01,2.082239e+01
1.989198e+01,2.017972e+01,2.019373e+01,2.052950e+01,2.060629e+01,2.067605e+01,2.078757e+01,2.074576e+01,2.075273e+01,2.080846e+01,2.077363e+01,2.088504e+01,2.078060e+01,2.081543e+01,2.074576e+01,2.071789e+01,2.078757e+01,2.063420e+01,2.070394e+01,2.065513e+01,2.063420e+01,2.062025e+01,2.066211e+01,2.068303e+01,2.067605e+01,2.087808e+01,2.075273e+01,2.071091e+01,2.079453e+01,2.064118e+01,2.084328e+01,2.071789e+01,2.094765e+01,2.081543e+01,2.080150e+01,2.080846e+01,2.066211e+01,2.075970e+01,2.069000e+01,2.083632e+01,2.077363e+01,2.072486e+01,2.079453e+01,2.078060e+01,2.078757e+01,2.078757e+01,2.072486e+01,2.072486e+01,2.070394e+01,2.063420e+01,2.076667e+01,2.071091e+01,2.071789e+01,2.073182e+01,2.078060e+01,2.078757e+01,2.079453e+01,2.066908e+01,2.071789e+01,2.079453e+01,2.064816e+01,2.083632e+01,2.073879e+01,2.073879e+01,2.082935e+01,2.082239e+01,2.076667e+01,2.079453e+01,2.080150e+01,2.081543e+01,2.075273e+01,2.082239e+01,2.085024e+01,2.087112e+01,2.074576e+01,2.082935e+01,2.080846e+01,2.074576e+01,2.082935e+01,2.084328e+01,2.084328e+01,2.087112e+01,2.073879e+01,2.074576e+01,2.077363e+01,2.078757e+01,2.091983e+01,2.074576e+01,2.082935e+01,2.080150e+01,2.086416e+01,2.085720e+01,2.077363e+01,2.079453e+01,2.075273e+01,2.080150e+01,2.075970e+01,2.085720e+01,2.084328e+01,2.085024e+01,2.076667e+01,2.072486e+01,2.072486e+01,2.091983e+01,2.079453e+01,2.078757e+01,2.081543e+01,2.078060e+01,2.084328e+01,2.075970e+01,2.075273e+01,2.076667e+01,2.087808e+01,2.079453e+01,2.076667e+01,2.077363e+01,2.076667e+01,2.073182e+01,2.086416e+01,2.087112e+01,2.095461e+01,2.094070e+01,2.082239e+01,2.084328e+01,2.080846e+01,2.080846e+01,2.085024e+01,2.082239e+01,2.079453e+01,2.078757e+01,2.081543e+01,2.075273e+01,2.073879e+01,2.087808e+01,2.089896e+01,2.080846e+01,2.086416e+01,2.083632e+01,2.080846e+01,2.069000e+01,2.084328e+01,2.086416e+01,2.077363e+01,2.067605e+01,2.089200e+01,2.076667e+01,2.084328e+01,2.070394e+01,2.085024e+01,2.075273e+01,2.084328e+01,2.073182e+01,2.077363e+01,2.063420e+01,2.048061e+01,2.048061e+01,2.051554e+01,2.048061e+01,2.054347e+01,2.055045e+01,2.064118e+01,2.055045e+01,2.047362e+01,2.049458e+01,2.028478e+01,2.030578e+01,2.017972e+01,2.005350e+01,2.027778e+01,2.024977e+01,2.016570e+01,2.017972e+01,2.026378e+01,2.032678e+01,2.023577e+01,2.022876e+01,2.020074e+01,2.018673e+01,2.018673e+01,2.006753e+01,2.008857e+01,1.998330e+01,2.006051e+01,2.019373e+01,2.022876e+01,2.022176e+01,2.031278e+01,2.037575e+01,2.040372e+01,2.041770e+01,2.044567e+01,2.055743e+01,2.034777e+01,2.034777e+01,2.048061e+01,2.034777e+01,2.041770e+01,2.031978e+01,2.031978e+01,2.035476e+01,2.058536e+01,2.030578e+01,2.041071e+01,2.043169e+01,2.022876e+01,2.038974e+01,2.048759e+01,2.031978e+01,2.038274e+01,2.038974e+01,2.035476e+01,2.048061e+01,2.041770e+01,2.051554e+01,2.057140e+01,2.056442e+01,2.066211e+01,2.071789e+01,2.073879e+01,2.075970e+01,2.075273e+01,2.082239e+01,2.072486e+01,2.073182e+01,2.077363e+01,2.067605e+01,2.076667e+01,2.073182e+01,2.076667e+01,2.085720e+01,2.073182e+01,2.079453e+01,2.076667e+01,2.081543e+01,2.082935e+01,2.080846e+01,2.078757e+01,2.078757e+01,2.085720e+01,2.060629e+01,2.074576e+01,2.069697e+01,2.069697e+01,2.060629e+01,2.064816e+01,2.075273e+01,2.059234e+01,2.057838e+01,2.061327e+01,2.051554e+01,2.043868e+01,2.050157e+01,2.054347e+01,2.069000e+01,2.068303e+01,2.060629e+01,2.077363e+01,2.089896e+01,2.071091e+01,2.079453e+01,2.085024e+01,2.075970e+01,2.074576e+01,2.080846e+01,2.073182e+01,2.078060e+01,2.071091e+01,2.060629e+01,2.057140e+01,2.056442e+01,2.067605e+01,2.067605e+01,2.071091e+01,2.059932e+01,2.057140e+01,2.064118e+01,2.048759e+01,2.053649e+01,2.059932e+01,2.075970e+01,2.066908e+01,2.072486e+01,2.071091e+01,2.077363e+01,2.080150e+01,2.085720e+01,2.080846e+01,2.079453e+01,2.086416e+01,2.086416e+01,2.078757e+01,2.082239e+01,2.075273e+01,2.079453e+01,2.078060e+01,2.073182e+01,2.071091e+01,2.072486e+01,2.065513e+01,2.062025e+01,2.057140e+01,2.055743e+01,2.053649e+01,2.050855e+01,2.061327e+01,2.054347e+01,2.055743e+01,2.049458e+01,2.051554e+01,2.052252e+01,2.073879e+01,2.072486e+01,2.073182e+01,2.070394e+01,2.083632e+01,2.087808e+01,2.080846e+01,2.078757e+01,2.085720e+01,2.080150e+01,2.081543e+01,2.081543e+01,2.085720e+01,2.089896e+01,2.084328e+01,2.089200e+01,2.087112e+01,2.087112e+01,2.083632e+01,2.085024e+01,2.083632e+01,2.084328e+01,2.086416e+01,2.079453e+01,2.076667e+01,2.081543e+01,2.099632e+01,2.067605e+01,2.089200e+01,2.087808e+01,2.087808e+01,2.081543e+01,2.089200e+01,2.086416e+01,2.087808e+01,2.089896e+01,2.087112e+01,2.086416e+01,2.087112e+01,2.089200e+01,2.091983e+01,2.085024e+01,2.094765e+01,2.096852e+01,2.073182e+01,2.080150e+01,2.089200e+01,2.079453e+01,2.088504e+01,2.085720e+01,2.090592e+01,2.082935e+01,2.089200e+01,2.086416e+01,2.090592e+01,2.083632e+01,2.086416e+01,2.082935e+01,2.086416e+01,2.086416e+01,2.086416e+01,2.084328e+01,2.080846e+01,2.088504e+01,2.076667e+01,2.082239e+01,2.078757e+01,2.083632e+01,2.080150e+01,2.084328e+01,2.082239e+01,2.085720e+01,2.077363e+01,2.082239e+01,2.079453e+01,2.083632e+01,2.076667e+01,2.066908e+01,2.066211e+01,2.082935e+01,2.088504e+01,2.077363e+01,2.092679e+01,2.087112e+01,2.092679e+01,2.073182e+01,2.077363e+01,2.089200e+01,2.075273e+01,2.083632e+01,2.087808e+01,2.083632e+01,2.083632e+01,2.080846e+01,2.081543e+01,2.078060e+01,2.090592e+01,2.079453e+01,2.079453e+01,2.078757e+01,2.071789e+01,2.080150e+01,2.073879e+01,2.085720e+01,2.086416e+01,2.095461e+01,2.099632e+01,2.075970e+01,2.085024e+01,2.085024e+01,2.083632e+01,2.082239e+01,2.073182e+01,2.085024e+01,2.078757e+01,2.089200e+01,2.080150e+01,2.082935e+01,2.087112e+01,2.081543e+01,2.087112e+01,2.079453e+01,2.076667e+01,2.085720e+01,2.091287e+01,2.078060e+01,2.092679e+01,2.091287e+01,2.081543e+01,2.085720e+01,2.085024e+01,2.083632e+01,2.083632e+01,2.100327e+01,2.091287e+01,2.091983e+01,2.093374e+01,2.091287e+01,2.091983e+01,2.084328e+01,2.082935e+01,2.089200e+01,2.084328e+01,2.087112e+01,2.088504e+01,2.084328e+01,2.082935e+01,2.083632e+01,2.081543e+01,2.084328e+01,2.085024e+01,2.082239e+01,2.080150e+01,2.083632e+01,2.082239e+01,2.085720e+01,2.084328e+01,2.083632e+01,2.087112e+01,2.086416e+01,2.090592e+01,2.085024e+01,2.090592e+01,2.077363e+01,2.077363e+01,2.069000e+01,2.089200e+01,2.086416e+01,2.073182e+01,2.086416e+01,2.096156e+01,2.083632e+01,2.084328e+01,2.078060e+01,2.087112e+01,2.089200e+01,2.083632e+01,2.088504e+01,2.096852e+01,2.095461e+01,2.084328e+01,2.097547e+01,2.082239e+01,2.096156e+01,2.085024e+01,2.081543e+01,2.088504e+01,2.078757e+01,2.087112e+01,2.081543e+01,2.078757e+01,2.079453e+01,2.089896e+01,2.087112e+01,2.086416e+01,2.083632e+01,2.085024e+01,2.083632e+01,2.075273e+01,2.082935e+01,2.081543e+01,2.087112e+01,2.079453e+01,2.089896e+01,2.078757e+01,2.091983e+01,2.089896e+01,2.079453e+01,2.075970e+01,2.087808e+01,2.087112e+01,2.085024e+01,2.096156e+01,2.091287e+01,2.093374e+01,2.087808e+01,2.089896e+01,2.089896e+01,2.101023e+01,2.085024e+01,2.093374e+01,2.092679e+01,2.096852e+01,2.094765e+01,2.101718e+01,2.096852e+01,2.097547e+01,2.121852e+01,2.098242e+01,2.100327e+01,2.100327e+01,2.103107e+01,2.103802e+01,2.090592e+01,2.101023e+01,2.096852e+01,2.098242e+01,2.101023e+01,2.105887e+01,2.096852e+01,2.095461e+01,2.102413e+01,2.096852e+01,2.099632e+01,2.098937e+01,2.085720e+01,2.098242e+01,2.090592e+01,2.089896e+01,2.090592e+01,2.088504e+01,2.088504e+01,2.088504e+01,2.086416e+01,2.084328e+01,2.095461e+01,2.089200e+01,2.088504e+01,2.086416e+01,2.083632e+01,2.091983e+01,2.090592e+01,2.092679e+01,2.089896e+01,2.094765e+01,2.092679e+01,2.093374e+01,2.092679e+01,2.091287e+01,2.090592e+01,2.082239e+01,2.093374e+01,2.076667e+01,2.076667e+01,2.086416e+01,2.082935e+01,2.082239e+01,2.085720e+01,2.087808e+01,2.090592e+01,2.093374e+01,2.075273e+01,2.085720e+01,2.069000e+01,2.092679e+01,2.093374e+01,2.083632e+01,2.083632e+01,2.080846e+01,2.086416e+01,2.085720e+01,2.091287e+01,2.085024e+01,2.085720e+01,2.092679e+01,2.089896e+01,2.092679e+01,2.089896e+01,2.082239e+01,2.092679e+01,2.080150e+01,2.087112e+01,2.083632e+01,2.082239e+01,2.080846e+01,2.073182e+01,2.085720e+01,2.089896e+01,2.066211e+01,2.076667e+01,2.089200e+01,2.086416e+01,2.089200e+01,2.089896e+01,2.091983e+01,2.086416e+01,2.090592e+01,2.077363e+01,2.087112e+01,2.091287e+01,2.079453e+01,2.081543e+01,2.086416e+01,2.084328e+01,2.079453e+01,2.082935e+01,2.101718e+01,2.101023e+01,2.101023e+01,2.085024e+01
2.015168e+01,2.031978e+01,2.042470e+01,2.043169e+01,2.071789e+01,2.072486e+01,2.074576e+01,2.069697e+01,2.076667e+01,2.073182e+01,2.075970e+01,2.086416e+01,2.078060e+01,2.071091e+01,2.066908e+01,2.068303e+01,2.064118e+01,2.069697e+01,2.066908e+01,2.059932e+01,2.065513e+01,2.050157e+01,2.065513e+01,2.071091e+01,2.077363e+01,2.084328e+01,2.085024e+01,2.085720e+01,2.083632e+01,2.089896e+01,2.068303e+01,2.085024e+01,2.075970e+01,2.078757e+01,2.073879e+01,2.085720e+01,2.081543e+01,2.078060e+01,2.076667e+01,2.085720e+01,2.082935e+01,2.084328e+01,2.082239e+01,2.074576e+01,2.079453e+01,2.080150e+01,2.073879e+01,2.072486e+01,2.087112e+01,2.080846e+01,2.075970e+01,2.067605e+01,2.072486e+01,2.072486e+01,2.078757e+01,2.075273e+01,2.077363e+01,2.058536e+01,2.082239e+01,2.080150e+01,2.083632e+01,2.085720e+01,2.085720e+01,2.085720e+01,2.080846e+01,2.077363e+01,2.077363e+01,2.078060e+01,2.080150e+01,2.075970e+01,2.080150e+01,2.084328e+01,2.082239e+01,2.085024e+01,2.066211e+01,2.082935e+01,2.084328e+01,2.085024e+01,2.091287e+01,2.082935e+01,2.083632e+01,2.080846e+01,2.087112e+01,2.087112e+01,2.073879e+01,2.085024e+01,2.092679e+01,2.082239e+01,2.081543e+01,2.081543e+01,2.065513e+01,2.085720e+01,2.087112e+01,2.071091e+01,2.085720e+01,2.073182e+01,2.085720e+01,2.075970e+01,2.074576e+01,2.077363e+01,2.078060e+01,2.071091e+01,2.080150e+01,2.095461e+01,2.075970e+01,2.077363e+01,2.080846e+01,2.077363e+01,2.089200e+01,2.076667e+01,2.075970e+01,2.077363e+01,2.089896e+01,2.091983e+01,2.076667e+01,2.080150e+01,2.094070e+01,2.079453e+01,2.087112e+01,2.082935e+01,2.070394e+01,2.084328e+01,2.095461e+01,2.087808e+01,2.079453e+01,2.082935e+01,2.080150e+01,2.071789e+01,2.078757e+01,2.082239e+01,2.082239e+01,2.080846e+01,2.078060e+01,2.082935e+01,2.078060e+01,2.078757e+01,2.078060e+01,2.079453e+01,2.082935e+01,2.082935e+01,2.091287e+01,2.077363e+01,2.079453e+01,2.080150e+01,2.072486e+01,2.083632e+01,2.087112e+01,2.080846e+01,2.075273e+01,2.078757e+01,2.078757e+01,2.069697e+01,2.073182e+01,2.061327e+01,2.064118e+01,2.050855e+01,2.050855e+01,2.061327e+01,2.059234e+01,2.059932e+01,2.063420e+01,2.055045e+01,2.061327e+01,2.062025e+01,2.042470e+01,2.047362e+01,2.017271e+01,2.032678e+01,2.038974e+01,2.018673e+01,2.027778e+01,2.038974e+01,2.024977e+01,2.035476e+01,2.036875e+01,2.021475e+01,2.019373e+01,2.017972e+01,2.010961e+01,2.007454e+01,2.004648e+01,1.982168e+01,2.000437e+01,2.013766e+01,2.019373e+01,2.006051e+01,2.013065e+01,2.027078e+01,2.008857e+01,2.019373e+01,2.034077e+01,2.023577e+01,2.032678e+01,2.032678e+01,2.038974e+01,2.029178e+01,2.038274e+01,2.030578e+01,2.032678e+01,2.037575e+01,2.041770e+01,2.036875e+01,2.037575e+01,2.035476e+01,2.037575e+01,2.041071e+01,2.043169e+01,2.039673e+01,2.038974e+01,2.037575e+01,2.038974e+01,2.046663e+01,2.058536e+01,2.069000e+01,2.064816e+01,2.066211e+01,2.065513e+01,2.072486e+01,2.064816e+01,2.067605e+01,2.073182e+01,2.071091e+01,2.069697e+01,2.078757e+01,2.080846e+01,2.075273e+01,2.072486e+01,2.074576e+01,2.083632e+01,2.083632e+01,2.070394e+01,2.075273e+01,2.078060e+01,2.069000e+01,2.075273e+01,2.071789e+01,2.076667e+01,2.082935e+01,2.079453e+01,2.085024e+01,2.076667e+01,2.064816e+01,2.067605e+01,2.083632e+01,2.068303e+01,2.068303e+01,2.078060e+01,2.062025e+01,2.055743e+01,2.054347e+01,2.052252e+01,2.056442e+01,2.043868e+01,2.062723e+01,2.046663e+01,2.068303e+01,2.071091e+01,2.062025e+01,2.076667e+01,2.075273e+01,2.079453e+01,2.080150e+01,2.082935e+01,2.076667e+01,2.076667e+01,2.071789e+01,2.064816e+01,2.063420e+01,2.082239e+01,2.071091e+01,2.059932e+01,2.068303e+01,2.055743e+01,2.069000e+01,2.066908e+01,2.072486e+01,2.072486e+01,2.058536e+01,2.078757e+01,2.079453e+01,2.075970e+01,2.075970e+01,2.082935e+01,2.085024e+01,2.067605e+01,2.087808e+01,2.082239e+01,2.082239e+01,2.071091e+01,2.083632e+01,2.095461e+01,2.071789e+01,2.078060e+01,2.076667e+01,2.080846e+01,2.068303e+01,2.071789e+01,2.070394e+01,2.065513e+01,2.066211e+01,2.050855e+01,2.065513e+01,2.045266e+01,2.046663e+01,2.055045e+01,2.043169e+01,2.056442e+01,2.051554e+01,2.050157e+01,2.066908e+01,2.059932e+01,2.060629e+01,2.065513e+01,2.073879e+01,2.080846e+01,2.082935e+01,2.080150e+01,2.086416e+01,2.082239e+01,2.085720e+01,2.080846e+01,2.087112e+01,2.080150e+01,2.089896e+01,2.091983e+01,2.089200e+01,2.089896e+01,2.091287e+01,2.085720e+01,2.087808e+01,2.087808e+01,2.086416e+01,2.080150e+01,2.084328e+01,2.086416e+01,2.071789e+01,2.080150e+01,2.096852e+01,2.087112e+01,2.082935e+01,2.089896e+01,2.082239e+01,2.085024e+01,2.087112e+01,2.083632e+01,2.081543e+01,2.090592e+01,2.091983e+01,2.091983e+01,2.087112e+01,2.088504e+01,2.082935e+01,2.086416e+01,2.092679e+01,2.080150e+01,2.078060e+01,2.088504e+01,2.075970e+01,2.082239e+01,2.085720e+01,2.081543e+01,2.090592e+01,2.078757e+01,2.076667e+01,2.077363e+01,2.087808e+01,2.090592e+01,2.075273e+01,2.082239e+01,2.082239e+01,2.082239e+01,2.073879e+01,2.089200e+01,2.089896e+01,2.073182e+01,2.078060e+01,2.082935e+01,2.079453e+01,2.083632e+01,2.077363e+01,2.082239e+01,2.085720e+01,2.080150e+01,2.072486e+01,2.082239e+01,2.082935e+01,2.079453e+01,2.087112e+01,2.084328e+01,2.080846e+01,2.091983e+01,2.094070e+01,2.094765e+01,2.087112e+01,2.082935e+01,2.074576e+01,2.065513e+01,2.085720e+01,2.082239e+01,2.087112e+01,2.082935e+01,2.086416e+01,2.086416e+01,2.076667e+01,2.081543e+01,2.085720e+01,2.087112e+01,2.082935e+01,2.089896e+01,2.084328e+01,2.077363e+01,2.076667e+01,2.086416e+01,2.075273e+01,2.085720e+01,2.084328e+01,2.080846e+01,2.074576e+01,2.080846e+01,2.087112e+01,2.073879e+01,2.073182e+01,2.080150e+01,2.084328e+01,2.083632e+01,2.088504e+01,2.075970e+01,2.083632e+01,2.082239e+01,2.082239e+01,2.087808e+01,2.078060e+01,2.083632e+01,2.087112e+01,2.079453e+01,2.088504e+01,2.081543e+01,2.086416e+01,2.088504e+01,2.084328e+01,2.087808e+01,2.080846e+01,2.082935e+01,2.084328e+01,2.082239e+01,2.081543e+01,2.077363e+01,2.085720e+01,2.089896e+01,2.098937e+01,2.087112e+01,2.092679e+01,2.094070e+01,2.092679e+01,2.084328e+01,2.086416e+01,2.083632e+01,2.082935e+01,2.072486e+01,2.079453e+01,2.084328e+01,2.088504e+01,2.090592e+01,2.085720e+01,2.086416e+01,2.079453e+01,2.087808e+01,2.081543e+01,2.083632e+01,2.096156e+01,2.091287e+01,2.090592e+01,2.080846e+01,2.087808e+01,2.090592e+01,2.083632e+01,2.082935e+01,2.080846e+01,2.093374e+01,2.079453e+01,2.084328e+01,2.094070e+01,2.085720e+01,2.085720e+01,2.089896e+01,2.094765e+01,2.084328e+01,2.088504e+01,2.098937e+01,2.088504e+01,2.085024e+01,2.095461e+01,2.085720e+01,2.079453e+01,2.080150e+01,2.085024e+01,2.078060e+01,2.084328e+01,2.079453e+01,2.087112e+01,2.082239e+01,2.091983e+01,2.087808e+01,2.087808e+01,2.089200e+01,2.082239e+01,2.082239e+01,2.080150e+01,2.084328e+01,2.096156e+01,2.092679e+01,2.091287e+01,2.071789e+01,2.080150e+01,2.078757e+01,2.080150e+01,2.085024e+01,2.082239e+01,2.089200e+01,2.091287e+01,2.097547e+01,2.094070e+01,2.094765e+01,2.087112e+01,2.081543e+01,2.086416e+01,2.082935e+01,2.088504e+01,2.094070e+01,2.089200e+01,2.096156e+01,2.097547e+01,2.083632e+01,2.096852e+01,2.095461e+01,2.103107e+01,2.103107e+01,2.101718e+01,2.098937e+01,2.101023e+01,2.097547e+01,2.098937e+01,2.090592e+01,2.103802e+01,2.123240e+01,2.110748e+01,2.101718e+01,2.098937e+01,2.098937e+01,2.093374e+01,2.096156e+01,2.101023e+01,2.091983e+01,2.106581e+01,2.090592e+01,2.096852e+01,2.092679e+01,2.091287e+01,2.095461e+01,2.091983e+01,2.089896e+01,2.085720e+01,2.096852e+01,2.096156e+01,2.088504e+01,2.098242e+01,2.089896e+01,2.082239e+01,2.086416e+01,2.099632e+01,2.101718e+01,2.091983e+01,2.080846e+01,2.088504e+01,2.080150e+01,2.084328e+01,2.093374e+01,2.083632e+01,2.089896e+01,2.091287e+01,2.091287e+01,2.093374e+01,2.090592e+01,2.099632e+01,2.091287e+01,2.089200e+01,2.080846e+01,2.089200e+01,2.093374e+01,2.091983e+01,2.086416e+01,2.074576e+01,2.077363e+01,2.075970e+01,2.085720e+01,2.083632e+01,2.085024e+01,2.080150e+01,2.087112e+01,2.087112e+01,2.073182e+01,2.087808e+01,2.085720e+01,2.085720e+01,2.071789e+01,2.087112e+01,2.087112e+01,2.098242e+01,2.073182e+01,2.071091e+01,2.080846e+01,2.094070e+01,2.090592e+01,2.089896e+01,2.078060e+01,2.080150e+01,2.112137e+01,2.078757e+01,2.088504e+01,2.094070e+01,2.093374e+01,2.091287e+01,2.089896e+01,2.087808e+01,2.090592e+01,2.091287e+01,2.092679e+01,2.097547e+01,2.073879e+01,2.089200e+01,2.101023e+01,2.081543e+01,2.085720e+01,2.078757e+01,2.087112e+01,2.089200e+01,2.089200e+01,2.088504e+01,2.090592e+01,2.087808e+01
2.014467e+01,2.029178e+01,2.041770e+01,2.057838e+01,2.064816e+01,2.069000e+01,2.065513e+01,2.066211e+01,2.081543e+01,2.073182e+01,2.077363e+01,2.089896e+01,2.078060e+01,2.080150e+01,2.069697e+01,2.073182e+01,2.071091e+01,2.075970e+01,2.066211e+01,2.058536e+01,2.066211e+01,2.063420e+01,2.062723e+01,2.067605e+01,2.071789e+01,2.080846e+01,2.063420e+01,2.073182e+01,2.080846e+01,2.092679e+01,2.085024e+01,2.079453e+01,2.075273e+01,2.073182e+01,2.081543e+01,2.078757e+01,2.089200e+01,2.076667e+01,2.087808e+01,2.086416e+01,2.085720e+01,2.082239e+01,2.080846e+01,2.082935e+01,2.084328e+01,2.075273e+01,2.085720e+01,2.080150e+01,2.073879e+01,2.078757e+01,2.078060e+01,2.080150e+01,2.074576e+01,2.075970e+01,2.078060e+01,2.085024e+01,2.082239e+01,2.082935e+01,2.080150e+01,2.087112e+01,2.081543e+01,2.080150e+01,2.087808e+01,2.079453e+01,2.078757e+01,2.078060e+01,2.075970e+01,2.071789e+01,2.078060e+01,2.080846e+01,2.080846e+01,2.080846e+01,2.087112e+01,2.082935e+01,2.082935e+01,2.065513e+01,2.067605e+01,2.089200e+01,2.085024e+01,2.083632e+01,2.083632e+01,2.088504e+01,2.086416e+01,2.082935e+01,2.089200e+01,2.084328e+01,2.080150e+01,2.074576e+01,2.075970e+01,2.089200e+01,2.085024e+01,2.069697e+01,2.070394e+01,2.080150e+01,2.089200e+01,2.080846e+01,2.075970e+01,2.079453e+01,2.106581e+01,2.078757e+01,2.086416e+01,2.075970e+01,2.086416e+01,2.092679e+01,2.089200e+01,2.085720e+01,2.082239e+01,2.078060e+01,2.080150e+01,2.080150e+01,2.075970e+01,2.078757e+01,2.092679e+01,2.076667e+01,2.063420e+01,2.063420e+01,2.063420e+01,2.077363e+01,2.086416e+01,2.089200e+01,2.083632e+01,2.075273e+01,2.086416e+01,2.093374e+01,2.069000e+01,2.078060e+01,2.079453e+01,2.078757e+01,2.087808e+01,2.072486e+01,2.083632e+01,2.081543e+01,2.076667e+01,2.079453e+01,2.079453e+01,2.078757e+01,2.082935e+01,2.080846e+01,2.084328e+01,2.080150e+01,2.081543e+01,2.075970e+01,2.080150e+01,2.089200e+01,2.081543e+01,2.082935e+01,2.073879e+01,2.077363e+01,2.081543e+01,2.080150e+01,2.080150e+01,2.057140e+01,2.061327e+01,2.057140e+01,2.051554e+01,2.064118e+01,2.065513e+01,2.066908e+01,2.063420e+01,2.061327e+01,2.065513e+01,2.068303e+01,2.050855e+01,2.052252e+01,2.049458e+01,2.050157e+01,2.049458e+01,2.024977e+01,2.043169e+01,2.041071e+01,2.029878e+01,2.038274e+01,2.040372e+01,2.032678e+01,2.038274e+01,2.030578e+01,2.030578e+01,2.013065e+01,1.986386e+01,1.983574e+01,1.984980e+01,2.005350e+01,1.999033e+01,2.003244e+01,1.992009e+01,2.003946e+01,2.013065e+01,2.031278e+01,2.010260e+01,2.012364e+01,2.020074e+01,2.024977e+01,2.024277e+01,2.020074e+01,2.030578e+01,2.031978e+01,2.030578e+01,2.030578e+01,2.024277e+01,2.033377e+01,2.036176e+01,2.037575e+01,2.033377e+01,2.043868e+01,2.043868e+01,2.041071e+01,2.042470e+01,2.038974e+01,2.039673e+01,2.047362e+01,2.045266e+01,2.056442e+01,2.055743e+01,2.041770e+01,2.056442e+01,2.060629e+01,2.074576e+01,2.065513e+01,2.072486e+01,2.066908e+01,2.073879e+01,2.071789e+01,2.071789e+01,2.079453e+01,2.069697e+01,2.071789e+01,2.078757e+01,2.080846e+01,2.083632e+01,2.075970e+01,2.075273e+01,2.081543e+01,2.073879e+01,2.071789e+01,2.076667e+01,2.080846e+01,2.066908e+01,2.073879e+01,2.072486e+01,2.069000e+01,2.065513e+01,2.055743e+01,2.064816e+01,2.061327e+01,2.063420e+01,2.063420e+01,2.060629e+01,2.059234e+01,2.057838e+01,2.057838e+01,2.055743e+01,2.045266e+01,2.050157e+01,2.043868e+01,2.044567e+01,2.057838e+01,2.058536e+01,2.073182e+01,2.080846e+01,2.080846e+01,2.074576e+01,2.080150e+01,2.082935e+01,2.080150e+01,2.070394e+01,2.067605e+01,2.081543e+01,2.082239e+01,2.075970e+01,2.080846e+01,2.056442e+01,2.073879e+01,2.067605e+01,2.064118e+01,2.063420e+01,2.063420e+01,2.079453e+01,2.076667e+01,2.066211e+01,2.083632e+01,2.086416e+01,2.069000e+01,2.086416e+01,2.087112e+01,2.086416e+01,2.087808e+01,2.085720e+01,2.082239e+01,2.063420e+01,2.089896e+01,2.080150e+01,2.080846e+01,2.082935e+01,2.085024e+01,2.082239e+01,2.077363e+01,2.064118e+01,2.064118e+01,2.064816e+01,2.061327e+01,2.045964e+01,2.050855e+01,2.048061e+01,2.051554e+01,2.054347e+01,2.054347e+01,2.045266e+01,2.052252e+01,2.052252e+01,2.053649e+01,2.062025e+01,2.059234e+01,2.065513e+01,2.078757e+01,2.071789e+01,2.077363e+01,2.069697e+01,2.084328e+01,2.085720e+01,2.086416e+01,2.087112e+01,2.089200e+01,2.098242e+01,2.088504e+01,2.090592e+01,2.089200e+01,2.087112e+01,2.095461e+01,2.093374e+01,2.083632e+01,2.069000e+01,2.076667e+01,2.087112e+01,2.086416e+01,2.080150e+01,2.079453e+01,2.080846e+01,2.082935e+01,2.078060e+01,2.076667e+01,2.085024e+01,2.087808e+01,2.081543e+01,2.085024e+01,2.089896e+01,2.090592e+01,2.082239e+01,2.087808e+01,2.087808e+01,2.087808e+01,2.096852e+01,2.087112e+01,2.089896e+01,2.093374e+01,2.078060e+01,2.087112e+01,2.093374e+01,2.079453e+01,2.082239e+01,2.092679e+01,2.082239e+01,2.082239e+01,2.082239e+01,2.091287e+01,2.088504e+01,2.072486e+01,2.086416e+01,2.078060e+01,2.078060e+01,2.085024e+01,2.083632e+01,2.083632e+01,2.085720e+01,2.089200e+01,2.079453e+01,2.077363e+01,2.089896e+01,2.087808e+01,2.092679e+01,2.083632e+01,2.082935e+01,2.081543e+01,2.091287e+01,2.082239e+01,2.077363e+01,2.081543e+01,2.080846e+01,2.081543e+01,2.085720e+01,2.085024e+01,2.084328e+01,2.086416e+01,2.081543e+01,2.085720e+01,2.082935e+01,2.082935e+01,2.078757e+01,2.080150e+01,2.082935e+01,2.086416e+01,2.081543e+01,2.088504e+01,2.082239e+01,2.085720e+01,2.066211e+01,2.087112e+01,2.091983e+01,2.089896e+01,2.071091e+01,2.073182e+01,2.077363e+01,2.076667e+01,2.087808e+01,2.093374e+01,2.084328e+01,2.090592e+01,2.085720e+01,2.088504e+01,2.083632e+01,2.086416e+01,2.082239e+01,2.070394e+01,2.074576e+01,2.082935e+01,2.092679e+01,2.080846e+01,2.086416e+01,2.084328e+01,2.089896e+01,2.080150e+01,2.079453e+01,2.083632e+01,2.085024e+01,2.075970e+01,2.089200e+01,2.088504e+01,2.085024e+01,2.089200e+01,2.085720e+01,2.082239e+01,2.082239e+01,2.099632e+01,2.080150e+01,2.080846e+01,2.082935e+01,2.090592e+01,2.091983e+01,2.090592e+01,2.094070e+01,2.092679e+01,2.091287e+01,2.094070e+01,2.088504e+01,2.094070e+01,2.082239e+01,2.084328e+01,2.088504e+01,2.089200e+01,2.087808e+01,2.081543e+01,2.084328e+01,2.074576e+01,2.082935e+01,2.089896e+01,2.080846e+01,2.083632e+01,2.088504e+01,2.085024e+01,2.096156e+01,2.090592e+01,2.085720e+01,2.089200e+01,2.085024e+01,2.089896e+01,2.078757e+01,2.085024e+01,2.085720e+01,2.082239e+01,2.077363e+01,2.094070e+01,2.072486e+01,2.081543e+01,2.082935e+01,2.085024e+01,2.091287e+01,2.087808e+01,2.091287e+01,2.096156e+01,2.080150e+01,2.087808e+01,2.085024e+01,2.091983e+01,2.089200e+01,2.081543e+01,2.080150e+01,2.090592e+01,2.088504e+01,2.085720e+01,2.090592e+01,2.079453e+01,2.087808e+01,2.090592e+01,2.085024e+01,2.086416e+01,2.076667e+01,2.085024e+01,2.089200e+01,2.086416e+01,2.082935e+01,2.082239e+01,2.082935e+01,2.085024e+01,2.089200e+01,2.093374e+01,2.083632e+01,2.082935e+01,2.082239e+01,2.089200e+01,2.077363e+01,2.090592e+01,2.090592e+01,2.091287e+01,2.091983e+01,2.089896e+01,2.095461e+01,2.082239e+01,2.090592e+01,2.096852e+01,2.100327e+01,2.099632e+01,2.099632e+01,2.097547e+01,2.096852e+01,2.101023e+01,2.099632e+01,2.102413e+01,2.098242e+01,2.102413e+01,2.106581e+01,2.105887e+01,2.097547e+01,2.094070e+01,2.095461e+01,2.104497e+01,2.110054e+01,2.109360e+01,2.103802e+01,2.099632e+01,2.098242e+01,2.095461e+01,2.105192e+01,2.098937e+01,2.093374e+01,2.100327e+01,2.100327e+01,2.091983e+01,2.098937e+01,2.100327e+01,2.096156e+01,2.096156e+01,2.092679e+01,2.094765e+01,2.094765e+01,2.098242e+01,2.094070e+01,2.084328e+01,2.097547e+01,2.083632e+01,2.089200e+01,2.091287e+01,2.091287e+01,2.091287e+01,2.079453e+01,2.091287e+01,2.094070e+01,2.080846e+01,2.089200e+01,2.087112e+01,2.094070e+01,2.091287e+01,2.090592e+01,2.082935e+01,2.098242e+01,2.092679e+01,2.091287e+01,2.089896e+01,2.086416e+01,2.087112e+01,2.091983e+01,2.088504e+01,2.080846e+01,2.088504e+01,2.086416e+01,2.074576e+01,2.083632e+01,2.086416e+01,2.081543e+01,2.079453e+01,2.085720e+01,2.085720e+01,2.089200e+01,2.085720e+01,2.087112e+01,2.073879e+01,2.071091e+01,2.070394e+01,2.103107e+01,2.089200e+01,2.089896e+01,2.088504e+01,2.090592e+01,2.084328e+01,2.081543e+01,2.085720e+01,2.078060e+01,2.082935e+01,2.081543e+01,2.101023e+01,2.088504e+01,2.094070e+01,2.085720e+01,2.091983e+01,2.092679e+01,2.084328e+01,2.116996e+01,2.085024e+01,2.073879e+01,2.080150e+01,2.088504e+01,2.099632e+01,2.086416e+01,2.082239e+01,2.087808e+01,2.100327e+01,2.086416e+01,2.089896e+01,2.087112e+01,2.090592e+01,2.089896e+01,2.092679e+01
2.041770e+01,2.058536e+01,2.069697e+01,2.059932e+01,2.050855e+01,2.069697e+01,2.070394e+01,2.066211e+01,2.071789e+01,2.080846e+01,2.061327e+01,2.072486e+01,2.080150e+01,2.073182e+01,2.076667e+01,2.080846e+01,2.068303e+01,2.064816e+01,2.053649e+01,2.055743e+01,2.068303e+01,2.065513e+01,2.061327e+01,2.066211e+01,2.069000e+01,2.062025e+01,2.085024e+01,2.062025e+01,2.082935e+01,2.070394e+01,2.079453e+01,2.073879e+01,2.073182e+01,2.073182e+01,2.085720e+01,2.078757e+01,2.073879e+01,2.064816e+01,2.081543e+01,2.091287e+01,2.076667e+01,2.086416e+01,2.069697e+01,2.088504e+01,2.077363e+01,2.071091e+01,2.076667e+01,2.077363e+01,2.087808e+01,2.080846e+01,2.074576e+01,2.082239e+01,2.080150e+01,2.071091e+01,2.088504e+01,2.068303e+01,2.072486e+01,2.080150e+01,2.076667e+01,2.080150e+01,2.078060e+01,2.071789e+01,2.080150e+01,2.079453e+01,2.077363e+01,2.078060e+01,2.078757e+01,2.073182e+01,2.073879e+01,2.078757e+01,2.080846e+01,2.076667e+01,2.082935e+01,2.075273e+01,2.084328e+01,2.079453e+01,2.080846e+01,2.078060e+01,2.073879e+01,2.075970e+01,2.078060e+01,2.077363e+01,2.083632e+01,2.089200e+01,2.089200e+01,2.089896e+01,2.085720e+01,2.075970e+01,2.073182e+01,2.089200e+01,2.080846e+01,2.081543e+01,2.082935e+01,2.074576e+01,2.078060e+01,2.078060e+01,2.077363e+01,2.078060e+01,2.080846e+01,2.081543e+01,2.082239e+01,2.087808e+01,2.088504e+01,2.080846e+01,2.088504e+01,2.077363e+01,2.077363e+01,2.081543e+01,2.080150e+01,2.078060e+01,2.077363e+01,2.076667e+01,2.078060e+01,2.080150e+01,2.080846e+01,2.080150e+01,2.069000e+01,2.076667e+01,2.069000e+01,2.078757e+01,2.078757e+01,2.077363e+01,2.078757e+01,2.081543e+01,2.082935e+01,2.077363e+01,2.079453e+01,2.071091e+01,2.082239e+01,2.069697e+01,2.077363e+01,2.082935e+01,2.081543e+01,2.079453e+01,2.076667e+01,2.081543e+01,2.081543e+01,2.080150e+01,2.084328e+01,2.085720e+01,2.076667e+01,2.068303e+01,2.086416e+01,2.094070e+01,2.089896e+01,2.073879e+01,2.078060e+01,2.079453e+01,2.082239e+01,2.087112e+01,2.085720e+01,2.064816e+01,2.061327e+01,2.060629e+01,2.039673e+01,2.064118e+01,2.066908e+01,2.064816e+01,2.069697e+01,2.073879e+01,2.069000e+01,2.061327e+01,2.048759e+01,2.045964e+01,2.043868e+01,2.041071e+01,2.049458e+01,2.043169e+01,2.043868e+01,2.044567e+01,2.040372e+01,2.048759e+01,2.068303e+01,2.068303e+01,2.037575e+01,2.020774e+01,2.021475e+01,2.020774e+01,2.008857e+01,1.969500e+01,1.984980e+01,1.977243e+01,1.977947e+01,1.985683e+01,1.986386e+01,1.987792e+01,1.995521e+01,1.997628e+01,1.994117e+01,2.001139e+01,1.999735e+01,1.994819e+01,2.016570e+01,2.018673e+01,2.017972e+01,2.016570e+01,2.013766e+01,2.018673e+01,2.033377e+01,2.021475e+01,2.036875e+01,2.027778e+01,2.035476e+01,2.042470e+01,2.025677e+01,2.043169e+01,2.050855e+01,2.040372e+01,2.040372e+01,2.048759e+01,2.039673e+01,2.052950e+01,2.054347e+01,2.055045e+01,2.055743e+01,2.064118e+01,2.063420e+01,2.062025e+01,2.066211e+01,2.069000e+01,2.073879e+01,2.062025e+01,2.073879e+01,2.078060e+01,2.082239e+01,2.083632e+01,2.078757e+01,2.072486e+01,2.072486e+01,2.080150e+01,2.070394e+01,2.071091e+01,2.071091e+01,2.073182e+01,2.071789e+01,2.073182e+01,2.063420e+01,2.069000e+01,2.070394e+01,2.070394e+01,2.084328e+01,2.055045e+01,2.067605e+01,2.062025e+01,2.064118e+01,2.066211e+01,2.051554e+01,2.058536e+01,2.047362e+01,2.036875e+01,2.042470e+01,2.031978e+01,2.045266e+01,2.041770e+01,2.039673e+01,2.043868e+01,2.058536e+01,2.055045e+01,2.075273e+01,2.071789e+01,2.073879e+01,2.099632e+01,2.087808e+01,2.087112e+01,2.086416e+01,2.076667e+01,2.085024e+01,2.070394e+01,2.078060e+01,2.077363e+01,2.076667e+01,2.073182e+01,2.068303e+01,2.087112e+01,2.077363e+01,2.068303e+01,2.077363e+01,2.074576e+01,2.079453e+01,2.077363e+01,2.072486e+01,2.075273e+01,2.083632e+01,2.081543e+01,2.085024e+01,2.089200e+01,2.089200e+01,2.082935e+01,2.077363e+01,2.090592e+01,2.087112e+01,2.075273e+01,2.081543e+01,2.079453e+01,2.079453e+01,2.072486e+01,2.068303e+01,2.065513e+01,2.064816e+01,2.050157e+01,2.045964e+01,2.048061e+01,2.047362e+01,2.050157e+01,2.048061e+01,2.052252e+01,2.043868e+01,2.050855e+01,2.049458e+01,2.048759e+01,2.058536e+01,2.058536e+01,2.064816e+01,2.072486e+01,2.068303e+01,2.064118e+01,2.085720e+01,2.082935e+01,2.080846e+01,2.084328e+01,2.085024e+01,2.078757e+01,2.075273e+01,2.087808e+01,2.091983e+01,2.086416e+01,2.087112e+01,2.083632e+01,2.083632e+01,2.087112e+01,2.086416e+01,2.083632e+01,2.084328e+01,2.082935e+01,2.082935e+01,2.081543e+01,2.081543e+01,2.079453e+01,2.078757e+01,2.080846e+01,2.080846e+01,2.080150e+01,2.085720e+01,2.085024e+01,2.086416e+01,2.082239e+01,2.085720e+01,2.087808e+01,2.086416e+01,2.086416e+01,2.082239e+01,2.085024e+01,2.082935e+01,2.077363e+01,2.078060e+01,2.085024e+01,2.077363e+01,2.076667e+01,2.078757e+01,2.081543e+01,2.093374e+01,2.080846e+01,2.089200e+01,2.077363e+01,2.073879e+01,2.074576e+01,2.082935e+01,2.075970e+01,2.077363e+01,2.085720e+01,2.082239e+01,2.078757e+01,2.085024e+01,2.087808e+01,2.078757e+01,2.083632e+01,2.082935e+01,2.075970e+01,2.076667e+01,2.081543e+01,2.079453e+01,2.078757e+01,2.081543e+01,2.073182e+01,2.086416e+01,2.078060e+01,2.080150e+01,2.077363e+01,2.082239e+01,2.083632e+01,2.083632e+01,2.073879e+01,2.082935e+01,2.084328e+01,2.085024e+01,2.079453e+01,2.085024e+01,2.079453e+01,2.087808e+01,2.087808e+01,2.065513e+01,2.078757e+01,2.078060e+01,2.077363e+01,2.080846e+01,2.078060e+01,2.079453e+01,2.092679e+01,2.066908e+01,2.084328e+01,2.089896e+01,2.074576e+01,2.085720e+01,2.092679e+01,2.073182e+01,2.072486e+01,2.086416e+01,2.087808e+01,2.081543e+01,2.082935e+01,2.080150e+01,2.072486e+01,2.075273e+01,2.082935e+01,2.078060e+01,2.080150e+01,2.081543e+01,2.085720e+01,2.085720e+01,2.080846e+01,2.078060e+01,2.078060e+01,2.085720e+01,2.087808e+01,2.091983e+01,2.088504e+01,2.092679e+01,2.082935e+01,2.088504e+01,2.085024e+01,2.082935e+01,2.080150e+01,2.076667e+01,2.081543e+01,2.090592e+01,2.087112e+01,2.087112e+01,2.094070e+01,2.089896e+01,2.082935e+01,2.087808e+01,2.087808e+01,2.090592e+01,2.094765e+01,2.078060e+01,2.081543e+01,2.078060e+01,2.088504e+01,2.082935e+01,2.085720e+01,2.091287e+01,2.088504e+01,2.080150e+01,2.078060e+01,2.075970e+01,2.079453e+01,2.082239e+01,2.081543e+01,2.095461e+01,2.087112e+01,2.085720e+01,2.086416e+01,2.084328e+01,2.069697e+01,2.086416e+01,2.080150e+01,2.072486e+01,2.091287e+01,2.080846e+01,2.071789e+01,2.089896e+01,2.085720e+01,2.075970e+01,2.081543e+01,2.084328e+01,2.091287e+01,2.088504e+01,2.096156e+01,2.087808e+01,2.088504e+01,2.087112e+01,2.092679e+01,2.080150e+01,2.087112e+01,2.091287e+01,2.077363e+01,2.082935e+01,2.076667e+01,2.086416e+01,2.077363e+01,2.086416e+01,2.086416e+01,2.085024e+01,2.086416e+01,2.084328e+01,2.085720e+01,2.083632e+01,2.084328e+01,2.085024e+01,2.081543e+01,2.083632e+01,2.083632e+01,2.091287e+01,2.088504e+01,2.076667e+01,2.085024e+01,2.085024e+01,2.091287e+01,2.087808e+01,2.078757e+01,2.076667e+01,2.082935e+01,2.087112e+01,2.082935e+01,2.084328e+01,2.087112e+01,2.086416e+01,2.092679e+01,2.098937e+01,2.096852e+01,2.096156e+01,2.098937e+01,2.093374e+01,2.096852e+01,2.096852e+01,2.094765e+01,2.101718e+01,2.095461e+01,2.101718e+01,2.097547e+01,2.098937e+01,2.098242e+01,2.089896e+01,2.110054e+01,2.101718e+01,2.099632e+01,2.087808e+01,2.096156e+01,2.098242e+01,2.098242e+01,2.091287e+01,2.098242e+01,2.106581e+01,2.094070e+01,2.092679e+01,2.094070e+01,2.096852e+01,2.091287e+01,2.089896e+01,2.092679e+01,2.096156e+01,2.089200e+01,2.090592e+01,2.096852e+01,2.093374e+01,2.090592e+01,2.101718e+01,2.093374e+01,2.086416e+01,2.085024e+01,2.089200e+01,2.094765e+01,2.090592e+01,2.098242e+01,2.085024e+01,2.085024e+01,2.085720e+01,2.085720e+01,2.091983e+01,2.093374e+01,2.089896e+01,2.091983e+01,2.092679e+01,2.081543e+01,2.087112e+01,2.085720e+01,2.088504e+01,2.089896e+01,2.089896e+01,2.072486e+01,2.074576e+01,2.091287e+01,2.090592e+01,2.087808e+01,2.080846e+01,2.080150e+01,2.085720e+01,2.078060e+01,2.088504e+01,2.087112e+01,2.084328e+01,2.072486e+01,2.087112e+01,2.078060e+01,2.087112e+01,2.082239e+01,2.089896e+01,2.087112e+01,2.085024e+01,2.085720e+01,2.070394e+01,2.080846e+01,2.097547e+01,2.072486e+01,2.087808e+01,2.080150e+01,2.080150e+01,2.089896e+01,2.094765e+01,2.091983e+01,2.076667e+01,2.085024e+01,2.080150e+01,2.084328e+01,2.082935e+01,2.092679e+01,2.075970e+01,2.086416e+01,2.093374e+01,2.088504e+01,2.088504e+01,2.094070e+01,2.087112e+01,2.085720e+01,2.087808e+01,2.088504e+01,2.087808e+01,2.096156e+01,2.091983e+01,2.064816e+01
2.040372e+01,2.072486e+01,2.070394e+01,2.071789e+01,2.077363e+01,2.080150e+01,2.078060e+01,2.082935e+01,2.069000e+01,2.085024e+01,2.084328e+01,2.085024e+01,2.080150e+01,2.064118e+01,2.080846e+01,2.071091e+01,2.082239e+01,2.096852e+01,2.064118e+01,2.059234e+01,2.061327e+01,2.062025e+01,2.068303e+01,2.066211e+01,2.063420e+01,2.074576e+01,2.084328e+01,2.083632e+01,2.078757e+01,2.082935e+01,2.066908e+01,2.079453e+01,2.082239e+01,2.069000e+01,2.093374e+01,2.088504e+01,2.071789e+01,2.075273e+01,2.078060e+01,2.079453e+01,2.085024e+01,2.085024e+01,2.082239e+01,2.079453e+01,2.085720e+01,2.078757e+01,2.075273e+01,2.073879e+01,2.085720e+01,2.077363e+01,2.067605e+01,2.086416e+01,2.092679e+01,2.067605e+01,2.064816e+01,2.077363e+01,2.081543e+01,2.094070e+01,2.082935e+01,2.079453e+01,2.080150e+01,2.081543e+01,2.080150e+01,2.070394e+01,2.078757e+01,2.080846e+01,2.076667e+01,2.071789e+01,2.080846e+01,2.053649e+01,2.080150e+01,2.078060e+01,2.073182e+01,2.071091e+01,2.080150e+01,2.080846e+01,2.083632e+01,2.079453e+01,2.078757e+01,2.080150e+01,2.084328e+01,2.082239e+01,2.080150e+01,2.080846e+01,2.082935e+01,2.077363e+01,2.074576e+01,2.090592e+01,2.073879e+01,2.080150e+01,2.079453e+01,2.078757e+01,2.092679e+01,2.078757e+01,2.089896e+01,2.082935e+01,2.076667e+01,2.088504e+01,2.073879e+01,2.080150e+01,2.081543e+01,2.092679e+01,2.075970e+01,2.087808e+01,2.077363e+01,2.084328e+01,2.078757e+01,2.082935e+01,2.083632e+01,2.091287e+01,2.088504e+01,2.070394e+01,2.073182e+01,2.078757e+01,2.071789e+01,2.080846e+01,2.081543e+01,2.077363e+01,2.079453e+01,2.081543e+01,2.081543e+01,2.067605e+01,2.077363e+01,2.088504e+01,2.086416e+01,2.078060e+01,2.079453e+01,2.085720e+01,2.075273e+01,2.078060e+01,2.075273e+01,2.078060e+01,2.078060e+01,2.074576e+01,2.079453e+01,2.088504e+01,2.088504e+01,2.083632e+01,2.089896e+01,2.085024e+01,2.091287e+01,2.076667e+01,2.073879e+01,2.076667e+01,2.092679e+01,2.078060e+01,2.078757e+01,2.074576e+01,2.087112e+01,2.084328e+01,2.064816e+01,2.062723e+01,2.059932e+01,2.055045e+01,2.062025e+01,2.060629e+01,2.064118e+01,2.068303e+01,2.085024e+01,2.070394e+01,2.062025e+01,2.071091e+01,2.059932e+01,2.068303e+01,2.069697e+01,2.069000e+01,2.070394e+01,2.045266e+01,2.065513e+01,2.070394e+01,2.069697e+01,2.050855e+01,2.055743e+01,2.052950e+01,2.038274e+01,2.034077e+01,2.024977e+01,2.018673e+01,1.996926e+01,1.978650e+01,1.966683e+01,1.967388e+01,1.980058e+01,1.980058e+01,1.980761e+01,1.973725e+01,1.974428e+01,1.975836e+01,1.980761e+01,1.994819e+01,1.993414e+01,1.991306e+01,2.003244e+01,2.017972e+01,2.015168e+01,2.004648e+01,2.015869e+01,2.010260e+01,2.008156e+01,2.035476e+01,2.029178e+01,2.015869e+01,2.048759e+01,2.043868e+01,2.045266e+01,2.048061e+01,2.055743e+01,2.055045e+01,2.048759e+01,2.061327e+01,2.055045e+01,2.057140e+01,2.059932e+01,2.056442e+01,2.062025e+01,2.065513e+01,2.062723e+01,2.066211e+01,2.064118e+01,2.071091e+01,2.069000e+01,2.067605e+01,2.069697e+01,2.074576e+01,2.078060e+01,2.063420e+01,2.074576e+01,2.072486e+01,2.077363e+01,2.077363e+01,2.074576e+01,2.075273e+01,2.080150e+01,2.071789e+01,2.065513e+01,2.066908e+01,2.073182e+01,2.080150e+01,2.073879e+01,2.076667e+01,2.068303e+01,2.076667e+01,2.066211e+01,2.066211e+01,2.049458e+01,2.052252e+01,2.041770e+01,2.044567e+01,2.057140e+01,2.025677e+01,2.039673e+01,2.031278e+01,2.043868e+01,2.043169e+01,2.032678e+01,2.038974e+01,2.041071e+01,2.054347e+01,2.061327e+01,2.080150e+01,2.076667e+01,2.085720e+01,2.080150e+01,2.079453e+01,2.072486e+01,2.085024e+01,2.071091e+01,2.073879e+01,2.073182e+01,2.071789e+01,2.079453e+01,2.093374e+01,2.067605e+01,2.080846e+01,2.083632e+01,2.068303e+01,2.071091e+01,2.079453e+01,2.079453e+01,2.082935e+01,2.076667e+01,2.091983e+01,2.085720e+01,2.083632e+01,2.086416e+01,2.084328e+01,2.085720e+01,2.080846e+01,2.078060e+01,2.080150e+01,2.084328e+01,2.078060e+01,2.080846e+01,2.073879e+01,2.079453e+01,2.074576e+01,2.066908e+01,2.064118e+01,2.062723e+01,2.048061e+01,2.050157e+01,2.056442e+01,2.048759e+01,2.045964e+01,2.041071e+01,2.048061e+01,2.044567e+01,2.051554e+01,2.055045e+01,2.043868e+01,2.062025e+01,2.061327e+01,2.078757e+01,2.076667e+01,2.076667e+01,2.083632e+01,2.084328e+01,2.082239e+01,2.085720e+01,2.081543e+01,2.080150e+01,2.080150e+01,2.111443e+01,2.095461e+01,2.086416e+01,2.084328e+01,2.094070e+01,2.087808e+01,2.082239e+01,2.090592e+01,2.089896e+01,2.089200e+01,2.090592e+01,2.080150e+01,2.079453e+01,2.086416e+01,2.078757e+01,2.091983e+01,2.080150e+01,2.077363e+01,2.080150e+01,2.080150e+01,2.092679e+01,2.095461e+01,2.082935e+01,2.085024e+01,2.091983e+01,2.080150e+01,2.091983e+01,2.075970e+01,2.085024e+01,2.080846e+01,2.084328e+01,2.081543e+01,2.080846e+01,2.080150e+01,2.081543e+01,2.085720e+01,2.083632e+01,2.094070e+01,2.082935e+01,2.094070e+01,2.085720e+01,2.092679e+01,2.085720e+01,2.075273e+01,2.082239e+01,2.085024e+01,2.082935e+01,2.082935e+01,2.083632e+01,2.084328e+01,2.073879e+01,2.082935e+01,2.084328e+01,2.073879e+01,2.074576e+01,2.093374e+01,2.075970e+01,2.078060e+01,2.083632e+01,2.080150e+01,2.087808e+01,2.075273e+01,2.082935e+01,2.080846e+01,2.090592e+01,2.087112e+01,2.083632e+01,2.080150e+01,2.085024e+01,2.079453e+01,2.084328e+01,2.090592e+01,2.075970e+01,2.084328e+01,2.088504e+01,2.082935e+01,2.087112e+01,2.078757e+01,2.075970e+01,2.082935e+01,2.085024e+01,2.064816e+01,2.085720e+01,2.087808e+01,2.073182e+01,2.091287e+01,2.086416e+01,2.082935e+01,2.088504e+01,2.084328e+01,2.089896e+01,2.078757e+01,2.091983e+01,2.070394e+01,2.089200e+01,2.078060e+01,2.087808e+01,2.080150e+01,2.079453e+01,2.084328e+01,2.085720e+01,2.086416e+01,2.080846e+01,2.079453e+01,2.089896e+01,2.086416e+01,2.085720e+01,2.082935e+01,2.082935e+01,2.084328e+01,2.087808e+01,2.073182e+01,2.084328e+01,2.082935e+01,2.091287e+01,2.087808e+01,2.084328e+01,2.078060e+01,2.076667e+01,2.082239e+01,2.086416e+01,2.091287e+01,2.084328e+01,2.085024e+01,2.083632e+01,2.082239e+01,2.087112e+01,2.095461e+01,2.098242e+01,2.085024e+01,2.085024e+01,2.082935e+01,2.075273e+01,2.091983e+01,2.084328e+01,2.087112e+01,2.085720e+01,2.088504e+01,2.087808e+01,2.081543e+01,2.090592e+01,2.093374e+01,2.086416e+01,2.078060e+01,2.088504e+01,2.081543e+01,2.092679e+01,2.090592e+01,2.082935e+01,2.089200e+01,2.085720e+01,2.091287e+01,2.086416e+01,2.083632e+01,2.085720e+01,2.098242e+01,2.075970e+01,2.087808e+01,2.085720e+01,2.095461e+01,2.094070e+01,2.081543e+01,2.085024e+01,2.086416e+01,2.087112e+01,2.087808e+01,2.081543e+01,2.082935e+01,2.089896e+01,2.086416e+01,2.079453e+01,2.079453e+01,2.088504e+01,2.084328e+01,2.090592e+01,2.082239e+01,2.085024e+01,2.085720e+01,2.088504e+01,2.076667e+01,2.087808e+01,2.091287e+01,2.080846e+01,2.098242e+01,2.082935e+01,2.091983e+01,2.100327e+01,2.084328e+01,2.089200e+01,2.092679e+01,2.093374e+01,2.087808e+01,2.091983e+01,2.080846e+01,2.083632e+01,2.089896e+01,2.090592e+01,2.091287e+01,2.089896e+01,2.091287e+01,2.093374e+01,2.082935e+01,2.089896e+01,2.089896e+01,2.086416e+01,2.092679e+01,2.087112e+01,2.094070e+01,2.094070e+01,2.096156e+01,2.098937e+01,2.098242e+01,2.098937e+01,2.089896e+01,2.101023e+01,2.103107e+01,2.101023e+01,2.101023e+01,2.103107e+01,2.102413e+01,2.094070e+01,2.100327e+01,2.111443e+01,2.102413e+01,2.109360e+01,2.095461e+01,2.103107e+01,2.107276e+01,2.094070e+01,2.105192e+01,2.112831e+01,2.095461e+01,2.101023e+01,2.100327e+01,2.098242e+01,2.099632e+01,2.097547e+01,2.093374e+01,2.087808e+01,2.088504e+01,2.085024e+01,2.080150e+01,2.092679e+01,2.092679e+01,2.083632e+01,2.085720e+01,2.093374e+01,2.089200e+01,2.098242e+01,2.091983e+01,2.103107e+01,2.101718e+01,2.087112e+01,2.084328e+01,2.088504e+01,2.083632e+01,2.083632e+01,2.092679e+01,2.086416e+01,2.088504e+01,2.092679e+01,2.092679e+01,2.089200e+01,2.091983e+01,2.082239e+01,2.085720e+01,2.082239e+01,2.092679e+01,2.091983e+01,2.095461e+01,2.072486e+01,2.087112e+01,2.096156e+01,2.080150e+01,2.082239e+01,2.089200e+01,2.089200e+01,2.091287e+01,2.084328e+01,2.073879e+01,2.080150e+01,2.080150e+01,2.089200e+01,2.087808e+01,2.085024e+01,2.071789e+01,2.095461e+01,2.090592e+01,2.076667e+01,2.077363e+01,2.083632e+01,2.078757e+01,2.108665e+01,2.084328e+01,2.087112e+01,2.077363e+01,2.084328e+01,2.083632e+01,2.097547e+01,2.086416e+01,2.087112e+01,2.076667e+01,2.083632e+01,2.084328e+01,2.081543e+01,2.087112e+01,2.089200e+01,2.085024e+01,2.083632e+01,2.094070e+01,2.088504e+01,2.087808e+01,2.091287e+01,2.087808e+01,2.088504e+01,2.089200e+01,2.085720e+01,2.081543e+01
2.070394e+01,2.066908e+01,2.066211e+01,2.089200e+01,2.075273e+01,2.083632e+01,2.082935e+01,2.083632e+01,2.079453e+01,2.085024e+01,2.069697e+01,2.083632e+01,2.085024e+01,2.085720e+01,2.094070e+01,2.071789e+01,2.071091e+01,2.073182e+01,2.068303e+01,2.062025e+01,2.063420e+01,2.062723e+01,2.064118e+01,2.084328e+01,2.059234e+01,2.070394e+01,2.080150e+01,2.078757e+01,2.078060e+01,2.082935e+01,2.078757e+01,2.078060e+01,2.085720e+01,2.086416e+01,2.078060e+01,2.078060e+01,2.085720e+01,2.079453e+01,2.078757e+01,2.084328e+01,2.064118e+01,2.068303e+01,2.066908e+01,2.086416e+01,2.092679e+01,2.095461e+01,2.079453e+01,2.092679e+01,2.077363e+01,2.089200e+01,2.067605e+01,2.072486e+01,2.073879e+01,2.080846e+01,2.082239e+01,2.085720e+01,2.078060e+01,2.082935e+01,2.082239e+01,2.080846e+01,2.080150e+01,2.080150e+01,2.080150e+01,2.081543e+01,2.096852e+01,2.076667e+01,2.077363e+01,2.073182e+01,2.089200e+01,2.075273e+01,2.052950e+01,2.080846e+01,2.076667e+01,2.079453e+01,2.066908e+01,2.080846e+01,2.079453e+01,2.084328e+01,2.093374e+01,2.078757e+01,2.082935e+01,2.084328e+01,2.085720e+01,2.082935e+01,2.090592e+01,2.093374e+01,2.087112e+01,2.074576e+01,2.080150e+01,2.089200e+01,2.078060e+01,2.078757e+01,2.081543e+01,2.081543e+01,2.080846e+01,2.082239e+01,2.087112e+01,2.073879e+01,2.079453e+01,2.073879e+01,2.075970e+01,2.076667e+01,2.076667e+01,2.063420e+01,2.080846e+01,2.079453e+01,2.082239e+01,2.079453e+01,2.082239e+01,2.081543e+01,2.089200e+01,2.090592e+01,2.076667e+01,2.085024e+01,2.085024e+01,2.078060e+01,2.075970e+01,2.081543e+01,2.082935e+01,2.087112e+01,2.082935e+01,2.082239e+01,2.083632e+01,2.078757e+01,2.075273e+01,2.073182e+01,2.077363e+01,2.085024e+01,2.077363e+01,2.073879e+01,2.088504e+01,2.088504e+01,2.076667e+01,2.080150e+01,2.081543e+01,2.090592e+01,2.087112e+01,2.087808e+01,2.084328e+01,2.083632e+01,2.079453e+01,2.082935e+01,2.075970e+01,2.072486e+01,2.073879e+01,2.077363e+01,2.078060e+01,2.091983e+01,2.073879e+01,2.059234e+01,2.064118e+01,2.066211e+01,2.053649e+01,2.052252e+01,2.066211e+01,2.062723e+01,2.077363e+01,2.080846e+01,2.073879e+01,2.078757e+01,2.082239e+01,2.085720e+01,2.071789e+01,2.069697e+01,2.069000e+01,2.067605e+01,2.071789e+01,2.069697e+01,2.077363e+01,2.076667e+01,2.073182e+01,2.067605e+01,2.041770e+01,2.047362e+01,2.032678e+01,2.028478e+01,2.012364e+01,2.018673e+01,1.996224e+01,1.987792e+01,1.960342e+01,1.959637e+01,1.959637e+01,1.974428e+01,1.970909e+01,1.983574e+01,1.982168e+01,1.974428e+01,1.973021e+01,1.998330e+01,1.992009e+01,1.991306e+01,1.990604e+01,1.989198e+01,1.990604e+01,1.999735e+01,2.010260e+01,2.020074e+01,2.005350e+01,2.024977e+01,2.027078e+01,2.041071e+01,2.045266e+01,2.041770e+01,2.047362e+01,2.052252e+01,2.055743e+01,2.052950e+01,2.059932e+01,2.069697e+01,2.066908e+01,2.048061e+01,2.065513e+01,2.066908e+01,2.068303e+01,2.069000e+01,2.075273e+01,2.069697e+01,2.072486e+01,2.070394e+01,2.060629e+01,2.069697e+01,2.085720e+01,2.063420e+01,2.088504e+01,2.075970e+01,2.066211e+01,2.078757e+01,2.071789e+01,2.071091e+01,2.082935e+01,2.080846e+01,2.083632e+01,2.068303e+01,2.069697e+01,2.069000e+01,2.063420e+01,2.073879e+01,2.080846e+01,2.073879e+01,2.080846e+01,2.067605e+01,2.075273e+01,2.062025e+01,2.055743e+01,2.061327e+01,2.040372e+01,2.046663e+01,2.032678e+01,2.033377e+01,2.024277e+01,2.022876e+01,2.024277e+01,2.024277e+01,2.033377e+01,2.023577e+01,2.030578e+01,2.036176e+01,2.057140e+01,2.075273e+01,2.075970e+01,2.083632e+01,2.086416e+01,2.085024e+01,2.087112e+01,2.075970e+01,2.075970e+01,2.075273e+01,2.069000e+01,2.082935e+01,2.078060e+01,2.071789e+01,2.082935e+01,2.099632e+01,2.076667e+01,2.077363e+01,2.083632e+01,2.068303e+01,2.078757e+01,2.074576e+01,2.078060e+01,2.084328e+01,2.076667e+01,2.084328e+01,2.086416e+01,2.083632e+01,2.072486e+01,2.080846e+01,2.087808e+01,2.091983e+01,2.087112e+01,2.076667e+01,2.077363e+01,2.078060e+01,2.069697e+01,2.075273e+01,2.078757e+01,2.060629e+01,2.067605e+01,2.055045e+01,2.045964e+01,2.052252e+01,2.049458e+01,2.046663e+01,2.045964e+01,2.046663e+01,2.045266e+01,2.042470e+01,2.050855e+01,2.047362e+01,2.079453e+01,2.059234e+01,2.064118e+01,2.075273e+01,2.080846e+01,2.072486e+01,2.075970e+01,2.085720e+01,2.089896e+01,2.082935e+01,2.082935e+01,2.089200e+01,2.086416e+01,2.084328e+01,2.083632e+01,2.083632e+01,2.082935e+01,2.085720e+01,2.081543e+01,2.084328e+01,2.082239e+01,2.078757e+01,2.082935e+01,2.085720e+01,2.080846e+01,2.082935e+01,2.075970e+01,2.091287e+01,2.086416e+01,2.082935e+01,2.085720e+01,2.079453e+01,2.091287e+01,2.081543e+01,2.095461e+01,2.091983e+01,2.080846e+01,2.085024e+01,2.091287e+01,2.089896e+01,2.098937e+01,2.087112e+01,2.087112e+01,2.078757e+01,2.074576e+01,2.084328e+01,2.086416e+01,2.089896e+01,2.080846e+01,2.082239e+01,2.082935e+01,2.087808e+01,2.089200e+01,2.087112e+01,2.094765e+01,2.075970e+01,2.076667e+01,2.073879e+01,2.077363e+01,2.087808e+01,2.073182e+01,2.079453e+01,2.079453e+01,2.071789e+01,2.081543e+01,2.094070e+01,2.075970e+01,2.076667e+01,2.067605e+01,2.089200e+01,2.089200e+01,2.085720e+01,2.082239e+01,2.087112e+01,2.078060e+01,2.081543e+01,2.078757e+01,2.085024e+01,2.078757e+01,2.085024e+01,2.084328e+01,2.079453e+01,2.089200e+01,2.087112e+01,2.073182e+01,2.089200e+01,2.075273e+01,2.082239e+01,2.069000e+01,2.064816e+01,2.065513e+01,2.072486e+01,2.076667e+01,2.072486e+01,2.083632e+01,2.080846e+01,2.085720e+01,2.092679e+01,2.086416e+01,2.084328e+01,2.082239e+01,2.082935e+01,2.077363e+01,2.082239e+01,2.082239e+01,2.086416e+01,2.085720e+01,2.073182e+01,2.070394e+01,2.085024e+01,2.080150e+01,2.085720e+01,2.082239e+01,2.082239e+01,2.084328e+01,2.090592e+01,2.078060e+01,2.082935e+01,2.079453e+01,2.080846e+01,2.082239e+01,2.074576e+01,2.086416e+01,2.081543e+01,2.091983e+01,2.091287e+01,2.085024e+01,2.082239e+01,2.086416e+01,2.087808e+01,2.088504e+01,2.075273e+01,2.088504e+01,2.086416e+01,2.086416e+01,2.079453e+01,2.082239e+01,2.082239e+01,2.085024e+01,2.085024e+01,2.085024e+01,2.096852e+01,2.081543e+01,2.085720e+01,2.084328e+01,2.077363e+01,2.087112e+01,2.085024e+01,2.082239e+01,2.089896e+01,2.089896e+01,2.080846e+01,2.093374e+01,2.089200e+01,2.089896e+01,2.090592e+01,2.083632e+01,2.091983e+01,2.094765e+01,2.085720e+01,2.086416e+01,2.081543e+01,2.094765e+01,2.069000e+01,2.086416e+01,2.077363e+01,2.076667e+01,2.092679e+01,2.091983e+01,2.099632e+01,2.082239e+01,2.083632e+01,2.082935e+01,2.082935e+01,2.077363e+01,2.085720e+01,2.088504e+01,2.086416e+01,2.084328e+01,2.079453e+01,2.095461e+01,2.089200e+01,2.090592e+01,2.080150e+01,2.085024e+01,2.089200e+01,2.082239e+01,2.080150e+01,2.080150e+01,2.087808e+01,2.086416e+01,2.088504e+01,2.087112e+01,2.081543e+01,2.078757e+01,2.082239e+01,2.080846e+01,2.083632e+01,2.110748e+01,2.080846e+01,2.090592e+01,2.083632e+01,2.087112e+01,2.094765e+01,2.083632e+01,2.091983e+01,2.088504e+01,2.083632e+01,2.089896e+01,2.087112e+01,2.096156e+01,2.098242e+01,2.084328e+01,2.092679e+01,2.087112e+01,2.089200e+01,2.091287e+01,2.088504e+01,2.088504e+01,2.091287e+01,2.090592e+01,2.100327e+01,2.088504e+01,2.087112e+01,2.091287e+01,2.102413e+01,2.099632e+01,2.098242e+01,2.098937e+01,2.110748e+01,2.098242e+01,2.095461e+01,2.093374e+01,2.105887e+01,2.101718e+01,2.107971e+01,2.091287e+01,2.091983e+01,2.103107e+01,2.110748e+01,2.096156e+01,2.098937e+01,2.091983e+01,2.105887e+01,2.096156e+01,2.092679e+01,2.098937e+01,2.091287e+01,2.098242e+01,2.097547e+01,2.085720e+01,2.100327e+01,2.101718e+01,2.084328e+01,2.090592e+01,2.094070e+01,2.088504e+01,2.103107e+01,2.088504e+01,2.093374e+01,2.096156e+01,2.082935e+01,2.088504e+01,2.100327e+01,2.106581e+01,2.085024e+01,2.090592e+01,2.091983e+01,2.083632e+01,2.084328e+01,2.091983e+01,2.084328e+01,2.084328e+01,2.105887e+01,2.088504e+01,2.088504e+01,2.089200e+01,2.092679e+01,2.087112e+01,2.087112e+01,2.095461e+01,2.081543e+01,2.081543e+01,2.091983e+01,2.090592e+01,2.091287e+01,2.089200e+01,2.083632e+01,2.089200e+01,2.086416e+01,2.080150e+01,2.081543e+01,2.089200e+01,2.092679e+01,2.092679e+01,2.107276e+01,2.089200e+01,2.080846e+01,2.094070e+01,2.092679e+01,2.066908e+01,2.087808e+01,2.086416e+01,2.096156e+01,2.078060e+01,2.091983e+01,2.083632e+01,2.090592e+01,2.097547e+01,2.081543e+01,2.082935e+01,2.087112e+01,2.089200e+01,2.085024e+01,2.088504e+01,2.080846e+01,2.075970e+01,2.094070e+01,2.096852e+01,2.095461e+01,2.089200e+01,2.084328e+01,2.078757e+01,2.088504e+01,2.096156e+01,2.091287e+01,2.094765e+01,2.095461e+01,2.087808e+01,2.084328e+01
2.066211e+01,2.064816e+01,2.075273e+01,2.071789e+01,2.089896e+01,2.082935e+01,2.083632e+01,2.069697e+01,2.072486e+01,2.071789e+01,2.078060e+01,2.088504e+01,2.058536e+01,2.082935e+01,2.077363e+01,2.075970e+01,2.075273e+01,2.068303e+01,2.067605e+01,2.064816e+01,2.062025e+01,2.061327e+01,2.057838e+01,2.062723e+01,2.065513e+01,2.069000e+01,2.082239e+01,2.070394e+01,2.083632e+01,2.082935e+01,2.077363e+01,2.075273e+01,2.070394e+01,2.073182e+01,2.072486e+01,2.085720e+01,2.072486e+01,2.084328e+01,2.103107e+01,2.085720e+01,2.075273e+01,2.085024e+01,2.087808e+01,2.076667e+01,2.080846e+01,2.080846e+01,2.071789e+01,2.090592e+01,2.091983e+01,2.080846e+01,2.075970e+01,2.069697e+01,2.074576e+01,2.081543e+01,2.070394e+01,2.075970e+01,2.077363e+01,2.080846e+01,2.078757e+01,2.085720e+01,2.079453e+01,2.080150e+01,2.080846e+01,2.080150e+01,2.078757e+01,2.091983e+01,2.078060e+01,2.074576e+01,2.074576e+01,2.078060e+01,2.078757e+01,2.078757e+01,2.080846e+01,2.078757e+01,2.075273e+01,2.080150e+01,2.078060e+01,2.081543e+01,2.064816e+01,2.080846e+01,2.083632e+01,2.081543e+01,2.086416e+01,2.088504e+01,2.089200e+01,2.083632e+01,2.091983e+01,2.094070e+01,2.093374e+01,2.091983e+01,2.094070e+01,2.075273e+01,2.077363e+01,2.082239e+01,2.082239e+01,2.083632e+01,2.073182e+01,2.081543e+01,2.078757e+01,2.081543e+01,2.077363e+01,2.080150e+01,2.078757e+01,2.079453e+01,2.080846e+01,2.080150e+01,2.078060e+01,2.078757e+01,2.077363e+01,2.082239e+01,2.079453e+01,2.080846e+01,2.087808e+01,2.087112e+01,2.089200e+01,2.083632e+01,2.059932e+01,2.080846e+01,2.085720e+01,2.086416e+01,2.070394e+01,2.079453e+01,2.075970e+01,2.078060e+01,2.085720e+01,2.087112e+01,2.078060e+01,2.094070e+01,2.100327e+01,2.082239e+01,2.086416e+01,2.075273e+01,2.091287e+01,2.080150e+01,2.075970e+01,2.087112e+01,2.088504e+01,2.082239e+01,2.085720e+01,2.085720e+01,2.080846e+01,2.078757e+01,2.091287e+01,2.094765e+01,2.075273e+01,2.080846e+01,2.076667e+01,2.094765e+01,2.064816e+01,2.071789e+01,2.067605e+01,2.064118e+01,2.055045e+01,2.053649e+01,2.074576e+01,2.069000e+01,2.080846e+01,2.070394e+01,2.069697e+01,2.081543e+01,2.071789e+01,2.081543e+01,2.071091e+01,2.068303e+01,2.069000e+01,2.073182e+01,2.082239e+01,2.075970e+01,2.096852e+01,2.071789e+01,2.073879e+01,2.067605e+01,2.069697e+01,2.048759e+01,2.042470e+01,2.036176e+01,2.029878e+01,2.020074e+01,1.981464e+01,1.971613e+01,1.967388e+01,1.956817e+01,1.958932e+01,1.965979e+01,1.964570e+01,1.969500e+01,1.973021e+01,1.970909e+01,1.970205e+01,1.979354e+01,1.987792e+01,1.982871e+01,1.988495e+01,1.979354e+01,1.994117e+01,1.996926e+01,2.003946e+01,1.990604e+01,2.011663e+01,2.019373e+01,2.035476e+01,2.044567e+01,2.036875e+01,2.041071e+01,2.060629e+01,2.052252e+01,2.055045e+01,2.059234e+01,2.067605e+01,2.069697e+01,2.054347e+01,2.067605e+01,2.071789e+01,2.059932e+01,2.062723e+01,2.069000e+01,2.076667e+01,2.067605e+01,2.088504e+01,2.064816e+01,2.046663e+01,2.071091e+01,2.073879e+01,2.062723e+01,2.076667e+01,2.074576e+01,2.073182e+01,2.080150e+01,2.081543e+01,2.071789e+01,2.066211e+01,2.083632e+01,2.085720e+01,2.067605e+01,2.066908e+01,2.067605e+01,2.064816e+01,2.073182e+01,2.075970e+01,2.066908e+01,2.074576e+01,2.069000e+01,2.059234e+01,2.064118e+01,2.057838e+01,2.045266e+01,2.035476e+01,2.036176e+01,2.031278e+01,2.019373e+01,2.021475e+01,2.024977e+01,2.011663e+01,2.030578e+01,2.028478e+01,2.024277e+01,2.028478e+01,2.033377e+01,2.057838e+01,2.071091e+01,2.076667e+01,2.082935e+01,2.086416e+01,2.074576e+01,2.084328e+01,2.087112e+01,2.078757e+01,2.078757e+01,2.075970e+01,2.075273e+01,2.081543e+01,2.078060e+01,2.073879e+01,2.087112e+01,2.073879e+01,2.078060e+01,2.085720e+01,2.078060e+01,2.079453e+01,2.085720e+01,2.087112e+01,2.082239e+01,2.085024e+01,2.087808e+01,2.081543e+01,2.085024e+01,2.089200e+01,2.075273e+01,2.080150e+01,2.084328e+01,2.080846e+01,2.075273e+01,2.083632e+01,2.079453e+01,2.089896e+01,2.077363e+01,2.070394e+01,2.062723e+01,2.057140e+01,2.053649e+01,2.050855e+01,2.052950e+01,2.051554e+01,2.056442e+01,2.039673e+01,2.045964e+01,2.052252e+01,2.049458e+01,2.050157e+01,2.044567e+01,2.062723e+01,2.055743e+01,2.063420e+01,2.077363e+01,2.071091e+01,2.075970e+01,2.078060e+01,2.075970e+01,2.071091e+01,2.086416e+01,2.084328e+01,2.087808e+01,2.090592e+01,2.082239e+01,2.084328e+01,2.085720e+01,2.087808e+01,2.088504e+01,2.082935e+01,2.078060e+01,2.086416e+01,2.084328e+01,2.085024e+01,2.082239e+01,2.077363e+01,2.078757e+01,2.087112e+01,2.088504e+01,2.087112e+01,2.080150e+01,2.089896e+01,2.082239e+01,2.078757e+01,2.085720e+01,2.091983e+01,2.087808e+01,2.094765e+01,2.094070e+01,2.081543e+01,2.082935e+01,2.081543e+01,2.093374e+01,2.079453e+01,2.084328e+01,2.082935e+01,2.093374e+01,2.085024e+01,2.087808e+01,2.087808e+01,2.084328e+01,2.080846e+01,2.083632e+01,2.079453e+01,2.083632e+01,2.087112e+01,2.080846e+01,2.080150e+01,2.087808e+01,2.089200e+01,2.081543e+01,2.090592e+01,2.070394e+01,2.080846e+01,2.086416e+01,2.074576e+01,2.078060e+01,2.074576e+01,2.093374e+01,2.078060e+01,2.079453e+01,2.080846e+01,2.070394e+01,2.087808e+01,2.094765e+01,2.078757e+01,2.080150e+01,2.085720e+01,2.086416e+01,2.078757e+01,2.073182e+01,2.073879e+01,2.080150e+01,2.073879e+01,2.086416e+01,2.080150e+01,2.084328e+01,2.080846e+01,2.075273e+01,2.067605e+01,2.061327e+01,2.045964e+01,2.048759e+01,2.052950e+01,2.069000e+01,2.074576e+01,2.082239e+01,2.076667e+01,2.084328e+01,2.087808e+01,2.073182e+01,2.096156e+01,2.080150e+01,2.098242e+01,2.076667e+01,2.082239e+01,2.082239e+01,2.085720e+01,2.075970e+01,2.079453e+01,2.082935e+01,2.081543e+01,2.085024e+01,2.078060e+01,2.086416e+01,2.087808e+01,2.082239e+01,2.081543e+01,2.090592e+01,2.081543e+01,2.077363e+01,2.085720e+01,2.085024e+01,2.089896e+01,2.080846e+01,2.085024e+01,2.089896e+01,2.091983e+01,2.082239e+01,2.087808e+01,2.088504e+01,2.082239e+01,2.089200e+01,2.091287e+01,2.089200e+01,2.086416e+01,2.094070e+01,2.083632e+01,2.087112e+01,2.086416e+01,2.095461e+01,2.082935e+01,2.075273e+01,2.080150e+01,2.076667e+01,2.081543e+01,2.078757e+01,2.097547e+01,2.083632e+01,2.087112e+01,2.089200e+01,2.087112e+01,2.087808e+01,2.088504e+01,2.075970e+01,2.080846e+01,2.091287e+01,2.089896e+01,2.090592e+01,2.097547e+01,2.087808e+01,2.078757e+01,2.087112e+01,2.069697e+01,2.090592e+01,2.080150e+01,2.091287e+01,2.088504e+01,2.081543e+01,2.093374e+01,2.080150e+01,2.078757e+01,2.096852e+01,2.082935e+01,2.080150e+01,2.080846e+01,2.089200e+01,2.088504e+01,2.090592e+01,2.092679e+01,2.089896e+01,2.091287e+01,2.085024e+01,2.084328e+01,2.089200e+01,2.087112e+01,2.085720e+01,2.085720e+01,2.085024e+01,2.081543e+01,2.086416e+01,2.080846e+01,2.074576e+01,2.091983e+01,2.094070e+01,2.089200e+01,2.086416e+01,2.082239e+01,2.085720e+01,2.080846e+01,2.080150e+01,2.091287e+01,2.095461e+01,2.086416e+01,2.090592e+01,2.091287e+01,2.087808e+01,2.096156e+01,2.090592e+01,2.093374e+01,2.085720e+01,2.085720e+01,2.087112e+01,2.090592e+01,2.083632e+01,2.095461e+01,2.087112e+01,2.089896e+01,2.089896e+01,2.088504e+01,2.094070e+01,2.087808e+01,2.103107e+01,2.097547e+01,2.101023e+01,2.095461e+01,2.098242e+01,2.107971e+01,2.101718e+01,2.103802e+01,2.107276e+01,2.099632e+01,2.101718e+01,2.110054e+01,2.104497e+01,2.110748e+01,2.090592e+01,2.098242e+01,2.098937e+01,2.097547e+01,2.099632e+01,2.100327e+01,2.093374e+01,2.102413e+01,2.104497e+01,2.102413e+01,2.103802e+01,2.095461e+01,2.093374e+01,2.098242e+01,2.095461e+01,2.098242e+01,2.086416e+01,2.091983e+01,2.090592e+01,2.099632e+01,2.100327e+01,2.098242e+01,2.089200e+01,2.086416e+01,2.077363e+01,2.091287e+01,2.082239e+01,2.096156e+01,2.081543e+01,2.089200e+01,2.087808e+01,2.093374e+01,2.092679e+01,2.093374e+01,2.094765e+01,2.091983e+01,2.087808e+01,2.094070e+01,2.084328e+01,2.085720e+01,2.089896e+01,2.085024e+01,2.089896e+01,2.092679e+01,2.091983e+01,2.085024e+01,2.092679e+01,2.085024e+01,2.087112e+01,2.090592e+01,2.091983e+01,2.090592e+01,2.092679e+01,2.089896e+01,2.099632e+01,2.087112e+01,2.090592e+01,2.091983e+01,2.091287e+01,2.081543e+01,2.091983e+01,2.104497e+01,2.089896e+01,2.074576e+01,2.091983e+01,2.075970e+01,2.096852e+01,2.096852e+01,2.089200e+01,2.076667e+01,2.082935e+01,2.083632e+01,2.084328e+01,2.087808e+01,2.091287e+01,2.097547e+01,2.090592e+01,2.088504e+01,2.106581e+01,2.103802e+01,2.089200e+01,2.096852e+01,2.085024e+01,2.082935e+01,2.094070e+01,2.085024e+01,2.089200e+01,2.070394e+01,2.089200e+01,2.086416e+01,2.080150e+01,2.090592e+01,2.088504e+01,2.086416e+01,2.090592e+01
2.071091e+01,2.087808e+01,2.073182e+01,2.075970e+01,2.085720e+01,2.067605e+01,2.081543e+01,2.070394e+01,2.082239e+01,2.085024e+01,2.075273e+01,2.088504e+01,2.081543e+01,2.060629e+01,2.091287e+01,2.072486e+01,2.074576e+01,2.073879e+01,2.064816e+01,2.066211e+01,2.064118e+01,2.071789e+01,2.069000e+01,2.069000e+01,2.073182e+01,2.074576e+01,2.069000e+01,2.072486e+01,2.079453e+01,2.078757e+01,2.081543e+01,2.070394e+01,2.076667e+01,2.069697e+01,2.081543e+01,2.072486e+01,2.085720e+01,2.085720e+01,2.082239e+01,2.078060e+01,2.078757e+01,2.070394e+01,2.073182e+01,2.076667e+01,2.084328e+01,2.087808e+01,2.089896e+01,2.072486e+01,2.078060e+01,2.073182e+01,2.089896e+01,2.085024e+01,2.078060e+01,2.065513e+01,2.087808e+01,2.085720e+01,2.075273e+01,2.075970e+01,2.086416e+01,2.084328e+01,2.079453e+01,2.080150e+01,2.082239e+01,2.080150e+01,2.068303e+01,2.080846e+01,2.071789e+01,2.073182e+01,2.074576e+01,2.101023e+01,2.078757e+01,2.083632e+01,2.080846e+01,2.073879e+01,2.065513e+01,2.080150e+01,2.084328e+01,2.085720e+01,2.079453e+01,2.076667e+01,2.080150e+01,2.086416e+01,2.073879e+01,2.087112e+01,2.094765e+01,2.087808e+01,2.084328e+01,2.093374e+01,2.092679e+01,2.087808e+01,2.075970e+01,2.082935e+01,2.085720e+01,2.082935e+01,2.077363e+01,2.079453e+01,2.079453e+01,2.082239e+01,2.080846e+01,2.074576e+01,2.081543e+01,2.080150e+01,2.075273e+01,2.080150e+01,2.081543e+01,2.080846e+01,2.083632e+01,2.073182e+01,2.081543e+01,2.086416e+01,2.066211e+01,2.076667e+01,2.085720e+01,2.087112e+01,2.078757e+01,2.088504e+01,2.077363e+01,2.089200e+01,2.080150e+01,2.073182e+01,2.082239e+01,2.078060e+01,2.077363e+01,2.078060e+01,2.084328e+01,2.074576e+01,2.071789e+01,2.082935e+01,2.082935e+01,2.075970e+01,2.080846e+01,2.075273e+01,2.087808e+01,2.085720e+01,2.080150e+01,2.084328e+01,2.085024e+01,2.089896e+01,2.080150e+01,2.081543e+01,2.089896e+01,2.079453e+01,2.077363e+01,2.078060e+01,2.077363e+01,2.073182e+01,2.071789e+01,2.070394e+01,2.073879e+01,2.066908e+01,2.073879e+01,2.070394e+01,2.052950e+01,2.050157e+01,2.057838e+01,2.064816e+01,2.087112e+01,2.078060e+01,2.071789e+01,2.074576e+01,2.070394e+01,2.078060e+01,2.082239e+01,2.074576e+01,2.078757e+01,2.086416e+01,2.078060e+01,2.073182e+01,2.073182e+01,2.077363e+01,2.078757e+01,2.075273e+01,2.058536e+01,2.048759e+01,2.053649e+01,2.036875e+01,2.032678e+01,2.022876e+01,2.018673e+01,1.988495e+01,1.958932e+01,1.957522e+01,1.958227e+01,1.956817e+01,1.959637e+01,1.965979e+01,1.962456e+01,1.962456e+01,1.966683e+01,1.983574e+01,1.976540e+01,1.969500e+01,1.969500e+01,1.974428e+01,1.987792e+01,1.968796e+01,1.990604e+01,2.004648e+01,2.008156e+01,2.020074e+01,2.025677e+01,2.034777e+01,2.061327e+01,2.055743e+01,2.059932e+01,2.060629e+01,2.064118e+01,2.056442e+01,2.051554e+01,2.066211e+01,2.071091e+01,2.073879e+01,2.073182e+01,2.066211e+01,2.077363e+01,2.067605e+01,2.075273e+01,2.073182e+01,2.070394e+01,2.069697e+01,2.068303e+01,2.075970e+01,2.076667e+01,2.077363e+01,2.057140e+01,2.074576e+01,2.076667e+01,2.079453e+01,2.069000e+01,2.073879e+01,2.064118e+01,2.075970e+01,2.075273e+01,2.064118e+01,2.066211e+01,2.078060e+01,2.069000e+01,2.066211e+01,2.073182e+01,2.073879e+01,2.071789e+01,2.071091e+01,2.059932e+01,2.064816e+01,2.054347e+01,2.034077e+01,2.034077e+01,2.032678e+01,2.021475e+01,2.020074e+01,2.010260e+01,2.003244e+01,2.020074e+01,2.013766e+01,2.015168e+01,2.017972e+01,2.033377e+01,2.030578e+01,2.041071e+01,2.064118e+01,2.078757e+01,2.076667e+01,2.079453e+01,2.082239e+01,2.077363e+01,2.084328e+01,2.080150e+01,2.083632e+01,2.075273e+01,2.066211e+01,2.083632e+01,2.074576e+01,2.087808e+01,2.085024e+01,2.085720e+01,2.082935e+01,2.080846e+01,2.080846e+01,2.085720e+01,2.086416e+01,2.079453e+01,2.087112e+01,2.078060e+01,2.083632e+01,2.085024e+01,2.084328e+01,2.083632e+01,2.086416e+01,2.073879e+01,2.092679e+01,2.086416e+01,2.077363e+01,2.078060e+01,2.075970e+01,2.077363e+01,2.075273e+01,2.065513e+01,2.066908e+01,2.055743e+01,2.065513e+01,2.041770e+01,2.042470e+01,2.041071e+01,2.042470e+01,2.054347e+01,2.052950e+01,2.040372e+01,2.039673e+01,2.039673e+01,2.039673e+01,2.052950e+01,2.064118e+01,2.071091e+01,2.075273e+01,2.076667e+01,2.075970e+01,2.076667e+01,2.078757e+01,2.080150e+01,2.085720e+01,2.075273e+01,2.082935e+01,2.085720e+01,2.087112e+01,2.088504e+01,2.085024e+01,2.090592e+01,2.085720e+01,2.080150e+01,2.082239e+01,2.087808e+01,2.082239e+01,2.082935e+01,2.083632e+01,2.089200e+01,2.087112e+01,2.084328e+01,2.084328e+01,2.084328e+01,2.091983e+01,2.083632e+01,2.089896e+01,2.090592e+01,2.089200e+01,2.090592e+01,2.082935e+01,2.081543e+01,2.085720e+01,2.085720e+01,2.087808e+01,2.092679e+01,2.087112e+01,2.082239e+01,2.078060e+01,2.080846e+01,2.091983e+01,2.081543e+01,2.083632e+01,2.085024e+01,2.085720e+01,2.085024e+01,2.094765e+01,2.081543e+01,2.087112e+01,2.086416e+01,2.079453e+01,2.078757e+01,2.088504e+01,2.079453e+01,2.087112e+01,2.089896e+01,2.087112e+01,2.082239e+01,2.082935e+01,2.076667e+01,2.089200e+01,2.087808e+01,2.092679e+01,2.073182e+01,2.075273e+01,2.075970e+01,2.081543e+01,2.073879e+01,2.081543e+01,2.076667e+01,2.078757e+01,2.092679e+01,2.095461e+01,2.080150e+01,2.074576e+01,2.071789e+01,2.078060e+01,2.069000e+01,2.084328e+01,2.073182e+01,2.082935e+01,2.079453e+01,2.072486e+01,2.055045e+01,2.040372e+01,2.018673e+01,2.012364e+01,2.019373e+01,2.047362e+01,2.052252e+01,2.077363e+01,2.057838e+01,2.071789e+01,2.080846e+01,2.080846e+01,2.080846e+01,2.075273e+01,2.080846e+01,2.080150e+01,2.075970e+01,2.071091e+01,2.084328e+01,2.078757e+01,2.085720e+01,2.084328e+01,2.084328e+01,2.080846e+01,2.077363e+01,2.075970e+01,2.085720e+01,2.093374e+01,2.085024e+01,2.079453e+01,2.090592e+01,2.092679e+01,2.087112e+01,2.079453e+01,2.076667e+01,2.075970e+01,2.087112e+01,2.080150e+01,2.090592e+01,2.088504e+01,2.082239e+01,2.086416e+01,2.084328e+01,2.077363e+01,2.075970e+01,2.094765e+01,2.075273e+01,2.077363e+01,2.091287e+01,2.085024e+01,2.088504e+01,2.082239e+01,2.087112e+01,2.085024e+01,2.080150e+01,2.079453e+01,2.080150e+01,2.081543e+01,2.079453e+01,2.084328e+01,2.087808e+01,2.088504e+01,2.090592e+01,2.088504e+01,2.093374e+01,2.082239e+01,2.093374e+01,2.085024e+01,2.087112e+01,2.082239e+01,2.081543e+01,2.084328e+01,2.083632e+01,2.089896e+01,2.079453e+01,2.091287e+01,2.087112e+01,2.078757e+01,2.075273e+01,2.081543e+01,2.080150e+01,2.078757e+01,2.099632e+01,2.078757e+01,2.084328e+01,2.085720e+01,2.087808e+01,2.096852e+01,2.089896e+01,2.080846e+01,2.103107e+01,2.082239e+01,2.084328e+01,2.086416e+01,2.089200e+01,2.085024e+01,2.091287e+01,2.083632e+01,2.080150e+01,2.082935e+01,2.086416e+01,2.081543e+01,2.080150e+01,2.087112e+01,2.084328e+01,2.096156e+01,2.075273e+01,2.082239e+01,2.079453e+01,2.089896e+01,2.082239e+01,2.077363e+01,2.084328e+01,2.080846e+01,2.091287e+01,2.093374e+01,2.087112e+01,2.085024e+01,2.091287e+01,2.087112e+01,2.098242e+01,2.055045e+01,2.094765e+01,2.082239e+01,2.081543e+01,2.097547e+01,2.087808e+01,2.087808e+01,2.086416e+01,2.089200e+01,2.098242e+01,2.094765e+01,2.091983e+01,2.097547e+01,2.102413e+01,2.098937e+01,2.104497e+01,2.098937e+01,2.098937e+01,2.100327e+01,2.105887e+01,2.103802e+01,2.107971e+01,2.098242e+01,2.106581e+01,2.100327e+01,2.104497e+01,2.100327e+01,2.099632e+01,2.106581e+01,2.096852e+01,2.093374e+01,2.094765e+01,2.095461e+01,2.101718e+01,2.100327e+01,2.101023e+01,2.100327e+01,2.094070e+01,2.097547e+01,2.095461e+01,2.096852e+01,2.095461e+01,2.098937e+01,2.089200e+01,2.100327e+01,2.093374e+01,2.089200e+01,2.091983e+01,2.072486e+01,2.088504e+01,2.074576e+01,2.099632e+01,2.090592e+01,2.095461e+01,2.082239e+01,2.096156e+01,2.089200e+01,2.090592e+01,2.083632e+01,2.095461e+01,2.094070e+01,2.089200e+01,2.094765e+01,2.086416e+01,2.083632e+01,2.094070e+01,2.091287e+01,2.092679e+01,2.080846e+01,2.085024e+01,2.087808e+01,2.091983e+01,2.089896e+01,2.095461e+01,2.094070e+01,2.093374e+01,2.089200e+01,2.105887e+01,2.088504e+01,2.097547e+01,2.096852e+01,2.094765e+01,2.090592e+01,2.094070e+01,2.085024e+01,2.073182e+01,2.080846e+01,2.091983e+01,2.091287e+01,2.088504e+01,2.095461e+01,2.071789e+01,2.087808e+01,2.091983e+01,2.090592e+01,2.097547e+01,2.092679e+01,2.083632e+01,2.084328e+01,2.083632e+01,2.084328e+01,2.088504e+01,2.082935e+01,2.090592e+01,2.088504e+01,2.090592e+01,2.087112e+01,2.080846e+01,2.089896e+01,2.086416e+01,2.090592e+01,2.089896e+01,2.087808e+01,2.087808e+01,2.090592e+01,2.091983e+01,2.089896e+01,2.085720e+01,2.080150e+01,2.082935e+01,2.085024e+01
2.068303e+01,2.075273e+01,2.080150e+01,2.070394e+01,2.081543e+01,2.080150e+01,2.067605e+01,2.083632e+01,2.073879e+01,2.073879e+01,2.075273e+01,2.071789e+01,2.077363e+01,2.077363e+01,2.098242e+01,2.069000e+01,2.073182e+01,2.081543e+01,2.072486e+01,2.059932e+01,2.066908e+01,2.073879e+01,2.071091e+01,2.071091e+01,2.069697e+01,2.077363e+01,2.082935e+01,2.069697e+01,2.081543e+01,2.088504e+01,2.077363e+01,2.069697e+01,2.073879e+01,2.073182e+01,2.071091e+01,2.078757e+01,2.084328e+01,2.078757e+01,2.081543e+01,2.085024e+01,2.085024e+01,2.077363e+01,2.079453e+01,2.077363e+01,2.066908e+01,2.083632e+01,2.080150e+01,2.074576e+01,2.085720e+01,2.073182e+01,2.082935e+01,2.077363e+01,2.085720e+01,2.077363e+01,2.085720e+01,2.078060e+01,2.088504e+01,2.078060e+01,2.085720e+01,2.078757e+01,2.079453e+01,2.078060e+01,2.078757e+01,2.080150e+01,2.078060e+01,2.085720e+01,2.092679e+01,2.077363e+01,2.072486e+01,2.093374e+01,2.078060e+01,2.076667e+01,2.078060e+01,2.085720e+01,2.078060e+01,2.068303e+01,2.071091e+01,2.085720e+01,2.080150e+01,2.081543e+01,2.075970e+01,2.074576e+01,2.089200e+01,2.090592e+01,2.080150e+01,2.112831e+01,2.090592e+01,2.079453e+01,2.075970e+01,2.079453e+01,2.084328e+01,2.082239e+01,2.103802e+01,2.080846e+01,2.084328e+01,2.067605e+01,2.080846e+01,2.082935e+01,2.075970e+01,2.069697e+01,2.081543e+01,2.066908e+01,2.081543e+01,2.082239e+01,2.081543e+01,2.080846e+01,2.078757e+01,2.080846e+01,2.082239e+01,2.077363e+01,2.075273e+01,2.073182e+01,2.089896e+01,2.085024e+01,2.077363e+01,2.080846e+01,2.082935e+01,2.087808e+01,2.081543e+01,2.064816e+01,2.078060e+01,2.093374e+01,2.085720e+01,2.091287e+01,2.078060e+01,2.073879e+01,2.095461e+01,2.094070e+01,2.076667e+01,2.082935e+01,2.074576e+01,2.073879e+01,2.076667e+01,2.083632e+01,2.077363e+01,2.083632e+01,2.078060e+01,2.075273e+01,2.072486e+01,2.086416e+01,2.093374e+01,2.085024e+01,2.078757e+01,2.078060e+01,2.080150e+01,2.079453e+01,2.080846e+01,2.078757e+01,2.064118e+01,2.067605e+01,2.072486e+01,2.071091e+01,2.066211e+01,2.065513e+01,2.073182e+01,2.065513e+01,2.079453e+01,2.077363e+01,2.071091e+01,2.076667e+01,2.078757e+01,2.076667e+01,2.081543e+01,2.078757e+01,2.074576e+01,2.078060e+01,2.082239e+01,2.080846e+01,2.075273e+01,2.078757e+01,2.071091e+01,2.082935e+01,2.075970e+01,2.067605e+01,2.042470e+01,2.024277e+01,2.020774e+01,2.021475e+01,1.999033e+01,1.982168e+01,1.968092e+01,1.950469e+01,1.951175e+01,1.951880e+01,1.954701e+01,1.960342e+01,1.951880e+01,1.962456e+01,1.963865e+01,1.967388e+01,1.973725e+01,1.974428e+01,1.972317e+01,1.963865e+01,1.985683e+01,1.974428e+01,1.991306e+01,2.000437e+01,2.019373e+01,2.025677e+01,2.019373e+01,2.042470e+01,2.038974e+01,2.044567e+01,2.055045e+01,2.062025e+01,2.058536e+01,2.052950e+01,2.073879e+01,2.070394e+01,2.071091e+01,2.069000e+01,2.074576e+01,2.080846e+01,2.082239e+01,2.073182e+01,2.075273e+01,2.078757e+01,2.070394e+01,2.073879e+01,2.065513e+01,2.075273e+01,2.064118e+01,2.079453e+01,2.081543e+01,2.071789e+01,2.070394e+01,2.070394e+01,2.082239e+01,2.080846e+01,2.073879e+01,2.069697e+01,2.067605e+01,2.062723e+01,2.064118e+01,2.073879e+01,2.071789e+01,2.070394e+01,2.075970e+01,2.073182e+01,2.066908e+01,2.071091e+01,2.051554e+01,2.054347e+01,2.037575e+01,2.035476e+01,2.041071e+01,2.029878e+01,2.015869e+01,2.013065e+01,2.007454e+01,1.997628e+01,2.001841e+01,2.004648e+01,2.013766e+01,2.015869e+01,2.027778e+01,2.031978e+01,2.037575e+01,2.064118e+01,2.074576e+01,2.085024e+01,2.086416e+01,2.075970e+01,2.086416e+01,2.082239e+01,2.075273e+01,2.074576e+01,2.075970e+01,2.082239e+01,2.080846e+01,2.081543e+01,2.080846e+01,2.088504e+01,2.089200e+01,2.083632e+01,2.081543e+01,2.085024e+01,2.072486e+01,2.069000e+01,2.082239e+01,2.089200e+01,2.082239e+01,2.080150e+01,2.080150e+01,2.093374e+01,2.082935e+01,2.089896e+01,2.085720e+01,2.076667e+01,2.074576e+01,2.079453e+01,2.075273e+01,2.087112e+01,2.082935e+01,2.069697e+01,2.067605e+01,2.059234e+01,2.052950e+01,2.057140e+01,2.051554e+01,2.042470e+01,2.031278e+01,2.055743e+01,2.042470e+01,2.043868e+01,2.036176e+01,2.042470e+01,2.057140e+01,2.048061e+01,2.057838e+01,2.050855e+01,2.071091e+01,2.085720e+01,2.078060e+01,2.073182e+01,2.080150e+01,2.078757e+01,2.078757e+01,2.084328e+01,2.087808e+01,2.080846e+01,2.087808e+01,2.083632e+01,2.083632e+01,2.085024e+01,2.082935e+01,2.086416e+01,2.081543e+01,2.077363e+01,2.084328e+01,2.079453e+01,2.080846e+01,2.083632e+01,2.080150e+01,2.077363e+01,2.091287e+01,2.078757e+01,2.073879e+01,2.080150e+01,2.086416e+01,2.076667e+01,2.084328e+01,2.089896e+01,2.077363e+01,2.080150e+01,2.089200e+01,2.082239e+01,2.082239e+01,2.079453e+01,2.098242e+01,2.094765e+01,2.079453e+01,2.076667e+01,2.090592e+01,2.072486e+01,2.074576e+01,2.083632e+01,2.084328e+01,2.081543e+01,2.087808e+01,2.082935e+01,2.103107e+01,2.091983e+01,2.078060e+01,2.082935e+01,2.080150e+01,2.083632e+01,2.077363e+01,2.079453e+01,2.066908e+01,2.082935e+01,2.080846e+01,2.085024e+01,2.079453e+01,2.075273e+01,2.080846e+01,2.089896e+01,2.088504e+01,2.075970e+01,2.072486e+01,2.087112e+01,2.085024e+01,2.091287e+01,2.085720e+01,2.080150e+01,2.078757e+01,2.078060e+01,2.080150e+01,2.077363e+01,2.070394e+01,2.082935e+01,2.073879e+01,2.085024e+01,2.083632e+01,2.079453e+01,2.081543e+01,2.063420e+01,2.049458e+01,2.047362e+01,2.017972e+01,1.992009e+01,1.992711e+01,1.996224e+01,2.030578e+01,2.041071e+01,2.054347e+01,2.052950e+01,2.078060e+01,2.078060e+01,2.076667e+01,2.081543e+01,2.073879e+01,2.078757e+01,2.078060e+01,2.079453e+01,2.082935e+01,2.082935e+01,2.083632e+01,2.080150e+01,2.084328e+01,2.081543e+01,2.094070e+01,2.085024e+01,2.078757e+01,2.087112e+01,2.085024e+01,2.080150e+01,2.080846e+01,2.087808e+01,2.091983e+01,2.085024e+01,2.073879e+01,2.091983e+01,2.075970e+01,2.080150e+01,2.093374e+01,2.087112e+01,2.083632e+01,2.091983e+01,2.082239e+01,2.082935e+01,2.078757e+01,2.079453e+01,2.088504e+01,2.083632e+01,2.086416e+01,2.080150e+01,2.091287e+01,2.089200e+01,2.088504e+01,2.087808e+01,2.084328e+01,2.078757e+01,2.080846e+01,2.082239e+01,2.082239e+01,2.082935e+01,2.093374e+01,2.087808e+01,2.091983e+01,2.091983e+01,2.086416e+01,2.082935e+01,2.084328e+01,2.095461e+01,2.082239e+01,2.094765e+01,2.091983e+01,2.081543e+01,2.085024e+01,2.096156e+01,2.089896e+01,2.089896e+01,2.090592e+01,2.084328e+01,2.091287e+01,2.080846e+01,2.089200e+01,2.077363e+01,2.082239e+01,2.085720e+01,2.082239e+01,2.086416e+01,2.078060e+01,2.085024e+01,2.085024e+01,2.094765e+01,2.090592e+01,2.079453e+01,2.089896e+01,2.087808e+01,2.083632e+01,2.085720e+01,2.088504e+01,2.085720e+01,2.081543e+01,2.085720e+01,2.089200e+01,2.087112e+01,2.086416e+01,2.091983e+01,2.076667e+01,2.094765e+01,2.092679e+01,2.087112e+01,2.083632e+01,2.091287e+01,2.092679e+01,2.082239e+01,2.092679e+01,2.092679e+01,2.087808e+01,2.094765e+01,2.082935e+01,2.083632e+01,2.093374e+01,2.096852e+01,2.081543e+01,2.094070e+01,2.088504e+01,2.082239e+01,2.087808e+01,2.092679e+01,2.096852e+01,2.089200e+01,2.089200e+01,2.103802e+01,2.090592e+01,2.075273e+01,2.096852e+01,2.096852e+01,2.093374e+01,2.100327e+01,2.094765e+01,2.092679e+01,2.100327e+01,2.098937e+01,2.100327e+01,2.098242e+01,2.100327e+01,2.101023e+01,2.095461e+01,2.096852e+01,2.112137e+01,2.102413e+01,2.102413e+01,2.102413e+01,2.101718e+01,2.104497e+01,2.097547e+01,2.096156e+01,2.096852e+01,2.100327e+01,2.090592e+01,2.095461e+01,2.094765e+01,2.104497e+01,2.097547e+01,2.093374e+01,2.096852e+01,2.094765e+01,2.087112e+01,2.092679e+01,2.085720e+01,2.092679e+01,2.090592e+01,2.091983e+01,2.091983e+01,2.093374e+01,2.091287e+01,2.087112e+01,2.088504e+01,2.096852e+01,2.080150e+01,2.098242e+01,2.081543e+01,2.093374e+01,2.087808e+01,2.085024e+01,2.097547e+01,2.098242e+01,2.095461e+01,2.087112e+01,2.092679e+01,2.089200e+01,2.084328e+01,2.085024e+01,2.083632e+01,2.084328e+01,2.091287e+01,2.094765e+01,2.090592e+01,2.090592e+01,2.089896e+01,2.090592e+01,2.087112e+01,2.086416e+01,2.086416e+01,2.091287e+01,2.090592e+01,2.082239e+01,2.085720e+01,2.081543e+01,2.082935e+01,2.090592e+01,2.062723e+01,2.074576e+01,2.096156e+01,2.089896e+01,2.087808e+01,2.094070e+01,2.087112e+01,2.074576e+01,2.091983e+01,2.087112e+01,2.089200e+01,2.089896e+01,2.085024e+01,2.084328e+01,2.095461e+01,2.090592e+01,2.095461e+01,2.090592e+01,2.087808e+01,2.087808e+01,2.090592e+01,2.097547e+01,2.092679e+01,2.100327e+01,2.104497e+01,2.085024e+01,2.075970e+01,2.082935e+01,2.089896e+01,2.092679e+01,2.091287e+01,2.080150e+01,2.091983e+01,2.092679e+01
2.095461e+01,2.066908e+01,2.071789e+01,2.082935e+01,2.066211e+01,2.072486e+01,2.076667e+01,2.086416e+01,2.082239e+01,2.083632e+01,2.080150e+01,2.078757e+01,2.078757e+01,2.082935e+01,2.082239e+01,2.089200e+01,2.077363e+01,2.065513e+01,2.074576e+01,2.073182e+01,2.075970e+01,2.065513e+01,2.073879e+01,2.073879e+01,2.073182e+01,2.070394e+01,2.069697e+01,2.080150e+01,2.071789e+01,2.075970e+01,2.069697e+01,2.079453e+01,2.070394e+01,2.071091e+01,2.082935e+01,2.073879e+01,2.079453e+01,2.084328e+01,2.074576e+01,2.075970e+01,2.078757e+01,2.085720e+01,2.082935e+01,2.075970e+01,2.086416e+01,2.087112e+01,2.085024e+01,2.087808e+01,2.071091e+01,2.085720e+01,2.074576e+01,2.090592e+01,2.082239e+01,2.081543e+01,2.090592e+01,2.094765e+01,2.086416e+01,2.087112e+01,2.087112e+01,2.076667e+01,2.083632e+01,2.078757e+01,2.089200e+01,2.080846e+01,2.082935e+01,2.093374e+01,2.070394e+01,2.088504e+01,2.073182e+01,2.082935e+01,2.084328e+01,2.087112e+01,2.083632e+01,2.071091e+01,2.079453e+01,2.088504e+01,2.072486e+01,2.069697e+01,2.091287e+01,2.088504e+01,2.075970e+01,2.076667e+01,2.087808e+01,2.082935e+01,2.071091e+01,2.082239e+01,2.085024e+01,2.087808e+01,2.080150e+01,2.091983e+01,2.080150e+01,2.078060e+01,2.075970e+01,2.085720e+01,2.082239e+01,2.087808e+01,2.084328e+01,2.080846e+01,2.083632e+01,2.078757e+01,2.077363e+01,2.083632e+01,2.075970e+01,2.079453e+01,2.082935e+01,2.084328e+01,2.082239e+01,2.081543e+01,2.090592e+01,2.089896e+01,2.085720e+01,2.087112e+01,2.090592e+01,2.076667e+01,2.081543e+01,2.086416e+01,2.087808e+01,2.088504e+01,2.090592e+01,2.078757e+01,2.079453e+01,2.092679e+01,2.091287e+01,2.078757e+01,2.082239e+01,2.096852e+01,2.081543e+01,2.075970e+01,2.077363e+01,2.085720e+01,2.081543e+01,2.080846e+01,2.082239e+01,2.077363e+01,2.070394e+01,2.078060e+01,2.081543e+01,2.081543e+01,2.088504e+01,2.078060e+01,2.084328e+01,2.080846e+01,2.077363e+01,2.087112e+01,2.081543e+01,2.081543e+01,2.084328e+01,2.078757e+01,2.066908e+01,2.070394e+01,2.058536e+01,2.059234e+01,2.075273e+01,2.069697e+01,2.069697e+01,2.081543e+01,2.093374e+01,2.080150e+01,2.083632e+01,2.089896e+01,2.081543e+01,2.075970e+01,2.080150e+01,2.085720e+01,2.079453e+01,2.093374e+01,2.081543e+01,2.084328e+01,2.082239e+01,2.078060e+01,2.084328e+01,2.079453e+01,2.072486e+01,2.057140e+01,2.052252e+01,2.041071e+01,2.021475e+01,2.022176e+01,2.023577e+01,1.994819e+01,1.978650e+01,1.944823e+01,1.953291e+01,1.953291e+01,1.944823e+01,1.953996e+01,1.951880e+01,1.940587e+01,1.958932e+01,1.963161e+01,1.968092e+01,1.963865e+01,1.966683e+01,1.968796e+01,1.972317e+01,1.986386e+01,1.990604e+01,1.989901e+01,2.017271e+01,2.011663e+01,2.021475e+01,2.038274e+01,2.063420e+01,2.062723e+01,2.062723e+01,2.063420e+01,2.061327e+01,2.062025e+01,2.078757e+01,2.079453e+01,2.066908e+01,2.071789e+01,2.072486e+01,2.085720e+01,2.067605e+01,2.080150e+01,2.085024e+01,2.075273e+01,2.082935e+01,2.081543e+01,2.079453e+01,2.079453e+01,2.082239e+01,2.069697e+01,2.082935e+01,2.066211e+01,2.076667e+01,2.069697e+01,2.082239e+01,2.073879e+01,2.071789e+01,2.075970e+01,2.078060e+01,2.073182e+01,2.081543e+01,2.075273e+01,2.057838e+01,2.073879e+01,2.068303e+01,2.071091e+01,2.070394e+01,2.070394e+01,2.057140e+01,2.044567e+01,2.029178e+01,2.030578e+01,2.032678e+01,1.988495e+01,2.025677e+01,2.012364e+01,1.988495e+01,1.989901e+01,2.019373e+01,1.999735e+01,2.010260e+01,2.006753e+01,2.015168e+01,2.022176e+01,2.038974e+01,2.047362e+01,2.071789e+01,2.075970e+01,2.082935e+01,2.080150e+01,2.083632e+01,2.079453e+01,2.069697e+01,2.082239e+01,2.080150e+01,2.076667e+01,2.081543e+01,2.075970e+01,2.085720e+01,2.076667e+01,2.080150e+01,2.069000e+01,2.073879e+01,2.082935e+01,2.086416e+01,2.075970e+01,2.072486e+01,2.088504e+01,2.080150e+01,2.082935e+01,2.081543e+01,2.082935e+01,2.082239e+01,2.082935e+01,2.082935e+01,2.087808e+01,2.088504e+01,2.085024e+01,2.080846e+01,2.075273e+01,2.084328e+01,2.071789e+01,2.086416e+01,2.060629e+01,2.061327e+01,2.043868e+01,2.039673e+01,2.055045e+01,2.056442e+01,2.044567e+01,2.052950e+01,2.052950e+01,2.036176e+01,2.038974e+01,2.043868e+01,2.047362e+01,2.048759e+01,2.056442e+01,2.068303e+01,2.071091e+01,2.075273e+01,2.087808e+01,2.078757e+01,2.094765e+01,2.088504e+01,2.089896e+01,2.081543e+01,2.082935e+01,2.087112e+01,2.091287e+01,2.086416e+01,2.091983e+01,2.086416e+01,2.081543e+01,2.084328e+01,2.083632e+01,2.082935e+01,2.079453e+01,2.079453e+01,2.078757e+01,2.082935e+01,2.089200e+01,2.082935e+01,2.088504e+01,2.080846e+01,2.071789e+01,2.089896e+01,2.091287e+01,2.087808e+01,2.089896e+01,2.073879e+01,2.092679e+01,2.088504e+01,2.082935e+01,2.095461e+01,2.081543e+01,2.083632e+01,2.080150e+01,2.093374e+01,2.093374e+01,2.076667e+01,2.082239e+01,2.088504e+01,2.079453e+01,2.089200e+01,2.083632e+01,2.080846e+01,2.086416e+01,2.079453e+01,2.080846e+01,2.080846e+01,2.083632e+01,2.078757e+01,2.079453e+01,2.080150e+01,2.081543e+01,2.085024e+01,2.080846e+01,2.080150e+01,2.078757e+01,2.086416e+01,2.082935e+01,2.082239e+01,2.074576e+01,2.080846e+01,2.080846e+01,2.082935e+01,2.078060e+01,2.092679e+01,2.094070e+01,2.071091e+01,2.078757e+01,2.071789e+01,2.078757e+01,2.082935e+01,2.084328e+01,2.076667e+01,2.082239e+01,2.084328e+01,2.076667e+01,2.066908e+01,2.081543e+01,2.073879e+01,2.075970e+01,2.049458e+01,2.020774e+01,1.990604e+01,1.989901e+01,1.977947e+01,1.983574e+01,1.982168e+01,1.985683e+01,2.009559e+01,2.029178e+01,2.048759e+01,2.053649e+01,2.069697e+01,2.058536e+01,2.071091e+01,2.080846e+01,2.100327e+01,2.073879e+01,2.082935e+01,2.085024e+01,2.086416e+01,2.087808e+01,2.078757e+01,2.081543e+01,2.089896e+01,2.085024e+01,2.087808e+01,2.082935e+01,2.078757e+01,2.093374e+01,2.082935e+01,2.079453e+01,2.080150e+01,2.087808e+01,2.083632e+01,2.089896e+01,2.091287e+01,2.087112e+01,2.083632e+01,2.085720e+01,2.084328e+01,2.084328e+01,2.098242e+01,2.082239e+01,2.082935e+01,2.085024e+01,2.086416e+01,2.078060e+01,2.096852e+01,2.091983e+01,2.096156e+01,2.094765e+01,2.087808e+01,2.086416e+01,2.082239e+01,2.085720e+01,2.087808e+01,2.082239e+01,2.091287e+01,2.089896e+01,2.082935e+01,2.087808e+01,2.090592e+01,2.082935e+01,2.091287e+01,2.087112e+01,2.090592e+01,2.091287e+01,2.083632e+01,2.091287e+01,2.089896e+01,2.087808e+01,2.085720e+01,2.089200e+01,2.089896e+01,2.089896e+01,2.085720e+01,2.089896e+01,2.085720e+01,2.096156e+01,2.095461e+01,2.083632e+01,2.088504e+01,2.082239e+01,2.102413e+01,2.088504e+01,2.075970e+01,2.083632e+01,2.080150e+01,2.094765e+01,2.093374e+01,2.087112e+01,2.102413e+01,2.092679e+01,2.081543e+01,2.078060e+01,2.091287e+01,2.087112e+01,2.081543e+01,2.087808e+01,2.088504e+01,2.087112e+01,2.080846e+01,2.080150e+01,2.086416e+01,2.092679e+01,2.101718e+01,2.093374e+01,2.087112e+01,2.094070e+01,2.087808e+01,2.089200e+01,2.093374e+01,2.086416e+01,2.082239e+01,2.079453e+01,2.080846e+01,2.077363e+01,2.098937e+01,2.097547e+01,2.077363e+01,2.080150e+01,2.090592e+01,2.096156e+01,2.098937e+01,2.098242e+01,2.093374e+01,2.100327e+01,2.088504e+01,2.078757e+01,2.085024e+01,2.095461e+01,2.090592e+01,2.091983e+01,2.100327e+01,2.097547e+01,2.097547e+01,2.105887e+01,2.090592e+01,2.103802e+01,2.095461e+01,2.101023e+01,2.100327e+01,2.094765e+01,2.104497e+01,2.106581e+01,2.095461e+01,2.103802e+01,2.103107e+01,2.098937e+01,2.098937e+01,2.103107e+01,2.106581e+01,2.105192e+01,2.088504e+01,2.091287e+01,2.108665e+01,2.089896e+01,2.107276e+01,2.096852e+01,2.106581e+01,2.094070e+01,2.094070e+01,2.101718e+01,2.092679e+01,2.089200e+01,2.095461e+01,2.105887e+01,2.103107e+01,2.092679e+01,2.093374e+01,2.087112e+01,2.095461e+01,2.096156e+01,2.098242e+01,2.094070e+01,2.089200e+01,2.093374e+01,2.092679e+01,2.093374e+01,2.094765e+01,2.092679e+01,2.089896e+01,2.095461e+01,2.091983e+01,2.090592e+01,2.090592e+01,2.099632e+01,2.094070e+01,2.081543e+01,2.096156e+01,2.093374e+01,2.082935e+01,2.084328e+01,2.091287e+01,2.079453e+01,2.089896e+01,2.094070e+01,2.089200e+01,2.084328e+01,2.096156e+01,2.091287e+01,2.086416e+01,2.091287e+01,2.093374e+01,2.090592e+01,2.088504e+01,2.085024e+01,2.090592e+01,2.091287e+01,2.091983e+01,2.093374e+01,2.077363e+01,2.096156e+01,2.094070e+01,2.094765e+01,2.095461e+01,2.084328e+01,2.084328e+01,2.094765e+01,2.084328e+01,2.085720e+01,2.097547e+01,2.095461e+01,2.077363e+01,2.086416e+01,2.095461e+01,2.091287e+01,2.095461e+01,2.088504e+01,2.080150e+01,2.080150e+01,2.098937e+01,2.085720e+01,2.076667e+01,2.085720e+01,2.088504e+01,2.083632e+01,2.088504e+01,2.072486e+01,2.089200e+01,2.069697e+01
2.065513e+01,2.078757e+01,2.090592e+01,2.074576e+01,2.068303e+01,2.071789e+01,2.071091e+01,2.071789e+01,2.067605e+01,2.077363e+01,2.082935e+01,2.088504e+01,2.084328e+01,2.101023e+01,2.103107e+01,2.075273e+01,2.059932e+01,2.073182e+01,2.077363e+01,2.078757e+01,2.066211e+01,2.076667e+01,2.064816e+01,2.069697e+01,2.066908e+01,2.054347e+01,2.075273e+01,2.082239e+01,2.089200e+01,2.082935e+01,2.082935e+01,2.072486e+01,2.089200e+01,2.067605e+01,2.085024e+01,2.082935e+01,2.081543e+01,2.066211e+01,2.077363e+01,2.082239e+01,2.080150e+01,2.072486e+01,2.074576e+01,2.080150e+01,2.082935e+01,2.078060e+01,2.071789e+01,2.087808e+01,2.071091e+01,2.078060e+01,2.071091e+01,2.077363e+01,2.076667e+01,2.078060e+01,2.078757e+01,2.075970e+01,2.075273e+01,2.082935e+01,2.075273e+01,2.082935e+01,2.075970e+01,2.074576e+01,2.089200e+01,2.082935e+01,2.078060e+01,2.073879e+01,2.080150e+01,2.085024e+01,2.085024e+01,2.077363e+01,2.078757e+01,2.077363e+01,2.078757e+01,2.075273e+01,2.082239e+01,2.070394e+01,2.087808e+01,2.071789e+01,2.073879e+01,2.074576e+01,2.080846e+01,2.078757e+01,2.078060e+01,2.077363e+01,2.083632e+01,2.086416e+01,2.078757e+01,2.081543e+01,2.089896e+01,2.080150e+01,2.079453e+01,2.071789e+01,2.078757e+01,2.082935e+01,2.075273e+01,2.083632e+01,2.080846e+01,2.081543e+01,2.082239e+01,2.078060e+01,2.080150e+01,2.078757e+01,2.078757e+01,2.074576e+01,2.079453e+01,2.082239e+01,2.080150e+01,2.087112e+01,2.088504e+01,2.080846e+01,2.071091e+01,2.087112e+01,2.081543e+01,2.074576e+01,2.076667e+01,2.089200e+01,2.087808e+01,2.083632e+01,2.074576e+01,2.070394e+01,2.079453e+01,2.076667e+01,2.078060e+01,2.071789e+01,2.076667e+01,2.080846e+01,2.071091e+01,2.075970e+01,2.085024e+01,2.090592e+01,2.078060e+01,2.085024e+01,2.083632e+01,2.082935e+01,2.077363e+01,2.079453e+01,2.082239e+01,2.084328e+01,2.085720e+01,2.082935e+01,2.082239e+01,2.080150e+01,2.080846e+01,2.082935e+01,2.073879e+01,2.079453e+01,2.077363e+01,2.075273e+01,2.062723e+01,2.062723e+01,2.073879e+01,2.064816e+01,2.052252e+01,2.069000e+01,2.084328e+01,2.082239e+01,2.063420e+01,2.098242e+01,2.080846e+01,2.079453e+01,2.092679e+01,2.071091e+01,2.080846e+01,2.080846e+01,2.079453e+01,2.088504e+01,2.082935e+01,2.077363e+01,2.095461e+01,2.087112e+01,2.078060e+01,2.078060e+01,2.072486e+01,2.059932e+01,2.049458e+01,2.048759e+01,2.043169e+01,2.045266e+01,2.022876e+01,1.998330e+01,1.984277e+01,1.956817e+01,1.941293e+01,1.948352e+01,1.956112e+01,1.951175e+01,1.953996e+01,1.954701e+01,1.952586e+01,1.963161e+01,1.966683e+01,1.964570e+01,1.962456e+01,1.965274e+01,1.976540e+01,1.981464e+01,1.987792e+01,1.981464e+01,2.007454e+01,2.008857e+01,2.025677e+01,2.043868e+01,2.050157e+01,2.062025e+01,2.069000e+01,2.085720e+01,2.073879e+01,2.065513e+01,2.084328e+01,2.076667e+01,2.071789e+01,2.073182e+01,2.074576e+01,2.073182e+01,2.075970e+01,2.080846e+01,2.068303e+01,2.071091e+01,2.082935e+01,2.080150e+01,2.073879e+01,2.077363e+01,2.075970e+01,2.083632e+01,2.082239e+01,2.066908e+01,2.078757e+01,2.080150e+01,2.069000e+01,2.075970e+01,2.074576e+01,2.079453e+01,2.082935e+01,2.062025e+01,2.078757e+01,2.069697e+01,2.071789e+01,2.073879e+01,2.069697e+01,2.067605e+01,2.082935e+01,2.052252e+01,2.069000e+01,2.042470e+01,2.041071e+01,2.027078e+01,2.024977e+01,2.010260e+01,2.014467e+01,1.992009e+01,1.988495e+01,1.994117e+01,1.986386e+01,1.986386e+01,2.010961e+01,2.019373e+01,2.034777e+01,2.015168e+01,2.036176e+01,2.043868e+01,2.066908e+01,2.073879e+01,2.076667e+01,2.069000e+01,2.080150e+01,2.080150e+01,2.080846e+01,2.082935e+01,2.082935e+01,2.075273e+01,2.082935e+01,2.085720e+01,2.084328e+01,2.085024e+01,2.081543e+01,2.082935e+01,2.085720e+01,2.082239e+01,2.076667e+01,2.080150e+01,2.066908e+01,2.074576e+01,2.073182e+01,2.078757e+01,2.070394e+01,2.079453e+01,2.086416e+01,2.081543e+01,2.083632e+01,2.081543e+01,2.080150e+01,2.082239e+01,2.078060e+01,2.098937e+01,2.079453e+01,2.065513e+01,2.061327e+01,2.071789e+01,2.047362e+01,2.050157e+01,2.046663e+01,2.066908e+01,2.055045e+01,2.032678e+01,2.039673e+01,2.048061e+01,2.046663e+01,2.047362e+01,2.046663e+01,2.055045e+01,2.050855e+01,2.064816e+01,2.054347e+01,2.066908e+01,2.075970e+01,2.069697e+01,2.083632e+01,2.080846e+01,2.086416e+01,2.078757e+01,2.093374e+01,2.090592e+01,2.085024e+01,2.089896e+01,2.081543e+01,2.087112e+01,2.079453e+01,2.096156e+01,2.085024e+01,2.086416e+01,2.080150e+01,2.077363e+01,2.082935e+01,2.089896e+01,2.084328e+01,2.080150e+01,2.080150e+01,2.078757e+01,2.085720e+01,2.068303e+01,2.079453e+01,2.085720e+01,2.086416e+01,2.077363e+01,2.082935e+01,2.085024e+01,2.092679e+01,2.089896e+01,2.075273e+01,2.082935e+01,2.090592e+01,2.088504e+01,2.082239e+01,2.085720e+01,2.086416e+01,2.078757e+01,2.078060e+01,2.083632e+01,2.085720e+01,2.087112e+01,2.080846e+01,2.082239e+01,2.087808e+01,2.081543e+01,2.081543e+01,2.085720e+01,2.088504e+01,2.089896e+01,2.089896e+01,2.082239e+01,2.080150e+01,2.085720e+01,2.085720e+01,2.080846e+01,2.081543e+01,2.075273e+01,2.075970e+01,2.077363e+01,2.079453e+01,2.092679e+01,2.089200e+01,2.079453e+01,2.073879e+01,2.082239e+01,2.084328e+01,2.082239e+01,2.078060e+01,2.094070e+01,2.078757e+01,2.075970e+01,2.078060e+01,2.083632e+01,2.083632e+01,2.075970e+01,2.071789e+01,2.071789e+01,2.080150e+01,2.051554e+01,2.050157e+01,2.031978e+01,1.994117e+01,1.975836e+01,1.973021e+01,1.961047e+01,1.953996e+01,1.965274e+01,1.982871e+01,1.999735e+01,1.999735e+01,2.013766e+01,2.017972e+01,2.051554e+01,2.050157e+01,2.051554e+01,2.072486e+01,2.076667e+01,2.077363e+01,2.085024e+01,2.075273e+01,2.085720e+01,2.080846e+01,2.084328e+01,2.079453e+01,2.085720e+01,2.087112e+01,2.089896e+01,2.089200e+01,2.079453e+01,2.090592e+01,2.080150e+01,2.104497e+01,2.080846e+01,2.079453e+01,2.079453e+01,2.089896e+01,2.076667e+01,2.088504e+01,2.082239e+01,2.081543e+01,2.082239e+01,2.082239e+01,2.084328e+01,2.082239e+01,2.082935e+01,2.077363e+01,2.085720e+01,2.098242e+01,2.081543e+01,2.082935e+01,2.083632e+01,2.103802e+01,2.085720e+01,2.089896e+01,2.080846e+01,2.081543e+01,2.076667e+01,2.088504e+01,2.092679e+01,2.081543e+01,2.091983e+01,2.081543e+01,2.089200e+01,2.082239e+01,2.091287e+01,2.087112e+01,2.078757e+01,2.082935e+01,2.087112e+01,2.093374e+01,2.095461e+01,2.088504e+01,2.085720e+01,2.087808e+01,2.091983e+01,2.088504e+01,2.088504e+01,2.072486e+01,2.086416e+01,2.088504e+01,2.080846e+01,2.082239e+01,2.087112e+01,2.089200e+01,2.087112e+01,2.086416e+01,2.092679e+01,2.090592e+01,2.081543e+01,2.092679e+01,2.089200e+01,2.076667e+01,2.067605e+01,2.064816e+01,2.091287e+01,2.092679e+01,2.074576e+01,2.082239e+01,2.087808e+01,2.080150e+01,2.085720e+01,2.079453e+01,2.088504e+01,2.092679e+01,2.087112e+01,2.086416e+01,2.089200e+01,2.092679e+01,2.089896e+01,2.086416e+01,2.087808e+01,2.089896e+01,2.086416e+01,2.087808e+01,2.091287e+01,2.091287e+01,2.075273e+01,2.088504e+01,2.078757e+01,2.096852e+01,2.093374e+01,2.098937e+01,2.087112e+01,2.089200e+01,2.093374e+01,2.096156e+01,2.098937e+01,2.094765e+01,2.098242e+01,2.094070e+01,2.095461e+01,2.089200e+01,2.089896e+01,2.098242e+01,2.094765e+01,2.092679e+01,2.107971e+01,2.098242e+01,2.105192e+01,2.105887e+01,2.103802e+01,2.097547e+01,2.105192e+01,2.105887e+01,2.094070e+01,2.100327e+01,2.094070e+01,2.105192e+01,2.120465e+01,2.103802e+01,2.105887e+01,2.108665e+01,2.098937e+01,2.091287e+01,2.096852e+01,2.089896e+01,2.096156e+01,2.099632e+01,2.090592e+01,2.103802e+01,2.100327e+01,2.092679e+01,2.104497e+01,2.103107e+01,2.103802e+01,2.089896e+01,2.094070e+01,2.098937e+01,2.092679e+01,2.078060e+01,2.091287e+01,2.094070e+01,2.090592e+01,2.097547e+01,2.099632e+01,2.081543e+01,2.098937e+01,2.090592e+01,2.087112e+01,2.091287e+01,2.090592e+01,2.090592e+01,2.088504e+01,2.096156e+01,2.094765e+01,2.086416e+01,2.084328e+01,2.096852e+01,2.088504e+01,2.097547e+01,2.082935e+01,2.086416e+01,2.082935e+01,2.081543e+01,2.085024e+01,2.082239e+01,2.090592e+01,2.106581e+01,2.106581e+01,2.089200e+01,2.078060e+01,2.078757e+01,2.094070e+01,2.086416e+01,2.089200e+01,2.085720e+01,2.086416e+01,2.090592e+01,2.114914e+01,2.093374e+01,2.093374e+01,2.092679e+01,2.091983e+01,2.094070e+01,2.084328e+01,2.082935e+01,2.093374e+01,2.084328e+01,2.079453e+01,2.079453e+01,2.088504e+01,2.093374e+01,2.093374e+01,2.093374e+01,2.082935e+01,2.090592e+01,2.091983e+01,2.087808e+01,2.084328e+01,2.091983e+01,2.097547e+01,2.091983e+01,2.101023e+01,2.087112e+01,2.086416e+01,2.098937e+01,2.077363e+01,2.082935e+01,2.073182e+01,2.081543e+01,2.095461e+01
2.076667e+01,2.080150e+01,2.072486e+01,2.087112e+01,2.084328e+01,2.070394e+01,2.074576e+01,2.079453e+01,2.078060e+01,2.074576e+01,2.067605e+01,2.071091e+01,2.081543e+01,2.078060e+01,2.080150e+01,2.059932e+01,2.076667e+01,2.092679e+01,2.084328e+01,2.075273e+01,2.073879e+01,2.065513e+01,2.073879e+01,2.067605e+01,2.070394e+01,2.074576e+01,2.070394e+01,2.068303e+01,2.091287e+01,2.079453e+01,2.084328e+01,2.087112e+01,2.083632e+01,2.082935e+01,2.089200e+01,2.074576e+01,2.076667e+01,2.079453e+01,2.083632e+01,2.078060e+01,2.077363e+01,2.094070e+01,2.075970e+01,2.080150e+01,2.064816e+01,2.076667e+01,2.078060e+01,2.087112e+01,2.086416e+01,2.089200e+01,2.080846e+01,2.076667e+01,2.080846e+01,2.082239e+01,2.080150e+01,2.080846e+01,2.082935e+01,2.073879e+01,2.080846e+01,2.079453e+01,2.086416e+01,2.079453e+01,2.078060e+01,2.078060e+01,2.068303e+01,2.082935e+01,2.080846e+01,2.084328e+01,2.081543e+01,2.080150e+01,2.073879e+01,2.076667e+01,2.078757e+01,2.078060e+01,2.079453e+01,2.076667e+01,2.078060e+01,2.075970e+01,2.061327e+01,2.067605e+01,2.091287e+01,2.080150e+01,2.078060e+01,2.078757e+01,2.068303e+01,2.088504e+01,2.085720e+01,2.080846e+01,2.080846e+01,2.072486e+01,2.084328e+01,2.089200e+01,2.077363e+01,2.075273e+01,2.089896e+01,2.085720e+01,2.088504e+01,2.077363e+01,2.087112e+01,2.082935e+01,2.078060e+01,2.084328e+01,2.080846e+01,2.084328e+01,2.080150e+01,2.082935e+01,2.089896e+01,2.079453e+01,2.086416e+01,2.081543e+01,2.073879e+01,2.078757e+01,2.089200e+01,2.076667e+01,2.080150e+01,2.076667e+01,2.072486e+01,2.069697e+01,2.087112e+01,2.069697e+01,2.074576e+01,2.069697e+01,2.069697e+01,2.082935e+01,2.075273e+01,2.091983e+01,2.073879e+01,2.083632e+01,2.081543e+01,2.084328e+01,2.083632e+01,2.082239e+01,2.075970e+01,2.082239e+01,2.083632e+01,2.079453e+01,2.081543e+01,2.077363e+01,2.082239e+01,2.078060e+01,2.078757e+01,2.087112e+01,2.066908e+01,2.080150e+01,2.078060e+01,2.073879e+01,2.084328e+01,2.069697e+01,2.064816e+01,2.052252e+01,2.064118e+01,2.055743e+01,2.051554e+01,2.080846e+01,2.071789e+01,2.072486e+01,2.081543e+01,2.082239e+01,2.081543e+01,2.079453e+01,2.082239e+01,2.080846e+01,2.076667e+01,2.078060e+01,2.088504e+01,2.078060e+01,2.084328e+01,2.082239e+01,2.081543e+01,2.069000e+01,2.076667e+01,2.072486e+01,2.066908e+01,2.053649e+01,2.048759e+01,2.048759e+01,2.027078e+01,2.023577e+01,2.020774e+01,1.999033e+01,1.988495e+01,1.969500e+01,1.954701e+01,1.946941e+01,1.943411e+01,1.951880e+01,1.956112e+01,1.954701e+01,1.958932e+01,1.962456e+01,1.968092e+01,1.968796e+01,1.968796e+01,1.969500e+01,1.970205e+01,1.984980e+01,1.999033e+01,1.987792e+01,2.007454e+01,2.027078e+01,2.030578e+01,2.033377e+01,2.049458e+01,2.069000e+01,2.059234e+01,2.076667e+01,2.078757e+01,2.082239e+01,2.079453e+01,2.075273e+01,2.080846e+01,2.083632e+01,2.073879e+01,2.076667e+01,2.073879e+01,2.070394e+01,2.081543e+01,2.087112e+01,2.069697e+01,2.078060e+01,2.082239e+01,2.086416e+01,2.080150e+01,2.080150e+01,2.073879e+01,2.069697e+01,2.073879e+01,2.068303e+01,2.063420e+01,2.062723e+01,2.069697e+01,2.063420e+01,2.071789e+01,2.063420e+01,2.069000e+01,2.077363e+01,2.071091e+01,2.087112e+01,2.072486e+01,2.062723e+01,2.064118e+01,2.066908e+01,2.041770e+01,2.041071e+01,2.042470e+01,2.036176e+01,2.015168e+01,2.015869e+01,1.984277e+01,1.985683e+01,1.989901e+01,1.971613e+01,1.994819e+01,1.983574e+01,2.003244e+01,2.002542e+01,2.022176e+01,2.016570e+01,2.017972e+01,2.062025e+01,2.041770e+01,2.063420e+01,2.073182e+01,2.076667e+01,2.077363e+01,2.080846e+01,2.080846e+01,2.087808e+01,2.075970e+01,2.075273e+01,2.085720e+01,2.073879e+01,2.078060e+01,2.085024e+01,2.082239e+01,2.080150e+01,2.083632e+01,2.075970e+01,2.082935e+01,2.078060e+01,2.082935e+01,2.088504e+01,2.083632e+01,2.080150e+01,2.069697e+01,2.059234e+01,2.086416e+01,2.080846e+01,2.077363e+01,2.084328e+01,2.083632e+01,2.081543e+01,2.078060e+01,2.077363e+01,2.064816e+01,2.062723e+01,2.064816e+01,2.057140e+01,2.062025e+01,2.056442e+01,2.050855e+01,2.057838e+01,2.043169e+01,2.038274e+01,2.029878e+01,2.037575e+01,2.036176e+01,2.048759e+01,2.043169e+01,2.048759e+01,2.046663e+01,2.062723e+01,2.065513e+01,2.083632e+01,2.076667e+01,2.083632e+01,2.082239e+01,2.081543e+01,2.079453e+01,2.087112e+01,2.080846e+01,2.095461e+01,2.085720e+01,2.083632e+01,2.082935e+01,2.084328e+01,2.081543e+01,2.079453e+01,2.076667e+01,2.094765e+01,2.084328e+01,2.079453e+01,2.075273e+01,2.085024e+01,2.080150e+01,2.077363e+01,2.085720e+01,2.078060e+01,2.080150e+01,2.082935e+01,2.093374e+01,2.092679e+01,2.080846e+01,2.085720e+01,2.077363e+01,2.091287e+01,2.094070e+01,2.091983e+01,2.075273e+01,2.089200e+01,2.082239e+01,2.085024e+01,2.085720e+01,2.087112e+01,2.082239e+01,2.075970e+01,2.081543e+01,2.097547e+01,2.077363e+01,2.084328e+01,2.086416e+01,2.078060e+01,2.081543e+01,2.080846e+01,2.080150e+01,2.082239e+01,2.085024e+01,2.075970e+01,2.072486e+01,2.080846e+01,2.081543e+01,2.081543e+01,2.092679e+01,2.091983e+01,2.073182e+01,2.081543e+01,2.078060e+01,2.078757e+01,2.092679e+01,2.075970e+01,2.085720e+01,2.087808e+01,2.079453e+01,2.071789e+01,2.089896e+01,2.078757e+01,2.078757e+01,2.079453e+01,2.078757e+01,2.075970e+01,2.078060e+01,2.081543e+01,2.073879e+01,2.081543e+01,2.074576e+01,2.075273e+01,2.071789e+01,2.071091e+01,2.051554e+01,2.050855e+01,2.006051e+01,1.986386e+01,1.968796e+01,1.953996e+01,1.955407e+01,1.954701e+01,1.949764e+01,1.967388e+01,1.956817e+01,1.996224e+01,1.996926e+01,2.019373e+01,2.020074e+01,2.042470e+01,2.050157e+01,2.075970e+01,2.071091e+01,2.073879e+01,2.080150e+01,2.079453e+01,2.086416e+01,2.083632e+01,2.083632e+01,2.087808e+01,2.089896e+01,2.078757e+01,2.075273e+01,2.078757e+01,2.079453e+01,2.079453e+01,2.085024e+01,2.088504e+01,2.082239e+01,2.085024e+01,2.073182e+01,2.077363e+01,2.082935e+01,2.080150e+01,2.089896e+01,2.082239e+01,2.095461e+01,2.085720e+01,2.085024e+01,2.075273e+01,2.093374e+01,2.095461e+01,2.094765e+01,2.080150e+01,2.095461e+01,2.092679e+01,2.088504e+01,2.089896e+01,2.085720e+01,2.087112e+01,2.080150e+01,2.093374e+01,2.083632e+01,2.089200e+01,2.084328e+01,2.083632e+01,2.072486e+01,2.094070e+01,2.092679e+01,2.095461e+01,2.093374e+01,2.091983e+01,2.077363e+01,2.085024e+01,2.089896e+01,2.094070e+01,2.084328e+01,2.091287e+01,2.087808e+01,2.085024e+01,2.091983e+01,2.087808e+01,2.085024e+01,2.073182e+01,2.082935e+01,2.091287e+01,2.087112e+01,2.082935e+01,2.081543e+01,2.089200e+01,2.078060e+01,2.085024e+01,2.093374e+01,2.088504e+01,2.092679e+01,2.083632e+01,2.087808e+01,2.066908e+01,2.095461e+01,2.094070e+01,2.085720e+01,2.085024e+01,2.085024e+01,2.094070e+01,2.092679e+01,2.091287e+01,2.080150e+01,2.089200e+01,2.089200e+01,2.078060e+01,2.090592e+01,2.085024e+01,2.094070e+01,2.084328e+01,2.091287e+01,2.082239e+01,2.094070e+01,2.091983e+01,2.087112e+01,2.085024e+01,2.089200e+01,2.098937e+01,2.080150e+01,2.084328e+01,2.084328e+01,2.093374e+01,2.096852e+01,2.084328e+01,2.089200e+01,2.088504e+01,2.087112e+01,2.088504e+01,2.093374e+01,2.089896e+01,2.089200e+01,2.089896e+01,2.084328e+01,2.093374e+01,2.097547e+01,2.089896e+01,2.101023e+01,2.092679e+01,2.105887e+01,2.092679e+01,2.096156e+01,2.103107e+01,2.102413e+01,2.100327e+01,2.095461e+01,2.105887e+01,2.117690e+01,2.111443e+01,2.099632e+01,2.090592e+01,2.094765e+01,2.105887e+01,2.103107e+01,2.106581e+01,2.085024e+01,2.089896e+01,2.100327e+01,2.090592e+01,2.100327e+01,2.104497e+01,2.097547e+01,2.091983e+01,2.089200e+01,2.112137e+01,2.104497e+01,2.092679e+01,2.098937e+01,2.082935e+01,2.091983e+01,2.094765e+01,2.092679e+01,2.090592e+01,2.094070e+01,2.099632e+01,2.090592e+01,2.094070e+01,2.090592e+01,2.080846e+01,2.089896e+01,2.087112e+01,2.091983e+01,2.090592e+01,2.094765e+01,2.083632e+01,2.098937e+01,2.098242e+01,2.089200e+01,2.087112e+01,2.087112e+01,2.083632e+01,2.094070e+01,2.093374e+01,2.083632e+01,2.087808e+01,2.095461e+01,2.081543e+01,2.082239e+01,2.082935e+01,2.079453e+01,2.087112e+01,2.089896e+01,2.093374e+01,2.097547e+01,2.088504e+01,2.085720e+01,2.094070e+01,2.091287e+01,2.089200e+01,2.087112e+01,2.093374e+01,2.091983e+01,2.095461e+01,2.091983e+01,2.092679e+01,2.093374e+01,2.089896e+01,2.086416e+01,2.078060e+01,2.093374e+01,2.083632e+01,2.082239e+01,2.082239e+01,2.095461e+01,2.098242e+01,2.085024e+01,2.087112e+01,2.086416e+01,2.089200e+01,2.087808e+01,2.086416e+01,2.093374e+01,2.097547e+01,2.088504e+01,2.085720e+01,2.097547e+01,2.087112e+01,2.086416e+01,2.066908e+01,2.088504e+01,2.066211e+01,2.071789e+01,2.076667e+01
2.070394e+01,2.091983e+01,2.081543e+01,2.090592e+01,2.085720e+01,2.072486e+01,2.069000e+01,2.055743e+01,2.069000e+01,2.078060e+01,2.071091e+01,2.090592e+01,2.079453e+01,2.080846e+01,2.079453e+01,2.083632e+01,2.061327e+01,2.073182e+01,2.069697e+01,2.076667e+01,2.073879e+01,2.069697e+01,2.068303e+01,2.073182e+01,2.080846e+01,2.067605e+01,2.084328e+01,2.071789e+01,2.073182e+01,2.078060e+01,2.078060e+01,2.081543e+01,2.085024e+01,2.083632e+01,2.076667e+01,2.077363e+01,2.077363e+01,2.072486e+01,2.082935e+01,2.074576e+01,2.073879e+01,2.090592e+01,2.074576e+01,2.082239e+01,2.082239e+01,2.082239e+01,2.060629e+01,2.076667e+01,2.073182e+01,2.075970e+01,2.087808e+01,2.084328e+01,2.080150e+01,2.080846e+01,2.085024e+01,2.077363e+01,2.082239e+01,2.078757e+01,2.070394e+01,2.080846e+01,2.078757e+01,2.078757e+01,2.082239e+01,2.083632e+01,2.070394e+01,2.080846e+01,2.081543e+01,2.080150e+01,2.084328e+01,2.078757e+01,2.074576e+01,2.070394e+01,2.084328e+01,2.085024e+01,2.086416e+01,2.069697e+01,2.081543e+01,2.086416e+01,2.085720e+01,2.087808e+01,2.079453e+01,2.078060e+01,2.080150e+01,2.081543e+01,2.077363e+01,2.077363e+01,2.078060e+01,2.078757e+01,2.090592e+01,2.078757e+01,2.075970e+01,2.089200e+01,2.078060e+01,2.086416e+01,2.087112e+01,2.077363e+01,2.075273e+01,2.080846e+01,2.082935e+01,2.078060e+01,2.082935e+01,2.085720e+01,2.080846e+01,2.081543e+01,2.080150e+01,2.078757e+01,2.080846e+01,2.083632e+01,2.085024e+01,2.077363e+01,2.083632e+01,2.083632e+01,2.089896e+01,2.083632e+01,2.085720e+01,2.080846e+01,2.085024e+01,2.075970e+01,2.073879e+01,2.071789e+01,2.083632e+01,2.080846e+01,2.088504e+01,2.082239e+01,2.085024e+01,2.084328e+01,2.091287e+01,2.085024e+01,2.087808e+01,2.080150e+01,2.081543e+01,2.085024e+01,2.080150e+01,2.082935e+01,2.084328e+01,2.086416e+01,2.088504e+01,2.076667e+01,2.075273e+01,2.082935e+01,2.080846e+01,2.096156e+01,2.076667e+01,2.078757e+01,2.078060e+01,2.085024e+01,2.083632e+01,2.059234e+01,2.066211e+01,2.061327e+01,2.057838e+01,2.050855e+01,2.051554e+01,2.083632e+01,2.078060e+01,2.079453e+01,2.075273e+01,2.080846e+01,2.079453e+01,2.099632e+01,2.089200e+01,2.082239e+01,2.078060e+01,2.068303e+01,2.074576e+01,2.082935e+01,2.085024e+01,2.093374e+01,2.083632e+01,2.080846e+01,2.075273e+01,2.081543e+01,2.059932e+01,2.077363e+01,2.053649e+01,2.048759e+01,2.050855e+01,2.029878e+01,2.032678e+01,2.022176e+01,2.008857e+01,1.984980e+01,1.963161e+01,1.961047e+01,1.951175e+01,1.956817e+01,1.943411e+01,1.953996e+01,1.958227e+01,1.953996e+01,1.961751e+01,1.969500e+01,1.969500e+01,1.971613e+01,1.971613e+01,1.976540e+01,2.001139e+01,2.000437e+01,1.984277e+01,2.006753e+01,2.032678e+01,2.038974e+01,2.048759e+01,2.067605e+01,2.071091e+01,2.080150e+01,2.076667e+01,2.080150e+01,2.067605e+01,2.073182e+01,2.079453e+01,2.082935e+01,2.084328e+01,2.081543e+01,2.075273e+01,2.088504e+01,2.076667e+01,2.096852e+01,2.076667e+01,2.079453e+01,2.074576e+01,2.079453e+01,2.081543e+01,2.075273e+01,2.075273e+01,2.077363e+01,2.077363e+01,2.070394e+01,2.075970e+01,2.071789e+01,2.073182e+01,2.082935e+01,2.076667e+01,2.075970e+01,2.071091e+01,2.071091e+01,2.075273e+01,2.064118e+01,2.062025e+01,2.073182e+01,2.064118e+01,2.059234e+01,2.041770e+01,2.059234e+01,2.035476e+01,2.033377e+01,2.019373e+01,2.010260e+01,1.995521e+01,1.989198e+01,1.967388e+01,1.984980e+01,1.992009e+01,1.996926e+01,2.000437e+01,2.001841e+01,2.027078e+01,2.013766e+01,2.036176e+01,2.043169e+01,2.044567e+01,2.064816e+01,2.071789e+01,2.081543e+01,2.081543e+01,2.081543e+01,2.096156e+01,2.082239e+01,2.075273e+01,2.083632e+01,2.085720e+01,2.087112e+01,2.078757e+01,2.078757e+01,2.078757e+01,2.081543e+01,2.085720e+01,2.078757e+01,2.088504e+01,2.080150e+01,2.082239e+01,2.085720e+01,2.062723e+01,2.077363e+01,2.067605e+01,2.065513e+01,2.069697e+01,2.054347e+01,2.061327e+01,2.084328e+01,2.071789e+01,2.084328e+01,2.082239e+01,2.084328e+01,2.068303e+01,2.057140e+01,2.064118e+01,2.055045e+01,2.058536e+01,2.052950e+01,2.041770e+01,2.043868e+01,2.036875e+01,2.036176e+01,2.038974e+01,2.044567e+01,2.041071e+01,2.043868e+01,2.055743e+01,2.045964e+01,2.050157e+01,2.052252e+01,2.069697e+01,2.069697e+01,2.073182e+01,2.082935e+01,2.082935e+01,2.085720e+01,2.080846e+01,2.088504e+01,2.086416e+01,2.090592e+01,2.089200e+01,2.088504e+01,2.082935e+01,2.087112e+01,2.082239e+01,2.086416e+01,2.095461e+01,2.082239e+01,2.082239e+01,2.085024e+01,2.087112e+01,2.085720e+01,2.076667e+01,2.080150e+01,2.076667e+01,2.080150e+01,2.095461e+01,2.081543e+01,2.078060e+01,2.089896e+01,2.078060e+01,2.089896e+01,2.079453e+01,2.071091e+01,2.091287e+01,2.091983e+01,2.085024e+01,2.082935e+01,2.084328e+01,2.085024e+01,2.087112e+01,2.086416e+01,2.081543e+01,2.087112e+01,2.087112e+01,2.085024e+01,2.077363e+01,2.078060e+01,2.077363e+01,2.080150e+01,2.085024e+01,2.083632e+01,2.086416e+01,2.081543e+01,2.084328e+01,2.077363e+01,2.087808e+01,2.087112e+01,2.077363e+01,2.079453e+01,2.079453e+01,2.090592e+01,2.078757e+01,2.088504e+01,2.077363e+01,2.082239e+01,2.079453e+01,2.094070e+01,2.093374e+01,2.092679e+01,2.082239e+01,2.082239e+01,2.082239e+01,2.083632e+01,2.085024e+01,2.078060e+01,2.082239e+01,2.077363e+01,2.082239e+01,2.080150e+01,2.080150e+01,2.080150e+01,2.081543e+01,2.076667e+01,2.078757e+01,2.088504e+01,2.065513e+01,2.052950e+01,2.048061e+01,2.003244e+01,1.989901e+01,1.969500e+01,1.956112e+01,1.941293e+01,1.943411e+01,1.957522e+01,1.933522e+01,1.960342e+01,1.968796e+01,1.982871e+01,1.999033e+01,1.997628e+01,2.020774e+01,2.027078e+01,2.056442e+01,2.073182e+01,2.071091e+01,2.069697e+01,2.082239e+01,2.071091e+01,2.078757e+01,2.082239e+01,2.086416e+01,2.083632e+01,2.082239e+01,2.080150e+01,2.080150e+01,2.081543e+01,2.076667e+01,2.080150e+01,2.084328e+01,2.073182e+01,2.082239e+01,2.082935e+01,2.089896e+01,2.075970e+01,2.083632e+01,2.080150e+01,2.078060e+01,2.082935e+01,2.091287e+01,2.085720e+01,2.088504e+01,2.086416e+01,2.086416e+01,2.082239e+01,2.075970e+01,2.085024e+01,2.087808e+01,2.094070e+01,2.094765e+01,2.076667e+01,2.078060e+01,2.089896e+01,2.089200e+01,2.091983e+01,2.080150e+01,2.090592e+01,2.089896e+01,2.089200e+01,2.092679e+01,2.085024e+01,2.078060e+01,2.094765e+01,2.085024e+01,2.084328e+01,2.094765e+01,2.089200e+01,2.084328e+01,2.096156e+01,2.090592e+01,2.086416e+01,2.091983e+01,2.067605e+01,2.087112e+01,2.082239e+01,2.087808e+01,2.088504e+01,2.086416e+01,2.087808e+01,2.090592e+01,2.089896e+01,2.080846e+01,2.094765e+01,2.093374e+01,2.086416e+01,2.085720e+01,2.086416e+01,2.089200e+01,2.092679e+01,2.086416e+01,2.089200e+01,2.087112e+01,2.099632e+01,2.089896e+01,2.076667e+01,2.091287e+01,2.085720e+01,2.098242e+01,2.086416e+01,2.087808e+01,2.083632e+01,2.097547e+01,2.079453e+01,2.096852e+01,2.096156e+01,2.088504e+01,2.087808e+01,2.094070e+01,2.094070e+01,2.100327e+01,2.092679e+01,2.090592e+01,2.082239e+01,2.093374e+01,2.085024e+01,2.090592e+01,2.083632e+01,2.087808e+01,2.080846e+01,2.096156e+01,2.094765e+01,2.098937e+01,2.097547e+01,2.094070e+01,2.089896e+01,2.100327e+01,2.091287e+01,2.089200e+01,2.089200e+01,2.094070e+01,2.096156e+01,2.105887e+01,2.096852e+01,2.099632e+01,2.098242e+01,2.097547e+01,2.096156e+01,2.100327e+01,2.107276e+01,2.101023e+01,2.107971e+01,2.099632e+01,2.098937e+01,2.102413e+01,2.095461e+01,2.103802e+01,2.105192e+01,2.094765e+01,2.098937e+01,2.105887e+01,2.092679e+01,2.098937e+01,2.094765e+01,2.091983e+01,2.090592e+01,2.090592e+01,2.090592e+01,2.093374e+01,2.095461e+01,2.102413e+01,2.096156e+01,2.092679e+01,2.096852e+01,2.096156e+01,2.100327e+01,2.094765e+01,2.095461e+01,2.091287e+01,2.094070e+01,2.104497e+01,2.099632e+01,2.087112e+01,2.096156e+01,2.101718e+01,2.086416e+01,2.091983e+01,2.091983e+01,2.091287e+01,2.093374e+01,2.094070e+01,2.093374e+01,2.098937e+01,2.084328e+01,2.080150e+01,2.094070e+01,2.090592e+01,2.090592e+01,2.086416e+01,2.089200e+01,2.087808e+01,2.090592e+01,2.087112e+01,2.103107e+01,2.087808e+01,2.080150e+01,2.089200e+01,2.088504e+01,2.085024e+01,2.093374e+01,2.082935e+01,2.092679e+01,2.107971e+01,2.090592e+01,2.101718e+01,2.091983e+01,2.096852e+01,2.074576e+01,2.103802e+01,2.092679e+01,2.088504e+01,2.098937e+01,2.080150e+01,2.104497e+01,2.075970e+01,2.080150e+01,2.091287e+01,2.087112e+01,2.089200e+01,2.091287e+01,2.092679e+01,2.085024e+01,2.085720e+01,2.086416e+01,2.092679e+01,2.080846e+01,2.091983e+01,2.097547e+01,2.087112e+01,2.093374e+01,2.093374e+01,2.094070e+01,2.092679e+01,2.088504e+01,2.080846e+01,2.074576e+01,2.077363e+01,2.080846e+01
2.073182e+01,2.068303e+01,2.089200e+01,2.073879e+01,2.089896e+01,2.084328e+01,2.074576e+01,2.074576e+01,2.075970e+01,2.085720e+01,2.087808e+01,2.078757e+01,2.084328e+01,2.078060e+01,2.080846e+01,2.097547e+01,2.063420e+01,2.074576e+01,2.069697e+01,2.070394e+01,2.077363e+01,2.073879e+01,2.069000e+01,2.077363e+01,2.082239e+01,2.080150e+01,2.076667e+01,2.086416e+01,2.071789e+01,2.092679e+01,2.071789e+01,2.083632e+01,2.082239e+01,2.080846e+01,2.089896e+01,2.078757e+01,2.075273e+01,2.082239e+01,2.082239e+01,2.066211e+01,2.078060e+01,2.075273e+01,2.079453e+01,2.075273e+01,2.082935e+01,2.080150e+01,2.098242e+01,2.086416e+01,2.086416e+01,2.089200e+01,2.080150e+01,2.080846e+01,2.079453e+01,2.078060e+01,2.078757e+01,2.075970e+01,2.069697e+01,2.084328e+01,2.075273e+01,2.080150e+01,2.074576e+01,2.075970e+01,2.073879e+01,2.078060e+01,2.082935e+01,2.079453e+01,2.082239e+01,2.080846e+01,2.080150e+01,2.081543e+01,2.076667e+01,2.078060e+01,2.078060e+01,2.081543e+01,2.080846e+01,2.080150e+01,2.081543e+01,2.073879e+01,2.087112e+01,2.090592e+01,2.076667e+01,2.080846e+01,2.082239e+01,2.080150e+01,2.077363e+01,2.083632e+01,2.080846e+01,2.080150e+01,2.081543e+01,2.079453e+01,2.076667e+01,2.080150e+01,2.080150e+01,2.083632e+01,2.096156e+01,2.091983e+01,2.073182e+01,2.085024e+01,2.083632e+01,2.081543e+01,2.084328e+01,2.082935e+01,2.079453e+01,2.078757e+01,2.094765e+01,2.080150e+01,2.081543e+01,2.077363e+01,2.078757e+01,2.082935e+01,2.078757e+01,2.080150e+01,2.080846e+01,2.085024e+01,2.078060e+01,2.084328e+01,2.086416e+01,2.092679e+01,2.086416e+01,2.085024e+01,2.078060e+01,2.087808e+01,2.083632e+01,2.081543e+01,2.078757e+01,2.089200e+01,2.088504e+01,2.085024e+01,2.081543e+01,2.073879e+01,2.081543e+01,2.080846e+01,2.082935e+01,2.069697e+01,2.079453e+01,2.077363e+01,2.087808e+01,2.080150e+01,2.077363e+01,2.092679e+01,2.094070e+01,2.073182e+01,2.083632e+01,2.081543e+01,2.087808e+01,2.073879e+01,2.071789e+01,2.061327e+01,2.064816e+01,2.063420e+01,2.060629e+01,2.060629e+01,2.071789e+01,2.076667e+01,2.085720e+01,2.091983e+01,2.087112e+01,2.101023e+01,2.083632e+01,2.083632e+01,2.083632e+01,2.080846e+01,2.083632e+01,2.082935e+01,2.085024e+01,2.087808e+01,2.080846e+01,2.093374e+01,2.083632e+01,2.075273e+01,2.078060e+01,2.082935e+01,2.075970e+01,2.078060e+01,2.079453e+01,2.062723e+01,2.044567e+01,2.050157e+01,2.037575e+01,2.020074e+01,2.031278e+01,1.995521e+01,1.986386e+01,1.962456e+01,1.956817e+01,1.956817e+01,1.946941e+01,1.956817e+01,1.958227e+01,1.954701e+01,1.966683e+01,1.970205e+01,1.967388e+01,1.969500e+01,1.989901e+01,1.981464e+01,1.973725e+01,2.003244e+01,2.012364e+01,2.027078e+01,2.033377e+01,2.034777e+01,2.049458e+01,2.060629e+01,2.071091e+01,2.079453e+01,2.082239e+01,2.076667e+01,2.081543e+01,2.080150e+01,2.072486e+01,2.087808e+01,2.089200e+01,2.099632e+01,2.085720e+01,2.084328e+01,2.081543e+01,2.082239e+01,2.085024e+01,2.080846e+01,2.080846e+01,2.075273e+01,2.078060e+01,2.067605e+01,2.073879e+01,2.079453e+01,2.073182e+01,2.077363e+01,2.066211e+01,2.066211e+01,2.071091e+01,2.075970e+01,2.069000e+01,2.067605e+01,2.080150e+01,2.073879e+01,2.066211e+01,2.073879e+01,2.063420e+01,2.068303e+01,2.061327e+01,2.063420e+01,2.041071e+01,2.041770e+01,2.036875e+01,2.038274e+01,2.029178e+01,2.009559e+01,2.002542e+01,1.989901e+01,1.985683e+01,1.974428e+01,1.992711e+01,2.001139e+01,2.000437e+01,2.012364e+01,2.008857e+01,2.027778e+01,2.038974e+01,2.045266e+01,2.049458e+01,2.062723e+01,2.063420e+01,2.062723e+01,2.082935e+01,2.082935e+01,2.081543e+01,2.085720e+01,2.084328e+01,2.081543e+01,2.107276e+01,2.080150e+01,2.078757e+01,2.078757e+01,2.085720e+01,2.079453e+01,2.080846e+01,2.082239e+01,2.104497e+01,2.072486e+01,2.082239e+01,2.075970e+01,2.055743e+01,2.058536e+01,2.051554e+01,2.051554e+01,2.070394e+01,2.050855e+01,2.066211e+01,2.063420e+01,2.055045e+01,2.071789e+01,2.067605e+01,2.066908e+01,2.063420e+01,2.077363e+01,2.066211e+01,2.054347e+01,2.046663e+01,2.050157e+01,2.045266e+01,2.050855e+01,2.045964e+01,2.050855e+01,2.041770e+01,2.049458e+01,2.051554e+01,2.047362e+01,2.050157e+01,2.043868e+01,2.052252e+01,2.052950e+01,2.068303e+01,2.066211e+01,2.076667e+01,2.082239e+01,2.083632e+01,2.096156e+01,2.076667e+01,2.084328e+01,2.089896e+01,2.080150e+01,2.085024e+01,2.082935e+01,2.085024e+01,2.088504e+01,2.094070e+01,2.096156e+01,2.095461e+01,2.085720e+01,2.077363e+01,2.084328e+01,2.081543e+01,2.084328e+01,2.080150e+01,2.079453e+01,2.082239e+01,2.088504e+01,2.078060e+01,2.075970e+01,2.096852e+01,2.094070e+01,2.083632e+01,2.091287e+01,2.088504e+01,2.078060e+01,2.080150e+01,2.088504e+01,2.078757e+01,2.088504e+01,2.086416e+01,2.085024e+01,2.086416e+01,2.082239e+01,2.082935e+01,2.090592e+01,2.078757e+01,2.075273e+01,2.086416e+01,2.082935e+01,2.085720e+01,2.080846e+01,2.082239e+01,2.083632e+01,2.080150e+01,2.082239e+01,2.087808e+01,2.075273e+01,2.089896e+01,2.078060e+01,2.078060e+01,2.080150e+01,2.080150e+01,2.089896e+01,2.073879e+01,2.089200e+01,2.078757e+01,2.079453e+01,2.078060e+01,2.091983e+01,2.079453e+01,2.085024e+01,2.089200e+01,2.082935e+01,2.073879e+01,2.079453e+01,2.084328e+01,2.082935e+01,2.075970e+01,2.073879e+01,2.075970e+01,2.078060e+01,2.079453e+01,2.073879e+01,2.074576e+01,2.076667e+01,2.082935e+01,2.070394e+01,2.075273e+01,2.055045e+01,2.051554e+01,2.051554e+01,2.019373e+01,1.995521e+01,1.981464e+01,1.960342e+01,1.939881e+01,1.953291e+01,1.930695e+01,1.932109e+01,1.946941e+01,1.942705e+01,1.973021e+01,1.993414e+01,1.994819e+01,2.021475e+01,2.024277e+01,2.062025e+01,2.052950e+01,2.055743e+01,2.058536e+01,2.064816e+01,2.079453e+01,2.070394e+01,2.097547e+01,2.081543e+01,2.082239e+01,2.081543e+01,2.079453e+01,2.081543e+01,2.078757e+01,2.081543e+01,2.085024e+01,2.075273e+01,2.073879e+01,2.079453e+01,2.075273e+01,2.085024e+01,2.087112e+01,2.093374e+01,2.089896e+01,2.085024e+01,2.089896e+01,2.082239e+01,2.093374e+01,2.087112e+01,2.082239e+01,2.087808e+01,2.091287e+01,2.093374e+01,2.102413e+01,2.078757e+01,2.089200e+01,2.091983e+01,2.080846e+01,2.079453e+01,2.083632e+01,2.089896e+01,2.077363e+01,2.073182e+01,2.089896e+01,2.082239e+01,2.094765e+01,2.080846e+01,2.095461e+01,2.092679e+01,2.094765e+01,2.093374e+01,2.094765e+01,2.086416e+01,2.080150e+01,2.089896e+01,2.084328e+01,2.094765e+01,2.088504e+01,2.087808e+01,2.098937e+01,2.097547e+01,2.083632e+01,2.093374e+01,2.089200e+01,2.087808e+01,2.090592e+01,2.087112e+01,2.080150e+01,2.086416e+01,2.089896e+01,2.097547e+01,2.088504e+01,2.094070e+01,2.100327e+01,2.087808e+01,2.089200e+01,2.085720e+01,2.094765e+01,2.090592e+01,2.088504e+01,2.089200e+01,2.084328e+01,2.085720e+01,2.097547e+01,2.091983e+01,2.088504e+01,2.090592e+01,2.094070e+01,2.094070e+01,2.094765e+01,2.088504e+01,2.093374e+01,2.089200e+01,2.091983e+01,2.098242e+01,2.097547e+01,2.096852e+01,2.091983e+01,2.082935e+01,2.117690e+01,2.087808e+01,2.081543e+01,2.089200e+01,2.083632e+01,2.083632e+01,2.089200e+01,2.095461e+01,2.074576e+01,2.094070e+01,2.096156e+01,2.091983e+01,2.089200e+01,2.085024e+01,2.089896e+01,2.096156e+01,2.094765e+01,2.096852e+01,2.100327e+01,2.107971e+01,2.107276e+01,2.102413e+01,2.101023e+01,2.101023e+01,2.103802e+01,2.101718e+01,2.103802e+01,2.112831e+01,2.105192e+01,2.098937e+01,2.096852e+01,2.084328e+01,2.092679e+01,2.111443e+01,2.110748e+01,2.109360e+01,2.088504e+01,2.099632e+01,2.099632e+01,2.096852e+01,2.101718e+01,2.091287e+01,2.098937e+01,2.098242e+01,2.093374e+01,2.092679e+01,2.096156e+01,2.097547e+01,2.086416e+01,2.087808e+01,2.103802e+01,2.101023e+01,2.105192e+01,2.092679e+01,2.098937e+01,2.094765e+01,2.091983e+01,2.095461e+01,2.092679e+01,2.089200e+01,2.095461e+01,2.086416e+01,2.103107e+01,2.109360e+01,2.108665e+01,2.090592e+01,2.095461e+01,2.094070e+01,2.085720e+01,2.092679e+01,2.090592e+01,2.084328e+01,2.095461e+01,2.083632e+01,2.082935e+01,2.091287e+01,2.084328e+01,2.097547e+01,2.093374e+01,2.086416e+01,2.096156e+01,2.090592e+01,2.095461e+01,2.088504e+01,2.087808e+01,2.099632e+01,2.080150e+01,2.091983e+01,2.095461e+01,2.088504e+01,2.094765e+01,2.092679e+01,2.092679e+01,2.080150e+01,2.083632e+01,2.086416e+01,2.103107e+01,2.083632e+01,2.078757e+01,2.077363e+01,2.090592e+01,2.093374e+01,2.097547e+01,2.095461e+01,2.085720e+01,2.082935e+01,2.094765e+01,2.087112e+01,2.096156e+01,2.087112e+01,2.082935e+01,2.085024e+01,2.094765e+01,2.091287e+01,2.108665e+01,2.089896e+01,2.091983e+01,2.094070e+01,2.095461e+01,2.089896e+01,2.080150e+01,2.096852e+01,2.081543e+01,2.079453e+01
2.073879e+01,2.070394e+01,2.074576e+01,2.088504e+01,2.071789e+01,2.082239e+01,2.082935e+01,2.079453e+01,2.080846e+01,2.073182e+01,2.084328e+01,2.097547e+01,2.082239e+01,2.078060e+01,2.089896e+01,2.080846e+01,2.078060e+01,2.086416e+01,2.075970e+01,2.078757e+01,2.080150e+01,2.071091e+01,2.073182e+01,2.068303e+01,2.086416e+01,2.071091e+01,2.071789e+01,2.076667e+01,2.073182e+01,2.082239e+01,2.075970e+01,2.080150e+01,2.078060e+01,2.077363e+01,2.082239e+01,2.080846e+01,2.080150e+01,2.082239e+01,2.085024e+01,2.082239e+01,2.077363e+01,2.085024e+01,2.078060e+01,2.085720e+01,2.078757e+01,2.079453e+01,2.075970e+01,2.089896e+01,2.069000e+01,2.069000e+01,2.078060e+01,2.080150e+01,2.075970e+01,2.079453e+01,2.079453e+01,2.082239e+01,2.074576e+01,2.078757e+01,2.086416e+01,2.076667e+01,2.071091e+01,2.074576e+01,2.075273e+01,2.075970e+01,2.087112e+01,2.098242e+01,2.082935e+01,2.081543e+01,2.085720e+01,2.081543e+01,2.077363e+01,2.077363e+01,2.075273e+01,2.078060e+01,2.080846e+01,2.069697e+01,2.084328e+01,2.080846e+01,2.087112e+01,2.075970e+01,2.077363e+01,2.079453e+01,2.067605e+01,2.092679e+01,2.080150e+01,2.082935e+01,2.082935e+01,2.082935e+01,2.080150e+01,2.073879e+01,2.075273e+01,2.071789e+01,2.085024e+01,2.089200e+01,2.079453e+01,2.099632e+01,2.073182e+01,2.070394e+01,2.082935e+01,2.085720e+01,2.078060e+01,2.089200e+01,2.087112e+01,2.076667e+01,2.075970e+01,2.103802e+01,2.087808e+01,2.077363e+01,2.085720e+01,2.078060e+01,2.086416e+01,2.081543e+01,2.082935e+01,2.080150e+01,2.076667e+01,2.073879e+01,2.077363e+01,2.076667e+01,2.075273e+01,2.082935e+01,2.087112e+01,2.078060e+01,2.080846e+01,2.078060e+01,2.084328e+01,2.079453e+01,2.078060e+01,2.083632e+01,2.083632e+01,2.082935e+01,2.080846e+01,2.083632e+01,2.080846e+01,2.090592e+01,2.080150e+01,2.085720e+01,2.089896e+01,2.086416e+01,2.076667e+01,2.073879e+01,2.089896e+01,2.088504e+01,2.075970e+01,2.085024e+01,2.082239e+01,2.066908e+01,2.071789e+01,2.068303e+01,2.059932e+01,2.057140e+01,2.052252e+01,2.062723e+01,2.074576e+01,2.080846e+01,2.080846e+01,2.086416e+01,2.083632e+01,2.082935e+01,2.087808e+01,2.082239e+01,2.082935e+01,2.085024e+01,2.086416e+01,2.085720e+01,2.085720e+01,2.082935e+01,2.081543e+01,2.081543e+01,2.080846e+01,2.078757e+01,2.085024e+01,2.083632e+01,2.091287e+01,2.089896e+01,2.058536e+01,2.057140e+01,2.060629e+01,2.057838e+01,2.036176e+01,2.029878e+01,2.012364e+01,2.002542e+01,2.001841e+01,1.977243e+01,1.958932e+01,1.955407e+01,1.954701e+01,1.949764e+01,1.959637e+01,1.946941e+01,1.967388e+01,1.965274e+01,1.970205e+01,1.971613e+01,1.976540e+01,1.982871e+01,1.987090e+01,1.989901e+01,2.020774e+01,2.004648e+01,2.015869e+01,2.031978e+01,2.034077e+01,2.049458e+01,2.071091e+01,2.071789e+01,2.085720e+01,2.070394e+01,2.085720e+01,2.075970e+01,2.080846e+01,2.079453e+01,2.074576e+01,2.085720e+01,2.084328e+01,2.080846e+01,2.070394e+01,2.079453e+01,2.081543e+01,2.074576e+01,2.080150e+01,2.072486e+01,2.068303e+01,2.075273e+01,2.076667e+01,2.073182e+01,2.075273e+01,2.071091e+01,2.074576e+01,2.066908e+01,2.067605e+01,2.068303e+01,2.071091e+01,2.067605e+01,2.068303e+01,2.073182e+01,2.075970e+01,2.071091e+01,2.074576e+01,2.072486e+01,2.052252e+01,2.050157e+01,2.061327e+01,2.040372e+01,2.030578e+01,2.034777e+01,2.031278e+01,2.020074e+01,2.007454e+01,1.979354e+01,1.992009e+01,1.978650e+01,1.992009e+01,1.989198e+01,2.002542e+01,2.001841e+01,2.030578e+01,2.021475e+01,2.038974e+01,2.050157e+01,2.059234e+01,2.052950e+01,2.066908e+01,2.076667e+01,2.081543e+01,2.080846e+01,2.080846e+01,2.085024e+01,2.089896e+01,2.076667e+01,2.075970e+01,2.088504e+01,2.078757e+01,2.078060e+01,2.079453e+01,2.099632e+01,2.080846e+01,2.074576e+01,2.077363e+01,2.084328e+01,2.068303e+01,2.057838e+01,2.057838e+01,2.071091e+01,2.024977e+01,2.037575e+01,2.038974e+01,2.024277e+01,2.051554e+01,2.053649e+01,2.036176e+01,2.031978e+01,2.043868e+01,2.043169e+01,2.043169e+01,2.034777e+01,2.038274e+01,2.034777e+01,2.036875e+01,2.034777e+01,2.038274e+01,2.037575e+01,2.038274e+01,2.038974e+01,2.038974e+01,2.039673e+01,2.038274e+01,2.053649e+01,2.052950e+01,2.057140e+01,2.056442e+01,2.057140e+01,2.064816e+01,2.075273e+01,2.075273e+01,2.080150e+01,2.079453e+01,2.083632e+01,2.087112e+01,2.087112e+01,2.084328e+01,2.085720e+01,2.086416e+01,2.083632e+01,2.082935e+01,2.082935e+01,2.080846e+01,2.080150e+01,2.089896e+01,2.097547e+01,2.076667e+01,2.056442e+01,2.087808e+01,2.074576e+01,2.088504e+01,2.074576e+01,2.085024e+01,2.080150e+01,2.087112e+01,2.083632e+01,2.080846e+01,2.078060e+01,2.080150e+01,2.105887e+01,2.085024e+01,2.081543e+01,2.078060e+01,2.091287e+01,2.094765e+01,2.083632e+01,2.089200e+01,2.093374e+01,2.088504e+01,2.071091e+01,2.092679e+01,2.081543e+01,2.076667e+01,2.078060e+01,2.075273e+01,2.087112e+01,2.080846e+01,2.079453e+01,2.084328e+01,2.086416e+01,2.076667e+01,2.082239e+01,2.086416e+01,2.092679e+01,2.087808e+01,2.082935e+01,2.083632e+01,2.083632e+01,2.081543e+01,2.091287e+01,2.089200e+01,2.080150e+01,2.081543e+01,2.091983e+01,2.084328e+01,2.075273e+01,2.079453e+01,2.079453e+01,2.083632e+01,2.075970e+01,2.084328e+01,2.080846e+01,2.078757e+01,2.078060e+01,2.076667e+01,2.078757e+01,2.069000e+01,2.078757e+01,2.078060e+01,2.080150e+01,2.075970e+01,2.078060e+01,2.080846e+01,2.065513e+01,2.084328e+01,2.069000e+01,2.071789e+01,2.055045e+01,2.052252e+01,2.014467e+01,2.006051e+01,1.961751e+01,1.944118e+01,1.922208e+01,1.920793e+01,1.921501e+01,1.914422e+01,1.926452e+01,1.932815e+01,1.949764e+01,1.971613e+01,1.974428e+01,1.991306e+01,1.992009e+01,2.034077e+01,2.031978e+01,2.029178e+01,2.036875e+01,2.062723e+01,2.059234e+01,2.067605e+01,2.080846e+01,2.080846e+01,2.079453e+01,2.080150e+01,2.099632e+01,2.080846e+01,2.078060e+01,2.093374e+01,2.083632e+01,2.073879e+01,2.082239e+01,2.089896e+01,2.075970e+01,2.089896e+01,2.093374e+01,2.080150e+01,2.079453e+01,2.080846e+01,2.095461e+01,2.085024e+01,2.084328e+01,2.082935e+01,2.086416e+01,2.097547e+01,2.089200e+01,2.089200e+01,2.087112e+01,2.086416e+01,2.086416e+01,2.087112e+01,2.087112e+01,2.087112e+01,2.086416e+01,2.087808e+01,2.081543e+01,2.083632e+01,2.091983e+01,2.094070e+01,2.075273e+01,2.097547e+01,2.090592e+01,2.094765e+01,2.087808e+01,2.086416e+01,2.082935e+01,2.088504e+01,2.088504e+01,2.088504e+01,2.081543e+01,2.082239e+01,2.078060e+01,2.085024e+01,2.085024e+01,2.087808e+01,2.096852e+01,2.091287e+01,2.087808e+01,2.086416e+01,2.085720e+01,2.087808e+01,2.082239e+01,2.091983e+01,2.086416e+01,2.098242e+01,2.082239e+01,2.085720e+01,2.104497e+01,2.086416e+01,2.089200e+01,2.087808e+01,2.096156e+01,2.098937e+01,2.083632e+01,2.083632e+01,2.097547e+01,2.085024e+01,2.083632e+01,2.087808e+01,2.091287e+01,2.090592e+01,2.092679e+01,2.086416e+01,2.082935e+01,2.088504e+01,2.098937e+01,2.079453e+01,2.094070e+01,2.088504e+01,2.081543e+01,2.075970e+01,2.087112e+01,2.082935e+01,2.087808e+01,2.087808e+01,2.092679e+01,2.086416e+01,2.080150e+01,2.095461e+01,2.089200e+01,2.089200e+01,2.099632e+01,2.092679e+01,2.095461e+01,2.099632e+01,2.088504e+01,2.086416e+01,2.089200e+01,2.085024e+01,2.097547e+01,2.098937e+01,2.093374e+01,2.096156e+01,2.101023e+01,2.096852e+01,2.097547e+01,2.101023e+01,2.100327e+01,2.104497e+01,2.109360e+01,2.103107e+01,2.106581e+01,2.085720e+01,2.103107e+01,2.110748e+01,2.104497e+01,2.098242e+01,2.100327e+01,2.103107e+01,2.095461e+01,2.098937e+01,2.093374e+01,2.103802e+01,2.090592e+01,2.096156e+01,2.111443e+01,2.101718e+01,2.106581e+01,2.085024e+01,2.094070e+01,2.096156e+01,2.094765e+01,2.096852e+01,2.093374e+01,2.095461e+01,2.094765e+01,2.094765e+01,2.096156e+01,2.093374e+01,2.087808e+01,2.090592e+01,2.092679e+01,2.094765e+01,2.094765e+01,2.087808e+01,2.085024e+01,2.086416e+01,2.096156e+01,2.091983e+01,2.096852e+01,2.089896e+01,2.083632e+01,2.091983e+01,2.093374e+01,2.085024e+01,2.093374e+01,2.091983e+01,2.089896e+01,2.085024e+01,2.087112e+01,2.086416e+01,2.087808e+01,2.089200e+01,2.098242e+01,2.091983e+01,2.082239e+01,2.096852e+01,2.094070e+01,2.087808e+01,2.089896e+01,2.089200e+01,2.087808e+01,2.092679e+01,2.094765e+01,2.100327e+01,2.083632e+01,2.089200e+01,2.082935e+01,2.085720e+01,2.096852e+01,2.081543e+01,2.080150e+01,2.105192e+01,2.092679e+01,2.090592e+01,2.103802e+01,2.096156e+01,2.091287e+01,2.094765e+01,2.098242e+01,2.110054e+01,2.089896e+01,2.090592e+01,2.087112e+01,2.094765e+01,2.089200e+01,2.096852e+01,2.092679e+01,2.090592e+01,2.075970e+01,2.091983e+01,2.096156e+01,2.085720e+01,2.091983e+01,2.081543e+01,2.080150e+01
2.073879e+01,2.093374e+01,2.058536e+01,2.073879e+01,2.067605e+01,2.073879e+01,2.071789e+01,2.080846e+01,2.077363e+01,2.087112e+01,2.089896e+01,2.075273e+01,2.085720e+01,2.073182e+01,2.076667e+01,2.072486e+01,2.078060e+01,2.075273e+01,2.069697e+01,2.072486e+01,2.071789e+01,2.069697e+01,2.066211e+01,2.071091e+01,2.081543e+01,2.066211e+01,2.084328e+01,2.069000e+01,2.080150e+01,2.065513e+01,2.081543e+01,2.078060e+01,2.075970e+01,2.075970e+01,2.075273e+01,2.078757e+01,2.073182e+01,2.082935e+01,2.078757e+01,2.075273e+01,2.080150e+01,2.089200e+01,2.069697e+01,2.073879e+01,2.080846e+01,2.076667e+01,2.069000e+01,2.082935e+01,2.066908e+01,2.069000e+01,2.078757e+01,2.077363e+01,2.079453e+01,2.080846e+01,2.073879e+01,2.072486e+01,2.070394e+01,2.079453e+01,2.077363e+01,2.073879e+01,2.080846e+01,2.080150e+01,2.097547e+01,2.087112e+01,2.076667e+01,2.067605e+01,2.075970e+01,2.087808e+01,2.077363e+01,2.073182e+01,2.078060e+01,2.075970e+01,2.080150e+01,2.072486e+01,2.079453e+01,2.077363e+01,2.075970e+01,2.075970e+01,2.077363e+01,2.075970e+01,2.078757e+01,2.080846e+01,2.089896e+01,2.083632e+01,2.096156e+01,2.072486e+01,2.080150e+01,2.078060e+01,2.072486e+01,2.071789e+01,2.075970e+01,2.082239e+01,2.087112e+01,2.078060e+01,2.084328e+01,2.078757e+01,2.076667e+01,2.093374e+01,2.085720e+01,2.084328e+01,2.075273e+01,2.078757e+01,2.079453e+01,2.075273e+01,2.077363e+01,2.088504e+01,2.086416e+01,2.082239e+01,2.081543e+01,2.078757e+01,2.080150e+01,2.077363e+01,2.087808e+01,2.080150e+01,2.073879e+01,2.083632e+01,2.073879e+01,2.085720e+01,2.082239e+01,2.075970e+01,2.079453e+01,2.080846e+01,2.078060e+01,2.083632e+01,2.089896e+01,2.074576e+01,2.077363e+01,2.081543e+01,2.076667e+01,2.080846e+01,2.075970e+01,2.086416e+01,2.074576e+01,2.075970e+01,2.076667e+01,2.082239e+01,2.091287e+01,2.078060e+01,2.094765e+01,2.080846e+01,2.074576e+01,2.074576e+01,2.077363e+01,2.074576e+01,2.079453e+01,2.074576e+01,2.063420e+01,2.057838e+01,2.054347e+01,2.056442e+01,2.054347e+01,2.057838e+01,2.063420e+01,2.075273e+01,2.080150e+01,2.087808e+01,2.083632e+01,2.087112e+01,2.081543e+01,2.085024e+01,2.088504e+01,2.082239e+01,2.087808e+01,2.072486e+01,2.085024e+01,2.083632e+01,2.074576e+01,2.078060e+01,2.077363e+01,2.076667e+01,2.076667e+01,2.091983e+01,2.078060e+01,2.082239e+01,2.061327e+01,2.061327e+01,2.052950e+01,2.034777e+01,2.029178e+01,2.038974e+01,2.029878e+01,1.999033e+01,1.996926e+01,1.996926e+01,1.968092e+01,1.961751e+01,1.949764e+01,1.953291e+01,1.964570e+01,1.957522e+01,1.968796e+01,1.965274e+01,1.970909e+01,1.968092e+01,1.969500e+01,1.977947e+01,1.994117e+01,1.983574e+01,2.012364e+01,2.006753e+01,2.013766e+01,2.032678e+01,2.037575e+01,2.043868e+01,2.055045e+01,2.061327e+01,2.078060e+01,2.083632e+01,2.085720e+01,2.066211e+01,2.080150e+01,2.078757e+01,2.084328e+01,2.082935e+01,2.084328e+01,2.085024e+01,2.102413e+01,2.082239e+01,2.080150e+01,2.078757e+01,2.069697e+01,2.075273e+01,2.082239e+01,2.073879e+01,2.076667e+01,2.078060e+01,2.078060e+01,2.079453e+01,2.079453e+01,2.080846e+01,2.069000e+01,2.066908e+01,2.065513e+01,2.074576e+01,2.066908e+01,2.069697e+01,2.069697e+01,2.074576e+01,2.062723e+01,2.062723e+01,2.062723e+01,2.056442e+01,2.060629e+01,2.034777e+01,2.024277e+01,2.024977e+01,2.009559e+01,2.006753e+01,1.991306e+01,1.994819e+01,1.991306e+01,1.989901e+01,1.992009e+01,1.993414e+01,2.003244e+01,2.006753e+01,2.010961e+01,2.034077e+01,2.040372e+01,2.040372e+01,2.054347e+01,2.066908e+01,2.071789e+01,2.077363e+01,2.075970e+01,2.080150e+01,2.089200e+01,2.085720e+01,2.081543e+01,2.078060e+01,2.080846e+01,2.075970e+01,2.075970e+01,2.067605e+01,2.078060e+01,2.077363e+01,2.078060e+01,2.059932e+01,2.062025e+01,2.073182e+01,2.066211e+01,2.051554e+01,2.052950e+01,2.029878e+01,2.022176e+01,2.022176e+01,2.024277e+01,2.032678e+01,2.027078e+01,2.020074e+01,2.017972e+01,2.041770e+01,2.019373e+01,2.023577e+01,2.029178e+01,2.022876e+01,2.013065e+01,2.037575e+01,2.035476e+01,2.013065e+01,2.023577e+01,2.027778e+01,2.034077e+01,2.047362e+01,2.035476e+01,2.045964e+01,2.048061e+01,2.052252e+01,2.038274e+01,2.055743e+01,2.054347e+01,2.057838e+01,2.062723e+01,2.071789e+01,2.075970e+01,2.078060e+01,2.075970e+01,2.092679e+01,2.080846e+01,2.084328e+01,2.080846e+01,2.087112e+01,2.091287e+01,2.076667e+01,2.080150e+01,2.091287e+01,2.082239e+01,2.087808e+01,2.082935e+01,2.075273e+01,2.082935e+01,2.078757e+01,2.075970e+01,2.089200e+01,2.089200e+01,2.076667e+01,2.083632e+01,2.077363e+01,2.078757e+01,2.090592e+01,2.075970e+01,2.078757e+01,2.078060e+01,2.078757e+01,2.082239e+01,2.075970e+01,2.083632e+01,2.078757e+01,2.080150e+01,2.083632e+01,2.091983e+01,2.088504e+01,2.076667e+01,2.067605e+01,2.090592e+01,2.085720e+01,2.076667e+01,2.079453e+01,2.090592e+01,2.078060e+01,2.083632e+01,2.088504e+01,2.085024e+01,2.072486e+01,2.087808e+01,2.084328e+01,2.082935e+01,2.077363e+01,2.082935e+01,2.078757e+01,2.089200e+01,2.082239e+01,2.089200e+01,2.083632e+01,2.088504e+01,2.080150e+01,2.075970e+01,2.078060e+01,2.083632e+01,2.080846e+01,2.085720e+01,2.078757e+01,2.082935e+01,2.082239e+01,2.078757e+01,2.075273e+01,2.075970e+01,2.073182e+01,2.069697e+01,2.074576e+01,2.080150e+01,2.075273e+01,2.075970e+01,2.080150e+01,2.077363e+01,2.072486e+01,2.065513e+01,2.080846e+01,2.074576e+01,2.076667e+01,2.078757e+01,2.078757e+01,2.056442e+01,2.036875e+01,2.020774e+01,1.996224e+01,1.984277e+01,1.961047e+01,1.948352e+01,1.924331e+01,1.909464e+01,1.924331e+01,1.909464e+01,1.927867e+01,1.945529e+01,1.948352e+01,1.965274e+01,1.977947e+01,1.977947e+01,1.980761e+01,1.980058e+01,1.998330e+01,2.017972e+01,2.027778e+01,2.052252e+01,2.048061e+01,2.059234e+01,2.075273e+01,2.062025e+01,2.080846e+01,2.079453e+01,2.077363e+01,2.078060e+01,2.078060e+01,2.083632e+01,2.089896e+01,2.074576e+01,2.077363e+01,2.090592e+01,2.082239e+01,2.091287e+01,2.089896e+01,2.082935e+01,2.085024e+01,2.091983e+01,2.087112e+01,2.103107e+01,2.082935e+01,2.087112e+01,2.091983e+01,2.091287e+01,2.091983e+01,2.084328e+01,2.084328e+01,2.086416e+01,2.086416e+01,2.080150e+01,2.089896e+01,2.083632e+01,2.082935e+01,2.080150e+01,2.078757e+01,2.076667e+01,2.082239e+01,2.085720e+01,2.085720e+01,2.101023e+01,2.096156e+01,2.091983e+01,2.082935e+01,2.093374e+01,2.091983e+01,2.091287e+01,2.075970e+01,2.089896e+01,2.089200e+01,2.085720e+01,2.089896e+01,2.076667e+01,2.087112e+01,2.089896e+01,2.087808e+01,2.096156e+01,2.089896e+01,2.079453e+01,2.081543e+01,2.094070e+01,2.083632e+01,2.091287e+01,2.083632e+01,2.093374e+01,2.083632e+01,2.089896e+01,2.091983e+01,2.085720e+01,2.094070e+01,2.103802e+01,2.097547e+01,2.082239e+01,2.101023e+01,2.081543e+01,2.085720e+01,2.093374e+01,2.093374e+01,2.085720e+01,2.087112e+01,2.085720e+01,2.097547e+01,2.086416e+01,2.094070e+01,2.080846e+01,2.087112e+01,2.098937e+01,2.096852e+01,2.082935e+01,2.096156e+01,2.109360e+01,2.087112e+01,2.086416e+01,2.093374e+01,2.095461e+01,2.094765e+01,2.092679e+01,2.092679e+01,2.086416e+01,2.093374e+01,2.093374e+01,2.098242e+01,2.094070e+01,2.085720e+01,2.090592e+01,2.082239e+01,2.090592e+01,2.100327e+01,2.108665e+01,2.095461e+01,2.094765e+01,2.101718e+01,2.096156e+01,2.103802e+01,2.099632e+01,2.101023e+01,2.098937e+01,2.107276e+01,2.101718e+01,2.101718e+01,2.111443e+01,2.089200e+01,2.116302e+01,2.108665e+01,2.112831e+01,2.097547e+01,2.102413e+01,2.098937e+01,2.091287e+01,2.107276e+01,2.089200e+01,2.098937e+01,2.096156e+01,2.090592e+01,2.095461e+01,2.095461e+01,2.098937e+01,2.096852e+01,2.083632e+01,2.087808e+01,2.087808e+01,2.101718e+01,2.094765e+01,2.086416e+01,2.089896e+01,2.092679e+01,2.093374e+01,2.091287e+01,2.096852e+01,2.089200e+01,2.091983e+01,2.089896e+01,2.096852e+01,2.092679e+01,2.089200e+01,2.095461e+01,2.096156e+01,2.096156e+01,2.101023e+01,2.088504e+01,2.096156e+01,2.103107e+01,2.096852e+01,2.092679e+01,2.080846e+01,2.085024e+01,2.084328e+01,2.086416e+01,2.089200e+01,2.089896e+01,2.085024e+01,2.087808e+01,2.094070e+01,2.090592e+01,2.081543e+01,2.078060e+01,2.096156e+01,2.097547e+01,2.087112e+01,2.090592e+01,2.094765e+01,2.089896e+01,2.099632e+01,2.089896e+01,2.089896e+01,2.094765e+01,2.083632e+01,2.085024e+01,2.084328e+01,2.103802e+01,2.094070e+01,2.078060e+01,2.092679e+01,2.093374e+01,2.087808e+01,2.094765e+01,2.084328e+01,2.094765e+01,2.107971e+01,2.087808e+01,2.101718e+01,2.087112e+01,2.091983e+01,2.089200e+01,2.086416e+01,2.094765e+01,2.085024e+01,2.087112e+01,2.092679e+01,2.075970e+01,2.083632e+01,2.089896e+01,2.078757e+01,2.080150e+01
2.083632e+01,2.075970e+01,2.074576e+01,2.072486e+01,2.081543e+01,2.081543e+01,2.075273e+01,2.078060e+01,2.075970e+01,2.077363e+01,2.082239e+01,2.088504e+01,2.073182e+01,2.073879e+01,2.064816e+01,2.077363e+01,2.075970e+01,2.076667e+01,2.062723e+01,2.069000e+01,2.073879e+01,2.063420e+01,2.074576e+01,2.085720e+01,2.064118e+01,2.065513e+01,2.087808e+01,2.080150e+01,2.077363e+01,2.067605e+01,2.068303e+01,2.060629e+01,2.080150e+01,2.074576e+01,2.082239e+01,2.076667e+01,2.082935e+01,2.079453e+01,2.080150e+01,2.070394e+01,2.078757e+01,2.062025e+01,2.076667e+01,2.085720e+01,2.077363e+01,2.087808e+01,2.081543e+01,2.080150e+01,2.066908e+01,2.073879e+01,2.072486e+01,2.081543e+01,2.066908e+01,2.069000e+01,2.082239e+01,2.073182e+01,2.080150e+01,2.081543e+01,2.090592e+01,2.068303e+01,2.085024e+01,2.082935e+01,2.087112e+01,2.073879e+01,2.082239e+01,2.092679e+01,2.075273e+01,2.087112e+01,2.091983e+01,2.081543e+01,2.067605e+01,2.071789e+01,2.078757e+01,2.075970e+01,2.078060e+01,2.075970e+01,2.075970e+01,2.082239e+01,2.077363e+01,2.092679e+01,2.075970e+01,2.087808e+01,2.087808e+01,2.078060e+01,2.082239e+01,2.091287e+01,2.080150e+01,2.073182e+01,2.078757e+01,2.071789e+01,2.085720e+01,2.078757e+01,2.081543e+01,2.089896e+01,2.075970e+01,2.079453e+01,2.086416e+01,2.082239e+01,2.085024e+01,2.085720e+01,2.078757e+01,2.084328e+01,2.080846e+01,2.080846e+01,2.080846e+01,2.080150e+01,2.082935e+01,2.078060e+01,2.083632e+01,2.087112e+01,2.086416e+01,2.086416e+01,2.083632e+01,2.078060e+01,2.069697e+01,2.091983e+01,2.076667e+01,2.082239e+01,2.084328e+01,2.077363e+01,2.078060e+01,2.080846e+01,2.076667e+01,2.071789e+01,2.084328e+01,2.087112e+01,2.075273e+01,2.085024e+01,2.085024e+01,2.085024e+01,2.084328e+01,2.085720e+01,2.090592e+01,2.089896e+01,2.089200e+01,2.085720e+01,2.090592e+01,2.079453e+01,2.072486e+01,2.078060e+01,2.078060e+01,2.077363e+01,2.077363e+01,2.074576e+01,2.064816e+01,2.068303e+01,2.059932e+01,2.058536e+01,2.054347e+01,2.056442e+01,2.062723e+01,2.070394e+01,2.073182e+01,2.081543e+01,2.077363e+01,2.085720e+01,2.078757e+01,2.085024e+01,2.089896e+01,2.089200e+01,2.087808e+01,2.087112e+01,2.066908e+01,2.084328e+01,2.077363e+01,2.079453e+01,2.079453e+01,2.080846e+01,2.088504e+01,2.076667e+01,2.078060e+01,2.080846e+01,2.074576e+01,2.070394e+01,2.078060e+01,2.071091e+01,2.057140e+01,2.059234e+01,2.034077e+01,2.036176e+01,2.025677e+01,2.008156e+01,1.993414e+01,1.983574e+01,1.961751e+01,1.968796e+01,1.957522e+01,1.944823e+01,1.956112e+01,1.960342e+01,1.971613e+01,1.969500e+01,1.973725e+01,1.968092e+01,1.983574e+01,1.987090e+01,1.993414e+01,1.992009e+01,2.017972e+01,2.010260e+01,2.027078e+01,2.022176e+01,2.028478e+01,2.043169e+01,2.040372e+01,2.060629e+01,2.070394e+01,2.070394e+01,2.075273e+01,2.076667e+01,2.077363e+01,2.078757e+01,2.082239e+01,2.092679e+01,2.094070e+01,2.075970e+01,2.085024e+01,2.087112e+01,2.078060e+01,2.082239e+01,2.073879e+01,2.075273e+01,2.075273e+01,2.077363e+01,2.071091e+01,2.085720e+01,2.080846e+01,2.064118e+01,2.065513e+01,2.069697e+01,2.074576e+01,2.071789e+01,2.071789e+01,2.068303e+01,2.065513e+01,2.070394e+01,2.064118e+01,2.064816e+01,2.065513e+01,2.062025e+01,2.060629e+01,2.058536e+01,2.041770e+01,2.038274e+01,2.030578e+01,2.020774e+01,2.026378e+01,2.024977e+01,2.010260e+01,2.008857e+01,1.992009e+01,1.994117e+01,2.001841e+01,1.998330e+01,2.003946e+01,2.011663e+01,2.031278e+01,2.029878e+01,2.036176e+01,2.038274e+01,2.059234e+01,2.060629e+01,2.071789e+01,2.077363e+01,2.078757e+01,2.087112e+01,2.078060e+01,2.084328e+01,2.080150e+01,2.077363e+01,2.074576e+01,2.075273e+01,2.075970e+01,2.075970e+01,2.046663e+01,2.055045e+01,2.052950e+01,2.062723e+01,2.063420e+01,2.036176e+01,2.047362e+01,2.044567e+01,2.020074e+01,2.019373e+01,2.022876e+01,2.023577e+01,2.021475e+01,2.022876e+01,2.003946e+01,2.015869e+01,2.025677e+01,1.998330e+01,2.016570e+01,2.022876e+01,2.023577e+01,2.023577e+01,2.006753e+01,2.013766e+01,2.014467e+01,2.002542e+01,2.017271e+01,2.020074e+01,2.033377e+01,2.036176e+01,2.040372e+01,2.038974e+01,2.038974e+01,2.039673e+01,2.039673e+01,2.042470e+01,2.043868e+01,2.062025e+01,2.078060e+01,2.062025e+01,2.078757e+01,2.090592e+01,2.093374e+01,2.089200e+01,2.087808e+01,2.079453e+01,2.094765e+01,2.085720e+01,2.087808e+01,2.090592e+01,2.092679e+01,2.085024e+01,2.080150e+01,2.080846e+01,2.081543e+01,2.077363e+01,2.089200e+01,2.086416e+01,2.082935e+01,2.093374e+01,2.101023e+01,2.084328e+01,2.082239e+01,2.073879e+01,2.085720e+01,2.089200e+01,2.083632e+01,2.087808e+01,2.096852e+01,2.091287e+01,2.103107e+01,2.086416e+01,2.090592e+01,2.087808e+01,2.091983e+01,2.086416e+01,2.082239e+01,2.093374e+01,2.080846e+01,2.075970e+01,2.080846e+01,2.080150e+01,2.077363e+01,2.075970e+01,2.075970e+01,2.094070e+01,2.086416e+01,2.087808e+01,2.079453e+01,2.082239e+01,2.079453e+01,2.082239e+01,2.084328e+01,2.080846e+01,2.080846e+01,2.089200e+01,2.087112e+01,2.084328e+01,2.090592e+01,2.082935e+01,2.078757e+01,2.081543e+01,2.081543e+01,2.074576e+01,2.089896e+01,2.083632e+01,2.082239e+01,2.080150e+01,2.082935e+01,2.082239e+01,2.082935e+01,2.077363e+01,2.069000e+01,2.063420e+01,2.078060e+01,2.064816e+01,2.078757e+01,2.073879e+01,2.057140e+01,2.056442e+01,2.071091e+01,2.056442e+01,2.078757e+01,2.064118e+01,2.072486e+01,2.064118e+01,2.075970e+01,2.062723e+01,2.046663e+01,2.057838e+01,2.033377e+01,2.027078e+01,2.011663e+01,1.983574e+01,1.953291e+01,1.948352e+01,1.925745e+01,1.921501e+01,1.922916e+01,1.924331e+01,1.927160e+01,1.943411e+01,1.942705e+01,1.935642e+01,1.940587e+01,1.960342e+01,1.976540e+01,1.958932e+01,1.978650e+01,1.993414e+01,2.001139e+01,2.022876e+01,2.019373e+01,2.060629e+01,2.059234e+01,2.063420e+01,2.076667e+01,2.064816e+01,2.080150e+01,2.072486e+01,2.083632e+01,2.073879e+01,2.074576e+01,2.088504e+01,2.080150e+01,2.087808e+01,2.081543e+01,2.091287e+01,2.083632e+01,2.087112e+01,2.071091e+01,2.084328e+01,2.083632e+01,2.085720e+01,2.089200e+01,2.095461e+01,2.094765e+01,2.084328e+01,2.086416e+01,2.091287e+01,2.080846e+01,2.087112e+01,2.091287e+01,2.083632e+01,2.073182e+01,2.091983e+01,2.078060e+01,2.083632e+01,2.086416e+01,2.094070e+01,2.082239e+01,2.079453e+01,2.095461e+01,2.080846e+01,2.087112e+01,2.090592e+01,2.085720e+01,2.091287e+01,2.091983e+01,2.090592e+01,2.087112e+01,2.092679e+01,2.097547e+01,2.075970e+01,2.091287e+01,2.084328e+01,2.085720e+01,2.082239e+01,2.088504e+01,2.086416e+01,2.078060e+01,2.083632e+01,2.082935e+01,2.082239e+01,2.080846e+01,2.081543e+01,2.085720e+01,2.083632e+01,2.089200e+01,2.091983e+01,2.089200e+01,2.089896e+01,2.089896e+01,2.091287e+01,2.084328e+01,2.082935e+01,2.083632e+01,2.085024e+01,2.081543e+01,2.084328e+01,2.093374e+01,2.091287e+01,2.085720e+01,2.091287e+01,2.085720e+01,2.091287e+01,2.085720e+01,2.087112e+01,2.096852e+01,2.088504e+01,2.082935e+01,2.096852e+01,2.100327e+01,2.096852e+01,2.080150e+01,2.089896e+01,2.083632e+01,2.089896e+01,2.091983e+01,2.086416e+01,2.092679e+01,2.092679e+01,2.093374e+01,2.087112e+01,2.091287e+01,2.095461e+01,2.090592e+01,2.099632e+01,2.094070e+01,2.096156e+01,2.096156e+01,2.097547e+01,2.098937e+01,2.097547e+01,2.101023e+01,2.098242e+01,2.095461e+01,2.096156e+01,2.096156e+01,2.114220e+01,2.105192e+01,2.104497e+01,2.094070e+01,2.098242e+01,2.112137e+01,2.098242e+01,2.108665e+01,2.105887e+01,2.091983e+01,2.102413e+01,2.102413e+01,2.101718e+01,2.094070e+01,2.103107e+01,2.105887e+01,2.098242e+01,2.092679e+01,2.100327e+01,2.091983e+01,2.097547e+01,2.094765e+01,2.090592e+01,2.097547e+01,2.093374e+01,2.091287e+01,2.094765e+01,2.091287e+01,2.094070e+01,2.091983e+01,2.093374e+01,2.091287e+01,2.090592e+01,2.093374e+01,2.091983e+01,2.094070e+01,2.093374e+01,2.087808e+01,2.095461e+01,2.091983e+01,2.096852e+01,2.094765e+01,2.086416e+01,2.090592e+01,2.091287e+01,2.089896e+01,2.089896e+01,2.103107e+01,2.091287e+01,2.085024e+01,2.089200e+01,2.086416e+01,2.082239e+01,2.091287e+01,2.103107e+01,2.088504e+01,2.091983e+01,2.082935e+01,2.086416e+01,2.091983e+01,2.089200e+01,2.080846e+01,2.098937e+01,2.097547e+01,2.093374e+01,2.078060e+01,2.098242e+01,2.086416e+01,2.094765e+01,2.102413e+01,2.093374e+01,2.084328e+01,2.102413e+01,2.101718e+01,2.088504e+01,2.090592e+01,2.082239e+01,2.096156e+01,2.096156e+01,2.079453e+01,2.102413e+01,2.108665e+01,2.109360e+01,2.090592e+01,2.104497e+01,2.094765e+01,2.101023e+01,2.091287e+01,2.095461e+01,2.082935e+01,2.081543e+01,2.076667e+01,2.076667e+01,2.075273e+01,2.093374e+01,2.101023e+01,2.082239e+01
2.071091e+01,2.062025e+01,2.079453e+01,2.080150e+01,2.072486e+01,2.076667e+01,2.070394e+01,2.075970e+01,2.069000e+01,2.066211e+01,2.085720e+01,2.073182e+01,2.062723e+01,2.064816e+01,2.071789e+01,2.072486e+01,2.062025e+01,2.079453e+01,2.067605e+01,2.076667e+01,2.071789e+01,2.059234e+01,2.062025e+01,2.084328e+01,2.087808e+01,2.084328e+01,2.073182e+01,2.072486e+01,2.069000e+01,2.078757e+01,2.067605e+01,2.058536e+01,2.066211e+01,2.077363e+01,2.073182e+01,2.076667e+01,2.071091e+01,2.082239e+01,2.076667e+01,2.091983e+01,2.079453e+01,2.073879e+01,2.082239e+01,2.075970e+01,2.070394e+01,2.092679e+01,2.078757e+01,2.071789e+01,2.071091e+01,2.071789e+01,2.075273e+01,2.078060e+01,2.075970e+01,2.078757e+01,2.073182e+01,2.074576e+01,2.080150e+01,2.078060e+01,2.073182e+01,2.076667e+01,2.069697e+01,2.072486e+01,2.075970e+01,2.076667e+01,2.079453e+01,2.078757e+01,2.096156e+01,2.074576e+01,2.081543e+01,2.076667e+01,2.075970e+01,2.079453e+01,2.078060e+01,2.073879e+01,2.073879e+01,2.075970e+01,2.072486e+01,2.075970e+01,2.085024e+01,2.075970e+01,2.080150e+01,2.085024e+01,2.080150e+01,2.083632e+01,2.081543e+01,2.071789e+01,2.082239e+01,2.071789e+01,2.084328e+01,2.083632e+01,2.073182e+01,2.082239e+01,2.076667e+01,2.086416e+01,2.087808e+01,2.085024e+01,2.080150e+01,2.080846e+01,2.080846e+01,2.086416e+01,2.087808e+01,2.087112e+01,2.084328e+01,2.077363e+01,2.079453e+01,2.082239e+01,2.094070e+01,2.081543e+01,2.078757e+01,2.082935e+01,2.086416e+01,2.084328e+01,2.082239e+01,2.078060e+01,2.079453e+01,2.073879e+01,2.082935e+01,2.074576e+01,2.093374e+01,2.080150e+01,2.077363e+01,2.080846e+01,2.087808e+01,2.078060e+01,2.068303e+01,2.069697e+01,2.097547e+01,2.079453e+01,2.078757e+01,2.081543e+01,2.081543e+01,2.084328e+01,2.080150e+01,2.078757e+01,2.089200e+01,2.089896e+01,2.086416e+01,2.084328e+01,2.080150e+01,2.082935e+01,2.080846e+01,2.075273e+01,2.063420e+01,2.073182e+01,2.073182e+01,2.073879e+01,2.069000e+01,2.053649e+01,2.065513e+01,2.064816e+01,2.059234e+01,2.080846e+01,2.078757e+01,2.080846e+01,2.089200e+01,2.081543e+01,2.089896e+01,2.091983e+01,2.083632e+01,2.085024e+01,2.066908e+01,2.069000e+01,2.089200e+01,2.069000e+01,2.083632e+01,2.079453e+01,2.078060e+01,2.072486e+01,2.080846e+01,2.079453e+01,2.077363e+01,2.086416e+01,2.071091e+01,2.071091e+01,2.070394e+01,2.064816e+01,2.064118e+01,2.062025e+01,2.040372e+01,2.024277e+01,2.023577e+01,2.000437e+01,2.007454e+01,1.978650e+01,1.984277e+01,1.980058e+01,1.959637e+01,1.957522e+01,1.953291e+01,1.970205e+01,1.959637e+01,1.962456e+01,1.973021e+01,1.971613e+01,1.980058e+01,1.979354e+01,1.992711e+01,2.006753e+01,2.020774e+01,2.015168e+01,2.013065e+01,2.031978e+01,2.020774e+01,2.038274e+01,2.050157e+01,2.050157e+01,2.069697e+01,2.071091e+01,2.074576e+01,2.075273e+01,2.073182e+01,2.075970e+01,2.085720e+01,2.091983e+01,2.086416e+01,2.082239e+01,2.082239e+01,2.085024e+01,2.091983e+01,2.082935e+01,2.078757e+01,2.078757e+01,2.071789e+01,2.078060e+01,2.063420e+01,2.071789e+01,2.082935e+01,2.077363e+01,2.064816e+01,2.056442e+01,2.067605e+01,2.073182e+01,2.072486e+01,2.069697e+01,2.071789e+01,2.070394e+01,2.066211e+01,2.066908e+01,2.062025e+01,2.064118e+01,2.060629e+01,2.050157e+01,2.038974e+01,2.036176e+01,2.010260e+01,2.033377e+01,2.010961e+01,2.009559e+01,2.007454e+01,1.991306e+01,1.995521e+01,1.989901e+01,1.994117e+01,1.996926e+01,2.002542e+01,2.009559e+01,2.031278e+01,2.031978e+01,2.031278e+01,2.036176e+01,2.037575e+01,2.059234e+01,2.072486e+01,2.066908e+01,2.078757e+01,2.083632e+01,2.084328e+01,2.087808e+01,2.071789e+01,2.060629e+01,2.063420e+01,2.073879e+01,2.064118e+01,2.044567e+01,2.061327e+01,2.046663e+01,2.043868e+01,2.045964e+01,2.034077e+01,2.031978e+01,2.022876e+01,2.022876e+01,2.015869e+01,2.016570e+01,1.996926e+01,1.996926e+01,2.015869e+01,1.998330e+01,1.997628e+01,1.991306e+01,2.004648e+01,1.993414e+01,1.995521e+01,1.992711e+01,1.996926e+01,1.995521e+01,1.999033e+01,1.999033e+01,2.004648e+01,2.013065e+01,2.011663e+01,2.008857e+01,2.021475e+01,2.029878e+01,2.031978e+01,2.038974e+01,2.039673e+01,2.041071e+01,2.040372e+01,2.060629e+01,2.055743e+01,2.062723e+01,2.063420e+01,2.081543e+01,2.078060e+01,2.076667e+01,2.083632e+01,2.089896e+01,2.080150e+01,2.101023e+01,2.085720e+01,2.082935e+01,2.088504e+01,2.080846e+01,2.090592e+01,2.089896e+01,2.089896e+01,2.087112e+01,2.082935e+01,2.079453e+01,2.087112e+01,2.085024e+01,2.073182e+01,2.081543e+01,2.089200e+01,2.086416e+01,2.084328e+01,2.087112e+01,2.084328e+01,2.085024e+01,2.081543e+01,2.083632e+01,2.086416e+01,2.085024e+01,2.087808e+01,2.079453e+01,2.090592e+01,2.082935e+01,2.084328e+01,2.088504e+01,2.081543e+01,2.086416e+01,2.081543e+01,2.090592e+01,2.077363e+01,2.080846e+01,2.073182e+01,2.081543e+01,2.087808e+01,2.089200e+01,2.089896e+01,2.079453e+01,2.094765e+01,2.078757e+01,2.091287e+01,2.089200e+01,2.084328e+01,2.080846e+01,2.090592e+01,2.088504e+01,2.080150e+01,2.084328e+01,2.088504e+01,2.087112e+01,2.091983e+01,2.078060e+01,2.077363e+01,2.094070e+01,2.083632e+01,2.075970e+01,2.080846e+01,2.080846e+01,2.080846e+01,2.068303e+01,2.059932e+01,2.075273e+01,2.063420e+01,2.036875e+01,2.027778e+01,2.041770e+01,2.032678e+01,2.027078e+01,2.056442e+01,2.038974e+01,2.040372e+01,2.022176e+01,2.040372e+01,2.020774e+01,2.048061e+01,2.047362e+01,2.042470e+01,2.040372e+01,2.045266e+01,2.038274e+01,2.035476e+01,2.017972e+01,2.018673e+01,2.010260e+01,1.995521e+01,1.976540e+01,1.944118e+01,1.952586e+01,1.927160e+01,1.925745e+01,1.929988e+01,1.932109e+01,1.929281e+01,1.941999e+01,1.925038e+01,1.929988e+01,1.934229e+01,1.946235e+01,1.949764e+01,1.951175e+01,1.979354e+01,1.987792e+01,1.995521e+01,1.999735e+01,2.018673e+01,2.041770e+01,2.038274e+01,2.048061e+01,2.062025e+01,2.059932e+01,2.081543e+01,2.076667e+01,2.082239e+01,2.081543e+01,2.082935e+01,2.082935e+01,2.088504e+01,2.088504e+01,2.087808e+01,2.088504e+01,2.084328e+01,2.084328e+01,2.084328e+01,2.085024e+01,2.083632e+01,2.085024e+01,2.089200e+01,2.089896e+01,2.085024e+01,2.085024e+01,2.087808e+01,2.088504e+01,2.082935e+01,2.070394e+01,2.080150e+01,2.077363e+01,2.075970e+01,2.073182e+01,2.098937e+01,2.075970e+01,2.085024e+01,2.087808e+01,2.096852e+01,2.077363e+01,2.097547e+01,2.084328e+01,2.089896e+01,2.081543e+01,2.092679e+01,2.088504e+01,2.089896e+01,2.091983e+01,2.084328e+01,2.085720e+01,2.089896e+01,2.086416e+01,2.087808e+01,2.088504e+01,2.082935e+01,2.080846e+01,2.083632e+01,2.082239e+01,2.084328e+01,2.081543e+01,2.087112e+01,2.087808e+01,2.078757e+01,2.093374e+01,2.087112e+01,2.088504e+01,2.075273e+01,2.083632e+01,2.084328e+01,2.090592e+01,2.080150e+01,2.085024e+01,2.084328e+01,2.084328e+01,2.094070e+01,2.089896e+01,2.091287e+01,2.095461e+01,2.087808e+01,2.090592e+01,2.091983e+01,2.089200e+01,2.089896e+01,2.101023e+01,2.087112e+01,2.090592e+01,2.088504e+01,2.095461e+01,2.094765e+01,2.080150e+01,2.090592e+01,2.092679e+01,2.086416e+01,2.080846e+01,2.089200e+01,2.091287e+01,2.091287e+01,2.105192e+01,2.082935e+01,2.096852e+01,2.096852e+01,2.090592e+01,2.085720e+01,2.103107e+01,2.098242e+01,2.093374e+01,2.089896e+01,2.105887e+01,2.093374e+01,2.096156e+01,2.100327e+01,2.105192e+01,2.103107e+01,2.107971e+01,2.109360e+01,2.096156e+01,2.105192e+01,2.112831e+01,2.096156e+01,2.098937e+01,2.096852e+01,2.112137e+01,2.101023e+01,2.099632e+01,2.099632e+01,2.094765e+01,2.099632e+01,2.096156e+01,2.092679e+01,2.103802e+01,2.105887e+01,2.091287e+01,2.094070e+01,2.099632e+01,2.098937e+01,2.096852e+01,2.096156e+01,2.089200e+01,2.097547e+01,2.090592e+01,2.094765e+01,2.092679e+01,2.109360e+01,2.091983e+01,2.090592e+01,2.087808e+01,2.087808e+01,2.096156e+01,2.080150e+01,2.087808e+01,2.086416e+01,2.082239e+01,2.097547e+01,2.085720e+01,2.091287e+01,2.082239e+01,2.078757e+01,2.084328e+01,2.087808e+01,2.092679e+01,2.097547e+01,2.086416e+01,2.092679e+01,2.085720e+01,2.094070e+01,2.099632e+01,2.082239e+01,2.086416e+01,2.105192e+01,2.091983e+01,2.091983e+01,2.105887e+01,2.097547e+01,2.094765e+01,2.092679e+01,2.090592e+01,2.088504e+01,2.094070e+01,2.087112e+01,2.092679e+01,2.105192e+01,2.089896e+01,2.091983e+01,2.086416e+01,2.084328e+01,2.090592e+01,2.096156e+01,2.081543e+01,2.089896e+01,2.094070e+01,2.092679e+01,2.097547e+01,2.105192e+01,2.102413e+01,2.103802e+01,2.103107e+01,2.091287e+01,2.088504e+01,2.096852e+01,2.094070e+01,2.096156e+01,2.095461e+01,2.089896e+01,2.094070e+01,2.085720e+01,2.085024e+01,2.091983e+01,2.074576e+01,2.076667e+01,2.079453e+01,2.081543e+01,2.087112e+01
2.082239e+01,2.072486e+01,2.080846e+01,2.078757e+01,2.082239e+01,2.093374e+01,2.080150e+01,2.066908e+01,2.073879e+01,2.067605e+01,2.080150e+01,2.077363e+01,2.073182e+01,2.069697e+01,2.066908e+01,2.078757e+01,2.078757e+01,2.078757e+01,2.078060e+01,2.073182e+01,2.073182e+01,2.072486e+01,2.078060e+01,2.070394e+01,2.085024e+01,2.071789e+01,2.091287e+01,2.078757e+01,2.069697e+01,2.068303e+01,2.069697e+01,2.077363e+01,2.065513e+01,2.071789e+01,2.079453e+01,2.084328e+01,2.067605e+01,2.065513e+01,2.073879e+01,2.082935e+01,2.082239e+01,2.081543e+01,2.080150e+01,2.080150e+01,2.085024e+01,2.064816e+01,2.071091e+01,2.081543e+01,2.068303e+01,2.083632e+01,2.074576e+01,2.069000e+01,2.078757e+01,2.078757e+01,2.072486e+01,2.101023e+01,2.087112e+01,2.098937e+01,2.071789e+01,2.076667e+01,2.080846e+01,2.084328e+01,2.071789e+01,2.086416e+01,2.082935e+01,2.085024e+01,2.076667e+01,2.081543e+01,2.064118e+01,2.076667e+01,2.082239e+01,2.085720e+01,2.085024e+01,2.089200e+01,2.078757e+01,2.070394e+01,2.074576e+01,2.078757e+01,2.075273e+01,2.075273e+01,2.075273e+01,2.083632e+01,2.077363e+01,2.080150e+01,2.080150e+01,2.085720e+01,2.087808e+01,2.083632e+01,2.075970e+01,2.080150e+01,2.078757e+01,2.085024e+01,2.086416e+01,2.085024e+01,2.089896e+01,2.075970e+01,2.073182e+01,2.082239e+01,2.080150e+01,2.073879e+01,2.088504e+01,2.082935e+01,2.076667e+01,2.086416e+01,2.094070e+01,2.081543e+01,2.080150e+01,2.077363e+01,2.078060e+01,2.086416e+01,2.079453e+01,2.092679e+01,2.089200e+01,2.087112e+01,2.084328e+01,2.083632e+01,2.078757e+01,2.082935e+01,2.089200e+01,2.078060e+01,2.082239e+01,2.082239e+01,2.094765e+01,2.086416e+01,2.084328e+01,2.082935e+01,2.087808e+01,2.072486e+01,2.081543e+01,2.078060e+01,2.079453e+01,2.082239e+01,2.086416e+01,2.087808e+01,2.090592e+01,2.080150e+01,2.078060e+01,2.079453e+01,2.082239e+01,2.085024e+01,2.081543e+01,2.082239e+01,2.074576e+01,2.077363e+01,2.069697e+01,2.073879e+01,2.057140e+01,2.061327e+01,2.057838e+01,2.059234e+01,2.065513e+01,2.075970e+01,2.073182e+01,2.078757e+01,2.072486e+01,2.085024e+01,2.065513e+01,2.094070e+01,2.085720e+01,2.082935e+01,2.091287e+01,2.094070e+01,2.090592e+01,2.082239e+01,2.087808e+01,2.087808e+01,2.083632e+01,2.079453e+01,2.078060e+01,2.078060e+01,2.085024e+01,2.085024e+01,2.081543e+01,2.078757e+01,2.066908e+01,2.078060e+01,2.053649e+01,2.075273e+01,2.041071e+01,2.040372e+01,2.030578e+01,2.024277e+01,2.005350e+01,1.988495e+01,1.972317e+01,1.971613e+01,1.956817e+01,1.953291e+01,1.972317e+01,1.975836e+01,1.973021e+01,1.965979e+01,1.975132e+01,1.977947e+01,1.975132e+01,1.973021e+01,2.004648e+01,1.995521e+01,2.008857e+01,2.013065e+01,2.016570e+01,2.022876e+01,2.020074e+01,2.024277e+01,2.045964e+01,2.057140e+01,2.054347e+01,2.069000e+01,2.073182e+01,2.081543e+01,2.081543e+01,2.082239e+01,2.087808e+01,2.097547e+01,2.092679e+01,2.090592e+01,2.082935e+01,2.086416e+01,2.085024e+01,2.081543e+01,2.080846e+01,2.082935e+01,2.069697e+01,2.078757e+01,2.079453e+01,2.078060e+01,2.071091e+01,2.071789e+01,2.070394e+01,2.069697e+01,2.075273e+01,2.056442e+01,2.073879e+01,2.070394e+01,2.065513e+01,2.066211e+01,2.076667e+01,2.066908e+01,2.064118e+01,2.064816e+01,2.045266e+01,2.059234e+01,2.022876e+01,2.020774e+01,2.027078e+01,2.029878e+01,2.029178e+01,2.010961e+01,2.013065e+01,2.001139e+01,1.992009e+01,2.016570e+01,2.006051e+01,1.995521e+01,2.007454e+01,2.025677e+01,2.026378e+01,2.034777e+01,2.036875e+01,2.046663e+01,2.057838e+01,2.066908e+01,2.068303e+01,2.082935e+01,2.074576e+01,2.082935e+01,2.079453e+01,2.080846e+01,2.075273e+01,2.053649e+01,2.061327e+01,2.053649e+01,2.045964e+01,2.038274e+01,2.050855e+01,2.045964e+01,2.033377e+01,2.027778e+01,2.029178e+01,2.027078e+01,2.012364e+01,2.006051e+01,2.002542e+01,2.004648e+01,1.994819e+01,1.980761e+01,1.989901e+01,1.987090e+01,1.995521e+01,1.994117e+01,1.976540e+01,1.976540e+01,1.976540e+01,1.982168e+01,1.975836e+01,1.995521e+01,1.996926e+01,2.000437e+01,1.999033e+01,2.010260e+01,2.005350e+01,2.016570e+01,2.015168e+01,2.026378e+01,2.041770e+01,2.041071e+01,2.043868e+01,2.031978e+01,2.049458e+01,2.062025e+01,2.059234e+01,2.061327e+01,2.073879e+01,2.078757e+01,2.086416e+01,2.080846e+01,2.081543e+01,2.100327e+01,2.083632e+01,2.089200e+01,2.084328e+01,2.089200e+01,2.089896e+01,2.090592e+01,2.083632e+01,2.087112e+01,2.090592e+01,2.087808e+01,2.086416e+01,2.087112e+01,2.085720e+01,2.073879e+01,2.075273e+01,2.080846e+01,2.086416e+01,2.085720e+01,2.078060e+01,2.097547e+01,2.085720e+01,2.086416e+01,2.080846e+01,2.082935e+01,2.080150e+01,2.084328e+01,2.125320e+01,2.087808e+01,2.080150e+01,2.089200e+01,2.084328e+01,2.090592e+01,2.080846e+01,2.098242e+01,2.084328e+01,2.081543e+01,2.080150e+01,2.084328e+01,2.085720e+01,2.089896e+01,2.088504e+01,2.083632e+01,2.090592e+01,2.078757e+01,2.096156e+01,2.089896e+01,2.096852e+01,2.081543e+01,2.080150e+01,2.079453e+01,2.080150e+01,2.089200e+01,2.082239e+01,2.088504e+01,2.087808e+01,2.091983e+01,2.091983e+01,2.085720e+01,2.080846e+01,2.080150e+01,2.082239e+01,2.077363e+01,2.080150e+01,2.080150e+01,2.069000e+01,2.067605e+01,2.054347e+01,2.039673e+01,2.033377e+01,2.029178e+01,2.022876e+01,2.012364e+01,2.009559e+01,2.013065e+01,2.015869e+01,2.015869e+01,2.016570e+01,2.015869e+01,2.008156e+01,2.004648e+01,2.008156e+01,2.030578e+01,2.025677e+01,2.033377e+01,2.024277e+01,2.019373e+01,2.017972e+01,2.017972e+01,2.025677e+01,2.007454e+01,2.006753e+01,1.989901e+01,1.972317e+01,1.996224e+01,1.973021e+01,1.961047e+01,1.956112e+01,1.953996e+01,1.949764e+01,1.932815e+01,1.929988e+01,1.930695e+01,1.920085e+01,1.917962e+01,1.939174e+01,1.949058e+01,1.936349e+01,1.948352e+01,1.950469e+01,1.952586e+01,1.966683e+01,1.995521e+01,2.009559e+01,2.027078e+01,2.051554e+01,2.068303e+01,2.066211e+01,2.084328e+01,2.078060e+01,2.075273e+01,2.089200e+01,2.089200e+01,2.088504e+01,2.086416e+01,2.085720e+01,2.087808e+01,2.086416e+01,2.087808e+01,2.089896e+01,2.086416e+01,2.088504e+01,2.093374e+01,2.086416e+01,2.098937e+01,2.082239e+01,2.094765e+01,2.086416e+01,2.085720e+01,2.089896e+01,2.069697e+01,2.075273e+01,2.089200e+01,2.091287e+01,2.074576e+01,2.096156e+01,2.080846e+01,2.078757e+01,2.085720e+01,2.089200e+01,2.087808e+01,2.080846e+01,2.096852e+01,2.082239e+01,2.092679e+01,2.097547e+01,2.088504e+01,2.091287e+01,2.101023e+01,2.094070e+01,2.081543e+01,2.094765e+01,2.094070e+01,2.078060e+01,2.108665e+01,2.087808e+01,2.086416e+01,2.089200e+01,2.087112e+01,2.088504e+01,2.094070e+01,2.088504e+01,2.087808e+01,2.089200e+01,2.094765e+01,2.085024e+01,2.077363e+01,2.100327e+01,2.091287e+01,2.091983e+01,2.106581e+01,2.093374e+01,2.100327e+01,2.096852e+01,2.098242e+01,2.087808e+01,2.094070e+01,2.092679e+01,2.094765e+01,2.096156e+01,2.087808e+01,2.084328e+01,2.075273e+01,2.087808e+01,2.089200e+01,2.087808e+01,2.087112e+01,2.091287e+01,2.092679e+01,2.095461e+01,2.102413e+01,2.107276e+01,2.082935e+01,2.097547e+01,2.088504e+01,2.093374e+01,2.081543e+01,2.091983e+01,2.083632e+01,2.095461e+01,2.095461e+01,2.095461e+01,2.098242e+01,2.089896e+01,2.091983e+01,2.096156e+01,2.098937e+01,2.098937e+01,2.097547e+01,2.109360e+01,2.118384e+01,2.112137e+01,2.103802e+01,2.098242e+01,2.096852e+01,2.105192e+01,2.105192e+01,2.112137e+01,2.097547e+01,2.110054e+01,2.109360e+01,2.107276e+01,2.108665e+01,2.103802e+01,2.112831e+01,2.103802e+01,2.103802e+01,2.100327e+01,2.090592e+01,2.100327e+01,2.105887e+01,2.105192e+01,2.104497e+01,2.098242e+01,2.103107e+01,2.096156e+01,2.093374e+01,2.110054e+01,2.082239e+01,2.091287e+01,2.093374e+01,2.091287e+01,2.117690e+01,2.103802e+01,2.094070e+01,2.087112e+01,2.087112e+01,2.097547e+01,2.118384e+01,2.081543e+01,2.093374e+01,2.092679e+01,2.087808e+01,2.096852e+01,2.082239e+01,2.081543e+01,2.083632e+01,2.103107e+01,2.102413e+01,2.088504e+01,2.098242e+01,2.091287e+01,2.097547e+01,2.087808e+01,2.105887e+01,2.085024e+01,2.096852e+01,2.081543e+01,2.082239e+01,2.089896e+01,2.098242e+01,2.098937e+01,2.101718e+01,2.094765e+01,2.092679e+01,2.091983e+01,2.088504e+01,2.101718e+01,2.091287e+01,2.092679e+01,2.092679e+01,2.078757e+01,2.087112e+01,2.094070e+01,2.094070e+01,2.096156e+01,2.094765e+01,2.092679e+01,2.083632e+01,2.086416e+01,2.096156e+01,2.086416e+01,2.098937e+01,2.098242e+01,2.081543e+01,2.099632e+01,2.097547e+01,2.097547e+01,2.107971e+01,2.109360e+01,2.095461e+01,2.101718e+01,2.085024e+01,2.089200e+01,2.088504e+01,2.090592e+01,2.107971e+01,2.095461e+01,2.093374e+01,2.073182e+01,2.092679e+01,2.079453e+01,2.079453e+01
2.082239e+01,2.066211e+01,2.080150e+01,2.068303e+01,2.071091e+01,2.077363e+01,2.074576e+01,2.077363e+01,2.070394e+01,2.076667e+01,2.069697e+01,2.068303e+01,2.066211e+01,2.077363e+01,2.069000e+01,2.066908e+01,2.070394e+01,2.072486e+01,2.074576e+01,2.070394e+01,2.072486e+01,2.071091e+01,2.071789e+01,2.078757e+01,2.075970e+01,2.064816e+01,2.077363e+01,2.071091e+01,2.064118e+01,2.065513e+01,2.073182e+01,2.066211e+01,2.073879e+01,2.073879e+01,2.075970e+01,2.074576e+01,2.076667e+01,2.067605e+01,2.074576e+01,2.086416e+01,2.075273e+01,2.076667e+01,2.082935e+01,2.085024e+01,2.065513e+01,2.075970e+01,2.084328e+01,2.073182e+01,2.083632e+01,2.078060e+01,2.078757e+01,2.070394e+01,2.068303e+01,2.077363e+01,2.089200e+01,2.063420e+01,2.075273e+01,2.081543e+01,2.077363e+01,2.097547e+01,2.072486e+01,2.072486e+01,2.075273e+01,2.072486e+01,2.074576e+01,2.078757e+01,2.070394e+01,2.075273e+01,2.075273e+01,2.069000e+01,2.067605e+01,2.067605e+01,2.087808e+01,2.086416e+01,2.063420e+01,2.071091e+01,2.073182e+01,2.073182e+01,2.086416e+01,2.081543e+01,2.085024e+01,2.084328e+01,2.081543e+01,2.077363e+01,2.086416e+01,2.084328e+01,2.081543e+01,2.083632e+01,2.080846e+01,2.081543e+01,2.075970e+01,2.073879e+01,2.080846e+01,2.076667e+01,2.085024e+01,2.085024e+01,2.080150e+01,2.076667e+01,2.079453e+01,2.082935e+01,2.075273e+01,2.086416e+01,2.079453e+01,2.081543e+01,2.084328e+01,2.083632e+01,2.078060e+01,2.081543e+01,2.075970e+01,2.085024e+01,2.082935e+01,2.074576e+01,2.090592e+01,2.080150e+01,2.074576e+01,2.074576e+01,2.086416e+01,2.092679e+01,2.089200e+01,2.086416e+01,2.084328e+01,2.091983e+01,2.081543e+01,2.085024e+01,2.081543e+01,2.073879e+01,2.080150e+01,2.084328e+01,2.083632e+01,2.086416e+01,2.087112e+01,2.079453e+01,2.080150e+01,2.096852e+01,2.083632e+01,2.084328e+01,2.077363e+01,2.080150e+01,2.080846e+01,2.083632e+01,2.078757e+01,2.074576e+01,2.062723e+01,2.069000e+01,2.072486e+01,2.056442e+01,2.067605e+01,2.036176e+01,2.056442e+01,2.065513e+01,2.077363e+01,2.084328e+01,2.069000e+01,2.073182e+01,2.085024e+01,2.098242e+01,2.083632e+01,2.077363e+01,2.074576e+01,2.086416e+01,2.087808e+01,2.091287e+01,2.078757e+01,2.084328e+01,2.078060e+01,2.079453e+01,2.081543e+01,2.078060e+01,2.078060e+01,2.081543e+01,2.073879e+01,2.080150e+01,2.078757e+01,2.086416e+01,2.084328e+01,2.080846e+01,2.071091e+01,2.063420e+01,2.042470e+01,2.040372e+01,2.041071e+01,2.017972e+01,2.018673e+01,2.015168e+01,1.978650e+01,1.973725e+01,1.970909e+01,1.961751e+01,1.971613e+01,1.969500e+01,1.963865e+01,1.974428e+01,1.956817e+01,1.975132e+01,1.977947e+01,1.994117e+01,1.999735e+01,1.979354e+01,2.009559e+01,2.021475e+01,2.016570e+01,2.024977e+01,2.036875e+01,2.037575e+01,2.036875e+01,2.052950e+01,2.059234e+01,2.063420e+01,2.062025e+01,2.059932e+01,2.075970e+01,2.088504e+01,2.080846e+01,2.088504e+01,2.082935e+01,2.080150e+01,2.087112e+01,2.085024e+01,2.085024e+01,2.073182e+01,2.073182e+01,2.074576e+01,2.072486e+01,2.080150e+01,2.071091e+01,2.071789e+01,2.062025e+01,2.078060e+01,2.045964e+01,2.067605e+01,2.069697e+01,2.064816e+01,2.065513e+01,2.068303e+01,2.065513e+01,2.066211e+01,2.057838e+01,2.055045e+01,2.068303e+01,2.058536e+01,2.049458e+01,2.041770e+01,2.037575e+01,2.055743e+01,2.031978e+01,2.018673e+01,2.034777e+01,2.020774e+01,2.012364e+01,2.001841e+01,2.008857e+01,2.008156e+01,1.992009e+01,2.020074e+01,2.019373e+01,2.024277e+01,2.014467e+01,2.029878e+01,2.025677e+01,2.057838e+01,2.055045e+01,2.070394e+01,2.065513e+01,2.073879e+01,2.075970e+01,2.077363e+01,2.059234e+01,2.073879e+01,2.050157e+01,2.043868e+01,2.041071e+01,2.055045e+01,2.042470e+01,2.046663e+01,2.042470e+01,2.020074e+01,2.029178e+01,2.012364e+01,2.000437e+01,2.027778e+01,2.000437e+01,2.003946e+01,1.989901e+01,1.993414e+01,1.965274e+01,1.984980e+01,1.964570e+01,1.977243e+01,1.983574e+01,1.969500e+01,1.982871e+01,1.961047e+01,1.979354e+01,1.990604e+01,1.974428e+01,1.988495e+01,1.988495e+01,1.999735e+01,1.998330e+01,2.008156e+01,2.012364e+01,2.006051e+01,2.017972e+01,2.027778e+01,2.020774e+01,2.036875e+01,2.032678e+01,2.029178e+01,2.047362e+01,2.045964e+01,2.045266e+01,2.068303e+01,2.071091e+01,2.076667e+01,2.086416e+01,2.078757e+01,2.080150e+01,2.086416e+01,2.083632e+01,2.085720e+01,2.087112e+01,2.089896e+01,2.090592e+01,2.090592e+01,2.089200e+01,2.080846e+01,2.088504e+01,2.092679e+01,2.082935e+01,2.088504e+01,2.089896e+01,2.087112e+01,2.085720e+01,2.080846e+01,2.086416e+01,2.078060e+01,2.078060e+01,2.082239e+01,2.073879e+01,2.092679e+01,2.087112e+01,2.096852e+01,2.096852e+01,2.086416e+01,2.092679e+01,2.089200e+01,2.080150e+01,2.080150e+01,2.089896e+01,2.087112e+01,2.079453e+01,2.107276e+01,2.096852e+01,2.083632e+01,2.084328e+01,2.083632e+01,2.085720e+01,2.078060e+01,2.080846e+01,2.089896e+01,2.085024e+01,2.091287e+01,2.096852e+01,2.096852e+01,2.080150e+01,2.080846e+01,2.091287e+01,2.103107e+01,2.087808e+01,2.089200e+01,2.090592e+01,2.080846e+01,2.080846e+01,2.094070e+01,2.085720e+01,2.076667e+01,2.076667e+01,2.093374e+01,2.077363e+01,2.081543e+01,2.073182e+01,2.076667e+01,2.078757e+01,2.057838e+01,2.048061e+01,2.013766e+01,2.024977e+01,2.005350e+01,2.001139e+01,1.999735e+01,1.998330e+01,1.983574e+01,1.984277e+01,1.979354e+01,1.977243e+01,1.982168e+01,1.977243e+01,1.987792e+01,1.974428e+01,1.992711e+01,2.001139e+01,1.990604e+01,2.001139e+01,1.992711e+01,1.995521e+01,2.009559e+01,2.011663e+01,2.011663e+01,2.003946e+01,2.006753e+01,1.998330e+01,1.993414e+01,1.984980e+01,1.989198e+01,1.993414e+01,1.990604e+01,1.969500e+01,1.973021e+01,1.932109e+01,1.928574e+01,1.920793e+01,1.917962e+01,1.917254e+01,1.923623e+01,1.926452e+01,1.932109e+01,1.927160e+01,1.949058e+01,1.939174e+01,1.951880e+01,1.956112e+01,1.989901e+01,1.995521e+01,2.033377e+01,2.064816e+01,2.071789e+01,2.083632e+01,2.084328e+01,2.084328e+01,2.081543e+01,2.083632e+01,2.088504e+01,2.087112e+01,2.087808e+01,2.093374e+01,2.085720e+01,2.087808e+01,2.085024e+01,2.085720e+01,2.086416e+01,2.096852e+01,2.078757e+01,2.085720e+01,2.085024e+01,2.087112e+01,2.091983e+01,2.098937e+01,2.094765e+01,2.094070e+01,2.076667e+01,2.073879e+01,2.096852e+01,2.089896e+01,2.089200e+01,2.065513e+01,2.081543e+01,2.092679e+01,2.092679e+01,2.080150e+01,2.092679e+01,2.074576e+01,2.085720e+01,2.081543e+01,2.086416e+01,2.083632e+01,2.091287e+01,2.098242e+01,2.098937e+01,2.085720e+01,2.098937e+01,2.085720e+01,2.086416e+01,2.082935e+01,2.084328e+01,2.107276e+01,2.087112e+01,2.092679e+01,2.085024e+01,2.093374e+01,2.090592e+01,2.089200e+01,2.097547e+01,2.082935e+01,2.087808e+01,2.080150e+01,2.088504e+01,2.093374e+01,2.091983e+01,2.089896e+01,2.086416e+01,2.096852e+01,2.085720e+01,2.094765e+01,2.094765e+01,2.091287e+01,2.092679e+01,2.085720e+01,2.081543e+01,2.096852e+01,2.087112e+01,2.087112e+01,2.089200e+01,2.088504e+01,2.087112e+01,2.095461e+01,2.094765e+01,2.092679e+01,2.095461e+01,2.091287e+01,2.091287e+01,2.090592e+01,2.097547e+01,2.087112e+01,2.091983e+01,2.091287e+01,2.097547e+01,2.084328e+01,2.095461e+01,2.094765e+01,2.102413e+01,2.090592e+01,2.098937e+01,2.100327e+01,2.096156e+01,2.099632e+01,2.094765e+01,2.094070e+01,2.101023e+01,2.095461e+01,2.100327e+01,2.100327e+01,2.103107e+01,2.098242e+01,2.096852e+01,2.099632e+01,2.101023e+01,2.101718e+01,2.106581e+01,2.107971e+01,2.104497e+01,2.105192e+01,2.101718e+01,2.102413e+01,2.110054e+01,2.102413e+01,2.090592e+01,2.102413e+01,2.099632e+01,2.098242e+01,2.104497e+01,2.098242e+01,2.097547e+01,2.108665e+01,2.093374e+01,2.098242e+01,2.098242e+01,2.095461e+01,2.098242e+01,2.091983e+01,2.101718e+01,2.089200e+01,2.093374e+01,2.089200e+01,2.108665e+01,2.102413e+01,2.098937e+01,2.084328e+01,2.096156e+01,2.087808e+01,2.108665e+01,2.091983e+01,2.081543e+01,2.094765e+01,2.084328e+01,2.092679e+01,2.093374e+01,2.089200e+01,2.104497e+01,2.098937e+01,2.103802e+01,2.105887e+01,2.103107e+01,2.084328e+01,2.094765e+01,2.081543e+01,2.091983e+01,2.094070e+01,2.085720e+01,2.101023e+01,2.092679e+01,2.097547e+01,2.096852e+01,2.087808e+01,2.089200e+01,2.091983e+01,2.089200e+01,2.088504e+01,2.085720e+01,2.092679e+01,2.107276e+01,2.094765e+01,2.089200e+01,2.096852e+01,2.093374e+01,2.094070e+01,2.089200e+01,2.089200e+01,2.093374e+01,2.091287e+01,2.096852e+01,2.090592e+01,2.082935e+01,2.080846e+01,2.100327e+01,2.091983e+01,2.091983e+01,2.096852e+01,2.080846e+01,2.098937e+01,2.102413e+01,2.103107e+01,2.105192e+01,2.085024e+01,2.091983e+01,2.094070e+01,2.087112e+01,2.093374e+01,2.069697e+01,2.083632e+01,2.077363e+01
2.082239e+01,2.078757e+01,2.074576e+01,2.070394e+01,2.078060e+01,2.064816e+01,2.090592e+01,2.069000e+01,2.079453e+01,2.075970e+01,2.074576e+01,2.079453e+01,2.079453e+01,2.075970e+01,2.067605e+01,2.071091e+01,2.069697e+01,2.073182e+01,2.087808e+01,2.069697e+01,2.074576e+01,2.059234e+01,2.081543e+01,2.071091e+01,2.076667e+01,2.083632e+01,2.073182e+01,2.082239e+01,2.077363e+01,2.076667e+01,2.069697e+01,2.066908e+01,2.080846e+01,2.067605e+01,2.065513e+01,2.073879e+01,2.077363e+01,2.068303e+01,2.069000e+01,2.085720e+01,2.071789e+01,2.080150e+01,2.083632e+01,2.080846e+01,2.073182e+01,2.087808e+01,2.087808e+01,2.086416e+01,2.068303e+01,2.085024e+01,2.087112e+01,2.085720e+01,2.082239e+01,2.081543e+01,2.075273e+01,2.074576e+01,2.073182e+01,2.080846e+01,2.082239e+01,2.073182e+01,2.076667e+01,2.080150e+01,2.081543e+01,2.071091e+01,2.075970e+01,2.075970e+01,2.072486e+01,2.085024e+01,2.101023e+01,2.096852e+01,2.083632e+01,2.088504e+01,2.085024e+01,2.084328e+01,2.067605e+01,2.082239e+01,2.078060e+01,2.083632e+01,2.103802e+01,2.083632e+01,2.079453e+01,2.076667e+01,2.073879e+01,2.080846e+01,2.085720e+01,2.079453e+01,2.087112e+01,2.080846e+01,2.081543e+01,2.080846e+01,2.082935e+01,2.089896e+01,2.096156e+01,2.096156e+01,2.083632e+01,2.080846e+01,2.090592e+01,2.091287e+01,2.091287e+01,2.089896e+01,2.086416e+01,2.087808e+01,2.083632e+01,2.093374e+01,2.082935e+01,2.084328e+01,2.080846e+01,2.085720e+01,2.076667e+01,2.075970e+01,2.089896e+01,2.080150e+01,2.084328e+01,2.075970e+01,2.071789e+01,2.083632e+01,2.085720e+01,2.086416e+01,2.074576e+01,2.089200e+01,2.088504e+01,2.083632e+01,2.089200e+01,2.069000e+01,2.083632e+01,2.081543e+01,2.087112e+01,2.079453e+01,2.073879e+01,2.079453e+01,2.090592e+01,2.085720e+01,2.072486e+01,2.092679e+01,2.085024e+01,2.083632e+01,2.093374e+01,2.083632e+01,2.090592e+01,2.086416e+01,2.085024e+01,2.071091e+01,2.080846e+01,2.062025e+01,2.078757e+01,2.069697e+01,2.048061e+01,2.064118e+01,2.041770e+01,2.065513e+01,2.064118e+01,2.086416e+01,2.083632e+01,2.069000e+01,2.071091e+01,2.087808e+01,2.078060e+01,2.085024e+01,2.078757e+01,2.082239e+01,2.087808e+01,2.092679e+01,2.081543e+01,2.081543e+01,2.078757e+01,2.078757e+01,2.075273e+01,2.082239e+01,2.078060e+01,2.073182e+01,2.075273e+01,2.084328e+01,2.091287e+01,2.086416e+01,2.078060e+01,2.073879e+01,2.078060e+01,2.076667e+01,2.066211e+01,2.044567e+01,2.041770e+01,2.034077e+01,2.017972e+01,2.020774e+01,2.003946e+01,1.971613e+01,1.967388e+01,1.967388e+01,1.959637e+01,1.974428e+01,1.980761e+01,1.973021e+01,1.983574e+01,1.987792e+01,1.987792e+01,1.989901e+01,2.004648e+01,1.995521e+01,2.018673e+01,2.022176e+01,2.022876e+01,2.022876e+01,2.040372e+01,2.035476e+01,2.052950e+01,2.036176e+01,2.071091e+01,2.069697e+01,2.057140e+01,2.085720e+01,2.073182e+01,2.089896e+01,2.082239e+01,2.081543e+01,2.075970e+01,2.089896e+01,2.085720e+01,2.084328e+01,2.080846e+01,2.073182e+01,2.085024e+01,2.072486e+01,2.073879e+01,2.078060e+01,2.069697e+01,2.073182e+01,2.071789e+01,2.078060e+01,2.071091e+01,2.072486e+01,2.069697e+01,2.074576e+01,2.069697e+01,2.069697e+01,2.067605e+01,2.071789e+01,2.070394e+01,2.054347e+01,2.051554e+01,2.052252e+01,2.061327e+01,2.055045e+01,2.035476e+01,2.030578e+01,2.010961e+01,2.012364e+01,2.019373e+01,2.019373e+01,2.013065e+01,2.010961e+01,1.999735e+01,2.004648e+01,2.019373e+01,2.015168e+01,2.020774e+01,2.022176e+01,2.022176e+01,2.031278e+01,2.062723e+01,2.056442e+01,2.052252e+01,2.062025e+01,2.070394e+01,2.072486e+01,2.075273e+01,2.063420e+01,2.060629e+01,2.057140e+01,2.042470e+01,2.038274e+01,2.038274e+01,2.043169e+01,2.036875e+01,2.015168e+01,2.016570e+01,2.027078e+01,1.994819e+01,2.016570e+01,2.000437e+01,1.996224e+01,1.995521e+01,1.987090e+01,1.958932e+01,1.979354e+01,1.977947e+01,1.974428e+01,1.967388e+01,1.961047e+01,1.964570e+01,1.959637e+01,1.959637e+01,1.960342e+01,1.965274e+01,1.961751e+01,1.958932e+01,1.980761e+01,1.976540e+01,1.989198e+01,1.991306e+01,1.992009e+01,2.004648e+01,2.015869e+01,2.017271e+01,2.018673e+01,2.023577e+01,2.029878e+01,2.030578e+01,2.045964e+01,2.045266e+01,2.053649e+01,2.069697e+01,2.066211e+01,2.074576e+01,2.077363e+01,2.094765e+01,2.077363e+01,2.098242e+01,2.081543e+01,2.084328e+01,2.085024e+01,2.084328e+01,2.087808e+01,2.088504e+01,2.077363e+01,2.091287e+01,2.083632e+01,2.085720e+01,2.087808e+01,2.078060e+01,2.088504e+01,2.081543e+01,2.088504e+01,2.087808e+01,2.079453e+01,2.071091e+01,2.083632e+01,2.079453e+01,2.094765e+01,2.075273e+01,2.083632e+01,2.087808e+01,2.088504e+01,2.091287e+01,2.101023e+01,2.101718e+01,2.087808e+01,2.078757e+01,2.089896e+01,2.080846e+01,2.086416e+01,2.080846e+01,2.082239e+01,2.080846e+01,2.085024e+01,2.088504e+01,2.084328e+01,2.086416e+01,2.089200e+01,2.089896e+01,2.081543e+01,2.096852e+01,2.085024e+01,2.082239e+01,2.085024e+01,2.079453e+01,2.082935e+01,2.087808e+01,2.092679e+01,2.087112e+01,2.079453e+01,2.081543e+01,2.083632e+01,2.083632e+01,2.078757e+01,2.079453e+01,2.083632e+01,2.081543e+01,2.080846e+01,2.080150e+01,2.080846e+01,2.078757e+01,2.070394e+01,2.067605e+01,2.060629e+01,2.037575e+01,2.019373e+01,2.011663e+01,2.009559e+01,1.967388e+01,1.983574e+01,1.968092e+01,1.970205e+01,1.980058e+01,1.970909e+01,1.962456e+01,1.973725e+01,1.962456e+01,1.980058e+01,1.976540e+01,1.977947e+01,1.983574e+01,1.975836e+01,1.989901e+01,1.975836e+01,1.981464e+01,2.002542e+01,2.003946e+01,1.993414e+01,2.008156e+01,2.013065e+01,2.012364e+01,2.019373e+01,2.022876e+01,2.013766e+01,2.006753e+01,2.006753e+01,2.017271e+01,1.989901e+01,1.984980e+01,1.971613e+01,1.945529e+01,1.941999e+01,1.945529e+01,1.925038e+01,1.930695e+01,1.920793e+01,1.915130e+01,1.916546e+01,1.913006e+01,1.923623e+01,1.932815e+01,1.959637e+01,1.984980e+01,1.992711e+01,2.033377e+01,2.044567e+01,2.082239e+01,2.084328e+01,2.078060e+01,2.087112e+01,2.084328e+01,2.085024e+01,2.082935e+01,2.084328e+01,2.086416e+01,2.089200e+01,2.084328e+01,2.084328e+01,2.085024e+01,2.083632e+01,2.085720e+01,2.082935e+01,2.088504e+01,2.082935e+01,2.092679e+01,2.085720e+01,2.089200e+01,2.080150e+01,2.077363e+01,2.079453e+01,2.075970e+01,2.090592e+01,2.084328e+01,2.082239e+01,2.076667e+01,2.089200e+01,2.090592e+01,2.097547e+01,2.078757e+01,2.079453e+01,2.086416e+01,2.086416e+01,2.085720e+01,2.089200e+01,2.093374e+01,2.101023e+01,2.082239e+01,2.092679e+01,2.091983e+01,2.080150e+01,2.094765e+01,2.089896e+01,2.101718e+01,2.085024e+01,2.085720e+01,2.084328e+01,2.081543e+01,2.094070e+01,2.094765e+01,2.083632e+01,2.092679e+01,2.089200e+01,2.082239e+01,2.088504e+01,2.089896e+01,2.090592e+01,2.092679e+01,2.088504e+01,2.091287e+01,2.081543e+01,2.096156e+01,2.091983e+01,2.093374e+01,2.096852e+01,2.094070e+01,2.083632e+01,2.092679e+01,2.085024e+01,2.096852e+01,2.087808e+01,2.089200e+01,2.087808e+01,2.087112e+01,2.086416e+01,2.090592e+01,2.095461e+01,2.093374e+01,2.094765e+01,2.088504e+01,2.094765e+01,2.085024e+01,2.093374e+01,2.096156e+01,2.101023e+01,2.103107e+01,2.105192e+01,2.098937e+01,2.101718e+01,2.095461e+01,2.101023e+01,2.092679e+01,2.090592e+01,2.101023e+01,2.107276e+01,2.092679e+01,2.100327e+01,2.101718e+01,2.114220e+01,2.105887e+01,2.103107e+01,2.100327e+01,2.097547e+01,2.094765e+01,2.098242e+01,2.105192e+01,2.111443e+01,2.099632e+01,2.107971e+01,2.101718e+01,2.107276e+01,2.111443e+01,2.103802e+01,2.109360e+01,2.112137e+01,2.103107e+01,2.112137e+01,2.100327e+01,2.100327e+01,2.098937e+01,2.098242e+01,2.100327e+01,2.102413e+01,2.095461e+01,2.094070e+01,2.096156e+01,2.096852e+01,2.097547e+01,2.107971e+01,2.105192e+01,2.096852e+01,2.089200e+01,2.086416e+01,2.094070e+01,2.102413e+01,2.092679e+01,2.100327e+01,2.088504e+01,2.078757e+01,2.087112e+01,2.098937e+01,2.094070e+01,2.093374e+01,2.103107e+01,2.096852e+01,2.100327e+01,2.085024e+01,2.087808e+01,2.098937e+01,2.090592e+01,2.085024e+01,2.087808e+01,2.099632e+01,2.091983e+01,2.100327e+01,2.097547e+01,2.101718e+01,2.085720e+01,2.086416e+01,2.088504e+01,2.103107e+01,2.083632e+01,2.081543e+01,2.094070e+01,2.088504e+01,2.097547e+01,2.101718e+01,2.101023e+01,2.092679e+01,2.090592e+01,2.112831e+01,2.095461e+01,2.093374e+01,2.096156e+01,2.093374e+01,2.101718e+01,2.091983e+01,2.107276e+01,2.099632e+01,2.096156e+01,2.100327e+01,2.100327e+01,2.098242e+01,2.095461e+01,2.107971e+01,2.092679e+01,2.087808e+01,2.096156e+01,2.091983e+01,2.097547e+01,2.093374e+01,2.095461e+01,2.101718e+01,2.091287e+01,2.092679e+01,2.098937e+01,2.096852e+01,2.087112e+01,2.093374e+01,2.079453e+01,2.085024e+01
2.083632e+01,2.081543e+01,2.082239e+01,2.081543e+01,2.071789e+01,2.079453e+01,2.063420e+01,2.082239e+01,2.075273e+01,2.082239e+01,2.078757e+01,2.065513e+01,2.071789e+01,2.064816e+01,2.078757e+01,2.072486e+01,2.072486e+01,2.068303e+01,2.069000e+01,2.073879e+01,2.072486e+01,2.069000e+01,2.071789e+01,2.066908e+01,2.062025e+01,2.073879e+01,2.072486e+01,2.075273e+01,2.064118e+01,2.080150e+01,2.078757e+01,2.067605e+01,2.057838e+01,2.076667e+01,2.080150e+01,2.073182e+01,2.073879e+01,2.067605e+01,2.080150e+01,2.078060e+01,2.082935e+01,2.078757e+01,2.082935e+01,2.080150e+01,2.077363e+01,2.066211e+01,2.081543e+01,2.074576e+01,2.069000e+01,2.068303e+01,2.085720e+01,2.073879e+01,2.082935e+01,2.071789e+01,2.061327e+01,2.087112e+01,2.085024e+01,2.084328e+01,2.078060e+01,2.069697e+01,2.080150e+01,2.071091e+01,2.070394e+01,2.080150e+01,2.073182e+01,2.077363e+01,2.077363e+01,2.068303e+01,2.082239e+01,2.082239e+01,2.084328e+01,2.086416e+01,2.082935e+01,2.087808e+01,2.070394e+01,2.069697e+01,2.076667e+01,2.082239e+01,2.082239e+01,2.082935e+01,2.084328e+01,2.088504e+01,2.085720e+01,2.086416e+01,2.094070e+01,2.088504e+01,2.079453e+01,2.082239e+01,2.082239e+01,2.091983e+01,2.083632e+01,2.094070e+01,2.080150e+01,2.080150e+01,2.082935e+01,2.069697e+01,2.080846e+01,2.080846e+01,2.082239e+01,2.082239e+01,2.082935e+01,2.090592e+01,2.069697e+01,2.074576e+01,2.082935e+01,2.082239e+01,2.062723e+01,2.069697e+01,2.088504e+01,2.080150e+01,2.085720e+01,2.071789e+01,2.085720e+01,2.085720e+01,2.073879e+01,2.082239e+01,2.075273e+01,2.075273e+01,2.074576e+01,2.085024e+01,2.082239e+01,2.084328e+01,2.081543e+01,2.085024e+01,2.073879e+01,2.082935e+01,2.077363e+01,2.078060e+01,2.078060e+01,2.080846e+01,2.062723e+01,2.083632e+01,2.080846e+01,2.085024e+01,2.080846e+01,2.087808e+01,2.080846e+01,2.087112e+01,2.079453e+01,2.082239e+01,2.077363e+01,2.085720e+01,2.073182e+01,2.063420e+01,2.059932e+01,2.066908e+01,2.062723e+01,2.058536e+01,2.048759e+01,2.064816e+01,2.065513e+01,2.091983e+01,2.075970e+01,2.087808e+01,2.071789e+01,2.084328e+01,2.083632e+01,2.082935e+01,2.081543e+01,2.081543e+01,2.085024e+01,2.084328e+01,2.081543e+01,2.080846e+01,2.075970e+01,2.081543e+01,2.082239e+01,2.081543e+01,2.080150e+01,2.074576e+01,2.074576e+01,2.075273e+01,2.074576e+01,2.091287e+01,2.089200e+01,2.075970e+01,2.080846e+01,2.076667e+01,2.067605e+01,2.041770e+01,2.049458e+01,2.043868e+01,2.027778e+01,2.020774e+01,2.023577e+01,1.994117e+01,1.998330e+01,1.990604e+01,1.976540e+01,1.979354e+01,1.980058e+01,1.979354e+01,1.981464e+01,1.988495e+01,1.987792e+01,2.001139e+01,2.006753e+01,2.010260e+01,2.007454e+01,2.017972e+01,2.020074e+01,2.024277e+01,2.038274e+01,2.038974e+01,2.041770e+01,2.039673e+01,2.056442e+01,2.071091e+01,2.072486e+01,2.075273e+01,2.078757e+01,2.078757e+01,2.082935e+01,2.081543e+01,2.101023e+01,2.088504e+01,2.079453e+01,2.082935e+01,2.073182e+01,2.072486e+01,2.083632e+01,2.081543e+01,2.070394e+01,2.071091e+01,2.070394e+01,2.071091e+01,2.069697e+01,2.063420e+01,2.075970e+01,2.074576e+01,2.066908e+01,2.073182e+01,2.059932e+01,2.064816e+01,2.071091e+01,2.066908e+01,2.058536e+01,2.056442e+01,2.052950e+01,2.044567e+01,2.045964e+01,2.031278e+01,2.036875e+01,2.038274e+01,2.035476e+01,2.024977e+01,2.013766e+01,2.017271e+01,2.024277e+01,2.024277e+01,2.025677e+01,2.010260e+01,2.020074e+01,2.020774e+01,2.020774e+01,2.028478e+01,2.034077e+01,2.038974e+01,2.052252e+01,2.042470e+01,2.052950e+01,2.071789e+01,2.054347e+01,2.066211e+01,2.062025e+01,2.073182e+01,2.069697e+01,2.031278e+01,2.024277e+01,2.043868e+01,2.024977e+01,2.024977e+01,2.014467e+01,2.018673e+01,2.009559e+01,1.992711e+01,2.016570e+01,1.985683e+01,1.990604e+01,1.984277e+01,1.980058e+01,1.977243e+01,1.975836e+01,1.955407e+01,1.970205e+01,1.958227e+01,1.960342e+01,1.960342e+01,1.937762e+01,1.935642e+01,1.956112e+01,1.961751e+01,1.961047e+01,1.961047e+01,1.958932e+01,1.965979e+01,1.970909e+01,1.987090e+01,1.973725e+01,2.001841e+01,2.004648e+01,2.017972e+01,2.018673e+01,2.039673e+01,2.038274e+01,2.037575e+01,2.031278e+01,2.043169e+01,2.045266e+01,2.056442e+01,2.063420e+01,2.071789e+01,2.073182e+01,2.078060e+01,2.079453e+01,2.080150e+01,2.081543e+01,2.080150e+01,2.080846e+01,2.085720e+01,2.095461e+01,2.088504e+01,2.087808e+01,2.083632e+01,2.087112e+01,2.091983e+01,2.084328e+01,2.083632e+01,2.079453e+01,2.085024e+01,2.087112e+01,2.087808e+01,2.077363e+01,2.078757e+01,2.089200e+01,2.066211e+01,2.080150e+01,2.080846e+01,2.096852e+01,2.088504e+01,2.077363e+01,2.086416e+01,2.093374e+01,2.084328e+01,2.085024e+01,2.086416e+01,2.080846e+01,2.081543e+01,2.083632e+01,2.089200e+01,2.088504e+01,2.085024e+01,2.078757e+01,2.089200e+01,2.085720e+01,2.085720e+01,2.087808e+01,2.089896e+01,2.083632e+01,2.088504e+01,2.081543e+01,2.090592e+01,2.080846e+01,2.080846e+01,2.078757e+01,2.093374e+01,2.080150e+01,2.082239e+01,2.085024e+01,2.085720e+01,2.089200e+01,2.082239e+01,2.088504e+01,2.073879e+01,2.083632e+01,2.079453e+01,2.078757e+01,2.075273e+01,2.081543e+01,2.094070e+01,2.081543e+01,2.066211e+01,2.069697e+01,2.047362e+01,2.055045e+01,2.027078e+01,2.015168e+01,2.013766e+01,1.988495e+01,1.983574e+01,1.975836e+01,1.959637e+01,1.941999e+01,1.942705e+01,1.958227e+01,1.941999e+01,1.951175e+01,1.944823e+01,1.952586e+01,1.946235e+01,1.961047e+01,1.971613e+01,1.966683e+01,1.950469e+01,1.974428e+01,1.984277e+01,1.963865e+01,1.993414e+01,1.971613e+01,1.989901e+01,2.013766e+01,2.041770e+01,2.044567e+01,2.024277e+01,2.031278e+01,2.027078e+01,2.048061e+01,2.026378e+01,2.020774e+01,2.017271e+01,1.977947e+01,1.987090e+01,1.959637e+01,1.960342e+01,1.925745e+01,1.923623e+01,1.901669e+01,1.906630e+01,1.915838e+01,1.915130e+01,1.917254e+01,1.922208e+01,1.944823e+01,1.958932e+01,2.001841e+01,2.006051e+01,2.031978e+01,2.066211e+01,2.073879e+01,2.086416e+01,2.087112e+01,2.085024e+01,2.078757e+01,2.088504e+01,2.087808e+01,2.091287e+01,2.082239e+01,2.081543e+01,2.083632e+01,2.087112e+01,2.088504e+01,2.088504e+01,2.080846e+01,2.081543e+01,2.087112e+01,2.085024e+01,2.094070e+01,2.084328e+01,2.080150e+01,2.082239e+01,2.087112e+01,2.091983e+01,2.079453e+01,2.073182e+01,2.088504e+01,2.078060e+01,2.079453e+01,2.095461e+01,2.087808e+01,2.076667e+01,2.086416e+01,2.090592e+01,2.093374e+01,2.087808e+01,2.084328e+01,2.092679e+01,2.092679e+01,2.096156e+01,2.087808e+01,2.094765e+01,2.088504e+01,2.087808e+01,2.091287e+01,2.086416e+01,2.087112e+01,2.095461e+01,2.091983e+01,2.090592e+01,2.092679e+01,2.093374e+01,2.085024e+01,2.088504e+01,2.089896e+01,2.086416e+01,2.096852e+01,2.090592e+01,2.091287e+01,2.089896e+01,2.086416e+01,2.099632e+01,2.096156e+01,2.094070e+01,2.096156e+01,2.094765e+01,2.089896e+01,2.082935e+01,2.085024e+01,2.081543e+01,2.119078e+01,2.088504e+01,2.088504e+01,2.089896e+01,2.085024e+01,2.088504e+01,2.083632e+01,2.094765e+01,2.089896e+01,2.098242e+01,2.094070e+01,2.092679e+01,2.096852e+01,2.087112e+01,2.087808e+01,2.092679e+01,2.096156e+01,2.098937e+01,2.092679e+01,2.096852e+01,2.097547e+01,2.095461e+01,2.096156e+01,2.096156e+01,2.098242e+01,2.099632e+01,2.096156e+01,2.100327e+01,2.101718e+01,2.099632e+01,2.099632e+01,2.106581e+01,2.098937e+01,2.101023e+01,2.096852e+01,2.105192e+01,2.113526e+01,2.117690e+01,2.107276e+01,2.105192e+01,2.103107e+01,2.103802e+01,2.101718e+01,2.107971e+01,2.099632e+01,2.110054e+01,2.098937e+01,2.102413e+01,2.102413e+01,2.096852e+01,2.105192e+01,2.101023e+01,2.094765e+01,2.109360e+01,2.107276e+01,2.094070e+01,2.098937e+01,2.093374e+01,2.094070e+01,2.093374e+01,2.099632e+01,2.092679e+01,2.097547e+01,2.102413e+01,2.086416e+01,2.100327e+01,2.095461e+01,2.102413e+01,2.096852e+01,2.094070e+01,2.096156e+01,2.099632e+01,2.086416e+01,2.085024e+01,2.085024e+01,2.094070e+01,2.081543e+01,2.094070e+01,2.089896e+01,2.098242e+01,2.087112e+01,2.082935e+01,2.101718e+01,2.102413e+01,2.096852e+01,2.096852e+01,2.096156e+01,2.087808e+01,2.082935e+01,2.095461e+01,2.089200e+01,2.090592e+01,2.088504e+01,2.094070e+01,2.091287e+01,2.085720e+01,2.095461e+01,2.091287e+01,2.091983e+01,2.094765e+01,2.078060e+01,2.091287e+01,2.090592e+01,2.093374e+01,2.091983e+01,2.093374e+01,2.094070e+01,2.093374e+01,2.096852e+01,2.090592e+01,2.085720e+01,2.091287e+01,2.102413e+01,2.101718e+01,2.095461e+01,2.090592e+01,2.105192e+01,2.104497e+01,2.111443e+01,2.111443e+01,2.103107e+01,2.107971e+01,2.083632e+01,2.084328e+01,2.084328e+01,2.087808e+01,2.088504e+01,2.096156e+01,2.091983e+01,2.083632e+01,2.085720e+01,2.080150e+01
2.083632e+01,2.083632e+01,2.075273e+01,2.066211e+01,2.064816e+01,2.073879e+01,2.076667e+01,2.080846e+01,2.089200e+01,2.091287e+01,2.070394e+01,2.075273e+01,2.079453e+01,2.073182e+01,2.070394e+01,2.078060e+01,2.075970e+01,2.078757e+01,2.081543e+01,2.078060e+01,2.068303e+01,2.069000e+01,2.068303e+01,2.071789e+01,2.071091e+01,2.080150e+01,2.063420e+01,2.068303e+01,2.073182e+01,2.066908e+01,2.078757e+01,2.107276e+01,2.063420e+01,2.074576e+01,2.077363e+01,2.075970e+01,2.067605e+01,2.069000e+01,2.069000e+01,2.083632e+01,2.080150e+01,2.069697e+01,2.084328e+01,2.069697e+01,2.080150e+01,2.073182e+01,2.070394e+01,2.066211e+01,2.070394e+01,2.069000e+01,2.087112e+01,2.089200e+01,2.077363e+01,2.073182e+01,2.078060e+01,2.084328e+01,2.082935e+01,2.082935e+01,2.090592e+01,2.074576e+01,2.071091e+01,2.089896e+01,2.075273e+01,2.078757e+01,2.075970e+01,2.079453e+01,2.078060e+01,2.076667e+01,2.078757e+01,2.085024e+01,2.080150e+01,2.083632e+01,2.086416e+01,2.081543e+01,2.080846e+01,2.085720e+01,2.080846e+01,2.081543e+01,2.082935e+01,2.082935e+01,2.079453e+01,2.079453e+01,2.080846e+01,2.078757e+01,2.075970e+01,2.083632e+01,2.082935e+01,2.080846e+01,2.080846e+01,2.087112e+01,2.087112e+01,2.078060e+01,2.092679e+01,2.087112e+01,2.090592e+01,2.086416e+01,2.079453e+01,2.087808e+01,2.087112e+01,2.082935e+01,2.080150e+01,2.079453e+01,2.094070e+01,2.075970e+01,2.087808e+01,2.073879e+01,2.094765e+01,2.072486e+01,2.073182e+01,2.077363e+01,2.082239e+01,2.093374e+01,2.089896e+01,2.073182e+01,2.082935e+01,2.086416e+01,2.095461e+01,2.087808e+01,2.078060e+01,2.080846e+01,2.096156e+01,2.082935e+01,2.080846e+01,2.086416e+01,2.081543e+01,2.080846e+01,2.082935e+01,2.077363e+01,2.090592e+01,2.098242e+01,2.082239e+01,2.089896e+01,2.075970e+01,2.087112e+01,2.087808e+01,2.082239e+01,2.085720e+01,2.087112e+01,2.083632e+01,2.078060e+01,2.085720e+01,2.069697e+01,2.072486e+01,2.061327e+01,2.061327e+01,2.048061e+01,2.046663e+01,2.052950e+01,2.064118e+01,2.060629e+01,2.064816e+01,2.086416e+01,2.080846e+01,2.075273e+01,2.080846e+01,2.078060e+01,2.082935e+01,2.082935e+01,2.083632e+01,2.080846e+01,2.086416e+01,2.085024e+01,2.087808e+01,2.080846e+01,2.083632e+01,2.078060e+01,2.079453e+01,2.074576e+01,2.067605e+01,2.069000e+01,2.061327e+01,2.077363e+01,2.071789e+01,2.096156e+01,2.078757e+01,2.089896e+01,2.078757e+01,2.078757e+01,2.074576e+01,2.060629e+01,2.076667e+01,2.052950e+01,2.052252e+01,2.037575e+01,2.020774e+01,1.996224e+01,2.003244e+01,1.999033e+01,1.985683e+01,1.996926e+01,1.988495e+01,1.982871e+01,1.987090e+01,1.987792e+01,1.987792e+01,2.004648e+01,2.006051e+01,2.002542e+01,2.006753e+01,2.008857e+01,2.020774e+01,2.018673e+01,2.029878e+01,2.029178e+01,2.041071e+01,2.043169e+01,2.048759e+01,2.048759e+01,2.066908e+01,2.073879e+01,2.086416e+01,2.078060e+01,2.078757e+01,2.080846e+01,2.084328e+01,2.076667e+01,2.081543e+01,2.084328e+01,2.086416e+01,2.075970e+01,2.075273e+01,2.078060e+01,2.071091e+01,2.070394e+01,2.071789e+01,2.068303e+01,2.073182e+01,2.066908e+01,2.071091e+01,2.072486e+01,2.057838e+01,2.066908e+01,2.069000e+01,2.076667e+01,2.071789e+01,2.068303e+01,2.069697e+01,2.070394e+01,2.050855e+01,2.050157e+01,2.059234e+01,2.048759e+01,2.036875e+01,2.041071e+01,2.036875e+01,2.018673e+01,2.015869e+01,2.014467e+01,2.022876e+01,2.026378e+01,2.000437e+01,2.017271e+01,2.031278e+01,2.042470e+01,2.022176e+01,2.031278e+01,2.055743e+01,2.053649e+01,2.052950e+01,2.051554e+01,2.056442e+01,2.073182e+01,2.071789e+01,2.073182e+01,2.070394e+01,2.041770e+01,2.026378e+01,2.042470e+01,2.026378e+01,2.024977e+01,2.026378e+01,2.014467e+01,2.003244e+01,2.002542e+01,2.000437e+01,1.989198e+01,1.980058e+01,1.980761e+01,1.982168e+01,1.986386e+01,1.980761e+01,1.981464e+01,1.957522e+01,1.953291e+01,1.952586e+01,1.952586e+01,1.943411e+01,1.937055e+01,1.946941e+01,1.937055e+01,1.934936e+01,1.937055e+01,1.949764e+01,1.958932e+01,1.954701e+01,1.973021e+01,1.955407e+01,1.983574e+01,1.993414e+01,1.989198e+01,1.992711e+01,2.010260e+01,2.023577e+01,2.014467e+01,2.041071e+01,2.034777e+01,2.034777e+01,2.032678e+01,2.036176e+01,2.057838e+01,2.056442e+01,2.066908e+01,2.066908e+01,2.075970e+01,2.075970e+01,2.082239e+01,2.078757e+01,2.076667e+01,2.079453e+01,2.082239e+01,2.085720e+01,2.089896e+01,2.087112e+01,2.082935e+01,2.082239e+01,2.083632e+01,2.089200e+01,2.080150e+01,2.077363e+01,2.079453e+01,2.080846e+01,2.075273e+01,2.073879e+01,2.087112e+01,2.083632e+01,2.085720e+01,2.081543e+01,2.077363e+01,2.092679e+01,2.084328e+01,2.087112e+01,2.084328e+01,2.089200e+01,2.087808e+01,2.081543e+01,2.071091e+01,2.073182e+01,2.085720e+01,2.083632e+01,2.087112e+01,2.081543e+01,2.088504e+01,2.087808e+01,2.087112e+01,2.072486e+01,2.087112e+01,2.091287e+01,2.082239e+01,2.089896e+01,2.100327e+01,2.082935e+01,2.081543e+01,2.081543e+01,2.080846e+01,2.078060e+01,2.091983e+01,2.081543e+01,2.083632e+01,2.082935e+01,2.081543e+01,2.076667e+01,2.081543e+01,2.082935e+01,2.081543e+01,2.083632e+01,2.085720e+01,2.086416e+01,2.083632e+01,2.082935e+01,2.071091e+01,2.082239e+01,2.072486e+01,2.066908e+01,2.069697e+01,2.052252e+01,2.029178e+01,2.015168e+01,2.011663e+01,2.002542e+01,2.001841e+01,1.975836e+01,1.979354e+01,1.957522e+01,1.953291e+01,1.941999e+01,1.943411e+01,1.961751e+01,1.948352e+01,1.944118e+01,1.954701e+01,1.941999e+01,1.944823e+01,1.941293e+01,1.942705e+01,1.956817e+01,1.956112e+01,1.949058e+01,1.975132e+01,1.965979e+01,1.982871e+01,1.990604e+01,2.015869e+01,2.019373e+01,2.022876e+01,2.043169e+01,2.052950e+01,2.046663e+01,2.050157e+01,2.043169e+01,2.031978e+01,2.034077e+01,1.996926e+01,1.980058e+01,1.970205e+01,1.960342e+01,1.934936e+01,1.920793e+01,1.912298e+01,1.908047e+01,1.909464e+01,1.911590e+01,1.919378e+01,1.916546e+01,1.944823e+01,1.958932e+01,1.993414e+01,2.003244e+01,2.026378e+01,2.048061e+01,2.057838e+01,2.069000e+01,2.091287e+01,2.090592e+01,2.078060e+01,2.090592e+01,2.080150e+01,2.085024e+01,2.084328e+01,2.089896e+01,2.084328e+01,2.088504e+01,2.089896e+01,2.083632e+01,2.082935e+01,2.080150e+01,2.082239e+01,2.089896e+01,2.081543e+01,2.094765e+01,2.078060e+01,2.079453e+01,2.081543e+01,2.089200e+01,2.089896e+01,2.080150e+01,2.074576e+01,2.085720e+01,2.089896e+01,2.087808e+01,2.076667e+01,2.075273e+01,2.082935e+01,2.090592e+01,2.091287e+01,2.087112e+01,2.087112e+01,2.092679e+01,2.083632e+01,2.087808e+01,2.086416e+01,2.093374e+01,2.097547e+01,2.085024e+01,2.096156e+01,2.092679e+01,2.086416e+01,2.085024e+01,2.096156e+01,2.079453e+01,2.077363e+01,2.087112e+01,2.087112e+01,2.083632e+01,2.086416e+01,2.096156e+01,2.093374e+01,2.088504e+01,2.091983e+01,2.094765e+01,2.095461e+01,2.095461e+01,2.086416e+01,2.083632e+01,2.092679e+01,2.091287e+01,2.087112e+01,2.083632e+01,2.080846e+01,2.082239e+01,2.087808e+01,2.087808e+01,2.092679e+01,2.094765e+01,2.085720e+01,2.085720e+01,2.089200e+01,2.097547e+01,2.089896e+01,2.089896e+01,2.094070e+01,2.098937e+01,2.095461e+01,2.097547e+01,2.087112e+01,2.091983e+01,2.105887e+01,2.093374e+01,2.103107e+01,2.092679e+01,2.099632e+01,2.093374e+01,2.098937e+01,2.101718e+01,2.098242e+01,2.099632e+01,2.096852e+01,2.111443e+01,2.103802e+01,2.102413e+01,2.111443e+01,2.101023e+01,2.098937e+01,2.098937e+01,2.098937e+01,2.100327e+01,2.107971e+01,2.108665e+01,2.094070e+01,2.108665e+01,2.094765e+01,2.100327e+01,2.107276e+01,2.099632e+01,2.101023e+01,2.103802e+01,2.101718e+01,2.101718e+01,2.103802e+01,2.097547e+01,2.099632e+01,2.094070e+01,2.105192e+01,2.110748e+01,2.090592e+01,2.094765e+01,2.099632e+01,2.095461e+01,2.094765e+01,2.107971e+01,2.108665e+01,2.102413e+01,2.100327e+01,2.087112e+01,2.087112e+01,2.090592e+01,2.086416e+01,2.093374e+01,2.094765e+01,2.098242e+01,2.098242e+01,2.091287e+01,2.089200e+01,2.101718e+01,2.106581e+01,2.097547e+01,2.083632e+01,2.084328e+01,2.093374e+01,2.097547e+01,2.089200e+01,2.088504e+01,2.098242e+01,2.094765e+01,2.090592e+01,2.098242e+01,2.098242e+01,2.098937e+01,2.108665e+01,2.103802e+01,2.098242e+01,2.083632e+01,2.082239e+01,2.097547e+01,2.082935e+01,2.098937e+01,2.091983e+01,2.110054e+01,2.094070e+01,2.101718e+01,2.096156e+01,2.090592e+01,2.094070e+01,2.096852e+01,2.092679e+01,2.113526e+01,2.121852e+01,2.082935e+01,2.096852e+01,2.100327e+01,2.088504e+01,2.096852e+01,2.099632e+01,2.109360e+01,2.094765e+01,2.104497e+01,2.107971e+01,2.105192e+01,2.100327e+01,2.101023e+01,2.091287e+01,2.094765e+01,2.086416e+01,2.096156e+01,2.092679e+01,2.086416e+01,2.084328e+01,2.082239e+01,2.080150e+01,2.098242e+01,2.080150e+01
2.069000e+01,2.076667e+01,2.074576e+01,2.078757e+01,2.079453e+01,2.081543e+01,2.079453e+01,2.078060e+01,2.070394e+01,2.069000e+01,2.078060e+01,2.079453e+01,2.078757e+01,2.078060e+01,2.076667e+01,2.059234e+01,2.081543e+01,2.065513e+01,2.071789e+01,2.067605e+01,2.066211e+01,2.066211e+01,2.075273e+01,2.065513e+01,2.073879e+01,2.076667e+01,2.071091e+01,2.080150e+01,2.068303e+01,2.066908e+01,2.076667e+01,2.069697e+01,2.071091e+01,2.062723e+01,2.069697e+01,2.080846e+01,2.069000e+01,2.070394e+01,2.069697e+01,2.073182e+01,2.063420e+01,2.075273e+01,2.076667e+01,2.080846e+01,2.078060e+01,2.074576e+01,2.072486e+01,2.083632e+01,2.069000e+01,2.085720e+01,2.076667e+01,2.083632e+01,2.064816e+01,2.068303e+01,2.075970e+01,2.078757e+01,2.084328e+01,2.085024e+01,2.071789e+01,2.074576e+01,2.085024e+01,2.070394e+01,2.089896e+01,2.075273e+01,2.078060e+01,2.071091e+01,2.071091e+01,2.077363e+01,2.062723e+01,2.084328e+01,2.069000e+01,2.085720e+01,2.080846e+01,2.082935e+01,2.070394e+01,2.082239e+01,2.069697e+01,2.083632e+01,2.085720e+01,2.081543e+01,2.078757e+01,2.075970e+01,2.077363e+01,2.075970e+01,2.075970e+01,2.081543e+01,2.080846e+01,2.082935e+01,2.075273e+01,2.082239e+01,2.085720e+01,2.078060e+01,2.082935e+01,2.083632e+01,2.078060e+01,2.077363e+01,2.078757e+01,2.085720e+01,2.088504e+01,2.081543e+01,2.082239e+01,2.079453e+01,2.083632e+01,2.085720e+01,2.080150e+01,2.081543e+01,2.075970e+01,2.085024e+01,2.075970e+01,2.078060e+01,2.077363e+01,2.075273e+01,2.080846e+01,2.075273e+01,2.077363e+01,2.079453e+01,2.074576e+01,2.074576e+01,2.083632e+01,2.078757e+01,2.082239e+01,2.087112e+01,2.079453e+01,2.080150e+01,2.078757e+01,2.072486e+01,2.082935e+01,2.091983e+01,2.091983e+01,2.094070e+01,2.074576e+01,2.090592e+01,2.073879e+01,2.083632e+01,2.075273e+01,2.072486e+01,2.079453e+01,2.089896e+01,2.074576e+01,2.075273e+01,2.074576e+01,2.072486e+01,2.078757e+01,2.063420e+01,2.072486e+01,2.058536e+01,2.048759e+01,2.048061e+01,2.065513e+01,2.061327e+01,2.067605e+01,2.068303e+01,2.088504e+01,2.072486e+01,2.079453e+01,2.085024e+01,2.080150e+01,2.081543e+01,2.082239e+01,2.077363e+01,2.081543e+01,2.078060e+01,2.079453e+01,2.075970e+01,2.071789e+01,2.059932e+01,2.059234e+01,2.055045e+01,2.058536e+01,2.039673e+01,2.038974e+01,2.062723e+01,2.064816e+01,2.074576e+01,2.068303e+01,2.076667e+01,2.077363e+01,2.071091e+01,2.088504e+01,2.060629e+01,2.065513e+01,2.042470e+01,2.038974e+01,2.036875e+01,2.029878e+01,2.015869e+01,2.016570e+01,2.000437e+01,2.001139e+01,1.999735e+01,1.983574e+01,1.988495e+01,1.987792e+01,2.000437e+01,1.993414e+01,1.995521e+01,1.994819e+01,2.011663e+01,1.999033e+01,2.010961e+01,2.015869e+01,2.024277e+01,2.029878e+01,2.023577e+01,2.038974e+01,2.045266e+01,2.052950e+01,2.055045e+01,2.054347e+01,2.052950e+01,2.069697e+01,2.078060e+01,2.075970e+01,2.079453e+01,2.081543e+01,2.079453e+01,2.085024e+01,2.086416e+01,2.084328e+01,2.083632e+01,2.081543e+01,2.072486e+01,2.070394e+01,2.073182e+01,2.069697e+01,2.073879e+01,2.070394e+01,2.065513e+01,2.075970e+01,2.069697e+01,2.072486e+01,2.066908e+01,2.064118e+01,2.064816e+01,2.065513e+01,2.064816e+01,2.071789e+01,2.054347e+01,2.052950e+01,2.064816e+01,2.045964e+01,2.046663e+01,2.037575e+01,2.039673e+01,2.033377e+01,2.017271e+01,2.014467e+01,2.016570e+01,2.024977e+01,2.015168e+01,2.029878e+01,2.014467e+01,2.029878e+01,2.023577e+01,2.033377e+01,2.039673e+01,2.050855e+01,2.054347e+01,2.050855e+01,2.052252e+01,2.052252e+01,2.054347e+01,2.071091e+01,2.074576e+01,2.045266e+01,2.021475e+01,2.036875e+01,2.027078e+01,2.015869e+01,2.000437e+01,2.003946e+01,2.004648e+01,1.992711e+01,1.989901e+01,1.985683e+01,1.977243e+01,1.980761e+01,1.983574e+01,1.962456e+01,1.965979e+01,1.970909e+01,1.967388e+01,1.953291e+01,1.944118e+01,1.949058e+01,1.944118e+01,1.929281e+01,1.934229e+01,1.927867e+01,1.932815e+01,1.932109e+01,1.939174e+01,1.934936e+01,1.936349e+01,1.934229e+01,1.942705e+01,1.956817e+01,1.968092e+01,1.970909e+01,1.983574e+01,1.989198e+01,2.007454e+01,2.017271e+01,2.010961e+01,2.036176e+01,2.027778e+01,2.034077e+01,2.039673e+01,2.034777e+01,2.062025e+01,2.062025e+01,2.062025e+01,2.067605e+01,2.073182e+01,2.073182e+01,2.073879e+01,2.079453e+01,2.086416e+01,2.083632e+01,2.081543e+01,2.090592e+01,2.082239e+01,2.085024e+01,2.082239e+01,2.085720e+01,2.080150e+01,2.078060e+01,2.082239e+01,2.087112e+01,2.082935e+01,2.077363e+01,2.071091e+01,2.084328e+01,2.088504e+01,2.085024e+01,2.088504e+01,2.080846e+01,2.089200e+01,2.091287e+01,2.075970e+01,2.073879e+01,2.084328e+01,2.087808e+01,2.085024e+01,2.082935e+01,2.074576e+01,2.085720e+01,2.086416e+01,2.085720e+01,2.084328e+01,2.086416e+01,2.083632e+01,2.083632e+01,2.084328e+01,2.082935e+01,2.082935e+01,2.080846e+01,2.090592e+01,2.085720e+01,2.087808e+01,2.085720e+01,2.084328e+01,2.081543e+01,2.084328e+01,2.083632e+01,2.073879e+01,2.080150e+01,2.087112e+01,2.078060e+01,2.082239e+01,2.074576e+01,2.081543e+01,2.082935e+01,2.078060e+01,2.080150e+01,2.077363e+01,2.083632e+01,2.076667e+01,2.085024e+01,2.081543e+01,2.071091e+01,2.069697e+01,2.073182e+01,2.056442e+01,2.053649e+01,2.057140e+01,2.032678e+01,2.024977e+01,2.010961e+01,2.003946e+01,1.989198e+01,1.980761e+01,1.973021e+01,1.968796e+01,1.971613e+01,1.949764e+01,1.951880e+01,1.944118e+01,1.946941e+01,1.953996e+01,1.963161e+01,1.938468e+01,1.928574e+01,1.927160e+01,1.947647e+01,1.946941e+01,1.949764e+01,1.952586e+01,1.966683e+01,1.958932e+01,1.978650e+01,1.996926e+01,1.992711e+01,2.017972e+01,2.021475e+01,2.039673e+01,2.041770e+01,2.057140e+01,2.056442e+01,2.060629e+01,2.038974e+01,2.036176e+01,2.020774e+01,1.990604e+01,1.972317e+01,1.951880e+01,1.920793e+01,1.920085e+01,1.924331e+01,1.908047e+01,1.916546e+01,1.914422e+01,1.915838e+01,1.918670e+01,1.926452e+01,1.959637e+01,1.977947e+01,2.027078e+01,2.034777e+01,2.031278e+01,2.055045e+01,2.073879e+01,2.084328e+01,2.080846e+01,2.078757e+01,2.077363e+01,2.080150e+01,2.094765e+01,2.078060e+01,2.086416e+01,2.094765e+01,2.082935e+01,2.080846e+01,2.080150e+01,2.078060e+01,2.078757e+01,2.089896e+01,2.091287e+01,2.085720e+01,2.091287e+01,2.096156e+01,2.079453e+01,2.081543e+01,2.078757e+01,2.073182e+01,2.077363e+01,2.092679e+01,2.085024e+01,2.080846e+01,2.082239e+01,2.082239e+01,2.085024e+01,2.086416e+01,2.089200e+01,2.089200e+01,2.087112e+01,2.087112e+01,2.089200e+01,2.084328e+01,2.089896e+01,2.095461e+01,2.085024e+01,2.082239e+01,2.080846e+01,2.079453e+01,2.091983e+01,2.097547e+01,2.089200e+01,2.091983e+01,2.077363e+01,2.094070e+01,2.074576e+01,2.094070e+01,2.084328e+01,2.087808e+01,2.085024e+01,2.093374e+01,2.088504e+01,2.094070e+01,2.082935e+01,2.089896e+01,2.083632e+01,2.100327e+01,2.082239e+01,2.085720e+01,2.083632e+01,2.082239e+01,2.075970e+01,2.115608e+01,2.089200e+01,2.091287e+01,2.084328e+01,2.092679e+01,2.091983e+01,2.089896e+01,2.090592e+01,2.094070e+01,2.087808e+01,2.085720e+01,2.082239e+01,2.086416e+01,2.091287e+01,2.092679e+01,2.096852e+01,2.089896e+01,2.100327e+01,2.089896e+01,2.082935e+01,2.101718e+01,2.096852e+01,2.094070e+01,2.101718e+01,2.108665e+01,2.100327e+01,2.098242e+01,2.095461e+01,2.096852e+01,2.106581e+01,2.098937e+01,2.103802e+01,2.102413e+01,2.103802e+01,2.098242e+01,2.096156e+01,2.110748e+01,2.110748e+01,2.098937e+01,2.113526e+01,2.107276e+01,2.096852e+01,2.098242e+01,2.100327e+01,2.098937e+01,2.102413e+01,2.099632e+01,2.098937e+01,2.100327e+01,2.099632e+01,2.098937e+01,2.101023e+01,2.102413e+01,2.094070e+01,2.109360e+01,2.096852e+01,2.106581e+01,2.097547e+01,2.098937e+01,2.091983e+01,2.095461e+01,2.100327e+01,2.093374e+01,2.094070e+01,2.095461e+01,2.080150e+01,2.098937e+01,2.093374e+01,2.096156e+01,2.094765e+01,2.096156e+01,2.089200e+01,2.088504e+01,2.091983e+01,2.096156e+01,2.088504e+01,2.094070e+01,2.101023e+01,2.096852e+01,2.079453e+01,2.098242e+01,2.088504e+01,2.080150e+01,2.091287e+01,2.096852e+01,2.097547e+01,2.089200e+01,2.098242e+01,2.091287e+01,2.088504e+01,2.098242e+01,2.093374e+01,2.097547e+01,2.092679e+01,2.083632e+01,2.096852e+01,2.087112e+01,2.089200e+01,2.081543e+01,2.085720e+01,2.089200e+01,2.094070e+01,2.084328e+01,2.094070e+01,2.094070e+01,2.072486e+01,2.072486e+01,2.093374e+01,2.088504e+01,2.081543e+01,2.089896e+01,2.095461e+01,2.096156e+01,2.096156e+01,2.099632e+01,2.102413e+01,2.113526e+01,2.110748e+01,2.090592e+01,2.112831e+01,2.089200e+01,2.087808e+01,2.096852e+01,2.066211e+01,2.087808e+01,2.085720e+01,2.085024e+01,2.087112e+01,2.079453e+01,2.085024e+01,2.080846e+01,2.057140e+01
2.059234e+01,2.080846e+01,2.074576e+01,2.077363e+01,2.075970e+01,2.076667e+01,2.078060e+01,2.078757e+01,2.085720e+01,2.070394e+01,2.079453e+01,2.080150e+01,2.069000e+01,2.069000e+01,2.107276e+01,2.107276e+01,2.077363e+01,2.065513e+01,2.071789e+01,2.087808e+01,2.066211e+01,2.063420e+01,2.063420e+01,2.071789e+01,2.080846e+01,2.074576e+01,2.069697e+01,2.078060e+01,2.080846e+01,2.083632e+01,2.069000e+01,2.065513e+01,2.069697e+01,2.071789e+01,2.059932e+01,2.075273e+01,2.069697e+01,2.069697e+01,2.082239e+01,2.073879e+01,2.075273e+01,2.072486e+01,2.080150e+01,2.082935e+01,2.083632e+01,2.075273e+01,2.074576e+01,2.072486e+01,2.073879e+01,2.074576e+01,2.071789e+01,2.071789e+01,2.078060e+01,2.073182e+01,2.084328e+01,2.076667e+01,2.094765e+01,2.092679e+01,2.086416e+01,2.076667e+01,2.073879e+01,2.078060e+01,2.088504e+01,2.088504e+01,2.085720e+01,2.070394e+01,2.063420e+01,2.090592e+01,2.085720e+01,2.074576e+01,2.086416e+01,2.081543e+01,2.072486e+01,2.076667e+01,2.069697e+01,2.075970e+01,2.085720e+01,2.080150e+01,2.076667e+01,2.080846e+01,2.076667e+01,2.080150e+01,2.080150e+01,2.081543e+01,2.086416e+01,2.078757e+01,2.098937e+01,2.082239e+01,2.085720e+01,2.082239e+01,2.081543e+01,2.080150e+01,2.086416e+01,2.078060e+01,2.082239e+01,2.078757e+01,2.079453e+01,2.087808e+01,2.088504e+01,2.080846e+01,2.080846e+01,2.087808e+01,2.079453e+01,2.085024e+01,2.085024e+01,2.086416e+01,2.086416e+01,2.073879e+01,2.089200e+01,2.076667e+01,2.079453e+01,2.078757e+01,2.078060e+01,2.071091e+01,2.081543e+01,2.079453e+01,2.085024e+01,2.078757e+01,2.090592e+01,2.078060e+01,2.087112e+01,2.079453e+01,2.083632e+01,2.078757e+01,2.080150e+01,2.081543e+01,2.093374e+01,2.087808e+01,2.091287e+01,2.072486e+01,2.092679e+01,2.086416e+01,2.075970e+01,2.087808e+01,2.078757e+01,2.075970e+01,2.089896e+01,2.087808e+01,2.082239e+01,2.082239e+01,2.075273e+01,2.072486e+01,2.072486e+01,2.064816e+01,2.060629e+01,2.054347e+01,2.056442e+01,2.065513e+01,2.059932e+01,2.056442e+01,2.065513e+01,2.065513e+01,2.066908e+01,2.069697e+01,2.069697e+01,2.078757e+01,2.086416e+01,2.082935e+01,2.080846e+01,2.079453e+01,2.080150e+01,2.079453e+01,2.078757e+01,2.066211e+01,2.054347e+01,2.056442e+01,2.041071e+01,2.030578e+01,2.037575e+01,2.027778e+01,2.043169e+01,2.041071e+01,2.061327e+01,2.071789e+01,2.076667e+01,2.070394e+01,2.080150e+01,2.078757e+01,2.066908e+01,2.069697e+01,2.071091e+01,2.059234e+01,2.065513e+01,2.052252e+01,2.034777e+01,2.031278e+01,2.020774e+01,2.010961e+01,2.000437e+01,1.986386e+01,1.988495e+01,1.991306e+01,1.989198e+01,1.989901e+01,1.993414e+01,1.999735e+01,2.003946e+01,2.010961e+01,2.010961e+01,2.029178e+01,2.024977e+01,2.025677e+01,2.033377e+01,2.041770e+01,2.041770e+01,2.042470e+01,2.051554e+01,2.050855e+01,2.054347e+01,2.055045e+01,2.064118e+01,2.075273e+01,2.075273e+01,2.079453e+01,2.089200e+01,2.080150e+01,2.075970e+01,2.078757e+01,2.083632e+01,2.071091e+01,2.067605e+01,2.073182e+01,2.068303e+01,2.069000e+01,2.070394e+01,2.068303e+01,2.072486e+01,2.071091e+01,2.071789e+01,2.077363e+01,2.063420e+01,2.067605e+01,2.064816e+01,2.075273e+01,2.078060e+01,2.071789e+01,2.071091e+01,2.068303e+01,2.052252e+01,2.052950e+01,2.049458e+01,2.048759e+01,2.048061e+01,2.038274e+01,2.036875e+01,2.034077e+01,2.025677e+01,2.020074e+01,2.027078e+01,2.017271e+01,2.018673e+01,2.022876e+01,2.046663e+01,2.036176e+01,2.037575e+01,2.031278e+01,2.055743e+01,2.045266e+01,2.057140e+01,2.072486e+01,2.053649e+01,2.057838e+01,2.050157e+01,2.048061e+01,2.045964e+01,2.036875e+01,2.018673e+01,2.018673e+01,2.015168e+01,1.999033e+01,2.001841e+01,1.999735e+01,1.979354e+01,1.968796e+01,1.979354e+01,1.975132e+01,1.963865e+01,1.960342e+01,1.970205e+01,1.953996e+01,1.947647e+01,1.965274e+01,1.953996e+01,1.962456e+01,1.945529e+01,1.933522e+01,1.941999e+01,1.933522e+01,1.932109e+01,1.937762e+01,1.941999e+01,1.934936e+01,1.941293e+01,1.946941e+01,1.931402e+01,1.957522e+01,1.975132e+01,1.964570e+01,1.958227e+01,1.983574e+01,1.982168e+01,2.008857e+01,2.021475e+01,2.029178e+01,2.034777e+01,2.033377e+01,2.035476e+01,2.029878e+01,2.042470e+01,2.060629e+01,2.063420e+01,2.068303e+01,2.058536e+01,2.069697e+01,2.080150e+01,2.075970e+01,2.081543e+01,2.088504e+01,2.090592e+01,2.082935e+01,2.087808e+01,2.085024e+01,2.091287e+01,2.085024e+01,2.089896e+01,2.094070e+01,2.082239e+01,2.080846e+01,2.092679e+01,2.080846e+01,2.076667e+01,2.085024e+01,2.073182e+01,2.086416e+01,2.088504e+01,2.085720e+01,2.075970e+01,2.089200e+01,2.087808e+01,2.082935e+01,2.087808e+01,2.072486e+01,2.070394e+01,2.075273e+01,2.095461e+01,2.082935e+01,2.078060e+01,2.083632e+01,2.087112e+01,2.081543e+01,2.078757e+01,2.087112e+01,2.088504e+01,2.088504e+01,2.082239e+01,2.075970e+01,2.087112e+01,2.068303e+01,2.090592e+01,2.076667e+01,2.087808e+01,2.083632e+01,2.087112e+01,2.094070e+01,2.082935e+01,2.078060e+01,2.078060e+01,2.078757e+01,2.078757e+01,2.079453e+01,2.078757e+01,2.070394e+01,2.074576e+01,2.076667e+01,2.082935e+01,2.079453e+01,2.084328e+01,2.075273e+01,2.078757e+01,2.070394e+01,2.079453e+01,2.075970e+01,2.075970e+01,2.065513e+01,2.062723e+01,2.051554e+01,2.040372e+01,2.045266e+01,2.026378e+01,2.007454e+01,2.016570e+01,2.008156e+01,2.020774e+01,1.987792e+01,1.971613e+01,1.975836e+01,1.974428e+01,1.956817e+01,1.975132e+01,1.960342e+01,1.961751e+01,1.947647e+01,1.939174e+01,1.940587e+01,1.942705e+01,1.943411e+01,1.953996e+01,1.951880e+01,1.954701e+01,1.951880e+01,1.980761e+01,1.979354e+01,1.994117e+01,2.016570e+01,2.030578e+01,2.043169e+01,2.043868e+01,2.075970e+01,2.057838e+01,2.058536e+01,2.059932e+01,2.047362e+01,2.025677e+01,2.022876e+01,2.002542e+01,1.956112e+01,1.952586e+01,1.951175e+01,1.925038e+01,1.925745e+01,1.927867e+01,1.917254e+01,1.918670e+01,1.933522e+01,1.923623e+01,1.936349e+01,1.973725e+01,1.977243e+01,1.977947e+01,2.030578e+01,2.027078e+01,2.049458e+01,2.075970e+01,2.089200e+01,2.088504e+01,2.078060e+01,2.071091e+01,2.087112e+01,2.077363e+01,2.078757e+01,2.085720e+01,2.085024e+01,2.088504e+01,2.091287e+01,2.079453e+01,2.081543e+01,2.088504e+01,2.087112e+01,2.082935e+01,2.085720e+01,2.082935e+01,2.080846e+01,2.085720e+01,2.082935e+01,2.085720e+01,2.092679e+01,2.086416e+01,2.075273e+01,2.080846e+01,2.078060e+01,2.076667e+01,2.080846e+01,2.080846e+01,2.085024e+01,2.090592e+01,2.084328e+01,2.087808e+01,2.087808e+01,2.086416e+01,2.100327e+01,2.084328e+01,2.085024e+01,2.088504e+01,2.097547e+01,2.095461e+01,2.081543e+01,2.090592e+01,2.087112e+01,2.096156e+01,2.074576e+01,2.075970e+01,2.075970e+01,2.098937e+01,2.091287e+01,2.092679e+01,2.094070e+01,2.096156e+01,2.094765e+01,2.087808e+01,2.098937e+01,2.091983e+01,2.096852e+01,2.084328e+01,2.086416e+01,2.095461e+01,2.085024e+01,2.082935e+01,2.089200e+01,2.087808e+01,2.094070e+01,2.093374e+01,2.098937e+01,2.094070e+01,2.102413e+01,2.090592e+01,2.100327e+01,2.093374e+01,2.080150e+01,2.098937e+01,2.087112e+01,2.096156e+01,2.085024e+01,2.082935e+01,2.094070e+01,2.085720e+01,2.086416e+01,2.097547e+01,2.101023e+01,2.097547e+01,2.098242e+01,2.099632e+01,2.096852e+01,2.096852e+01,2.098937e+01,2.085720e+01,2.102413e+01,2.110054e+01,2.098242e+01,2.102413e+01,2.105887e+01,2.100327e+01,2.101718e+01,2.104497e+01,2.098937e+01,2.105192e+01,2.112137e+01,2.101023e+01,2.102413e+01,2.104497e+01,2.110054e+01,2.105192e+01,2.109360e+01,2.098242e+01,2.096156e+01,2.097547e+01,2.101023e+01,2.096156e+01,2.102413e+01,2.095461e+01,2.092679e+01,2.100327e+01,2.105192e+01,2.101023e+01,2.100327e+01,2.104497e+01,2.101023e+01,2.104497e+01,2.105192e+01,2.094070e+01,2.108665e+01,2.096156e+01,2.094765e+01,2.094070e+01,2.097547e+01,2.102413e+01,2.092679e+01,2.091983e+01,2.097547e+01,2.098937e+01,2.093374e+01,2.096852e+01,2.089896e+01,2.085024e+01,2.081543e+01,2.096156e+01,2.098242e+01,2.082239e+01,2.096156e+01,2.094070e+01,2.095461e+01,2.096852e+01,2.091983e+01,2.094070e+01,2.094070e+01,2.091983e+01,2.097547e+01,2.094070e+01,2.093374e+01,2.082935e+01,2.089896e+01,2.098242e+01,2.080846e+01,2.079453e+01,2.097547e+01,2.091983e+01,2.078060e+01,2.087808e+01,2.089896e+01,2.103107e+01,2.091287e+01,2.094070e+01,2.094070e+01,2.091287e+01,2.096852e+01,2.096852e+01,2.089896e+01,2.091983e+01,2.091287e+01,2.099632e+01,2.101718e+01,2.101023e+01,2.093374e+01,2.106581e+01,2.097547e+01,2.107276e+01,2.104497e+01,2.107276e+01,2.105192e+01,2.112831e+01,2.105192e+01,2.094765e+01,2.094070e+01,2.089200e+01,2.084328e+01,2.086416e+01,2.086416e+01,2.079453e+01,2.080846e+01,2.082239e+01,2.080150e+01
2.066211e+01,2.073879e+01,2.070394e+01,2.063420e+01,2.068303e+01,2.081543e+01,2.069000e+01,2.079453e+01,2.077363e+01,2.083632e+01,2.098937e+01,2.091287e+01,2.085720e+01,2.078757e+01,2.078060e+01,2.072486e+01,2.055045e+01,2.070394e+01,2.068303e+01,2.056442e+01,2.065513e+01,2.066211e+01,2.066211e+01,2.069000e+01,2.082239e+01,2.078060e+01,2.080846e+01,2.082239e+01,2.079453e+01,2.068303e+01,2.070394e+01,2.080150e+01,2.080846e+01,2.079453e+01,2.076667e+01,2.071789e+01,2.071091e+01,2.080846e+01,2.078757e+01,2.088504e+01,2.078060e+01,2.073879e+01,2.088504e+01,2.073182e+01,2.073879e+01,2.075273e+01,2.075970e+01,2.080846e+01,2.074576e+01,2.075273e+01,2.079453e+01,2.087112e+01,2.069697e+01,2.071789e+01,2.079453e+01,2.085024e+01,2.080150e+01,2.070394e+01,2.072486e+01,2.078060e+01,2.075273e+01,2.082239e+01,2.085024e+01,2.075970e+01,2.083632e+01,2.085024e+01,2.071091e+01,2.087112e+01,2.077363e+01,2.085720e+01,2.077363e+01,2.079453e+01,2.082935e+01,2.072486e+01,2.081543e+01,2.072486e+01,2.083632e+01,2.082935e+01,2.075273e+01,2.080846e+01,2.076667e+01,2.086416e+01,2.083632e+01,2.081543e+01,2.105887e+01,2.078757e+01,2.089200e+01,2.080846e+01,2.091983e+01,2.087808e+01,2.064816e+01,2.090592e+01,2.090592e+01,2.077363e+01,2.080150e+01,2.080846e+01,2.080846e+01,2.080150e+01,2.083632e+01,2.082239e+01,2.084328e+01,2.087808e+01,2.080846e+01,2.091287e+01,2.089200e+01,2.084328e+01,2.084328e+01,2.082239e+01,2.081543e+01,2.076667e+01,2.071091e+01,2.075970e+01,2.114220e+01,2.080150e+01,2.084328e+01,2.086416e+01,2.084328e+01,2.092679e+01,2.084328e+01,2.078757e+01,2.082239e+01,2.078757e+01,2.075970e+01,2.079453e+01,2.082239e+01,2.080846e+01,2.091983e+01,2.080150e+01,2.089200e+01,2.078757e+01,2.077363e+01,2.087112e+01,2.086416e+01,2.085720e+01,2.085024e+01,2.087112e+01,2.090592e+01,2.079453e+01,2.074576e+01,2.078060e+01,2.075273e+01,2.089896e+01,2.065513e+01,2.060629e+01,2.064118e+01,2.052252e+01,2.057838e+01,2.068303e+01,2.069000e+01,2.073182e+01,2.075273e+01,2.089896e+01,2.078757e+01,2.075970e+01,2.088504e+01,2.087808e+01,2.087112e+01,2.074576e+01,2.078060e+01,2.072486e+01,2.075970e+01,2.075970e+01,2.067605e+01,2.044567e+01,2.059932e+01,2.052252e+01,2.040372e+01,2.030578e+01,2.013766e+01,2.029178e+01,2.020774e+01,2.030578e+01,2.062723e+01,2.066211e+01,2.064118e+01,2.066908e+01,2.084328e+01,2.080846e+01,2.066211e+01,2.073879e+01,2.066211e+01,2.055743e+01,2.059932e+01,2.048061e+01,2.050157e+01,2.038974e+01,2.037575e+01,2.019373e+01,2.007454e+01,2.006051e+01,2.006753e+01,2.004648e+01,2.006051e+01,1.997628e+01,2.009559e+01,2.018673e+01,2.010961e+01,2.011663e+01,2.020774e+01,2.022876e+01,2.018673e+01,2.030578e+01,2.043868e+01,2.043169e+01,2.043169e+01,2.042470e+01,2.050157e+01,2.062723e+01,2.045964e+01,2.060629e+01,2.065513e+01,2.078060e+01,2.079453e+01,2.087112e+01,2.081543e+01,2.086416e+01,2.074576e+01,2.075273e+01,2.081543e+01,2.068303e+01,2.080150e+01,2.071789e+01,2.073182e+01,2.069697e+01,2.071789e+01,2.071789e+01,2.070394e+01,2.070394e+01,2.066211e+01,2.065513e+01,2.096156e+01,2.077363e+01,2.075970e+01,2.074576e+01,2.075970e+01,2.062025e+01,2.073879e+01,2.077363e+01,2.050855e+01,2.051554e+01,2.049458e+01,2.060629e+01,2.046663e+01,2.039673e+01,2.045964e+01,2.027078e+01,2.033377e+01,2.031278e+01,2.029178e+01,2.036176e+01,2.040372e+01,2.049458e+01,2.044567e+01,2.054347e+01,2.048061e+01,2.054347e+01,2.052252e+01,2.043868e+01,2.055045e+01,2.055743e+01,2.078060e+01,2.069000e+01,2.048759e+01,2.048759e+01,2.047362e+01,2.022876e+01,2.020074e+01,2.001841e+01,2.014467e+01,1.992711e+01,1.983574e+01,1.994117e+01,1.982168e+01,1.966683e+01,1.971613e+01,1.961751e+01,1.975132e+01,1.979354e+01,1.953291e+01,1.965274e+01,1.953291e+01,1.951175e+01,1.951175e+01,1.939881e+01,1.926452e+01,1.949058e+01,1.932815e+01,1.927160e+01,1.931402e+01,1.934936e+01,1.928574e+01,1.944118e+01,1.940587e+01,1.943411e+01,1.952586e+01,1.957522e+01,1.956112e+01,1.967388e+01,1.988495e+01,1.989198e+01,2.006753e+01,2.008857e+01,2.013766e+01,2.028478e+01,2.027078e+01,2.027778e+01,2.029178e+01,2.036875e+01,2.041770e+01,2.057140e+01,2.056442e+01,2.071789e+01,2.075273e+01,2.075970e+01,2.084328e+01,2.075273e+01,2.082935e+01,2.092679e+01,2.087112e+01,2.077363e+01,2.078757e+01,2.092679e+01,2.089200e+01,2.094765e+01,2.095461e+01,2.100327e+01,2.082239e+01,2.079453e+01,2.082239e+01,2.075970e+01,2.086416e+01,2.093374e+01,2.089200e+01,2.088504e+01,2.096852e+01,2.079453e+01,2.074576e+01,2.084328e+01,2.089200e+01,2.082935e+01,2.089896e+01,2.083632e+01,2.094765e+01,2.095461e+01,2.093374e+01,2.071789e+01,2.080150e+01,2.087808e+01,2.075970e+01,2.079453e+01,2.085024e+01,2.091287e+01,2.081543e+01,2.073879e+01,2.084328e+01,2.085720e+01,2.083632e+01,2.083632e+01,2.082935e+01,2.085024e+01,2.091983e+01,2.085024e+01,2.094070e+01,2.094765e+01,2.089896e+01,2.082239e+01,2.089200e+01,2.078060e+01,2.087808e+01,2.080150e+01,2.091287e+01,2.089200e+01,2.080846e+01,2.087808e+01,2.075273e+01,2.082239e+01,2.086416e+01,2.077363e+01,2.087112e+01,2.078060e+01,2.084328e+01,2.083632e+01,2.092679e+01,2.067605e+01,2.059234e+01,2.062025e+01,2.062025e+01,2.059234e+01,2.059234e+01,2.034077e+01,2.029878e+01,2.027078e+01,2.027078e+01,2.012364e+01,2.006051e+01,2.013766e+01,2.007454e+01,1.986386e+01,1.998330e+01,1.992009e+01,1.996926e+01,1.991306e+01,1.978650e+01,1.982168e+01,1.957522e+01,1.970205e+01,1.957522e+01,1.963161e+01,1.967388e+01,1.956112e+01,1.970909e+01,1.980058e+01,1.993414e+01,1.994117e+01,2.031978e+01,2.038974e+01,2.030578e+01,2.042470e+01,2.059932e+01,2.077363e+01,2.070394e+01,2.057838e+01,2.043169e+01,2.025677e+01,2.020074e+01,1.977947e+01,1.975132e+01,1.962456e+01,1.949764e+01,1.958932e+01,1.933522e+01,1.920793e+01,1.938468e+01,1.929988e+01,1.927867e+01,1.925745e+01,1.934229e+01,1.941293e+01,1.977243e+01,1.977947e+01,2.015869e+01,2.036875e+01,2.037575e+01,2.075273e+01,2.069000e+01,2.086416e+01,2.079453e+01,2.078757e+01,2.083632e+01,2.087112e+01,2.082935e+01,2.091287e+01,2.087808e+01,2.090592e+01,2.085024e+01,2.082239e+01,2.080150e+01,2.076667e+01,2.081543e+01,2.078060e+01,2.083632e+01,2.085720e+01,2.076667e+01,2.078757e+01,2.077363e+01,2.080150e+01,2.082239e+01,2.087808e+01,2.089896e+01,2.082935e+01,2.089896e+01,2.086416e+01,2.087112e+01,2.080846e+01,2.089200e+01,2.084328e+01,2.087808e+01,2.087808e+01,2.107971e+01,2.090592e+01,2.082935e+01,2.100327e+01,2.083632e+01,2.090592e+01,2.096156e+01,2.096852e+01,2.094070e+01,2.101023e+01,2.087112e+01,2.089896e+01,2.087112e+01,2.087808e+01,2.091983e+01,2.094765e+01,2.094070e+01,2.085720e+01,2.091983e+01,2.089896e+01,2.091983e+01,2.087112e+01,2.098937e+01,2.082935e+01,2.089200e+01,2.085024e+01,2.088504e+01,2.085720e+01,2.086416e+01,2.092679e+01,2.094765e+01,2.096156e+01,2.090592e+01,2.094765e+01,2.101718e+01,2.098242e+01,2.100327e+01,2.100327e+01,2.097547e+01,2.097547e+01,2.080846e+01,2.100327e+01,2.101718e+01,2.094070e+01,2.098242e+01,2.099632e+01,2.097547e+01,2.097547e+01,2.096852e+01,2.103802e+01,2.102413e+01,2.101718e+01,2.101023e+01,2.086416e+01,2.087112e+01,2.096852e+01,2.091983e+01,2.095461e+01,2.098242e+01,2.097547e+01,2.098937e+01,2.102413e+01,2.096852e+01,2.108665e+01,2.109360e+01,2.112831e+01,2.098937e+01,2.111443e+01,2.098937e+01,2.094070e+01,2.104497e+01,2.105887e+01,2.101718e+01,2.119771e+01,2.107971e+01,2.097547e+01,2.102413e+01,2.102413e+01,2.110054e+01,2.089200e+01,2.105887e+01,2.098242e+01,2.101023e+01,2.094765e+01,2.089896e+01,2.103107e+01,2.096852e+01,2.107276e+01,2.094765e+01,2.097547e+01,2.106581e+01,2.101023e+01,2.098242e+01,2.099632e+01,2.101023e+01,2.098242e+01,2.094765e+01,2.096156e+01,2.095461e+01,2.085024e+01,2.107276e+01,2.096156e+01,2.097547e+01,2.107276e+01,2.105192e+01,2.104497e+01,2.096156e+01,2.082935e+01,2.094070e+01,2.096852e+01,2.091287e+01,2.094765e+01,2.089896e+01,2.094070e+01,2.090592e+01,2.094070e+01,2.100327e+01,2.095461e+01,2.090592e+01,2.103802e+01,2.105887e+01,2.097547e+01,2.092679e+01,2.080846e+01,2.091983e+01,2.093374e+01,2.084328e+01,2.086416e+01,2.091983e+01,2.088504e+01,2.098242e+01,2.094070e+01,2.082935e+01,2.098937e+01,2.084328e+01,2.082239e+01,2.093374e+01,2.092679e+01,2.107971e+01,2.090592e+01,2.103802e+01,2.099632e+01,2.101023e+01,2.103107e+01,2.110748e+01,2.111443e+01,2.112137e+01,2.118384e+01,2.104497e+01,2.116996e+01,2.098242e+01,2.096156e+01,2.087808e+01,2.098937e+01,2.096852e+01,2.091983e+01,2.091287e+01,2.089200e+01,2.071789e+01,2.070394e+01,2.080846e+01,2.073879e+01
2.080846e+01,2.077363e+01,2.077363e+01,2.071789e+01,2.080846e+01,2.071789e+01,2.078060e+01,2.081543e+01,2.085720e+01,2.086416e+01,2.085720e+01,2.091287e+01,2.086416e+01,2.079453e+01,2.084328e+01,2.073182e+01,2.064118e+01,2.072486e+01,2.058536e+01,2.082935e+01,2.078060e+01,2.071789e+01,2.082239e+01,2.082935e+01,2.080846e+01,2.080150e+01,2.089896e+01,2.081543e+01,2.082239e+01,2.083632e+01,2.078757e+01,2.074576e+01,2.070394e+01,2.078757e+01,2.077363e+01,2.075273e+01,2.084328e+01,2.074576e+01,2.075970e+01,2.087112e+01,2.076667e+01,2.070394e+01,2.069697e+01,2.066908e+01,2.078060e+01,2.078757e+01,2.080150e+01,2.075970e+01,2.076667e+01,2.073879e+01,2.073879e+01,2.078060e+01,2.091983e+01,2.094070e+01,2.084328e+01,2.079453e+01,2.099632e+01,2.086416e+01,2.073182e+01,2.071091e+01,2.079453e+01,2.086416e+01,2.089896e+01,2.091983e+01,2.084328e+01,2.085024e+01,2.085024e+01,2.082239e+01,2.073182e+01,2.078757e+01,2.112137e+01,2.080150e+01,2.081543e+01,2.068303e+01,2.079453e+01,2.072486e+01,2.069697e+01,2.083632e+01,2.082935e+01,2.078757e+01,2.091983e+01,2.088504e+01,2.087112e+01,2.086416e+01,2.084328e+01,2.073182e+01,2.076667e+01,2.078757e+01,2.086416e+01,2.086416e+01,2.064816e+01,2.082935e+01,2.087808e+01,2.078757e+01,2.080150e+01,2.089896e+01,2.087808e+01,2.080150e+01,2.076667e+01,2.077363e+01,2.082239e+01,2.076667e+01,2.084328e+01,2.067605e+01,2.066211e+01,2.068303e+01,2.091287e+01,2.083632e+01,2.090592e+01,2.078757e+01,2.086416e+01,2.080150e+01,2.085024e+01,2.085720e+01,2.076667e+01,2.084328e+01,2.080846e+01,2.074576e+01,2.080150e+01,2.080846e+01,2.089200e+01,2.087112e+01,2.080150e+01,2.082935e+01,2.084328e+01,2.078060e+01,2.080150e+01,2.078060e+01,2.088504e+01,2.075273e+01,2.084328e+01,2.081543e+01,2.085024e+01,2.077363e+01,2.086416e+01,2.086416e+01,2.085720e+01,2.078757e+01,2.079453e+01,2.075970e+01,2.079453e+01,2.073182e+01,2.070394e+01,2.058536e+01,2.061327e+01,2.046663e+01,2.050855e+01,2.068303e+01,2.096156e+01,2.070394e+01,2.082239e+01,2.091983e+01,2.080150e+01,2.074576e+01,2.083632e+01,2.087112e+01,2.081543e+01,2.089200e+01,2.094070e+01,2.088504e+01,2.079453e+01,2.065513e+01,2.066908e+01,2.041770e+01,2.041770e+01,2.031278e+01,2.017271e+01,1.999033e+01,1.999033e+01,1.999033e+01,2.024977e+01,2.024977e+01,2.022876e+01,2.043169e+01,2.068303e+01,2.083632e+01,2.085024e+01,2.064816e+01,2.057838e+01,2.068303e+01,2.064816e+01,2.060629e+01,2.060629e+01,2.065513e+01,2.052252e+01,2.029178e+01,2.043169e+01,2.048759e+01,2.038274e+01,2.034777e+01,2.016570e+01,2.020074e+01,2.024277e+01,2.022876e+01,2.022176e+01,2.013065e+01,2.003946e+01,2.023577e+01,2.026378e+01,2.030578e+01,2.029178e+01,2.036875e+01,2.040372e+01,2.044567e+01,2.044567e+01,2.049458e+01,2.051554e+01,2.052252e+01,2.048759e+01,2.059932e+01,2.072486e+01,2.064118e+01,2.086416e+01,2.080846e+01,2.081543e+01,2.080846e+01,2.079453e+01,2.077363e+01,2.075273e+01,2.069000e+01,2.079453e+01,2.069000e+01,2.075273e+01,2.068303e+01,2.073182e+01,2.076667e+01,2.071091e+01,2.067605e+01,2.073879e+01,2.073879e+01,2.070394e+01,2.075970e+01,2.078060e+01,2.078060e+01,2.069000e+01,2.075970e+01,2.077363e+01,2.075970e+01,2.075970e+01,2.052252e+01,2.066211e+01,2.048061e+01,2.045266e+01,2.041071e+01,2.038274e+01,2.034777e+01,2.039673e+01,2.025677e+01,2.035476e+01,2.021475e+01,2.042470e+01,2.037575e+01,2.045266e+01,2.049458e+01,2.052950e+01,2.056442e+01,2.055743e+01,2.057140e+01,2.051554e+01,2.057140e+01,2.054347e+01,2.047362e+01,2.048759e+01,2.048061e+01,2.041071e+01,2.023577e+01,2.019373e+01,2.008857e+01,2.003244e+01,2.001139e+01,1.982871e+01,1.974428e+01,1.980761e+01,1.977947e+01,1.960342e+01,1.956112e+01,1.965979e+01,1.966683e+01,1.956817e+01,1.958227e+01,1.951175e+01,1.952586e+01,1.941293e+01,1.943411e+01,1.938468e+01,1.934936e+01,1.928574e+01,1.927160e+01,1.936349e+01,1.921501e+01,1.927867e+01,1.937762e+01,1.938468e+01,1.950469e+01,1.955407e+01,1.975836e+01,1.960342e+01,1.971613e+01,1.998330e+01,1.988495e+01,2.003244e+01,2.009559e+01,2.008156e+01,2.016570e+01,2.039673e+01,2.031978e+01,2.038274e+01,2.040372e+01,2.055743e+01,2.054347e+01,2.073182e+01,2.071789e+01,2.080846e+01,2.079453e+01,2.081543e+01,2.082935e+01,2.091287e+01,2.081543e+01,2.075970e+01,2.087808e+01,2.087808e+01,2.090592e+01,2.090592e+01,2.085720e+01,2.089896e+01,2.091287e+01,2.085024e+01,2.085024e+01,2.082935e+01,2.093374e+01,2.082239e+01,2.087112e+01,2.078757e+01,2.080846e+01,2.086416e+01,2.081543e+01,2.087112e+01,2.082935e+01,2.083632e+01,2.085720e+01,2.101023e+01,2.095461e+01,2.091983e+01,2.071789e+01,2.094070e+01,2.074576e+01,2.090592e+01,2.075273e+01,2.087112e+01,2.087808e+01,2.089896e+01,2.082239e+01,2.089896e+01,2.094070e+01,2.094765e+01,2.091983e+01,2.087808e+01,2.087112e+01,2.082239e+01,2.080846e+01,2.088504e+01,2.080150e+01,2.089200e+01,2.089200e+01,2.088504e+01,2.080846e+01,2.080150e+01,2.083632e+01,2.089896e+01,2.080846e+01,2.091983e+01,2.078757e+01,2.083632e+01,2.079453e+01,2.078757e+01,2.082935e+01,2.083632e+01,2.082239e+01,2.082239e+01,2.088504e+01,2.087112e+01,2.085024e+01,2.082935e+01,2.085720e+01,2.082239e+01,2.075970e+01,2.075970e+01,2.057140e+01,2.070394e+01,2.063420e+01,2.025677e+01,2.048061e+01,2.051554e+01,2.027778e+01,2.027778e+01,2.027778e+01,2.018673e+01,2.016570e+01,2.015869e+01,2.015168e+01,2.009559e+01,2.012364e+01,1.994117e+01,1.987090e+01,1.987792e+01,1.993414e+01,1.966683e+01,1.971613e+01,1.973021e+01,1.979354e+01,1.980761e+01,1.980058e+01,1.985683e+01,1.998330e+01,1.993414e+01,2.029178e+01,2.037575e+01,2.055045e+01,2.068303e+01,2.062723e+01,2.079453e+01,2.076667e+01,2.060629e+01,2.046663e+01,2.025677e+01,1.996224e+01,2.004648e+01,1.956817e+01,1.965979e+01,1.953996e+01,1.950469e+01,1.938468e+01,1.935642e+01,1.920085e+01,1.938468e+01,1.918670e+01,1.938468e+01,1.926452e+01,1.925038e+01,1.973021e+01,1.983574e+01,2.014467e+01,2.009559e+01,2.036875e+01,2.062723e+01,2.078757e+01,2.073182e+01,2.082239e+01,2.075273e+01,2.088504e+01,2.087808e+01,2.084328e+01,2.079453e+01,2.078060e+01,2.088504e+01,2.083632e+01,2.089200e+01,2.078757e+01,2.074576e+01,2.087112e+01,2.084328e+01,2.073879e+01,2.085720e+01,2.090592e+01,2.082239e+01,2.091983e+01,2.089200e+01,2.092679e+01,2.083632e+01,2.088504e+01,2.080846e+01,2.088504e+01,2.085024e+01,2.092679e+01,2.094070e+01,2.089896e+01,2.091287e+01,2.091983e+01,2.090592e+01,2.087112e+01,2.091983e+01,2.098937e+01,2.091287e+01,2.094765e+01,2.096852e+01,2.094070e+01,2.090592e+01,2.098242e+01,2.085720e+01,2.079453e+01,2.096156e+01,2.101718e+01,2.081543e+01,2.097547e+01,2.089896e+01,2.085024e+01,2.094765e+01,2.083632e+01,2.092679e+01,2.089896e+01,2.098242e+01,2.085024e+01,2.096852e+01,2.096156e+01,2.094070e+01,2.086416e+01,2.086416e+01,2.084328e+01,2.094070e+01,2.093374e+01,2.094070e+01,2.092679e+01,2.089896e+01,2.101718e+01,2.096852e+01,2.101718e+01,2.098937e+01,2.101023e+01,2.096852e+01,2.092679e+01,2.094070e+01,2.114220e+01,2.085720e+01,2.119078e+01,2.091287e+01,2.101023e+01,2.095461e+01,2.099632e+01,2.103107e+01,2.102413e+01,2.092679e+01,2.091287e+01,2.101718e+01,2.102413e+01,2.090592e+01,2.102413e+01,2.110748e+01,2.103802e+01,2.097547e+01,2.105887e+01,2.110054e+01,2.097547e+01,2.111443e+01,2.110748e+01,2.099632e+01,2.102413e+01,2.101718e+01,2.105887e+01,2.103802e+01,2.109360e+01,2.107276e+01,2.110748e+01,2.105887e+01,2.104497e+01,2.105192e+01,2.098242e+01,2.098242e+01,2.105192e+01,2.102413e+01,2.103107e+01,2.086416e+01,2.102413e+01,2.105192e+01,2.104497e+01,2.104497e+01,2.106581e+01,2.107276e+01,2.091287e+01,2.101718e+01,2.098242e+01,2.098937e+01,2.098937e+01,2.098937e+01,2.094765e+01,2.098937e+01,2.096852e+01,2.101718e+01,2.105192e+01,2.101718e+01,2.098242e+01,2.102413e+01,2.087808e+01,2.096852e+01,2.105887e+01,2.085024e+01,2.094070e+01,2.098937e+01,2.093374e+01,2.094070e+01,2.096156e+01,2.092679e+01,2.093374e+01,2.094765e+01,2.094765e+01,2.096156e+01,2.100327e+01,2.098242e+01,2.091287e+01,2.080846e+01,2.092679e+01,2.093374e+01,2.089200e+01,2.092679e+01,2.092679e+01,2.091287e+01,2.097547e+01,2.117690e+01,2.101718e+01,2.094070e+01,2.096156e+01,2.089200e+01,2.091287e+01,2.081543e+01,2.082935e+01,2.107276e+01,2.091287e+01,2.091983e+01,2.103107e+01,2.091983e+01,2.103802e+01,2.098937e+01,2.103802e+01,2.119771e+01,2.114220e+01,2.110748e+01,2.115608e+01,2.110054e+01,2.110748e+01,2.111443e+01,2.093374e+01,2.087808e+01,2.089896e+01,2.085720e+01,2.095461e+01,2.083632e+01,2.078060e+01,2.071091e+01,2.073182e+01,2.078757e+01,2.075970e+01
2.059932e+01,2.073879e+01,2.073879e+01,2.067605e+01,2.078060e+01,2.069697e+01,2.073879e+01,2.071789e+01,2.077363e+01,2.094765e+01,2.075970e+01,2.083632e+01,2.080150e+01,2.085720e+01,2.066211e+01,2.065513e+01,2.073879e+01,2.068303e+01,2.068303e+01,2.073879e+01,2.080846e+01,2.082239e+01,2.067605e+01,2.075970e+01,2.091287e+01,2.080150e+01,2.073879e+01,2.077363e+01,2.078757e+01,2.083632e+01,2.082239e+01,2.077363e+01,2.079453e+01,2.078060e+01,2.071789e+01,2.082935e+01,2.080846e+01,2.086416e+01,2.075273e+01,2.089200e+01,2.069697e+01,2.073879e+01,2.069697e+01,2.079453e+01,2.079453e+01,2.076667e+01,2.074576e+01,2.073182e+01,2.073879e+01,2.091983e+01,2.075273e+01,2.075273e+01,2.073879e+01,2.074576e+01,2.075970e+01,2.087112e+01,2.082239e+01,2.074576e+01,2.073182e+01,2.088504e+01,2.074576e+01,2.076667e+01,2.074576e+01,2.076667e+01,2.069697e+01,2.065513e+01,2.080150e+01,2.082935e+01,2.078757e+01,2.080846e+01,2.075273e+01,2.078060e+01,2.080846e+01,2.079453e+01,2.083632e+01,2.078060e+01,2.079453e+01,2.073182e+01,2.077363e+01,2.080846e+01,2.085024e+01,2.079453e+01,2.081543e+01,2.077363e+01,2.081543e+01,2.080846e+01,2.091287e+01,2.076667e+01,2.080150e+01,2.081543e+01,2.086416e+01,2.064118e+01,2.089896e+01,2.082239e+01,2.091287e+01,2.072486e+01,2.087112e+01,2.085024e+01,2.082239e+01,2.073879e+01,2.081543e+01,2.085024e+01,2.069000e+01,2.087112e+01,2.080150e+01,2.088504e+01,2.087808e+01,2.086416e+01,2.078060e+01,2.079453e+01,2.082935e+01,2.075273e+01,2.074576e+01,2.080846e+01,2.094765e+01,2.080150e+01,2.090592e+01,2.081543e+01,2.096156e+01,2.075273e+01,2.073879e+01,2.080846e+01,2.088504e+01,2.078757e+01,2.088504e+01,2.080846e+01,2.080846e+01,2.082935e+01,2.085720e+01,2.085024e+01,2.075970e+01,2.085024e+01,2.086416e+01,2.085024e+01,2.086416e+01,2.087808e+01,2.077363e+01,2.083632e+01,2.088504e+01,2.078060e+01,2.077363e+01,2.071789e+01,2.066211e+01,2.057838e+01,2.055045e+01,2.055045e+01,2.062723e+01,2.050855e+01,2.069697e+01,2.071789e+01,2.080846e+01,2.090592e+01,2.087112e+01,2.076667e+01,2.076667e+01,2.073879e+01,2.091983e+01,2.089200e+01,2.073182e+01,2.088504e+01,2.074576e+01,2.039673e+01,2.044567e+01,2.043169e+01,2.013065e+01,1.996224e+01,1.987090e+01,1.984277e+01,1.993414e+01,1.998330e+01,1.999735e+01,2.013065e+01,2.040372e+01,2.041770e+01,2.044567e+01,2.070394e+01,2.075273e+01,2.065513e+01,2.087808e+01,2.082239e+01,2.080846e+01,2.060629e+01,2.057838e+01,2.052950e+01,2.058536e+01,2.038974e+01,2.048061e+01,2.042470e+01,2.038974e+01,2.034077e+01,2.043868e+01,2.034077e+01,2.024277e+01,2.024277e+01,2.024277e+01,2.020074e+01,2.025677e+01,2.026378e+01,2.029878e+01,2.026378e+01,2.027078e+01,2.030578e+01,2.024277e+01,2.035476e+01,2.036176e+01,2.050855e+01,2.045964e+01,2.060629e+01,2.054347e+01,2.065513e+01,2.066908e+01,2.066908e+01,2.075273e+01,2.081543e+01,2.083632e+01,2.075970e+01,2.075273e+01,2.071789e+01,2.078060e+01,2.075970e+01,2.069697e+01,2.069000e+01,2.068303e+01,2.067605e+01,2.075970e+01,2.073879e+01,2.072486e+01,2.077363e+01,2.080846e+01,2.077363e+01,2.077363e+01,2.071091e+01,2.078060e+01,2.075273e+01,2.078060e+01,2.074576e+01,2.075273e+01,2.075273e+01,2.071091e+01,2.069697e+01,2.062025e+01,2.047362e+01,2.047362e+01,2.051554e+01,2.027778e+01,2.036176e+01,2.034777e+01,2.034777e+01,2.036875e+01,2.048759e+01,2.034077e+01,2.065513e+01,2.052252e+01,2.047362e+01,2.048759e+01,2.058536e+01,2.059932e+01,2.055045e+01,2.045964e+01,2.059234e+01,2.053649e+01,2.050157e+01,2.036176e+01,2.017271e+01,2.015869e+01,2.015168e+01,2.016570e+01,2.020074e+01,2.005350e+01,1.980761e+01,1.983574e+01,1.982168e+01,1.971613e+01,1.969500e+01,1.952586e+01,1.951880e+01,1.953291e+01,1.951175e+01,1.953291e+01,1.949764e+01,1.947647e+01,1.952586e+01,1.951880e+01,1.937055e+01,1.937762e+01,1.928574e+01,1.932815e+01,1.932815e+01,1.930695e+01,1.930695e+01,1.937055e+01,1.946941e+01,1.942705e+01,1.945529e+01,1.945529e+01,1.967388e+01,1.972317e+01,1.980058e+01,1.975836e+01,2.003244e+01,2.003244e+01,2.009559e+01,2.013065e+01,2.030578e+01,2.033377e+01,2.029878e+01,2.034777e+01,2.056442e+01,2.040372e+01,2.046663e+01,2.057838e+01,2.062025e+01,2.074576e+01,2.078060e+01,2.087808e+01,2.080846e+01,2.089896e+01,2.078757e+01,2.071789e+01,2.077363e+01,2.073879e+01,2.079453e+01,2.079453e+01,2.089896e+01,2.082239e+01,2.085024e+01,2.085024e+01,2.081543e+01,2.085024e+01,2.084328e+01,2.091983e+01,2.089896e+01,2.080846e+01,2.087112e+01,2.082239e+01,2.083632e+01,2.086416e+01,2.084328e+01,2.071789e+01,2.082239e+01,2.090592e+01,2.087808e+01,2.085024e+01,2.089896e+01,2.091287e+01,2.083632e+01,2.085720e+01,2.082239e+01,2.087808e+01,2.091287e+01,2.089896e+01,2.089896e+01,2.091287e+01,2.088504e+01,2.088504e+01,2.089200e+01,2.078060e+01,2.089200e+01,2.080846e+01,2.086416e+01,2.082935e+01,2.084328e+01,2.090592e+01,2.089200e+01,2.078060e+01,2.082239e+01,2.085024e+01,2.085024e+01,2.077363e+01,2.080150e+01,2.085720e+01,2.090592e+01,2.084328e+01,2.086416e+01,2.079453e+01,2.078757e+01,2.082239e+01,2.073879e+01,2.085024e+01,2.080150e+01,2.076667e+01,2.085024e+01,2.085720e+01,2.081543e+01,2.082239e+01,2.072486e+01,2.083632e+01,2.082239e+01,2.062025e+01,2.061327e+01,2.058536e+01,2.064816e+01,2.050855e+01,2.049458e+01,2.045964e+01,2.045964e+01,2.047362e+01,2.047362e+01,2.031978e+01,2.034777e+01,2.024277e+01,2.036875e+01,2.024977e+01,1.999033e+01,1.989901e+01,2.001841e+01,2.005350e+01,2.001139e+01,1.984980e+01,1.998330e+01,1.978650e+01,1.985683e+01,1.989198e+01,1.980761e+01,1.993414e+01,2.023577e+01,2.035476e+01,2.045964e+01,2.064118e+01,2.060629e+01,2.069000e+01,2.071091e+01,2.055045e+01,2.034777e+01,2.024277e+01,2.024277e+01,1.982871e+01,1.976540e+01,1.963865e+01,1.964570e+01,1.956817e+01,1.925038e+01,1.932815e+01,1.935642e+01,1.925038e+01,1.925745e+01,1.936349e+01,1.917962e+01,1.929988e+01,1.935642e+01,1.959637e+01,1.973021e+01,1.982168e+01,2.016570e+01,2.034077e+01,2.050157e+01,2.072486e+01,2.075273e+01,2.078757e+01,2.082935e+01,2.091287e+01,2.085720e+01,2.080846e+01,2.090592e+01,2.091983e+01,2.084328e+01,2.084328e+01,2.075273e+01,2.082239e+01,2.084328e+01,2.089200e+01,2.084328e+01,2.089200e+01,2.087112e+01,2.078757e+01,2.076667e+01,2.082935e+01,2.085024e+01,2.081543e+01,2.091287e+01,2.084328e+01,2.088504e+01,2.091287e+01,2.094765e+01,2.087808e+01,2.092679e+01,2.089896e+01,2.087808e+01,2.088504e+01,2.092679e+01,2.101023e+01,2.079453e+01,2.087112e+01,2.096852e+01,2.096156e+01,2.094070e+01,2.083632e+01,2.090592e+01,2.092679e+01,2.089200e+01,2.090592e+01,2.087808e+01,2.089896e+01,2.077363e+01,2.094765e+01,2.082935e+01,2.083632e+01,2.100327e+01,2.087808e+01,2.087808e+01,2.096852e+01,2.094070e+01,2.084328e+01,2.088504e+01,2.085720e+01,2.087112e+01,2.091287e+01,2.098937e+01,2.114914e+01,2.094765e+01,2.091983e+01,2.095461e+01,2.098242e+01,2.096852e+01,2.091983e+01,2.090592e+01,2.096156e+01,2.100327e+01,2.089200e+01,2.101718e+01,2.081543e+01,2.104497e+01,2.086416e+01,2.091983e+01,2.097547e+01,2.098242e+01,2.082239e+01,2.094765e+01,2.104497e+01,2.090592e+01,2.097547e+01,2.105192e+01,2.094070e+01,2.100327e+01,2.099632e+01,2.101023e+01,2.103107e+01,2.106581e+01,2.102413e+01,2.102413e+01,2.097547e+01,2.104497e+01,2.107276e+01,2.100327e+01,2.107276e+01,2.100327e+01,2.108665e+01,2.103107e+01,2.110748e+01,2.105192e+01,2.106581e+01,2.105192e+01,2.103802e+01,2.100327e+01,2.103107e+01,2.101023e+01,2.096156e+01,2.109360e+01,2.107971e+01,2.107971e+01,2.094765e+01,2.105192e+01,2.104497e+01,2.096852e+01,2.105192e+01,2.097547e+01,2.101023e+01,2.103107e+01,2.108665e+01,2.096852e+01,2.096156e+01,2.096852e+01,2.097547e+01,2.096852e+01,2.096852e+01,2.097547e+01,2.096852e+01,2.094765e+01,2.096852e+01,2.091983e+01,2.098937e+01,2.099632e+01,2.096156e+01,2.090592e+01,2.090592e+01,2.095461e+01,2.093374e+01,2.098242e+01,2.094765e+01,2.089200e+01,2.091287e+01,2.102413e+01,2.091983e+01,2.096156e+01,2.095461e+01,2.089896e+01,2.089896e+01,2.084328e+01,2.094765e+01,2.093374e+01,2.092679e+01,2.092679e+01,2.103802e+01,2.094765e+01,2.091983e+01,2.093374e+01,2.093374e+01,2.096156e+01,2.092679e+01,2.096156e+01,2.096156e+01,2.082935e+01,2.096156e+01,2.081543e+01,2.096156e+01,2.078757e+01,2.095461e+01,2.094070e+01,2.094070e+01,2.094765e+01,2.096156e+01,2.122546e+01,2.102413e+01,2.121852e+01,2.107971e+01,2.118384e+01,2.107276e+01,2.113526e+01,2.101023e+01,2.091287e+01,2.101023e+01,2.096852e+01,2.094765e+01,2.082935e+01,2.103107e+01,2.089200e+01,2.083632e+01,2.074576e+01,2.079453e+01,2.070394e+01
2.073879e+01,2.081543e+01,2.061327e+01,2.078060e+01,2.076667e+01,2.080150e+01,2.078060e+01,2.067605e+01,2.071789e+01,2.071789e+01,2.078060e+01,2.081543e+01,2.085720e+01,2.087112e+01,2.068303e+01,2.067605e+01,2.071091e+01,2.077363e+01,2.073182e+01,2.080846e+01,2.070394e+01,2.075273e+01,2.080846e+01,2.074576e+01,2.067605e+01,2.074576e+01,2.080846e+01,2.081543e+01,2.081543e+01,2.084328e+01,2.080846e+01,2.073879e+01,2.077363e+01,2.074576e+01,2.081543e+01,2.073182e+01,2.081543e+01,2.087808e+01,2.081543e+01,2.081543e+01,2.070394e+01,2.069000e+01,2.077363e+01,2.073182e+01,2.075273e+01,2.080150e+01,2.089200e+01,2.076667e+01,2.078757e+01,2.071789e+01,2.094765e+01,2.069000e+01,2.070394e+01,2.067605e+01,2.085720e+01,2.065513e+01,2.083632e+01,2.083632e+01,2.073182e+01,2.073182e+01,2.075273e+01,2.073879e+01,2.076667e+01,2.081543e+01,2.077363e+01,2.075273e+01,2.083632e+01,2.080846e+01,2.091287e+01,2.073879e+01,2.079453e+01,2.078757e+01,2.078060e+01,2.078060e+01,2.073879e+01,2.074576e+01,2.072486e+01,2.076667e+01,2.074576e+01,2.081543e+01,2.087808e+01,2.087112e+01,2.086416e+01,2.085024e+01,2.094070e+01,2.089896e+01,2.081543e+01,2.089200e+01,2.085024e+01,2.075970e+01,2.086416e+01,2.066908e+01,2.079453e+01,2.065513e+01,2.087808e+01,2.082239e+01,2.076667e+01,2.080846e+01,2.080150e+01,2.080846e+01,2.076667e+01,2.084328e+01,2.082935e+01,2.080150e+01,2.089200e+01,2.069697e+01,2.078060e+01,2.073879e+01,2.082935e+01,2.071091e+01,2.088504e+01,2.080846e+01,2.074576e+01,2.075970e+01,2.082239e+01,2.085720e+01,2.078757e+01,2.075970e+01,2.078757e+01,2.078060e+01,2.089200e+01,2.075970e+01,2.080846e+01,2.082935e+01,2.083632e+01,2.083632e+01,2.080846e+01,2.080150e+01,2.076667e+01,2.087808e+01,2.075273e+01,2.078060e+01,2.078060e+01,2.095461e+01,2.084328e+01,2.081543e+01,2.085720e+01,2.085024e+01,2.080150e+01,2.078060e+01,2.078060e+01,2.060629e+01,2.060629e+01,2.057140e+01,2.048759e+01,2.041770e+01,2.057140e+01,2.057838e+01,2.071789e+01,2.081543e+01,2.070394e+01,2.074576e+01,2.075273e+01,2.076667e+01,2.089200e+01,2.082935e+01,2.081543e+01,2.073182e+01,2.072486e+01,2.067605e+01,2.043868e+01,2.045266e+01,2.022176e+01,1.994819e+01,1.990604e+01,1.971613e+01,1.973021e+01,1.967388e+01,1.966683e+01,1.966683e+01,1.971613e+01,1.994117e+01,2.026378e+01,2.039673e+01,2.056442e+01,2.070394e+01,2.070394e+01,2.085720e+01,2.085024e+01,2.072486e+01,2.066908e+01,2.076667e+01,2.061327e+01,2.057838e+01,2.064816e+01,2.058536e+01,2.062723e+01,2.034077e+01,2.044567e+01,2.045964e+01,2.042470e+01,2.025677e+01,2.043868e+01,2.037575e+01,2.032678e+01,2.025677e+01,2.027078e+01,2.025677e+01,2.026378e+01,2.024977e+01,2.031978e+01,2.022176e+01,2.031978e+01,2.036176e+01,2.040372e+01,2.043169e+01,2.055045e+01,2.051554e+01,2.052252e+01,2.054347e+01,2.062723e+01,2.075273e+01,2.071789e+01,2.088504e+01,2.081543e+01,2.080150e+01,2.079453e+01,2.072486e+01,2.072486e+01,2.067605e+01,2.068303e+01,2.067605e+01,2.073182e+01,2.078060e+01,2.073879e+01,2.073879e+01,2.067605e+01,2.071789e+01,2.079453e+01,2.073182e+01,2.075970e+01,2.075273e+01,2.073879e+01,2.075273e+01,2.078757e+01,2.070394e+01,2.085720e+01,2.075970e+01,2.072486e+01,2.064816e+01,2.051554e+01,2.045266e+01,2.047362e+01,2.048061e+01,2.048061e+01,2.031278e+01,2.035476e+01,2.035476e+01,2.038974e+01,2.034077e+01,2.035476e+01,2.053649e+01,2.042470e+01,2.044567e+01,2.053649e+01,2.061327e+01,2.057140e+01,2.050855e+01,2.044567e+01,2.038974e+01,2.041071e+01,2.050157e+01,2.043169e+01,2.025677e+01,2.030578e+01,2.018673e+01,2.013766e+01,1.989901e+01,1.983574e+01,1.982168e+01,1.980761e+01,1.965274e+01,1.952586e+01,1.958227e+01,1.958227e+01,1.955407e+01,1.952586e+01,1.949764e+01,1.946235e+01,1.951175e+01,1.943411e+01,1.949764e+01,1.941293e+01,1.937055e+01,1.941293e+01,1.930695e+01,1.934229e+01,1.927867e+01,1.929988e+01,1.930695e+01,1.926452e+01,1.955407e+01,1.938468e+01,1.957522e+01,1.970205e+01,1.977947e+01,1.970909e+01,1.972317e+01,1.996224e+01,2.002542e+01,2.004648e+01,2.004648e+01,2.010260e+01,2.020074e+01,2.034777e+01,2.038974e+01,2.041071e+01,2.041071e+01,2.044567e+01,2.061327e+01,2.055743e+01,2.058536e+01,2.084328e+01,2.064816e+01,2.080150e+01,2.086416e+01,2.091287e+01,2.080846e+01,2.087112e+01,2.097547e+01,2.087808e+01,2.079453e+01,2.077363e+01,2.077363e+01,2.087808e+01,2.086416e+01,2.085720e+01,2.093374e+01,2.088504e+01,2.092679e+01,2.079453e+01,2.087112e+01,2.084328e+01,2.080846e+01,2.084328e+01,2.087112e+01,2.085720e+01,2.081543e+01,2.078757e+01,2.080150e+01,2.082935e+01,2.074576e+01,2.079453e+01,2.082935e+01,2.072486e+01,2.071789e+01,2.080150e+01,2.078757e+01,2.089200e+01,2.087112e+01,2.086416e+01,2.089896e+01,2.082239e+01,2.082935e+01,2.080150e+01,2.086416e+01,2.089200e+01,2.079453e+01,2.083632e+01,2.078757e+01,2.078757e+01,2.081543e+01,2.087112e+01,2.087112e+01,2.087808e+01,2.088504e+01,2.088504e+01,2.080150e+01,2.078060e+01,2.076667e+01,2.078060e+01,2.085720e+01,2.078060e+01,2.085720e+01,2.081543e+01,2.084328e+01,2.082239e+01,2.084328e+01,2.085720e+01,2.084328e+01,2.083632e+01,2.089200e+01,2.070394e+01,2.087808e+01,2.071091e+01,2.067605e+01,2.071789e+01,2.064816e+01,2.064118e+01,2.068303e+01,2.062025e+01,2.073182e+01,2.069697e+01,2.066211e+01,2.055045e+01,2.067605e+01,2.050157e+01,2.048061e+01,2.046663e+01,2.039673e+01,2.037575e+01,2.043169e+01,2.043868e+01,2.032678e+01,2.029178e+01,2.027078e+01,2.017271e+01,2.015168e+01,2.028478e+01,2.003946e+01,2.001841e+01,1.989198e+01,1.989901e+01,1.998330e+01,1.986386e+01,2.013065e+01,2.022176e+01,2.048759e+01,2.047362e+01,2.062025e+01,2.059932e+01,2.071091e+01,2.059932e+01,2.050157e+01,2.026378e+01,2.022876e+01,2.004648e+01,1.987090e+01,1.970909e+01,1.953996e+01,1.947647e+01,1.941293e+01,1.931402e+01,1.925038e+01,1.917254e+01,1.917254e+01,1.933522e+01,1.918670e+01,1.932109e+01,1.922208e+01,1.948352e+01,1.951175e+01,1.980761e+01,1.984277e+01,2.005350e+01,2.006051e+01,2.032678e+01,2.038274e+01,2.076667e+01,2.088504e+01,2.082239e+01,2.080150e+01,2.081543e+01,2.082935e+01,2.066908e+01,2.083632e+01,2.082935e+01,2.079453e+01,2.081543e+01,2.076667e+01,2.075970e+01,2.083632e+01,2.087112e+01,2.090592e+01,2.077363e+01,2.089200e+01,2.073879e+01,2.079453e+01,2.089200e+01,2.093374e+01,2.087808e+01,2.082935e+01,2.087112e+01,2.083632e+01,2.090592e+01,2.091983e+01,2.085024e+01,2.087808e+01,2.087112e+01,2.086416e+01,2.085720e+01,2.084328e+01,2.085024e+01,2.088504e+01,2.082239e+01,2.093374e+01,2.078757e+01,2.104497e+01,2.103107e+01,2.087808e+01,2.096156e+01,2.075273e+01,2.075273e+01,2.075970e+01,2.082239e+01,2.080150e+01,2.089200e+01,2.081543e+01,2.083632e+01,2.084328e+01,2.094765e+01,2.094070e+01,2.080150e+01,2.082239e+01,2.091287e+01,2.087112e+01,2.091287e+01,2.080150e+01,2.087112e+01,2.083632e+01,2.087112e+01,2.092679e+01,2.096156e+01,2.085720e+01,2.098242e+01,2.086416e+01,2.098242e+01,2.099632e+01,2.087112e+01,2.089896e+01,2.089896e+01,2.093374e+01,2.092679e+01,2.093374e+01,2.099632e+01,2.102413e+01,2.101718e+01,2.103107e+01,2.087808e+01,2.092679e+01,2.098242e+01,2.089896e+01,2.091287e+01,2.101023e+01,2.089896e+01,2.100327e+01,2.094765e+01,2.100327e+01,2.094070e+01,2.094765e+01,2.096156e+01,2.101023e+01,2.101023e+01,2.105192e+01,2.108665e+01,2.103802e+01,2.099632e+01,2.105887e+01,2.098937e+01,2.104497e+01,2.105887e+01,2.107276e+01,2.103802e+01,2.103802e+01,2.099632e+01,2.103802e+01,2.111443e+01,2.101023e+01,2.103802e+01,2.105887e+01,2.106581e+01,2.098937e+01,2.091287e+01,2.091983e+01,2.089896e+01,2.093374e+01,2.087808e+01,2.104497e+01,2.103802e+01,2.102413e+01,2.094765e+01,2.097547e+01,2.097547e+01,2.097547e+01,2.091287e+01,2.096852e+01,2.095461e+01,2.102413e+01,2.096156e+01,2.075970e+01,2.105192e+01,2.092679e+01,2.091287e+01,2.094765e+01,2.088504e+01,2.096156e+01,2.091983e+01,2.090592e+01,2.091983e+01,2.089896e+01,2.089200e+01,2.091287e+01,2.091983e+01,2.089200e+01,2.091983e+01,2.088504e+01,2.086416e+01,2.080150e+01,2.094070e+01,2.087112e+01,2.092679e+01,2.094765e+01,2.085024e+01,2.091983e+01,2.095461e+01,2.092679e+01,2.092679e+01,2.092679e+01,2.094070e+01,2.086416e+01,2.097547e+01,2.100327e+01,2.087808e+01,2.097547e+01,2.103107e+01,2.100327e+01,2.087808e+01,2.100327e+01,2.108665e+01,2.092679e+01,2.130173e+01,2.130173e+01,2.100327e+01,2.107971e+01,2.112831e+01,2.112831e+01,2.107276e+01,2.098242e+01,2.090592e+01,2.101023e+01,2.093374e+01,2.093374e+01,2.086416e+01,2.087808e+01,2.085024e+01,2.087112e+01,2.080150e+01,2.071789e+01,2.070394e+01,2.075273e+01
2.075970e+01,2.064118e+01,2.076667e+01,2.062025e+01,2.068303e+01,2.073182e+01,2.082935e+01,2.069000e+01,2.084328e+01,2.091983e+01,2.080150e+01,2.082935e+01,2.069000e+01,2.073182e+01,2.069697e+01,2.084328e+01,2.064816e+01,2.064816e+01,2.071789e+01,2.066211e+01,2.075273e+01,2.069000e+01,2.083632e+01,2.096852e+01,2.080846e+01,2.072486e+01,2.079453e+01,2.088504e+01,2.071789e+01,2.073182e+01,2.087112e+01,2.075970e+01,2.080846e+01,2.073182e+01,2.077363e+01,2.073182e+01,2.073182e+01,2.082239e+01,2.088504e+01,2.088504e+01,2.066908e+01,2.078060e+01,2.078060e+01,2.078757e+01,2.077363e+01,2.075273e+01,2.076667e+01,2.077363e+01,2.080150e+01,2.075970e+01,2.075273e+01,2.075273e+01,2.085720e+01,2.083632e+01,2.084328e+01,2.071091e+01,2.096156e+01,2.078757e+01,2.080846e+01,2.077363e+01,2.061327e+01,2.078757e+01,2.078060e+01,2.069697e+01,2.078060e+01,2.080846e+01,2.059234e+01,2.082935e+01,2.075970e+01,2.076667e+01,2.077363e+01,2.078060e+01,2.075273e+01,2.075273e+01,2.077363e+01,2.080150e+01,2.081543e+01,2.082239e+01,2.080846e+01,2.079453e+01,2.074576e+01,2.069000e+01,2.085024e+01,2.082239e+01,2.085024e+01,2.065513e+01,2.074576e+01,2.078060e+01,2.076667e+01,2.083632e+01,2.062723e+01,2.081543e+01,2.090592e+01,2.078060e+01,2.084328e+01,2.084328e+01,2.078060e+01,2.075970e+01,2.080150e+01,2.082935e+01,2.073879e+01,2.080846e+01,2.080846e+01,2.078757e+01,2.071091e+01,2.073879e+01,2.067605e+01,2.076667e+01,2.105887e+01,2.082239e+01,2.091287e+01,2.078757e+01,2.085024e+01,2.073879e+01,2.083632e+01,2.077363e+01,2.070394e+01,2.078757e+01,2.077363e+01,2.078060e+01,2.086416e+01,2.078060e+01,2.080150e+01,2.087112e+01,2.089896e+01,2.080846e+01,2.069000e+01,2.071789e+01,2.080150e+01,2.077363e+01,2.077363e+01,2.087112e+01,2.074576e+01,2.085024e+01,2.101718e+01,2.085720e+01,2.079453e+01,2.080846e+01,2.093374e+01,2.082935e+01,2.059234e+01,2.062025e+01,2.061327e+01,2.061327e+01,2.055045e+01,2.047362e+01,2.050855e+01,2.069697e+01,2.071789e+01,2.087808e+01,2.071789e+01,2.080150e+01,2.073879e+01,2.081543e+01,2.078757e+01,2.072486e+01,2.077363e+01,2.071789e+01,2.068303e+01,2.066211e+01,2.036875e+01,2.020074e+01,2.008156e+01,1.973021e+01,1.982871e+01,1.967388e+01,1.964570e+01,1.930695e+01,1.960342e+01,1.964570e+01,1.988495e+01,1.998330e+01,2.013065e+01,2.035476e+01,2.073879e+01,2.089896e+01,2.068303e+01,2.085024e+01,2.083632e+01,2.073182e+01,2.072486e+01,2.080846e+01,2.075970e+01,2.059234e+01,2.057140e+01,2.055045e+01,2.059234e+01,2.062723e+01,2.052950e+01,2.047362e+01,2.043169e+01,2.030578e+01,2.056442e+01,2.034077e+01,2.031278e+01,2.036875e+01,2.027778e+01,2.027078e+01,2.036875e+01,2.043169e+01,2.044567e+01,2.053649e+01,2.037575e+01,2.050855e+01,2.035476e+01,2.048759e+01,2.062025e+01,2.055743e+01,2.055743e+01,2.059932e+01,2.072486e+01,2.062723e+01,2.064816e+01,2.069000e+01,2.067605e+01,2.074576e+01,2.076667e+01,2.075970e+01,2.076667e+01,2.075273e+01,2.067605e+01,2.069697e+01,2.075970e+01,2.073879e+01,2.072486e+01,2.067605e+01,2.069000e+01,2.070394e+01,2.076667e+01,2.080846e+01,2.080150e+01,2.075970e+01,2.075273e+01,2.077363e+01,2.078060e+01,2.081543e+01,2.074576e+01,2.063420e+01,2.064118e+01,2.064816e+01,2.059234e+01,2.043169e+01,2.031978e+01,2.045964e+01,2.043169e+01,2.034077e+01,2.036176e+01,2.035476e+01,2.040372e+01,2.041071e+01,2.049458e+01,2.056442e+01,2.054347e+01,2.060629e+01,2.052252e+01,2.055045e+01,2.054347e+01,2.045964e+01,2.046663e+01,2.045266e+01,2.037575e+01,2.038974e+01,2.032678e+01,2.028478e+01,2.020074e+01,2.017271e+01,2.015168e+01,1.987090e+01,1.982168e+01,1.978650e+01,1.970205e+01,1.976540e+01,1.956112e+01,1.962456e+01,1.965274e+01,1.951880e+01,1.957522e+01,1.953291e+01,1.950469e+01,1.951880e+01,1.943411e+01,1.946235e+01,1.937055e+01,1.949058e+01,1.939174e+01,1.931402e+01,1.939881e+01,1.934936e+01,1.938468e+01,1.937055e+01,1.942705e+01,1.960342e+01,1.963161e+01,1.968092e+01,1.970909e+01,1.993414e+01,1.994819e+01,2.005350e+01,1.999735e+01,2.006051e+01,2.005350e+01,2.027078e+01,2.029878e+01,2.028478e+01,2.034077e+01,2.027078e+01,2.043868e+01,2.024277e+01,2.041770e+01,2.050157e+01,2.054347e+01,2.061327e+01,2.073879e+01,2.080150e+01,2.076667e+01,2.082935e+01,2.087808e+01,2.088504e+01,2.092679e+01,2.093374e+01,2.089200e+01,2.086416e+01,2.078757e+01,2.079453e+01,2.082935e+01,2.087112e+01,2.085720e+01,2.079453e+01,2.083632e+01,2.091287e+01,2.082935e+01,2.085024e+01,2.082239e+01,2.082935e+01,2.079453e+01,2.078757e+01,2.085024e+01,2.082935e+01,2.086416e+01,2.080846e+01,2.076667e+01,2.092679e+01,2.089200e+01,2.081543e+01,2.076667e+01,2.085024e+01,2.082935e+01,2.076667e+01,2.077363e+01,2.090592e+01,2.089896e+01,2.090592e+01,2.084328e+01,2.083632e+01,2.087112e+01,2.082935e+01,2.087112e+01,2.086416e+01,2.087808e+01,2.085720e+01,2.084328e+01,2.081543e+01,2.087808e+01,2.087112e+01,2.083632e+01,2.083632e+01,2.091983e+01,2.091983e+01,2.086416e+01,2.081543e+01,2.080846e+01,2.087808e+01,2.087808e+01,2.080846e+01,2.080846e+01,2.080846e+01,2.101718e+01,2.089896e+01,2.084328e+01,2.071091e+01,2.082239e+01,2.073182e+01,2.086416e+01,2.084328e+01,2.083632e+01,2.083632e+01,2.078060e+01,2.084328e+01,2.077363e+01,2.080150e+01,2.074576e+01,2.068303e+01,2.077363e+01,2.066211e+01,2.062723e+01,2.075970e+01,2.062723e+01,2.067605e+01,2.075970e+01,2.060629e+01,2.061327e+01,2.069697e+01,2.062025e+01,2.056442e+01,2.039673e+01,2.050157e+01,2.034777e+01,2.032678e+01,2.027778e+01,2.029178e+01,2.003946e+01,2.010961e+01,2.010961e+01,1.994117e+01,1.998330e+01,2.034777e+01,2.041770e+01,2.027078e+01,2.052252e+01,2.060629e+01,2.061327e+01,2.062025e+01,2.061327e+01,2.055045e+01,2.045964e+01,2.024977e+01,2.017271e+01,1.990604e+01,1.958227e+01,1.973021e+01,1.964570e+01,1.948352e+01,1.944823e+01,1.931402e+01,1.938468e+01,1.928574e+01,1.934229e+01,1.926452e+01,1.919378e+01,1.920085e+01,1.923623e+01,1.923623e+01,1.944118e+01,1.966683e+01,1.968092e+01,1.980058e+01,2.004648e+01,2.029178e+01,2.038274e+01,2.066211e+01,2.072486e+01,2.072486e+01,2.085024e+01,2.093374e+01,2.085720e+01,2.081543e+01,2.080150e+01,2.083632e+01,2.084328e+01,2.075273e+01,2.073879e+01,2.103107e+01,2.082239e+01,2.091287e+01,2.079453e+01,2.087808e+01,2.089200e+01,2.086416e+01,2.082935e+01,2.087112e+01,2.091287e+01,2.088504e+01,2.092679e+01,2.094070e+01,2.096156e+01,2.083632e+01,2.088504e+01,2.084328e+01,2.088504e+01,2.091287e+01,2.089200e+01,2.085024e+01,2.091983e+01,2.096156e+01,2.089896e+01,2.086416e+01,2.089896e+01,2.101023e+01,2.091287e+01,2.088504e+01,2.073182e+01,2.076667e+01,2.087808e+01,2.080150e+01,2.098937e+01,2.097547e+01,2.083632e+01,2.082935e+01,2.080150e+01,2.087808e+01,2.109360e+01,2.072486e+01,2.079453e+01,2.075970e+01,2.083632e+01,2.085024e+01,2.088504e+01,2.086416e+01,2.087112e+01,2.082935e+01,2.095461e+01,2.094070e+01,2.102413e+01,2.098937e+01,2.087808e+01,2.089200e+01,2.098937e+01,2.091983e+01,2.096156e+01,2.097547e+01,2.101718e+01,2.094070e+01,2.094070e+01,2.100327e+01,2.093374e+01,2.102413e+01,2.099632e+01,2.099632e+01,2.090592e+01,2.098242e+01,2.088504e+01,2.090592e+01,2.096852e+01,2.094070e+01,2.101023e+01,2.101023e+01,2.116996e+01,2.098242e+01,2.110748e+01,2.102413e+01,2.096156e+01,2.100327e+01,2.110748e+01,2.107276e+01,2.100327e+01,2.094765e+01,2.100327e+01,2.100327e+01,2.105192e+01,2.104497e+01,2.102413e+01,2.106581e+01,2.104497e+01,2.105192e+01,2.105192e+01,2.105192e+01,2.096156e+01,2.126013e+01,2.096156e+01,2.093374e+01,2.094070e+01,2.103802e+01,2.099632e+01,2.096156e+01,2.095461e+01,2.095461e+01,2.094070e+01,2.096852e+01,2.089896e+01,2.095461e+01,2.096156e+01,2.096156e+01,2.100327e+01,2.099632e+01,2.082935e+01,2.099632e+01,2.106581e+01,2.098937e+01,2.097547e+01,2.094070e+01,2.096156e+01,2.093374e+01,2.090592e+01,2.097547e+01,2.092679e+01,2.096852e+01,2.089200e+01,2.092679e+01,2.089200e+01,2.095461e+01,2.096852e+01,2.086416e+01,2.094070e+01,2.089896e+01,2.088504e+01,2.103107e+01,2.089200e+01,2.095461e+01,2.087808e+01,2.106581e+01,2.089896e+01,2.095461e+01,2.098937e+01,2.092679e+01,2.097547e+01,2.096156e+01,2.094765e+01,2.094765e+01,2.094070e+01,2.095461e+01,2.087808e+01,2.098242e+01,2.098937e+01,2.102413e+01,2.086416e+01,2.102413e+01,2.085720e+01,2.085720e+01,2.101023e+01,2.094765e+01,2.105192e+01,2.094765e+01,2.114220e+01,2.113526e+01,2.104497e+01,2.107276e+01,2.105887e+01,2.119078e+01,2.105887e+01,2.103107e+01,2.087808e+01,2.088504e+01,2.087112e+01,2.103107e+01,2.091983e+01,2.074576e+01,2.078060e+01,2.073182e+01,2.066908e+01,2.093374e+01
2.082935e+01,2.075970e+01,2.069000e+01,2.077363e+01,2.075273e+01,2.076667e+01,2.071789e+01,2.083632e+01,2.085720e+01,2.069000e+01,2.080846e+01,2.085720e+01,2.081543e+01,2.063420e+01,2.069000e+01,2.064118e+01,2.070394e+01,2.064816e+01,2.077363e+01,2.065513e+01,2.082935e+01,2.069000e+01,2.071789e+01,2.071789e+01,2.073879e+01,2.076667e+01,2.093374e+01,2.082239e+01,2.083632e+01,2.078060e+01,2.086416e+01,2.085720e+01,2.078757e+01,2.073182e+01,2.072486e+01,2.080150e+01,2.082935e+01,2.088504e+01,2.069697e+01,2.080846e+01,2.091287e+01,2.076667e+01,2.077363e+01,2.080846e+01,2.082935e+01,2.080846e+01,2.074576e+01,2.071789e+01,2.073879e+01,2.075273e+01,2.089200e+01,2.078060e+01,2.089896e+01,2.068303e+01,2.085024e+01,2.075970e+01,2.075273e+01,2.073879e+01,2.078060e+01,2.074576e+01,2.081543e+01,2.082239e+01,2.084328e+01,2.078060e+01,2.076667e+01,2.068303e+01,2.071091e+01,2.082239e+01,2.071091e+01,2.078757e+01,2.066908e+01,2.077363e+01,2.073182e+01,2.079453e+01,2.073879e+01,2.077363e+01,2.080150e+01,2.076667e+01,2.075970e+01,2.079453e+01,2.082239e+01,2.080150e+01,2.075970e+01,2.075970e+01,2.082239e+01,2.082239e+01,2.063420e+01,2.073182e+01,2.082935e+01,2.075273e+01,2.080150e+01,2.080846e+01,2.077363e+01,2.069000e+01,2.093374e+01,2.078060e+01,2.079453e+01,2.075970e+01,2.075970e+01,2.080150e+01,2.080150e+01,2.073879e+01,2.076667e+01,2.078060e+01,2.078757e+01,2.080846e+01,2.075970e+01,2.072486e+01,2.089896e+01,2.087112e+01,2.085720e+01,2.080846e+01,2.079453e+01,2.115608e+01,2.082239e+01,2.086416e+01,2.088504e+01,2.080846e+01,2.080150e+01,2.080846e+01,2.081543e+01,2.092679e+01,2.082935e+01,2.077363e+01,2.083632e+01,2.072486e+01,2.087112e+01,2.085720e+01,2.080846e+01,2.082935e+01,2.077363e+01,2.078060e+01,2.077363e+01,2.085024e+01,2.081543e+01,2.085024e+01,2.084328e+01,2.078060e+01,2.080150e+01,2.086416e+01,2.073879e+01,2.059932e+01,2.057140e+01,2.064118e+01,2.045266e+01,2.062723e+01,2.052950e+01,2.071091e+01,2.079453e+01,2.080150e+01,2.072486e+01,2.073879e+01,2.087112e+01,2.066908e+01,2.073182e+01,2.069000e+01,2.069697e+01,2.061327e+01,2.043868e+01,2.036875e+01,2.004648e+01,2.003244e+01,1.979354e+01,1.973021e+01,1.949058e+01,1.944118e+01,1.950469e+01,1.932109e+01,1.936349e+01,1.963865e+01,1.966683e+01,1.968796e+01,2.032678e+01,2.037575e+01,2.041071e+01,2.081543e+01,2.085720e+01,2.088504e+01,2.076667e+01,2.077363e+01,2.081543e+01,2.066908e+01,2.079453e+01,2.085024e+01,2.078060e+01,2.081543e+01,2.062025e+01,2.061327e+01,2.063420e+01,2.063420e+01,2.048759e+01,2.052950e+01,2.054347e+01,2.054347e+01,2.045964e+01,2.047362e+01,2.049458e+01,2.053649e+01,2.056442e+01,2.044567e+01,2.055743e+01,2.043169e+01,2.055045e+01,2.053649e+01,2.038274e+01,2.053649e+01,2.052950e+01,2.059234e+01,2.058536e+01,2.062025e+01,2.066908e+01,2.069697e+01,2.076667e+01,2.069000e+01,2.064816e+01,2.075273e+01,2.069000e+01,2.066211e+01,2.073879e+01,2.064118e+01,2.075273e+01,2.071789e+01,2.075273e+01,2.069697e+01,2.072486e+01,2.075273e+01,2.075970e+01,2.082935e+01,2.070394e+01,2.075273e+01,2.077363e+01,2.078060e+01,2.078757e+01,2.080846e+01,2.076667e+01,2.075970e+01,2.085720e+01,2.075273e+01,2.065513e+01,2.051554e+01,2.060629e+01,2.055045e+01,2.043868e+01,2.034077e+01,2.045964e+01,2.045964e+01,2.038974e+01,2.035476e+01,2.048759e+01,2.041071e+01,2.047362e+01,2.056442e+01,2.055045e+01,2.057838e+01,2.057140e+01,2.052252e+01,2.053649e+01,2.047362e+01,2.045266e+01,2.045266e+01,2.037575e+01,2.026378e+01,2.024277e+01,2.020074e+01,2.010961e+01,2.011663e+01,2.009559e+01,2.003244e+01,1.980761e+01,1.980761e+01,1.966683e+01,1.961047e+01,1.962456e+01,1.959637e+01,1.963161e+01,1.957522e+01,1.953996e+01,1.944118e+01,1.946941e+01,1.948352e+01,1.952586e+01,1.934936e+01,1.934936e+01,1.941999e+01,1.934936e+01,1.933522e+01,1.937762e+01,1.939174e+01,1.941999e+01,1.944118e+01,1.946235e+01,1.968092e+01,1.965979e+01,1.980761e+01,1.990604e+01,1.986386e+01,1.986386e+01,1.990604e+01,1.997628e+01,2.013065e+01,2.020774e+01,2.031278e+01,2.015869e+01,2.031978e+01,2.029878e+01,2.031978e+01,2.044567e+01,2.048759e+01,2.038974e+01,2.062025e+01,2.059932e+01,2.073182e+01,2.059234e+01,2.074576e+01,2.073879e+01,2.084328e+01,2.088504e+01,2.091983e+01,2.091287e+01,2.084328e+01,2.087808e+01,2.085720e+01,2.085720e+01,2.087112e+01,2.083632e+01,2.086416e+01,2.080150e+01,2.088504e+01,2.083632e+01,2.086416e+01,2.091983e+01,2.082239e+01,2.081543e+01,2.086416e+01,2.082935e+01,2.083632e+01,2.093374e+01,2.074576e+01,2.084328e+01,2.082239e+01,2.082935e+01,2.074576e+01,2.082935e+01,2.073182e+01,2.084328e+01,2.082239e+01,2.091287e+01,2.081543e+01,2.085720e+01,2.080150e+01,2.094765e+01,2.090592e+01,2.093374e+01,2.076667e+01,2.085720e+01,2.084328e+01,2.075273e+01,2.076667e+01,2.082239e+01,2.077363e+01,2.105887e+01,2.080150e+01,2.084328e+01,2.085024e+01,2.080846e+01,2.088504e+01,2.088504e+01,2.081543e+01,2.086416e+01,2.073182e+01,2.082239e+01,2.073182e+01,2.075970e+01,2.078060e+01,2.075970e+01,2.082935e+01,2.086416e+01,2.081543e+01,2.084328e+01,2.084328e+01,2.085024e+01,2.075970e+01,2.087112e+01,2.071091e+01,2.085024e+01,2.080150e+01,2.072486e+01,2.083632e+01,2.079453e+01,2.071091e+01,2.080150e+01,2.085024e+01,2.080846e+01,2.078757e+01,2.069697e+01,2.074576e+01,2.070394e+01,2.076667e+01,2.082239e+01,2.073879e+01,2.070394e+01,2.073182e+01,2.073879e+01,2.055743e+01,2.047362e+01,2.053649e+01,2.060629e+01,2.035476e+01,2.029178e+01,2.031278e+01,2.029878e+01,2.025677e+01,2.033377e+01,2.024977e+01,2.023577e+01,2.022876e+01,2.034777e+01,2.047362e+01,2.050157e+01,2.045964e+01,2.060629e+01,2.069000e+01,2.058536e+01,2.050855e+01,2.050157e+01,2.027078e+01,2.024277e+01,1.997628e+01,1.977243e+01,1.956112e+01,1.973725e+01,1.940587e+01,1.958932e+01,1.943411e+01,1.936349e+01,1.941293e+01,1.933522e+01,1.921501e+01,1.929281e+01,1.934229e+01,1.929988e+01,1.926452e+01,1.937055e+01,1.944118e+01,1.966683e+01,1.966683e+01,1.977243e+01,1.988495e+01,2.015869e+01,2.036875e+01,2.056442e+01,2.057838e+01,2.066211e+01,2.082239e+01,2.068303e+01,2.092679e+01,2.086416e+01,2.083632e+01,2.081543e+01,2.083632e+01,2.090592e+01,2.082935e+01,2.089200e+01,2.088504e+01,2.085024e+01,2.082239e+01,2.084328e+01,2.075273e+01,2.087808e+01,2.089896e+01,2.087112e+01,2.091287e+01,2.090592e+01,2.091983e+01,2.095461e+01,2.085720e+01,2.091287e+01,2.085024e+01,2.090592e+01,2.089200e+01,2.098242e+01,2.094765e+01,2.088504e+01,2.096852e+01,2.078757e+01,2.095461e+01,2.087112e+01,2.087112e+01,2.098242e+01,2.089200e+01,2.093374e+01,2.087808e+01,2.096852e+01,2.086416e+01,2.071789e+01,2.087112e+01,2.088504e+01,2.073879e+01,2.063420e+01,2.071789e+01,2.063420e+01,2.077363e+01,2.072486e+01,2.091287e+01,2.088504e+01,2.078757e+01,2.082935e+01,2.080150e+01,2.078757e+01,2.080150e+01,2.080150e+01,2.096156e+01,2.089200e+01,2.093374e+01,2.091983e+01,2.086416e+01,2.089896e+01,2.099632e+01,2.091983e+01,2.101718e+01,2.094765e+01,2.093374e+01,2.093374e+01,2.105887e+01,2.087112e+01,2.103107e+01,2.101718e+01,2.083632e+01,2.101718e+01,2.098242e+01,2.089200e+01,2.093374e+01,2.098937e+01,2.095461e+01,2.116302e+01,2.096852e+01,2.102413e+01,2.105192e+01,2.101718e+01,2.097547e+01,2.094765e+01,2.101023e+01,2.099632e+01,2.119771e+01,2.096852e+01,2.107276e+01,2.103107e+01,2.101023e+01,2.103802e+01,2.106581e+01,2.103802e+01,2.102413e+01,2.101718e+01,2.102413e+01,2.099632e+01,2.101718e+01,2.096852e+01,2.097547e+01,2.109360e+01,2.105887e+01,2.106581e+01,2.101718e+01,2.103107e+01,2.107971e+01,2.096852e+01,2.095461e+01,2.101023e+01,2.094070e+01,2.100327e+01,2.090592e+01,2.100327e+01,2.102413e+01,2.100327e+01,2.097547e+01,2.098242e+01,2.088504e+01,2.082239e+01,2.096852e+01,2.094765e+01,2.094070e+01,2.096156e+01,2.110054e+01,2.096852e+01,2.095461e+01,2.087808e+01,2.096156e+01,2.092679e+01,2.091287e+01,2.092679e+01,2.089200e+01,2.089200e+01,2.089896e+01,2.089200e+01,2.102413e+01,2.085024e+01,2.085720e+01,2.107971e+01,2.100327e+01,2.088504e+01,2.105887e+01,2.090592e+01,2.089896e+01,2.091287e+01,2.101718e+01,2.098242e+01,2.096156e+01,2.096852e+01,2.092679e+01,2.095461e+01,2.097547e+01,2.096852e+01,2.098242e+01,2.099632e+01,2.090592e+01,2.091983e+01,2.098937e+01,2.099632e+01,2.089896e+01,2.114914e+01,2.090592e+01,2.123933e+01,2.114220e+01,2.115608e+01,2.118384e+01,2.118384e+01,2.106581e+01,2.114220e+01,2.109360e+01,2.096156e+01,2.094070e+01,2.094765e+01,2.091287e+01,2.093374e+01,2.094070e+01,2.091287e+01,2.085024e+01,2.080150e+01,2.074576e+01,2.057838e+01,2.073879e+01
2.077363e+01,2.066211e+01,2.078757e+01,2.071789e+01,2.064118e+01,2.073182e+01,2.084328e+01,2.073182e+01,2.084328e+01,2.086416e+01,2.091983e+01,2.074576e+01,2.073182e+01,2.084328e+01,2.077363e+01,2.070394e+01,2.069000e+01,2.066211e+01,2.071789e+01,2.070394e+01,2.077363e+01,2.077363e+01,2.069697e+01,2.082935e+01,2.080846e+01,2.082239e+01,2.078757e+01,2.087808e+01,2.084328e+01,2.081543e+01,2.086416e+01,2.089200e+01,2.078060e+01,2.074576e+01,2.082239e+01,2.073182e+01,2.080846e+01,2.080846e+01,2.078757e+01,2.080150e+01,2.086416e+01,2.080846e+01,2.091287e+01,2.075970e+01,2.075273e+01,2.080150e+01,2.082935e+01,2.098937e+01,2.069697e+01,2.092679e+01,2.074576e+01,2.076667e+01,2.077363e+01,2.078757e+01,2.080150e+01,2.079453e+01,2.085720e+01,2.085024e+01,2.080150e+01,2.079453e+01,2.082239e+01,2.077363e+01,2.081543e+01,2.072486e+01,2.073879e+01,2.073879e+01,2.074576e+01,2.067605e+01,2.066211e+01,2.068303e+01,2.068303e+01,2.082239e+01,2.075970e+01,2.069000e+01,2.078060e+01,2.073879e+01,2.080150e+01,2.077363e+01,2.078060e+01,2.080846e+01,2.087112e+01,2.084328e+01,2.087112e+01,2.087112e+01,2.074576e+01,2.089200e+01,2.081543e+01,2.083632e+01,2.079453e+01,2.082935e+01,2.079453e+01,2.072486e+01,2.080846e+01,2.075273e+01,2.078757e+01,2.077363e+01,2.079453e+01,2.080150e+01,2.083632e+01,2.078060e+01,2.080150e+01,2.087808e+01,2.077363e+01,2.089200e+01,2.074576e+01,2.077363e+01,2.084328e+01,2.068303e+01,2.076667e+01,2.087112e+01,2.070394e+01,2.085720e+01,2.075273e+01,2.083632e+01,2.080150e+01,2.074576e+01,2.078757e+01,2.080150e+01,2.095461e+01,2.078757e+01,2.084328e+01,2.066908e+01,2.069000e+01,2.076667e+01,2.086416e+01,2.073879e+01,2.085720e+01,2.086416e+01,2.071789e+01,2.075970e+01,2.076667e+01,2.085024e+01,2.073182e+01,2.087808e+01,2.086416e+01,2.080846e+01,2.087808e+01,2.073879e+01,2.089200e+01,2.076667e+01,2.078060e+01,2.059932e+01,2.059234e+01,2.057140e+01,2.069000e+01,2.064816e+01,2.067605e+01,2.077363e+01,2.088504e+01,2.074576e+01,2.078060e+01,2.080150e+01,2.103107e+01,2.069697e+01,2.079453e+01,2.080846e+01,2.052950e+01,2.048061e+01,2.043868e+01,2.027778e+01,1.996224e+01,1.997628e+01,1.959637e+01,1.952586e+01,1.928574e+01,1.922208e+01,1.930695e+01,1.929988e+01,1.934936e+01,1.934936e+01,1.963865e+01,1.987090e+01,2.014467e+01,2.026378e+01,2.062723e+01,2.083632e+01,2.085720e+01,2.087112e+01,2.082935e+01,2.076667e+01,2.077363e+01,2.076667e+01,2.080150e+01,2.080846e+01,2.082239e+01,2.069697e+01,2.078060e+01,2.064816e+01,2.065513e+01,2.057838e+01,2.071789e+01,2.056442e+01,2.040372e+01,2.062025e+01,2.059234e+01,2.066211e+01,2.057838e+01,2.052950e+01,2.053649e+01,2.062723e+01,2.043169e+01,2.057838e+01,2.057140e+01,2.059932e+01,2.040372e+01,2.054347e+01,2.066908e+01,2.069000e+01,2.061327e+01,2.062025e+01,2.060629e+01,2.066211e+01,2.071789e+01,2.074576e+01,2.071789e+01,2.076667e+01,2.078060e+01,2.075273e+01,2.075273e+01,2.061327e+01,2.057838e+01,2.073182e+01,2.069697e+01,2.072486e+01,2.069697e+01,2.073182e+01,2.071091e+01,2.073879e+01,2.082935e+01,2.074576e+01,2.075970e+01,2.085024e+01,2.082239e+01,2.082935e+01,2.078060e+01,2.074576e+01,2.073182e+01,2.068303e+01,2.059932e+01,2.048061e+01,2.058536e+01,2.048759e+01,2.034777e+01,2.043169e+01,2.045964e+01,2.049458e+01,2.036176e+01,2.045964e+01,2.055743e+01,2.046663e+01,2.043169e+01,2.048061e+01,2.048061e+01,2.050855e+01,2.054347e+01,2.052950e+01,2.052950e+01,2.045266e+01,2.043169e+01,2.043868e+01,2.040372e+01,2.029178e+01,2.022876e+01,2.022876e+01,2.020774e+01,1.999735e+01,2.007454e+01,1.984277e+01,1.970909e+01,1.970205e+01,1.968092e+01,1.957522e+01,1.960342e+01,1.958932e+01,1.956112e+01,1.956112e+01,1.955407e+01,1.937762e+01,1.951175e+01,1.936349e+01,1.932109e+01,1.949058e+01,1.951880e+01,1.938468e+01,1.934936e+01,1.936349e+01,1.938468e+01,1.936349e+01,1.952586e+01,1.946235e+01,1.963865e+01,1.963865e+01,1.958932e+01,1.985683e+01,1.987792e+01,1.993414e+01,1.996926e+01,2.010961e+01,2.013065e+01,2.020774e+01,2.022876e+01,2.029178e+01,2.031278e+01,2.035476e+01,2.029178e+01,2.035476e+01,2.029178e+01,2.041770e+01,2.047362e+01,2.051554e+01,2.068303e+01,2.076667e+01,2.082935e+01,2.068303e+01,2.080846e+01,2.071091e+01,2.089200e+01,2.080150e+01,2.088504e+01,2.091983e+01,2.081543e+01,2.084328e+01,2.083632e+01,2.082935e+01,2.086416e+01,2.085024e+01,2.086416e+01,2.078757e+01,2.080150e+01,2.089896e+01,2.082935e+01,2.085024e+01,2.078060e+01,2.080150e+01,2.086416e+01,2.082239e+01,2.079453e+01,2.080846e+01,2.083632e+01,2.087112e+01,2.074576e+01,2.073182e+01,2.073182e+01,2.085024e+01,2.074576e+01,2.062723e+01,2.079453e+01,2.065513e+01,2.094070e+01,2.089200e+01,2.095461e+01,2.085720e+01,2.086416e+01,2.098937e+01,2.085720e+01,2.080150e+01,2.076667e+01,2.087808e+01,2.087808e+01,2.082935e+01,2.080150e+01,2.082935e+01,2.083632e+01,2.080846e+01,2.087112e+01,2.086416e+01,2.085024e+01,2.089200e+01,2.089896e+01,2.092679e+01,2.076667e+01,2.075273e+01,2.087808e+01,2.076667e+01,2.080846e+01,2.085024e+01,2.079453e+01,2.080150e+01,2.082935e+01,2.089896e+01,2.086416e+01,2.083632e+01,2.080150e+01,2.082239e+01,2.089200e+01,2.075273e+01,2.084328e+01,2.073182e+01,2.074576e+01,2.073182e+01,2.080846e+01,2.073182e+01,2.082239e+01,2.086416e+01,2.074576e+01,2.072486e+01,2.083632e+01,2.072486e+01,2.078757e+01,2.095461e+01,2.094765e+01,2.075273e+01,2.062723e+01,2.061327e+01,2.086416e+01,2.055045e+01,2.058536e+01,2.071091e+01,2.068303e+01,2.052950e+01,2.052252e+01,2.034777e+01,2.046663e+01,2.030578e+01,2.035476e+01,2.027778e+01,2.043868e+01,2.050157e+01,2.051554e+01,2.045266e+01,2.048759e+01,2.055743e+01,2.051554e+01,2.048061e+01,2.044567e+01,2.021475e+01,2.003946e+01,2.003946e+01,1.982168e+01,1.978650e+01,1.970909e+01,1.955407e+01,1.951880e+01,1.947647e+01,1.949058e+01,1.934936e+01,1.933522e+01,1.927867e+01,1.922916e+01,1.925745e+01,1.921501e+01,1.922208e+01,1.926452e+01,1.927160e+01,1.938468e+01,1.946235e+01,1.941999e+01,1.968092e+01,1.984277e+01,2.017972e+01,2.020074e+01,2.029178e+01,2.055743e+01,2.061327e+01,2.067605e+01,2.065513e+01,2.078757e+01,2.081543e+01,2.085720e+01,2.082239e+01,2.082935e+01,2.082239e+01,2.087112e+01,2.083632e+01,2.082239e+01,2.088504e+01,2.084328e+01,2.086416e+01,2.085024e+01,2.089200e+01,2.090592e+01,2.091983e+01,2.119078e+01,2.091287e+01,2.083632e+01,2.086416e+01,2.087808e+01,2.086416e+01,2.085024e+01,2.088504e+01,2.090592e+01,2.080846e+01,2.078060e+01,2.090592e+01,2.085720e+01,2.081543e+01,2.086416e+01,2.100327e+01,2.088504e+01,2.086416e+01,2.087112e+01,2.094765e+01,2.096852e+01,2.077363e+01,2.082935e+01,2.084328e+01,2.064816e+01,2.048759e+01,2.059234e+01,2.058536e+01,2.047362e+01,2.066211e+01,2.045964e+01,2.072486e+01,2.078757e+01,2.076667e+01,2.082935e+01,2.080846e+01,2.080150e+01,2.091287e+01,2.079453e+01,2.089200e+01,2.080846e+01,2.087808e+01,2.099632e+01,2.093374e+01,2.096852e+01,2.099632e+01,2.091983e+01,2.095461e+01,2.096852e+01,2.103107e+01,2.098242e+01,2.096156e+01,2.094765e+01,2.106581e+01,2.100327e+01,2.101718e+01,2.082935e+01,2.108665e+01,2.097547e+01,2.097547e+01,2.111443e+01,2.101023e+01,2.101718e+01,2.097547e+01,2.109360e+01,2.105192e+01,2.096156e+01,2.106581e+01,2.100327e+01,2.084328e+01,2.107276e+01,2.102413e+01,2.108665e+01,2.103107e+01,2.098242e+01,2.100327e+01,2.095461e+01,2.105887e+01,2.104497e+01,2.102413e+01,2.103107e+01,2.104497e+01,2.107276e+01,2.107971e+01,2.096852e+01,2.103107e+01,2.107276e+01,2.098937e+01,2.099632e+01,2.101023e+01,2.103802e+01,2.097547e+01,2.105887e+01,2.097547e+01,2.112137e+01,2.094070e+01,2.092679e+01,2.103107e+01,2.104497e+01,2.098937e+01,2.099632e+01,2.098937e+01,2.095461e+01,2.086416e+01,2.105887e+01,2.095461e+01,2.106581e+01,2.095461e+01,2.090592e+01,2.088504e+01,2.108665e+01,2.094765e+01,2.089200e+01,2.094765e+01,2.099632e+01,2.091287e+01,2.089200e+01,2.093374e+01,2.098242e+01,2.105192e+01,2.082935e+01,2.089896e+01,2.083632e+01,2.082935e+01,2.092679e+01,2.085720e+01,2.091287e+01,2.110054e+01,2.094070e+01,2.090592e+01,2.094765e+01,2.097547e+01,2.098937e+01,2.094070e+01,2.098242e+01,2.107276e+01,2.098242e+01,2.091983e+01,2.094070e+01,2.088504e+01,2.098937e+01,2.096156e+01,2.103107e+01,2.102413e+01,2.111443e+01,2.110054e+01,2.105887e+01,2.105192e+01,2.112831e+01,2.112831e+01,2.128093e+01,2.123933e+01,2.125320e+01,2.106581e+01,2.104497e+01,2.098937e+01,2.110748e+01,2.099632e+01,2.098242e+01,2.094765e+01,2.090592e+01,2.095461e+01,2.085024e+01,2.069697e+01,2.094765e+01,2.087808e+01,2.068303e+01,2.060629e+01
2.080846e+01,2.082239e+01,2.078757e+01,2.072486e+01,2.069697e+01,2.072486e+01,2.085024e+01,2.087112e+01,2.071789e+01,2.078757e+01,2.084328e+01,2.077363e+01,2.068303e+01,2.071091e+01,2.071091e+01,2.069000e+01,2.071091e+01,2.071091e+01,2.070394e+01,2.078757e+01,2.081543e+01,2.077363e+01,2.089896e+01,2.088504e+01,2.085720e+01,2.083632e+01,2.078060e+01,2.089896e+01,2.079453e+01,2.071789e+01,2.085024e+01,2.079453e+01,2.086416e+01,2.083632e+01,2.073879e+01,2.071789e+01,2.073182e+01,2.077363e+01,2.089200e+01,2.082239e+01,2.066908e+01,2.077363e+01,2.078060e+01,2.080150e+01,2.080150e+01,2.080846e+01,2.088504e+01,2.087808e+01,2.072486e+01,2.084328e+01,2.082239e+01,2.080150e+01,2.078757e+01,2.079453e+01,2.087112e+01,2.086416e+01,2.082935e+01,2.075970e+01,2.085720e+01,2.080150e+01,2.079453e+01,2.080846e+01,2.086416e+01,2.085720e+01,2.076667e+01,2.075970e+01,2.086416e+01,2.082935e+01,2.087112e+01,2.081543e+01,2.073182e+01,2.077363e+01,2.074576e+01,2.078060e+01,2.080150e+01,2.049458e+01,2.074576e+01,2.076667e+01,2.074576e+01,2.078060e+01,2.079453e+01,2.082935e+01,2.082935e+01,2.083632e+01,2.088504e+01,2.075273e+01,2.071091e+01,2.083632e+01,2.071091e+01,2.082239e+01,2.079453e+01,2.078060e+01,2.085024e+01,2.078757e+01,2.091287e+01,2.093374e+01,2.073879e+01,2.071091e+01,2.069697e+01,2.074576e+01,2.075970e+01,2.077363e+01,2.073182e+01,2.082935e+01,2.087808e+01,2.076667e+01,2.075273e+01,2.080150e+01,2.079453e+01,2.082935e+01,2.073879e+01,2.080150e+01,2.073879e+01,2.083632e+01,2.078060e+01,2.079453e+01,2.077363e+01,2.085024e+01,2.082239e+01,2.078060e+01,2.076667e+01,2.075273e+01,2.078060e+01,2.069000e+01,2.087112e+01,2.091287e+01,2.088504e+01,2.071091e+01,2.085024e+01,2.073879e+01,2.082935e+01,2.073879e+01,2.082239e+01,2.074576e+01,2.080846e+01,2.084328e+01,2.094765e+01,2.079453e+01,2.072486e+01,2.069000e+01,2.077363e+01,2.060629e+01,2.062025e+01,2.057140e+01,2.066211e+01,2.066908e+01,2.065513e+01,2.072486e+01,2.072486e+01,2.075273e+01,2.080150e+01,2.080150e+01,2.079453e+01,2.067605e+01,2.064118e+01,2.054347e+01,2.063420e+01,2.035476e+01,2.002542e+01,1.997628e+01,1.973021e+01,1.941999e+01,1.953291e+01,1.929281e+01,1.920085e+01,1.905922e+01,1.915130e+01,1.901669e+01,1.935642e+01,1.933522e+01,1.963161e+01,1.982168e+01,2.008156e+01,2.044567e+01,2.045964e+01,2.068303e+01,2.084328e+01,2.086416e+01,2.082239e+01,2.072486e+01,2.087808e+01,2.078757e+01,2.075970e+01,2.081543e+01,2.058536e+01,2.067605e+01,2.069000e+01,2.063420e+01,2.073182e+01,2.064118e+01,2.068303e+01,2.070394e+01,2.065513e+01,2.067605e+01,2.056442e+01,2.065513e+01,2.067605e+01,2.068303e+01,2.062025e+01,2.066211e+01,2.064816e+01,2.058536e+01,2.066908e+01,2.050157e+01,2.051554e+01,2.052252e+01,2.075970e+01,2.060629e+01,2.052950e+01,2.073879e+01,2.075970e+01,2.066211e+01,2.071789e+01,2.080150e+01,2.077363e+01,2.078060e+01,2.077363e+01,2.065513e+01,2.064118e+01,2.071091e+01,2.073182e+01,2.064118e+01,2.069000e+01,2.072486e+01,2.072486e+01,2.069697e+01,2.069697e+01,2.078757e+01,2.091983e+01,2.082935e+01,2.079453e+01,2.079453e+01,2.080150e+01,2.082935e+01,2.083632e+01,2.081543e+01,2.078757e+01,2.069000e+01,2.057140e+01,2.078757e+01,2.053649e+01,2.034777e+01,2.034077e+01,2.031278e+01,2.033377e+01,2.062723e+01,2.037575e+01,2.048759e+01,2.048061e+01,2.050157e+01,2.055743e+01,2.047362e+01,2.051554e+01,2.053649e+01,2.055743e+01,2.042470e+01,2.057838e+01,2.058536e+01,2.046663e+01,2.043868e+01,2.027778e+01,2.023577e+01,2.023577e+01,2.011663e+01,2.013766e+01,2.002542e+01,1.990604e+01,1.992009e+01,1.979354e+01,1.978650e+01,1.963865e+01,1.966683e+01,1.955407e+01,1.961751e+01,1.956817e+01,1.941293e+01,1.961751e+01,1.949058e+01,1.951175e+01,1.948352e+01,1.957522e+01,1.941999e+01,1.946941e+01,1.939174e+01,1.936349e+01,1.940587e+01,1.939881e+01,1.943411e+01,1.946235e+01,1.968796e+01,1.967388e+01,1.980058e+01,1.987090e+01,1.994819e+01,1.987792e+01,2.003244e+01,2.001841e+01,2.016570e+01,2.004648e+01,2.017271e+01,2.021475e+01,2.041770e+01,2.035476e+01,2.029878e+01,2.038974e+01,2.038974e+01,2.024977e+01,2.027078e+01,2.048061e+01,2.054347e+01,2.074576e+01,2.069697e+01,2.073182e+01,2.069697e+01,2.087112e+01,2.085720e+01,2.090592e+01,2.082935e+01,2.091287e+01,2.081543e+01,2.078757e+01,2.086416e+01,2.086416e+01,2.087112e+01,2.087112e+01,2.088504e+01,2.079453e+01,2.085024e+01,2.082935e+01,2.082239e+01,2.085720e+01,2.083632e+01,2.080846e+01,2.077363e+01,2.078757e+01,2.082935e+01,2.080150e+01,2.073182e+01,2.081543e+01,2.070394e+01,2.073182e+01,2.071789e+01,2.051554e+01,2.055045e+01,2.055743e+01,2.055743e+01,2.057838e+01,2.075273e+01,2.074576e+01,2.078060e+01,2.076667e+01,2.082239e+01,2.085024e+01,2.083632e+01,2.088504e+01,2.084328e+01,2.079453e+01,2.078757e+01,2.076667e+01,2.083632e+01,2.078757e+01,2.082935e+01,2.086416e+01,2.085720e+01,2.080150e+01,2.085024e+01,2.088504e+01,2.083632e+01,2.084328e+01,2.087112e+01,2.072486e+01,2.054347e+01,2.059234e+01,2.072486e+01,2.083632e+01,2.081543e+01,2.086416e+01,2.079453e+01,2.073182e+01,2.080150e+01,2.069697e+01,2.064118e+01,2.078060e+01,2.080150e+01,2.082239e+01,2.078060e+01,2.083632e+01,2.071789e+01,2.089896e+01,2.079453e+01,2.077363e+01,2.078757e+01,2.078757e+01,2.080846e+01,2.080150e+01,2.075273e+01,2.084328e+01,2.078757e+01,2.078757e+01,2.101718e+01,2.087112e+01,2.093374e+01,2.075273e+01,2.087112e+01,2.073182e+01,2.073879e+01,2.085024e+01,2.084328e+01,2.069697e+01,2.069000e+01,2.063420e+01,2.038974e+01,2.046663e+01,2.053649e+01,2.030578e+01,2.039673e+01,2.047362e+01,2.050157e+01,2.047362e+01,2.049458e+01,2.048061e+01,2.041770e+01,2.043868e+01,2.048759e+01,2.028478e+01,2.021475e+01,2.024277e+01,2.002542e+01,1.992711e+01,2.001841e+01,1.999735e+01,1.975836e+01,1.965979e+01,1.950469e+01,1.954701e+01,1.939881e+01,1.947647e+01,1.929988e+01,1.926452e+01,1.922916e+01,1.934229e+01,1.937055e+01,1.935642e+01,1.920085e+01,1.930695e+01,1.937055e+01,1.931402e+01,1.943411e+01,1.969500e+01,1.978650e+01,1.987090e+01,2.008156e+01,2.019373e+01,2.050157e+01,2.050855e+01,2.061327e+01,2.058536e+01,2.074576e+01,2.082935e+01,2.070394e+01,2.078757e+01,2.085720e+01,2.081543e+01,2.092679e+01,2.082935e+01,2.084328e+01,2.084328e+01,2.082935e+01,2.088504e+01,2.087112e+01,2.087808e+01,2.089896e+01,2.085024e+01,2.087808e+01,2.080846e+01,2.112831e+01,2.088504e+01,2.092679e+01,2.086416e+01,2.085024e+01,2.094070e+01,2.093374e+01,2.086416e+01,2.085720e+01,2.089896e+01,2.086416e+01,2.089896e+01,2.087112e+01,2.085720e+01,2.076667e+01,2.089200e+01,2.084328e+01,2.080150e+01,2.085720e+01,2.063420e+01,2.048759e+01,2.023577e+01,2.025677e+01,2.008156e+01,2.024277e+01,2.016570e+01,2.027778e+01,2.033377e+01,2.047362e+01,2.031978e+01,2.060629e+01,2.070394e+01,2.071091e+01,2.080150e+01,2.085720e+01,2.098937e+01,2.097547e+01,2.095461e+01,2.090592e+01,2.089896e+01,2.089896e+01,2.098242e+01,2.093374e+01,2.096852e+01,2.090592e+01,2.094765e+01,2.093374e+01,2.101718e+01,2.088504e+01,2.086416e+01,2.101023e+01,2.100327e+01,2.103107e+01,2.086416e+01,2.098242e+01,2.096156e+01,2.085720e+01,2.096156e+01,2.091287e+01,2.103802e+01,2.105192e+01,2.114220e+01,2.094070e+01,2.109360e+01,2.101023e+01,2.100327e+01,2.105192e+01,2.101023e+01,2.098937e+01,2.101718e+01,2.103107e+01,2.096852e+01,2.100327e+01,2.099632e+01,2.085720e+01,2.108665e+01,2.104497e+01,2.103107e+01,2.098242e+01,2.106581e+01,2.106581e+01,2.107971e+01,2.107971e+01,2.101718e+01,2.109360e+01,2.100327e+01,2.111443e+01,2.099632e+01,2.098242e+01,2.096852e+01,2.097547e+01,2.099632e+01,2.095461e+01,2.090592e+01,2.092679e+01,2.098937e+01,2.096156e+01,2.089896e+01,2.101023e+01,2.103802e+01,2.107971e+01,2.100327e+01,2.087112e+01,2.096852e+01,2.088504e+01,2.090592e+01,2.091983e+01,2.092679e+01,2.098242e+01,2.089896e+01,2.092679e+01,2.094765e+01,2.091287e+01,2.089200e+01,2.088504e+01,2.097547e+01,2.089200e+01,2.091287e+01,2.098242e+01,2.096156e+01,2.099632e+01,2.119771e+01,2.089896e+01,2.082239e+01,2.091287e+01,2.075970e+01,2.088504e+01,2.085720e+01,2.087112e+01,2.096852e+01,2.099632e+01,2.096852e+01,2.091287e+01,2.089896e+01,2.094070e+01,2.086416e+01,2.097547e+01,2.103107e+01,2.101718e+01,2.089896e+01,2.100327e+01,2.083632e+01,2.106581e+01,2.113526e+01,2.110748e+01,2.104497e+01,2.113526e+01,2.119078e+01,2.120465e+01,2.121159e+01,2.110748e+01,2.119771e+01,2.110748e+01,2.082239e+01,2.103802e+01,2.094070e+01,2.093374e+01,2.085024e+01,2.089896e+01,2.087112e+01,2.081543e+01,2.071789e+01,2.070394e+01,2.053649e+01,2.070394e+01
2.064816e+01,2.066908e+01,2.082239e+01,2.084328e+01,2.066908e+01,2.085024e+01,2.071091e+01,2.069697e+01,2.080846e+01,2.097547e+01,2.074576e+01,2.094070e+01,2.071789e+01,2.069697e+01,2.071091e+01,2.073182e+01,2.071091e+01,2.073879e+01,2.075273e+01,2.075273e+01,2.073879e+01,2.078060e+01,2.087112e+01,2.070394e+01,2.073182e+01,2.068303e+01,2.069697e+01,2.090592e+01,2.080150e+01,2.070394e+01,2.075970e+01,2.075273e+01,2.080150e+01,2.076667e+01,2.075970e+01,2.094070e+01,2.075273e+01,2.085720e+01,2.080846e+01,2.080846e+01,2.073879e+01,2.079453e+01,2.080150e+01,2.080150e+01,2.064118e+01,2.087808e+01,2.103802e+01,2.072486e+01,2.069697e+01,2.078060e+01,2.069697e+01,2.086416e+01,2.076667e+01,2.088504e+01,2.080846e+01,2.086416e+01,2.071789e+01,2.073182e+01,2.087808e+01,2.075970e+01,2.071091e+01,2.081543e+01,2.077363e+01,2.073879e+01,2.075970e+01,2.085720e+01,2.079453e+01,2.089200e+01,2.085720e+01,2.078757e+01,2.067605e+01,2.073182e+01,2.078757e+01,2.064816e+01,2.078757e+01,2.082239e+01,2.078060e+01,2.078757e+01,2.078757e+01,2.075970e+01,2.079453e+01,2.076667e+01,2.079453e+01,2.083632e+01,2.082935e+01,2.081543e+01,2.078757e+01,2.083632e+01,2.075273e+01,2.089200e+01,2.091287e+01,2.073182e+01,2.066908e+01,2.075970e+01,2.078757e+01,2.078060e+01,2.075970e+01,2.067605e+01,2.078757e+01,2.081543e+01,2.069697e+01,2.087112e+01,2.077363e+01,2.081543e+01,2.078757e+01,2.075273e+01,2.075970e+01,2.078757e+01,2.083632e+01,2.080150e+01,2.078060e+01,2.081543e+01,2.070394e+01,2.082935e+01,2.076667e+01,2.081543e+01,2.081543e+01,2.087112e+01,2.082239e+01,2.083632e+01,2.074576e+01,2.080846e+01,2.078060e+01,2.085720e+01,2.085720e+01,2.073182e+01,2.078757e+01,2.089200e+01,2.087112e+01,2.087112e+01,2.087112e+01,2.079453e+01,2.082935e+01,2.084328e+01,2.085720e+01,2.089896e+01,2.093374e+01,2.072486e+01,2.076667e+01,2.064816e+01,2.060629e+01,2.058536e+01,2.056442e+01,2.052252e+01,2.060629e+01,2.053649e+01,2.067605e+01,2.066211e+01,2.069000e+01,2.077363e+01,2.057140e+01,2.073879e+01,2.079453e+01,2.054347e+01,2.055743e+01,2.055045e+01,2.029178e+01,2.004648e+01,1.994117e+01,1.987090e+01,1.961751e+01,1.951880e+01,1.914422e+01,1.898123e+01,1.910173e+01,1.900251e+01,1.901669e+01,1.908756e+01,1.936349e+01,1.934936e+01,1.965979e+01,1.986386e+01,2.016570e+01,2.041770e+01,2.041071e+01,2.081543e+01,2.074576e+01,2.080846e+01,2.078757e+01,2.071091e+01,2.090592e+01,2.083632e+01,2.075273e+01,2.080846e+01,2.071091e+01,2.072486e+01,2.067605e+01,2.083632e+01,2.076667e+01,2.082935e+01,2.072486e+01,2.069000e+01,2.066908e+01,2.075970e+01,2.050157e+01,2.070394e+01,2.059932e+01,2.071091e+01,2.069697e+01,2.051554e+01,2.062025e+01,2.066211e+01,2.054347e+01,2.072486e+01,2.070394e+01,2.069000e+01,2.079453e+01,2.077363e+01,2.069697e+01,2.080150e+01,2.074576e+01,2.066908e+01,2.069000e+01,2.078060e+01,2.071789e+01,2.072486e+01,2.059932e+01,2.064118e+01,2.068303e+01,2.071091e+01,2.067605e+01,2.070394e+01,2.066908e+01,2.069697e+01,2.075273e+01,2.085024e+01,2.080150e+01,2.079453e+01,2.083632e+01,2.075273e+01,2.084328e+01,2.082935e+01,2.084328e+01,2.078060e+01,2.083632e+01,2.080150e+01,2.059932e+01,2.068303e+01,2.055045e+01,2.052950e+01,2.052252e+01,2.034077e+01,2.049458e+01,2.043868e+01,2.032678e+01,2.047362e+01,2.042470e+01,2.041071e+01,2.055045e+01,2.061327e+01,2.048061e+01,2.054347e+01,2.062723e+01,2.058536e+01,2.053649e+01,2.058536e+01,2.047362e+01,2.060629e+01,2.039673e+01,2.055045e+01,2.038974e+01,2.029178e+01,2.021475e+01,2.006051e+01,2.003946e+01,2.001139e+01,1.999735e+01,1.986386e+01,1.984980e+01,1.961751e+01,1.977947e+01,1.977947e+01,1.979354e+01,1.975132e+01,1.958932e+01,1.960342e+01,1.961047e+01,1.951175e+01,1.958932e+01,1.952586e+01,1.939174e+01,1.943411e+01,1.951880e+01,1.944118e+01,1.943411e+01,1.941293e+01,1.947647e+01,1.964570e+01,1.965274e+01,1.977243e+01,1.965274e+01,1.989901e+01,1.988495e+01,2.010961e+01,1.984980e+01,1.995521e+01,2.010260e+01,2.010260e+01,2.010961e+01,2.017271e+01,2.020074e+01,2.023577e+01,2.031978e+01,2.031278e+01,2.036875e+01,2.039673e+01,2.038974e+01,2.048061e+01,2.027778e+01,2.064118e+01,2.067605e+01,2.084328e+01,2.081543e+01,2.085720e+01,2.089200e+01,2.075273e+01,2.088504e+01,2.087112e+01,2.085720e+01,2.091287e+01,2.080150e+01,2.089896e+01,2.085024e+01,2.089200e+01,2.086416e+01,2.088504e+01,2.089896e+01,2.085024e+01,2.084328e+01,2.086416e+01,2.092679e+01,2.082935e+01,2.078060e+01,2.079453e+01,2.078757e+01,2.080150e+01,2.075970e+01,2.057140e+01,2.059234e+01,2.043169e+01,2.045964e+01,2.047362e+01,2.024277e+01,2.051554e+01,2.049458e+01,2.055045e+01,2.036176e+01,2.059234e+01,2.057140e+01,2.082239e+01,2.087112e+01,2.082935e+01,2.083632e+01,2.082935e+01,2.078757e+01,2.092679e+01,2.072486e+01,2.094765e+01,2.091983e+01,2.087112e+01,2.085024e+01,2.086416e+01,2.087112e+01,2.080846e+01,2.088504e+01,2.080150e+01,2.085720e+01,2.080846e+01,2.079453e+01,2.081543e+01,2.064816e+01,2.042470e+01,2.015168e+01,2.041770e+01,2.058536e+01,2.086416e+01,2.078060e+01,2.078757e+01,2.077363e+01,2.076667e+01,2.078060e+01,2.071091e+01,2.080150e+01,2.087808e+01,2.087112e+01,2.084328e+01,2.080846e+01,2.068303e+01,2.069697e+01,2.087808e+01,2.093374e+01,2.085720e+01,2.080846e+01,2.080150e+01,2.082239e+01,2.080846e+01,2.075273e+01,2.078060e+01,2.077363e+01,2.103107e+01,2.087112e+01,2.093374e+01,2.085720e+01,2.087112e+01,2.083632e+01,2.087112e+01,2.065513e+01,2.083632e+01,2.081543e+01,2.075970e+01,2.056442e+01,2.065513e+01,2.061327e+01,2.060629e+01,2.055743e+01,2.050855e+01,2.049458e+01,2.050855e+01,2.049458e+01,2.046663e+01,2.050157e+01,2.056442e+01,2.048759e+01,2.040372e+01,2.043868e+01,2.023577e+01,2.006051e+01,2.000437e+01,2.003946e+01,1.973725e+01,1.980761e+01,1.970909e+01,1.965274e+01,1.968796e+01,1.965274e+01,1.949764e+01,1.937055e+01,1.933522e+01,1.934936e+01,1.941293e+01,1.929281e+01,1.922916e+01,1.922208e+01,1.923623e+01,1.920793e+01,1.934229e+01,1.943411e+01,1.931402e+01,1.941999e+01,1.978650e+01,1.979354e+01,1.996926e+01,2.000437e+01,2.001841e+01,2.012364e+01,2.046663e+01,2.038274e+01,2.055045e+01,2.060629e+01,2.083632e+01,2.076667e+01,2.086416e+01,2.082935e+01,2.086416e+01,2.085720e+01,2.082239e+01,2.085024e+01,2.087808e+01,2.085720e+01,2.088504e+01,2.070394e+01,2.076667e+01,2.069697e+01,2.090592e+01,2.091287e+01,2.077363e+01,2.088504e+01,2.094765e+01,2.078757e+01,2.092679e+01,2.093374e+01,2.085720e+01,2.086416e+01,2.085024e+01,2.085024e+01,2.085720e+01,2.087808e+01,2.088504e+01,2.089200e+01,2.092679e+01,2.085720e+01,2.095461e+01,2.083632e+01,2.071789e+01,2.062723e+01,2.041770e+01,2.022876e+01,2.010961e+01,2.004648e+01,1.989901e+01,2.006753e+01,2.005350e+01,2.018673e+01,2.005350e+01,2.010961e+01,2.017972e+01,2.031978e+01,2.034777e+01,2.058536e+01,2.081543e+01,2.075970e+01,2.100327e+01,2.094765e+01,2.099632e+01,2.089896e+01,2.095461e+01,2.089200e+01,2.101718e+01,2.097547e+01,2.097547e+01,2.094070e+01,2.098242e+01,2.101023e+01,2.085024e+01,2.102413e+01,2.110054e+01,2.101718e+01,2.092679e+01,2.086416e+01,2.108665e+01,2.102413e+01,2.101718e+01,2.096156e+01,2.100327e+01,2.094070e+01,2.103802e+01,2.101023e+01,2.105192e+01,2.108665e+01,2.100327e+01,2.098242e+01,2.101023e+01,2.102413e+01,2.099632e+01,2.099632e+01,2.105887e+01,2.096852e+01,2.094070e+01,2.094765e+01,2.094765e+01,2.095461e+01,2.096852e+01,2.099632e+01,2.103802e+01,2.095461e+01,2.103802e+01,2.098937e+01,2.108665e+01,2.103802e+01,2.099632e+01,2.119078e+01,2.120465e+01,2.111443e+01,2.097547e+01,2.096852e+01,2.104497e+01,2.114914e+01,2.098937e+01,2.092679e+01,2.092679e+01,2.101718e+01,2.100327e+01,2.105887e+01,2.092679e+01,2.100327e+01,2.094070e+01,2.106581e+01,2.089200e+01,2.095461e+01,2.089896e+01,2.107971e+01,2.098242e+01,2.092679e+01,2.098937e+01,2.097547e+01,2.094765e+01,2.089200e+01,2.094070e+01,2.090592e+01,2.104497e+01,2.094765e+01,2.094765e+01,2.097547e+01,2.099632e+01,2.094070e+01,2.081543e+01,2.103107e+01,2.077363e+01,2.091287e+01,2.093374e+01,2.083632e+01,2.096156e+01,2.090592e+01,2.101023e+01,2.091287e+01,2.101023e+01,2.098937e+01,2.086416e+01,2.116996e+01,2.109360e+01,2.102413e+01,2.101718e+01,2.089200e+01,2.087112e+01,2.087808e+01,2.104497e+01,2.117690e+01,2.114914e+01,2.087808e+01,2.109360e+01,2.125320e+01,2.114914e+01,2.124627e+01,2.122546e+01,2.119078e+01,2.114914e+01,2.101023e+01,2.108665e+01,2.094765e+01,2.103802e+01,2.098242e+01,2.091983e+01,2.087808e+01,2.089896e+01,2.085720e+01,2.069000e+01,2.088504e+01,2.071091e+01,2.084328e+01,2.059932e+01
2.064816e+01,2.066908e+01,2.082935e+01,2.064118e+01,2.075970e+01,2.082935e+01,2.085720e+01,2.066908e+01,2.074576e+01,2.089896e+01,2.076667e+01,2.070394e+01,2.082239e+01,2.072486e+01,2.070394e+01,2.069000e+01,2.068303e+01,2.075970e+01,2.073879e+01,2.073879e+01,2.066211e+01,2.066908e+01,2.087808e+01,2.076667e+01,2.087112e+01,2.087112e+01,2.089200e+01,2.087808e+01,2.090592e+01,2.091983e+01,2.079453e+01,2.078757e+01,2.079453e+01,2.081543e+01,2.075970e+01,2.080150e+01,2.073879e+01,2.080150e+01,2.080846e+01,2.061327e+01,2.082935e+01,2.083632e+01,2.082239e+01,2.080150e+01,2.078060e+01,2.071789e+01,2.068303e+01,2.070394e+01,2.069697e+01,2.070394e+01,2.066908e+01,2.072486e+01,2.082935e+01,2.072486e+01,2.077363e+01,2.071789e+01,2.073879e+01,2.064816e+01,2.082239e+01,2.086416e+01,2.088504e+01,2.083632e+01,2.085024e+01,2.080150e+01,2.072486e+01,2.089200e+01,2.073182e+01,2.078757e+01,2.080846e+01,2.080150e+01,2.073182e+01,2.073879e+01,2.075970e+01,2.079453e+01,2.078060e+01,2.076667e+01,2.070394e+01,2.075970e+01,2.069000e+01,2.080846e+01,2.075970e+01,2.069697e+01,2.079453e+01,2.080150e+01,2.082239e+01,2.073182e+01,2.079453e+01,2.081543e+01,2.068303e+01,2.079453e+01,2.068303e+01,2.069697e+01,2.064816e+01,2.073879e+01,2.077363e+01,2.074576e+01,2.073182e+01,2.076667e+01,2.079453e+01,2.076667e+01,2.082239e+01,2.075273e+01,2.085720e+01,2.085720e+01,2.069697e+01,2.071789e+01,2.076667e+01,2.078060e+01,2.075970e+01,2.073182e+01,2.074576e+01,2.079453e+01,2.080150e+01,2.080846e+01,2.083632e+01,2.084328e+01,2.082239e+01,2.077363e+01,2.079453e+01,2.075273e+01,2.084328e+01,2.078757e+01,2.077363e+01,2.081543e+01,2.081543e+01,2.074576e+01,2.069697e+01,2.072486e+01,2.088504e+01,2.089200e+01,2.086416e+01,2.085024e+01,2.078757e+01,2.081543e+01,2.081543e+01,2.078060e+01,2.071789e+01,2.069697e+01,2.080150e+01,2.053649e+01,2.055045e+01,2.062025e+01,2.045266e+01,2.055045e+01,2.055045e+01,2.067605e+01,2.042470e+01,2.057140e+01,2.065513e+01,2.069000e+01,2.072486e+01,2.048061e+01,2.057838e+01,2.052252e+01,2.045964e+01,2.005350e+01,2.007454e+01,1.990604e+01,1.970205e+01,1.963865e+01,1.939881e+01,1.914422e+01,1.894576e+01,1.898123e+01,1.896704e+01,1.894576e+01,1.896704e+01,1.901669e+01,1.929281e+01,1.939881e+01,1.970909e+01,1.989198e+01,2.017972e+01,2.049458e+01,2.064816e+01,2.064118e+01,2.072486e+01,2.080150e+01,2.081543e+01,2.075273e+01,2.089896e+01,2.080846e+01,2.080846e+01,2.072486e+01,2.078060e+01,2.078757e+01,2.079453e+01,2.075970e+01,2.086416e+01,2.071091e+01,2.071789e+01,2.069697e+01,2.085720e+01,2.067605e+01,2.078060e+01,2.069697e+01,2.069000e+01,2.074576e+01,2.068303e+01,2.068303e+01,2.066908e+01,2.067605e+01,2.071789e+01,2.071091e+01,2.077363e+01,2.071789e+01,2.065513e+01,2.063420e+01,2.069697e+01,2.070394e+01,2.076667e+01,2.072486e+01,2.075273e+01,2.080846e+01,2.070394e+01,2.070394e+01,2.062723e+01,2.064118e+01,2.062025e+01,2.061327e+01,2.070394e+01,2.067605e+01,2.057838e+01,2.074576e+01,2.074576e+01,2.066211e+01,2.072486e+01,2.080150e+01,2.082239e+01,2.083632e+01,2.080846e+01,2.082239e+01,2.080846e+01,2.078757e+01,2.062025e+01,2.069697e+01,2.069697e+01,2.069697e+01,2.050855e+01,2.051554e+01,2.049458e+01,2.036875e+01,2.038974e+01,2.036875e+01,2.034077e+01,2.032678e+01,2.036875e+01,2.045266e+01,2.046663e+01,2.058536e+01,2.048061e+01,2.050157e+01,2.057140e+01,2.050157e+01,2.049458e+01,2.039673e+01,2.057838e+01,2.050157e+01,2.040372e+01,2.043169e+01,2.026378e+01,2.027778e+01,2.022876e+01,2.003946e+01,2.013766e+01,2.001139e+01,1.999735e+01,1.992009e+01,1.980058e+01,1.979354e+01,1.970909e+01,1.977947e+01,1.975132e+01,1.978650e+01,1.967388e+01,1.955407e+01,1.953996e+01,1.953996e+01,1.951880e+01,1.954701e+01,1.949764e+01,1.944823e+01,1.950469e+01,1.939881e+01,1.953996e+01,1.939174e+01,1.947647e+01,1.968796e+01,1.972317e+01,1.968092e+01,1.991306e+01,1.988495e+01,1.996926e+01,1.996224e+01,2.002542e+01,2.004648e+01,2.009559e+01,2.013065e+01,2.017972e+01,2.005350e+01,2.010961e+01,2.015869e+01,2.026378e+01,2.020074e+01,2.033377e+01,2.023577e+01,2.038274e+01,2.043169e+01,2.038274e+01,2.050855e+01,2.062723e+01,2.066908e+01,2.088504e+01,2.078060e+01,2.078060e+01,2.080846e+01,2.083632e+01,2.080150e+01,2.078757e+01,2.079453e+01,2.075970e+01,2.078757e+01,2.085024e+01,2.082935e+01,2.084328e+01,2.084328e+01,2.085720e+01,2.080150e+01,2.083632e+01,2.080846e+01,2.085720e+01,2.089200e+01,2.080846e+01,2.070394e+01,2.079453e+01,2.078757e+01,2.076667e+01,2.052950e+01,2.055743e+01,2.037575e+01,2.034077e+01,2.017271e+01,2.024977e+01,2.029878e+01,2.017271e+01,2.011663e+01,2.023577e+01,2.052252e+01,2.058536e+01,2.073879e+01,2.078757e+01,2.089200e+01,2.080846e+01,2.080846e+01,2.076667e+01,2.078060e+01,2.086416e+01,2.076667e+01,2.088504e+01,2.068303e+01,2.087112e+01,2.084328e+01,2.075273e+01,2.082239e+01,2.071789e+01,2.076667e+01,2.080846e+01,2.080846e+01,2.075273e+01,2.075273e+01,2.056442e+01,2.013766e+01,2.015869e+01,2.016570e+01,2.032678e+01,2.027778e+01,2.055743e+01,2.077363e+01,2.077363e+01,2.075273e+01,2.076667e+01,2.075273e+01,2.083632e+01,2.090592e+01,2.087808e+01,2.069000e+01,2.075970e+01,2.075970e+01,2.071789e+01,2.078757e+01,2.080846e+01,2.071789e+01,2.081543e+01,2.076667e+01,2.079453e+01,2.083632e+01,2.087808e+01,2.077363e+01,2.066908e+01,2.074576e+01,2.081543e+01,2.096156e+01,2.086416e+01,2.088504e+01,2.085720e+01,2.085024e+01,2.064816e+01,2.080150e+01,2.082239e+01,2.080846e+01,2.078060e+01,2.071789e+01,2.069000e+01,2.064118e+01,2.059932e+01,2.050855e+01,2.049458e+01,2.054347e+01,2.049458e+01,2.044567e+01,2.053649e+01,2.041770e+01,2.045266e+01,2.034777e+01,2.029178e+01,2.004648e+01,2.004648e+01,1.994117e+01,1.987090e+01,1.959637e+01,1.975836e+01,1.968796e+01,1.970909e+01,1.956817e+01,1.963865e+01,1.951880e+01,1.951175e+01,1.945529e+01,1.949058e+01,1.928574e+01,1.928574e+01,1.934229e+01,1.925038e+01,1.920793e+01,1.930695e+01,1.922208e+01,1.926452e+01,1.926452e+01,1.939881e+01,1.922916e+01,1.955407e+01,1.963161e+01,1.979354e+01,1.999735e+01,2.022176e+01,2.020774e+01,2.029878e+01,2.057838e+01,2.055743e+01,2.062025e+01,2.076667e+01,2.087808e+01,2.082239e+01,2.082239e+01,2.071091e+01,2.080846e+01,2.083632e+01,2.073879e+01,2.083632e+01,2.084328e+01,2.084328e+01,2.086416e+01,2.083632e+01,2.078060e+01,2.085024e+01,2.087112e+01,2.082239e+01,2.081543e+01,2.083632e+01,2.078757e+01,2.079453e+01,2.091287e+01,2.090592e+01,2.084328e+01,2.083632e+01,2.085720e+01,2.085720e+01,2.074576e+01,2.096156e+01,2.087112e+01,2.090592e+01,2.087808e+01,2.078060e+01,2.078060e+01,2.050157e+01,2.038274e+01,2.010260e+01,2.015168e+01,1.988495e+01,1.956112e+01,1.973021e+01,1.973725e+01,1.964570e+01,1.970909e+01,1.993414e+01,1.996224e+01,2.006051e+01,2.022876e+01,2.033377e+01,2.037575e+01,2.059932e+01,2.065513e+01,2.094070e+01,2.095461e+01,2.089896e+01,2.097547e+01,2.096852e+01,2.093374e+01,2.095461e+01,2.092679e+01,2.091983e+01,2.098937e+01,2.100327e+01,2.099632e+01,2.086416e+01,2.089200e+01,2.105192e+01,2.090592e+01,2.094070e+01,2.092679e+01,2.107971e+01,2.097547e+01,2.091983e+01,2.089200e+01,2.092679e+01,2.103107e+01,2.089896e+01,2.090592e+01,2.106581e+01,2.094765e+01,2.095461e+01,2.095461e+01,2.094070e+01,2.102413e+01,2.096852e+01,2.105887e+01,2.102413e+01,2.092679e+01,2.107276e+01,2.090592e+01,2.106581e+01,2.105192e+01,2.102413e+01,2.098242e+01,2.098242e+01,2.099632e+01,2.098937e+01,2.116996e+01,2.102413e+01,2.092679e+01,2.102413e+01,2.112137e+01,2.110054e+01,2.099632e+01,2.095461e+01,2.099632e+01,2.096156e+01,2.091287e+01,2.096852e+01,2.092679e+01,2.095461e+01,2.101023e+01,2.096156e+01,2.099632e+01,2.100327e+01,2.094765e+01,2.095461e+01,2.104497e+01,2.087808e+01,2.099632e+01,2.085024e+01,2.086416e+01,2.085720e+01,2.098937e+01,2.087112e+01,2.092679e+01,2.094765e+01,2.090592e+01,2.101023e+01,2.088504e+01,2.088504e+01,2.083632e+01,2.089896e+01,2.078757e+01,2.087808e+01,2.090592e+01,2.091983e+01,2.083632e+01,2.076667e+01,2.088504e+01,2.093374e+01,2.088504e+01,2.087808e+01,2.091287e+01,2.095461e+01,2.099632e+01,2.093374e+01,2.097547e+01,2.094765e+01,2.097547e+01,2.091287e+01,2.081543e+01,2.099632e+01,2.085720e+01,2.087808e+01,2.090592e+01,2.098242e+01,2.103107e+01,2.114220e+01,2.114914e+01,2.107276e+01,2.116996e+01,2.113526e+01,2.123240e+01,2.130173e+01,2.111443e+01,2.113526e+01,2.105887e+01,2.101718e+01,2.111443e+01,2.090592e+01,2.095461e+01,2.093374e+01,2.087112e+01,2.085720e+01,2.087808e+01,2.071789e+01,2.072486e+01,2.071789e+01,2.061327e+01
2.082935e+01,2.079453e+01,2.078757e+01,2.071789e+01,2.077363e+01,2.087808e+01,2.084328e+01,2.087112e+01,2.085024e+01,2.085720e+01,2.072486e+01,2.075273e+01,2.071091e+01,2.074576e+01,2.080150e+01,2.071789e+01,2.071789e+01,2.072486e+01,2.066211e+01,2.076667e+01,2.082239e+01,2.082935e+01,2.064816e+01,2.076667e+01,2.069000e+01,2.085720e+01,2.087112e+01,2.071789e+01,2.080846e+01,2.073879e+01,2.073879e+01,2.088504e+01,2.076667e+01,2.075970e+01,2.075970e+01,2.077363e+01,2.078060e+01,2.087112e+01,2.085024e+01,2.082239e+01,2.078757e+01,2.059932e+01,2.071091e+01,2.063420e+01,2.077363e+01,2.079453e+01,2.065513e+01,2.075970e+01,2.062723e+01,2.080846e+01,2.083632e+01,2.080846e+01,2.073182e+01,2.072486e+01,2.080150e+01,2.061327e+01,2.081543e+01,2.083632e+01,2.055743e+01,2.066908e+01,2.071789e+01,2.080846e+01,2.085720e+01,2.075970e+01,2.071789e+01,2.079453e+01,2.082239e+01,2.079453e+01,2.084328e+01,2.079453e+01,2.078060e+01,2.075970e+01,2.074576e+01,2.070394e+01,2.078757e+01,2.080150e+01,2.080846e+01,2.070394e+01,2.082935e+01,2.073182e+01,2.081543e+01,2.075970e+01,2.078060e+01,2.078757e+01,2.075970e+01,2.079453e+01,2.065513e+01,2.073182e+01,2.082935e+01,2.068303e+01,2.081543e+01,2.064816e+01,2.078060e+01,2.079453e+01,2.078060e+01,2.070394e+01,2.071091e+01,2.073879e+01,2.070394e+01,2.085720e+01,2.075970e+01,2.074576e+01,2.084328e+01,2.080150e+01,2.070394e+01,2.075273e+01,2.075970e+01,2.062723e+01,2.080150e+01,2.074576e+01,2.063420e+01,2.082239e+01,2.068303e+01,2.075273e+01,2.080846e+01,2.062025e+01,2.073182e+01,2.072486e+01,2.082935e+01,2.069697e+01,2.080150e+01,2.069697e+01,2.079453e+01,2.079453e+01,2.076667e+01,2.083632e+01,2.076667e+01,2.085720e+01,2.071091e+01,2.080846e+01,2.102413e+01,2.083632e+01,2.078060e+01,2.085024e+01,2.095461e+01,2.094765e+01,2.078757e+01,2.075273e+01,2.075273e+01,2.064816e+01,2.055743e+01,2.043169e+01,2.045964e+01,2.029878e+01,2.061327e+01,2.034077e+01,2.048759e+01,2.047362e+01,2.029178e+01,2.043868e+01,2.029178e+01,2.028478e+01,2.027778e+01,2.027778e+01,2.004648e+01,2.004648e+01,1.984277e+01,1.974428e+01,1.955407e+01,1.941293e+01,1.939174e+01,1.910173e+01,1.896704e+01,1.884638e+01,1.888189e+01,1.900960e+01,1.898123e+01,1.905213e+01,1.914422e+01,1.933522e+01,1.965979e+01,1.993414e+01,2.000437e+01,2.040372e+01,2.047362e+01,2.078060e+01,2.084328e+01,2.077363e+01,2.071091e+01,2.073879e+01,2.072486e+01,2.071091e+01,2.077363e+01,2.073879e+01,2.057140e+01,2.070394e+01,2.082239e+01,2.083632e+01,2.073879e+01,2.078060e+01,2.071789e+01,2.071091e+01,2.066908e+01,2.073879e+01,2.087808e+01,2.075970e+01,2.078060e+01,2.067605e+01,2.075273e+01,2.090592e+01,2.067605e+01,2.069697e+01,2.069000e+01,2.069697e+01,2.072486e+01,2.075970e+01,2.077363e+01,2.064816e+01,2.065513e+01,2.080846e+01,2.071091e+01,2.069697e+01,2.072486e+01,2.075273e+01,2.078060e+01,2.064816e+01,2.064816e+01,2.062025e+01,2.062723e+01,2.062025e+01,2.048759e+01,2.068303e+01,2.059932e+01,2.066211e+01,2.074576e+01,2.066211e+01,2.080150e+01,2.080150e+01,2.085024e+01,2.079453e+01,2.082935e+01,2.078757e+01,2.071091e+01,2.071789e+01,2.069000e+01,2.068303e+01,2.055743e+01,2.050157e+01,2.046663e+01,2.049458e+01,2.038274e+01,2.040372e+01,2.037575e+01,2.028478e+01,2.037575e+01,2.031978e+01,2.037575e+01,2.038274e+01,2.041071e+01,2.049458e+01,2.059234e+01,2.048759e+01,2.050855e+01,2.052950e+01,2.062025e+01,2.055045e+01,2.046663e+01,2.053649e+01,2.041770e+01,2.039673e+01,2.031278e+01,2.015168e+01,2.022876e+01,2.004648e+01,2.007454e+01,2.012364e+01,1.993414e+01,1.995521e+01,1.980761e+01,1.980058e+01,1.979354e+01,1.978650e+01,1.972317e+01,1.975132e+01,1.961751e+01,1.961047e+01,1.966683e+01,1.959637e+01,1.953291e+01,1.951175e+01,1.950469e+01,1.936349e+01,1.948352e+01,1.947647e+01,1.956817e+01,1.967388e+01,1.953291e+01,1.962456e+01,1.973725e+01,1.969500e+01,1.970205e+01,1.991306e+01,1.984980e+01,1.991306e+01,1.983574e+01,1.994117e+01,1.993414e+01,2.007454e+01,2.008857e+01,2.008857e+01,2.017972e+01,2.003946e+01,1.999033e+01,2.008156e+01,2.012364e+01,2.002542e+01,2.016570e+01,2.019373e+01,2.049458e+01,2.052252e+01,2.052950e+01,2.069697e+01,2.071789e+01,2.071789e+01,2.075273e+01,2.078060e+01,2.080150e+01,2.090592e+01,2.082239e+01,2.083632e+01,2.085024e+01,2.082935e+01,2.080150e+01,2.082935e+01,2.087808e+01,2.080846e+01,2.080846e+01,2.078060e+01,2.092679e+01,2.080150e+01,2.083632e+01,2.079453e+01,2.080846e+01,2.079453e+01,2.052950e+01,2.058536e+01,2.048759e+01,2.029178e+01,2.024977e+01,2.006051e+01,2.006051e+01,1.995521e+01,1.994117e+01,2.009559e+01,1.990604e+01,2.005350e+01,2.016570e+01,2.024277e+01,2.041770e+01,2.038974e+01,2.062025e+01,2.055743e+01,2.079453e+01,2.072486e+01,2.075970e+01,2.080150e+01,2.082239e+01,2.077363e+01,2.068303e+01,2.086416e+01,2.084328e+01,2.084328e+01,2.072486e+01,2.081543e+01,2.078060e+01,2.082239e+01,2.073182e+01,2.078060e+01,2.069000e+01,2.066211e+01,2.074576e+01,2.014467e+01,2.011663e+01,2.012364e+01,2.015168e+01,2.003946e+01,2.013766e+01,2.055045e+01,2.077363e+01,2.076667e+01,2.075273e+01,2.075970e+01,2.069697e+01,2.069697e+01,2.071091e+01,2.074576e+01,2.076667e+01,2.075970e+01,2.070394e+01,2.071091e+01,2.066211e+01,2.069697e+01,2.078060e+01,2.080150e+01,2.074576e+01,2.075273e+01,2.078757e+01,2.081543e+01,2.069697e+01,2.086416e+01,2.080846e+01,2.094070e+01,2.084328e+01,2.082935e+01,2.084328e+01,2.085024e+01,2.086416e+01,2.079453e+01,2.080150e+01,2.084328e+01,2.071091e+01,2.066211e+01,2.067605e+01,2.064816e+01,2.060629e+01,2.057140e+01,2.052252e+01,2.050855e+01,2.053649e+01,2.050157e+01,2.047362e+01,2.040372e+01,2.022876e+01,2.029878e+01,2.022176e+01,2.025677e+01,2.001841e+01,1.975836e+01,1.979354e+01,1.974428e+01,1.958932e+01,1.975132e+01,1.974428e+01,1.958227e+01,1.968092e+01,1.954701e+01,1.955407e+01,1.946941e+01,1.940587e+01,1.940587e+01,1.938468e+01,1.931402e+01,1.930695e+01,1.932109e+01,1.920085e+01,1.922208e+01,1.927867e+01,1.920793e+01,1.927160e+01,1.929988e+01,1.939174e+01,1.955407e+01,1.956112e+01,1.981464e+01,1.995521e+01,2.029878e+01,2.034077e+01,2.071091e+01,2.064118e+01,2.057838e+01,2.068303e+01,2.069000e+01,2.082239e+01,2.074576e+01,2.075970e+01,2.075273e+01,2.050855e+01,2.079453e+01,2.070394e+01,2.085720e+01,2.084328e+01,2.082935e+01,2.086416e+01,2.078060e+01,2.089896e+01,2.080846e+01,2.086416e+01,2.085024e+01,2.091983e+01,2.073879e+01,2.082935e+01,2.085720e+01,2.085024e+01,2.095461e+01,2.066908e+01,2.087808e+01,2.087808e+01,2.087112e+01,2.088504e+01,2.089200e+01,2.088504e+01,2.089896e+01,2.073879e+01,2.057838e+01,2.057838e+01,2.026378e+01,2.010961e+01,1.990604e+01,1.971613e+01,1.946941e+01,1.945529e+01,1.944823e+01,1.946941e+01,1.949058e+01,1.956112e+01,1.959637e+01,1.973725e+01,1.988495e+01,2.013065e+01,2.026378e+01,2.020074e+01,2.035476e+01,2.035476e+01,2.069697e+01,2.075273e+01,2.078757e+01,2.085720e+01,2.080150e+01,2.091287e+01,2.088504e+01,2.082239e+01,2.089200e+01,2.099632e+01,2.095461e+01,2.085720e+01,2.100327e+01,2.101718e+01,2.096852e+01,2.103107e+01,2.092679e+01,2.097547e+01,2.097547e+01,2.105887e+01,2.091983e+01,2.092679e+01,2.091287e+01,2.104497e+01,2.095461e+01,2.096156e+01,2.094070e+01,2.103107e+01,2.090592e+01,2.097547e+01,2.108665e+01,2.096156e+01,2.097547e+01,2.088504e+01,2.094070e+01,2.105887e+01,2.089200e+01,2.091287e+01,2.100327e+01,2.091983e+01,2.089200e+01,2.109360e+01,2.101718e+01,2.099632e+01,2.094765e+01,2.108665e+01,2.098937e+01,2.091287e+01,2.114914e+01,2.099632e+01,2.098242e+01,2.105192e+01,2.100327e+01,2.090592e+01,2.099632e+01,2.101718e+01,2.086416e+01,2.096156e+01,2.103107e+01,2.097547e+01,2.099632e+01,2.104497e+01,2.105887e+01,2.073182e+01,2.088504e+01,2.077363e+01,2.092679e+01,2.091287e+01,2.086416e+01,2.106581e+01,2.086416e+01,2.086416e+01,2.091287e+01,2.091287e+01,2.091983e+01,2.088504e+01,2.086416e+01,2.087808e+01,2.089896e+01,2.098937e+01,2.087808e+01,2.091983e+01,2.085720e+01,2.093374e+01,2.092679e+01,2.091287e+01,2.085024e+01,2.075970e+01,2.089896e+01,2.093374e+01,2.091983e+01,2.093374e+01,2.098937e+01,2.094765e+01,2.098937e+01,2.089896e+01,2.085024e+01,2.089200e+01,2.087112e+01,2.121159e+01,2.098242e+01,2.085024e+01,2.096156e+01,2.096852e+01,2.117690e+01,2.114220e+01,2.112831e+01,2.111443e+01,2.116302e+01,2.119771e+01,2.136408e+01,2.116302e+01,2.094765e+01,2.108665e+01,2.110748e+01,2.096156e+01,2.086416e+01,2.096852e+01,2.087808e+01,2.086416e+01,2.072486e+01,2.079453e+01,2.075273e+01,2.072486e+01,2.070394e+01,2.060629e+01,2.057838e+01
2.066908e+01,2.076667e+01,2.074576e+01,2.066211e+01,2.069000e+01,2.075970e+01,2.071091e+01,2.066211e+01,2.072486e+01,2.081543e+01,2.078060e+01,2.073879e+01,2.075970e+01,2.071091e+01,2.072486e+01,2.063420e+01,2.070394e+01,2.076667e+01,2.070394e+01,2.083632e+01,2.064816e+01,2.074576e+01,2.075970e+01,2.070394e+01,2.080150e+01,2.082239e+01,2.083632e+01,2.087112e+01,2.071789e+01,2.079453e+01,2.078757e+01,2.075970e+01,2.076667e+01,2.077363e+01,2.072486e+01,2.084328e+01,2.079453e+01,2.078060e+01,2.082239e+01,2.075273e+01,2.066211e+01,2.058536e+01,2.077363e+01,2.072486e+01,2.075970e+01,2.073182e+01,2.082935e+01,2.064816e+01,2.064816e+01,2.071091e+01,2.073879e+01,2.074576e+01,2.080846e+01,2.093374e+01,2.074576e+01,2.080846e+01,2.082239e+01,2.076667e+01,2.088504e+01,2.069000e+01,2.074576e+01,2.080846e+01,2.084328e+01,2.069000e+01,2.073182e+01,2.087808e+01,2.087112e+01,2.081543e+01,2.081543e+01,2.078757e+01,2.080846e+01,2.071789e+01,2.070394e+01,2.082935e+01,2.078060e+01,2.087808e+01,2.075970e+01,2.086416e+01,2.071091e+01,2.074576e+01,2.083632e+01,2.082935e+01,2.075273e+01,2.080150e+01,2.070394e+01,2.085720e+01,2.073879e+01,2.077363e+01,2.070394e+01,2.076667e+01,2.087112e+01,2.069000e+01,2.087112e+01,2.092679e+01,2.069000e+01,2.080150e+01,2.054347e+01,2.063420e+01,2.078060e+01,2.078060e+01,2.074576e+01,2.082935e+01,2.068303e+01,2.071091e+01,2.067605e+01,2.076667e+01,2.063420e+01,2.079453e+01,2.079453e+01,2.083632e+01,2.076667e+01,2.061327e+01,2.065513e+01,2.075970e+01,2.078060e+01,2.082239e+01,2.074576e+01,2.057838e+01,2.080846e+01,2.075970e+01,2.075273e+01,2.078757e+01,2.080150e+01,2.082239e+01,2.063420e+01,2.079453e+01,2.080150e+01,2.087808e+01,2.085720e+01,2.079453e+01,2.084328e+01,2.106581e+01,2.097547e+01,2.091983e+01,2.091287e+01,2.084328e+01,2.086416e+01,2.077363e+01,2.065513e+01,2.074576e+01,2.060629e+01,2.059932e+01,2.048759e+01,2.031978e+01,2.029878e+01,2.035476e+01,2.024277e+01,2.024277e+01,2.029178e+01,2.000437e+01,1.996926e+01,1.999033e+01,1.999033e+01,1.992711e+01,1.997628e+01,1.962456e+01,1.955407e+01,1.938468e+01,1.937055e+01,1.912298e+01,1.915130e+01,1.907339e+01,1.888189e+01,1.889609e+01,1.862598e+01,1.885349e+01,1.898832e+01,1.895995e+01,1.924331e+01,1.934229e+01,1.961751e+01,1.973725e+01,2.017271e+01,2.039673e+01,2.040372e+01,2.057140e+01,2.059932e+01,2.076667e+01,2.077363e+01,2.064118e+01,2.055743e+01,2.052252e+01,2.057140e+01,2.058536e+01,2.059932e+01,2.066908e+01,2.077363e+01,2.073879e+01,2.088504e+01,2.078060e+01,2.071789e+01,2.089896e+01,2.077363e+01,2.075273e+01,2.069000e+01,2.079453e+01,2.070394e+01,2.082935e+01,2.089896e+01,2.087112e+01,2.069000e+01,2.069000e+01,2.070394e+01,2.081543e+01,2.081543e+01,2.069000e+01,2.075273e+01,2.068303e+01,2.071091e+01,2.078060e+01,2.066908e+01,2.075970e+01,2.063420e+01,2.074576e+01,2.063420e+01,2.078060e+01,2.062025e+01,2.063420e+01,2.061327e+01,2.062025e+01,2.054347e+01,2.061327e+01,2.059932e+01,2.062723e+01,2.064118e+01,2.070394e+01,2.072486e+01,2.078757e+01,2.071091e+01,2.076667e+01,2.083632e+01,2.053649e+01,2.062025e+01,2.051554e+01,2.040372e+01,2.064118e+01,2.041770e+01,2.052950e+01,2.041071e+01,2.047362e+01,2.038274e+01,2.020774e+01,2.027078e+01,2.035476e+01,2.031278e+01,2.035476e+01,2.038974e+01,2.041071e+01,2.045266e+01,2.046663e+01,2.047362e+01,2.047362e+01,2.048061e+01,2.048759e+01,2.065513e+01,2.062723e+01,2.067605e+01,2.043868e+01,2.042470e+01,2.045266e+01,2.036176e+01,2.025677e+01,2.027078e+01,2.018673e+01,2.005350e+01,2.006753e+01,1.995521e+01,1.995521e+01,1.987792e+01,1.983574e+01,1.983574e+01,1.970205e+01,1.982871e+01,1.975836e+01,1.973021e+01,1.965274e+01,1.961047e+01,1.953291e+01,1.950469e+01,1.953996e+01,1.951880e+01,1.951175e+01,1.949058e+01,1.952586e+01,1.955407e+01,1.956817e+01,1.966683e+01,1.965274e+01,1.973021e+01,1.973021e+01,1.984980e+01,1.979354e+01,1.982871e+01,1.989198e+01,1.984980e+01,1.988495e+01,1.992711e+01,1.992009e+01,1.991306e+01,1.999033e+01,2.005350e+01,2.010260e+01,1.998330e+01,2.003946e+01,2.002542e+01,1.999735e+01,2.006753e+01,2.010961e+01,2.049458e+01,2.053649e+01,2.054347e+01,2.060629e+01,2.057140e+01,2.073182e+01,2.071789e+01,2.090592e+01,2.089200e+01,2.078757e+01,2.082935e+01,2.080846e+01,2.080150e+01,2.083632e+01,2.078060e+01,2.083632e+01,2.084328e+01,2.093374e+01,2.091287e+01,2.073182e+01,2.087808e+01,2.105192e+01,2.084328e+01,2.080150e+01,2.081543e+01,2.080846e+01,2.048061e+01,2.049458e+01,2.033377e+01,2.022176e+01,2.001139e+01,1.994117e+01,1.994117e+01,1.977243e+01,1.994117e+01,1.991306e+01,1.985683e+01,1.983574e+01,1.994117e+01,2.014467e+01,2.033377e+01,2.037575e+01,2.041071e+01,2.059932e+01,2.069697e+01,2.073182e+01,2.074576e+01,2.078060e+01,2.084328e+01,2.096852e+01,2.084328e+01,2.087808e+01,2.085024e+01,2.076667e+01,2.085024e+01,2.088504e+01,2.082239e+01,2.082935e+01,2.082935e+01,2.078060e+01,2.083632e+01,2.074576e+01,2.073879e+01,2.015168e+01,2.008857e+01,1.997628e+01,2.012364e+01,1.998330e+01,2.014467e+01,2.017972e+01,2.055045e+01,2.054347e+01,2.075970e+01,2.078757e+01,2.073879e+01,2.067605e+01,2.066908e+01,2.080846e+01,2.077363e+01,2.078060e+01,2.071091e+01,2.069697e+01,2.072486e+01,2.088504e+01,2.082935e+01,2.080846e+01,2.083632e+01,2.075970e+01,2.070394e+01,2.089896e+01,2.076667e+01,2.096852e+01,2.080846e+01,2.085720e+01,2.080846e+01,2.084328e+01,2.079453e+01,2.085024e+01,2.082935e+01,2.083632e+01,2.087112e+01,2.080150e+01,2.095461e+01,2.087808e+01,2.082935e+01,2.086416e+01,2.063420e+01,2.061327e+01,2.064118e+01,2.052252e+01,2.055045e+01,2.043868e+01,2.043169e+01,2.043868e+01,2.043169e+01,2.036875e+01,2.037575e+01,2.005350e+01,2.010260e+01,2.000437e+01,1.992009e+01,1.981464e+01,1.961751e+01,1.965979e+01,1.969500e+01,1.953996e+01,1.951880e+01,1.951880e+01,1.932815e+01,1.954701e+01,1.943411e+01,1.942705e+01,1.942705e+01,1.935642e+01,1.927867e+01,1.935642e+01,1.924331e+01,1.925745e+01,1.930695e+01,1.921501e+01,1.934229e+01,1.928574e+01,1.928574e+01,1.935642e+01,1.951880e+01,1.962456e+01,1.996926e+01,1.982168e+01,2.027078e+01,2.051554e+01,2.052950e+01,2.054347e+01,2.057140e+01,2.055743e+01,2.069000e+01,2.053649e+01,2.064816e+01,2.069000e+01,2.068303e+01,2.067605e+01,2.070394e+01,2.075273e+01,2.071789e+01,2.071789e+01,2.089896e+01,2.081543e+01,2.083632e+01,2.060629e+01,2.078060e+01,2.071789e+01,2.094070e+01,2.079453e+01,2.094070e+01,2.083632e+01,2.087808e+01,2.087112e+01,2.087808e+01,2.087112e+01,2.083632e+01,2.087112e+01,2.087808e+01,2.089200e+01,2.083632e+01,2.079453e+01,2.087112e+01,2.071789e+01,2.033377e+01,2.035476e+01,2.013065e+01,1.983574e+01,1.970909e+01,1.953291e+01,1.931402e+01,1.926452e+01,1.946235e+01,1.920085e+01,1.959637e+01,1.936349e+01,1.960342e+01,1.963161e+01,1.988495e+01,1.999033e+01,2.010961e+01,2.027778e+01,2.031978e+01,2.034077e+01,2.037575e+01,2.048759e+01,2.075970e+01,2.073879e+01,2.080150e+01,2.075273e+01,2.083632e+01,2.084328e+01,2.099632e+01,2.087112e+01,2.091287e+01,2.090592e+01,2.091983e+01,2.095461e+01,2.098937e+01,2.096156e+01,2.096156e+01,2.091287e+01,2.098242e+01,2.110054e+01,2.096156e+01,2.092679e+01,2.104497e+01,2.102413e+01,2.096852e+01,2.091983e+01,2.107276e+01,2.091287e+01,2.091983e+01,2.108665e+01,2.105192e+01,2.099632e+01,2.104497e+01,2.093374e+01,2.108665e+01,2.108665e+01,2.107276e+01,2.089200e+01,2.113526e+01,2.098937e+01,2.101718e+01,2.096852e+01,2.104497e+01,2.104497e+01,2.098242e+01,2.089200e+01,2.096852e+01,2.090592e+01,2.099632e+01,2.095461e+01,2.100327e+01,2.100327e+01,2.103107e+01,2.096156e+01,2.096156e+01,2.095461e+01,2.094765e+01,2.096852e+01,2.093374e+01,2.105192e+01,2.107276e+01,2.102413e+01,2.092679e+01,2.094070e+01,2.094765e+01,2.094070e+01,2.085024e+01,2.083632e+01,2.091983e+01,2.087112e+01,2.094765e+01,2.091287e+01,2.090592e+01,2.098937e+01,2.100327e+01,2.102413e+01,2.089200e+01,2.082239e+01,2.105192e+01,2.104497e+01,2.101023e+01,2.096852e+01,2.090592e+01,2.088504e+01,2.087808e+01,2.086416e+01,2.093374e+01,2.094765e+01,2.085720e+01,2.098937e+01,2.095461e+01,2.096156e+01,2.116996e+01,2.094070e+01,2.091983e+01,2.087808e+01,2.089200e+01,2.087808e+01,2.100327e+01,2.091287e+01,2.104497e+01,2.112831e+01,2.098937e+01,2.117690e+01,2.117690e+01,2.115608e+01,2.113526e+01,2.123240e+01,2.126013e+01,2.114220e+01,2.113526e+01,2.101718e+01,2.100327e+01,2.103107e+01,2.093374e+01,2.094070e+01,2.098937e+01,2.087112e+01,2.097547e+01,2.089200e+01,2.076667e+01,2.082239e+01,2.067605e+01,2.083632e+01,2.057838e+01,2.054347e+01
2.091287e+01,2.081543e+01,2.069697e+01,2.064118e+01,2.072486e+01,2.078757e+01,2.065513e+01,2.066908e+01,2.080846e+01,2.081543e+01,2.080150e+01,2.080150e+01,2.073182e+01,2.071789e+01,2.069697e+01,2.080150e+01,2.087112e+01,2.075273e+01,2.066211e+01,2.071091e+01,2.073879e+01,2.066908e+01,2.080150e+01,2.086416e+01,2.069697e+01,2.072486e+01,2.071789e+01,2.085024e+01,2.075273e+01,2.089896e+01,2.075273e+01,2.075273e+01,2.078757e+01,2.074576e+01,2.075970e+01,2.074576e+01,2.050157e+01,2.059932e+01,2.059234e+01,2.069000e+01,2.064118e+01,2.068303e+01,2.064118e+01,2.076667e+01,2.069697e+01,2.065513e+01,2.073879e+01,2.078060e+01,2.064118e+01,2.070394e+01,2.077363e+01,2.068303e+01,2.068303e+01,2.075970e+01,2.078757e+01,2.081543e+01,2.075273e+01,2.079453e+01,2.081543e+01,2.069000e+01,2.075273e+01,2.085720e+01,2.082935e+01,2.078060e+01,2.074576e+01,2.089896e+01,2.071789e+01,2.090592e+01,2.082935e+01,2.078757e+01,2.079453e+01,2.073182e+01,2.068303e+01,2.078757e+01,2.081543e+01,2.081543e+01,2.076667e+01,2.082935e+01,2.090592e+01,2.084328e+01,2.074576e+01,2.070394e+01,2.073879e+01,2.082239e+01,2.075273e+01,2.081543e+01,2.076667e+01,2.082239e+01,2.069697e+01,2.073182e+01,2.068303e+01,2.075273e+01,2.067605e+01,2.071091e+01,2.069000e+01,2.076667e+01,2.075273e+01,2.071091e+01,2.070394e+01,2.068303e+01,2.066908e+01,2.069000e+01,2.070394e+01,2.070394e+01,2.063420e+01,2.062025e+01,2.069000e+01,2.073879e+01,2.077363e+01,2.070394e+01,2.059234e+01,2.074576e+01,2.082935e+01,2.063420e+01,2.064118e+01,2.078757e+01,2.057140e+01,2.059932e+01,2.075970e+01,2.055045e+01,2.070394e+01,2.068303e+01,2.076667e+01,2.062723e+01,2.078060e+01,2.061327e+01,2.066908e+01,2.066908e+01,2.085024e+01,2.077363e+01,2.080846e+01,2.081543e+01,2.081543e+01,2.088504e+01,2.071789e+01,2.069697e+01,2.071091e+01,2.078060e+01,2.070394e+01,2.054347e+01,2.060629e+01,2.042470e+01,2.045266e+01,2.027078e+01,2.026378e+01,1.990604e+01,1.987792e+01,1.983574e+01,1.985683e+01,1.964570e+01,1.977947e+01,1.961047e+01,1.944823e+01,1.963865e+01,1.941293e+01,1.960342e+01,1.939881e+01,1.914422e+01,1.911590e+01,1.911590e+01,1.887479e+01,1.888899e+01,1.873269e+01,1.864733e+01,1.870424e+01,1.863309e+01,1.903795e+01,1.878955e+01,1.896704e+01,1.916546e+01,1.959637e+01,1.967388e+01,1.996224e+01,2.025677e+01,2.050157e+01,2.055045e+01,2.073879e+01,2.052950e+01,2.057838e+01,2.053649e+01,2.050157e+01,2.055045e+01,2.039673e+01,2.045964e+01,2.046663e+01,2.045266e+01,2.069000e+01,2.078757e+01,2.083632e+01,2.081543e+01,2.080846e+01,2.073879e+01,2.071091e+01,2.071789e+01,2.075970e+01,2.073879e+01,2.075970e+01,2.082935e+01,2.072486e+01,2.082239e+01,2.071091e+01,2.088504e+01,2.084328e+01,2.089200e+01,2.078757e+01,2.073182e+01,2.080150e+01,2.064816e+01,2.064118e+01,2.076667e+01,2.069000e+01,2.075273e+01,2.071789e+01,2.066211e+01,2.065513e+01,2.066211e+01,2.064118e+01,2.062723e+01,2.063420e+01,2.062723e+01,2.059932e+01,2.062723e+01,2.049458e+01,2.059932e+01,2.064816e+01,2.060629e+01,2.067605e+01,2.084328e+01,2.070394e+01,2.071789e+01,2.057140e+01,2.052252e+01,2.050855e+01,2.051554e+01,2.051554e+01,2.047362e+01,2.039673e+01,2.040372e+01,2.038274e+01,2.041071e+01,2.037575e+01,2.025677e+01,2.027778e+01,2.029878e+01,2.036176e+01,2.050855e+01,2.037575e+01,2.034777e+01,2.048759e+01,2.046663e+01,2.048759e+01,2.065513e+01,2.063420e+01,2.059932e+01,2.050855e+01,2.050157e+01,2.050157e+01,2.045266e+01,2.038974e+01,2.034077e+01,2.024277e+01,2.020774e+01,1.997628e+01,2.016570e+01,1.998330e+01,1.999735e+01,2.004648e+01,2.001139e+01,1.994117e+01,1.999033e+01,1.982168e+01,1.978650e+01,1.973021e+01,1.977947e+01,1.979354e+01,1.963865e+01,1.971613e+01,1.970205e+01,1.957522e+01,1.955407e+01,1.957522e+01,1.957522e+01,1.953996e+01,1.949764e+01,1.956817e+01,1.952586e+01,1.954701e+01,1.956817e+01,1.963865e+01,1.968092e+01,1.970909e+01,1.974428e+01,1.983574e+01,1.975132e+01,1.970205e+01,1.988495e+01,2.017271e+01,1.978650e+01,1.981464e+01,1.987090e+01,1.992009e+01,2.004648e+01,2.003244e+01,1.999735e+01,1.999033e+01,2.003946e+01,2.008156e+01,2.013766e+01,2.025677e+01,2.049458e+01,2.051554e+01,2.054347e+01,2.058536e+01,2.058536e+01,2.069000e+01,2.069697e+01,2.071789e+01,2.074576e+01,2.087112e+01,2.074576e+01,2.083632e+01,2.092679e+01,2.082239e+01,2.081543e+01,2.083632e+01,2.081543e+01,2.073879e+01,2.080150e+01,2.073182e+01,2.081543e+01,2.083632e+01,2.075970e+01,2.075970e+01,2.045964e+01,2.048061e+01,2.032678e+01,2.013065e+01,2.004648e+01,1.992009e+01,1.994819e+01,1.987792e+01,1.972317e+01,1.977243e+01,1.968092e+01,1.964570e+01,1.958932e+01,1.973725e+01,1.979354e+01,1.990604e+01,2.011663e+01,2.039673e+01,2.036875e+01,2.057140e+01,2.055045e+01,2.050855e+01,2.066211e+01,2.073182e+01,2.070394e+01,2.071789e+01,2.078060e+01,2.087808e+01,2.078757e+01,2.079453e+01,2.082239e+01,2.075273e+01,2.077363e+01,2.081543e+01,2.074576e+01,2.073182e+01,2.077363e+01,2.070394e+01,2.043169e+01,2.042470e+01,2.010961e+01,1.998330e+01,1.996224e+01,1.992711e+01,1.994819e+01,1.999033e+01,2.043169e+01,2.052950e+01,2.024277e+01,2.027078e+01,2.020774e+01,2.023577e+01,2.021475e+01,2.029878e+01,2.028478e+01,2.046663e+01,2.053649e+01,2.057838e+01,2.049458e+01,2.070394e+01,2.078060e+01,2.080846e+01,2.074576e+01,2.073879e+01,2.078060e+01,2.074576e+01,2.078060e+01,2.078757e+01,2.094070e+01,2.080846e+01,2.071789e+01,2.080846e+01,2.080846e+01,2.080150e+01,2.082935e+01,2.080846e+01,2.081543e+01,2.093374e+01,2.078757e+01,2.085720e+01,2.068303e+01,2.065513e+01,2.066211e+01,2.055743e+01,2.060629e+01,2.050157e+01,2.048759e+01,2.044567e+01,2.053649e+01,2.040372e+01,2.039673e+01,2.025677e+01,2.026378e+01,2.024977e+01,2.003244e+01,2.010961e+01,1.980761e+01,1.987090e+01,1.951880e+01,1.942705e+01,1.945529e+01,1.943411e+01,1.944823e+01,1.946941e+01,1.929988e+01,1.946235e+01,1.943411e+01,1.928574e+01,1.934936e+01,1.929281e+01,1.931402e+01,1.923623e+01,1.921501e+01,1.929988e+01,1.934229e+01,1.928574e+01,1.927160e+01,1.923623e+01,1.939174e+01,1.931402e+01,1.956112e+01,1.956817e+01,1.985683e+01,1.999033e+01,2.025677e+01,2.017271e+01,2.018673e+01,2.019373e+01,2.024277e+01,2.020774e+01,2.046663e+01,2.022876e+01,2.017271e+01,2.036875e+01,2.031978e+01,2.031278e+01,2.039673e+01,2.031278e+01,2.039673e+01,2.064118e+01,2.057140e+01,2.053649e+01,2.050157e+01,2.051554e+01,2.050157e+01,2.056442e+01,2.074576e+01,2.061327e+01,2.057838e+01,2.063420e+01,2.081543e+01,2.082239e+01,2.082239e+01,2.082239e+01,2.084328e+01,2.062025e+01,2.077363e+01,2.055045e+01,2.054347e+01,2.048061e+01,2.045266e+01,2.039673e+01,2.009559e+01,2.001139e+01,1.958932e+01,1.954701e+01,1.959637e+01,1.914422e+01,1.917254e+01,1.922208e+01,1.922208e+01,1.927160e+01,1.932815e+01,1.933522e+01,1.937762e+01,1.968092e+01,1.968796e+01,1.969500e+01,1.992711e+01,1.992711e+01,1.992711e+01,2.008857e+01,2.020074e+01,2.020074e+01,2.043868e+01,2.047362e+01,2.053649e+01,2.054347e+01,2.056442e+01,2.084328e+01,2.085720e+01,2.087808e+01,2.089896e+01,2.093374e+01,2.079453e+01,2.101023e+01,2.089200e+01,2.092679e+01,2.089896e+01,2.107971e+01,2.089896e+01,2.095461e+01,2.113526e+01,2.100327e+01,2.096852e+01,2.105192e+01,2.097547e+01,2.099632e+01,2.091287e+01,2.103107e+01,2.088504e+01,2.095461e+01,2.093374e+01,2.103107e+01,2.091983e+01,2.107971e+01,2.093374e+01,2.089896e+01,2.093374e+01,2.092679e+01,2.097547e+01,2.098937e+01,2.101718e+01,2.094765e+01,2.103802e+01,2.094765e+01,2.091287e+01,2.092679e+01,2.097547e+01,2.098242e+01,2.102413e+01,2.101718e+01,2.094765e+01,2.096156e+01,2.083632e+01,2.101023e+01,2.097547e+01,2.097547e+01,2.105887e+01,2.094765e+01,2.096156e+01,2.102413e+01,2.105192e+01,2.094070e+01,2.090592e+01,2.098242e+01,2.091287e+01,2.090592e+01,2.083632e+01,2.093374e+01,2.100327e+01,2.082935e+01,2.090592e+01,2.097547e+01,2.094765e+01,2.089896e+01,2.091287e+01,2.098242e+01,2.089200e+01,2.094070e+01,2.094765e+01,2.093374e+01,2.097547e+01,2.101718e+01,2.094070e+01,2.087808e+01,2.094765e+01,2.083632e+01,2.094765e+01,2.091287e+01,2.097547e+01,2.086416e+01,2.098242e+01,2.094070e+01,2.097547e+01,2.089200e+01,2.094070e+01,2.087808e+01,2.091287e+01,2.087808e+01,2.085024e+01,2.101718e+01,2.103802e+01,2.100327e+01,2.114914e+01,2.111443e+01,2.137793e+01,2.109360e+01,2.115608e+01,2.121159e+01,2.112137e+01,2.119771e+01,2.105192e+01,2.096156e+01,2.094070e+01,2.099632e+01,2.084328e+01,2.094765e+01,2.080150e+01,2.082935e+01,2.084328e+01,2.083632e+01,2.083632e+01,2.070394e+01,2.082239e+01,2.057838e+01,2.052252e+01
2.094070e+01,2.066908e+01,2.089200e+01,2.071091e+01,2.071789e+01,2.089200e+01,2.067605e+01,2.082239e+01,2.082935e+01,2.080150e+01,2.071789e+01,2.076667e+01,2.073879e+01,2.071091e+01,2.074576e+01,2.085024e+01,2.082935e+01,2.077363e+01,2.064816e+01,2.080846e+01,2.081543e+01,2.077363e+01,2.082239e+01,2.075273e+01,2.079453e+01,2.085720e+01,2.085024e+01,2.082935e+01,2.070394e+01,2.082935e+01,2.078060e+01,2.071789e+01,2.082935e+01,2.059234e+01,2.060629e+01,2.052950e+01,2.069697e+01,2.048061e+01,2.053649e+01,2.055045e+01,2.070394e+01,2.054347e+01,2.034777e+01,2.068303e+01,2.055743e+01,2.062025e+01,2.056442e+01,2.043868e+01,2.053649e+01,2.050855e+01,2.073182e+01,2.077363e+01,2.069697e+01,2.091983e+01,2.075970e+01,2.078757e+01,2.069697e+01,2.071091e+01,2.082239e+01,2.074576e+01,2.078757e+01,2.078060e+01,2.078060e+01,2.090592e+01,2.087112e+01,2.093374e+01,2.083632e+01,2.088504e+01,2.085720e+01,2.080846e+01,2.076667e+01,2.083632e+01,2.090592e+01,2.072486e+01,2.090592e+01,2.075273e+01,2.095461e+01,2.085024e+01,2.084328e+01,2.079453e+01,2.075970e+01,2.071091e+01,2.081543e+01,2.086416e+01,2.090592e+01,2.085720e+01,2.087808e+01,2.085024e+01,2.087808e+01,2.080150e+01,2.085720e+01,2.084328e+01,2.080846e+01,2.080846e+01,2.070394e+01,2.069000e+01,2.071091e+01,2.073879e+01,2.075970e+01,2.071789e+01,2.076667e+01,2.069697e+01,2.070394e+01,2.064816e+01,2.059932e+01,2.080150e+01,2.075970e+01,2.073879e+01,2.080846e+01,2.082935e+01,2.064816e+01,2.073879e+01,2.064118e+01,2.066908e+01,2.061327e+01,2.075273e+01,2.059932e+01,2.061327e+01,2.080150e+01,2.072486e+01,2.076667e+01,2.078757e+01,2.082239e+01,2.079453e+01,2.058536e+01,2.059234e+01,2.070394e+01,2.073879e+01,2.078060e+01,2.069000e+01,2.078060e+01,2.096852e+01,2.073182e+01,2.063420e+01,2.085720e+01,2.062723e+01,2.068303e+01,2.067605e+01,2.073879e+01,2.044567e+01,2.055743e+01,2.038974e+01,2.027778e+01,2.015168e+01,1.989901e+01,1.989198e+01,1.965274e+01,1.954701e+01,1.936349e+01,1.941999e+01,1.937055e+01,1.936349e+01,1.938468e+01,1.938468e+01,1.939881e+01,1.915130e+01,1.921501e+01,1.903087e+01,1.886059e+01,1.885349e+01,1.873980e+01,1.869002e+01,1.861886e+01,1.853340e+01,1.861886e+01,1.873980e+01,1.880376e+01,1.883218e+01,1.893157e+01,1.932815e+01,1.961751e+01,1.988495e+01,1.992009e+01,2.029178e+01,2.043169e+01,2.046663e+01,2.053649e+01,2.054347e+01,2.042470e+01,2.040372e+01,2.038274e+01,2.038974e+01,2.038974e+01,2.034777e+01,2.038974e+01,2.042470e+01,2.071091e+01,2.069697e+01,2.075273e+01,2.078757e+01,2.081543e+01,2.084328e+01,2.078757e+01,2.080150e+01,2.081543e+01,2.083632e+01,2.080150e+01,2.081543e+01,2.089896e+01,2.089200e+01,2.071091e+01,2.088504e+01,2.087808e+01,2.083632e+01,2.077363e+01,2.089200e+01,2.090592e+01,2.078060e+01,2.075273e+01,2.070394e+01,2.081543e+01,2.077363e+01,2.080846e+01,2.066908e+01,2.070394e+01,2.061327e+01,2.063420e+01,2.063420e+01,2.057140e+01,2.058536e+01,2.063420e+01,2.060629e+01,2.052950e+01,2.068303e+01,2.052252e+01,2.052252e+01,2.068303e+01,2.070394e+01,2.056442e+01,2.065513e+01,2.050157e+01,2.050855e+01,2.052252e+01,2.050157e+01,2.055743e+01,2.045266e+01,2.034777e+01,2.038274e+01,2.026378e+01,2.033377e+01,2.019373e+01,2.020774e+01,2.017972e+01,2.015869e+01,2.031278e+01,2.031978e+01,2.035476e+01,2.047362e+01,2.057838e+01,2.045964e+01,2.047362e+01,2.066211e+01,2.055045e+01,2.059932e+01,2.059234e+01,2.061327e+01,2.055743e+01,2.040372e+01,2.044567e+01,2.034777e+01,2.033377e+01,2.038974e+01,2.013766e+01,2.011663e+01,2.004648e+01,2.010961e+01,2.012364e+01,2.001139e+01,2.006753e+01,1.993414e+01,2.002542e+01,1.991306e+01,1.994117e+01,1.978650e+01,1.979354e+01,1.989198e+01,1.963161e+01,1.975836e+01,1.968796e+01,1.957522e+01,1.962456e+01,1.956112e+01,1.951880e+01,1.962456e+01,1.952586e+01,1.958932e+01,1.973021e+01,1.956112e+01,1.973021e+01,1.965274e+01,1.963161e+01,1.981464e+01,1.970909e+01,1.973021e+01,1.988495e+01,1.978650e+01,1.975836e+01,1.982168e+01,1.979354e+01,1.977243e+01,1.985683e+01,1.992009e+01,2.010260e+01,2.001139e+01,1.999033e+01,2.003946e+01,2.004648e+01,2.015869e+01,2.016570e+01,2.030578e+01,2.053649e+01,2.055045e+01,2.057140e+01,2.062025e+01,2.078757e+01,2.068303e+01,2.071091e+01,2.076667e+01,2.082935e+01,2.081543e+01,2.081543e+01,2.082239e+01,2.080846e+01,2.085024e+01,2.081543e+01,2.080150e+01,2.093374e+01,2.088504e+01,2.084328e+01,2.080150e+01,2.072486e+01,2.081543e+01,2.054347e+01,2.045266e+01,2.030578e+01,2.027078e+01,2.003244e+01,2.001139e+01,1.982871e+01,1.973725e+01,1.961751e+01,1.976540e+01,1.973021e+01,1.951175e+01,1.944118e+01,1.944118e+01,1.953291e+01,1.961047e+01,1.979354e+01,2.020074e+01,1.996926e+01,2.018673e+01,2.012364e+01,2.043169e+01,2.044567e+01,2.052252e+01,2.048061e+01,2.057838e+01,2.068303e+01,2.083632e+01,2.087112e+01,2.083632e+01,2.083632e+01,2.076667e+01,2.087808e+01,2.090592e+01,2.092679e+01,2.076667e+01,2.088504e+01,2.082935e+01,2.071789e+01,2.072486e+01,2.071789e+01,2.054347e+01,2.006753e+01,1.996926e+01,1.994117e+01,1.993414e+01,1.996926e+01,2.002542e+01,1.994117e+01,1.999735e+01,2.004648e+01,1.989901e+01,2.018673e+01,1.987792e+01,1.990604e+01,1.994819e+01,1.990604e+01,2.016570e+01,2.015168e+01,2.016570e+01,2.015869e+01,2.017271e+01,2.048759e+01,2.073879e+01,2.073879e+01,2.084328e+01,2.085720e+01,2.083632e+01,2.083632e+01,2.077363e+01,2.086416e+01,2.084328e+01,2.082935e+01,2.079453e+01,2.080150e+01,2.081543e+01,2.081543e+01,2.080846e+01,2.082239e+01,2.080150e+01,2.068303e+01,2.083632e+01,2.065513e+01,2.063420e+01,2.061327e+01,2.055743e+01,2.059932e+01,2.050855e+01,2.054347e+01,2.043169e+01,2.042470e+01,2.043868e+01,2.045266e+01,2.043868e+01,2.020774e+01,2.020774e+01,2.029178e+01,1.987090e+01,1.977243e+01,1.958227e+01,1.949764e+01,1.933522e+01,1.937762e+01,1.934229e+01,1.938468e+01,1.924331e+01,1.927867e+01,1.943411e+01,1.928574e+01,1.929281e+01,1.934936e+01,1.934229e+01,1.934229e+01,1.936349e+01,1.937055e+01,1.922208e+01,1.932109e+01,1.936349e+01,1.931402e+01,1.933522e+01,1.936349e+01,1.942705e+01,1.953291e+01,1.980058e+01,1.983574e+01,1.985683e+01,2.003244e+01,2.008857e+01,2.017972e+01,1.993414e+01,2.020774e+01,1.994117e+01,2.010961e+01,2.001139e+01,2.006051e+01,2.009559e+01,2.008857e+01,2.002542e+01,1.984277e+01,2.015168e+01,2.014467e+01,2.018673e+01,2.018673e+01,2.043868e+01,2.022876e+01,2.034777e+01,2.031978e+01,2.038974e+01,2.031978e+01,2.048759e+01,2.045964e+01,2.050855e+01,2.057838e+01,2.064118e+01,2.052252e+01,2.057838e+01,2.059234e+01,2.043169e+01,2.034777e+01,2.026378e+01,2.030578e+01,2.019373e+01,2.026378e+01,1.994819e+01,1.987090e+01,1.966683e+01,1.961047e+01,1.923623e+01,1.931402e+01,1.928574e+01,1.918670e+01,1.915838e+01,1.922916e+01,1.929281e+01,1.930695e+01,1.934229e+01,1.943411e+01,1.944823e+01,1.959637e+01,1.965979e+01,1.975132e+01,1.975132e+01,1.982168e+01,1.989198e+01,2.014467e+01,2.004648e+01,2.018673e+01,2.040372e+01,2.038274e+01,2.039673e+01,2.052950e+01,2.055743e+01,2.073879e+01,2.085024e+01,2.077363e+01,2.090592e+01,2.089200e+01,2.094765e+01,2.091983e+01,2.098242e+01,2.101718e+01,2.089200e+01,2.093374e+01,2.101023e+01,2.096852e+01,2.098242e+01,2.098242e+01,2.093374e+01,2.111443e+01,2.110054e+01,2.102413e+01,2.114220e+01,2.094070e+01,2.103107e+01,2.094070e+01,2.103107e+01,2.096852e+01,2.098937e+01,2.099632e+01,2.089896e+01,2.109360e+01,2.092679e+01,2.100327e+01,2.094765e+01,2.100327e+01,2.088504e+01,2.112831e+01,2.110054e+01,2.093374e+01,2.096156e+01,2.101718e+01,2.095461e+01,2.103107e+01,2.101718e+01,2.087808e+01,2.107276e+01,2.098242e+01,2.099632e+01,2.098937e+01,2.095461e+01,2.091983e+01,2.097547e+01,2.103802e+01,2.098937e+01,2.094765e+01,2.092679e+01,2.101023e+01,2.094070e+01,2.099632e+01,2.096852e+01,2.095461e+01,2.098937e+01,2.091983e+01,2.096852e+01,2.092679e+01,2.101718e+01,2.093374e+01,2.085720e+01,2.086416e+01,2.092679e+01,2.087808e+01,2.094070e+01,2.097547e+01,2.098937e+01,2.116302e+01,2.095461e+01,2.093374e+01,2.098242e+01,2.091983e+01,2.094765e+01,2.096852e+01,2.094765e+01,2.090592e+01,2.100327e+01,2.098242e+01,2.094765e+01,2.089896e+01,2.094765e+01,2.095461e+01,2.104497e+01,2.089896e+01,2.103107e+01,2.102413e+01,2.105192e+01,2.106581e+01,2.106581e+01,2.114220e+01,2.114220e+01,2.126013e+01,2.126707e+01,2.119771e+01,2.112831e+01,2.114220e+01,2.131559e+01,2.111443e+01,2.091983e+01,2.086416e+01,2.087808e+01,2.091983e+01,2.089200e+01,2.090592e+01,2.097547e+01,2.089896e+01,2.080150e+01,2.082239e+01,2.069000e+01,2.060629e+01,2.059932e+01
2.076667e+01,2.069697e+01,2.065513e+01,2.080150e+01,2.078757e+01,2.085720e+01,2.084328e+01,2.071789e+01,2.074576e+01,2.070394e+01,2.071789e+01,2.078060e+01,2.071091e+01,2.071091e+01,2.073182e+01,2.073182e+01,2.063420e+01,2.073879e+01,2.065513e+01,2.075970e+01,2.066908e+01,2.080150e+01,2.073879e+01,2.078757e+01,2.077363e+01,2.075273e+01,2.070394e+01,2.072486e+01,2.071091e+01,2.070394e+01,2.068303e+01,2.050157e+01,2.048061e+01,2.047362e+01,2.045964e+01,2.029878e+01,2.048061e+01,2.043868e+01,2.048061e+01,2.051554e+01,2.041770e+01,2.021475e+01,2.028478e+01,2.030578e+01,2.017271e+01,2.027778e+01,2.025677e+01,2.038274e+01,2.029178e+01,2.045266e+01,2.060629e+01,2.060629e+01,2.062025e+01,2.047362e+01,2.081543e+01,2.070394e+01,2.069697e+01,2.069697e+01,2.075273e+01,2.073182e+01,2.073879e+01,2.068303e+01,2.082239e+01,2.075970e+01,2.074576e+01,2.075970e+01,2.071789e+01,2.071091e+01,2.077363e+01,2.085024e+01,2.077363e+01,2.078060e+01,2.073182e+01,2.075970e+01,2.072486e+01,2.080150e+01,2.073879e+01,2.090592e+01,2.081543e+01,2.089200e+01,2.095461e+01,2.082935e+01,2.075970e+01,2.085720e+01,2.088504e+01,2.089896e+01,2.091983e+01,2.080846e+01,2.080150e+01,2.070394e+01,2.084328e+01,2.072486e+01,2.080150e+01,2.080846e+01,2.080150e+01,2.080150e+01,2.071789e+01,2.073182e+01,2.066908e+01,2.085024e+01,2.070394e+01,2.071789e+01,2.069697e+01,2.071789e+01,2.069000e+01,2.075273e+01,2.058536e+01,2.064118e+01,2.066211e+01,2.062723e+01,2.077363e+01,2.061327e+01,2.062723e+01,2.065513e+01,2.062723e+01,2.076667e+01,2.062723e+01,2.070394e+01,2.071789e+01,2.058536e+01,2.062025e+01,2.075970e+01,2.066908e+01,2.068303e+01,2.068303e+01,2.073182e+01,2.069000e+01,2.075970e+01,2.060629e+01,2.072486e+01,2.071789e+01,2.071091e+01,2.059234e+01,2.068303e+01,2.053649e+01,2.067605e+01,2.065513e+01,2.071789e+01,2.064118e+01,2.052252e+01,2.027778e+01,2.027778e+01,2.023577e+01,1.977947e+01,1.963865e+01,1.961751e+01,1.937762e+01,1.921501e+01,1.915130e+01,1.910881e+01,1.911590e+01,1.911590e+01,1.912298e+01,1.914422e+01,1.913714e+01,1.900960e+01,1.881087e+01,1.876112e+01,1.876823e+01,1.865444e+01,1.868290e+01,1.866156e+01,1.866867e+01,1.861886e+01,1.864021e+01,1.859038e+01,1.870424e+01,1.879666e+01,1.896704e+01,1.905922e+01,1.936349e+01,1.963865e+01,1.987792e+01,2.006753e+01,2.031978e+01,2.031978e+01,2.045266e+01,2.048061e+01,2.031978e+01,2.037575e+01,2.022176e+01,2.027078e+01,2.032678e+01,2.035476e+01,2.040372e+01,2.042470e+01,2.052950e+01,2.065513e+01,2.072486e+01,2.078757e+01,2.085024e+01,2.069697e+01,2.073182e+01,2.074576e+01,2.077363e+01,2.079453e+01,2.089896e+01,2.078757e+01,2.082239e+01,2.083632e+01,2.074576e+01,2.080846e+01,2.091287e+01,2.086416e+01,2.089200e+01,2.085024e+01,2.081543e+01,2.071789e+01,2.073879e+01,2.083632e+01,2.068303e+01,2.069000e+01,2.067605e+01,2.073182e+01,2.063420e+01,2.059932e+01,2.059932e+01,2.065513e+01,2.042470e+01,2.055743e+01,2.062723e+01,2.052252e+01,2.048061e+01,2.053649e+01,2.043868e+01,2.045266e+01,2.042470e+01,2.036875e+01,2.053649e+01,2.051554e+01,2.053649e+01,2.043868e+01,2.038974e+01,2.034777e+01,2.012364e+01,2.034777e+01,2.013766e+01,2.035476e+01,2.013766e+01,2.008857e+01,2.013065e+01,2.003244e+01,2.022876e+01,2.028478e+01,2.030578e+01,2.031978e+01,2.030578e+01,2.044567e+01,2.038274e+01,2.047362e+01,2.047362e+01,2.056442e+01,2.061327e+01,2.057140e+01,2.060629e+01,2.049458e+01,2.055743e+01,2.040372e+01,2.031278e+01,2.043868e+01,2.024977e+01,2.015168e+01,2.015869e+01,2.003244e+01,2.012364e+01,2.008156e+01,1.999735e+01,1.994117e+01,1.994117e+01,1.987792e+01,1.989198e+01,1.987090e+01,1.975132e+01,1.983574e+01,1.974428e+01,1.995521e+01,1.978650e+01,1.977243e+01,1.957522e+01,1.973021e+01,1.966683e+01,1.956112e+01,1.954701e+01,1.951175e+01,1.952586e+01,1.952586e+01,1.964570e+01,1.960342e+01,1.962456e+01,1.972317e+01,1.965979e+01,1.979354e+01,1.968796e+01,1.968796e+01,1.988495e+01,1.971613e+01,1.977947e+01,1.963161e+01,1.970205e+01,1.963161e+01,1.980058e+01,1.981464e+01,1.965979e+01,1.980761e+01,1.996926e+01,2.001139e+01,1.997628e+01,2.010961e+01,2.004648e+01,2.013065e+01,2.022876e+01,2.029178e+01,2.030578e+01,2.035476e+01,2.040372e+01,2.042470e+01,2.050157e+01,2.053649e+01,2.051554e+01,2.054347e+01,2.055743e+01,2.053649e+01,2.052950e+01,2.052252e+01,2.081543e+01,2.069697e+01,2.073182e+01,2.073879e+01,2.071091e+01,2.097547e+01,2.069697e+01,2.070394e+01,2.048061e+01,2.040372e+01,2.016570e+01,2.005350e+01,1.989901e+01,1.962456e+01,1.963865e+01,1.970909e+01,1.933522e+01,1.935642e+01,1.934229e+01,1.934229e+01,1.933522e+01,1.937762e+01,1.939174e+01,1.946235e+01,1.960342e+01,1.953291e+01,1.995521e+01,1.974428e+01,1.991306e+01,1.997628e+01,2.029178e+01,2.038974e+01,2.048061e+01,2.045266e+01,2.057838e+01,2.073182e+01,2.074576e+01,2.072486e+01,2.076667e+01,2.086416e+01,2.085024e+01,2.076667e+01,2.089200e+01,2.098937e+01,2.073182e+01,2.078060e+01,2.078757e+01,2.073879e+01,2.075273e+01,2.057838e+01,2.047362e+01,2.047362e+01,2.001139e+01,1.996224e+01,1.996224e+01,1.982871e+01,1.987792e+01,1.994819e+01,1.994117e+01,1.985683e+01,1.972317e+01,1.983574e+01,1.982168e+01,1.972317e+01,1.973021e+01,1.968796e+01,1.995521e+01,1.970205e+01,1.984277e+01,2.008857e+01,2.006753e+01,2.046663e+01,2.074576e+01,2.073879e+01,2.070394e+01,2.080150e+01,2.078757e+01,2.087112e+01,2.089200e+01,2.080150e+01,2.082935e+01,2.086416e+01,2.078757e+01,2.082935e+01,2.077363e+01,2.080846e+01,2.086416e+01,2.073182e+01,2.069000e+01,2.082935e+01,2.068303e+01,2.066908e+01,2.064118e+01,2.064816e+01,2.057838e+01,2.061327e+01,2.047362e+01,2.064816e+01,2.061327e+01,2.056442e+01,2.048061e+01,2.040372e+01,2.038974e+01,2.032678e+01,2.023577e+01,1.988495e+01,1.958932e+01,1.958227e+01,1.961751e+01,1.932815e+01,1.934229e+01,1.929988e+01,1.913714e+01,1.914422e+01,1.910173e+01,1.922208e+01,1.919378e+01,1.927160e+01,1.934229e+01,1.930695e+01,1.932815e+01,1.934936e+01,1.932815e+01,1.920793e+01,1.932815e+01,1.926452e+01,1.923623e+01,1.932815e+01,1.927867e+01,1.948352e+01,1.958227e+01,1.945529e+01,1.973021e+01,1.973725e+01,1.961751e+01,1.968796e+01,1.970909e+01,1.973725e+01,1.971613e+01,1.975836e+01,1.977243e+01,1.953996e+01,1.975132e+01,1.975836e+01,1.976540e+01,1.975132e+01,1.979354e+01,1.984277e+01,1.981464e+01,1.979354e+01,2.001139e+01,1.993414e+01,1.989901e+01,1.999033e+01,2.024977e+01,2.027078e+01,2.022176e+01,2.015168e+01,2.029878e+01,2.024977e+01,2.035476e+01,2.033377e+01,2.030578e+01,2.035476e+01,2.003244e+01,2.006051e+01,2.006753e+01,2.004648e+01,1.998330e+01,1.999735e+01,1.990604e+01,1.968796e+01,1.980058e+01,1.961751e+01,1.967388e+01,1.922916e+01,1.943411e+01,1.925745e+01,1.932815e+01,1.929988e+01,1.929281e+01,1.937762e+01,1.941293e+01,1.955407e+01,1.949764e+01,1.976540e+01,1.961751e+01,1.952586e+01,1.971613e+01,1.977947e+01,1.976540e+01,1.970909e+01,1.961751e+01,1.974428e+01,1.991306e+01,1.990604e+01,1.994819e+01,2.025677e+01,2.020074e+01,2.012364e+01,2.042470e+01,2.057140e+01,2.065513e+01,2.073879e+01,2.075970e+01,2.091287e+01,2.101023e+01,2.082239e+01,2.085024e+01,2.095461e+01,2.094070e+01,2.092679e+01,2.103802e+01,2.097547e+01,2.096852e+01,2.102413e+01,2.091983e+01,2.100327e+01,2.090592e+01,2.101023e+01,2.089200e+01,2.114220e+01,2.114914e+01,2.098242e+01,2.101023e+01,2.098242e+01,2.096156e+01,2.096156e+01,2.102413e+01,2.094765e+01,2.098242e+01,2.100327e+01,2.087808e+01,2.093374e+01,2.092679e+01,2.093374e+01,2.098937e+01,2.097547e+01,2.094070e+01,2.098937e+01,2.092679e+01,2.092679e+01,2.091287e+01,2.091287e+01,2.091983e+01,2.093374e+01,2.093374e+01,2.094765e+01,2.096156e+01,2.093374e+01,2.103802e+01,2.097547e+01,2.094765e+01,2.089896e+01,2.097547e+01,2.096852e+01,2.086416e+01,2.080150e+01,2.098937e+01,2.082239e+01,2.083632e+01,2.095461e+01,2.096852e+01,2.085720e+01,2.089200e+01,2.092679e+01,2.089896e+01,2.090592e+01,2.087112e+01,2.083632e+01,2.100327e+01,2.098937e+01,2.098242e+01,2.091287e+01,2.092679e+01,2.093374e+01,2.098242e+01,2.084328e+01,2.096156e+01,2.089200e+01,2.096156e+01,2.089896e+01,2.089200e+01,2.093374e+01,2.091287e+01,2.104497e+01,2.088504e+01,2.096156e+01,2.094070e+01,2.096156e+01,2.098242e+01,2.109360e+01,2.111443e+01,2.115608e+01,2.113526e+01,2.131559e+01,2.113526e+01,2.125320e+01,2.116996e+01,2.125320e+01,2.104497e+01,2.116996e+01,2.102413e+01,2.097547e+01,2.103802e+01,2.093374e+01,2.089200e+01,2.087808e+01,2.106581e+01,2.082239e+01,2.080150e+01,2.071091e+01,2.066908e+01,2.057838e+01,2.055045e+01,2.062025e+01
2.069697e+01,2.078757e+01,2.077363e+01,2.068303e+01,2.073879e+01,2.074576e+01,2.082239e+01,2.071091e+01,2.070394e+01,2.075970e+01,2.074576e+01,2.075273e+01,2.071091e+01,2.070394e+01,2.072486e+01,2.040372e+01,2.064118e+01,2.075970e+01,2.075273e+01,2.082239e+01,2.074576e+01,2.069000e+01,2.082239e+01,2.069000e+01,2.082239e+01,2.075970e+01,2.071091e+01,2.082935e+01,2.078757e+01,2.069697e+01,2.043868e+01,2.038974e+01,2.066908e+01,2.045266e+01,2.057838e+01,2.018673e+01,2.015869e+01,2.013065e+01,2.020074e+01,2.008156e+01,2.026378e+01,2.017271e+01,2.007454e+01,2.024277e+01,2.027778e+01,2.021475e+01,2.023577e+01,2.019373e+01,2.026378e+01,2.026378e+01,2.031978e+01,2.036176e+01,2.057140e+01,2.040372e+01,2.066211e+01,2.069000e+01,2.089200e+01,2.071091e+01,2.071789e+01,2.078757e+01,2.082239e+01,2.080846e+01,2.080150e+01,2.075970e+01,2.075273e+01,2.083632e+01,2.073879e+01,2.080150e+01,2.081543e+01,2.082935e+01,2.068303e+01,2.078757e+01,2.077363e+01,2.075273e+01,2.069697e+01,2.080150e+01,2.075273e+01,2.067605e+01,2.081543e+01,2.085720e+01,2.075970e+01,2.069697e+01,2.082935e+01,2.070394e+01,2.070394e+01,2.078757e+01,2.091983e+01,2.071789e+01,2.081543e+01,2.079453e+01,2.069000e+01,2.083632e+01,2.079453e+01,2.080846e+01,2.076667e+01,2.080846e+01,2.078757e+01,2.087808e+01,2.076667e+01,2.078060e+01,2.069697e+01,2.076667e+01,2.078757e+01,2.080846e+01,2.075273e+01,2.057140e+01,2.082239e+01,2.078757e+01,2.059932e+01,2.059932e+01,2.073182e+01,2.068303e+01,2.061327e+01,2.061327e+01,2.064118e+01,2.057140e+01,2.078060e+01,2.071091e+01,2.068303e+01,2.070394e+01,2.073182e+01,2.070394e+01,2.060629e+01,2.073879e+01,2.058536e+01,2.064816e+01,2.067605e+01,2.062025e+01,2.064118e+01,2.073879e+01,2.061327e+01,2.064118e+01,2.057140e+01,2.067605e+01,2.067605e+01,2.055045e+01,2.075273e+01,2.048759e+01,2.042470e+01,2.026378e+01,2.023577e+01,1.982168e+01,1.973725e+01,1.961047e+01,1.937762e+01,1.915838e+01,1.913006e+01,1.889609e+01,1.886059e+01,1.886059e+01,1.885349e+01,1.888189e+01,1.890318e+01,1.884638e+01,1.876823e+01,1.877534e+01,1.871135e+01,1.875401e+01,1.864021e+01,1.860462e+01,1.860462e+01,1.849777e+01,1.845500e+01,1.858326e+01,1.858326e+01,1.859038e+01,1.871135e+01,1.891738e+01,1.902378e+01,1.902378e+01,1.932109e+01,1.963865e+01,2.000437e+01,1.994117e+01,2.017271e+01,2.029878e+01,2.019373e+01,2.028478e+01,2.015869e+01,2.021475e+01,2.017972e+01,2.021475e+01,2.024977e+01,2.028478e+01,2.036875e+01,2.031278e+01,2.078060e+01,2.073879e+01,2.072486e+01,2.077363e+01,2.075970e+01,2.073182e+01,2.081543e+01,2.076667e+01,2.080846e+01,2.076667e+01,2.083632e+01,2.082935e+01,2.075970e+01,2.091983e+01,2.089200e+01,2.085024e+01,2.078060e+01,2.090592e+01,2.085720e+01,2.082239e+01,2.086416e+01,2.080846e+01,2.080150e+01,2.080150e+01,2.066908e+01,2.078060e+01,2.080150e+01,2.078757e+01,2.066211e+01,2.064816e+01,2.057838e+01,2.064816e+01,2.057140e+01,2.050855e+01,2.053649e+01,2.050157e+01,2.053649e+01,2.050855e+01,2.051554e+01,2.036176e+01,2.026378e+01,2.036176e+01,2.036875e+01,2.043868e+01,2.024277e+01,2.020774e+01,2.015869e+01,2.008857e+01,2.007454e+01,2.015869e+01,2.008857e+01,2.008857e+01,2.008857e+01,2.013766e+01,2.010260e+01,1.988495e+01,2.004648e+01,2.006753e+01,2.013065e+01,2.017271e+01,2.031278e+01,2.048759e+01,2.050157e+01,2.052252e+01,2.049458e+01,2.053649e+01,2.060629e+01,2.060629e+01,2.057838e+01,2.059234e+01,2.046663e+01,2.032678e+01,2.024277e+01,2.035476e+01,2.022876e+01,2.022876e+01,2.013065e+01,2.017972e+01,2.015168e+01,2.003946e+01,2.000437e+01,1.998330e+01,2.003946e+01,2.003244e+01,1.990604e+01,1.988495e+01,1.989198e+01,1.965979e+01,1.975836e+01,1.973021e+01,1.970205e+01,1.970205e+01,1.973021e+01,1.958932e+01,1.961751e+01,1.956817e+01,1.955407e+01,1.953996e+01,1.953291e+01,1.951880e+01,1.960342e+01,1.961751e+01,1.958227e+01,1.963865e+01,1.958227e+01,1.969500e+01,1.970205e+01,1.960342e+01,1.973725e+01,1.970205e+01,1.976540e+01,1.962456e+01,1.958227e+01,1.955407e+01,1.953291e+01,1.956112e+01,1.980058e+01,1.982168e+01,1.998330e+01,1.996224e+01,1.995521e+01,1.997628e+01,1.996224e+01,1.995521e+01,2.005350e+01,2.029878e+01,2.029878e+01,2.030578e+01,2.029178e+01,2.038974e+01,2.025677e+01,2.041770e+01,2.031278e+01,2.052252e+01,2.048759e+01,2.028478e+01,2.032678e+01,2.050157e+01,2.043169e+01,2.040372e+01,2.039673e+01,2.066908e+01,2.046663e+01,2.069000e+01,2.071091e+01,2.044567e+01,2.041770e+01,2.039673e+01,2.003946e+01,2.002542e+01,1.989901e+01,1.955407e+01,1.943411e+01,1.935642e+01,1.929281e+01,1.938468e+01,1.918670e+01,1.923623e+01,1.932815e+01,1.930695e+01,1.942705e+01,1.946941e+01,1.931402e+01,1.951880e+01,1.951880e+01,1.968092e+01,1.968092e+01,1.972317e+01,1.994117e+01,2.019373e+01,2.030578e+01,2.037575e+01,2.055743e+01,2.073879e+01,2.073182e+01,2.088504e+01,2.075273e+01,2.080846e+01,2.078757e+01,2.078757e+01,2.076667e+01,2.081543e+01,2.075273e+01,2.085720e+01,2.078060e+01,2.073182e+01,2.079453e+01,2.073182e+01,2.072486e+01,2.078757e+01,2.050855e+01,2.054347e+01,2.052950e+01,2.013065e+01,1.992009e+01,1.976540e+01,1.978650e+01,1.980058e+01,1.972317e+01,1.972317e+01,1.982168e+01,1.967388e+01,1.966683e+01,1.965979e+01,1.969500e+01,1.965979e+01,1.963865e+01,1.974428e+01,1.974428e+01,1.982168e+01,2.000437e+01,2.063420e+01,2.073182e+01,2.078757e+01,2.080150e+01,2.082239e+01,2.080150e+01,2.080846e+01,2.087808e+01,2.080846e+01,2.080846e+01,2.069000e+01,2.080150e+01,2.083632e+01,2.074576e+01,2.084328e+01,2.085720e+01,2.083632e+01,2.064118e+01,2.067605e+01,2.063420e+01,2.056442e+01,2.062723e+01,2.052950e+01,2.057838e+01,2.060629e+01,2.062723e+01,2.057140e+01,2.053649e+01,2.062723e+01,2.058536e+01,2.032678e+01,2.027778e+01,2.005350e+01,1.984980e+01,1.962456e+01,1.943411e+01,1.915838e+01,1.913714e+01,1.910881e+01,1.912298e+01,1.886059e+01,1.888899e+01,1.894576e+01,1.906630e+01,1.907339e+01,1.910173e+01,1.922208e+01,1.929988e+01,1.915838e+01,1.931402e+01,1.937055e+01,1.934936e+01,1.937762e+01,1.921501e+01,1.926452e+01,1.917254e+01,1.925745e+01,1.918670e+01,1.934936e+01,1.946235e+01,1.946235e+01,1.959637e+01,1.942705e+01,1.945529e+01,1.958227e+01,1.950469e+01,1.936349e+01,1.940587e+01,1.932815e+01,1.940587e+01,1.940587e+01,1.937055e+01,1.946235e+01,1.953996e+01,1.960342e+01,1.953996e+01,1.956817e+01,1.952586e+01,1.949764e+01,1.965979e+01,1.971613e+01,1.974428e+01,1.982871e+01,1.983574e+01,1.996224e+01,1.997628e+01,2.010260e+01,1.999735e+01,2.002542e+01,2.004648e+01,2.001841e+01,2.006753e+01,1.975132e+01,2.002542e+01,1.995521e+01,1.973725e+01,1.982168e+01,1.977243e+01,1.989901e+01,1.978650e+01,1.965979e+01,1.955407e+01,1.961047e+01,1.961047e+01,1.952586e+01,1.963865e+01,1.975836e+01,1.973021e+01,1.967388e+01,1.983574e+01,1.985683e+01,1.970205e+01,1.992009e+01,1.970205e+01,1.973725e+01,1.982168e+01,1.975132e+01,1.961047e+01,1.963161e+01,1.959637e+01,1.955407e+01,1.961047e+01,1.956817e+01,1.970205e+01,1.977243e+01,2.009559e+01,2.003244e+01,2.010260e+01,2.017271e+01,2.034077e+01,2.034777e+01,2.067605e+01,2.071091e+01,2.089200e+01,2.089896e+01,2.073879e+01,2.096156e+01,2.094765e+01,2.087112e+01,2.092679e+01,2.091287e+01,2.092679e+01,2.095461e+01,2.091287e+01,2.103802e+01,2.094070e+01,2.104497e+01,2.107971e+01,2.112137e+01,2.095461e+01,2.095461e+01,2.098242e+01,2.095461e+01,2.102413e+01,2.103107e+01,2.098242e+01,2.096156e+01,2.102413e+01,2.104497e+01,2.098242e+01,2.094765e+01,2.098937e+01,2.099632e+01,2.092679e+01,2.093374e+01,2.097547e+01,2.094765e+01,2.091287e+01,2.103802e+01,2.106581e+01,2.105192e+01,2.099632e+01,2.101718e+01,2.095461e+01,2.101718e+01,2.090592e+01,2.088504e+01,2.100327e+01,2.099632e+01,2.090592e+01,2.093374e+01,2.095461e+01,2.094070e+01,2.098242e+01,2.082935e+01,2.092679e+01,2.098937e+01,2.083632e+01,2.093374e+01,2.091983e+01,2.087112e+01,2.092679e+01,2.085024e+01,2.082239e+01,2.093374e+01,2.095461e+01,2.089200e+01,2.091287e+01,2.092679e+01,2.094765e+01,2.096156e+01,2.093374e+01,2.095461e+01,2.079453e+01,2.096852e+01,2.098937e+01,2.098242e+01,2.094070e+01,2.092679e+01,2.096852e+01,2.093374e+01,2.091287e+01,2.092679e+01,2.089200e+01,2.094765e+01,2.108665e+01,2.101023e+01,2.105887e+01,2.102413e+01,2.106581e+01,2.100327e+01,2.110748e+01,2.114220e+01,2.119771e+01,2.126013e+01,2.123240e+01,2.123240e+01,2.105887e+01,2.107971e+01,2.108665e+01,2.093374e+01,2.101023e+01,2.096852e+01,2.088504e+01,2.086416e+01,2.085024e+01,2.076667e+01,2.089200e+01,2.087808e+01,2.069697e+01,2.069697e+01,2.066211e+01,2.053649e+01
2.081543e+01,2.086416e+01,2.071789e+01,2.085024e+01,2.087112e+01,2.078060e+01,2.075273e+01,2.078757e+01,2.069000e+01,2.083632e+01,2.084328e+01,2.071091e+01,2.071789e+01,2.069000e+01,2.072486e+01,2.063420e+01,2.068303e+01,2.076667e+01,2.073182e+01,2.074576e+01,2.079453e+01,2.076667e+01,2.081543e+01,2.076667e+01,2.075273e+01,2.076667e+01,2.078757e+01,2.075273e+01,2.069000e+01,2.050157e+01,2.050855e+01,2.027778e+01,2.024977e+01,2.016570e+01,2.008857e+01,1.996926e+01,2.004648e+01,1.989901e+01,1.995521e+01,2.004648e+01,1.997628e+01,1.995521e+01,1.999735e+01,1.991306e+01,1.996926e+01,2.006051e+01,2.003946e+01,2.021475e+01,2.015869e+01,2.020074e+01,2.020074e+01,2.024977e+01,2.037575e+01,2.035476e+01,2.035476e+01,2.063420e+01,2.046663e+01,2.085024e+01,2.069697e+01,2.072486e+01,2.074576e+01,2.076667e+01,2.078757e+01,2.082935e+01,2.085720e+01,2.071789e+01,2.080150e+01,2.072486e+01,2.066908e+01,2.078757e+01,2.075970e+01,2.071091e+01,2.080846e+01,2.075273e+01,2.074576e+01,2.075970e+01,2.082935e+01,2.084328e+01,2.084328e+01,2.081543e+01,2.078757e+01,2.085720e+01,2.074576e+01,2.072486e+01,2.087808e+01,2.088504e+01,2.075970e+01,2.071789e+01,2.078060e+01,2.078757e+01,2.074576e+01,2.083632e+01,2.074576e+01,2.081543e+01,2.082935e+01,2.080150e+01,2.078757e+01,2.087112e+01,2.089896e+01,2.089200e+01,2.089200e+01,2.071789e+01,2.080846e+01,2.080150e+01,2.077363e+01,2.056442e+01,2.080150e+01,2.079453e+01,2.062025e+01,2.074576e+01,2.060629e+01,2.061327e+01,2.069000e+01,2.066211e+01,2.075970e+01,2.054347e+01,2.066908e+01,2.061327e+01,2.071789e+01,2.073879e+01,2.072486e+01,2.064816e+01,2.068303e+01,2.058536e+01,2.053649e+01,2.055743e+01,2.069697e+01,2.070394e+01,2.065513e+01,2.070394e+01,2.069000e+01,2.070394e+01,2.058536e+01,2.068303e+01,2.055743e+01,2.034777e+01,2.055045e+01,2.020774e+01,2.016570e+01,2.010260e+01,1.970205e+01,1.960342e+01,1.944823e+01,1.940587e+01,1.929281e+01,1.888899e+01,1.885349e+01,1.851915e+01,1.852628e+01,1.883218e+01,1.883218e+01,1.883928e+01,1.878245e+01,1.873980e+01,1.874691e+01,1.862598e+01,1.863309e+01,1.855477e+01,1.869002e+01,1.857614e+01,1.858326e+01,1.855477e+01,1.831230e+01,1.842648e+01,1.856902e+01,1.856190e+01,1.867579e+01,1.876823e+01,1.895995e+01,1.906630e+01,1.927867e+01,1.973725e+01,1.972317e+01,1.986386e+01,1.994117e+01,2.017271e+01,2.022176e+01,2.014467e+01,2.015869e+01,2.013065e+01,2.002542e+01,2.003946e+01,2.023577e+01,2.020074e+01,2.028478e+01,2.034077e+01,2.038274e+01,2.062723e+01,2.085024e+01,2.079453e+01,2.073879e+01,2.080846e+01,2.084328e+01,2.076667e+01,2.085720e+01,2.072486e+01,2.072486e+01,2.075970e+01,2.079453e+01,2.090592e+01,2.086416e+01,2.087808e+01,2.082935e+01,2.090592e+01,2.084328e+01,2.078757e+01,2.079453e+01,2.077363e+01,2.083632e+01,2.082935e+01,2.068303e+01,2.082239e+01,2.077363e+01,2.071091e+01,2.075273e+01,2.073879e+01,2.062723e+01,2.062723e+01,2.062723e+01,2.055743e+01,2.037575e+01,2.041071e+01,2.045964e+01,2.045266e+01,2.034077e+01,2.047362e+01,2.034077e+01,2.026378e+01,2.031278e+01,2.027778e+01,2.031978e+01,2.008857e+01,2.020774e+01,2.016570e+01,2.003946e+01,2.019373e+01,1.998330e+01,2.006753e+01,2.012364e+01,2.009559e+01,2.008857e+01,2.007454e+01,2.014467e+01,2.013766e+01,2.028478e+01,2.021475e+01,2.033377e+01,2.044567e+01,2.048759e+01,2.059932e+01,2.045266e+01,2.064118e+01,2.052950e+01,2.048061e+01,2.055045e+01,2.049458e+01,2.051554e+01,2.050855e+01,2.041071e+01,2.024277e+01,2.022876e+01,2.022176e+01,2.011663e+01,2.017972e+01,2.003946e+01,2.003946e+01,2.004648e+01,2.003946e+01,1.992711e+01,2.002542e+01,2.005350e+01,1.978650e+01,1.989198e+01,1.977947e+01,1.971613e+01,1.982168e+01,1.986386e+01,1.967388e+01,1.965979e+01,1.974428e+01,1.958227e+01,1.956817e+01,1.951175e+01,1.951880e+01,1.952586e+01,1.956817e+01,1.949764e+01,1.958227e+01,1.962456e+01,1.960342e+01,1.953291e+01,1.968092e+01,1.961047e+01,1.958932e+01,1.953291e+01,1.953291e+01,1.957522e+01,1.951880e+01,1.963865e+01,1.953291e+01,1.953996e+01,1.954701e+01,1.979354e+01,1.960342e+01,1.965274e+01,1.963865e+01,1.979354e+01,1.970205e+01,1.997628e+01,1.998330e+01,1.984980e+01,2.000437e+01,2.000437e+01,2.006753e+01,2.031278e+01,1.990604e+01,2.010961e+01,2.031278e+01,1.991306e+01,2.010260e+01,2.015168e+01,2.010961e+01,2.035476e+01,2.020074e+01,2.037575e+01,2.038974e+01,2.038974e+01,2.041770e+01,2.041071e+01,2.045964e+01,2.042470e+01,2.036875e+01,2.026378e+01,2.030578e+01,2.014467e+01,1.982871e+01,1.980058e+01,1.955407e+01,1.941999e+01,1.930695e+01,1.905922e+01,1.932815e+01,1.925745e+01,1.905922e+01,1.900960e+01,1.918670e+01,1.915838e+01,1.913714e+01,1.927160e+01,1.905922e+01,1.927160e+01,1.940587e+01,1.970909e+01,1.972317e+01,1.975836e+01,2.011663e+01,2.015869e+01,2.024977e+01,2.028478e+01,2.058536e+01,2.081543e+01,2.071789e+01,2.077363e+01,2.092679e+01,2.094070e+01,2.082239e+01,2.098242e+01,2.081543e+01,2.076667e+01,2.075273e+01,2.078757e+01,2.071789e+01,2.076667e+01,2.078060e+01,2.079453e+01,2.086416e+01,2.053649e+01,2.071091e+01,2.058536e+01,2.055743e+01,2.048759e+01,1.980058e+01,1.963161e+01,1.949764e+01,1.956817e+01,1.956817e+01,1.966683e+01,1.973021e+01,1.966683e+01,1.954701e+01,1.959637e+01,1.949058e+01,1.965274e+01,1.953996e+01,1.951880e+01,1.953291e+01,1.973021e+01,1.996224e+01,1.992711e+01,2.011663e+01,2.075970e+01,2.073879e+01,2.078060e+01,2.080846e+01,2.078060e+01,2.082239e+01,2.091983e+01,2.080150e+01,2.087808e+01,2.080846e+01,2.079453e+01,2.073182e+01,2.066211e+01,2.066211e+01,2.079453e+01,2.061327e+01,2.060629e+01,2.064816e+01,2.063420e+01,2.059234e+01,2.066908e+01,2.063420e+01,2.063420e+01,2.065513e+01,2.062723e+01,2.062723e+01,2.060629e+01,2.043169e+01,2.034777e+01,2.008857e+01,2.000437e+01,1.981464e+01,1.956112e+01,1.929988e+01,1.921501e+01,1.911590e+01,1.907339e+01,1.895286e+01,1.883218e+01,1.880376e+01,1.883218e+01,1.882508e+01,1.907339e+01,1.910881e+01,1.934229e+01,1.927867e+01,1.917962e+01,1.919378e+01,1.920085e+01,1.917254e+01,1.920085e+01,1.925038e+01,1.901669e+01,1.918670e+01,1.925038e+01,1.922916e+01,1.927160e+01,1.937055e+01,1.921501e+01,1.914422e+01,1.925038e+01,1.925038e+01,1.928574e+01,1.920085e+01,1.917254e+01,1.923623e+01,1.935642e+01,1.939174e+01,1.934229e+01,1.932109e+01,1.929281e+01,1.932109e+01,1.949058e+01,1.944118e+01,1.932815e+01,1.939174e+01,1.944118e+01,1.937055e+01,1.951880e+01,1.941999e+01,1.958227e+01,1.961751e+01,1.960342e+01,1.958227e+01,1.973725e+01,1.977243e+01,1.975132e+01,1.973021e+01,1.975132e+01,1.975132e+01,1.965979e+01,1.966683e+01,1.964570e+01,1.965979e+01,1.965979e+01,1.967388e+01,1.963865e+01,1.977947e+01,1.980058e+01,1.981464e+01,1.981464e+01,2.001841e+01,2.001139e+01,1.999735e+01,2.006051e+01,2.012364e+01,2.007454e+01,2.013065e+01,1.991306e+01,2.010961e+01,2.004648e+01,2.005350e+01,1.988495e+01,1.978650e+01,1.981464e+01,1.980058e+01,1.959637e+01,1.956112e+01,1.943411e+01,1.948352e+01,1.941999e+01,1.933522e+01,1.951175e+01,1.957522e+01,1.977243e+01,1.977243e+01,2.000437e+01,2.008857e+01,2.026378e+01,2.034777e+01,2.056442e+01,2.055743e+01,2.078060e+01,2.085024e+01,2.080846e+01,2.080846e+01,2.097547e+01,2.096156e+01,2.108665e+01,2.105192e+01,2.097547e+01,2.091287e+01,2.091983e+01,2.096852e+01,2.092679e+01,2.091287e+01,2.099632e+01,2.091287e+01,2.098242e+01,2.098937e+01,2.094070e+01,2.094070e+01,2.086416e+01,2.099632e+01,2.098937e+01,2.101023e+01,2.096852e+01,2.102413e+01,2.093374e+01,2.093374e+01,2.093374e+01,2.094765e+01,2.098242e+01,2.103802e+01,2.094070e+01,2.095461e+01,2.095461e+01,2.087112e+01,2.103802e+01,2.098242e+01,2.091983e+01,2.103107e+01,2.093374e+01,2.089200e+01,2.098937e+01,2.101718e+01,2.096852e+01,2.096852e+01,2.096852e+01,2.097547e+01,2.099632e+01,2.090592e+01,2.092679e+01,2.098937e+01,2.092679e+01,2.092679e+01,2.068303e+01,2.090592e+01,2.089896e+01,2.089896e+01,2.085720e+01,2.094765e+01,2.099632e+01,2.094765e+01,2.089200e+01,2.090592e+01,2.094070e+01,2.094765e+01,2.093374e+01,2.095461e+01,2.096156e+01,2.092679e+01,2.085024e+01,2.087808e+01,2.098242e+01,2.101023e+01,2.103802e+01,2.096156e+01,2.092679e+01,2.089200e+01,2.091287e+01,2.092679e+01,2.100327e+01,2.095461e+01,2.095461e+01,2.106581e+01,2.108665e+01,2.111443e+01,2.113526e+01,2.119771e+01,2.116996e+01,2.129479e+01,2.107276e+01,2.121159e+01,2.103802e+01,2.105192e+01,2.119078e+01,2.098242e+01,2.092679e+01,2.089200e+01,2.094765e+01,2.085720e+01,2.088504e+01,2.085024e+01,2.071091e+01,2.072486e+01,2.075273e+01,2.065513e+01,2.065513e+01,2.067605e+01
2.075970e+01,2.079453e+01,2.082935e+01,2.069000e+01,2.076667e+01,2.071789e+01,2.078757e+01,2.072486e+01,2.075970e+01,2.064816e+01,2.069697e+01,2.082935e+01,2.070394e+01,2.063420e+01,2.064118e+01,2.073182e+01,2.081543e+01,2.061327e+01,2.077363e+01,2.076667e+01,2.081543e+01,2.075273e+01,2.077363e+01,2.072486e+01,2.076667e+01,2.066211e+01,2.057838e+01,2.055743e+01,2.054347e+01,2.072486e+01,2.034077e+01,2.010260e+01,2.022176e+01,2.006753e+01,1.998330e+01,1.999033e+01,1.979354e+01,1.987090e+01,1.979354e+01,1.967388e+01,1.996926e+01,1.984980e+01,1.996926e+01,1.975836e+01,1.973725e+01,1.996224e+01,1.988495e+01,1.984980e+01,2.003946e+01,1.982871e+01,1.994117e+01,2.015869e+01,2.018673e+01,2.019373e+01,2.036176e+01,2.040372e+01,2.047362e+01,2.056442e+01,2.078060e+01,2.073182e+01,2.069000e+01,2.071091e+01,2.079453e+01,2.081543e+01,2.082935e+01,2.084328e+01,2.085024e+01,2.082935e+01,2.080846e+01,2.075970e+01,2.069000e+01,2.069000e+01,2.071789e+01,2.071789e+01,2.075273e+01,2.072486e+01,2.079453e+01,2.086416e+01,2.080150e+01,2.080846e+01,2.081543e+01,2.087808e+01,2.071789e+01,2.078757e+01,2.087808e+01,2.078060e+01,2.082935e+01,2.071789e+01,2.077363e+01,2.078060e+01,2.079453e+01,2.083632e+01,2.075273e+01,2.080150e+01,2.075970e+01,2.080150e+01,2.074576e+01,2.073182e+01,2.074576e+01,2.082935e+01,2.082935e+01,2.075970e+01,2.074576e+01,2.075273e+01,2.072486e+01,2.072486e+01,2.075970e+01,2.078757e+01,2.059932e+01,2.061327e+01,2.075273e+01,2.074576e+01,2.073879e+01,2.064816e+01,2.065513e+01,2.070394e+01,2.055045e+01,2.063420e+01,2.070394e+01,2.052950e+01,2.045964e+01,2.063420e+01,2.060629e+01,2.070394e+01,2.073879e+01,2.048061e+01,2.062723e+01,2.064118e+01,2.064118e+01,2.056442e+01,2.045964e+01,2.052950e+01,2.048061e+01,2.053649e+01,2.048061e+01,2.026378e+01,2.029178e+01,1.987090e+01,1.965979e+01,1.964570e+01,1.951880e+01,1.946235e+01,1.905922e+01,1.900960e+01,1.900251e+01,1.861174e+01,1.852628e+01,1.854765e+01,1.834085e+01,1.849064e+01,1.850490e+01,1.846213e+01,1.842648e+01,1.844074e+01,1.856902e+01,1.844074e+01,1.862598e+01,1.851203e+01,1.858326e+01,1.859038e+01,1.849777e+01,1.843361e+01,1.842648e+01,1.857614e+01,1.863309e+01,1.855477e+01,1.856190e+01,1.873269e+01,1.878955e+01,1.922208e+01,1.910173e+01,1.942705e+01,1.931402e+01,1.973021e+01,1.989901e+01,1.996926e+01,2.012364e+01,1.995521e+01,1.987090e+01,1.991306e+01,1.987792e+01,2.003244e+01,2.008857e+01,2.015869e+01,2.033377e+01,2.042470e+01,2.055045e+01,2.079453e+01,2.070394e+01,2.073879e+01,2.074576e+01,2.080846e+01,2.081543e+01,2.083632e+01,2.077363e+01,2.086416e+01,2.080846e+01,2.081543e+01,2.078757e+01,2.085720e+01,2.087808e+01,2.062723e+01,2.075970e+01,2.076667e+01,2.083632e+01,2.077363e+01,2.081543e+01,2.061327e+01,2.070394e+01,2.069000e+01,2.072486e+01,2.071789e+01,2.067605e+01,2.067605e+01,2.064816e+01,2.058536e+01,2.056442e+01,2.055045e+01,2.061327e+01,2.038274e+01,2.055045e+01,2.050157e+01,2.039673e+01,2.045266e+01,2.029878e+01,2.022876e+01,2.022176e+01,2.008156e+01,2.017972e+01,2.006753e+01,2.016570e+01,2.006753e+01,2.025677e+01,2.001841e+01,1.986386e+01,1.986386e+01,1.992009e+01,1.977947e+01,2.006051e+01,2.008156e+01,1.999033e+01,1.993414e+01,2.003244e+01,1.998330e+01,2.010260e+01,2.022876e+01,2.017972e+01,2.034077e+01,2.043868e+01,2.038974e+01,2.056442e+01,2.062025e+01,2.057140e+01,2.056442e+01,2.049458e+01,2.043868e+01,2.034077e+01,2.051554e+01,2.022876e+01,2.021475e+01,2.018673e+01,2.014467e+01,2.017271e+01,2.004648e+01,2.004648e+01,2.001139e+01,2.001841e+01,2.003946e+01,2.002542e+01,1.996926e+01,1.990604e+01,1.999033e+01,1.984980e+01,1.971613e+01,1.977947e+01,1.984277e+01,1.970909e+01,1.971613e+01,1.982871e+01,1.967388e+01,1.961751e+01,1.960342e+01,1.955407e+01,1.958227e+01,1.967388e+01,1.949764e+01,1.947647e+01,1.950469e+01,1.961751e+01,1.951175e+01,1.956112e+01,1.946235e+01,1.958227e+01,1.965274e+01,1.953996e+01,1.951175e+01,1.951175e+01,1.925745e+01,1.939881e+01,1.934229e+01,1.937762e+01,1.950469e+01,1.949764e+01,1.946235e+01,1.963161e+01,1.954701e+01,1.964570e+01,1.962456e+01,1.968796e+01,1.969500e+01,1.973725e+01,1.979354e+01,1.989198e+01,1.989901e+01,1.994117e+01,2.006051e+01,1.992009e+01,1.995521e+01,1.988495e+01,1.990604e+01,2.006051e+01,1.993414e+01,2.013766e+01,2.020774e+01,2.021475e+01,2.021475e+01,2.033377e+01,2.026378e+01,2.031978e+01,2.032678e+01,2.034077e+01,2.037575e+01,2.021475e+01,2.029178e+01,2.007454e+01,1.983574e+01,1.954701e+01,1.958227e+01,1.936349e+01,1.908756e+01,1.907339e+01,1.908047e+01,1.922916e+01,1.890318e+01,1.887479e+01,1.903087e+01,1.907339e+01,1.890318e+01,1.917962e+01,1.908756e+01,1.915838e+01,1.928574e+01,1.941999e+01,1.939881e+01,1.970205e+01,1.980058e+01,1.978650e+01,2.012364e+01,2.013065e+01,2.037575e+01,2.061327e+01,2.069697e+01,2.071091e+01,2.081543e+01,2.086416e+01,2.076667e+01,2.082239e+01,2.082239e+01,2.073879e+01,2.092679e+01,2.079453e+01,2.081543e+01,2.070394e+01,2.076667e+01,2.081543e+01,2.073879e+01,2.073879e+01,2.083632e+01,2.076667e+01,2.050855e+01,2.059932e+01,2.041770e+01,2.038974e+01,1.999033e+01,1.946941e+01,1.937762e+01,1.927160e+01,1.920085e+01,1.934936e+01,1.945529e+01,1.943411e+01,1.945529e+01,1.944823e+01,1.944823e+01,1.944823e+01,1.943411e+01,1.949764e+01,1.951175e+01,1.953996e+01,1.992009e+01,2.005350e+01,2.057140e+01,2.060629e+01,2.077363e+01,2.094070e+01,2.075273e+01,2.075273e+01,2.070394e+01,2.075970e+01,2.084328e+01,2.085720e+01,2.080150e+01,2.072486e+01,2.077363e+01,2.065513e+01,2.065513e+01,2.061327e+01,2.063420e+01,2.056442e+01,2.047362e+01,2.057140e+01,2.059234e+01,2.071091e+01,2.066211e+01,2.068303e+01,2.080846e+01,2.064118e+01,2.057838e+01,2.048061e+01,2.030578e+01,2.025677e+01,1.986386e+01,1.953996e+01,1.952586e+01,1.921501e+01,1.912298e+01,1.911590e+01,1.889609e+01,1.881797e+01,1.877534e+01,1.878245e+01,1.877534e+01,1.883928e+01,1.874691e+01,1.904504e+01,1.902378e+01,1.886059e+01,1.898832e+01,1.901669e+01,1.908756e+01,1.899541e+01,1.898123e+01,1.913006e+01,1.891738e+01,1.891028e+01,1.888189e+01,1.895995e+01,1.907339e+01,1.903087e+01,1.908047e+01,1.897414e+01,1.893867e+01,1.897414e+01,1.901669e+01,1.916546e+01,1.896704e+01,1.900960e+01,1.891028e+01,1.888899e+01,1.891028e+01,1.898123e+01,1.901669e+01,1.894576e+01,1.895995e+01,1.920793e+01,1.927160e+01,1.921501e+01,1.904504e+01,1.904504e+01,1.924331e+01,1.932109e+01,1.930695e+01,1.930695e+01,1.937055e+01,1.933522e+01,1.939174e+01,1.937762e+01,1.946235e+01,1.955407e+01,1.937762e+01,1.939881e+01,1.932109e+01,1.961047e+01,1.941999e+01,1.939881e+01,1.953996e+01,1.974428e+01,1.968796e+01,1.979354e+01,1.998330e+01,1.998330e+01,2.024277e+01,2.023577e+01,2.047362e+01,2.025677e+01,2.055045e+01,2.034077e+01,2.025677e+01,2.024977e+01,2.019373e+01,2.020074e+01,2.013766e+01,2.013766e+01,1.996926e+01,1.982168e+01,1.970909e+01,1.978650e+01,1.963865e+01,1.968092e+01,1.929988e+01,1.940587e+01,1.940587e+01,1.917962e+01,1.936349e+01,1.941999e+01,1.958227e+01,1.977243e+01,1.970909e+01,1.989198e+01,2.015168e+01,2.014467e+01,2.020074e+01,2.031278e+01,2.045266e+01,2.055743e+01,2.066211e+01,2.096852e+01,2.085024e+01,2.083632e+01,2.094070e+01,2.102413e+01,2.080150e+01,2.091983e+01,2.096156e+01,2.098937e+01,2.095461e+01,2.109360e+01,2.097547e+01,2.098242e+01,2.090592e+01,2.096156e+01,2.097547e+01,2.107276e+01,2.104497e+01,2.094070e+01,2.100327e+01,2.100327e+01,2.089896e+01,2.098937e+01,2.094070e+01,2.094070e+01,2.093374e+01,2.097547e+01,2.099632e+01,2.095461e+01,2.083632e+01,2.105887e+01,2.085720e+01,2.102413e+01,2.084328e+01,2.093374e+01,2.103107e+01,2.106581e+01,2.107276e+01,2.094070e+01,2.105192e+01,2.098242e+01,2.096156e+01,2.097547e+01,2.096156e+01,2.096156e+01,2.098937e+01,2.098242e+01,2.087112e+01,2.089896e+01,2.094765e+01,2.088504e+01,2.093374e+01,2.082935e+01,2.091287e+01,2.087808e+01,2.087112e+01,2.083632e+01,2.098937e+01,2.087808e+01,2.101718e+01,2.096156e+01,2.094070e+01,2.105887e+01,2.096156e+01,2.090592e+01,2.097547e+01,2.100327e+01,2.084328e+01,2.099632e+01,2.092679e+01,2.091983e+01,2.096156e+01,2.098242e+01,2.095461e+01,2.094070e+01,2.092679e+01,2.098937e+01,2.094070e+01,2.096852e+01,2.105192e+01,2.104497e+01,2.098937e+01,2.114220e+01,2.113526e+01,2.127400e+01,2.126707e+01,2.110748e+01,2.118384e+01,2.120465e+01,2.109360e+01,2.097547e+01,2.094070e+01,2.094765e+01,2.096156e+01,2.081543e+01,2.080150e+01,2.078060e+01,2.063420e+01,2.081543e+01,2.069697e+01,2.069697e+01,2.072486e+01,2.055045e+01,2.041770e+01
2.078060e+01,2.069697e+01,2.071789e+01,2.073182e+01,2.082935e+01,2.069000e+01,2.080846e+01,2.078757e+01,2.066211e+01,2.078060e+01,2.069697e+01,2.077363e+01,2.072486e+01,2.069000e+01,2.062025e+01,2.065513e+01,2.064816e+01,2.059932e+01,2.074576e+01,2.075273e+01,2.071789e+01,2.076667e+01,2.077363e+01,2.078757e+01,2.067605e+01,2.052950e+01,2.067605e+01,2.059234e+01,2.052950e+01,2.022876e+01,2.004648e+01,2.014467e+01,2.005350e+01,1.995521e+01,1.979354e+01,1.977947e+01,1.970205e+01,1.968092e+01,1.967388e+01,1.967388e+01,1.981464e+01,1.980761e+01,1.982871e+01,1.976540e+01,1.975132e+01,1.987792e+01,1.986386e+01,1.979354e+01,1.983574e+01,1.996926e+01,1.990604e+01,1.999735e+01,2.017271e+01,2.017972e+01,2.022876e+01,2.024977e+01,2.037575e+01,2.036875e+01,2.066211e+01,2.066908e+01,2.069697e+01,2.073879e+01,2.071789e+01,2.046663e+01,2.084328e+01,2.082935e+01,2.078757e+01,2.082935e+01,2.080846e+01,2.076667e+01,2.072486e+01,2.062025e+01,2.074576e+01,2.073182e+01,2.078060e+01,2.078757e+01,2.080846e+01,2.081543e+01,2.080150e+01,2.078060e+01,2.079453e+01,2.080846e+01,2.079453e+01,2.083632e+01,2.088504e+01,2.065513e+01,2.077363e+01,2.073879e+01,2.075970e+01,2.087112e+01,2.076667e+01,2.110054e+01,2.110054e+01,2.082239e+01,2.083632e+01,2.075970e+01,2.082239e+01,2.077363e+01,2.089896e+01,2.078060e+01,2.082935e+01,2.090592e+01,2.080846e+01,2.079453e+01,2.075273e+01,2.072486e+01,2.061327e+01,2.074576e+01,2.068303e+01,2.075970e+01,2.078060e+01,2.070394e+01,2.066211e+01,2.066908e+01,2.069697e+01,2.068303e+01,2.065513e+01,2.069000e+01,2.054347e+01,2.071789e+01,2.068303e+01,2.064816e+01,2.057140e+01,2.062025e+01,2.068303e+01,2.075970e+01,2.072486e+01,2.065513e+01,2.054347e+01,2.067605e+01,2.054347e+01,2.050157e+01,2.048061e+01,2.037575e+01,2.038974e+01,2.013766e+01,2.002542e+01,1.956112e+01,1.931402e+01,1.927867e+01,1.925745e+01,1.915838e+01,1.890318e+01,1.871135e+01,1.852628e+01,1.854053e+01,1.835513e+01,1.847639e+01,1.846926e+01,1.849064e+01,1.850490e+01,1.838367e+01,1.838367e+01,1.844074e+01,1.839794e+01,1.833372e+01,1.836227e+01,1.826944e+01,1.830515e+01,1.839081e+01,1.844074e+01,1.853340e+01,1.835513e+01,1.841221e+01,1.854765e+01,1.854053e+01,1.857614e+01,1.876112e+01,1.891028e+01,1.893867e+01,1.920085e+01,1.932815e+01,1.946235e+01,1.970909e+01,1.970909e+01,1.983574e+01,1.984980e+01,1.988495e+01,1.981464e+01,1.981464e+01,1.986386e+01,1.991306e+01,2.012364e+01,2.016570e+01,2.032678e+01,2.035476e+01,2.053649e+01,2.066211e+01,2.075273e+01,2.059932e+01,2.083632e+01,2.075273e+01,2.075970e+01,2.082935e+01,2.071091e+01,2.080150e+01,2.083632e+01,2.085024e+01,2.083632e+01,2.084328e+01,2.087112e+01,2.077363e+01,2.086416e+01,2.089200e+01,2.077363e+01,2.084328e+01,2.073879e+01,2.073879e+01,2.082239e+01,2.077363e+01,2.065513e+01,2.068303e+01,2.071091e+01,2.069000e+01,2.063420e+01,2.053649e+01,2.046663e+01,2.050855e+01,2.047362e+01,2.035476e+01,2.047362e+01,2.044567e+01,2.037575e+01,2.034777e+01,2.034077e+01,2.029878e+01,2.021475e+01,2.015869e+01,2.003244e+01,2.006051e+01,2.001139e+01,2.002542e+01,1.978650e+01,1.988495e+01,1.982168e+01,1.977947e+01,1.992009e+01,1.987792e+01,1.984277e+01,1.979354e+01,1.984277e+01,1.987090e+01,1.994117e+01,2.005350e+01,2.013766e+01,2.020074e+01,2.027078e+01,2.038274e+01,2.041071e+01,2.057140e+01,2.050157e+01,2.041770e+01,2.067605e+01,2.056442e+01,2.043169e+01,2.040372e+01,2.036176e+01,2.031978e+01,2.020074e+01,2.030578e+01,2.017271e+01,2.011663e+01,2.008156e+01,2.002542e+01,2.016570e+01,2.003946e+01,2.021475e+01,1.997628e+01,2.008156e+01,1.995521e+01,2.002542e+01,2.003244e+01,1.996224e+01,1.984980e+01,1.973725e+01,1.982168e+01,1.980058e+01,1.975132e+01,1.963161e+01,1.963865e+01,1.961047e+01,1.961751e+01,1.956112e+01,1.956817e+01,1.953996e+01,1.952586e+01,1.949764e+01,1.946941e+01,1.945529e+01,1.950469e+01,1.944118e+01,1.942705e+01,1.944823e+01,1.941293e+01,1.941999e+01,1.941999e+01,1.925038e+01,1.929281e+01,1.927867e+01,1.925038e+01,1.933522e+01,1.938468e+01,1.939174e+01,1.922916e+01,1.940587e+01,1.951175e+01,1.950469e+01,1.961047e+01,1.966683e+01,1.970909e+01,1.973725e+01,1.979354e+01,1.978650e+01,1.984980e+01,1.980058e+01,1.985683e+01,1.979354e+01,1.982871e+01,1.992711e+01,1.997628e+01,1.982871e+01,1.998330e+01,1.995521e+01,1.988495e+01,1.994819e+01,2.001139e+01,2.025677e+01,2.021475e+01,2.000437e+01,2.031978e+01,2.035476e+01,2.033377e+01,2.029878e+01,2.022876e+01,2.006051e+01,2.006753e+01,1.971613e+01,1.949058e+01,1.936349e+01,1.904504e+01,1.895995e+01,1.898123e+01,1.905213e+01,1.898832e+01,1.890318e+01,1.893867e+01,1.903795e+01,1.895286e+01,1.895995e+01,1.904504e+01,1.900251e+01,1.898123e+01,1.933522e+01,1.931402e+01,1.953996e+01,1.974428e+01,1.973021e+01,1.982871e+01,2.001841e+01,2.037575e+01,2.038274e+01,2.073879e+01,2.077363e+01,2.080150e+01,2.080150e+01,2.066908e+01,2.083632e+01,2.080846e+01,2.080150e+01,2.076667e+01,2.069697e+01,2.071789e+01,2.082935e+01,2.079453e+01,2.075273e+01,2.073182e+01,2.079453e+01,2.088504e+01,2.059234e+01,2.068303e+01,2.075970e+01,2.070394e+01,2.053649e+01,2.066908e+01,2.040372e+01,1.989198e+01,1.963865e+01,1.915838e+01,1.883218e+01,1.873269e+01,1.896704e+01,1.895286e+01,1.911590e+01,1.910881e+01,1.915838e+01,1.947647e+01,1.949058e+01,1.949764e+01,1.941999e+01,1.953291e+01,1.951175e+01,1.992009e+01,2.023577e+01,2.064118e+01,2.078757e+01,2.079453e+01,2.082935e+01,2.078060e+01,2.073182e+01,2.080846e+01,2.073182e+01,2.069000e+01,2.081543e+01,2.057838e+01,2.058536e+01,2.057140e+01,2.056442e+01,2.059932e+01,2.061327e+01,2.043868e+01,2.064118e+01,2.059234e+01,2.069697e+01,2.072486e+01,2.069000e+01,2.064816e+01,2.078060e+01,2.077363e+01,2.062025e+01,2.049458e+01,2.043868e+01,2.006753e+01,1.981464e+01,1.949764e+01,1.948352e+01,1.922916e+01,1.919378e+01,1.903795e+01,1.883218e+01,1.863309e+01,1.875401e+01,1.878955e+01,1.876112e+01,1.878955e+01,1.881087e+01,1.884638e+01,1.885349e+01,1.890318e+01,1.920085e+01,1.896704e+01,1.899541e+01,1.895995e+01,1.903087e+01,1.889609e+01,1.886059e+01,1.899541e+01,1.884638e+01,1.879666e+01,1.900251e+01,1.881087e+01,1.897414e+01,1.883928e+01,1.883928e+01,1.891738e+01,1.877534e+01,1.869713e+01,1.871847e+01,1.871135e+01,1.888899e+01,1.862598e+01,1.883928e+01,1.884638e+01,1.867579e+01,1.901669e+01,1.881797e+01,1.900960e+01,1.879666e+01,1.901669e+01,1.891738e+01,1.888189e+01,1.899541e+01,1.903795e+01,1.920793e+01,1.909464e+01,1.913006e+01,1.929988e+01,1.926452e+01,1.920085e+01,1.931402e+01,1.935642e+01,1.936349e+01,1.945529e+01,1.934936e+01,1.944823e+01,1.938468e+01,1.947647e+01,1.964570e+01,1.965979e+01,1.977947e+01,1.999033e+01,1.999735e+01,2.024277e+01,2.024277e+01,2.045266e+01,2.057838e+01,2.051554e+01,2.067605e+01,2.050855e+01,2.048759e+01,2.049458e+01,2.027778e+01,2.039673e+01,2.035476e+01,2.014467e+01,2.014467e+01,2.015168e+01,1.977243e+01,1.968092e+01,1.953291e+01,1.953996e+01,1.948352e+01,1.925745e+01,1.917254e+01,1.923623e+01,1.937055e+01,1.953291e+01,1.938468e+01,1.970909e+01,1.956817e+01,1.968796e+01,1.975132e+01,2.007454e+01,2.026378e+01,2.024277e+01,2.029178e+01,2.053649e+01,2.054347e+01,2.054347e+01,2.083632e+01,2.089896e+01,2.095461e+01,2.093374e+01,2.090592e+01,2.087808e+01,2.087112e+01,2.100327e+01,2.103107e+01,2.094765e+01,2.096852e+01,2.098937e+01,2.101023e+01,2.102413e+01,2.107276e+01,2.094070e+01,2.107971e+01,2.106581e+01,2.098242e+01,2.106581e+01,2.089896e+01,2.096156e+01,2.098242e+01,2.089200e+01,2.105192e+01,2.098242e+01,2.096156e+01,2.092679e+01,2.095461e+01,2.085720e+01,2.087808e+01,2.087808e+01,2.091983e+01,2.095461e+01,2.085024e+01,2.087112e+01,2.092679e+01,2.098242e+01,2.098242e+01,2.095461e+01,2.094070e+01,2.098242e+01,2.101718e+01,2.098937e+01,2.097547e+01,2.098242e+01,2.083632e+01,2.094070e+01,2.083632e+01,2.092679e+01,2.094070e+01,2.092679e+01,2.103802e+01,2.085720e+01,2.088504e+01,2.091287e+01,2.105192e+01,2.089896e+01,2.092679e+01,2.101023e+01,2.097547e+01,2.094765e+01,2.096852e+01,2.094070e+01,2.091287e+01,2.091287e+01,2.087112e+01,2.094765e+01,2.099632e+01,2.094070e+01,2.094765e+01,2.090592e+01,2.093374e+01,2.094765e+01,2.095461e+01,2.094765e+01,2.092679e+01,2.107971e+01,2.101718e+01,2.120465e+01,2.122546e+01,2.123240e+01,2.128093e+01,2.113526e+01,2.112831e+01,2.116996e+01,2.105887e+01,2.103802e+01,2.099632e+01,2.091287e+01,2.091287e+01,2.096852e+01,2.094765e+01,2.079453e+01,2.078060e+01,2.072486e+01,2.081543e+01,2.062723e+01,2.042470e+01,2.069697e+01,2.073182e+01,2.124627e+01
2.072486e+01,2.070394e+01,2.074576e+01,2.086416e+01,2.073879e+01,2.075970e+01,2.085720e+01,2.080846e+01,2.075970e+01,2.082935e+01,2.080846e+01,2.067605e+01,2.082935e+01,2.074576e+01,2.065513e+01,2.068303e+01,2.068303e+01,2.072486e+01,2.066211e+01,2.071789e+01,2.077363e+01,2.078757e+01,2.064118e+01,2.068303e+01,2.062025e+01,2.066908e+01,2.047362e+01,2.044567e+01,2.020074e+01,2.018673e+01,2.011663e+01,1.997628e+01,1.977243e+01,1.992711e+01,1.979354e+01,1.964570e+01,1.949058e+01,1.976540e+01,1.970909e+01,1.967388e+01,1.957522e+01,1.963865e+01,1.968796e+01,1.973725e+01,1.979354e+01,1.973725e+01,1.974428e+01,1.989198e+01,1.992009e+01,1.979354e+01,1.986386e+01,1.982168e+01,1.989198e+01,1.987090e+01,2.004648e+01,2.030578e+01,2.021475e+01,2.024977e+01,2.044567e+01,2.046663e+01,2.064816e+01,2.060629e+01,2.064816e+01,2.073879e+01,2.076667e+01,2.071091e+01,2.066908e+01,2.094765e+01,2.091287e+01,2.074576e+01,2.078060e+01,2.072486e+01,2.062723e+01,2.066211e+01,2.081543e+01,2.082239e+01,2.082935e+01,2.080150e+01,2.075970e+01,2.073879e+01,2.082239e+01,2.075273e+01,2.081543e+01,2.080150e+01,2.075273e+01,2.083632e+01,2.081543e+01,2.078060e+01,2.085024e+01,2.075273e+01,2.085720e+01,2.081543e+01,2.096156e+01,2.074576e+01,2.073182e+01,2.071091e+01,2.072486e+01,2.080846e+01,2.088504e+01,2.097547e+01,2.082239e+01,2.089200e+01,2.080846e+01,2.077363e+01,2.080846e+01,2.086416e+01,2.105192e+01,2.067605e+01,2.076667e+01,2.075273e+01,2.076667e+01,2.074576e+01,2.075970e+01,2.089200e+01,2.085024e+01,2.071789e+01,2.075970e+01,2.075970e+01,2.065513e+01,2.062025e+01,2.071789e+01,2.064816e+01,2.057140e+01,2.062025e+01,2.064118e+01,2.059234e+01,2.057140e+01,2.069697e+01,2.047362e+01,2.052252e+01,2.052252e+01,2.052950e+01,2.006753e+01,2.030578e+01,1.987090e+01,1.977947e+01,1.955407e+01,1.931402e+01,1.915130e+01,1.881087e+01,1.878955e+01,1.878955e+01,1.873269e+01,1.859038e+01,1.839081e+01,1.861174e+01,1.815508e+01,1.814078e+01,1.829087e+01,1.829801e+01,1.834799e+01,1.832658e+01,1.817653e+01,1.827659e+01,1.825516e+01,1.824087e+01,1.827659e+01,1.834085e+01,1.840508e+01,1.838367e+01,1.824801e+01,1.830515e+01,1.827659e+01,1.843361e+01,1.833372e+01,1.838367e+01,1.861174e+01,1.864733e+01,1.888899e+01,1.910173e+01,1.911590e+01,1.925038e+01,1.936349e+01,1.966683e+01,1.968092e+01,1.974428e+01,1.980761e+01,1.978650e+01,1.973725e+01,1.990604e+01,1.992009e+01,2.005350e+01,2.006753e+01,2.001841e+01,2.026378e+01,2.046663e+01,2.048061e+01,2.064118e+01,2.080846e+01,2.079453e+01,2.076667e+01,2.084328e+01,2.072486e+01,2.083632e+01,2.069697e+01,2.078757e+01,2.085024e+01,2.085024e+01,2.093374e+01,2.088504e+01,2.085024e+01,2.086416e+01,2.075970e+01,2.062025e+01,2.083632e+01,2.082935e+01,2.075970e+01,2.080846e+01,2.075273e+01,2.074576e+01,2.068303e+01,2.066908e+01,2.073879e+01,2.075970e+01,2.074576e+01,2.074576e+01,2.070394e+01,2.055743e+01,2.067605e+01,2.045964e+01,2.045964e+01,2.034077e+01,2.040372e+01,2.031278e+01,2.022176e+01,2.017271e+01,2.017972e+01,2.001841e+01,2.008857e+01,2.008156e+01,1.999735e+01,1.981464e+01,2.003244e+01,1.992711e+01,1.967388e+01,1.967388e+01,1.986386e+01,1.992711e+01,1.975836e+01,1.970909e+01,1.987792e+01,1.981464e+01,1.987792e+01,2.003244e+01,2.008156e+01,2.015869e+01,2.037575e+01,2.033377e+01,2.022176e+01,2.030578e+01,2.048759e+01,2.054347e+01,2.063420e+01,2.048061e+01,2.051554e+01,2.050157e+01,2.024277e+01,2.034777e+01,2.015168e+01,2.018673e+01,2.013065e+01,2.001841e+01,2.013766e+01,2.011663e+01,2.006051e+01,2.004648e+01,2.001139e+01,1.999735e+01,2.010260e+01,2.005350e+01,1.996926e+01,1.996224e+01,1.998330e+01,1.979354e+01,1.981464e+01,1.970909e+01,1.973021e+01,1.967388e+01,1.968796e+01,1.959637e+01,1.957522e+01,1.954701e+01,1.956817e+01,1.953996e+01,1.953996e+01,1.946941e+01,1.946235e+01,1.944823e+01,1.937055e+01,1.958932e+01,1.934229e+01,1.937762e+01,1.939174e+01,1.941293e+01,1.927867e+01,1.937762e+01,1.922208e+01,1.925038e+01,1.925745e+01,1.912298e+01,1.920085e+01,1.908756e+01,1.920085e+01,1.925038e+01,1.947647e+01,1.925745e+01,1.954701e+01,1.952586e+01,1.948352e+01,1.964570e+01,1.975836e+01,1.973021e+01,1.961047e+01,1.954701e+01,1.960342e+01,1.983574e+01,1.988495e+01,1.978650e+01,1.977947e+01,1.964570e+01,1.972317e+01,1.969500e+01,1.980761e+01,1.983574e+01,1.986386e+01,2.003946e+01,2.004648e+01,2.001139e+01,2.006051e+01,2.008156e+01,2.033377e+01,2.031278e+01,2.017972e+01,2.016570e+01,2.007454e+01,1.978650e+01,1.970909e+01,1.951880e+01,1.926452e+01,1.900251e+01,1.897414e+01,1.899541e+01,1.902378e+01,1.891738e+01,1.886769e+01,1.897414e+01,1.874691e+01,1.885349e+01,1.881087e+01,1.895995e+01,1.899541e+01,1.891738e+01,1.896704e+01,1.934229e+01,1.944823e+01,1.938468e+01,1.953291e+01,1.981464e+01,1.980058e+01,2.013065e+01,2.034077e+01,2.069000e+01,2.077363e+01,2.078060e+01,2.081543e+01,2.082935e+01,2.085024e+01,2.076667e+01,2.075273e+01,2.073879e+01,2.083632e+01,2.082935e+01,2.081543e+01,2.085024e+01,2.082239e+01,2.074576e+01,2.075970e+01,2.064118e+01,2.080846e+01,2.070394e+01,2.064816e+01,2.067605e+01,2.056442e+01,2.066211e+01,2.051554e+01,2.034077e+01,2.032678e+01,1.980058e+01,1.932109e+01,1.910173e+01,1.871135e+01,1.851203e+01,1.854765e+01,1.836940e+01,1.851915e+01,1.877534e+01,1.891028e+01,1.899541e+01,1.933522e+01,1.938468e+01,1.941999e+01,1.946235e+01,1.962456e+01,2.021475e+01,2.057838e+01,2.073182e+01,2.090592e+01,2.091287e+01,2.083632e+01,2.075273e+01,2.082935e+01,2.069697e+01,2.074576e+01,2.070394e+01,2.057140e+01,2.056442e+01,2.058536e+01,2.065513e+01,2.064118e+01,2.068303e+01,2.063420e+01,2.078060e+01,2.078757e+01,2.069697e+01,2.075273e+01,2.079453e+01,2.074576e+01,2.075273e+01,2.077363e+01,2.066211e+01,2.050855e+01,2.010961e+01,2.008156e+01,1.976540e+01,1.934229e+01,1.932109e+01,1.912298e+01,1.909464e+01,1.888899e+01,1.869713e+01,1.876112e+01,1.873269e+01,1.868290e+01,1.866867e+01,1.874691e+01,1.866867e+01,1.876823e+01,1.881087e+01,1.891738e+01,1.891028e+01,1.892448e+01,1.868290e+01,1.891738e+01,1.884638e+01,1.881797e+01,1.883218e+01,1.876823e+01,1.872558e+01,1.883928e+01,1.879666e+01,1.859750e+01,1.866867e+01,1.854765e+01,1.877534e+01,1.861174e+01,1.870424e+01,1.868290e+01,1.865444e+01,1.860462e+01,1.869002e+01,1.859038e+01,1.866156e+01,1.867579e+01,1.873269e+01,1.857614e+01,1.874691e+01,1.862598e+01,1.869713e+01,1.878245e+01,1.881797e+01,1.874691e+01,1.887479e+01,1.885349e+01,1.907339e+01,1.912298e+01,1.914422e+01,1.911590e+01,1.919378e+01,1.915130e+01,1.925038e+01,1.929281e+01,1.929281e+01,1.922208e+01,1.932109e+01,1.924331e+01,1.949058e+01,1.962456e+01,1.981464e+01,1.982168e+01,2.024977e+01,2.013065e+01,2.022876e+01,2.025677e+01,2.050855e+01,2.066211e+01,2.072486e+01,2.074576e+01,2.074576e+01,2.066908e+01,2.069697e+01,2.058536e+01,2.051554e+01,2.060629e+01,2.031978e+01,2.011663e+01,2.013065e+01,1.990604e+01,1.968092e+01,1.949764e+01,1.942705e+01,1.927160e+01,1.922916e+01,1.910173e+01,1.914422e+01,1.929988e+01,1.924331e+01,1.923623e+01,1.922916e+01,1.944118e+01,1.950469e+01,1.958932e+01,1.955407e+01,1.984980e+01,1.992711e+01,2.005350e+01,2.022876e+01,2.029878e+01,2.049458e+01,2.056442e+01,2.069000e+01,2.086416e+01,2.091983e+01,2.089200e+01,2.095461e+01,2.084328e+01,2.102413e+01,2.098937e+01,2.096852e+01,2.102413e+01,2.089896e+01,2.092679e+01,2.098242e+01,2.100327e+01,2.095461e+01,2.097547e+01,2.095461e+01,2.097547e+01,2.092679e+01,2.104497e+01,2.100327e+01,2.091983e+01,2.091983e+01,2.094070e+01,2.091287e+01,2.099632e+01,2.089200e+01,2.096852e+01,2.098937e+01,2.082935e+01,2.092679e+01,2.103802e+01,2.091287e+01,2.097547e+01,2.094070e+01,2.109360e+01,2.105887e+01,2.105192e+01,2.093374e+01,2.096852e+01,2.083632e+01,2.087112e+01,2.097547e+01,2.099632e+01,2.097547e+01,2.095461e+01,2.092679e+01,2.094765e+01,2.096156e+01,2.089896e+01,2.094765e+01,2.098937e+01,2.089896e+01,2.091287e+01,2.116996e+01,2.097547e+01,2.094765e+01,2.094765e+01,2.103107e+01,2.094765e+01,2.098937e+01,2.103107e+01,2.103107e+01,2.112137e+01,2.102413e+01,2.088504e+01,2.100327e+01,2.103802e+01,2.094765e+01,2.111443e+01,2.098937e+01,2.096156e+01,2.101023e+01,2.103107e+01,2.091983e+01,2.094070e+01,2.105887e+01,2.107971e+01,2.124627e+01,2.126013e+01,2.116302e+01,2.122546e+01,2.129479e+01,2.129479e+01,2.096852e+01,2.106581e+01,2.090592e+01,2.096852e+01,2.091983e+01,2.092679e+01,2.094070e+01,2.078060e+01,2.086416e+01,2.089200e+01,2.064816e+01,2.071091e+01,2.067605e+01,2.072486e+01,2.059234e+01,2.055045e+01,2.040372e+01
2.080150e+01,2.073182e+01,2.072486e+01,2.073182e+01,2.062723e+01,2.071789e+01,2.073879e+01,2.069000e+01,2.080150e+01,2.077363e+01,2.078060e+01,2.055743e+01,2.083632e+01,2.078060e+01,2.075273e+01,2.062025e+01,2.069697e+01,2.082935e+01,2.059234e+01,2.071789e+01,2.075970e+01,2.075970e+01,2.077363e+01,2.075273e+01,2.059234e+01,2.040372e+01,2.020774e+01,2.018673e+01,2.019373e+01,1.988495e+01,2.010260e+01,1.989901e+01,1.971613e+01,1.974428e+01,1.975132e+01,1.957522e+01,1.951880e+01,1.975132e+01,1.973725e+01,1.977243e+01,1.967388e+01,1.970205e+01,1.965274e+01,1.970205e+01,1.971613e+01,1.971613e+01,1.973725e+01,1.971613e+01,1.977947e+01,1.980058e+01,1.982871e+01,1.973725e+01,1.973021e+01,1.985683e+01,1.989901e+01,1.994117e+01,2.020074e+01,2.020774e+01,2.013065e+01,2.035476e+01,2.044567e+01,2.048759e+01,2.038974e+01,2.047362e+01,2.085720e+01,2.096156e+01,2.078757e+01,2.088504e+01,2.083632e+01,2.071789e+01,2.078757e+01,2.074576e+01,2.075273e+01,2.069000e+01,2.072486e+01,2.080150e+01,2.096852e+01,2.080150e+01,2.071091e+01,2.085720e+01,2.070394e+01,2.073182e+01,2.071091e+01,2.079453e+01,2.084328e+01,2.072486e+01,2.078757e+01,2.076667e+01,2.087808e+01,2.077363e+01,2.072486e+01,2.076667e+01,2.091983e+01,2.079453e+01,2.078060e+01,2.076667e+01,2.077363e+01,2.076667e+01,2.077363e+01,2.055743e+01,2.073879e+01,2.087808e+01,2.077363e+01,2.073879e+01,2.072486e+01,2.069697e+01,2.073879e+01,2.083632e+01,2.077363e+01,2.077363e+01,2.079453e+01,2.096852e+01,2.076667e+01,2.071789e+01,2.072486e+01,2.066211e+01,2.080846e+01,2.073879e+01,2.080846e+01,2.062025e+01,2.063420e+01,2.056442e+01,2.075273e+01,2.059234e+01,2.062723e+01,2.057838e+01,2.062025e+01,2.075273e+01,2.050157e+01,2.039673e+01,2.036875e+01,2.027078e+01,1.994819e+01,1.987792e+01,1.950469e+01,1.936349e+01,1.922916e+01,1.905922e+01,1.882508e+01,1.881087e+01,1.862598e+01,1.834085e+01,1.834799e+01,1.831944e+01,1.819083e+01,1.827659e+01,1.822657e+01,1.835513e+01,1.815508e+01,1.811216e+01,1.811932e+01,1.818369e+01,1.816223e+01,1.825516e+01,1.821228e+01,1.823372e+01,1.814078e+01,1.826230e+01,1.819083e+01,1.828373e+01,1.830515e+01,1.841934e+01,1.831944e+01,1.841221e+01,1.848352e+01,1.850490e+01,1.855477e+01,1.867579e+01,1.886769e+01,1.915130e+01,1.925038e+01,1.930695e+01,1.945529e+01,1.961047e+01,1.965274e+01,1.951880e+01,1.975132e+01,1.968092e+01,1.967388e+01,1.977947e+01,1.985683e+01,1.990604e+01,2.003946e+01,2.005350e+01,2.045266e+01,2.037575e+01,2.048061e+01,2.068303e+01,2.072486e+01,2.081543e+01,2.080846e+01,2.082239e+01,2.080150e+01,2.070394e+01,2.076667e+01,2.078060e+01,2.082935e+01,2.081543e+01,2.087112e+01,2.084328e+01,2.081543e+01,2.073879e+01,2.081543e+01,2.082239e+01,2.071789e+01,2.075970e+01,2.075970e+01,2.073182e+01,2.073879e+01,2.069000e+01,2.064816e+01,2.071091e+01,2.068303e+01,2.060629e+01,2.066908e+01,2.055743e+01,2.059932e+01,2.051554e+01,2.034777e+01,2.038274e+01,2.029178e+01,2.032678e+01,2.027778e+01,2.027778e+01,2.008156e+01,2.017972e+01,2.018673e+01,1.996224e+01,2.001841e+01,1.996224e+01,1.981464e+01,1.999033e+01,1.973021e+01,1.961047e+01,1.963161e+01,1.975132e+01,1.970205e+01,1.974428e+01,1.968092e+01,1.968796e+01,1.973021e+01,1.987090e+01,1.987090e+01,1.999033e+01,2.000437e+01,1.997628e+01,2.017972e+01,2.017972e+01,2.018673e+01,2.022876e+01,2.034077e+01,2.040372e+01,2.062723e+01,2.062025e+01,2.053649e+01,2.050855e+01,2.024977e+01,2.027778e+01,2.026378e+01,2.025677e+01,2.002542e+01,2.008857e+01,1.999033e+01,1.998330e+01,1.999033e+01,1.994819e+01,1.992009e+01,1.994117e+01,2.006051e+01,1.995521e+01,1.992711e+01,1.989901e+01,1.990604e+01,1.971613e+01,1.987090e+01,1.973021e+01,1.972317e+01,1.971613e+01,1.970205e+01,1.961047e+01,1.963161e+01,1.954701e+01,1.955407e+01,1.944823e+01,1.953291e+01,1.944118e+01,1.936349e+01,1.940587e+01,1.941293e+01,1.935642e+01,1.937055e+01,1.932109e+01,1.930695e+01,1.923623e+01,1.927867e+01,1.921501e+01,1.905213e+01,1.908756e+01,1.912298e+01,1.913714e+01,1.926452e+01,1.909464e+01,1.908756e+01,1.907339e+01,1.927867e+01,1.926452e+01,1.928574e+01,1.920793e+01,1.940587e+01,1.922208e+01,1.937055e+01,1.946235e+01,1.958227e+01,1.960342e+01,1.960342e+01,1.941293e+01,1.965274e+01,1.953291e+01,1.951175e+01,1.973021e+01,1.941293e+01,1.945529e+01,1.963865e+01,1.967388e+01,1.984980e+01,1.986386e+01,1.982871e+01,2.002542e+01,2.017271e+01,2.029178e+01,2.024277e+01,2.024977e+01,2.029178e+01,2.024977e+01,2.013766e+01,1.984277e+01,1.974428e+01,1.953291e+01,1.934936e+01,1.905922e+01,1.904504e+01,1.894576e+01,1.887479e+01,1.888899e+01,1.887479e+01,1.883218e+01,1.886059e+01,1.878245e+01,1.878245e+01,1.877534e+01,1.866867e+01,1.879666e+01,1.891028e+01,1.898123e+01,1.927160e+01,1.917254e+01,1.943411e+01,1.953291e+01,1.974428e+01,1.997628e+01,2.014467e+01,2.031978e+01,2.058536e+01,2.077363e+01,2.080846e+01,2.083632e+01,2.080846e+01,2.080846e+01,2.073879e+01,2.073879e+01,2.086416e+01,2.081543e+01,2.089200e+01,2.084328e+01,2.078060e+01,2.078060e+01,2.076667e+01,2.078060e+01,2.073879e+01,2.075273e+01,2.075970e+01,2.073879e+01,2.076667e+01,2.056442e+01,2.073879e+01,2.059234e+01,2.060629e+01,2.057838e+01,2.031978e+01,1.992711e+01,1.913714e+01,1.851915e+01,1.816938e+01,1.796179e+01,1.795463e+01,1.793313e+01,1.811932e+01,1.849064e+01,1.870424e+01,1.876823e+01,1.902378e+01,1.946235e+01,1.946235e+01,1.946235e+01,2.006051e+01,2.022176e+01,2.075970e+01,2.087808e+01,2.076667e+01,2.085720e+01,2.064816e+01,2.078757e+01,2.073182e+01,2.077363e+01,2.057140e+01,2.057140e+01,2.058536e+01,2.073879e+01,2.062025e+01,2.068303e+01,2.070394e+01,2.069697e+01,2.073879e+01,2.074576e+01,2.077363e+01,2.082239e+01,2.075273e+01,2.078060e+01,2.076667e+01,2.075273e+01,2.067605e+01,2.048759e+01,2.010961e+01,1.987792e+01,1.973021e+01,1.941293e+01,1.931402e+01,1.905213e+01,1.891028e+01,1.881797e+01,1.870424e+01,1.861174e+01,1.855477e+01,1.868290e+01,1.851915e+01,1.868290e+01,1.873269e+01,1.869713e+01,1.878955e+01,1.875401e+01,1.881087e+01,1.871847e+01,1.867579e+01,1.871135e+01,1.859750e+01,1.879666e+01,1.861174e+01,1.864733e+01,1.859750e+01,1.866156e+01,1.855477e+01,1.856190e+01,1.854053e+01,1.864021e+01,1.858326e+01,1.861174e+01,1.852628e+01,1.866156e+01,1.858326e+01,1.845500e+01,1.859750e+01,1.855477e+01,1.851203e+01,1.854765e+01,1.852628e+01,1.857614e+01,1.853340e+01,1.874691e+01,1.850490e+01,1.873980e+01,1.885349e+01,1.873980e+01,1.878245e+01,1.883928e+01,1.863309e+01,1.883218e+01,1.885349e+01,1.915838e+01,1.919378e+01,1.920085e+01,1.921501e+01,1.900960e+01,1.922208e+01,1.932109e+01,1.916546e+01,1.951880e+01,1.962456e+01,1.962456e+01,1.967388e+01,1.984980e+01,2.023577e+01,2.021475e+01,2.027778e+01,2.025677e+01,2.055743e+01,2.075970e+01,2.082239e+01,2.092679e+01,2.079453e+01,2.062025e+01,2.059234e+01,2.050855e+01,2.023577e+01,2.017271e+01,2.030578e+01,2.019373e+01,1.985683e+01,1.969500e+01,1.942705e+01,1.941999e+01,1.926452e+01,1.923623e+01,1.910881e+01,1.913714e+01,1.927867e+01,1.921501e+01,1.925038e+01,1.939881e+01,1.944118e+01,1.940587e+01,1.944118e+01,1.958227e+01,1.943411e+01,1.959637e+01,1.963865e+01,2.003946e+01,2.017972e+01,2.005350e+01,2.015869e+01,2.027778e+01,2.052950e+01,2.066211e+01,2.078060e+01,2.096156e+01,2.083632e+01,2.103107e+01,2.075273e+01,2.095461e+01,2.103802e+01,2.106581e+01,2.097547e+01,2.080846e+01,2.101718e+01,2.096852e+01,2.101718e+01,2.091287e+01,2.103802e+01,2.086416e+01,2.101023e+01,2.093374e+01,2.096852e+01,2.087112e+01,2.082239e+01,2.088504e+01,2.089200e+01,2.089896e+01,2.096156e+01,2.087808e+01,2.093374e+01,2.110748e+01,2.102413e+01,2.103107e+01,2.082935e+01,2.098242e+01,2.107971e+01,2.096852e+01,2.095461e+01,2.101718e+01,2.095461e+01,2.084328e+01,2.085024e+01,2.099632e+01,2.100327e+01,2.095461e+01,2.093374e+01,2.092679e+01,2.092679e+01,2.092679e+01,2.098937e+01,2.086416e+01,2.084328e+01,2.098242e+01,2.093374e+01,2.091287e+01,2.088504e+01,2.102413e+01,2.089896e+01,2.101023e+01,2.085024e+01,2.101023e+01,2.089200e+01,2.091287e+01,2.082239e+01,2.087112e+01,2.092679e+01,2.107971e+01,2.105887e+01,2.104497e+01,2.096852e+01,2.094070e+01,2.105192e+01,2.110054e+01,2.114914e+01,2.114220e+01,2.097547e+01,2.105192e+01,2.098242e+01,2.114220e+01,2.124627e+01,2.125320e+01,2.118384e+01,2.124627e+01,2.115608e+01,2.103802e+01,2.112137e+01,2.098937e+01,2.097547e+01,2.102413e+01,2.096156e+01,2.091983e+01,2.077363e+01,2.070394e+01,2.084328e+01,2.071091e+01,2.073879e+01,2.059234e+01,2.074576e+01,2.041770e+01,2.045964e+01,2.047362e+01
2.066908e+01,2.074576e+01,2.066908e+01,2.071789e+01,2.070394e+01,2.069000e+01,2.076667e+01,2.069697e+01,2.061327e+01,2.075273e+01,2.073182e+01,2.075273e+01,2.077363e+01,2.040372e+01,2.041770e+01,2.062025e+01,2.064118e+01,2.057838e+01,2.058536e+01,2.067605e+01,2.059234e+01,2.063420e+01,2.050157e+01,2.059234e+01,2.037575e+01,2.041770e+01,2.026378e+01,2.006051e+01,2.009559e+01,1.982871e+01,1.971613e+01,1.977243e+01,1.974428e+01,1.974428e+01,1.973021e+01,1.967388e+01,1.956112e+01,1.963161e+01,1.956817e+01,1.958932e+01,1.971613e+01,1.973021e+01,1.947647e+01,1.960342e+01,1.971613e+01,1.971613e+01,1.968092e+01,1.951175e+01,1.956817e+01,1.963161e+01,1.965979e+01,1.983574e+01,1.964570e+01,1.984980e+01,1.984277e+01,1.986386e+01,1.984980e+01,1.986386e+01,1.982168e+01,2.006753e+01,2.027778e+01,2.030578e+01,2.027078e+01,2.053649e+01,2.051554e+01,2.084328e+01,2.089896e+01,2.081543e+01,2.064816e+01,2.078757e+01,2.075970e+01,2.066908e+01,2.068303e+01,2.076667e+01,2.078060e+01,2.073879e+01,2.080150e+01,2.085024e+01,2.071091e+01,2.074576e+01,2.082935e+01,2.077363e+01,2.056442e+01,2.077363e+01,2.085024e+01,2.078060e+01,2.082935e+01,2.067605e+01,2.074576e+01,2.078060e+01,2.078757e+01,2.078060e+01,2.069000e+01,2.069697e+01,2.071789e+01,2.079453e+01,2.078757e+01,2.077363e+01,2.080846e+01,2.089896e+01,2.075273e+01,2.071091e+01,2.073879e+01,2.073879e+01,2.071091e+01,2.076667e+01,2.071091e+01,2.082239e+01,2.075273e+01,2.078060e+01,2.082935e+01,2.075970e+01,2.089896e+01,2.069697e+01,2.078060e+01,2.085024e+01,2.075970e+01,2.067605e+01,2.065513e+01,2.073182e+01,2.071091e+01,2.069000e+01,2.055045e+01,2.074576e+01,2.056442e+01,2.055743e+01,2.031978e+01,2.032678e+01,2.031978e+01,2.022176e+01,1.984980e+01,1.994819e+01,1.954701e+01,1.940587e+01,1.922916e+01,1.904504e+01,1.897414e+01,1.873269e+01,1.847639e+01,1.836227e+01,1.824087e+01,1.815508e+01,1.830515e+01,1.829801e+01,1.819083e+01,1.814078e+01,1.811932e+01,1.812647e+01,1.818369e+01,1.809069e+01,1.809069e+01,1.817653e+01,1.814078e+01,1.819083e+01,1.809785e+01,1.820513e+01,1.818369e+01,1.831230e+01,1.826944e+01,1.816938e+01,1.826944e+01,1.824087e+01,1.846926e+01,1.839794e+01,1.847639e+01,1.826944e+01,1.859750e+01,1.867579e+01,1.881087e+01,1.883218e+01,1.903795e+01,1.911590e+01,1.924331e+01,1.936349e+01,1.961751e+01,1.965979e+01,1.965274e+01,1.963865e+01,1.953291e+01,1.972317e+01,1.974428e+01,1.980058e+01,2.003244e+01,2.006753e+01,2.020774e+01,2.046663e+01,2.048759e+01,2.070394e+01,2.084328e+01,2.076667e+01,2.080846e+01,2.069697e+01,2.082239e+01,2.078757e+01,2.075970e+01,2.072486e+01,2.085720e+01,2.082935e+01,2.078060e+01,2.073879e+01,2.084328e+01,2.074576e+01,2.081543e+01,2.085024e+01,2.079453e+01,2.081543e+01,2.078757e+01,2.078757e+01,2.068303e+01,2.052252e+01,2.052950e+01,2.071789e+01,2.063420e+01,2.069000e+01,2.073879e+01,2.073879e+01,2.065513e+01,2.050855e+01,2.047362e+01,2.038274e+01,2.031278e+01,2.031278e+01,2.032678e+01,2.027778e+01,2.024277e+01,2.010260e+01,2.015168e+01,1.994117e+01,1.996926e+01,1.986386e+01,1.972317e+01,1.964570e+01,1.973021e+01,1.962456e+01,1.958227e+01,1.966683e+01,1.963161e+01,1.958932e+01,1.970909e+01,1.973725e+01,1.972317e+01,1.973725e+01,1.986386e+01,1.982168e+01,1.994819e+01,2.010961e+01,2.000437e+01,2.010260e+01,2.015869e+01,2.020074e+01,2.025677e+01,2.013065e+01,2.038974e+01,2.034777e+01,2.032678e+01,2.036875e+01,2.028478e+01,2.023577e+01,2.024977e+01,2.000437e+01,1.998330e+01,1.999735e+01,2.008156e+01,1.996224e+01,2.008857e+01,1.999033e+01,1.991306e+01,1.989198e+01,2.001841e+01,1.990604e+01,1.983574e+01,1.991306e+01,1.973021e+01,1.981464e+01,1.975836e+01,1.975132e+01,1.977243e+01,1.977243e+01,1.962456e+01,1.960342e+01,1.956112e+01,1.955407e+01,1.953996e+01,1.945529e+01,1.956112e+01,1.937762e+01,1.939174e+01,1.933522e+01,1.934229e+01,1.927160e+01,1.928574e+01,1.922208e+01,1.927160e+01,1.923623e+01,1.906630e+01,1.906630e+01,1.905922e+01,1.903087e+01,1.895286e+01,1.904504e+01,1.898832e+01,1.893867e+01,1.900960e+01,1.890318e+01,1.908047e+01,1.905922e+01,1.905922e+01,1.920085e+01,1.921501e+01,1.926452e+01,1.927160e+01,1.927160e+01,1.922208e+01,1.927160e+01,1.936349e+01,1.943411e+01,1.926452e+01,1.925745e+01,1.948352e+01,1.927160e+01,1.933522e+01,1.932815e+01,1.934229e+01,1.962456e+01,1.951880e+01,1.961751e+01,1.983574e+01,1.996926e+01,2.006051e+01,2.025677e+01,2.029878e+01,2.022176e+01,2.019373e+01,2.006753e+01,2.003946e+01,1.980058e+01,1.953291e+01,1.944823e+01,1.922208e+01,1.903795e+01,1.903087e+01,1.888899e+01,1.888899e+01,1.886059e+01,1.886769e+01,1.885349e+01,1.889609e+01,1.876112e+01,1.880376e+01,1.865444e+01,1.861174e+01,1.880376e+01,1.880376e+01,1.895995e+01,1.908756e+01,1.919378e+01,1.933522e+01,1.954701e+01,1.982871e+01,1.990604e+01,2.011663e+01,2.006753e+01,2.038274e+01,2.060629e+01,2.082239e+01,2.078060e+01,2.080846e+01,2.083632e+01,2.081543e+01,2.078757e+01,2.075273e+01,2.085024e+01,2.077363e+01,2.073182e+01,2.082935e+01,2.078060e+01,2.085024e+01,2.079453e+01,2.068303e+01,2.064118e+01,2.076667e+01,2.076667e+01,2.075970e+01,2.075273e+01,2.069697e+01,2.075273e+01,2.062025e+01,2.066908e+01,2.054347e+01,2.020774e+01,1.994117e+01,1.870424e+01,1.836227e+01,1.814078e+01,1.794029e+01,1.793313e+01,1.794029e+01,1.797613e+01,1.799045e+01,1.811216e+01,1.843361e+01,1.878245e+01,1.908756e+01,1.917254e+01,1.934229e+01,1.963865e+01,2.005350e+01,2.050855e+01,2.073879e+01,2.080846e+01,2.063420e+01,2.069000e+01,2.055743e+01,2.061327e+01,2.059932e+01,2.057838e+01,2.056442e+01,2.066211e+01,2.068303e+01,2.062025e+01,2.071789e+01,2.080150e+01,2.071789e+01,2.081543e+01,2.071789e+01,2.078757e+01,2.075273e+01,2.065513e+01,2.071091e+01,2.069000e+01,2.068303e+01,2.050855e+01,2.022876e+01,1.979354e+01,1.958227e+01,1.948352e+01,1.925038e+01,1.889609e+01,1.894576e+01,1.876112e+01,1.852628e+01,1.856902e+01,1.856902e+01,1.856902e+01,1.849777e+01,1.856902e+01,1.864733e+01,1.864733e+01,1.865444e+01,1.866867e+01,1.864021e+01,1.864733e+01,1.864021e+01,1.860462e+01,1.864733e+01,1.856902e+01,1.855477e+01,1.857614e+01,1.853340e+01,1.861174e+01,1.869002e+01,1.848352e+01,1.861886e+01,1.849777e+01,1.850490e+01,1.855477e+01,1.849777e+01,1.856190e+01,1.854053e+01,1.861886e+01,1.844074e+01,1.844787e+01,1.846213e+01,1.848352e+01,1.854765e+01,1.847639e+01,1.858326e+01,1.855477e+01,1.855477e+01,1.850490e+01,1.861174e+01,1.859038e+01,1.861886e+01,1.857614e+01,1.881797e+01,1.872558e+01,1.868290e+01,1.880376e+01,1.881797e+01,1.905213e+01,1.893157e+01,1.899541e+01,1.903795e+01,1.920085e+01,1.909464e+01,1.923623e+01,1.925745e+01,1.958227e+01,1.959637e+01,1.973725e+01,1.990604e+01,2.017271e+01,2.021475e+01,2.045964e+01,2.038274e+01,2.065513e+01,2.072486e+01,2.066908e+01,2.069000e+01,2.066908e+01,2.062723e+01,2.025677e+01,2.024277e+01,2.023577e+01,2.001841e+01,1.987090e+01,1.971613e+01,1.970909e+01,1.946235e+01,1.930695e+01,1.927160e+01,1.932815e+01,1.926452e+01,1.917254e+01,1.923623e+01,1.923623e+01,1.921501e+01,1.913714e+01,1.932815e+01,1.917254e+01,1.913006e+01,1.914422e+01,1.941999e+01,1.953291e+01,1.959637e+01,1.952586e+01,1.983574e+01,1.982871e+01,1.988495e+01,1.989198e+01,2.008857e+01,2.024977e+01,2.048759e+01,2.062025e+01,2.050855e+01,2.062025e+01,2.080150e+01,2.072486e+01,2.071091e+01,2.095461e+01,2.080846e+01,2.097547e+01,2.097547e+01,2.082239e+01,2.098242e+01,2.090592e+01,2.094765e+01,2.100327e+01,2.087112e+01,2.099632e+01,2.094765e+01,2.088504e+01,2.098937e+01,2.090592e+01,2.081543e+01,2.089200e+01,2.096156e+01,2.092679e+01,2.106581e+01,2.091983e+01,2.097547e+01,2.082239e+01,2.096852e+01,2.095461e+01,2.096852e+01,2.094765e+01,2.094070e+01,2.087808e+01,2.085720e+01,2.091287e+01,2.097547e+01,2.098242e+01,2.082239e+01,2.081543e+01,2.096156e+01,2.086416e+01,2.094070e+01,2.095461e+01,2.091287e+01,2.089896e+01,2.088504e+01,2.094070e+01,2.088504e+01,2.091287e+01,2.105192e+01,2.103802e+01,2.101023e+01,2.091287e+01,2.082239e+01,2.101718e+01,2.095461e+01,2.094070e+01,2.098937e+01,2.095461e+01,2.104497e+01,2.097547e+01,2.091983e+01,2.084328e+01,2.091983e+01,2.090592e+01,2.087808e+01,2.095461e+01,2.102413e+01,2.093374e+01,2.098937e+01,2.121159e+01,2.116302e+01,2.121159e+01,2.126013e+01,2.113526e+01,2.124627e+01,2.111443e+01,2.110748e+01,2.102413e+01,2.111443e+01,2.099632e+01,2.107276e+01,2.099632e+01,2.084328e+01,2.083632e+01,2.082935e+01,2.073182e+01,2.075273e+01,2.069000e+01,2.051554e+01,2.061327e+01,2.068303e+01,2.059932e+01,2.056442e+01,2.056442e+01
2.073879e+01,2.063420e+01,2.069697e+01,2.072486e+01,2.069697e+01,2.069000e+01,2.086416e+01,2.075970e+01,2.085720e+01,2.075273e+01,2.055743e+01,2.087112e+01,2.075273e+01,2.072486e+01,2.041770e+01,2.054347e+01,2.052950e+01,2.052252e+01,2.053649e+01,2.054347e+01,2.060629e+01,2.040372e+01,2.052252e+01,2.036875e+01,2.043868e+01,2.031978e+01,2.036176e+01,2.006051e+01,2.006753e+01,1.986386e+01,1.979354e+01,1.986386e+01,1.970909e+01,1.968796e+01,1.971613e+01,1.959637e+01,1.967388e+01,1.972317e+01,1.954701e+01,1.953291e+01,1.980761e+01,1.987792e+01,1.965979e+01,1.958227e+01,1.962456e+01,1.959637e+01,1.961751e+01,1.952586e+01,1.956817e+01,1.954701e+01,1.978650e+01,1.974428e+01,1.949764e+01,1.947647e+01,1.968796e+01,1.982871e+01,1.967388e+01,1.999033e+01,1.979354e+01,2.003244e+01,2.003946e+01,2.028478e+01,2.023577e+01,2.034077e+01,2.038274e+01,2.057140e+01,2.082239e+01,2.083632e+01,2.073879e+01,2.084328e+01,2.077363e+01,2.078757e+01,2.075970e+01,2.074576e+01,2.080846e+01,2.057838e+01,2.083632e+01,2.064118e+01,2.080150e+01,2.070394e+01,2.082935e+01,2.083632e+01,2.063420e+01,2.080846e+01,2.078060e+01,2.078757e+01,2.081543e+01,2.081543e+01,2.086416e+01,2.084328e+01,2.077363e+01,2.081543e+01,2.076667e+01,2.071789e+01,2.083632e+01,2.074576e+01,2.077363e+01,2.091983e+01,2.078060e+01,2.090592e+01,2.074576e+01,2.072486e+01,2.068303e+01,2.081543e+01,2.069697e+01,2.085024e+01,2.083632e+01,2.081543e+01,2.080846e+01,2.077363e+01,2.078060e+01,2.082239e+01,2.089200e+01,2.094070e+01,2.072486e+01,2.069000e+01,2.073182e+01,2.066908e+01,2.082935e+01,2.078060e+01,2.070394e+01,2.069697e+01,2.069000e+01,2.054347e+01,2.056442e+01,2.032678e+01,2.052252e+01,2.045266e+01,2.012364e+01,2.009559e+01,1.977947e+01,1.946235e+01,1.919378e+01,1.917962e+01,1.894576e+01,1.888899e+01,1.858326e+01,1.855477e+01,1.837654e+01,1.830515e+01,1.814793e+01,1.822657e+01,1.811932e+01,1.814793e+01,1.811932e+01,1.806922e+01,1.812647e+01,1.812647e+01,1.815508e+01,1.807638e+01,1.815508e+01,1.815508e+01,1.814793e+01,1.809785e+01,1.816938e+01,1.819083e+01,1.819798e+01,1.814793e+01,1.841934e+01,1.824801e+01,1.819083e+01,1.830515e+01,1.844787e+01,1.842648e+01,1.858326e+01,1.868290e+01,1.865444e+01,1.861886e+01,1.882508e+01,1.906630e+01,1.919378e+01,1.922208e+01,1.943411e+01,1.935642e+01,1.941999e+01,1.946941e+01,1.941293e+01,1.970205e+01,1.975132e+01,1.990604e+01,1.978650e+01,1.989198e+01,2.006753e+01,2.017972e+01,2.044567e+01,2.048759e+01,2.069697e+01,2.069000e+01,2.079453e+01,2.066908e+01,2.075970e+01,2.082239e+01,2.080846e+01,2.082239e+01,2.084328e+01,2.087808e+01,2.085720e+01,2.085720e+01,2.079453e+01,2.086416e+01,2.086416e+01,2.075273e+01,2.081543e+01,2.085720e+01,2.079453e+01,2.083632e+01,2.077363e+01,2.078060e+01,2.064816e+01,2.072486e+01,2.066908e+01,2.062723e+01,2.073879e+01,2.071091e+01,2.066211e+01,2.073879e+01,2.063420e+01,2.074576e+01,2.048759e+01,2.038974e+01,2.030578e+01,2.027778e+01,2.028478e+01,2.013766e+01,2.031278e+01,2.022876e+01,2.001841e+01,1.999735e+01,1.988495e+01,1.987792e+01,1.981464e+01,1.966683e+01,1.958227e+01,1.967388e+01,1.956112e+01,1.954701e+01,1.956817e+01,1.968092e+01,1.968796e+01,1.975836e+01,1.974428e+01,1.964570e+01,1.975836e+01,1.989901e+01,1.973725e+01,2.015168e+01,1.998330e+01,1.998330e+01,2.010260e+01,2.015168e+01,2.008857e+01,2.010260e+01,2.019373e+01,2.039673e+01,2.033377e+01,2.040372e+01,2.035476e+01,2.027078e+01,2.023577e+01,2.004648e+01,2.003244e+01,1.987792e+01,1.986386e+01,1.982168e+01,1.996224e+01,1.991306e+01,1.992009e+01,1.985683e+01,1.986386e+01,1.986386e+01,1.985683e+01,1.984277e+01,1.992711e+01,1.982168e+01,1.998330e+01,1.970909e+01,1.973725e+01,1.973725e+01,1.959637e+01,1.966683e+01,1.959637e+01,1.953996e+01,1.953291e+01,1.960342e+01,1.949764e+01,1.936349e+01,1.940587e+01,1.936349e+01,1.929281e+01,1.932815e+01,1.928574e+01,1.919378e+01,1.910881e+01,1.920085e+01,1.925038e+01,1.909464e+01,1.904504e+01,1.905213e+01,1.893867e+01,1.905922e+01,1.898832e+01,1.908756e+01,1.904504e+01,1.910173e+01,1.899541e+01,1.913714e+01,1.913006e+01,1.921501e+01,1.922208e+01,1.921501e+01,1.929988e+01,1.919378e+01,1.917254e+01,1.929988e+01,1.922916e+01,1.925038e+01,1.925038e+01,1.927867e+01,1.930695e+01,1.930695e+01,1.933522e+01,1.948352e+01,1.934229e+01,1.934229e+01,1.956112e+01,1.959637e+01,1.990604e+01,1.989901e+01,2.023577e+01,2.017972e+01,2.045964e+01,2.027078e+01,2.022876e+01,2.016570e+01,2.016570e+01,1.999033e+01,1.982168e+01,1.980761e+01,1.946235e+01,1.914422e+01,1.915130e+01,1.894576e+01,1.902378e+01,1.893867e+01,1.893867e+01,1.876823e+01,1.878245e+01,1.882508e+01,1.877534e+01,1.869713e+01,1.868290e+01,1.890318e+01,1.878955e+01,1.859750e+01,1.903087e+01,1.905922e+01,1.933522e+01,1.939174e+01,1.945529e+01,1.964570e+01,1.984980e+01,2.004648e+01,2.037575e+01,2.038274e+01,2.078757e+01,2.073879e+01,2.069000e+01,2.073879e+01,2.081543e+01,2.071789e+01,2.076667e+01,2.082239e+01,2.087112e+01,2.078757e+01,2.082239e+01,2.085024e+01,2.077363e+01,2.071091e+01,2.080150e+01,2.074576e+01,2.091983e+01,2.078060e+01,2.069697e+01,2.078757e+01,2.075970e+01,2.072486e+01,2.066211e+01,2.066908e+01,2.068303e+01,2.064816e+01,2.024977e+01,1.949764e+01,1.865444e+01,1.838367e+01,1.808354e+01,1.796179e+01,1.811216e+01,1.795463e+01,1.811216e+01,1.803343e+01,1.801910e+01,1.824801e+01,1.837654e+01,1.879666e+01,1.897414e+01,1.913714e+01,1.931402e+01,1.979354e+01,2.059234e+01,2.071091e+01,2.055743e+01,2.063420e+01,2.053649e+01,2.053649e+01,2.055045e+01,2.057838e+01,2.069000e+01,2.066211e+01,2.080150e+01,2.077363e+01,2.068303e+01,2.076667e+01,2.075273e+01,2.080150e+01,2.078757e+01,2.071789e+01,2.087808e+01,2.072486e+01,2.078060e+01,2.062025e+01,2.050855e+01,2.061327e+01,2.013065e+01,1.987792e+01,1.960342e+01,1.925038e+01,1.911590e+01,1.913006e+01,1.894576e+01,1.873980e+01,1.864733e+01,1.850490e+01,1.856190e+01,1.857614e+01,1.864733e+01,1.861886e+01,1.859038e+01,1.865444e+01,1.876823e+01,1.876823e+01,1.873980e+01,1.881797e+01,1.862598e+01,1.871847e+01,1.859750e+01,1.867579e+01,1.871847e+01,1.869002e+01,1.856190e+01,1.851203e+01,1.853340e+01,1.850490e+01,1.851915e+01,1.856190e+01,1.858326e+01,1.845500e+01,1.851203e+01,1.854765e+01,1.853340e+01,1.846213e+01,1.855477e+01,1.846213e+01,1.857614e+01,1.857614e+01,1.846926e+01,1.854053e+01,1.857614e+01,1.856190e+01,1.849777e+01,1.864021e+01,1.863309e+01,1.859038e+01,1.862598e+01,1.864733e+01,1.878245e+01,1.867579e+01,1.885349e+01,1.883928e+01,1.882508e+01,1.895286e+01,1.888899e+01,1.912298e+01,1.901669e+01,1.922208e+01,1.905922e+01,1.910173e+01,1.938468e+01,1.953996e+01,1.952586e+01,1.968796e+01,1.984980e+01,2.013065e+01,2.028478e+01,2.046663e+01,2.059234e+01,2.062723e+01,2.073182e+01,2.073879e+01,2.075970e+01,2.064118e+01,2.052950e+01,2.022176e+01,2.008857e+01,2.003244e+01,1.978650e+01,1.980761e+01,1.982168e+01,1.951880e+01,1.949058e+01,1.937762e+01,1.937762e+01,1.928574e+01,1.925038e+01,1.932815e+01,1.925745e+01,1.934936e+01,1.927867e+01,1.929988e+01,1.940587e+01,1.929281e+01,1.926452e+01,1.920793e+01,1.944118e+01,1.947647e+01,1.960342e+01,1.954701e+01,1.936349e+01,1.958932e+01,1.975132e+01,1.987792e+01,1.980058e+01,2.006753e+01,2.007454e+01,2.008857e+01,2.035476e+01,2.050157e+01,2.054347e+01,2.068303e+01,2.070394e+01,2.076667e+01,2.075273e+01,2.093374e+01,2.079453e+01,2.099632e+01,2.092679e+01,2.082239e+01,2.087808e+01,2.095461e+01,2.089200e+01,2.102413e+01,2.102413e+01,2.091287e+01,2.101023e+01,2.089200e+01,2.105887e+01,2.086416e+01,2.103107e+01,2.094070e+01,2.091983e+01,2.107276e+01,2.099632e+01,2.079453e+01,2.098937e+01,2.089200e+01,2.094070e+01,2.101718e+01,2.084328e+01,2.096156e+01,2.089896e+01,2.100327e+01,2.092679e+01,2.096156e+01,2.095461e+01,2.093374e+01,2.094765e+01,2.076667e+01,2.096156e+01,2.088504e+01,2.091983e+01,2.098937e+01,2.089200e+01,2.089200e+01,2.089200e+01,2.096156e+01,2.091983e+01,2.090592e+01,2.091287e+01,2.106581e+01,2.096852e+01,2.085720e+01,2.095461e+01,2.101718e+01,2.114220e+01,2.092679e+01,2.090592e+01,2.096852e+01,2.107276e+01,2.110748e+01,2.093374e+01,2.098242e+01,2.097547e+01,2.107971e+01,2.103802e+01,2.101718e+01,2.101718e+01,2.114220e+01,2.104497e+01,2.105192e+01,2.119771e+01,2.115608e+01,2.111443e+01,2.126013e+01,2.120465e+01,2.107971e+01,2.088504e+01,2.090592e+01,2.092679e+01,2.089200e+01,2.085720e+01,2.098242e+01,2.083632e+01,2.075273e+01,2.087112e+01,2.074576e+01,2.059234e+01,2.063420e+01,2.063420e+01,2.064118e+01,2.056442e+01,2.069000e+01
2.069000e+01,2.062723e+01,2.069697e+01,2.062723e+01,2.071789e+01,2.064118e+01,2.082239e+01,2.062025e+01,2.071789e+01,2.076667e+01,2.078060e+01,2.073182e+01,2.071091e+01,2.061327e+01,2.053649e+01,2.055743e+01,2.036176e+01,2.051554e+01,2.043169e+01,2.052252e+01,2.045266e+01,2.036176e+01,2.034777e+01,2.020074e+01,2.024977e+01,2.005350e+01,2.004648e+01,1.991306e+01,1.981464e+01,1.979354e+01,1.978650e+01,1.970909e+01,1.969500e+01,1.975836e+01,1.952586e+01,1.973725e+01,1.958227e+01,1.956112e+01,1.948352e+01,1.945529e+01,1.945529e+01,1.958932e+01,1.947647e+01,1.959637e+01,1.954701e+01,1.968092e+01,1.953996e+01,1.951880e+01,1.949058e+01,1.952586e+01,1.942705e+01,1.955407e+01,1.949764e+01,1.951175e+01,1.944823e+01,1.951175e+01,1.944823e+01,1.968092e+01,1.977243e+01,1.959637e+01,1.974428e+01,1.997628e+01,1.984277e+01,2.027078e+01,2.027778e+01,2.047362e+01,2.062025e+01,2.079453e+01,2.078060e+01,2.084328e+01,2.072486e+01,2.075970e+01,2.093374e+01,2.081543e+01,2.090592e+01,2.080150e+01,2.076667e+01,2.075970e+01,2.090592e+01,2.077363e+01,2.085024e+01,2.072486e+01,2.075970e+01,2.083632e+01,2.083632e+01,2.079453e+01,2.078757e+01,2.076667e+01,2.083632e+01,2.080846e+01,2.072486e+01,2.075970e+01,2.070394e+01,2.091983e+01,2.084328e+01,2.085024e+01,2.070394e+01,2.078757e+01,2.089896e+01,2.078757e+01,2.080846e+01,2.089200e+01,2.084328e+01,2.089200e+01,2.077363e+01,2.073879e+01,2.068303e+01,2.076667e+01,2.085720e+01,2.079453e+01,2.075273e+01,2.078060e+01,2.078060e+01,2.081543e+01,2.073182e+01,2.077363e+01,2.072486e+01,2.072486e+01,2.073879e+01,2.066211e+01,2.075970e+01,2.070394e+01,2.064118e+01,2.073182e+01,2.032678e+01,2.052252e+01,2.031978e+01,2.015869e+01,1.999033e+01,1.980058e+01,1.950469e+01,1.919378e+01,1.915130e+01,1.900960e+01,1.884638e+01,1.856902e+01,1.845500e+01,1.831944e+01,1.822657e+01,1.816938e+01,1.804775e+01,1.806922e+01,1.802627e+01,1.809785e+01,1.803343e+01,1.803343e+01,1.826944e+01,1.819798e+01,1.811932e+01,1.810501e+01,1.804059e+01,1.812647e+01,1.815508e+01,1.814793e+01,1.807638e+01,1.816938e+01,1.815508e+01,1.809069e+01,1.809785e+01,1.830515e+01,1.821943e+01,1.829087e+01,1.840508e+01,1.836227e+01,1.846926e+01,1.858326e+01,1.864021e+01,1.881087e+01,1.884638e+01,1.904504e+01,1.905922e+01,1.907339e+01,1.932109e+01,1.934936e+01,1.953996e+01,1.938468e+01,1.956112e+01,1.953291e+01,1.969500e+01,1.978650e+01,1.996926e+01,2.006051e+01,2.023577e+01,2.044567e+01,2.052950e+01,2.067605e+01,2.069000e+01,2.085024e+01,2.074576e+01,2.078757e+01,2.081543e+01,2.080150e+01,2.073182e+01,2.077363e+01,2.080150e+01,2.064816e+01,2.082935e+01,2.082239e+01,2.082239e+01,2.079453e+01,2.080846e+01,2.085720e+01,2.086416e+01,2.082239e+01,2.077363e+01,2.075970e+01,2.075970e+01,2.071091e+01,2.063420e+01,2.067605e+01,2.066908e+01,2.060629e+01,2.060629e+01,2.075273e+01,2.075970e+01,2.071789e+01,2.061327e+01,2.045266e+01,2.055045e+01,2.049458e+01,2.037575e+01,2.026378e+01,2.012364e+01,2.021475e+01,2.003946e+01,2.006051e+01,2.006051e+01,1.986386e+01,1.992009e+01,1.982168e+01,1.975836e+01,1.963161e+01,1.963161e+01,1.950469e+01,1.948352e+01,1.956817e+01,1.956817e+01,1.964570e+01,1.953996e+01,1.955407e+01,1.964570e+01,1.960342e+01,1.968796e+01,1.973725e+01,1.990604e+01,1.979354e+01,1.995521e+01,1.994117e+01,2.007454e+01,2.010260e+01,2.001139e+01,2.012364e+01,2.009559e+01,2.007454e+01,2.028478e+01,2.026378e+01,2.007454e+01,2.016570e+01,2.008857e+01,2.003244e+01,1.985683e+01,1.996224e+01,1.999735e+01,1.996926e+01,1.985683e+01,1.977243e+01,1.985683e+01,1.981464e+01,1.981464e+01,1.981464e+01,1.987090e+01,1.986386e+01,1.994117e+01,1.982168e+01,1.973725e+01,1.978650e+01,1.968796e+01,1.967388e+01,1.957522e+01,1.961047e+01,1.959637e+01,1.951880e+01,1.956112e+01,1.951175e+01,1.946235e+01,1.939881e+01,1.943411e+01,1.939881e+01,1.925038e+01,1.928574e+01,1.930695e+01,1.918670e+01,1.919378e+01,1.915838e+01,1.915130e+01,1.904504e+01,1.910881e+01,1.903795e+01,1.899541e+01,1.898123e+01,1.902378e+01,1.904504e+01,1.895286e+01,1.910881e+01,1.908756e+01,1.897414e+01,1.907339e+01,1.908756e+01,1.908756e+01,1.908047e+01,1.910173e+01,1.920085e+01,1.913006e+01,1.902378e+01,1.905213e+01,1.922208e+01,1.919378e+01,1.915130e+01,1.922916e+01,1.922916e+01,1.932815e+01,1.932815e+01,1.936349e+01,1.952586e+01,1.953291e+01,1.959637e+01,1.984980e+01,1.993414e+01,1.997628e+01,2.026378e+01,2.031978e+01,2.031978e+01,2.025677e+01,2.024977e+01,2.015869e+01,2.005350e+01,1.980058e+01,1.981464e+01,1.955407e+01,1.927867e+01,1.907339e+01,1.900960e+01,1.901669e+01,1.896704e+01,1.888189e+01,1.894576e+01,1.873980e+01,1.874691e+01,1.875401e+01,1.869713e+01,1.869713e+01,1.864733e+01,1.881087e+01,1.877534e+01,1.879666e+01,1.897414e+01,1.910173e+01,1.921501e+01,1.937762e+01,1.957522e+01,1.983574e+01,1.989901e+01,2.016570e+01,2.020774e+01,2.038974e+01,2.057140e+01,2.084328e+01,2.077363e+01,2.082239e+01,2.080150e+01,2.081543e+01,2.080846e+01,2.081543e+01,2.081543e+01,2.077363e+01,2.079453e+01,2.079453e+01,2.096156e+01,2.077363e+01,2.080846e+01,2.075273e+01,2.082935e+01,2.077363e+01,2.075273e+01,2.059932e+01,2.075273e+01,2.075970e+01,2.067605e+01,2.072486e+01,2.063420e+01,2.062025e+01,1.995521e+01,1.874691e+01,1.836227e+01,1.854053e+01,1.844787e+01,1.817653e+01,1.794746e+01,1.817653e+01,1.804059e+01,1.803343e+01,1.804059e+01,1.810501e+01,1.815508e+01,1.829801e+01,1.867579e+01,1.896704e+01,1.911590e+01,1.982871e+01,2.048061e+01,2.042470e+01,2.065513e+01,2.052950e+01,2.055045e+01,2.039673e+01,2.052950e+01,2.064816e+01,2.059234e+01,2.070394e+01,2.072486e+01,2.068303e+01,2.072486e+01,2.078757e+01,2.073182e+01,2.080846e+01,2.080150e+01,2.082239e+01,2.081543e+01,2.075273e+01,2.079453e+01,2.049458e+01,2.046663e+01,1.993414e+01,1.991306e+01,1.958227e+01,1.928574e+01,1.926452e+01,1.915838e+01,1.890318e+01,1.893867e+01,1.847639e+01,1.868290e+01,1.851915e+01,1.854765e+01,1.859750e+01,1.877534e+01,1.859038e+01,1.875401e+01,1.876112e+01,1.890318e+01,1.882508e+01,1.881797e+01,1.877534e+01,1.877534e+01,1.875401e+01,1.891028e+01,1.871847e+01,1.867579e+01,1.870424e+01,1.875401e+01,1.864021e+01,1.863309e+01,1.868290e+01,1.874691e+01,1.854765e+01,1.862598e+01,1.846213e+01,1.849777e+01,1.850490e+01,1.843361e+01,1.861886e+01,1.859038e+01,1.854053e+01,1.872558e+01,1.872558e+01,1.852628e+01,1.852628e+01,1.859750e+01,1.852628e+01,1.865444e+01,1.860462e+01,1.863309e+01,1.871135e+01,1.861174e+01,1.862598e+01,1.866156e+01,1.869713e+01,1.868290e+01,1.876112e+01,1.894576e+01,1.890318e+01,1.905213e+01,1.903087e+01,1.904504e+01,1.908047e+01,1.908756e+01,1.915838e+01,1.936349e+01,1.959637e+01,1.958227e+01,1.967388e+01,1.984277e+01,2.004648e+01,2.026378e+01,2.036875e+01,2.052252e+01,2.079453e+01,2.070394e+01,2.066211e+01,2.030578e+01,2.060629e+01,2.027078e+01,2.003244e+01,2.002542e+01,1.973021e+01,1.970205e+01,1.951880e+01,1.942705e+01,1.926452e+01,1.934229e+01,1.942705e+01,1.929281e+01,1.929281e+01,1.949058e+01,1.931402e+01,1.934229e+01,1.935642e+01,1.955407e+01,1.941999e+01,1.943411e+01,1.946941e+01,1.943411e+01,1.944118e+01,1.938468e+01,1.946235e+01,1.951880e+01,1.955407e+01,1.937762e+01,1.953996e+01,1.965979e+01,1.955407e+01,1.965979e+01,1.969500e+01,1.987090e+01,1.982871e+01,1.989198e+01,2.046663e+01,2.021475e+01,2.045266e+01,2.032678e+01,2.045964e+01,2.087112e+01,2.076667e+01,2.082935e+01,2.078060e+01,2.080846e+01,2.100327e+01,2.090592e+01,2.098242e+01,2.101023e+01,2.101023e+01,2.103802e+01,2.103802e+01,2.088504e+01,2.089200e+01,2.101023e+01,2.091287e+01,2.091983e+01,2.105192e+01,2.089896e+01,2.101718e+01,2.085024e+01,2.105192e+01,2.106581e+01,2.105887e+01,2.093374e+01,2.094765e+01,2.106581e+01,2.106581e+01,2.091287e+01,2.101023e+01,2.096156e+01,2.088504e+01,2.093374e+01,2.090592e+01,2.090592e+01,2.100327e+01,2.094070e+01,2.094070e+01,2.099632e+01,2.080846e+01,2.098937e+01,2.091287e+01,2.087808e+01,2.098937e+01,2.111443e+01,2.091983e+01,2.094070e+01,2.094765e+01,2.103802e+01,2.096156e+01,2.096156e+01,2.093374e+01,2.088504e+01,2.086416e+01,2.096852e+01,2.096852e+01,2.096156e+01,2.082935e+01,2.085720e+01,2.092679e+01,2.106581e+01,2.083632e+01,2.097547e+01,2.103802e+01,2.108665e+01,2.102413e+01,2.110748e+01,2.114914e+01,2.098937e+01,2.126707e+01,2.124627e+01,2.114220e+01,2.103802e+01,2.111443e+01,2.103107e+01,2.100327e+01,2.098242e+01,2.074576e+01,2.100327e+01,2.084328e+01,2.083632e+01,2.073879e+01,2.063420e+01,2.059932e+01,2.049458e+01,2.053649e+01,2.051554e+01,2.062025e+01,2.073879e+01
2.061327e+01,2.063420e+01,2.075273e+01,2.071091e+01,2.071789e+01,2.071091e+01,2.070394e+01,2.068303e+01,2.071091e+01,2.078757e+01,2.073879e+01,2.073182e+01,2.048061e+01,2.047362e+01,2.030578e+01,2.066211e+01,2.020774e+01,2.047362e+01,2.052950e+01,2.036875e+01,2.024977e+01,2.041071e+01,2.029178e+01,2.031278e+01,1.999735e+01,2.000437e+01,1.998330e+01,1.982871e+01,1.978650e+01,1.973725e+01,1.973021e+01,1.969500e+01,1.970205e+01,1.962456e+01,1.968796e+01,1.953996e+01,1.958932e+01,1.944118e+01,1.941999e+01,1.958227e+01,1.951880e+01,1.953291e+01,1.939174e+01,1.961047e+01,1.951880e+01,1.951175e+01,1.931402e+01,1.952586e+01,1.946941e+01,1.934229e+01,1.933522e+01,1.935642e+01,1.949764e+01,1.935642e+01,1.934936e+01,1.946235e+01,1.920085e+01,1.943411e+01,1.944118e+01,1.951175e+01,1.956817e+01,1.995521e+01,1.996224e+01,1.997628e+01,2.003244e+01,2.053649e+01,2.050157e+01,2.079453e+01,2.054347e+01,2.084328e+01,2.090592e+01,2.078757e+01,2.079453e+01,2.092679e+01,2.075273e+01,2.066908e+01,2.077363e+01,2.068303e+01,2.059234e+01,2.071091e+01,2.070394e+01,2.066908e+01,2.071789e+01,2.078757e+01,2.076667e+01,2.077363e+01,2.080150e+01,2.079453e+01,2.081543e+01,2.080150e+01,2.078757e+01,2.075970e+01,2.073879e+01,2.079453e+01,2.086416e+01,2.071091e+01,2.090592e+01,2.084328e+01,2.077363e+01,2.081543e+01,2.080846e+01,2.072486e+01,2.073879e+01,2.076667e+01,2.074576e+01,2.082935e+01,2.078757e+01,2.077363e+01,2.083632e+01,2.087112e+01,2.080846e+01,2.073879e+01,2.073182e+01,2.077363e+01,2.079453e+01,2.077363e+01,2.078060e+01,2.077363e+01,2.074576e+01,2.066908e+01,2.073182e+01,2.062723e+01,2.055045e+01,2.051554e+01,2.041071e+01,2.033377e+01,2.002542e+01,1.995521e+01,1.954701e+01,1.951175e+01,1.937762e+01,1.900251e+01,1.888899e+01,1.878955e+01,1.856902e+01,1.824087e+01,1.823372e+01,1.822657e+01,1.798329e+01,1.811216e+01,1.800478e+01,1.802627e+01,1.791879e+01,1.810501e+01,1.809069e+01,1.810501e+01,1.811216e+01,1.811932e+01,1.813362e+01,1.804059e+01,1.816938e+01,1.813362e+01,1.806922e+01,1.807638e+01,1.809069e+01,1.806207e+01,1.807638e+01,1.809069e+01,1.841934e+01,1.819083e+01,1.833372e+01,1.831230e+01,1.833372e+01,1.848352e+01,1.847639e+01,1.866867e+01,1.865444e+01,1.881797e+01,1.884638e+01,1.900251e+01,1.906630e+01,1.905922e+01,1.910881e+01,1.934229e+01,1.937055e+01,1.955407e+01,1.955407e+01,1.959637e+01,1.983574e+01,1.991306e+01,1.992009e+01,2.022876e+01,2.031978e+01,2.043868e+01,2.049458e+01,2.067605e+01,2.069697e+01,2.077363e+01,2.080846e+01,2.079453e+01,2.077363e+01,2.080150e+01,2.072486e+01,2.077363e+01,2.079453e+01,2.073879e+01,2.079453e+01,2.075970e+01,2.083632e+01,2.081543e+01,2.074576e+01,2.074576e+01,2.078757e+01,2.072486e+01,2.072486e+01,2.084328e+01,2.080150e+01,2.070394e+01,2.072486e+01,2.063420e+01,2.064118e+01,2.064816e+01,2.064816e+01,2.077363e+01,2.066211e+01,2.071789e+01,2.070394e+01,2.064816e+01,2.050157e+01,2.048061e+01,2.038274e+01,2.031278e+01,2.027778e+01,2.006753e+01,2.001841e+01,2.013065e+01,1.999033e+01,1.987792e+01,1.977947e+01,1.982168e+01,1.953291e+01,1.968092e+01,1.953291e+01,1.958227e+01,1.947647e+01,1.946941e+01,1.934936e+01,1.955407e+01,1.956112e+01,1.951175e+01,1.967388e+01,1.958227e+01,1.963161e+01,1.974428e+01,1.973021e+01,1.976540e+01,1.966683e+01,1.977243e+01,1.980761e+01,2.008156e+01,1.984980e+01,1.993414e+01,2.006753e+01,2.011663e+01,2.005350e+01,1.990604e+01,2.010260e+01,2.006753e+01,2.006753e+01,1.988495e+01,1.996224e+01,1.980058e+01,1.979354e+01,1.970909e+01,1.979354e+01,1.991306e+01,1.977243e+01,1.980761e+01,1.978650e+01,1.974428e+01,1.979354e+01,1.970909e+01,1.979354e+01,1.975836e+01,1.979354e+01,1.977243e+01,1.975836e+01,1.971613e+01,1.968796e+01,1.961047e+01,1.958932e+01,1.953996e+01,1.955407e+01,1.945529e+01,1.942705e+01,1.937055e+01,1.938468e+01,1.927867e+01,1.934936e+01,1.924331e+01,1.921501e+01,1.920793e+01,1.919378e+01,1.915130e+01,1.911590e+01,1.906630e+01,1.909464e+01,1.883928e+01,1.893867e+01,1.905213e+01,1.889609e+01,1.895286e+01,1.905213e+01,1.910173e+01,1.905213e+01,1.901669e+01,1.898832e+01,1.898832e+01,1.895286e+01,1.905922e+01,1.894576e+01,1.900251e+01,1.898123e+01,1.899541e+01,1.905213e+01,1.905922e+01,1.901669e+01,1.899541e+01,1.903087e+01,1.910881e+01,1.913006e+01,1.916546e+01,1.919378e+01,1.953291e+01,1.957522e+01,1.958932e+01,1.965274e+01,2.003946e+01,2.022876e+01,2.028478e+01,2.032678e+01,2.027078e+01,2.035476e+01,2.013766e+01,2.014467e+01,2.008156e+01,1.998330e+01,1.976540e+01,1.948352e+01,1.946235e+01,1.913006e+01,1.898123e+01,1.898123e+01,1.900960e+01,1.891738e+01,1.890318e+01,1.876823e+01,1.871847e+01,1.864733e+01,1.872558e+01,1.861174e+01,1.861886e+01,1.869002e+01,1.866867e+01,1.876112e+01,1.888189e+01,1.893157e+01,1.914422e+01,1.921501e+01,1.935642e+01,1.963865e+01,1.992009e+01,1.999735e+01,2.010961e+01,2.029878e+01,2.041770e+01,2.083632e+01,2.079453e+01,2.089200e+01,2.082935e+01,2.079453e+01,2.084328e+01,2.079453e+01,2.082239e+01,2.087112e+01,2.078757e+01,2.073879e+01,2.072486e+01,2.075970e+01,2.072486e+01,2.070394e+01,2.073182e+01,2.074576e+01,2.073182e+01,2.071789e+01,2.075273e+01,2.072486e+01,2.071091e+01,2.068303e+01,2.063420e+01,2.043169e+01,1.996224e+01,1.886769e+01,1.853340e+01,1.857614e+01,1.845500e+01,1.848352e+01,1.818369e+01,1.813362e+01,1.823372e+01,1.812647e+01,1.805490e+01,1.802627e+01,1.787577e+01,1.811932e+01,1.822657e+01,1.863309e+01,1.883928e+01,1.934936e+01,1.982871e+01,2.034077e+01,2.032678e+01,2.029178e+01,2.037575e+01,2.039673e+01,2.039673e+01,2.059932e+01,2.050855e+01,2.077363e+01,2.069000e+01,2.067605e+01,2.073879e+01,2.071091e+01,2.069697e+01,2.080846e+01,2.079453e+01,2.072486e+01,2.073182e+01,2.072486e+01,2.057140e+01,2.043169e+01,2.013065e+01,1.996926e+01,1.990604e+01,1.956817e+01,1.939174e+01,1.927867e+01,1.917254e+01,1.893867e+01,1.893157e+01,1.891028e+01,1.886769e+01,1.885349e+01,1.886059e+01,1.886059e+01,1.888899e+01,1.903087e+01,1.895995e+01,1.917962e+01,1.903087e+01,1.915838e+01,1.916546e+01,1.913006e+01,1.922916e+01,1.914422e+01,1.895286e+01,1.889609e+01,1.899541e+01,1.897414e+01,1.866156e+01,1.876823e+01,1.882508e+01,1.877534e+01,1.866867e+01,1.873980e+01,1.855477e+01,1.854053e+01,1.871847e+01,1.866156e+01,1.855477e+01,1.854765e+01,1.862598e+01,1.861174e+01,1.873269e+01,1.866867e+01,1.872558e+01,1.878245e+01,1.854053e+01,1.864021e+01,1.860462e+01,1.852628e+01,1.853340e+01,1.863309e+01,1.856902e+01,1.866867e+01,1.870424e+01,1.864021e+01,1.884638e+01,1.869713e+01,1.888899e+01,1.884638e+01,1.898123e+01,1.878955e+01,1.901669e+01,1.911590e+01,1.915838e+01,1.916546e+01,1.922916e+01,1.936349e+01,1.959637e+01,1.969500e+01,1.980761e+01,2.012364e+01,2.012364e+01,2.049458e+01,2.059932e+01,2.067605e+01,2.073879e+01,2.065513e+01,2.062025e+01,2.055045e+01,2.023577e+01,2.001841e+01,1.989198e+01,1.963161e+01,1.953291e+01,1.968092e+01,1.939881e+01,1.944823e+01,1.940587e+01,1.934229e+01,1.926452e+01,1.932109e+01,1.954701e+01,1.950469e+01,1.941999e+01,1.946235e+01,1.956112e+01,1.989901e+01,1.945529e+01,1.944823e+01,1.946941e+01,1.960342e+01,1.948352e+01,1.941999e+01,1.937762e+01,1.942705e+01,1.934229e+01,1.935642e+01,1.941999e+01,1.944118e+01,1.939174e+01,1.945529e+01,1.978650e+01,1.963161e+01,1.966683e+01,2.003946e+01,1.999033e+01,2.006051e+01,1.999735e+01,2.024277e+01,2.023577e+01,2.047362e+01,2.052252e+01,2.063420e+01,2.075970e+01,2.080150e+01,2.085720e+01,2.089896e+01,2.082935e+01,2.091983e+01,2.094765e+01,2.089200e+01,2.088504e+01,2.089896e+01,2.091983e+01,2.103107e+01,2.089200e+01,2.087808e+01,2.091287e+01,2.089200e+01,2.085024e+01,2.091287e+01,2.094765e+01,2.093374e+01,2.094765e+01,2.101023e+01,2.089896e+01,2.091287e+01,2.094070e+01,2.109360e+01,2.102413e+01,2.090592e+01,2.089200e+01,2.094765e+01,2.089200e+01,2.083632e+01,2.098242e+01,2.099632e+01,2.081543e+01,2.094765e+01,2.090592e+01,2.094070e+01,2.092679e+01,2.086416e+01,2.090592e+01,2.096852e+01,2.078060e+01,2.094070e+01,2.096156e+01,2.079453e+01,2.094765e+01,2.095461e+01,2.086416e+01,2.092679e+01,2.102413e+01,2.095461e+01,2.098937e+01,2.105192e+01,2.090592e+01,2.084328e+01,2.096156e+01,2.090592e+01,2.087808e+01,2.102413e+01,2.114914e+01,2.103107e+01,2.115608e+01,2.118384e+01,2.119078e+01,2.118384e+01,2.123240e+01,2.099632e+01,2.110748e+01,2.111443e+01,2.098937e+01,2.094765e+01,2.087808e+01,2.070394e+01,2.071789e+01,2.070394e+01,2.070394e+01,2.078060e+01,2.081543e+01,2.064118e+01,2.049458e+01,2.052252e+01,2.048061e+01,2.050855e+01,2.054347e+01
2.086416e+01,2.066211e+01,2.063420e+01,2.082935e+01,2.067605e+01,2.070394e+01,2.072486e+01,2.070394e+01,2.080150e+01,2.075273e+01,2.070394e+01,2.075970e+01,2.064118e+01,2.062025e+01,2.048759e+01,2.062723e+01,2.022876e+01,2.049458e+01,2.048759e+01,2.010961e+01,2.031278e+01,2.026378e+01,2.019373e+01,1.996926e+01,2.013766e+01,1.985683e+01,1.980058e+01,1.980761e+01,1.992711e+01,1.981464e+01,1.978650e+01,1.973725e+01,1.957522e+01,1.947647e+01,1.955407e+01,1.955407e+01,1.950469e+01,1.940587e+01,1.953996e+01,1.944118e+01,1.944118e+01,1.950469e+01,1.949058e+01,1.939174e+01,1.937055e+01,1.949764e+01,1.926452e+01,1.951175e+01,1.938468e+01,1.943411e+01,1.936349e+01,1.937055e+01,1.929281e+01,1.925038e+01,1.923623e+01,1.932815e+01,1.914422e+01,1.928574e+01,1.937762e+01,1.932109e+01,1.947647e+01,1.962456e+01,1.984980e+01,1.994117e+01,2.006753e+01,2.021475e+01,2.020774e+01,2.062723e+01,2.082239e+01,2.082935e+01,2.094070e+01,2.078757e+01,2.092679e+01,2.084328e+01,2.078757e+01,2.076667e+01,2.069697e+01,2.078757e+01,2.075273e+01,2.082935e+01,2.080150e+01,2.078060e+01,2.082935e+01,2.083632e+01,2.071789e+01,2.081543e+01,2.078757e+01,2.089200e+01,2.101023e+01,2.088504e+01,2.080846e+01,2.082239e+01,2.080150e+01,2.075273e+01,2.071091e+01,2.088504e+01,2.076667e+01,2.078060e+01,2.082239e+01,2.080846e+01,2.075273e+01,2.082239e+01,2.085720e+01,2.082935e+01,2.084328e+01,2.082935e+01,2.082239e+01,2.066908e+01,2.082935e+01,2.082239e+01,2.090592e+01,2.084328e+01,2.079453e+01,2.079453e+01,2.080150e+01,2.071091e+01,2.076667e+01,2.075273e+01,2.073182e+01,2.074576e+01,2.057838e+01,2.067605e+01,2.065513e+01,2.061327e+01,2.035476e+01,2.006753e+01,1.984277e+01,1.984277e+01,1.925745e+01,1.903795e+01,1.886769e+01,1.888899e+01,1.858326e+01,1.851915e+01,1.859038e+01,1.844787e+01,1.823372e+01,1.816223e+01,1.805490e+01,1.807638e+01,1.819083e+01,1.807638e+01,1.805490e+01,1.806922e+01,1.806922e+01,1.801910e+01,1.812647e+01,1.812647e+01,1.810501e+01,1.814793e+01,1.814793e+01,1.809069e+01,1.805490e+01,1.811932e+01,1.810501e+01,1.824087e+01,1.808354e+01,1.817653e+01,1.830515e+01,1.841934e+01,1.835513e+01,1.840508e+01,1.839081e+01,1.851203e+01,1.852628e+01,1.866867e+01,1.871847e+01,1.874691e+01,1.888189e+01,1.915130e+01,1.902378e+01,1.913006e+01,1.925745e+01,1.920085e+01,1.955407e+01,1.963865e+01,1.961751e+01,1.982168e+01,1.980761e+01,1.995521e+01,2.015869e+01,2.022876e+01,2.033377e+01,2.057140e+01,2.050855e+01,2.086416e+01,2.075273e+01,2.072486e+01,2.077363e+01,2.086416e+01,2.080846e+01,2.073182e+01,2.057140e+01,2.073182e+01,2.079453e+01,2.083632e+01,2.076667e+01,2.080846e+01,2.083632e+01,2.078060e+01,2.082935e+01,2.076667e+01,2.071091e+01,2.072486e+01,2.070394e+01,2.082935e+01,2.077363e+01,2.066211e+01,2.066908e+01,2.071091e+01,2.072486e+01,2.067605e+01,2.079453e+01,2.065513e+01,2.075970e+01,2.066908e+01,2.062025e+01,2.064816e+01,2.047362e+01,2.058536e+01,2.049458e+01,2.045266e+01,2.027078e+01,2.020074e+01,2.004648e+01,2.008857e+01,2.017972e+01,1.986386e+01,1.982871e+01,1.980761e+01,1.970909e+01,1.958227e+01,1.960342e+01,1.945529e+01,1.927160e+01,1.949058e+01,1.953996e+01,1.947647e+01,1.953996e+01,1.961047e+01,1.964570e+01,1.938468e+01,1.976540e+01,1.963161e+01,1.970909e+01,1.968796e+01,1.974428e+01,1.975836e+01,1.995521e+01,1.984980e+01,2.001841e+01,2.002542e+01,2.010961e+01,1.995521e+01,1.989901e+01,1.984277e+01,2.003244e+01,1.983574e+01,1.997628e+01,1.983574e+01,2.000437e+01,1.982168e+01,1.968796e+01,1.971613e+01,1.996926e+01,1.975836e+01,1.980058e+01,1.973725e+01,1.981464e+01,1.971613e+01,1.967388e+01,1.973725e+01,1.981464e+01,1.965274e+01,1.964570e+01,1.969500e+01,1.968796e+01,1.962456e+01,1.969500e+01,1.956112e+01,1.955407e+01,1.959637e+01,1.955407e+01,1.954701e+01,1.951175e+01,1.937055e+01,1.937762e+01,1.939174e+01,1.925038e+01,1.918670e+01,1.917962e+01,1.916546e+01,1.914422e+01,1.911590e+01,1.907339e+01,1.907339e+01,1.898123e+01,1.905922e+01,1.905213e+01,1.895286e+01,1.891028e+01,1.894576e+01,1.891028e+01,1.894576e+01,1.879666e+01,1.898123e+01,1.891028e+01,1.883218e+01,1.886769e+01,1.910173e+01,1.891738e+01,1.882508e+01,1.903795e+01,1.901669e+01,1.899541e+01,1.899541e+01,1.905213e+01,1.903795e+01,1.910881e+01,1.904504e+01,1.913006e+01,1.917962e+01,1.934229e+01,1.957522e+01,1.966683e+01,1.977947e+01,2.000437e+01,2.017972e+01,2.034077e+01,2.023577e+01,2.031278e+01,2.029878e+01,2.036875e+01,2.037575e+01,2.039673e+01,2.012364e+01,1.999033e+01,1.991306e+01,1.970909e+01,1.953996e+01,1.947647e+01,1.922208e+01,1.908047e+01,1.895286e+01,1.881087e+01,1.885349e+01,1.890318e+01,1.870424e+01,1.871135e+01,1.878245e+01,1.871847e+01,1.878245e+01,1.878955e+01,1.872558e+01,1.860462e+01,1.873269e+01,1.899541e+01,1.919378e+01,1.917254e+01,1.939174e+01,1.939174e+01,1.965979e+01,1.989198e+01,2.001139e+01,2.027778e+01,2.039673e+01,2.057140e+01,2.064816e+01,2.071091e+01,2.089896e+01,2.078060e+01,2.078757e+01,2.087112e+01,2.084328e+01,2.082239e+01,2.063420e+01,2.078757e+01,2.071091e+01,2.080846e+01,2.080150e+01,2.073879e+01,2.075970e+01,2.074576e+01,2.076667e+01,2.075273e+01,2.077363e+01,2.074576e+01,2.074576e+01,2.074576e+01,2.062723e+01,2.019373e+01,1.930695e+01,1.871847e+01,1.871847e+01,1.850490e+01,1.846926e+01,1.846926e+01,1.824801e+01,1.819083e+01,1.824087e+01,1.783990e+01,1.800478e+01,1.771786e+01,1.775377e+01,1.771067e+01,1.792596e+01,1.823372e+01,1.861886e+01,1.908756e+01,1.941999e+01,1.976540e+01,2.006051e+01,2.016570e+01,2.001139e+01,1.996224e+01,1.999735e+01,2.011663e+01,2.014467e+01,2.041071e+01,2.042470e+01,2.071091e+01,2.073879e+01,2.066211e+01,2.066908e+01,2.044567e+01,2.038974e+01,2.036875e+01,2.036875e+01,2.036176e+01,2.022176e+01,2.003244e+01,2.012364e+01,1.977243e+01,1.974428e+01,1.955407e+01,1.966683e+01,1.936349e+01,1.938468e+01,1.921501e+01,1.921501e+01,1.919378e+01,1.920085e+01,1.921501e+01,1.920085e+01,1.933522e+01,1.928574e+01,1.920793e+01,1.928574e+01,1.954701e+01,1.917962e+01,1.933522e+01,1.930695e+01,1.934936e+01,1.931402e+01,1.925038e+01,1.937762e+01,1.927160e+01,1.929281e+01,1.918670e+01,1.917254e+01,1.900251e+01,1.905922e+01,1.903795e+01,1.886769e+01,1.899541e+01,1.915838e+01,1.893157e+01,1.908756e+01,1.898123e+01,1.901669e+01,1.898123e+01,1.895286e+01,1.891738e+01,1.887479e+01,1.912298e+01,1.881087e+01,1.881087e+01,1.869713e+01,1.867579e+01,1.860462e+01,1.851203e+01,1.860462e+01,1.874691e+01,1.864733e+01,1.869002e+01,1.868290e+01,1.878955e+01,1.866867e+01,1.868290e+01,1.879666e+01,1.888189e+01,1.881087e+01,1.891028e+01,1.910881e+01,1.907339e+01,1.911590e+01,1.911590e+01,1.939881e+01,1.941999e+01,1.949058e+01,1.947647e+01,1.982168e+01,2.027078e+01,2.025677e+01,2.041071e+01,2.053649e+01,2.058536e+01,2.053649e+01,2.072486e+01,2.068303e+01,2.053649e+01,2.018673e+01,2.002542e+01,1.975132e+01,1.973021e+01,1.973021e+01,1.953996e+01,1.949764e+01,1.953996e+01,1.953996e+01,1.939174e+01,1.940587e+01,1.971613e+01,1.963865e+01,1.975132e+01,1.978650e+01,1.982871e+01,1.984277e+01,1.968796e+01,1.968092e+01,1.987090e+01,1.961047e+01,1.957522e+01,1.963161e+01,1.953996e+01,1.951175e+01,1.929988e+01,1.927867e+01,1.932815e+01,1.932815e+01,1.939174e+01,1.937055e+01,1.943411e+01,1.949764e+01,1.944823e+01,1.954701e+01,1.961047e+01,1.971613e+01,1.962456e+01,1.984980e+01,1.995521e+01,2.024277e+01,2.015168e+01,2.022876e+01,2.046663e+01,2.059932e+01,2.075273e+01,2.067605e+01,2.088504e+01,2.084328e+01,2.091287e+01,2.096156e+01,2.094765e+01,2.090592e+01,2.091287e+01,2.088504e+01,2.102413e+01,2.091287e+01,2.086416e+01,2.103802e+01,2.093374e+01,2.089896e+01,2.092679e+01,2.094765e+01,2.091287e+01,2.096156e+01,2.103802e+01,2.093374e+01,2.087808e+01,2.093374e+01,2.085720e+01,2.093374e+01,2.088504e+01,2.098242e+01,2.089896e+01,2.088504e+01,2.098242e+01,2.087112e+01,2.098242e+01,2.098242e+01,2.091287e+01,2.098242e+01,2.096156e+01,2.091287e+01,2.094070e+01,2.093374e+01,2.089200e+01,2.096852e+01,2.082239e+01,2.095461e+01,2.102413e+01,2.092679e+01,2.101023e+01,2.098937e+01,2.089896e+01,2.107276e+01,2.103802e+01,2.103802e+01,2.105887e+01,2.095461e+01,2.105887e+01,2.094070e+01,2.104497e+01,2.093374e+01,2.108665e+01,2.110748e+01,2.122546e+01,2.110054e+01,2.116996e+01,2.113526e+01,2.107276e+01,2.123933e+01,2.096156e+01,2.098242e+01,2.099632e+01,2.094070e+01,2.094765e+01,2.090592e+01,2.086416e+01,2.082935e+01,2.085720e+01,2.070394e+01,2.055045e+01,2.064816e+01,2.067605e+01,2.069697e+01,2.057140e+01,2.057140e+01,2.056442e+01,2.061327e+01
2.077363e+01,2.089896e+01,2.075273e+01,2.067605e+01,2.080150e+01,2.082935e+01,2.071091e+01,2.084328e+01,2.076667e+01,2.078060e+01,2.072486e+01,2.069697e+01,2.048759e+01,2.056442e+01,2.048759e+01,2.050157e+01,2.022176e+01,2.027078e+01,2.025677e+01,2.022876e+01,2.029178e+01,2.015869e+01,2.029178e+01,1.996224e+01,1.987090e+01,1.997628e+01,1.985683e+01,1.982168e+01,1.975132e+01,1.968796e+01,1.978650e+01,1.966683e+01,1.967388e+01,1.949058e+01,1.942705e+01,1.950469e+01,1.931402e+01,1.941293e+01,1.946941e+01,1.944118e+01,1.944823e+01,1.951175e+01,1.936349e+01,1.934936e+01,1.936349e+01,1.937762e+01,1.918670e+01,1.936349e+01,1.937762e+01,1.932815e+01,1.934229e+01,1.925038e+01,1.923623e+01,1.920085e+01,1.909464e+01,1.925745e+01,1.910881e+01,1.912298e+01,1.915130e+01,1.929281e+01,1.921501e+01,1.942705e+01,1.940587e+01,1.985683e+01,1.976540e+01,1.989901e+01,2.012364e+01,2.031278e+01,2.052950e+01,2.078060e+01,2.071789e+01,2.074576e+01,2.074576e+01,2.078060e+01,2.087112e+01,2.076667e+01,2.069697e+01,2.071789e+01,2.069697e+01,2.075970e+01,2.057838e+01,2.069000e+01,2.096852e+01,2.085024e+01,2.091287e+01,2.073879e+01,2.079453e+01,2.074576e+01,2.084328e+01,2.081543e+01,2.085024e+01,2.077363e+01,2.087112e+01,2.079453e+01,2.092679e+01,2.075970e+01,2.078757e+01,2.079453e+01,2.094765e+01,2.080846e+01,2.078060e+01,2.085024e+01,2.081543e+01,2.082935e+01,2.084328e+01,2.082239e+01,2.082239e+01,2.077363e+01,2.087112e+01,2.089896e+01,2.085720e+01,2.069697e+01,2.077363e+01,2.082239e+01,2.077363e+01,2.075970e+01,2.079453e+01,2.076667e+01,2.078757e+01,2.076667e+01,2.078060e+01,2.078060e+01,2.045964e+01,2.057838e+01,2.014467e+01,1.986386e+01,1.982168e+01,1.953996e+01,1.920793e+01,1.919378e+01,1.886769e+01,1.861174e+01,1.848352e+01,1.842648e+01,1.827659e+01,1.826230e+01,1.830515e+01,1.821228e+01,1.817653e+01,1.811932e+01,1.814793e+01,1.807638e+01,1.809785e+01,1.816938e+01,1.795463e+01,1.809785e+01,1.804059e+01,1.814078e+01,1.810501e+01,1.811932e+01,1.799762e+01,1.801910e+01,1.806207e+01,1.810501e+01,1.802627e+01,1.828373e+01,1.810501e+01,1.806207e+01,1.830515e+01,1.831944e+01,1.834799e+01,1.841934e+01,1.843361e+01,1.854053e+01,1.859750e+01,1.854053e+01,1.883928e+01,1.889609e+01,1.886059e+01,1.890318e+01,1.898832e+01,1.922916e+01,1.921501e+01,1.920085e+01,1.956817e+01,1.952586e+01,1.953996e+01,1.970909e+01,1.976540e+01,1.996224e+01,2.000437e+01,2.020774e+01,2.023577e+01,2.052252e+01,2.064118e+01,2.091287e+01,2.072486e+01,2.079453e+01,2.075273e+01,2.075970e+01,2.075273e+01,2.079453e+01,2.075970e+01,2.071789e+01,2.075970e+01,2.073879e+01,2.080846e+01,2.082239e+01,2.083632e+01,2.081543e+01,2.082935e+01,2.084328e+01,2.071091e+01,2.085024e+01,2.069000e+01,2.073182e+01,2.067605e+01,2.073879e+01,2.074576e+01,2.072486e+01,2.074576e+01,2.077363e+01,2.078060e+01,2.069000e+01,2.069000e+01,2.071789e+01,2.066908e+01,2.055743e+01,2.046663e+01,2.045964e+01,2.040372e+01,2.030578e+01,2.015869e+01,2.020774e+01,2.003244e+01,1.992009e+01,1.998330e+01,1.985683e+01,1.982871e+01,1.971613e+01,1.975836e+01,1.946235e+01,1.961047e+01,1.961047e+01,1.953291e+01,1.954701e+01,1.946941e+01,1.937762e+01,1.948352e+01,1.949058e+01,1.961751e+01,1.949058e+01,1.962456e+01,1.961751e+01,1.966683e+01,1.968796e+01,1.968796e+01,1.975132e+01,1.975836e+01,1.976540e+01,1.981464e+01,1.987792e+01,1.997628e+01,1.989198e+01,2.017271e+01,1.976540e+01,1.980058e+01,1.978650e+01,1.965979e+01,1.965979e+01,1.979354e+01,1.967388e+01,1.965274e+01,1.966683e+01,1.967388e+01,1.963161e+01,1.967388e+01,1.958227e+01,1.976540e+01,1.968796e+01,1.970205e+01,1.965979e+01,1.967388e+01,1.970205e+01,1.970205e+01,1.960342e+01,1.957522e+01,1.959637e+01,1.961751e+01,1.960342e+01,1.955407e+01,1.960342e+01,1.939174e+01,1.941999e+01,1.946235e+01,1.950469e+01,1.934936e+01,1.934229e+01,1.930695e+01,1.917962e+01,1.920793e+01,1.910881e+01,1.924331e+01,1.910173e+01,1.900251e+01,1.898832e+01,1.901669e+01,1.893157e+01,1.893867e+01,1.891028e+01,1.887479e+01,1.888189e+01,1.881797e+01,1.903795e+01,1.878955e+01,1.883218e+01,1.883928e+01,1.894576e+01,1.885349e+01,1.888189e+01,1.890318e+01,1.882508e+01,1.899541e+01,1.896704e+01,1.901669e+01,1.899541e+01,1.907339e+01,1.903795e+01,1.900251e+01,1.906630e+01,1.913714e+01,1.932109e+01,1.938468e+01,1.972317e+01,1.980761e+01,1.978650e+01,1.994117e+01,1.997628e+01,2.027778e+01,2.028478e+01,2.055045e+01,2.067605e+01,2.061327e+01,2.041071e+01,2.042470e+01,2.025677e+01,2.015869e+01,2.010961e+01,1.989901e+01,1.970205e+01,1.937055e+01,1.921501e+01,1.922208e+01,1.898123e+01,1.890318e+01,1.889609e+01,1.872558e+01,1.888189e+01,1.873980e+01,1.886059e+01,1.873269e+01,1.876112e+01,1.869713e+01,1.873269e+01,1.864021e+01,1.878245e+01,1.882508e+01,1.890318e+01,1.917962e+01,1.934936e+01,1.937762e+01,1.961751e+01,1.976540e+01,1.984277e+01,2.013766e+01,2.040372e+01,2.044567e+01,2.058536e+01,2.058536e+01,2.089200e+01,2.080846e+01,2.080150e+01,2.088504e+01,2.081543e+01,2.082239e+01,2.085720e+01,2.082239e+01,2.079453e+01,2.074576e+01,2.084328e+01,2.078060e+01,2.072486e+01,2.074576e+01,2.073182e+01,2.075970e+01,2.079453e+01,2.070394e+01,2.068303e+01,2.060629e+01,2.007454e+01,1.929988e+01,1.865444e+01,1.846926e+01,1.829801e+01,1.825516e+01,1.824801e+01,1.825516e+01,1.811932e+01,1.806922e+01,1.803343e+01,1.799762e+01,1.766037e+01,1.771786e+01,1.769630e+01,1.764599e+01,1.765318e+01,1.791879e+01,1.834799e+01,1.891028e+01,1.941293e+01,1.983574e+01,1.996926e+01,2.012364e+01,2.005350e+01,1.989901e+01,1.977243e+01,1.975132e+01,1.954701e+01,1.958227e+01,2.000437e+01,2.006051e+01,2.015869e+01,1.998330e+01,1.987090e+01,1.984980e+01,1.980058e+01,1.980761e+01,1.980058e+01,1.965979e+01,1.984277e+01,1.975836e+01,1.970205e+01,1.968796e+01,1.965979e+01,1.965274e+01,1.946235e+01,1.944823e+01,1.936349e+01,1.937055e+01,1.938468e+01,1.941999e+01,1.949764e+01,1.955407e+01,1.956817e+01,1.954701e+01,1.963161e+01,1.954701e+01,1.963865e+01,1.953996e+01,1.954701e+01,1.967388e+01,1.962456e+01,1.970205e+01,1.970205e+01,1.958932e+01,1.952586e+01,1.961751e+01,1.951175e+01,1.961047e+01,1.932815e+01,1.935642e+01,1.932815e+01,1.928574e+01,1.944118e+01,1.920085e+01,1.914422e+01,1.935642e+01,1.936349e+01,1.932815e+01,1.934936e+01,1.926452e+01,1.927160e+01,1.925745e+01,1.926452e+01,1.926452e+01,1.930695e+01,1.929988e+01,1.898832e+01,1.893867e+01,1.888189e+01,1.884638e+01,1.874691e+01,1.876823e+01,1.861886e+01,1.868290e+01,1.887479e+01,1.868290e+01,1.866867e+01,1.869002e+01,1.895286e+01,1.887479e+01,1.886769e+01,1.883928e+01,1.908047e+01,1.911590e+01,1.912298e+01,1.910173e+01,1.936349e+01,1.934229e+01,1.952586e+01,1.977243e+01,1.984980e+01,2.010961e+01,2.021475e+01,2.056442e+01,2.069697e+01,2.072486e+01,2.073182e+01,2.073879e+01,2.064816e+01,2.035476e+01,2.027078e+01,2.000437e+01,1.999735e+01,1.977947e+01,1.965274e+01,1.950469e+01,1.953996e+01,1.947647e+01,1.960342e+01,1.946235e+01,1.972317e+01,1.955407e+01,1.973021e+01,1.969500e+01,1.982168e+01,1.987792e+01,1.982168e+01,1.987090e+01,1.980058e+01,1.987090e+01,1.987090e+01,1.967388e+01,1.953996e+01,1.960342e+01,1.956112e+01,1.953291e+01,1.936349e+01,1.944118e+01,1.931402e+01,1.930695e+01,1.939174e+01,1.925038e+01,1.930695e+01,1.927160e+01,1.934229e+01,1.948352e+01,1.963161e+01,1.963865e+01,1.983574e+01,1.983574e+01,1.977243e+01,1.981464e+01,2.007454e+01,2.013766e+01,2.032678e+01,2.043868e+01,2.043169e+01,2.065513e+01,2.088504e+01,2.091287e+01,2.089896e+01,2.083632e+01,2.089896e+01,2.103107e+01,2.087808e+01,2.088504e+01,2.089896e+01,2.088504e+01,2.087112e+01,2.086416e+01,2.105192e+01,2.091983e+01,2.092679e+01,2.097547e+01,2.098242e+01,2.089896e+01,2.092679e+01,2.087808e+01,2.085720e+01,2.085024e+01,2.091287e+01,2.099632e+01,2.084328e+01,2.098937e+01,2.089200e+01,2.091287e+01,2.085024e+01,2.100327e+01,2.105887e+01,2.097547e+01,2.090592e+01,2.103107e+01,2.086416e+01,2.082239e+01,2.092679e+01,2.093374e+01,2.094765e+01,2.092679e+01,2.095461e+01,2.114220e+01,2.090592e+01,2.110748e+01,2.086416e+01,2.080846e+01,2.103107e+01,2.102413e+01,2.096156e+01,2.087112e+01,2.096852e+01,2.095461e+01,2.103107e+01,2.089200e+01,2.116302e+01,2.107276e+01,2.110054e+01,2.107276e+01,2.112137e+01,2.116302e+01,2.108665e+01,2.107276e+01,2.098937e+01,2.096156e+01,2.102413e+01,2.109360e+01,2.100327e+01,2.096156e+01,2.094765e+01,2.097547e+01,2.096156e+01,2.074576e+01,2.085024e+01,2.091287e+01,2.060629e+01,2.069697e+01,2.060629e+01,2.082239e+01,2.081543e+01,2.055743e+01,2.064118e+01
2.077363e+01,2.070394e+01,2.080150e+01,2.077363e+01,2.082239e+01,2.080150e+01,2.072486e+01,2.071789e+01,2.069697e+01,2.072486e+01,2.069000e+01,2.072486e+01,2.053649e+01,2.046663e+01,2.045266e+01,2.037575e+01,2.036176e+01,2.025677e+01,2.034077e+01,2.012364e+01,2.005350e+01,1.999033e+01,2.007454e+01,1.999033e+01,1.985683e+01,1.984980e+01,1.989901e+01,1.973021e+01,1.988495e+01,1.952586e+01,1.967388e+01,1.965274e+01,1.945529e+01,1.944823e+01,1.936349e+01,1.944118e+01,1.943411e+01,1.939174e+01,1.934936e+01,1.941999e+01,1.949058e+01,1.934936e+01,1.934229e+01,1.929988e+01,1.927867e+01,1.939174e+01,1.934936e+01,1.934229e+01,1.929988e+01,1.910881e+01,1.914422e+01,1.910881e+01,1.922208e+01,1.905213e+01,1.903087e+01,1.898832e+01,1.908047e+01,1.904504e+01,1.910881e+01,1.914422e+01,1.931402e+01,1.923623e+01,1.943411e+01,1.943411e+01,1.979354e+01,1.994117e+01,2.003946e+01,2.031278e+01,2.029178e+01,2.069697e+01,2.074576e+01,2.073182e+01,2.088504e+01,2.089200e+01,2.084328e+01,2.069000e+01,2.073182e+01,2.085024e+01,2.090592e+01,2.101023e+01,2.085720e+01,2.052950e+01,2.097547e+01,2.071091e+01,2.080150e+01,2.078060e+01,2.081543e+01,2.060629e+01,2.089200e+01,2.069000e+01,2.095461e+01,2.103802e+01,2.088504e+01,2.078060e+01,2.077363e+01,2.075970e+01,2.076667e+01,2.073879e+01,2.076667e+01,2.070394e+01,2.080150e+01,2.087112e+01,2.082935e+01,2.080846e+01,2.080150e+01,2.081543e+01,2.084328e+01,2.080150e+01,2.082239e+01,2.068303e+01,2.083632e+01,2.088504e+01,2.085024e+01,2.079453e+01,2.079453e+01,2.075273e+01,2.071789e+01,2.073879e+01,2.075273e+01,2.075970e+01,2.073182e+01,2.061327e+01,2.066211e+01,2.015168e+01,2.010961e+01,1.980058e+01,1.955407e+01,1.927160e+01,1.897414e+01,1.882508e+01,1.864733e+01,1.857614e+01,1.839081e+01,1.827659e+01,1.843361e+01,1.818369e+01,1.831944e+01,1.814793e+01,1.811932e+01,1.809785e+01,1.804775e+01,1.817653e+01,1.802627e+01,1.806922e+01,1.809785e+01,1.802627e+01,1.805490e+01,1.819083e+01,1.811932e+01,1.815508e+01,1.824087e+01,1.816223e+01,1.801194e+01,1.804059e+01,1.829087e+01,1.831944e+01,1.831944e+01,1.811932e+01,1.830515e+01,1.843361e+01,1.841934e+01,1.852628e+01,1.839794e+01,1.856190e+01,1.864733e+01,1.880376e+01,1.886769e+01,1.887479e+01,1.895995e+01,1.890318e+01,1.904504e+01,1.913006e+01,1.924331e+01,1.929281e+01,1.941999e+01,1.953291e+01,1.956112e+01,1.958227e+01,1.959637e+01,1.989198e+01,1.996224e+01,2.005350e+01,2.020074e+01,2.038274e+01,2.057838e+01,2.053649e+01,2.064118e+01,2.069697e+01,2.079453e+01,2.074576e+01,2.077363e+01,2.078757e+01,2.073879e+01,2.073182e+01,2.074576e+01,2.093374e+01,2.075970e+01,2.073182e+01,2.071789e+01,2.080846e+01,2.078757e+01,2.085024e+01,2.079453e+01,2.090592e+01,2.084328e+01,2.064816e+01,2.069000e+01,2.076667e+01,2.064816e+01,2.074576e+01,2.068303e+01,2.062025e+01,2.090592e+01,2.069697e+01,2.070394e+01,2.075273e+01,2.072486e+01,2.068303e+01,2.045964e+01,2.050157e+01,2.032678e+01,2.026378e+01,2.024977e+01,2.020074e+01,1.995521e+01,1.988495e+01,1.980058e+01,1.988495e+01,1.981464e+01,1.956817e+01,1.957522e+01,1.959637e+01,1.940587e+01,1.944823e+01,1.944823e+01,1.944823e+01,1.944118e+01,1.937762e+01,1.954701e+01,1.945529e+01,1.959637e+01,1.944118e+01,1.963865e+01,1.945529e+01,1.961047e+01,1.965274e+01,1.971613e+01,1.989901e+01,1.970909e+01,1.981464e+01,1.969500e+01,1.982871e+01,1.986386e+01,1.973021e+01,1.961751e+01,1.980761e+01,1.982168e+01,1.968092e+01,1.963865e+01,1.978650e+01,1.980761e+01,1.977243e+01,1.956112e+01,1.969500e+01,1.966683e+01,1.967388e+01,1.961751e+01,1.971613e+01,1.969500e+01,1.965274e+01,1.975836e+01,1.967388e+01,1.965979e+01,1.954701e+01,1.952586e+01,1.961047e+01,1.961047e+01,1.950469e+01,1.961751e+01,1.956112e+01,1.958932e+01,1.957522e+01,1.956112e+01,1.957522e+01,1.956112e+01,1.939881e+01,1.951880e+01,1.949764e+01,1.920793e+01,1.927867e+01,1.941999e+01,1.907339e+01,1.905922e+01,1.906630e+01,1.892448e+01,1.905213e+01,1.901669e+01,1.892448e+01,1.889609e+01,1.886059e+01,1.888899e+01,1.888899e+01,1.878955e+01,1.874691e+01,1.888899e+01,1.883928e+01,1.887479e+01,1.883928e+01,1.886059e+01,1.905213e+01,1.879666e+01,1.880376e+01,1.898123e+01,1.895995e+01,1.897414e+01,1.898832e+01,1.904504e+01,1.915838e+01,1.913006e+01,1.915838e+01,1.927160e+01,1.963161e+01,1.960342e+01,1.980761e+01,1.992711e+01,1.987090e+01,2.003946e+01,2.024277e+01,2.021475e+01,2.040372e+01,2.053649e+01,2.049458e+01,2.058536e+01,2.064118e+01,2.041770e+01,2.041770e+01,2.015869e+01,2.007454e+01,2.009559e+01,1.966683e+01,1.947647e+01,1.949058e+01,1.921501e+01,1.919378e+01,1.899541e+01,1.890318e+01,1.883928e+01,1.884638e+01,1.873980e+01,1.883218e+01,1.869002e+01,1.859750e+01,1.883218e+01,1.866867e+01,1.870424e+01,1.866867e+01,1.885349e+01,1.878955e+01,1.908756e+01,1.898832e+01,1.925038e+01,1.939174e+01,1.967388e+01,1.981464e+01,1.983574e+01,2.019373e+01,2.045964e+01,2.070394e+01,2.073182e+01,2.074576e+01,2.075970e+01,2.078757e+01,2.082239e+01,2.074576e+01,2.074576e+01,2.081543e+01,2.080846e+01,2.078757e+01,2.078060e+01,2.080846e+01,2.081543e+01,2.073879e+01,2.094070e+01,2.073879e+01,2.069000e+01,2.077363e+01,2.064816e+01,2.053649e+01,1.981464e+01,1.931402e+01,1.886769e+01,1.864021e+01,1.824087e+01,1.824087e+01,1.798329e+01,1.786142e+01,1.785425e+01,1.785425e+01,1.770349e+01,1.766756e+01,1.766756e+01,1.763880e+01,1.771786e+01,1.762442e+01,1.766037e+01,1.769630e+01,1.813362e+01,1.847639e+01,1.899541e+01,1.920793e+01,1.984980e+01,2.008857e+01,1.987090e+01,1.996224e+01,1.982168e+01,1.973021e+01,1.957522e+01,1.937055e+01,1.946941e+01,1.946941e+01,1.971613e+01,1.951880e+01,1.945529e+01,1.942705e+01,1.970205e+01,1.939881e+01,1.948352e+01,1.947647e+01,1.952586e+01,1.950469e+01,1.948352e+01,1.948352e+01,1.949764e+01,1.968796e+01,1.946941e+01,1.965274e+01,1.951175e+01,1.964570e+01,1.970909e+01,1.985683e+01,1.968092e+01,1.971613e+01,1.958932e+01,1.963161e+01,1.976540e+01,1.982871e+01,1.992711e+01,1.984980e+01,2.001139e+01,1.991306e+01,1.990604e+01,1.992009e+01,2.015168e+01,1.986386e+01,1.992711e+01,1.993414e+01,1.971613e+01,1.972317e+01,1.986386e+01,1.984980e+01,1.964570e+01,1.970205e+01,1.969500e+01,1.965979e+01,1.951175e+01,1.945529e+01,1.968092e+01,1.967388e+01,1.969500e+01,1.968796e+01,1.964570e+01,1.965274e+01,1.946235e+01,1.964570e+01,1.939174e+01,1.939881e+01,1.944118e+01,1.943411e+01,1.934936e+01,1.915130e+01,1.903087e+01,1.891738e+01,1.903795e+01,1.884638e+01,1.873269e+01,1.881087e+01,1.868290e+01,1.891028e+01,1.876112e+01,1.890318e+01,1.886769e+01,1.910173e+01,1.897414e+01,1.905922e+01,1.911590e+01,1.911590e+01,1.911590e+01,1.937762e+01,1.936349e+01,1.977947e+01,1.984980e+01,1.987090e+01,2.016570e+01,2.025677e+01,2.050855e+01,2.049458e+01,2.076667e+01,2.051554e+01,2.069000e+01,2.043868e+01,2.031978e+01,2.030578e+01,1.994117e+01,1.992009e+01,1.974428e+01,1.972317e+01,1.958932e+01,1.946941e+01,1.963161e+01,1.970205e+01,1.967388e+01,1.987792e+01,1.975836e+01,1.997628e+01,1.992711e+01,1.999735e+01,2.000437e+01,2.002542e+01,2.001841e+01,2.005350e+01,1.987090e+01,1.975132e+01,1.958932e+01,1.963161e+01,1.954701e+01,1.959637e+01,1.945529e+01,1.957522e+01,1.959637e+01,1.934936e+01,1.932109e+01,1.927160e+01,1.929281e+01,1.925745e+01,1.932109e+01,1.932815e+01,1.951175e+01,1.947647e+01,1.951880e+01,1.944823e+01,1.937055e+01,1.963161e+01,1.976540e+01,1.968796e+01,1.991306e+01,1.992711e+01,2.027078e+01,2.015168e+01,2.041071e+01,2.043169e+01,2.069000e+01,2.076667e+01,2.086416e+01,2.085024e+01,2.092679e+01,2.085720e+01,2.089200e+01,2.085024e+01,2.087112e+01,2.093374e+01,2.089896e+01,2.090592e+01,2.103802e+01,2.102413e+01,2.102413e+01,2.096852e+01,2.108665e+01,2.089200e+01,2.094765e+01,2.085024e+01,2.091983e+01,2.089896e+01,2.093374e+01,2.098937e+01,2.092679e+01,2.085720e+01,2.098242e+01,2.090592e+01,2.110748e+01,2.081543e+01,2.094765e+01,2.107276e+01,2.105887e+01,2.082239e+01,2.094765e+01,2.109360e+01,2.094765e+01,2.123933e+01,2.110054e+01,2.088504e+01,2.096156e+01,2.097547e+01,2.097547e+01,2.092679e+01,2.087808e+01,2.102413e+01,2.087112e+01,2.096156e+01,2.102413e+01,2.121159e+01,2.095461e+01,2.117690e+01,2.114914e+01,2.089896e+01,2.115608e+01,2.116996e+01,2.114220e+01,2.106581e+01,2.108665e+01,2.100327e+01,2.103802e+01,2.108665e+01,2.098937e+01,2.094765e+01,2.095461e+01,2.094070e+01,2.097547e+01,2.089200e+01,2.077363e+01,2.076667e+01,2.068303e+01,2.068303e+01,2.080150e+01,2.064816e+01,2.069000e+01,2.066908e+01,2.054347e+01,2.055045e+01,2.057140e+01,2.085024e+01
2.075273e+01,2.078060e+01,2.080846e+01,2.067605e+01,2.078757e+01,2.080846e+01,2.064816e+01,2.075273e+01,2.069697e+01,2.071789e+01,2.065513e+01,2.054347e+01,2.052950e+01,2.048759e+01,2.050157e+01,2.043868e+01,2.027078e+01,2.022876e+01,2.018673e+01,2.005350e+01,2.002542e+01,1.996224e+01,1.987090e+01,1.984277e+01,1.997628e+01,1.988495e+01,1.985683e+01,2.006753e+01,1.987792e+01,1.987090e+01,1.967388e+01,1.963865e+01,1.956112e+01,1.925745e+01,1.939174e+01,1.937762e+01,1.939881e+01,1.946941e+01,1.927867e+01,1.931402e+01,1.927867e+01,1.934936e+01,1.934936e+01,1.924331e+01,1.936349e+01,1.925038e+01,1.921501e+01,1.935642e+01,1.909464e+01,1.916546e+01,1.924331e+01,1.916546e+01,1.904504e+01,1.913006e+01,1.903795e+01,1.888189e+01,1.892448e+01,1.888189e+01,1.886769e+01,1.906630e+01,1.896704e+01,1.925745e+01,1.927867e+01,1.952586e+01,1.955407e+01,1.986386e+01,1.992711e+01,2.024277e+01,2.029178e+01,2.056442e+01,2.065513e+01,2.082239e+01,2.083632e+01,2.085720e+01,2.087112e+01,2.085720e+01,2.070394e+01,2.081543e+01,2.071789e+01,2.069000e+01,2.078757e+01,2.074576e+01,2.078060e+01,2.081543e+01,2.073182e+01,2.079453e+01,2.079453e+01,2.072486e+01,2.084328e+01,2.071789e+01,2.080150e+01,2.101023e+01,2.076667e+01,2.079453e+01,2.075970e+01,2.079453e+01,2.075970e+01,2.074576e+01,2.081543e+01,2.082935e+01,2.080150e+01,2.082239e+01,2.077363e+01,2.081543e+01,2.080846e+01,2.078060e+01,2.077363e+01,2.080150e+01,2.078060e+01,2.075273e+01,2.084328e+01,2.079453e+01,2.081543e+01,2.082935e+01,2.073182e+01,2.080846e+01,2.069000e+01,2.084328e+01,2.086416e+01,2.063420e+01,2.064118e+01,2.061327e+01,2.027778e+01,2.022176e+01,1.976540e+01,1.954701e+01,1.903087e+01,1.900960e+01,1.875401e+01,1.873980e+01,1.834799e+01,1.837654e+01,1.816938e+01,1.821943e+01,1.836940e+01,1.812647e+01,1.822657e+01,1.836227e+01,1.818369e+01,1.814078e+01,1.804775e+01,1.814078e+01,1.809069e+01,1.816223e+01,1.825516e+01,1.816938e+01,1.815508e+01,1.801910e+01,1.820513e+01,1.819083e+01,1.819798e+01,1.819083e+01,1.824087e+01,1.824087e+01,1.833372e+01,1.806207e+01,1.832658e+01,1.831944e+01,1.830515e+01,1.836940e+01,1.845500e+01,1.847639e+01,1.848352e+01,1.847639e+01,1.854053e+01,1.885349e+01,1.871135e+01,1.890318e+01,1.883928e+01,1.900960e+01,1.908047e+01,1.902378e+01,1.927160e+01,1.917962e+01,1.932109e+01,1.934229e+01,1.935642e+01,1.953291e+01,1.963865e+01,1.973725e+01,1.973021e+01,1.975836e+01,1.999033e+01,2.010961e+01,2.040372e+01,2.046663e+01,2.049458e+01,2.048759e+01,2.061327e+01,2.076667e+01,2.074576e+01,2.106581e+01,2.082239e+01,2.078757e+01,2.074576e+01,2.081543e+01,2.078060e+01,2.075273e+01,2.076667e+01,2.078757e+01,2.076667e+01,2.076667e+01,2.079453e+01,2.069000e+01,2.073182e+01,2.087808e+01,2.066211e+01,2.073182e+01,2.065513e+01,2.067605e+01,2.075273e+01,2.068303e+01,2.069697e+01,2.060629e+01,2.073879e+01,2.072486e+01,2.068303e+01,2.064118e+01,2.049458e+01,2.044567e+01,2.062723e+01,2.038974e+01,2.028478e+01,2.015869e+01,2.013766e+01,1.994819e+01,1.986386e+01,1.981464e+01,1.961047e+01,1.970909e+01,1.941999e+01,1.949764e+01,1.944823e+01,1.943411e+01,1.944118e+01,1.946235e+01,1.944118e+01,1.944823e+01,1.940587e+01,1.943411e+01,1.958227e+01,1.949764e+01,1.953996e+01,1.953996e+01,1.951175e+01,1.948352e+01,1.951175e+01,1.956112e+01,1.946941e+01,1.967388e+01,1.967388e+01,1.967388e+01,1.970205e+01,1.958932e+01,1.967388e+01,1.967388e+01,1.970205e+01,1.965274e+01,1.966683e+01,1.961047e+01,1.969500e+01,1.963865e+01,1.953996e+01,1.964570e+01,1.964570e+01,1.949764e+01,1.966683e+01,1.956112e+01,1.963865e+01,1.951175e+01,1.963161e+01,1.948352e+01,1.959637e+01,1.959637e+01,1.958932e+01,1.958227e+01,1.959637e+01,1.953291e+01,1.954701e+01,1.956112e+01,1.955407e+01,1.955407e+01,1.943411e+01,1.946941e+01,1.957522e+01,1.945529e+01,1.930695e+01,1.927867e+01,1.925745e+01,1.915838e+01,1.919378e+01,1.914422e+01,1.907339e+01,1.901669e+01,1.895286e+01,1.898832e+01,1.898123e+01,1.895995e+01,1.890318e+01,1.891028e+01,1.867579e+01,1.882508e+01,1.887479e+01,1.891028e+01,1.886059e+01,1.885349e+01,1.879666e+01,1.883928e+01,1.872558e+01,1.883218e+01,1.893867e+01,1.899541e+01,1.887479e+01,1.894576e+01,1.906630e+01,1.920085e+01,1.919378e+01,1.941293e+01,1.920085e+01,1.953291e+01,1.966683e+01,1.974428e+01,1.979354e+01,1.999033e+01,2.006051e+01,2.008857e+01,2.006753e+01,2.017972e+01,2.045266e+01,2.055743e+01,2.048061e+01,2.064816e+01,2.055743e+01,2.061327e+01,2.055743e+01,2.052252e+01,2.042470e+01,2.017271e+01,2.010260e+01,1.987090e+01,1.980058e+01,1.953291e+01,1.922208e+01,1.921501e+01,1.901669e+01,1.903087e+01,1.890318e+01,1.892448e+01,1.882508e+01,1.880376e+01,1.874691e+01,1.875401e+01,1.876823e+01,1.879666e+01,1.878245e+01,1.873269e+01,1.881797e+01,1.893867e+01,1.890318e+01,1.901669e+01,1.913714e+01,1.940587e+01,1.961751e+01,1.963161e+01,1.993414e+01,2.010961e+01,2.028478e+01,2.060629e+01,2.069000e+01,2.076667e+01,2.077363e+01,2.078060e+01,2.085024e+01,2.077363e+01,2.080150e+01,2.080150e+01,2.082239e+01,2.073879e+01,2.074576e+01,2.085720e+01,2.074576e+01,2.083632e+01,2.080846e+01,2.075273e+01,2.074576e+01,2.078060e+01,2.052950e+01,2.000437e+01,1.930695e+01,1.887479e+01,1.867579e+01,1.844787e+01,1.823372e+01,1.802627e+01,1.802627e+01,1.777531e+01,1.749491e+01,1.749491e+01,1.762442e+01,1.761004e+01,1.766037e+01,1.761004e+01,1.763880e+01,1.764599e+01,1.766037e+01,1.764599e+01,1.822657e+01,1.867579e+01,1.894576e+01,1.944823e+01,1.984980e+01,2.013766e+01,2.009559e+01,2.007454e+01,1.987090e+01,1.972317e+01,1.962456e+01,1.944823e+01,1.948352e+01,1.940587e+01,1.941999e+01,1.937055e+01,1.908047e+01,1.908756e+01,1.909464e+01,1.891028e+01,1.909464e+01,1.902378e+01,1.900251e+01,1.915838e+01,1.920085e+01,1.920085e+01,1.920793e+01,1.941999e+01,1.974428e+01,1.965979e+01,1.994117e+01,1.999735e+01,1.998330e+01,1.996926e+01,1.998330e+01,2.010260e+01,2.007454e+01,2.013766e+01,1.999033e+01,2.003946e+01,2.028478e+01,2.003946e+01,2.013766e+01,2.017271e+01,2.015869e+01,2.015168e+01,2.023577e+01,2.020074e+01,2.022176e+01,2.010260e+01,2.014467e+01,1.999735e+01,2.010961e+01,1.982871e+01,1.996224e+01,2.011663e+01,1.989198e+01,1.983574e+01,1.975836e+01,1.977243e+01,1.974428e+01,1.979354e+01,1.990604e+01,1.989901e+01,1.983574e+01,1.984980e+01,1.964570e+01,1.975836e+01,1.979354e+01,1.963161e+01,1.956112e+01,1.955407e+01,1.946235e+01,1.939881e+01,1.935642e+01,1.908756e+01,1.910881e+01,1.888189e+01,1.893867e+01,1.878955e+01,1.870424e+01,1.900251e+01,1.892448e+01,1.900960e+01,1.890318e+01,1.902378e+01,1.911590e+01,1.905922e+01,1.910881e+01,1.928574e+01,1.913006e+01,1.936349e+01,1.941293e+01,1.951175e+01,1.980058e+01,1.992711e+01,2.015168e+01,2.027778e+01,2.054347e+01,2.050157e+01,2.075970e+01,2.062723e+01,2.067605e+01,2.050157e+01,2.015168e+01,2.002542e+01,2.003244e+01,1.993414e+01,1.975836e+01,1.970909e+01,1.969500e+01,1.967388e+01,1.969500e+01,1.986386e+01,1.995521e+01,1.995521e+01,1.993414e+01,1.997628e+01,1.994819e+01,2.002542e+01,1.993414e+01,2.017271e+01,1.983574e+01,1.982871e+01,1.973021e+01,1.970205e+01,1.982871e+01,1.972317e+01,1.953291e+01,1.940587e+01,1.959637e+01,1.937762e+01,1.934936e+01,1.937055e+01,1.935642e+01,1.932109e+01,1.931402e+01,1.922916e+01,1.926452e+01,1.927867e+01,1.921501e+01,1.929988e+01,1.920085e+01,1.937055e+01,1.917254e+01,1.942705e+01,1.937762e+01,1.943411e+01,1.944823e+01,1.968796e+01,1.979354e+01,2.001841e+01,2.003244e+01,1.993414e+01,2.039673e+01,2.052252e+01,2.041770e+01,2.071091e+01,2.076667e+01,2.084328e+01,2.097547e+01,2.090592e+01,2.096156e+01,2.083632e+01,2.096156e+01,2.099632e+01,2.102413e+01,2.088504e+01,2.096852e+01,2.096156e+01,2.090592e+01,2.096156e+01,2.091287e+01,2.096156e+01,2.094765e+01,2.089200e+01,2.085720e+01,2.100327e+01,2.091287e+01,2.096852e+01,2.094070e+01,2.105192e+01,2.079453e+01,2.101718e+01,2.096852e+01,2.094070e+01,2.094070e+01,2.089896e+01,2.098242e+01,2.115608e+01,2.095461e+01,2.087808e+01,2.096156e+01,2.105192e+01,2.094070e+01,2.095461e+01,2.094070e+01,2.098242e+01,2.103802e+01,2.101718e+01,2.093374e+01,2.095461e+01,2.086416e+01,2.101718e+01,2.094765e+01,2.108665e+01,2.090592e+01,2.105887e+01,2.100327e+01,2.109360e+01,2.116302e+01,2.108665e+01,2.112137e+01,2.104497e+01,2.089896e+01,2.089200e+01,2.091983e+01,2.091287e+01,2.098242e+01,2.096852e+01,2.085720e+01,2.093374e+01,2.094070e+01,2.082935e+01,2.088504e+01,2.087808e+01,2.080846e+01,2.078060e+01,2.029178e+01,2.060629e+01,2.062025e+01,2.066908e+01,2.084328e+01,2.084328e+01
2.080846e+01,2.074576e+01,2.064816e+01,2.074576e+01,2.076667e+01,2.071789e+01,2.069000e+01,2.072486e+01,2.086416e+01,2.091983e+01,2.066908e+01,2.057140e+01,2.052950e+01,2.036875e+01,2.053649e+01,2.038974e+01,2.033377e+01,2.019373e+01,2.024277e+01,1.996926e+01,1.999033e+01,1.993414e+01,1.982871e+01,1.955407e+01,1.984277e+01,1.951880e+01,1.991306e+01,1.997628e+01,1.987792e+01,2.005350e+01,1.992711e+01,1.975132e+01,1.958227e+01,1.953996e+01,1.951880e+01,1.934229e+01,1.937762e+01,1.942705e+01,1.922208e+01,1.946235e+01,1.927160e+01,1.926452e+01,1.920793e+01,1.921501e+01,1.925038e+01,1.920793e+01,1.908756e+01,1.923623e+01,1.911590e+01,1.905922e+01,1.906630e+01,1.912298e+01,1.904504e+01,1.883218e+01,1.873980e+01,1.898832e+01,1.878955e+01,1.888899e+01,1.885349e+01,1.887479e+01,1.882508e+01,1.907339e+01,1.912298e+01,1.916546e+01,1.917962e+01,1.974428e+01,1.991306e+01,1.993414e+01,2.020074e+01,2.036176e+01,2.067605e+01,2.069697e+01,2.072486e+01,2.077363e+01,2.060629e+01,2.073879e+01,2.073879e+01,2.069697e+01,2.089200e+01,2.087112e+01,2.089200e+01,2.089896e+01,2.076667e+01,2.073879e+01,2.080150e+01,2.073182e+01,2.081543e+01,2.087808e+01,2.065513e+01,2.064816e+01,2.064816e+01,2.079453e+01,2.075273e+01,2.077363e+01,2.079453e+01,2.075970e+01,2.080150e+01,2.080846e+01,2.088504e+01,2.078060e+01,2.069697e+01,2.084328e+01,2.076667e+01,2.082239e+01,2.082239e+01,2.079453e+01,2.082239e+01,2.073879e+01,2.081543e+01,2.082935e+01,2.085024e+01,2.059932e+01,2.079453e+01,2.085720e+01,2.062723e+01,2.079453e+01,2.071091e+01,2.061327e+01,2.071091e+01,2.066908e+01,2.036176e+01,2.033377e+01,1.999033e+01,1.997628e+01,1.970205e+01,1.910881e+01,1.898123e+01,1.871135e+01,1.873269e+01,1.834085e+01,1.834799e+01,1.814793e+01,1.814793e+01,1.818369e+01,1.814793e+01,1.811216e+01,1.813362e+01,1.815508e+01,1.814078e+01,1.819083e+01,1.816938e+01,1.823372e+01,1.820513e+01,1.816938e+01,1.818369e+01,1.816223e+01,1.829087e+01,1.825516e+01,1.814078e+01,1.801194e+01,1.816938e+01,1.819798e+01,1.819798e+01,1.818369e+01,1.826230e+01,1.822657e+01,1.829801e+01,1.831944e+01,1.833372e+01,1.843361e+01,1.845500e+01,1.852628e+01,1.851915e+01,1.868290e+01,1.866156e+01,1.876823e+01,1.886769e+01,1.889609e+01,1.901669e+01,1.904504e+01,1.911590e+01,1.905922e+01,1.916546e+01,1.923623e+01,1.923623e+01,1.928574e+01,1.937055e+01,1.941293e+01,1.938468e+01,1.936349e+01,1.957522e+01,1.972317e+01,1.977947e+01,1.999735e+01,2.009559e+01,2.014467e+01,2.008156e+01,2.031978e+01,2.045266e+01,2.057838e+01,2.079453e+01,2.091983e+01,2.080846e+01,2.076667e+01,2.075970e+01,2.071789e+01,2.073879e+01,2.082239e+01,2.073182e+01,2.080150e+01,2.076667e+01,2.069697e+01,2.066908e+01,2.079453e+01,2.063420e+01,2.064816e+01,2.069697e+01,2.064816e+01,2.068303e+01,2.064118e+01,2.061327e+01,2.066211e+01,2.075970e+01,2.071789e+01,2.074576e+01,2.075273e+01,2.075970e+01,2.069697e+01,2.055045e+01,2.055743e+01,2.031978e+01,2.042470e+01,2.043169e+01,2.025677e+01,2.017271e+01,1.998330e+01,1.999735e+01,1.984980e+01,1.979354e+01,1.956817e+01,1.958227e+01,1.961047e+01,1.941999e+01,1.944823e+01,1.931402e+01,1.938468e+01,1.949058e+01,1.943411e+01,1.951880e+01,1.938468e+01,1.958227e+01,1.939174e+01,1.949058e+01,1.960342e+01,1.949764e+01,1.948352e+01,1.948352e+01,1.952586e+01,1.949764e+01,1.971613e+01,1.958932e+01,1.957522e+01,1.975132e+01,1.964570e+01,1.966683e+01,1.964570e+01,1.961751e+01,1.963161e+01,1.963865e+01,1.961047e+01,1.965979e+01,1.961047e+01,1.955407e+01,1.963161e+01,1.956817e+01,1.959637e+01,1.939881e+01,1.958227e+01,1.948352e+01,1.953291e+01,1.954701e+01,1.951880e+01,1.938468e+01,1.959637e+01,1.958227e+01,1.952586e+01,1.953291e+01,1.939881e+01,1.926452e+01,1.955407e+01,1.946941e+01,1.956817e+01,1.952586e+01,1.944118e+01,1.942705e+01,1.929281e+01,1.930695e+01,1.932109e+01,1.917962e+01,1.928574e+01,1.913006e+01,1.920085e+01,1.896704e+01,1.902378e+01,1.900251e+01,1.883218e+01,1.892448e+01,1.891028e+01,1.889609e+01,1.887479e+01,1.886769e+01,1.886059e+01,1.873269e+01,1.887479e+01,1.878955e+01,1.872558e+01,1.872558e+01,1.878245e+01,1.880376e+01,1.886059e+01,1.881797e+01,1.893867e+01,1.895286e+01,1.895995e+01,1.915838e+01,1.938468e+01,1.926452e+01,1.958932e+01,1.962456e+01,1.977243e+01,1.955407e+01,1.975836e+01,1.976540e+01,1.999735e+01,2.006753e+01,2.029178e+01,2.013065e+01,2.038974e+01,2.052950e+01,2.052950e+01,2.055743e+01,2.045964e+01,2.080846e+01,2.068303e+01,2.062025e+01,2.056442e+01,2.025677e+01,2.020074e+01,2.011663e+01,1.992009e+01,1.976540e+01,1.973725e+01,1.948352e+01,1.911590e+01,1.903795e+01,1.900251e+01,1.900960e+01,1.893867e+01,1.887479e+01,1.883928e+01,1.875401e+01,1.876823e+01,1.871847e+01,1.873269e+01,1.876823e+01,1.871847e+01,1.878955e+01,1.876823e+01,1.901669e+01,1.893157e+01,1.912298e+01,1.920085e+01,1.939881e+01,1.961751e+01,1.992009e+01,2.008857e+01,2.036875e+01,2.042470e+01,2.062025e+01,2.076667e+01,2.069697e+01,2.066908e+01,2.084328e+01,2.078060e+01,2.069000e+01,2.071091e+01,2.079453e+01,2.073879e+01,2.081543e+01,2.082239e+01,2.085024e+01,2.074576e+01,2.080846e+01,2.082239e+01,2.073182e+01,2.075970e+01,2.036176e+01,1.936349e+01,1.916546e+01,1.886769e+01,1.854053e+01,1.839794e+01,1.820513e+01,1.786860e+01,1.769630e+01,1.781837e+01,1.748771e+01,1.731475e+01,1.743730e+01,1.753090e+01,1.739406e+01,1.761723e+01,1.755249e+01,1.763880e+01,1.753090e+01,1.794746e+01,1.837654e+01,1.886059e+01,1.914422e+01,1.960342e+01,1.989198e+01,2.011663e+01,2.010961e+01,2.012364e+01,1.994819e+01,1.976540e+01,1.959637e+01,1.936349e+01,1.939881e+01,1.888899e+01,1.898832e+01,1.872558e+01,1.851203e+01,1.851203e+01,1.831944e+01,1.834085e+01,1.836227e+01,1.836940e+01,1.860462e+01,1.861886e+01,1.911590e+01,1.920085e+01,1.919378e+01,1.898832e+01,1.944823e+01,1.971613e+01,1.997628e+01,1.999033e+01,2.004648e+01,1.999033e+01,2.009559e+01,2.014467e+01,2.008156e+01,2.023577e+01,2.034777e+01,2.029178e+01,2.018673e+01,2.034077e+01,2.034777e+01,2.031978e+01,2.024977e+01,2.038974e+01,2.041071e+01,2.022876e+01,2.029178e+01,2.024277e+01,2.024977e+01,2.022176e+01,2.020074e+01,2.022176e+01,2.025677e+01,2.022876e+01,2.027778e+01,2.021475e+01,2.022176e+01,2.003244e+01,1.990604e+01,2.014467e+01,2.003244e+01,2.008156e+01,1.993414e+01,2.005350e+01,1.998330e+01,2.004648e+01,2.012364e+01,2.008156e+01,1.994819e+01,1.983574e+01,1.967388e+01,1.949058e+01,1.945529e+01,1.937055e+01,1.929988e+01,1.928574e+01,1.922916e+01,1.925038e+01,1.922916e+01,1.921501e+01,1.900960e+01,1.900960e+01,1.893867e+01,1.910173e+01,1.901669e+01,1.917962e+01,1.912298e+01,1.916546e+01,1.936349e+01,1.938468e+01,1.935642e+01,1.952586e+01,1.977947e+01,1.987090e+01,2.012364e+01,2.024277e+01,2.036875e+01,2.037575e+01,2.051554e+01,2.056442e+01,2.031978e+01,2.022876e+01,2.005350e+01,2.003946e+01,1.982168e+01,1.984277e+01,1.973725e+01,1.983574e+01,1.984277e+01,1.973021e+01,1.999735e+01,1.982871e+01,1.991306e+01,1.995521e+01,1.989901e+01,2.010260e+01,1.997628e+01,2.000437e+01,1.992711e+01,1.999735e+01,1.982871e+01,1.981464e+01,1.970205e+01,1.971613e+01,1.982871e+01,1.963865e+01,1.961751e+01,1.940587e+01,1.932109e+01,1.937055e+01,1.925038e+01,1.933522e+01,1.932815e+01,1.939881e+01,1.929281e+01,1.929281e+01,1.922916e+01,1.922916e+01,1.932109e+01,1.922916e+01,1.920085e+01,1.935642e+01,1.916546e+01,1.940587e+01,1.930695e+01,1.940587e+01,1.934936e+01,1.966683e+01,1.964570e+01,1.966683e+01,1.986386e+01,1.968796e+01,1.992009e+01,2.024977e+01,2.037575e+01,2.050157e+01,2.055045e+01,2.051554e+01,2.062025e+01,2.086416e+01,2.087808e+01,2.080846e+01,2.092679e+01,2.096156e+01,2.100327e+01,2.078060e+01,2.096852e+01,2.091287e+01,2.098937e+01,2.094765e+01,2.094765e+01,2.079453e+01,2.093374e+01,2.095461e+01,2.100327e+01,2.092679e+01,2.102413e+01,2.094070e+01,2.091983e+01,2.088504e+01,2.105192e+01,2.098242e+01,2.093374e+01,2.097547e+01,2.099632e+01,2.087112e+01,2.090592e+01,2.092679e+01,2.091983e+01,2.088504e+01,2.079453e+01,2.092679e+01,2.099632e+01,2.097547e+01,2.096156e+01,2.094765e+01,2.089200e+01,2.101718e+01,2.097547e+01,2.099632e+01,2.097547e+01,2.096852e+01,2.091287e+01,2.093374e+01,2.100327e+01,2.096156e+01,2.103107e+01,2.109360e+01,2.108665e+01,2.110054e+01,2.107971e+01,2.115608e+01,2.089896e+01,2.110054e+01,2.092679e+01,2.091983e+01,2.091983e+01,2.089896e+01,2.086416e+01,2.089200e+01,2.094765e+01,2.065513e+01,2.088504e+01,2.067605e+01,2.076667e+01,2.087112e+01,2.063420e+01,2.059932e+01,2.046663e+01,2.038974e+01,2.075970e+01,2.086416e+01
2.073879e+01,2.081543e+01,2.076667e+01,2.075273e+01,2.070394e+01,2.080846e+01,2.069697e+01,2.069697e+01,2.066211e+01,2.070394e+01,2.054347e+01,2.074576e+01,2.060629e+01,2.040372e+01,2.045266e+01,2.033377e+01,2.011663e+01,2.000437e+01,2.006753e+01,1.983574e+01,2.000437e+01,1.985683e+01,1.987792e+01,1.984980e+01,1.979354e+01,1.976540e+01,1.984277e+01,1.984980e+01,2.010260e+01,2.009559e+01,1.990604e+01,1.994117e+01,1.983574e+01,1.958932e+01,1.957522e+01,1.937762e+01,1.944823e+01,1.929281e+01,1.923623e+01,1.929281e+01,1.928574e+01,1.922208e+01,1.925745e+01,1.920793e+01,1.917962e+01,1.921501e+01,1.920085e+01,1.915130e+01,1.909464e+01,1.909464e+01,1.905213e+01,1.901669e+01,1.894576e+01,1.894576e+01,1.871135e+01,1.878955e+01,1.868290e+01,1.870424e+01,1.881797e+01,1.870424e+01,1.878955e+01,1.885349e+01,1.896704e+01,1.915130e+01,1.927160e+01,1.959637e+01,1.975132e+01,1.978650e+01,1.985683e+01,2.022176e+01,2.051554e+01,2.060629e+01,2.065513e+01,2.087112e+01,2.071789e+01,2.071091e+01,2.071789e+01,2.086416e+01,2.080150e+01,2.077363e+01,2.079453e+01,2.080846e+01,2.078060e+01,2.076667e+01,2.081543e+01,2.084328e+01,2.073879e+01,2.085720e+01,2.069697e+01,2.078060e+01,2.082239e+01,2.079453e+01,2.077363e+01,2.077363e+01,2.100327e+01,2.078757e+01,2.078060e+01,2.082239e+01,2.094765e+01,2.080150e+01,2.081543e+01,2.084328e+01,2.083632e+01,2.082239e+01,2.080150e+01,2.074576e+01,2.087808e+01,2.075970e+01,2.076667e+01,2.080150e+01,2.083632e+01,2.089896e+01,2.083632e+01,2.081543e+01,2.075970e+01,2.087112e+01,2.073182e+01,2.065513e+01,2.064816e+01,2.053649e+01,2.031978e+01,1.994117e+01,1.994117e+01,1.939881e+01,1.929281e+01,1.893157e+01,1.871847e+01,1.842648e+01,1.839794e+01,1.819798e+01,1.819083e+01,1.831230e+01,1.809785e+01,1.819083e+01,1.811932e+01,1.816938e+01,1.809069e+01,1.814078e+01,1.815508e+01,1.810501e+01,1.814793e+01,1.824087e+01,1.819083e+01,1.827659e+01,1.826230e+01,1.823372e+01,1.829801e+01,1.834085e+01,1.834085e+01,1.832658e+01,1.828373e+01,1.825516e+01,1.834799e+01,1.821228e+01,1.832658e+01,1.835513e+01,1.838367e+01,1.835513e+01,1.854765e+01,1.849777e+01,1.846926e+01,1.845500e+01,1.857614e+01,1.869002e+01,1.881797e+01,1.884638e+01,1.889609e+01,1.898832e+01,1.898832e+01,1.901669e+01,1.910173e+01,1.913006e+01,1.927160e+01,1.911590e+01,1.915130e+01,1.925038e+01,1.921501e+01,1.925038e+01,1.937055e+01,1.935642e+01,1.965979e+01,1.964570e+01,1.965274e+01,1.978650e+01,1.978650e+01,1.991306e+01,2.010961e+01,2.011663e+01,2.034777e+01,2.034077e+01,2.059234e+01,2.078060e+01,2.078757e+01,2.084328e+01,2.073182e+01,2.096852e+01,2.075273e+01,2.088504e+01,2.079453e+01,2.075970e+01,2.078757e+01,2.075273e+01,2.075273e+01,2.067605e+01,2.063420e+01,2.068303e+01,2.068303e+01,2.073182e+01,2.058536e+01,2.073182e+01,2.063420e+01,2.076667e+01,2.060629e+01,2.078757e+01,2.075970e+01,2.072486e+01,2.071091e+01,2.068303e+01,2.066908e+01,2.053649e+01,2.048061e+01,2.045266e+01,2.047362e+01,2.048759e+01,2.012364e+01,1.994117e+01,2.004648e+01,1.983574e+01,1.989198e+01,1.968092e+01,1.975836e+01,1.965274e+01,1.951880e+01,1.946941e+01,1.959637e+01,1.951880e+01,1.945529e+01,1.941999e+01,1.937762e+01,1.939881e+01,1.951175e+01,1.946941e+01,1.951175e+01,1.948352e+01,1.956112e+01,1.949058e+01,1.949764e+01,1.951880e+01,1.950469e+01,1.961751e+01,1.958932e+01,1.961047e+01,1.965979e+01,1.961751e+01,1.966683e+01,1.968092e+01,1.959637e+01,1.973725e+01,1.960342e+01,1.959637e+01,1.961047e+01,1.958932e+01,1.967388e+01,1.960342e+01,1.972317e+01,1.959637e+01,1.929988e+01,1.958932e+01,1.956817e+01,1.949764e+01,1.946235e+01,1.944118e+01,1.935642e+01,1.941293e+01,1.937055e+01,1.936349e+01,1.938468e+01,1.943411e+01,1.951880e+01,1.952586e+01,1.955407e+01,1.932815e+01,1.934936e+01,1.936349e+01,1.932815e+01,1.931402e+01,1.932815e+01,1.932109e+01,1.914422e+01,1.925038e+01,1.932109e+01,1.925038e+01,1.904504e+01,1.915130e+01,1.892448e+01,1.893867e+01,1.879666e+01,1.890318e+01,1.888899e+01,1.882508e+01,1.879666e+01,1.887479e+01,1.874691e+01,1.878245e+01,1.870424e+01,1.881797e+01,1.871847e+01,1.874691e+01,1.875401e+01,1.873980e+01,1.883928e+01,1.894576e+01,1.896704e+01,1.905922e+01,1.915838e+01,1.939174e+01,1.949058e+01,1.963865e+01,1.964570e+01,1.973725e+01,1.973021e+01,1.981464e+01,1.983574e+01,2.003244e+01,2.008857e+01,2.029878e+01,2.031278e+01,2.034077e+01,2.056442e+01,2.042470e+01,2.071789e+01,2.063420e+01,2.079453e+01,2.075273e+01,2.075273e+01,2.060629e+01,2.047362e+01,2.055743e+01,2.029178e+01,2.015869e+01,2.008857e+01,1.982168e+01,1.952586e+01,1.944118e+01,1.904504e+01,1.903795e+01,1.909464e+01,1.887479e+01,1.887479e+01,1.884638e+01,1.885349e+01,1.876823e+01,1.882508e+01,1.869713e+01,1.873269e+01,1.876112e+01,1.874691e+01,1.876823e+01,1.896704e+01,1.889609e+01,1.920085e+01,1.918670e+01,1.939174e+01,1.967388e+01,1.989901e+01,1.999033e+01,2.022176e+01,2.041770e+01,2.059932e+01,2.084328e+01,2.080150e+01,2.073182e+01,2.079453e+01,2.071789e+01,2.078060e+01,2.081543e+01,2.071789e+01,2.065513e+01,2.078060e+01,2.085024e+01,2.085720e+01,2.080150e+01,2.075273e+01,2.080150e+01,2.077363e+01,2.078757e+01,2.028478e+01,1.949058e+01,1.920085e+01,1.864733e+01,1.852628e+01,1.821228e+01,1.799762e+01,1.798329e+01,1.763880e+01,1.757408e+01,1.745170e+01,1.725703e+01,1.743730e+01,1.738685e+01,1.737244e+01,1.761723e+01,1.756688e+01,1.771067e+01,1.747331e+01,1.800478e+01,1.842648e+01,1.900960e+01,1.923623e+01,1.958227e+01,1.985683e+01,2.013065e+01,2.016570e+01,2.007454e+01,2.005350e+01,1.963161e+01,1.932815e+01,1.898123e+01,1.885349e+01,1.845500e+01,1.865444e+01,1.842648e+01,1.836940e+01,1.826230e+01,1.799762e+01,1.755249e+01,1.796896e+01,1.780402e+01,1.827659e+01,1.836940e+01,1.860462e+01,1.893867e+01,1.897414e+01,1.896704e+01,1.918670e+01,1.949058e+01,1.990604e+01,2.001139e+01,2.021475e+01,2.017271e+01,2.048759e+01,2.038974e+01,2.044567e+01,2.054347e+01,2.045266e+01,2.035476e+01,2.031278e+01,2.042470e+01,2.043169e+01,2.045964e+01,2.050855e+01,2.067605e+01,2.059234e+01,2.048759e+01,2.059234e+01,2.043868e+01,2.043169e+01,2.029878e+01,2.050157e+01,2.054347e+01,2.027778e+01,2.049458e+01,2.026378e+01,2.038974e+01,2.020774e+01,2.024977e+01,2.024277e+01,2.015869e+01,2.038274e+01,2.049458e+01,2.040372e+01,2.020774e+01,2.034777e+01,2.020774e+01,2.010260e+01,1.998330e+01,2.025677e+01,2.003946e+01,1.998330e+01,1.994117e+01,1.990604e+01,1.971613e+01,1.970909e+01,1.966683e+01,1.958932e+01,1.946941e+01,1.948352e+01,1.941999e+01,1.946235e+01,1.928574e+01,1.944823e+01,1.931402e+01,1.934229e+01,1.928574e+01,1.929281e+01,1.922208e+01,1.946941e+01,1.937762e+01,1.977243e+01,1.964570e+01,1.974428e+01,1.988495e+01,2.010961e+01,2.020774e+01,2.047362e+01,2.049458e+01,2.051554e+01,2.050157e+01,2.031978e+01,2.017972e+01,2.012364e+01,2.010260e+01,1.997628e+01,1.989198e+01,2.001841e+01,1.994819e+01,1.999033e+01,2.010961e+01,2.006753e+01,1.999735e+01,2.002542e+01,1.996224e+01,2.007454e+01,2.004648e+01,2.010961e+01,2.014467e+01,1.999033e+01,1.999033e+01,1.997628e+01,2.003946e+01,1.971613e+01,1.964570e+01,1.970909e+01,1.949764e+01,1.964570e+01,1.943411e+01,1.943411e+01,1.938468e+01,1.930695e+01,1.935642e+01,1.930695e+01,1.923623e+01,1.924331e+01,1.925038e+01,1.924331e+01,1.921501e+01,1.923623e+01,1.910173e+01,1.924331e+01,1.925745e+01,1.908756e+01,1.915130e+01,1.931402e+01,1.919378e+01,1.930695e+01,1.931402e+01,1.941293e+01,1.945529e+01,1.952586e+01,1.967388e+01,1.982168e+01,1.987792e+01,2.014467e+01,2.011663e+01,2.029878e+01,2.034777e+01,2.054347e+01,2.058536e+01,2.061327e+01,2.066908e+01,2.073879e+01,2.094765e+01,2.090592e+01,2.101023e+01,2.090592e+01,2.100327e+01,2.098242e+01,2.089200e+01,2.097547e+01,2.096156e+01,2.095461e+01,2.093374e+01,2.089896e+01,2.090592e+01,2.090592e+01,2.088504e+01,2.087808e+01,2.097547e+01,2.101023e+01,2.098937e+01,2.100327e+01,2.098242e+01,2.097547e+01,2.101718e+01,2.099632e+01,2.097547e+01,2.090592e+01,2.086416e+01,2.092679e+01,2.101718e+01,2.082239e+01,2.097547e+01,2.098937e+01,2.096852e+01,2.093374e+01,2.094765e+01,2.092679e+01,2.101718e+01,2.099632e+01,2.097547e+01,2.093374e+01,2.103802e+01,2.095461e+01,2.103802e+01,2.107276e+01,2.106581e+01,2.085024e+01,2.104497e+01,2.106581e+01,2.096156e+01,2.098937e+01,2.104497e+01,2.111443e+01,2.107276e+01,2.092679e+01,2.094765e+01,2.075970e+01,2.078757e+01,2.073879e+01,2.077363e+01,2.065513e+01,2.068303e+01,2.073182e+01,2.062025e+01,2.076667e+01,2.071091e+01,2.062723e+01,2.059932e+01,2.064816e+01,2.105887e+01
2.066908e+01,2.076667e+01,2.075273e+01,2.062723e+01,2.059932e+01,2.061327e+01,2.066908e+01,2.071091e+01,2.075273e+01,2.072486e+01,2.066908e+01,2.048759e+01,2.045266e+01,2.045964e+01,2.044567e+01,2.030578e+01,2.010260e+01,2.001841e+01,2.008857e+01,2.004648e+01,1.983574e+01,1.981464e+01,1.987792e+01,1.981464e+01,1.984980e+01,1.983574e+01,1.980058e+01,1.989901e+01,1.995521e+01,1.999735e+01,1.987090e+01,1.999033e+01,2.016570e+01,1.976540e+01,1.976540e+01,1.969500e+01,1.939881e+01,1.953291e+01,1.908756e+01,1.929281e+01,1.928574e+01,1.922916e+01,1.922208e+01,1.922916e+01,1.908756e+01,1.915130e+01,1.920793e+01,1.888189e+01,1.902378e+01,1.904504e+01,1.902378e+01,1.904504e+01,1.891028e+01,1.889609e+01,1.871847e+01,1.875401e+01,1.883928e+01,1.876823e+01,1.855477e+01,1.861174e+01,1.873980e+01,1.893157e+01,1.886059e+01,1.898123e+01,1.921501e+01,1.945529e+01,1.959637e+01,1.983574e+01,1.981464e+01,2.013065e+01,2.016570e+01,2.057838e+01,2.072486e+01,2.070394e+01,2.080846e+01,2.073182e+01,2.078060e+01,2.082239e+01,2.075970e+01,2.081543e+01,2.072486e+01,2.085024e+01,2.071789e+01,2.074576e+01,2.086416e+01,2.084328e+01,2.086416e+01,2.085720e+01,2.082935e+01,2.080150e+01,2.092679e+01,2.071789e+01,2.071789e+01,2.075273e+01,2.077363e+01,2.079453e+01,2.082935e+01,2.081543e+01,2.082935e+01,2.080150e+01,2.082935e+01,2.081543e+01,2.078757e+01,2.084328e+01,2.077363e+01,2.080150e+01,2.076667e+01,2.075273e+01,2.078757e+01,2.078060e+01,2.078060e+01,2.082935e+01,2.078060e+01,2.072486e+01,2.066908e+01,2.064118e+01,2.062723e+01,2.066908e+01,2.041770e+01,2.027778e+01,1.991306e+01,1.967388e+01,1.931402e+01,1.929988e+01,1.890318e+01,1.869713e+01,1.845500e+01,1.850490e+01,1.839081e+01,1.819798e+01,1.827659e+01,1.834799e+01,1.809069e+01,1.814793e+01,1.811216e+01,1.806207e+01,1.810501e+01,1.814078e+01,1.809785e+01,1.819083e+01,1.821228e+01,1.827659e+01,1.821943e+01,1.822657e+01,1.822657e+01,1.825516e+01,1.834799e+01,1.832658e+01,1.829801e+01,1.834085e+01,1.835513e+01,1.835513e+01,1.830515e+01,1.824087e+01,1.836940e+01,1.841221e+01,1.849777e+01,1.845500e+01,1.849064e+01,1.846213e+01,1.867579e+01,1.855477e+01,1.848352e+01,1.876112e+01,1.873269e+01,1.869002e+01,1.893157e+01,1.891028e+01,1.900960e+01,1.899541e+01,1.910173e+01,1.903795e+01,1.917254e+01,1.913714e+01,1.929988e+01,1.914422e+01,1.939174e+01,1.939174e+01,1.936349e+01,1.937055e+01,1.939174e+01,1.938468e+01,1.932109e+01,1.969500e+01,1.970909e+01,1.976540e+01,1.987090e+01,2.010260e+01,2.009559e+01,2.033377e+01,2.040372e+01,2.056442e+01,2.076667e+01,2.056442e+01,2.078757e+01,2.089200e+01,2.075970e+01,2.074576e+01,2.072486e+01,2.077363e+01,2.075970e+01,2.066211e+01,2.073182e+01,2.071789e+01,2.080150e+01,2.075273e+01,2.071091e+01,2.074576e+01,2.067605e+01,2.071091e+01,2.065513e+01,2.067605e+01,2.066211e+01,2.068303e+01,2.082935e+01,2.074576e+01,2.069000e+01,2.057140e+01,2.069697e+01,2.070394e+01,2.064118e+01,2.055045e+01,2.042470e+01,2.022876e+01,2.029878e+01,2.015168e+01,2.017972e+01,1.992009e+01,1.992711e+01,1.989198e+01,1.974428e+01,1.962456e+01,1.961047e+01,1.946941e+01,1.951880e+01,1.947647e+01,1.953291e+01,1.941999e+01,1.956817e+01,1.939174e+01,1.953291e+01,1.955407e+01,1.942705e+01,1.949058e+01,1.946941e+01,1.947647e+01,1.953291e+01,1.963161e+01,1.962456e+01,1.958227e+01,1.961751e+01,1.959637e+01,1.968092e+01,1.973725e+01,1.967388e+01,1.970205e+01,1.967388e+01,1.966683e+01,1.959637e+01,1.973021e+01,1.965274e+01,1.963865e+01,1.976540e+01,1.960342e+01,1.956817e+01,1.941293e+01,1.934936e+01,1.939881e+01,1.946941e+01,1.938468e+01,1.940587e+01,1.944118e+01,1.944118e+01,1.929281e+01,1.934229e+01,1.934936e+01,1.929988e+01,1.934936e+01,1.942705e+01,1.937055e+01,1.939174e+01,1.937055e+01,1.937055e+01,1.935642e+01,1.931402e+01,1.929281e+01,1.933522e+01,1.929988e+01,1.924331e+01,1.930695e+01,1.916546e+01,1.909464e+01,1.922916e+01,1.905922e+01,1.922208e+01,1.886769e+01,1.893157e+01,1.897414e+01,1.886769e+01,1.886769e+01,1.883218e+01,1.879666e+01,1.871847e+01,1.872558e+01,1.876112e+01,1.869713e+01,1.876112e+01,1.879666e+01,1.880376e+01,1.881797e+01,1.888189e+01,1.891738e+01,1.891738e+01,1.912298e+01,1.915130e+01,1.918670e+01,1.930695e+01,1.927867e+01,1.953996e+01,1.954701e+01,1.970205e+01,1.972317e+01,1.980058e+01,2.006753e+01,2.015168e+01,2.032678e+01,2.042470e+01,2.043169e+01,2.055743e+01,2.070394e+01,2.071091e+01,2.073182e+01,2.074576e+01,2.078060e+01,2.078060e+01,2.064118e+01,2.059234e+01,2.055743e+01,2.050157e+01,2.024277e+01,2.007454e+01,1.987792e+01,1.975132e+01,1.965274e+01,1.945529e+01,1.916546e+01,1.908756e+01,1.895995e+01,1.888899e+01,1.885349e+01,1.886769e+01,1.876823e+01,1.882508e+01,1.879666e+01,1.869713e+01,1.876823e+01,1.877534e+01,1.878245e+01,1.880376e+01,1.880376e+01,1.895995e+01,1.920085e+01,1.939174e+01,1.969500e+01,1.962456e+01,2.003946e+01,2.017271e+01,2.036875e+01,2.048061e+01,2.064118e+01,2.061327e+01,2.072486e+01,2.084328e+01,2.082935e+01,2.085024e+01,2.082239e+01,2.081543e+01,2.069000e+01,2.078060e+01,2.083632e+01,2.081543e+01,2.075273e+01,2.084328e+01,2.077363e+01,2.073182e+01,2.032678e+01,2.041770e+01,1.932815e+01,1.921501e+01,1.882508e+01,1.851203e+01,1.824801e+01,1.799045e+01,1.784707e+01,1.762442e+01,1.748771e+01,1.745891e+01,1.751651e+01,1.729311e+01,1.738685e+01,1.748051e+01,1.774659e+01,1.770349e+01,1.761723e+01,1.773940e+01,1.829087e+01,1.863309e+01,1.915838e+01,1.931402e+01,1.952586e+01,1.984980e+01,2.001841e+01,2.014467e+01,2.019373e+01,1.969500e+01,1.901669e+01,1.848352e+01,1.811216e+01,1.804775e+01,1.804775e+01,1.808354e+01,1.821228e+01,1.804059e+01,1.810501e+01,1.795463e+01,1.770349e+01,1.749491e+01,1.732917e+01,1.750211e+01,1.759566e+01,1.804059e+01,1.835513e+01,1.861886e+01,1.865444e+01,1.889609e+01,1.913006e+01,1.946235e+01,1.963865e+01,2.004648e+01,2.047362e+01,2.068303e+01,2.050157e+01,2.055045e+01,2.063420e+01,2.053649e+01,2.054347e+01,2.059932e+01,2.045964e+01,2.068303e+01,2.070394e+01,2.066211e+01,2.060629e+01,2.053649e+01,2.081543e+01,2.068303e+01,2.065513e+01,2.054347e+01,2.074576e+01,2.057140e+01,2.053649e+01,2.056442e+01,2.057140e+01,2.048061e+01,2.069000e+01,2.053649e+01,2.059234e+01,2.057838e+01,2.031978e+01,2.031278e+01,2.047362e+01,2.037575e+01,2.039673e+01,2.041770e+01,2.036176e+01,2.034077e+01,2.043169e+01,2.030578e+01,2.024277e+01,2.020074e+01,2.011663e+01,2.011663e+01,1.992711e+01,1.994117e+01,1.994819e+01,1.970205e+01,1.975132e+01,1.978650e+01,1.947647e+01,1.973725e+01,1.978650e+01,1.946941e+01,1.945529e+01,1.928574e+01,1.932109e+01,1.948352e+01,1.936349e+01,1.953996e+01,1.938468e+01,1.971613e+01,1.968092e+01,1.980761e+01,1.994117e+01,1.999735e+01,2.030578e+01,2.035476e+01,2.045964e+01,2.050855e+01,2.041770e+01,2.036176e+01,2.015168e+01,2.014467e+01,2.012364e+01,1.997628e+01,1.997628e+01,1.997628e+01,1.979354e+01,2.001841e+01,2.004648e+01,2.008156e+01,1.990604e+01,2.003946e+01,2.001139e+01,2.017271e+01,2.018673e+01,2.008156e+01,2.021475e+01,2.000437e+01,1.989198e+01,1.984277e+01,1.990604e+01,1.970205e+01,1.982168e+01,1.950469e+01,1.960342e+01,1.933522e+01,1.946941e+01,1.936349e+01,1.938468e+01,1.931402e+01,1.927160e+01,1.928574e+01,1.922208e+01,1.920085e+01,1.923623e+01,1.915838e+01,1.925038e+01,1.920085e+01,1.926452e+01,1.917254e+01,1.926452e+01,1.915130e+01,1.910881e+01,1.914422e+01,1.919378e+01,1.920793e+01,1.932109e+01,1.929281e+01,1.932815e+01,1.932815e+01,1.958932e+01,1.942705e+01,1.965979e+01,1.961751e+01,1.986386e+01,1.995521e+01,2.022876e+01,2.022176e+01,2.022176e+01,2.043868e+01,2.066908e+01,2.072486e+01,2.074576e+01,2.073182e+01,2.068303e+01,2.091983e+01,2.068303e+01,2.105887e+01,2.094070e+01,2.098937e+01,2.097547e+01,2.087808e+01,2.094070e+01,2.088504e+01,2.087808e+01,2.090592e+01,2.092679e+01,2.091287e+01,2.096156e+01,2.087808e+01,2.101023e+01,2.101718e+01,2.101023e+01,2.102413e+01,2.099632e+01,2.084328e+01,2.089200e+01,2.091983e+01,2.091983e+01,2.094070e+01,2.094070e+01,2.097547e+01,2.096156e+01,2.094070e+01,2.093374e+01,2.098242e+01,2.093374e+01,2.095461e+01,2.095461e+01,2.095461e+01,2.112137e+01,2.114220e+01,2.107276e+01,2.087808e+01,2.105192e+01,2.095461e+01,2.107276e+01,2.110748e+01,2.114220e+01,2.110748e+01,2.097547e+01,2.101023e+01,2.112137e+01,2.101023e+01,2.097547e+01,2.107276e+01,2.096156e+01,2.092679e+01,2.094070e+01,2.090592e+01,2.093374e+01,2.080150e+01,2.062025e+01,2.063420e+01,2.059234e+01,2.056442e+01,2.062723e+01,2.056442e+01,2.064816e+01,2.086416e+01,2.095461e+01
2.072486e+01,2.074576e+01,2.064118e+01,2.077363e+01,2.068303e+01,2.062723e+01,2.078757e+01,2.068303e+01,2.067605e+01,2.068303e+01,2.065513e+01,2.038974e+01,2.064816e+01,2.044567e+01,2.034777e+01,2.041770e+01,2.013065e+01,2.002542e+01,2.001139e+01,2.006753e+01,1.984980e+01,1.982168e+01,1.971613e+01,1.973021e+01,1.984980e+01,1.984980e+01,1.985683e+01,1.994819e+01,2.007454e+01,1.999735e+01,2.012364e+01,2.015168e+01,2.008156e+01,2.008857e+01,1.984277e+01,1.974428e+01,1.965979e+01,1.939881e+01,1.932815e+01,1.926452e+01,1.929988e+01,1.946235e+01,1.940587e+01,1.908756e+01,1.910881e+01,1.910881e+01,1.884638e+01,1.902378e+01,1.898123e+01,1.900251e+01,1.871135e+01,1.899541e+01,1.872558e+01,1.866156e+01,1.866156e+01,1.861174e+01,1.865444e+01,1.842648e+01,1.854053e+01,1.861174e+01,1.862598e+01,1.883218e+01,1.884638e+01,1.915838e+01,1.915838e+01,1.935642e+01,1.941999e+01,1.954701e+01,1.994117e+01,2.001841e+01,1.999033e+01,2.052252e+01,2.064816e+01,2.080846e+01,2.063420e+01,2.080846e+01,2.069697e+01,2.080846e+01,2.080846e+01,2.085720e+01,2.081543e+01,2.070394e+01,2.082239e+01,2.085720e+01,2.081543e+01,2.084328e+01,2.082239e+01,2.085024e+01,2.082935e+01,2.073182e+01,2.076667e+01,2.073879e+01,2.078060e+01,2.084328e+01,2.078757e+01,2.079453e+01,2.082239e+01,2.073182e+01,2.084328e+01,2.091983e+01,2.082239e+01,2.085024e+01,2.075970e+01,2.075273e+01,2.079453e+01,2.081543e+01,2.085720e+01,2.075273e+01,2.085024e+01,2.089896e+01,2.077363e+01,2.075970e+01,2.081543e+01,2.059234e+01,2.063420e+01,2.050855e+01,2.068303e+01,2.038974e+01,2.023577e+01,1.990604e+01,1.972317e+01,1.926452e+01,1.920793e+01,1.902378e+01,1.881797e+01,1.842648e+01,1.836940e+01,1.820513e+01,1.816938e+01,1.818369e+01,1.814793e+01,1.806207e+01,1.810501e+01,1.816938e+01,1.815508e+01,1.805490e+01,1.820513e+01,1.814793e+01,1.826230e+01,1.818369e+01,1.828373e+01,1.827659e+01,1.829087e+01,1.826230e+01,1.824087e+01,1.834085e+01,1.830515e+01,1.847639e+01,1.836227e+01,1.838367e+01,1.839081e+01,1.838367e+01,1.841934e+01,1.840508e+01,1.836940e+01,1.842648e+01,1.844787e+01,1.848352e+01,1.858326e+01,1.854053e+01,1.862598e+01,1.867579e+01,1.865444e+01,1.866867e+01,1.874691e+01,1.890318e+01,1.888189e+01,1.895995e+01,1.898123e+01,1.899541e+01,1.903087e+01,1.908047e+01,1.905213e+01,1.908756e+01,1.924331e+01,1.918670e+01,1.929988e+01,1.935642e+01,1.932109e+01,1.917962e+01,1.924331e+01,1.923623e+01,1.921501e+01,1.939881e+01,1.953291e+01,1.949764e+01,1.970909e+01,1.975132e+01,1.983574e+01,2.008156e+01,2.010961e+01,2.035476e+01,2.066908e+01,2.062723e+01,2.075970e+01,2.077363e+01,2.061327e+01,2.077363e+01,2.078757e+01,2.075970e+01,2.085024e+01,2.071091e+01,2.067605e+01,2.063420e+01,2.063420e+01,2.067605e+01,2.074576e+01,2.064816e+01,2.066211e+01,2.072486e+01,2.070394e+01,2.072486e+01,2.075970e+01,2.068303e+01,2.095461e+01,2.089200e+01,2.072486e+01,2.068303e+01,2.058536e+01,2.069000e+01,2.074576e+01,2.063420e+01,2.050855e+01,2.025677e+01,2.035476e+01,2.020774e+01,2.030578e+01,1.996926e+01,2.009559e+01,2.013065e+01,1.989198e+01,1.962456e+01,1.963865e+01,1.953291e+01,1.951880e+01,1.949058e+01,1.951175e+01,1.938468e+01,1.958227e+01,1.959637e+01,1.947647e+01,1.958932e+01,1.952586e+01,1.959637e+01,1.949764e+01,1.958932e+01,1.956112e+01,1.946941e+01,1.963865e+01,1.960342e+01,1.961047e+01,1.984277e+01,1.967388e+01,1.967388e+01,1.973725e+01,1.976540e+01,1.973725e+01,1.968796e+01,1.973725e+01,1.966683e+01,1.970205e+01,1.965274e+01,1.958227e+01,1.952586e+01,1.952586e+01,1.941999e+01,1.934229e+01,1.941293e+01,1.934936e+01,1.937055e+01,1.946235e+01,1.937762e+01,1.929281e+01,1.936349e+01,1.927160e+01,1.935642e+01,1.942705e+01,1.932815e+01,1.937762e+01,1.939881e+01,1.923623e+01,1.929988e+01,1.938468e+01,1.925038e+01,1.934229e+01,1.918670e+01,1.924331e+01,1.912298e+01,1.925038e+01,1.927160e+01,1.915130e+01,1.920085e+01,1.907339e+01,1.907339e+01,1.902378e+01,1.893867e+01,1.888899e+01,1.890318e+01,1.886769e+01,1.886059e+01,1.884638e+01,1.882508e+01,1.882508e+01,1.877534e+01,1.870424e+01,1.870424e+01,1.877534e+01,1.886059e+01,1.885349e+01,1.874691e+01,1.885349e+01,1.891028e+01,1.891028e+01,1.904504e+01,1.911590e+01,1.925038e+01,1.927867e+01,1.927867e+01,1.934229e+01,1.958227e+01,1.962456e+01,1.970205e+01,1.960342e+01,1.987090e+01,2.012364e+01,2.020074e+01,2.027078e+01,2.046663e+01,2.044567e+01,2.059234e+01,2.071091e+01,2.071789e+01,2.073182e+01,2.066908e+01,2.072486e+01,2.059932e+01,2.057838e+01,2.053649e+01,2.057140e+01,2.049458e+01,2.012364e+01,1.999033e+01,1.993414e+01,1.979354e+01,1.939174e+01,1.920793e+01,1.920793e+01,1.917962e+01,1.915130e+01,1.891738e+01,1.889609e+01,1.885349e+01,1.879666e+01,1.881087e+01,1.881087e+01,1.880376e+01,1.877534e+01,1.881797e+01,1.872558e+01,1.883928e+01,1.895995e+01,1.914422e+01,1.940587e+01,1.953996e+01,1.963161e+01,1.977243e+01,2.005350e+01,2.033377e+01,2.042470e+01,2.062723e+01,2.078060e+01,2.083632e+01,2.084328e+01,2.086416e+01,2.076667e+01,2.071789e+01,2.081543e+01,2.082935e+01,2.084328e+01,2.076667e+01,2.079453e+01,2.080846e+01,2.072486e+01,2.078060e+01,2.075273e+01,2.052252e+01,2.046663e+01,1.974428e+01,1.914422e+01,1.903795e+01,1.851203e+01,1.821228e+01,1.797613e+01,1.780402e+01,1.759566e+01,1.732196e+01,1.755969e+01,1.752371e+01,1.736523e+01,1.754530e+01,1.748051e+01,1.758127e+01,1.778967e+01,1.775377e+01,1.796896e+01,1.841221e+01,1.895286e+01,1.916546e+01,1.951175e+01,1.968092e+01,1.970909e+01,2.016570e+01,2.013766e+01,2.016570e+01,1.962456e+01,1.851915e+01,1.794746e+01,1.757408e+01,1.760285e+01,1.779684e+01,1.783990e+01,1.799762e+01,1.791879e+01,1.797613e+01,1.821228e+01,1.781120e+01,1.756688e+01,1.742289e+01,1.739406e+01,1.751651e+01,1.754530e+01,1.789011e+01,1.811932e+01,1.842648e+01,1.865444e+01,1.895286e+01,1.911590e+01,1.944823e+01,1.963865e+01,2.010961e+01,2.047362e+01,2.066211e+01,2.064816e+01,2.059234e+01,2.064118e+01,2.080150e+01,2.065513e+01,2.078060e+01,2.084328e+01,2.079453e+01,2.087808e+01,2.082239e+01,2.080846e+01,2.075273e+01,2.064118e+01,2.076667e+01,2.073182e+01,2.071091e+01,2.058536e+01,2.057140e+01,2.068303e+01,2.069000e+01,2.066211e+01,2.067605e+01,2.058536e+01,2.071789e+01,2.050855e+01,2.055045e+01,2.055743e+01,2.056442e+01,2.049458e+01,2.071091e+01,2.064816e+01,2.058536e+01,2.062723e+01,2.064118e+01,2.059932e+01,2.051554e+01,2.034077e+01,2.028478e+01,2.025677e+01,2.016570e+01,2.013766e+01,2.016570e+01,2.015869e+01,1.999735e+01,2.006753e+01,1.988495e+01,1.984277e+01,1.973021e+01,1.968796e+01,1.953996e+01,1.952586e+01,1.934936e+01,1.936349e+01,1.947647e+01,1.936349e+01,1.954701e+01,1.959637e+01,1.968796e+01,1.967388e+01,1.984980e+01,2.004648e+01,2.027078e+01,2.033377e+01,2.049458e+01,2.047362e+01,2.051554e+01,2.051554e+01,2.033377e+01,2.013065e+01,2.014467e+01,1.998330e+01,2.015168e+01,2.014467e+01,2.012364e+01,2.010260e+01,2.002542e+01,1.991306e+01,2.006753e+01,2.002542e+01,1.997628e+01,2.019373e+01,2.010961e+01,1.999033e+01,2.001841e+01,2.000437e+01,2.000437e+01,1.984980e+01,1.958227e+01,1.982168e+01,1.969500e+01,1.965979e+01,1.941293e+01,1.958932e+01,1.942705e+01,1.939174e+01,1.933522e+01,1.924331e+01,1.922208e+01,1.920085e+01,1.925745e+01,1.921501e+01,1.917254e+01,1.920085e+01,1.927160e+01,1.917962e+01,1.922208e+01,1.921501e+01,1.926452e+01,1.927160e+01,1.929988e+01,1.937055e+01,1.933522e+01,1.935642e+01,1.935642e+01,1.907339e+01,1.930695e+01,1.910173e+01,1.944823e+01,1.941999e+01,1.938468e+01,1.939881e+01,1.959637e+01,1.984277e+01,1.989901e+01,1.986386e+01,1.998330e+01,2.015869e+01,2.029878e+01,2.031278e+01,2.064816e+01,2.045964e+01,2.066211e+01,2.071789e+01,2.089200e+01,2.067605e+01,2.087808e+01,2.078757e+01,2.093374e+01,2.097547e+01,2.116302e+01,2.094070e+01,2.087808e+01,2.088504e+01,2.098242e+01,2.105887e+01,2.087808e+01,2.098242e+01,2.100327e+01,2.094070e+01,2.100327e+01,2.096156e+01,2.099632e+01,2.097547e+01,2.095461e+01,2.089896e+01,2.094070e+01,2.106581e+01,2.096156e+01,2.092679e+01,2.090592e+01,2.098242e+01,2.106581e+01,2.109360e+01,2.091983e+01,2.089200e+01,2.096156e+01,2.082935e+01,2.092679e+01,2.089896e+01,2.089896e+01,2.094765e+01,2.104497e+01,2.099632e+01,2.105887e+01,2.110748e+01,2.116302e+01,2.105887e+01,2.101718e+01,2.107971e+01,2.093374e+01,2.082239e+01,2.091983e+01,2.098242e+01,2.087112e+01,2.093374e+01,2.096156e+01,2.066211e+01,2.082239e+01,2.073182e+01,2.069000e+01,2.061327e+01,2.080150e+01,2.062025e+01,2.056442e+01,2.064118e+01,2.056442e+01,2.085024e+01,2.089896e+01
2.073879e+01,2.061327e+01,2.078060e+01,2.076667e+01,2.081543e+01,2.069000e+01,2.064118e+01,2.062723e+01,2.071789e+01,2.064118e+01,2.069697e+01,2.049458e+01,2.045266e+01,2.034777e+01,2.034777e+01,2.024977e+01,2.013766e+01,1.996224e+01,2.005350e+01,1.990604e+01,1.981464e+01,1.974428e+01,1.978650e+01,1.980058e+01,1.975132e+01,1.985683e+01,1.973725e+01,1.984277e+01,1.987090e+01,1.998330e+01,2.008857e+01,2.010961e+01,2.002542e+01,2.012364e+01,2.010961e+01,1.989901e+01,1.980761e+01,1.965979e+01,1.936349e+01,1.939174e+01,1.922916e+01,1.927160e+01,1.925745e+01,1.919378e+01,1.917254e+01,1.905922e+01,1.900251e+01,1.898123e+01,1.886769e+01,1.885349e+01,1.895286e+01,1.862598e+01,1.863309e+01,1.864021e+01,1.863309e+01,1.863309e+01,1.863309e+01,1.836940e+01,1.831944e+01,1.835513e+01,1.866156e+01,1.859750e+01,1.884638e+01,1.893867e+01,1.903795e+01,1.927867e+01,1.940587e+01,1.947647e+01,1.977947e+01,1.978650e+01,1.989198e+01,2.036875e+01,2.064118e+01,2.066211e+01,2.081543e+01,2.068303e+01,2.077363e+01,2.073879e+01,2.080150e+01,2.085024e+01,2.082935e+01,2.085024e+01,2.077363e+01,2.080846e+01,2.070394e+01,2.084328e+01,2.087112e+01,2.084328e+01,2.087808e+01,2.089896e+01,2.083632e+01,2.078757e+01,2.069697e+01,2.080150e+01,2.078060e+01,2.082239e+01,2.086416e+01,2.082239e+01,2.077363e+01,2.082239e+01,2.080150e+01,2.077363e+01,2.088504e+01,2.078060e+01,2.076667e+01,2.078060e+01,2.075970e+01,2.067605e+01,2.078757e+01,2.085720e+01,2.083632e+01,2.080846e+01,2.071789e+01,2.078060e+01,2.069697e+01,2.060629e+01,2.027778e+01,2.027078e+01,1.991306e+01,1.954701e+01,1.920793e+01,1.896704e+01,1.895995e+01,1.876112e+01,1.870424e+01,1.831230e+01,1.830515e+01,1.807638e+01,1.816223e+01,1.800478e+01,1.806207e+01,1.813362e+01,1.808354e+01,1.809785e+01,1.811216e+01,1.808354e+01,1.809069e+01,1.818369e+01,1.825516e+01,1.824801e+01,1.822657e+01,1.833372e+01,1.821943e+01,1.833372e+01,1.830515e+01,1.831944e+01,1.839794e+01,1.833372e+01,1.842648e+01,1.842648e+01,1.838367e+01,1.839081e+01,1.839081e+01,1.846213e+01,1.858326e+01,1.846213e+01,1.847639e+01,1.855477e+01,1.859038e+01,1.872558e+01,1.864021e+01,1.873980e+01,1.883218e+01,1.888189e+01,1.878955e+01,1.890318e+01,1.897414e+01,1.893867e+01,1.897414e+01,1.919378e+01,1.917962e+01,1.909464e+01,1.921501e+01,1.913714e+01,1.925038e+01,1.915838e+01,1.926452e+01,1.932815e+01,1.932815e+01,1.929988e+01,1.931402e+01,1.925038e+01,1.937762e+01,1.932815e+01,1.938468e+01,1.934936e+01,1.937055e+01,1.957522e+01,1.976540e+01,1.980761e+01,1.995521e+01,2.007454e+01,2.027778e+01,2.045964e+01,2.065513e+01,2.064816e+01,2.071091e+01,2.064118e+01,2.059234e+01,2.070394e+01,2.078060e+01,2.076667e+01,2.069000e+01,2.072486e+01,2.074576e+01,2.071091e+01,2.070394e+01,2.064118e+01,2.063420e+01,2.076667e+01,2.073182e+01,2.059234e+01,2.066908e+01,2.078757e+01,2.073182e+01,2.079453e+01,2.075970e+01,2.072486e+01,2.064816e+01,2.070394e+01,2.068303e+01,2.058536e+01,2.064118e+01,2.055743e+01,2.055045e+01,2.027778e+01,2.031978e+01,2.026378e+01,2.012364e+01,2.006753e+01,1.994117e+01,1.991306e+01,1.970205e+01,1.959637e+01,1.970205e+01,1.956112e+01,1.969500e+01,1.968796e+01,1.964570e+01,1.962456e+01,1.964570e+01,1.970205e+01,1.973725e+01,1.981464e+01,1.984277e+01,1.984980e+01,1.967388e+01,1.980058e+01,1.965979e+01,2.003244e+01,1.980761e+01,1.988495e+01,1.986386e+01,1.994117e+01,1.997628e+01,2.000437e+01,1.980761e+01,1.982168e+01,2.009559e+01,1.992711e+01,1.973725e+01,1.962456e+01,1.973725e+01,1.960342e+01,1.955407e+01,1.946235e+01,1.944823e+01,1.927160e+01,1.936349e+01,1.942705e+01,1.932109e+01,1.913006e+01,1.932109e+01,1.925745e+01,1.922916e+01,1.918670e+01,1.931402e+01,1.925745e+01,1.934936e+01,1.929988e+01,1.932109e+01,1.929988e+01,1.919378e+01,1.920793e+01,1.932109e+01,1.930695e+01,1.922916e+01,1.922916e+01,1.912298e+01,1.922916e+01,1.913714e+01,1.920793e+01,1.922208e+01,1.912298e+01,1.901669e+01,1.894576e+01,1.883218e+01,1.896704e+01,1.883218e+01,1.883928e+01,1.880376e+01,1.882508e+01,1.886769e+01,1.880376e+01,1.874691e+01,1.876823e+01,1.872558e+01,1.871135e+01,1.866156e+01,1.877534e+01,1.889609e+01,1.883218e+01,1.883928e+01,1.891738e+01,1.905922e+01,1.910173e+01,1.920793e+01,1.910173e+01,1.923623e+01,1.951175e+01,1.935642e+01,1.957522e+01,1.959637e+01,1.972317e+01,1.980058e+01,1.992009e+01,2.013766e+01,2.022176e+01,2.035476e+01,2.036875e+01,2.071091e+01,2.071091e+01,2.061327e+01,2.069000e+01,2.062025e+01,2.062025e+01,2.059932e+01,2.059234e+01,2.048061e+01,2.025677e+01,2.022176e+01,2.002542e+01,1.983574e+01,1.979354e+01,1.958227e+01,1.959637e+01,1.954701e+01,1.920793e+01,1.908756e+01,1.888899e+01,1.888189e+01,1.886769e+01,1.888189e+01,1.881087e+01,1.877534e+01,1.869002e+01,1.880376e+01,1.881087e+01,1.881087e+01,1.882508e+01,1.887479e+01,1.908756e+01,1.935642e+01,1.944823e+01,1.968796e+01,1.978650e+01,2.001139e+01,2.031278e+01,2.035476e+01,2.055743e+01,2.066908e+01,2.053649e+01,2.075273e+01,2.081543e+01,2.072486e+01,2.079453e+01,2.074576e+01,2.078757e+01,2.077363e+01,2.083632e+01,2.075970e+01,2.080846e+01,2.075970e+01,2.073182e+01,2.069000e+01,2.064118e+01,2.052950e+01,2.035476e+01,1.952586e+01,1.891028e+01,1.852628e+01,1.840508e+01,1.794746e+01,1.789728e+01,1.750931e+01,1.756688e+01,1.753090e+01,1.730032e+01,1.729311e+01,1.732917e+01,1.743009e+01,1.761723e+01,1.783273e+01,1.801194e+01,1.826944e+01,1.861174e+01,1.892448e+01,1.934229e+01,1.935642e+01,1.956112e+01,1.986386e+01,2.028478e+01,2.019373e+01,2.023577e+01,1.952586e+01,1.825516e+01,1.764599e+01,1.717760e+01,1.708366e+01,1.713425e+01,1.740847e+01,1.763161e+01,1.784707e+01,1.783273e+01,1.800478e+01,1.800478e+01,1.781837e+01,1.756688e+01,1.747331e+01,1.743730e+01,1.742289e+01,1.755969e+01,1.784707e+01,1.827659e+01,1.857614e+01,1.877534e+01,1.905213e+01,1.922208e+01,1.942705e+01,1.987090e+01,1.987090e+01,2.042470e+01,2.056442e+01,2.083632e+01,2.080150e+01,2.093374e+01,2.080846e+01,2.067605e+01,2.077363e+01,2.069000e+01,2.069697e+01,2.065513e+01,2.083632e+01,2.085720e+01,2.080846e+01,2.080846e+01,2.063420e+01,2.062723e+01,2.079453e+01,2.073879e+01,2.066908e+01,2.066211e+01,2.071091e+01,2.071091e+01,2.076667e+01,2.071789e+01,2.077363e+01,2.078757e+01,2.078757e+01,2.062025e+01,2.056442e+01,2.066211e+01,2.070394e+01,2.082239e+01,2.083632e+01,2.075273e+01,2.070394e+01,2.064816e+01,2.066211e+01,2.043868e+01,2.045964e+01,2.021475e+01,2.037575e+01,2.018673e+01,2.024277e+01,2.009559e+01,2.015869e+01,1.998330e+01,2.006753e+01,1.987090e+01,1.968092e+01,1.944118e+01,1.946235e+01,1.935642e+01,1.951880e+01,1.946235e+01,1.946235e+01,1.961047e+01,1.960342e+01,1.944823e+01,1.960342e+01,1.985683e+01,1.987090e+01,2.003244e+01,2.013065e+01,2.027778e+01,2.052252e+01,2.050855e+01,2.050157e+01,2.048061e+01,2.013766e+01,2.015168e+01,2.017972e+01,2.013065e+01,2.018673e+01,1.996926e+01,2.014467e+01,2.002542e+01,2.008857e+01,1.996224e+01,2.006753e+01,2.004648e+01,2.007454e+01,2.013766e+01,1.999033e+01,1.994819e+01,2.001139e+01,1.983574e+01,1.996224e+01,1.977947e+01,1.962456e+01,1.953291e+01,1.939881e+01,1.933522e+01,1.941999e+01,1.929988e+01,1.931402e+01,1.925745e+01,1.929988e+01,1.930695e+01,1.927160e+01,1.905922e+01,1.921501e+01,1.920793e+01,1.905922e+01,1.922208e+01,1.921501e+01,1.917254e+01,1.922208e+01,1.926452e+01,1.918670e+01,1.932109e+01,1.908047e+01,1.935642e+01,1.933522e+01,1.927867e+01,1.929988e+01,1.917254e+01,1.913714e+01,1.936349e+01,1.944823e+01,1.930695e+01,1.937762e+01,1.934936e+01,1.944823e+01,1.953291e+01,1.960342e+01,1.975836e+01,1.996926e+01,1.984980e+01,1.995521e+01,2.008857e+01,2.014467e+01,2.021475e+01,2.046663e+01,2.050157e+01,2.047362e+01,2.064816e+01,2.064816e+01,2.082935e+01,2.086416e+01,2.073182e+01,2.089896e+01,2.091287e+01,2.084328e+01,2.085720e+01,2.095461e+01,2.101718e+01,2.098242e+01,2.103107e+01,2.096156e+01,2.097547e+01,2.096156e+01,2.096156e+01,2.089200e+01,2.096156e+01,2.091983e+01,2.099632e+01,2.093374e+01,2.087112e+01,2.096156e+01,2.092679e+01,2.087808e+01,2.093374e+01,2.089896e+01,2.098242e+01,2.096156e+01,2.094765e+01,2.082935e+01,2.098242e+01,2.092679e+01,2.101023e+01,2.094070e+01,2.110054e+01,2.089896e+01,2.098937e+01,2.101718e+01,2.104497e+01,2.110054e+01,2.101023e+01,2.099632e+01,2.096156e+01,2.097547e+01,2.094765e+01,2.093374e+01,2.087112e+01,2.071789e+01,2.087808e+01,2.083632e+01,2.066211e+01,2.074576e+01,2.072486e+01,2.055743e+01,2.064118e+01,2.059932e+01,2.059932e+01,2.061327e+01,2.066211e+01,2.079453e+01,2.101718e+01
2.059234e+01,2.076667e+01,2.068303e+01,2.073879e+01,2.072486e+01,2.066211e+01,2.062723e+01,2.062723e+01,2.066908e+01,2.068303e+01,2.065513e+01,2.048061e+01,2.048061e+01,2.034777e+01,2.022876e+01,1.999033e+01,2.009559e+01,2.001841e+01,2.009559e+01,1.986386e+01,1.986386e+01,1.967388e+01,1.969500e+01,1.969500e+01,1.969500e+01,1.984277e+01,1.975132e+01,1.975836e+01,1.985683e+01,1.999033e+01,1.994117e+01,2.008857e+01,2.006051e+01,2.020074e+01,2.004648e+01,1.993414e+01,2.007454e+01,1.987792e+01,1.963161e+01,1.951175e+01,1.939174e+01,1.929281e+01,1.916546e+01,1.913714e+01,1.905213e+01,1.907339e+01,1.887479e+01,1.896704e+01,1.881087e+01,1.856902e+01,1.881797e+01,1.866156e+01,1.863309e+01,1.834085e+01,1.863309e+01,1.846213e+01,1.849064e+01,1.828373e+01,1.835513e+01,1.836940e+01,1.856190e+01,1.859750e+01,1.883218e+01,1.894576e+01,1.908756e+01,1.913714e+01,1.934229e+01,1.944823e+01,1.982871e+01,1.983574e+01,1.984980e+01,2.001139e+01,2.043868e+01,2.069697e+01,2.069000e+01,2.073182e+01,2.074576e+01,2.073879e+01,2.071091e+01,2.078060e+01,2.082239e+01,2.082239e+01,2.093374e+01,2.073182e+01,2.082935e+01,2.084328e+01,2.086416e+01,2.085024e+01,2.086416e+01,2.082935e+01,2.073182e+01,2.082935e+01,2.075273e+01,2.078060e+01,2.078757e+01,2.079453e+01,2.082239e+01,2.092679e+01,2.084328e+01,2.079453e+01,2.080150e+01,2.082239e+01,2.081543e+01,2.075273e+01,2.079453e+01,2.077363e+01,2.083632e+01,2.087808e+01,2.086416e+01,2.085720e+01,2.045964e+01,2.082935e+01,2.069000e+01,2.060629e+01,2.050157e+01,2.026378e+01,2.020074e+01,1.987090e+01,1.988495e+01,1.938468e+01,1.893157e+01,1.873980e+01,1.836227e+01,1.832658e+01,1.831230e+01,1.817653e+01,1.799045e+01,1.807638e+01,1.818369e+01,1.801194e+01,1.797613e+01,1.804059e+01,1.814078e+01,1.801910e+01,1.816223e+01,1.806922e+01,1.813362e+01,1.809069e+01,1.821228e+01,1.828373e+01,1.824801e+01,1.819083e+01,1.831944e+01,1.819798e+01,1.821228e+01,1.841934e+01,1.848352e+01,1.846926e+01,1.846926e+01,1.846213e+01,1.848352e+01,1.845500e+01,1.850490e+01,1.859038e+01,1.843361e+01,1.857614e+01,1.861174e+01,1.866156e+01,1.869713e+01,1.863309e+01,1.867579e+01,1.883218e+01,1.887479e+01,1.884638e+01,1.893157e+01,1.889609e+01,1.899541e+01,1.904504e+01,1.894576e+01,1.907339e+01,1.920085e+01,1.904504e+01,1.915130e+01,1.901669e+01,1.929988e+01,1.922208e+01,1.922208e+01,1.920085e+01,1.917962e+01,1.939174e+01,1.920085e+01,1.915130e+01,1.926452e+01,1.935642e+01,1.916546e+01,1.937762e+01,1.926452e+01,1.946235e+01,1.937055e+01,1.973725e+01,1.977947e+01,1.996224e+01,2.004648e+01,2.015168e+01,2.013065e+01,2.042470e+01,2.048759e+01,2.068303e+01,2.054347e+01,2.073182e+01,2.074576e+01,2.071789e+01,2.066908e+01,2.066908e+01,2.074576e+01,2.065513e+01,2.062025e+01,2.069000e+01,2.062723e+01,2.066908e+01,2.066908e+01,2.075970e+01,2.078060e+01,2.078060e+01,2.078060e+01,2.080150e+01,2.071789e+01,2.079453e+01,2.072486e+01,2.071789e+01,2.072486e+01,2.061327e+01,2.067605e+01,2.058536e+01,2.057140e+01,2.038274e+01,2.031978e+01,2.030578e+01,2.030578e+01,2.020074e+01,2.012364e+01,1.989901e+01,1.994117e+01,1.988495e+01,1.984277e+01,1.970205e+01,1.970205e+01,1.979354e+01,1.986386e+01,1.988495e+01,1.975132e+01,1.973725e+01,1.990604e+01,1.990604e+01,1.995521e+01,1.980761e+01,1.994819e+01,1.995521e+01,1.999033e+01,1.982871e+01,2.003946e+01,2.002542e+01,2.001841e+01,1.984980e+01,2.004648e+01,2.005350e+01,2.005350e+01,2.014467e+01,2.003946e+01,1.986386e+01,1.976540e+01,1.971613e+01,1.968796e+01,1.950469e+01,1.969500e+01,1.952586e+01,1.940587e+01,1.937055e+01,1.938468e+01,1.933522e+01,1.928574e+01,1.931402e+01,1.939174e+01,1.924331e+01,1.916546e+01,1.905213e+01,1.914422e+01,1.921501e+01,1.920793e+01,1.925038e+01,1.920793e+01,1.919378e+01,1.924331e+01,1.922208e+01,1.917962e+01,1.916546e+01,1.910881e+01,1.920085e+01,1.910173e+01,1.922208e+01,1.920085e+01,1.907339e+01,1.912298e+01,1.912298e+01,1.895995e+01,1.913006e+01,1.885349e+01,1.897414e+01,1.900960e+01,1.899541e+01,1.881797e+01,1.878955e+01,1.877534e+01,1.862598e+01,1.886769e+01,1.868290e+01,1.871135e+01,1.860462e+01,1.870424e+01,1.884638e+01,1.861886e+01,1.883928e+01,1.881797e+01,1.887479e+01,1.888189e+01,1.895995e+01,1.902378e+01,1.898832e+01,1.914422e+01,1.922916e+01,1.942705e+01,1.932815e+01,1.946941e+01,1.965274e+01,1.967388e+01,1.969500e+01,1.980761e+01,2.009559e+01,2.012364e+01,2.027778e+01,2.036176e+01,2.058536e+01,2.058536e+01,2.064816e+01,2.062025e+01,2.065513e+01,2.059234e+01,2.059234e+01,2.048061e+01,2.043868e+01,2.020074e+01,2.005350e+01,2.006051e+01,2.007454e+01,1.996926e+01,1.970909e+01,1.953291e+01,1.922916e+01,1.920085e+01,1.895286e+01,1.895286e+01,1.886769e+01,1.880376e+01,1.885349e+01,1.875401e+01,1.879666e+01,1.877534e+01,1.887479e+01,1.885349e+01,1.899541e+01,1.905213e+01,1.916546e+01,1.937055e+01,1.954701e+01,1.956817e+01,2.004648e+01,2.014467e+01,2.027778e+01,2.036176e+01,2.052950e+01,2.055045e+01,2.064118e+01,2.071091e+01,2.071091e+01,2.074576e+01,2.066211e+01,2.084328e+01,2.075273e+01,2.073182e+01,2.080846e+01,2.082935e+01,2.075273e+01,2.075970e+01,2.073182e+01,2.072486e+01,2.071091e+01,2.066908e+01,2.057838e+01,1.992009e+01,1.905213e+01,1.853340e+01,1.823372e+01,1.806922e+01,1.783273e+01,1.761723e+01,1.749491e+01,1.746611e+01,1.730754e+01,1.732196e+01,1.742289e+01,1.758846e+01,1.754530e+01,1.768912e+01,1.800478e+01,1.828373e+01,1.861886e+01,1.901669e+01,1.917254e+01,1.940587e+01,1.956817e+01,1.961751e+01,1.992711e+01,2.013766e+01,2.015168e+01,1.944118e+01,1.824087e+01,1.735081e+01,1.685926e+01,1.677952e+01,1.679402e+01,1.712703e+01,1.737244e+01,1.737965e+01,1.743730e+01,1.783990e+01,1.816223e+01,1.801910e+01,1.771067e+01,1.768912e+01,1.771067e+01,1.757408e+01,1.762442e+01,1.778249e+01,1.808354e+01,1.836227e+01,1.857614e+01,1.878245e+01,1.913714e+01,1.922916e+01,1.956112e+01,1.948352e+01,1.987090e+01,2.022176e+01,2.052252e+01,2.081543e+01,2.078757e+01,2.077363e+01,2.069697e+01,2.061327e+01,2.080150e+01,2.075970e+01,2.073182e+01,2.082935e+01,2.082935e+01,2.085024e+01,2.087112e+01,2.082935e+01,2.079453e+01,2.079453e+01,2.067605e+01,2.067605e+01,2.064816e+01,2.070394e+01,2.069697e+01,2.082239e+01,2.069000e+01,2.098937e+01,2.075970e+01,2.090592e+01,2.086416e+01,2.071789e+01,2.075273e+01,2.081543e+01,2.075970e+01,2.084328e+01,2.073182e+01,2.072486e+01,2.064816e+01,2.069000e+01,2.057140e+01,2.062723e+01,2.047362e+01,2.044567e+01,2.045266e+01,2.043868e+01,2.041770e+01,2.042470e+01,2.031278e+01,2.008857e+01,1.987792e+01,1.980058e+01,1.965274e+01,1.942705e+01,1.934936e+01,1.942705e+01,1.944118e+01,1.944118e+01,1.934229e+01,1.939881e+01,1.957522e+01,1.958227e+01,1.966683e+01,1.981464e+01,1.986386e+01,1.992009e+01,2.031278e+01,2.043868e+01,2.051554e+01,2.042470e+01,2.041770e+01,2.027078e+01,2.042470e+01,2.019373e+01,2.021475e+01,2.029178e+01,2.022876e+01,2.014467e+01,2.008857e+01,2.013065e+01,2.003946e+01,2.019373e+01,2.010961e+01,2.008156e+01,2.007454e+01,1.988495e+01,1.985683e+01,1.986386e+01,1.985683e+01,1.988495e+01,1.968092e+01,1.956112e+01,1.955407e+01,1.946941e+01,1.928574e+01,1.942705e+01,1.924331e+01,1.921501e+01,1.932109e+01,1.923623e+01,1.920793e+01,1.908047e+01,1.915838e+01,1.924331e+01,1.919378e+01,1.915130e+01,1.908756e+01,1.923623e+01,1.922916e+01,1.923623e+01,1.922916e+01,1.922916e+01,1.934229e+01,1.920085e+01,1.922208e+01,1.936349e+01,1.932109e+01,1.926452e+01,1.915838e+01,1.926452e+01,1.920085e+01,1.922208e+01,1.920085e+01,1.920793e+01,1.927160e+01,1.937055e+01,1.929988e+01,1.934936e+01,1.944823e+01,1.944823e+01,1.984980e+01,1.984277e+01,1.983574e+01,1.983574e+01,1.989901e+01,2.008156e+01,2.008156e+01,2.044567e+01,2.042470e+01,2.047362e+01,2.050157e+01,2.052950e+01,2.076667e+01,2.075970e+01,2.079453e+01,2.087112e+01,2.085720e+01,2.094765e+01,2.094070e+01,2.086416e+01,2.088504e+01,2.089896e+01,2.097547e+01,2.089896e+01,2.089896e+01,2.102413e+01,2.096852e+01,2.105887e+01,2.098242e+01,2.094070e+01,2.090592e+01,2.096156e+01,2.089200e+01,2.090592e+01,2.095461e+01,2.091287e+01,2.094070e+01,2.101023e+01,2.091983e+01,2.099632e+01,2.098242e+01,2.094070e+01,2.103107e+01,2.103107e+01,2.103802e+01,2.116996e+01,2.104497e+01,2.103107e+01,2.102413e+01,2.101718e+01,2.107276e+01,2.089200e+01,2.094765e+01,2.094765e+01,2.088504e+01,2.082935e+01,2.091983e+01,2.074576e+01,2.091287e+01,2.085024e+01,2.089896e+01,2.080150e+01,2.069000e+01,2.066211e+01,2.064118e+01,2.063420e+01,2.062723e+01,2.064816e+01,2.071091e+01,2.101023e+01,2.109360e+01
2.058536e+01,2.075970e+01,2.077363e+01,2.075970e+01,2.074576e+01,2.086416e+01,2.069000e+01,2.063420e+01,2.064816e+01,2.063420e+01,2.083632e+01,2.062025e+01,2.045266e+01,2.029178e+01,2.021475e+01,2.010260e+01,2.018673e+01,1.994117e+01,1.975836e+01,1.984980e+01,1.970205e+01,1.970205e+01,1.967388e+01,1.975132e+01,1.979354e+01,1.974428e+01,1.985683e+01,1.968092e+01,1.979354e+01,1.995521e+01,1.975836e+01,1.995521e+01,1.999033e+01,1.997628e+01,2.003244e+01,2.010961e+01,1.996224e+01,1.989198e+01,1.989901e+01,1.982168e+01,1.952586e+01,1.938468e+01,1.939174e+01,1.908756e+01,1.900251e+01,1.905213e+01,1.891028e+01,1.885349e+01,1.890318e+01,1.877534e+01,1.862598e+01,1.852628e+01,1.847639e+01,1.859038e+01,1.843361e+01,1.829801e+01,1.822657e+01,1.852628e+01,1.827659e+01,1.841221e+01,1.859750e+01,1.869002e+01,1.883928e+01,1.907339e+01,1.905213e+01,1.907339e+01,1.929988e+01,1.947647e+01,1.965979e+01,1.973725e+01,1.993414e+01,2.016570e+01,2.043868e+01,2.066908e+01,2.068303e+01,2.066211e+01,2.081543e+01,2.082935e+01,2.082239e+01,2.066211e+01,2.078757e+01,2.077363e+01,2.080150e+01,2.082239e+01,2.082239e+01,2.083632e+01,2.082935e+01,2.082239e+01,2.086416e+01,2.081543e+01,2.048759e+01,2.084328e+01,2.076667e+01,2.076667e+01,2.082239e+01,2.080150e+01,2.105887e+01,2.080150e+01,2.082935e+01,2.076667e+01,2.080846e+01,2.082239e+01,2.080846e+01,2.083632e+01,2.075970e+01,2.078757e+01,2.080846e+01,2.078060e+01,2.081543e+01,2.086416e+01,2.074576e+01,2.078757e+01,2.084328e+01,2.071091e+01,2.030578e+01,2.019373e+01,1.990604e+01,1.951880e+01,1.923623e+01,1.910173e+01,1.869002e+01,1.865444e+01,1.849064e+01,1.828373e+01,1.829087e+01,1.813362e+01,1.811932e+01,1.813362e+01,1.815508e+01,1.796179e+01,1.812647e+01,1.806207e+01,1.802627e+01,1.806207e+01,1.809069e+01,1.813362e+01,1.812647e+01,1.820513e+01,1.826230e+01,1.817653e+01,1.815508e+01,1.818369e+01,1.819798e+01,1.831230e+01,1.834799e+01,1.844787e+01,1.844787e+01,1.847639e+01,1.846926e+01,1.846213e+01,1.850490e+01,1.863309e+01,1.866156e+01,1.861174e+01,1.865444e+01,1.866156e+01,1.875401e+01,1.871847e+01,1.886769e+01,1.881087e+01,1.883218e+01,1.878955e+01,1.888189e+01,1.888899e+01,1.891738e+01,1.903087e+01,1.905213e+01,1.907339e+01,1.906630e+01,1.902378e+01,1.908756e+01,1.913714e+01,1.917254e+01,1.916546e+01,1.927160e+01,1.925745e+01,1.914422e+01,1.924331e+01,1.913714e+01,1.918670e+01,1.915130e+01,1.910881e+01,1.913714e+01,1.923623e+01,1.937055e+01,1.911590e+01,1.920085e+01,1.940587e+01,1.936349e+01,1.939881e+01,1.956112e+01,1.980761e+01,1.982871e+01,1.995521e+01,2.011663e+01,2.034777e+01,2.048759e+01,2.052950e+01,2.044567e+01,2.066908e+01,2.074576e+01,2.066211e+01,2.070394e+01,2.069000e+01,2.067605e+01,2.069000e+01,2.059234e+01,2.066908e+01,2.073879e+01,2.066211e+01,2.075273e+01,2.069697e+01,2.073182e+01,2.077363e+01,2.076667e+01,2.086416e+01,2.080150e+01,2.081543e+01,2.071091e+01,2.069000e+01,2.067605e+01,2.061327e+01,2.067605e+01,2.052252e+01,2.039673e+01,2.037575e+01,2.041770e+01,2.031278e+01,2.032678e+01,2.040372e+01,2.032678e+01,2.020074e+01,2.013766e+01,1.989198e+01,1.992009e+01,1.987792e+01,2.003244e+01,2.004648e+01,1.998330e+01,2.006051e+01,2.020074e+01,2.001841e+01,2.004648e+01,2.000437e+01,1.993414e+01,1.996224e+01,1.994819e+01,2.013065e+01,2.004648e+01,2.004648e+01,2.005350e+01,2.015869e+01,2.005350e+01,2.011663e+01,2.003946e+01,2.015168e+01,2.005350e+01,2.008156e+01,2.009559e+01,2.003946e+01,2.001139e+01,1.976540e+01,1.984980e+01,1.981464e+01,1.955407e+01,1.950469e+01,1.942705e+01,1.939174e+01,1.929988e+01,1.932109e+01,1.925038e+01,1.917254e+01,1.920793e+01,1.922208e+01,1.903087e+01,1.922208e+01,1.919378e+01,1.917962e+01,1.905922e+01,1.919378e+01,1.914422e+01,1.914422e+01,1.915838e+01,1.913714e+01,1.919378e+01,1.912298e+01,1.905213e+01,1.919378e+01,1.910881e+01,1.908756e+01,1.909464e+01,1.905213e+01,1.913006e+01,1.910173e+01,1.898123e+01,1.898832e+01,1.897414e+01,1.900960e+01,1.898832e+01,1.886769e+01,1.892448e+01,1.882508e+01,1.867579e+01,1.867579e+01,1.871847e+01,1.889609e+01,1.887479e+01,1.879666e+01,1.873980e+01,1.863309e+01,1.871847e+01,1.873980e+01,1.883928e+01,1.893157e+01,1.885349e+01,1.891028e+01,1.906630e+01,1.899541e+01,1.903087e+01,1.925745e+01,1.926452e+01,1.945529e+01,1.945529e+01,1.951880e+01,1.961047e+01,1.970909e+01,1.969500e+01,1.971613e+01,1.990604e+01,1.988495e+01,2.027078e+01,2.029178e+01,2.037575e+01,2.033377e+01,2.062723e+01,2.066211e+01,2.056442e+01,2.054347e+01,2.043169e+01,2.044567e+01,2.046663e+01,2.024277e+01,2.008857e+01,2.009559e+01,1.980058e+01,1.975132e+01,1.968796e+01,1.946941e+01,1.925745e+01,1.905213e+01,1.904504e+01,1.886769e+01,1.889609e+01,1.876823e+01,1.875401e+01,1.878955e+01,1.876112e+01,1.883928e+01,1.885349e+01,1.886059e+01,1.895995e+01,1.903087e+01,1.932815e+01,1.945529e+01,1.959637e+01,1.967388e+01,2.003244e+01,2.033377e+01,2.039673e+01,2.052252e+01,2.057140e+01,2.071789e+01,2.071789e+01,2.069697e+01,2.073879e+01,2.066908e+01,2.068303e+01,2.078060e+01,2.078060e+01,2.074576e+01,2.070394e+01,2.069697e+01,2.075273e+01,2.090592e+01,2.066211e+01,2.065513e+01,2.055743e+01,2.045266e+01,1.999735e+01,1.908756e+01,1.854053e+01,1.818369e+01,1.812647e+01,1.767474e+01,1.755249e+01,1.767474e+01,1.755969e+01,1.748051e+01,1.762442e+01,1.763161e+01,1.763880e+01,1.794029e+01,1.796179e+01,1.830515e+01,1.861886e+01,1.873269e+01,1.913714e+01,1.917962e+01,1.956817e+01,1.951880e+01,1.992009e+01,2.020074e+01,2.018673e+01,2.020774e+01,1.930695e+01,1.799045e+01,1.692446e+01,1.690998e+01,1.672148e+01,1.662709e+01,1.695343e+01,1.706196e+01,1.717038e+01,1.761723e+01,1.779684e+01,1.771067e+01,1.785425e+01,1.778249e+01,1.781120e+01,1.767474e+01,1.761723e+01,1.764599e+01,1.776095e+01,1.786142e+01,1.825516e+01,1.836940e+01,1.858326e+01,1.896704e+01,1.901669e+01,1.924331e+01,1.927160e+01,1.970909e+01,1.970205e+01,2.023577e+01,2.051554e+01,2.074576e+01,2.079453e+01,2.071789e+01,2.085024e+01,2.085720e+01,2.085024e+01,2.085720e+01,2.086416e+01,2.086416e+01,2.080150e+01,2.081543e+01,2.080150e+01,2.075970e+01,2.084328e+01,2.072486e+01,2.087112e+01,2.066908e+01,2.072486e+01,2.082935e+01,2.075273e+01,2.080150e+01,2.079453e+01,2.079453e+01,2.076667e+01,2.080150e+01,2.088504e+01,2.085720e+01,2.082935e+01,2.084328e+01,2.080150e+01,2.060629e+01,2.075273e+01,2.063420e+01,2.069697e+01,2.075970e+01,2.066211e+01,2.060629e+01,2.069697e+01,2.069697e+01,2.064816e+01,2.049458e+01,2.049458e+01,2.047362e+01,2.035476e+01,2.005350e+01,1.957522e+01,1.952586e+01,1.959637e+01,1.940587e+01,1.950469e+01,1.941293e+01,1.929281e+01,1.953996e+01,1.926452e+01,1.921501e+01,1.944118e+01,1.956817e+01,1.975132e+01,1.971613e+01,1.994819e+01,2.017271e+01,2.031278e+01,2.046663e+01,2.049458e+01,2.044567e+01,2.043169e+01,2.043868e+01,2.042470e+01,2.027778e+01,2.034777e+01,2.019373e+01,2.017271e+01,2.022176e+01,2.016570e+01,2.004648e+01,2.008156e+01,2.010260e+01,2.006753e+01,1.989198e+01,1.987792e+01,1.993414e+01,1.989198e+01,1.962456e+01,1.965274e+01,1.960342e+01,1.953291e+01,1.964570e+01,1.931402e+01,1.935642e+01,1.936349e+01,1.929281e+01,1.922916e+01,1.922916e+01,1.917254e+01,1.927160e+01,1.910881e+01,1.921501e+01,1.913714e+01,1.916546e+01,1.911590e+01,1.906630e+01,1.908756e+01,1.923623e+01,1.923623e+01,1.920085e+01,1.934229e+01,1.922916e+01,1.934936e+01,1.938468e+01,1.925038e+01,1.929281e+01,1.925038e+01,1.928574e+01,1.922208e+01,1.931402e+01,1.932815e+01,1.928574e+01,1.932815e+01,1.922208e+01,1.924331e+01,1.931402e+01,1.916546e+01,1.926452e+01,1.921501e+01,1.949764e+01,1.950469e+01,1.952586e+01,1.949764e+01,1.982871e+01,1.985683e+01,2.001139e+01,1.983574e+01,2.010961e+01,2.003946e+01,2.018673e+01,2.034777e+01,2.041770e+01,2.057140e+01,2.067605e+01,2.086416e+01,2.078757e+01,2.081543e+01,2.089200e+01,2.078757e+01,2.089200e+01,2.091983e+01,2.092679e+01,2.093374e+01,2.088504e+01,2.089896e+01,2.098242e+01,2.078060e+01,2.087808e+01,2.118384e+01,2.095461e+01,2.093374e+01,2.096156e+01,2.096852e+01,2.093374e+01,2.096156e+01,2.098242e+01,2.093374e+01,2.104497e+01,2.099632e+01,2.101023e+01,2.099632e+01,2.092679e+01,2.114220e+01,2.101023e+01,2.107276e+01,2.103107e+01,2.101718e+01,2.104497e+01,2.099632e+01,2.094765e+01,2.099632e+01,2.103802e+01,2.093374e+01,2.094765e+01,2.087112e+01,2.080846e+01,2.086416e+01,2.085720e+01,2.087112e+01,2.086416e+01,2.073879e+01,2.069697e+01,2.062025e+01,2.053649e+01,2.065513e+01,2.068303e+01,2.065513e+01,2.071789e+01,2.116996e+01,2.106581e+01
2.057140e+01,2.059932e+01,2.061327e+01,2.074576e+01,2.066211e+01,2.063420e+01,2.078757e+01,2.059932e+01,2.057140e+01,2.063420e+01,2.061327e+01,2.048759e+01,2.051554e+01,2.041770e+01,2.028478e+01,2.019373e+01,2.015869e+01,2.015869e+01,1.982168e+01,1.989901e+01,1.969500e+01,1.969500e+01,1.965979e+01,1.974428e+01,1.953996e+01,1.977947e+01,1.983574e+01,1.971613e+01,1.989198e+01,1.991306e+01,1.989198e+01,1.988495e+01,1.984277e+01,1.987090e+01,2.003946e+01,1.996926e+01,2.001139e+01,1.994819e+01,1.987090e+01,1.987090e+01,1.977947e+01,1.941999e+01,1.948352e+01,1.924331e+01,1.908756e+01,1.925745e+01,1.888189e+01,1.888899e+01,1.878955e+01,1.864733e+01,1.873980e+01,1.849064e+01,1.849064e+01,1.845500e+01,1.835513e+01,1.826230e+01,1.834799e+01,1.809785e+01,1.825516e+01,1.834799e+01,1.838367e+01,1.868290e+01,1.863309e+01,1.861886e+01,1.906630e+01,1.920793e+01,1.921501e+01,1.930695e+01,1.940587e+01,1.963161e+01,1.963865e+01,2.008156e+01,2.063420e+01,2.045266e+01,2.066211e+01,2.070394e+01,2.076667e+01,2.083632e+01,2.078757e+01,2.078757e+01,2.081543e+01,2.078060e+01,2.080150e+01,2.083632e+01,2.084328e+01,2.082935e+01,2.082935e+01,2.083632e+01,2.083632e+01,2.075273e+01,2.080150e+01,2.082239e+01,2.075970e+01,2.072486e+01,2.085024e+01,2.080150e+01,2.085024e+01,2.087112e+01,2.078060e+01,2.096156e+01,2.082935e+01,2.080150e+01,2.078757e+01,2.074576e+01,2.073182e+01,2.059234e+01,2.078757e+01,2.083632e+01,2.080150e+01,2.072486e+01,2.069697e+01,2.081543e+01,2.055743e+01,2.041071e+01,2.018673e+01,1.983574e+01,1.949058e+01,1.930695e+01,1.910173e+01,1.878955e+01,1.852628e+01,1.851203e+01,1.822657e+01,1.812647e+01,1.810501e+01,1.807638e+01,1.806922e+01,1.799045e+01,1.810501e+01,1.804059e+01,1.794746e+01,1.800478e+01,1.804059e+01,1.804059e+01,1.799045e+01,1.811216e+01,1.814793e+01,1.804775e+01,1.814793e+01,1.807638e+01,1.817653e+01,1.819083e+01,1.834085e+01,1.838367e+01,1.834799e+01,1.836227e+01,1.846213e+01,1.846213e+01,1.846926e+01,1.847639e+01,1.852628e+01,1.878245e+01,1.876823e+01,1.868290e+01,1.852628e+01,1.876112e+01,1.871847e+01,1.875401e+01,1.879666e+01,1.878955e+01,1.879666e+01,1.885349e+01,1.888189e+01,1.888899e+01,1.902378e+01,1.902378e+01,1.898123e+01,1.907339e+01,1.917254e+01,1.913006e+01,1.917962e+01,1.920085e+01,1.916546e+01,1.917254e+01,1.918670e+01,1.916546e+01,1.925038e+01,1.917254e+01,1.916546e+01,1.915838e+01,1.916546e+01,1.917254e+01,1.906630e+01,1.917254e+01,1.918670e+01,1.911590e+01,1.903087e+01,1.931402e+01,1.935642e+01,1.934936e+01,1.934936e+01,1.961047e+01,1.961047e+01,1.981464e+01,1.984980e+01,1.995521e+01,2.026378e+01,2.024277e+01,2.029878e+01,2.044567e+01,2.054347e+01,2.049458e+01,2.066908e+01,2.066908e+01,2.058536e+01,2.065513e+01,2.060629e+01,2.069000e+01,2.063420e+01,2.071091e+01,2.068303e+01,2.078060e+01,2.078060e+01,2.074576e+01,2.085024e+01,2.080846e+01,2.081543e+01,2.079453e+01,2.079453e+01,2.067605e+01,2.073879e+01,2.064118e+01,2.067605e+01,2.049458e+01,2.063420e+01,2.040372e+01,2.039673e+01,2.037575e+01,2.031278e+01,2.041770e+01,2.033377e+01,2.034777e+01,2.010961e+01,2.016570e+01,2.016570e+01,2.010260e+01,2.017271e+01,2.015168e+01,2.021475e+01,2.008156e+01,2.015168e+01,2.010260e+01,2.012364e+01,2.015869e+01,2.002542e+01,2.020774e+01,2.013766e+01,2.013766e+01,2.039673e+01,2.013766e+01,2.028478e+01,2.029178e+01,2.028478e+01,2.032678e+01,2.013766e+01,2.034077e+01,2.027778e+01,2.010961e+01,2.011663e+01,2.025677e+01,1.981464e+01,1.994117e+01,1.974428e+01,1.975132e+01,1.989198e+01,1.938468e+01,1.946941e+01,1.947647e+01,1.927867e+01,1.927160e+01,1.920793e+01,1.916546e+01,1.913714e+01,1.922208e+01,1.910881e+01,1.915838e+01,1.914422e+01,1.917962e+01,1.905213e+01,1.888189e+01,1.909464e+01,1.926452e+01,1.913006e+01,1.910173e+01,1.910173e+01,1.901669e+01,1.916546e+01,1.899541e+01,1.899541e+01,1.915838e+01,1.924331e+01,1.895995e+01,1.902378e+01,1.899541e+01,1.891028e+01,1.905213e+01,1.886769e+01,1.898123e+01,1.899541e+01,1.900960e+01,1.898123e+01,1.874691e+01,1.888189e+01,1.878245e+01,1.875401e+01,1.879666e+01,1.857614e+01,1.877534e+01,1.874691e+01,1.870424e+01,1.871847e+01,1.873269e+01,1.870424e+01,1.869002e+01,1.895286e+01,1.887479e+01,1.887479e+01,1.900251e+01,1.895995e+01,1.897414e+01,1.913714e+01,1.922208e+01,1.925038e+01,1.953996e+01,1.941999e+01,1.963161e+01,1.968796e+01,1.963865e+01,1.989198e+01,1.989198e+01,1.989901e+01,2.020774e+01,2.028478e+01,2.034077e+01,2.034077e+01,2.059234e+01,2.058536e+01,2.060629e+01,2.059932e+01,2.043169e+01,2.059234e+01,2.036875e+01,2.022176e+01,2.004648e+01,2.008156e+01,1.994117e+01,1.963865e+01,1.949764e+01,1.946235e+01,1.907339e+01,1.898832e+01,1.889609e+01,1.877534e+01,1.886059e+01,1.886769e+01,1.883218e+01,1.882508e+01,1.883218e+01,1.900251e+01,1.898123e+01,1.897414e+01,1.905213e+01,1.934936e+01,1.957522e+01,1.961047e+01,1.982871e+01,1.998330e+01,2.017271e+01,2.022176e+01,2.039673e+01,2.068303e+01,2.069000e+01,2.071091e+01,2.069697e+01,2.066908e+01,2.071091e+01,2.064118e+01,2.080150e+01,2.078757e+01,2.084328e+01,2.079453e+01,2.072486e+01,2.081543e+01,2.071789e+01,2.061327e+01,2.075273e+01,2.062723e+01,2.062025e+01,1.995521e+01,1.942705e+01,1.856190e+01,1.816938e+01,1.786142e+01,1.779684e+01,1.768912e+01,1.758846e+01,1.772504e+01,1.763161e+01,1.772504e+01,1.805490e+01,1.800478e+01,1.818369e+01,1.836227e+01,1.861886e+01,1.887479e+01,1.901669e+01,1.930695e+01,1.940587e+01,1.941999e+01,1.946235e+01,1.986386e+01,2.015869e+01,2.013766e+01,2.001841e+01,1.929281e+01,1.774659e+01,1.715593e+01,1.690998e+01,1.672148e+01,1.672148e+01,1.677952e+01,1.690273e+01,1.696067e+01,1.735081e+01,1.737244e+01,1.769630e+01,1.768193e+01,1.777531e+01,1.774659e+01,1.768912e+01,1.772504e+01,1.780402e+01,1.777531e+01,1.781120e+01,1.789728e+01,1.830515e+01,1.847639e+01,1.874691e+01,1.888899e+01,1.920793e+01,1.931402e+01,1.941293e+01,1.956817e+01,1.984277e+01,2.031978e+01,2.053649e+01,2.080150e+01,2.079453e+01,2.077363e+01,2.072486e+01,2.089896e+01,2.082935e+01,2.082239e+01,2.096156e+01,2.082239e+01,2.080150e+01,2.077363e+01,2.079453e+01,2.070394e+01,2.075970e+01,2.073879e+01,2.081543e+01,2.087112e+01,2.073182e+01,2.080150e+01,2.076667e+01,2.079453e+01,2.084328e+01,2.085024e+01,2.081543e+01,2.077363e+01,2.084328e+01,2.082239e+01,2.089896e+01,2.084328e+01,2.090592e+01,2.085720e+01,2.073879e+01,2.075273e+01,2.086416e+01,2.087808e+01,2.085024e+01,2.086416e+01,2.079453e+01,2.063420e+01,2.067605e+01,2.066908e+01,2.069000e+01,2.025677e+01,1.996224e+01,1.982168e+01,1.953996e+01,1.958227e+01,1.942705e+01,1.941999e+01,1.937055e+01,1.942705e+01,1.918670e+01,1.924331e+01,1.920085e+01,1.913006e+01,1.925745e+01,1.934936e+01,1.984277e+01,1.988495e+01,2.015168e+01,2.035476e+01,2.038974e+01,2.049458e+01,2.041770e+01,2.049458e+01,2.047362e+01,2.045266e+01,2.051554e+01,2.045266e+01,2.037575e+01,2.039673e+01,2.011663e+01,2.015168e+01,2.020074e+01,1.996224e+01,1.989198e+01,1.989198e+01,1.987792e+01,1.985683e+01,1.958932e+01,1.961751e+01,1.950469e+01,1.953996e+01,1.947647e+01,1.948352e+01,1.939881e+01,1.952586e+01,1.930695e+01,1.931402e+01,1.920085e+01,1.920793e+01,1.919378e+01,1.921501e+01,1.903795e+01,1.896704e+01,1.908047e+01,1.905213e+01,1.910881e+01,1.903087e+01,1.911590e+01,1.925038e+01,1.908756e+01,1.927160e+01,1.920085e+01,1.923623e+01,1.916546e+01,1.939881e+01,1.934229e+01,1.940587e+01,1.940587e+01,1.930695e+01,1.933522e+01,1.928574e+01,1.930695e+01,1.927160e+01,1.922208e+01,1.918670e+01,1.923623e+01,1.922916e+01,1.921501e+01,1.915838e+01,1.922916e+01,1.921501e+01,1.927867e+01,1.919378e+01,1.937055e+01,1.936349e+01,1.955407e+01,1.950469e+01,1.977947e+01,1.982168e+01,1.977243e+01,1.980761e+01,1.996926e+01,1.994819e+01,2.006051e+01,2.035476e+01,2.036875e+01,2.034777e+01,2.066211e+01,2.075273e+01,2.089200e+01,2.087112e+01,2.087112e+01,2.087112e+01,2.102413e+01,2.096852e+01,2.090592e+01,2.089200e+01,2.096156e+01,2.087808e+01,2.096156e+01,2.089200e+01,2.087112e+01,2.091983e+01,2.089896e+01,2.092679e+01,2.091287e+01,2.091983e+01,2.100327e+01,2.101023e+01,2.102413e+01,2.101023e+01,2.094070e+01,2.100327e+01,2.098937e+01,2.105192e+01,2.107971e+01,2.112831e+01,2.101023e+01,2.103107e+01,2.104497e+01,2.102413e+01,2.103107e+01,2.092679e+01,2.090592e+01,2.082239e+01,2.096852e+01,2.082935e+01,2.088504e+01,2.069000e+01,2.083632e+01,2.089200e+01,2.082935e+01,2.072486e+01,2.075273e+01,2.078757e+01,2.064816e+01,2.066211e+01,2.071091e+01,2.067605e+01,2.068303e+01,2.097547e+01,2.118384e+01
2.034777e+01,2.042470e+01,2.057140e+01,2.063420e+01,2.064816e+01,2.062723e+01,2.079453e+01,2.057838e+01,2.062723e+01,2.068303e+01,2.051554e+01,2.061327e+01,2.046663e+01,2.036176e+01,2.024977e+01,1.994819e+01,1.996224e+01,1.988495e+01,1.975836e+01,1.973725e+01,1.967388e+01,1.953996e+01,1.965274e+01,1.967388e+01,1.956112e+01,1.960342e+01,1.966683e+01,1.972317e+01,1.972317e+01,1.968092e+01,1.975132e+01,1.990604e+01,1.996224e+01,1.984980e+01,2.000437e+01,1.996926e+01,1.992711e+01,1.984980e+01,1.990604e+01,2.006753e+01,1.981464e+01,1.984277e+01,1.963161e+01,1.940587e+01,1.910881e+01,1.897414e+01,1.883928e+01,1.891028e+01,1.882508e+01,1.884638e+01,1.861174e+01,1.831944e+01,1.847639e+01,1.821228e+01,1.816223e+01,1.806922e+01,1.801910e+01,1.810501e+01,1.810501e+01,1.809785e+01,1.836940e+01,1.844074e+01,1.872558e+01,1.884638e+01,1.900960e+01,1.892448e+01,1.926452e+01,1.941999e+01,1.958932e+01,1.959637e+01,1.993414e+01,2.014467e+01,2.029878e+01,2.055045e+01,2.080846e+01,2.059932e+01,2.064816e+01,2.080150e+01,2.080846e+01,2.093374e+01,2.081543e+01,2.077363e+01,2.081543e+01,2.084328e+01,2.090592e+01,2.080846e+01,2.080846e+01,2.077363e+01,2.078060e+01,2.078060e+01,2.084328e+01,2.071091e+01,2.076667e+01,2.081543e+01,2.072486e+01,2.077363e+01,2.085720e+01,2.076667e+01,2.082935e+01,2.088504e+01,2.076667e+01,2.080150e+01,2.086416e+01,2.069697e+01,2.084328e+01,2.069000e+01,2.074576e+01,2.074576e+01,2.075970e+01,2.080846e+01,2.074576e+01,2.073182e+01,2.052950e+01,2.024977e+01,1.991306e+01,1.969500e+01,1.932109e+01,1.898123e+01,1.878245e+01,1.852628e+01,1.825516e+01,1.826944e+01,1.814793e+01,1.811216e+01,1.804059e+01,1.812647e+01,1.806207e+01,1.802627e+01,1.794746e+01,1.804059e+01,1.797613e+01,1.800478e+01,1.796896e+01,1.804775e+01,1.806207e+01,1.798329e+01,1.810501e+01,1.803343e+01,1.808354e+01,1.808354e+01,1.830515e+01,1.829801e+01,1.824087e+01,1.829801e+01,1.846213e+01,1.841934e+01,1.838367e+01,1.849777e+01,1.848352e+01,1.859750e+01,1.860462e+01,1.863309e+01,1.864733e+01,1.870424e+01,1.874691e+01,1.886059e+01,1.873269e+01,1.894576e+01,1.880376e+01,1.883218e+01,1.888899e+01,1.884638e+01,1.894576e+01,1.891738e+01,1.897414e+01,1.891028e+01,1.908047e+01,1.908756e+01,1.918670e+01,1.913714e+01,1.909464e+01,1.917962e+01,1.922208e+01,1.916546e+01,1.932109e+01,1.913006e+01,1.921501e+01,1.915130e+01,1.918670e+01,1.917254e+01,1.912298e+01,1.915838e+01,1.911590e+01,1.905922e+01,1.910881e+01,1.902378e+01,1.924331e+01,1.907339e+01,1.911590e+01,1.913006e+01,1.933522e+01,1.926452e+01,1.939881e+01,1.964570e+01,1.969500e+01,1.985683e+01,1.988495e+01,2.009559e+01,2.017271e+01,2.041770e+01,2.040372e+01,2.057838e+01,2.059932e+01,2.059234e+01,2.061327e+01,2.064118e+01,2.063420e+01,2.069697e+01,2.067605e+01,2.070394e+01,2.073879e+01,2.066908e+01,2.062025e+01,2.087112e+01,2.081543e+01,2.082239e+01,2.075273e+01,2.080846e+01,2.071091e+01,2.075273e+01,2.071789e+01,2.073182e+01,2.072486e+01,2.069697e+01,2.066908e+01,2.065513e+01,2.067605e+01,2.064816e+01,2.062025e+01,2.055045e+01,2.028478e+01,2.048759e+01,2.039673e+01,2.036875e+01,2.015869e+01,2.025677e+01,2.027778e+01,2.039673e+01,2.030578e+01,2.029878e+01,2.021475e+01,2.034077e+01,2.031278e+01,2.023577e+01,2.027778e+01,2.008857e+01,2.020774e+01,2.031978e+01,2.031278e+01,2.036875e+01,2.037575e+01,2.036875e+01,2.034077e+01,2.030578e+01,2.029178e+01,2.029878e+01,2.027778e+01,2.020774e+01,2.010961e+01,2.015168e+01,2.006051e+01,1.999735e+01,1.992009e+01,1.985683e+01,1.966683e+01,1.945529e+01,1.934936e+01,1.920085e+01,1.922916e+01,1.936349e+01,1.922208e+01,1.901669e+01,1.922916e+01,1.917962e+01,1.899541e+01,1.899541e+01,1.905213e+01,1.915130e+01,1.904504e+01,1.900960e+01,1.898832e+01,1.900960e+01,1.905213e+01,1.905213e+01,1.900960e+01,1.906630e+01,1.903087e+01,1.895995e+01,1.898123e+01,1.909464e+01,1.908756e+01,1.903087e+01,1.900251e+01,1.912298e+01,1.895286e+01,1.891738e+01,1.893867e+01,1.898123e+01,1.898123e+01,1.895995e+01,1.888899e+01,1.886769e+01,1.895995e+01,1.869713e+01,1.869002e+01,1.867579e+01,1.864021e+01,1.870424e+01,1.870424e+01,1.864021e+01,1.854765e+01,1.869713e+01,1.874691e+01,1.872558e+01,1.878245e+01,1.881087e+01,1.883218e+01,1.888189e+01,1.905922e+01,1.899541e+01,1.910173e+01,1.911590e+01,1.910173e+01,1.915130e+01,1.934936e+01,1.937055e+01,1.941999e+01,1.964570e+01,1.971613e+01,1.975836e+01,1.986386e+01,1.992009e+01,2.010260e+01,2.023577e+01,2.031978e+01,2.055045e+01,2.020774e+01,2.048061e+01,2.051554e+01,2.044567e+01,2.040372e+01,2.048759e+01,2.014467e+01,2.014467e+01,1.993414e+01,1.989198e+01,1.951880e+01,1.944118e+01,1.927867e+01,1.919378e+01,1.899541e+01,1.886059e+01,1.888899e+01,1.886769e+01,1.889609e+01,1.886769e+01,1.884638e+01,1.903087e+01,1.892448e+01,1.896704e+01,1.906630e+01,1.910173e+01,1.924331e+01,1.958932e+01,1.962456e+01,1.984277e+01,1.992711e+01,2.017271e+01,2.009559e+01,2.039673e+01,2.046663e+01,2.055045e+01,2.070394e+01,2.062025e+01,2.066211e+01,2.058536e+01,2.059932e+01,2.057838e+01,2.072486e+01,2.072486e+01,2.071091e+01,2.058536e+01,2.073879e+01,2.057140e+01,2.071789e+01,2.070394e+01,2.062723e+01,2.045964e+01,2.031278e+01,1.958227e+01,1.887479e+01,1.836940e+01,1.818369e+01,1.781837e+01,1.782555e+01,1.766756e+01,1.779684e+01,1.796179e+01,1.843361e+01,1.831944e+01,1.838367e+01,1.847639e+01,1.866156e+01,1.901669e+01,1.908047e+01,1.922208e+01,1.921501e+01,1.944118e+01,1.954701e+01,1.943411e+01,1.987090e+01,2.015168e+01,2.013766e+01,2.014467e+01,1.915130e+01,1.768193e+01,1.706919e+01,1.697514e+01,1.675050e+01,1.676501e+01,1.686651e+01,1.691722e+01,1.694619e+01,1.717760e+01,1.717760e+01,1.738685e+01,1.764599e+01,1.778967e+01,1.770349e+01,1.789728e+01,1.788294e+01,1.793313e+01,1.778249e+01,1.787577e+01,1.829801e+01,1.829801e+01,1.855477e+01,1.860462e+01,1.885349e+01,1.904504e+01,1.934936e+01,1.942705e+01,1.952586e+01,1.986386e+01,2.034777e+01,2.067605e+01,2.074576e+01,2.081543e+01,2.080846e+01,2.080150e+01,2.080846e+01,2.085024e+01,2.081543e+01,2.083632e+01,2.080150e+01,2.080150e+01,2.077363e+01,2.078757e+01,2.077363e+01,2.072486e+01,2.080150e+01,2.082935e+01,2.079453e+01,2.082239e+01,2.083632e+01,2.075273e+01,2.081543e+01,2.083632e+01,2.069000e+01,2.083632e+01,2.076667e+01,2.078757e+01,2.091287e+01,2.078060e+01,2.089200e+01,2.092679e+01,2.089896e+01,2.084328e+01,2.093374e+01,2.090592e+01,2.073182e+01,2.087808e+01,2.091983e+01,2.071789e+01,2.080150e+01,2.076667e+01,2.069000e+01,2.065513e+01,2.027778e+01,1.994117e+01,1.974428e+01,1.954701e+01,1.944823e+01,1.939174e+01,1.937762e+01,1.920793e+01,1.914422e+01,1.916546e+01,1.915130e+01,1.921501e+01,1.920793e+01,1.893157e+01,1.918670e+01,1.945529e+01,1.949764e+01,1.989901e+01,2.010961e+01,2.038274e+01,2.048759e+01,2.041071e+01,2.046663e+01,2.048759e+01,2.042470e+01,2.045266e+01,2.052950e+01,2.043868e+01,2.038274e+01,2.030578e+01,2.025677e+01,2.008857e+01,1.996926e+01,1.986386e+01,1.980761e+01,1.960342e+01,1.962456e+01,1.963161e+01,1.960342e+01,1.949764e+01,1.957522e+01,1.951880e+01,1.956112e+01,1.949058e+01,1.939174e+01,1.928574e+01,1.922916e+01,1.915838e+01,1.919378e+01,1.912298e+01,1.910173e+01,1.898832e+01,1.903795e+01,1.903795e+01,1.896704e+01,1.881087e+01,1.910173e+01,1.907339e+01,1.910881e+01,1.908047e+01,1.909464e+01,1.922208e+01,1.934229e+01,1.929988e+01,1.932109e+01,1.937055e+01,1.927867e+01,1.937762e+01,1.927867e+01,1.918670e+01,1.925745e+01,1.924331e+01,1.932815e+01,1.923623e+01,1.925038e+01,1.925038e+01,1.917962e+01,1.917962e+01,1.927160e+01,1.919378e+01,1.913006e+01,1.926452e+01,1.918670e+01,1.924331e+01,1.934229e+01,1.928574e+01,1.942705e+01,1.942705e+01,1.955407e+01,1.943411e+01,1.973725e+01,1.979354e+01,1.979354e+01,1.981464e+01,2.004648e+01,2.012364e+01,2.023577e+01,2.035476e+01,2.045964e+01,2.067605e+01,2.085720e+01,2.090592e+01,2.087808e+01,2.087808e+01,2.089896e+01,2.088504e+01,2.101023e+01,2.098937e+01,2.098242e+01,2.094765e+01,2.087808e+01,2.089200e+01,2.089200e+01,2.096852e+01,2.094070e+01,2.092679e+01,2.092679e+01,2.096852e+01,2.107971e+01,2.101718e+01,2.103107e+01,2.102413e+01,2.103802e+01,2.102413e+01,2.101023e+01,2.100327e+01,2.081543e+01,2.098937e+01,2.103802e+01,2.098937e+01,2.108665e+01,2.097547e+01,2.103107e+01,2.089896e+01,2.090592e+01,2.087808e+01,2.084328e+01,2.087808e+01,2.082935e+01,2.058536e+01,2.065513e+01,2.079453e+01,2.076667e+01,2.073879e+01,2.064118e+01,2.075970e+01,2.058536e+01,2.063420e+01,2.080150e+01,2.085024e+01,2.111443e+01,2.093374e+01
2.000437e+01,2.006753e+01,2.029178e+01,2.026378e+01,2.034077e+01,2.066211e+01,2.073879e+01,2.057140e+01,2.069000e+01,2.057140e+01,2.064816e+01,2.049458e+01,2.032678e+01,2.029878e+01,2.023577e+01,1.994117e+01,1.988495e+01,1.989901e+01,1.985683e+01,1.987792e+01,1.966683e+01,1.965979e+01,1.952586e+01,1.956817e+01,1.973021e+01,1.967388e+01,1.944823e+01,1.971613e+01,1.970205e+01,1.968796e+01,1.953996e+01,1.969500e+01,1.958932e+01,1.976540e+01,1.974428e+01,1.998330e+01,1.977243e+01,1.981464e+01,2.003946e+01,1.997628e+01,1.982871e+01,1.985683e+01,1.979354e+01,1.951880e+01,1.925038e+01,1.932815e+01,1.908756e+01,1.889609e+01,1.883928e+01,1.877534e+01,1.848352e+01,1.841934e+01,1.827659e+01,1.816938e+01,1.803343e+01,1.800478e+01,1.791879e+01,1.796179e+01,1.807638e+01,1.811216e+01,1.842648e+01,1.842648e+01,1.860462e+01,1.881797e+01,1.905922e+01,1.905922e+01,1.930695e+01,1.937055e+01,1.944823e+01,1.967388e+01,1.989198e+01,1.997628e+01,2.008857e+01,2.034077e+01,2.054347e+01,2.080150e+01,2.061327e+01,2.073879e+01,2.073879e+01,2.075970e+01,2.075970e+01,2.077363e+01,2.079453e+01,2.087808e+01,2.087112e+01,2.085720e+01,2.084328e+01,2.076667e+01,2.081543e+01,2.085024e+01,2.087112e+01,2.081543e+01,2.079453e+01,2.070394e+01,2.081543e+01,2.075273e+01,2.076667e+01,2.096852e+01,2.075970e+01,2.075970e+01,2.076667e+01,2.078060e+01,2.075970e+01,2.081543e+01,2.072486e+01,2.080150e+01,2.078757e+01,2.075970e+01,2.080150e+01,2.078757e+01,2.057838e+01,2.056442e+01,2.031978e+01,2.012364e+01,1.963161e+01,1.934229e+01,1.926452e+01,1.886059e+01,1.857614e+01,1.849064e+01,1.847639e+01,1.806207e+01,1.809785e+01,1.807638e+01,1.811932e+01,1.802627e+01,1.806207e+01,1.806207e+01,1.796896e+01,1.814793e+01,1.799762e+01,1.810501e+01,1.803343e+01,1.801910e+01,1.804059e+01,1.798329e+01,1.803343e+01,1.803343e+01,1.814793e+01,1.806922e+01,1.816223e+01,1.816223e+01,1.814793e+01,1.820513e+01,1.840508e+01,1.843361e+01,1.846926e+01,1.848352e+01,1.851915e+01,1.859750e+01,1.870424e+01,1.867579e+01,1.883928e+01,1.876823e+01,1.867579e+01,1.886059e+01,1.884638e+01,1.878955e+01,1.896704e+01,1.880376e+01,1.881087e+01,1.907339e+01,1.904504e+01,1.897414e+01,1.903087e+01,1.888189e+01,1.904504e+01,1.902378e+01,1.919378e+01,1.912298e+01,1.909464e+01,1.913006e+01,1.918670e+01,1.929281e+01,1.914422e+01,1.922208e+01,1.913714e+01,1.917254e+01,1.915130e+01,1.910173e+01,1.910173e+01,1.910173e+01,1.908756e+01,1.913714e+01,1.913714e+01,1.898832e+01,1.900251e+01,1.913006e+01,1.912298e+01,1.921501e+01,1.923623e+01,1.914422e+01,1.917254e+01,1.929988e+01,1.939881e+01,1.968092e+01,1.984980e+01,2.011663e+01,2.017271e+01,2.015168e+01,2.035476e+01,2.047362e+01,2.052252e+01,2.048759e+01,2.048759e+01,2.053649e+01,2.063420e+01,2.062025e+01,2.062723e+01,2.061327e+01,2.075970e+01,2.078060e+01,2.080846e+01,2.078757e+01,2.076667e+01,2.089896e+01,2.084328e+01,2.078060e+01,2.074576e+01,2.075970e+01,2.073879e+01,2.069697e+01,2.068303e+01,2.069697e+01,2.077363e+01,2.066908e+01,2.068303e+01,2.065513e+01,2.065513e+01,2.035476e+01,2.052950e+01,2.043169e+01,2.036176e+01,2.043169e+01,2.043868e+01,2.039673e+01,2.035476e+01,2.043868e+01,2.036176e+01,2.045266e+01,2.038274e+01,2.037575e+01,2.032678e+01,2.036875e+01,2.031978e+01,2.042470e+01,2.026378e+01,2.049458e+01,2.050855e+01,2.051554e+01,2.036176e+01,2.038974e+01,2.048061e+01,2.042470e+01,2.038274e+01,2.053649e+01,2.041770e+01,2.043868e+01,2.027778e+01,2.024277e+01,2.009559e+01,2.002542e+01,1.990604e+01,1.988495e+01,1.963865e+01,1.963161e+01,1.934936e+01,1.935642e+01,1.917254e+01,1.919378e+01,1.912298e+01,1.902378e+01,1.907339e+01,1.906630e+01,1.902378e+01,1.900960e+01,1.892448e+01,1.905213e+01,1.892448e+01,1.900960e+01,1.901669e+01,1.903087e+01,1.897414e+01,1.902378e+01,1.895286e+01,1.901669e+01,1.904504e+01,1.908756e+01,1.900960e+01,1.893867e+01,1.900960e+01,1.902378e+01,1.893157e+01,1.900960e+01,1.892448e+01,1.892448e+01,1.898123e+01,1.892448e+01,1.891028e+01,1.887479e+01,1.881087e+01,1.877534e+01,1.878955e+01,1.882508e+01,1.869713e+01,1.873980e+01,1.884638e+01,1.871135e+01,1.872558e+01,1.871135e+01,1.871135e+01,1.871135e+01,1.874691e+01,1.865444e+01,1.875401e+01,1.884638e+01,1.893867e+01,1.893867e+01,1.886769e+01,1.894576e+01,1.894576e+01,1.899541e+01,1.895286e+01,1.912298e+01,1.909464e+01,1.918670e+01,1.918670e+01,1.933522e+01,1.940587e+01,1.955407e+01,1.975836e+01,1.977243e+01,1.980058e+01,1.996224e+01,2.013065e+01,2.015168e+01,2.042470e+01,2.043169e+01,2.047362e+01,2.051554e+01,2.043169e+01,2.031278e+01,2.032678e+01,2.003946e+01,1.999735e+01,1.965979e+01,1.959637e+01,1.939881e+01,1.922208e+01,1.908756e+01,1.891738e+01,1.892448e+01,1.878245e+01,1.890318e+01,1.891738e+01,1.885349e+01,1.884638e+01,1.893157e+01,1.894576e+01,1.892448e+01,1.910881e+01,1.922916e+01,1.937762e+01,1.929988e+01,1.961751e+01,1.963161e+01,1.987090e+01,2.010260e+01,2.007454e+01,2.034077e+01,2.036875e+01,2.050855e+01,2.048759e+01,2.055743e+01,2.064118e+01,2.066908e+01,2.057140e+01,2.054347e+01,2.057838e+01,2.057838e+01,2.062025e+01,2.072486e+01,2.075273e+01,2.065513e+01,2.055743e+01,2.052950e+01,2.058536e+01,2.041071e+01,2.043868e+01,1.988495e+01,1.941999e+01,1.893867e+01,1.856190e+01,1.832658e+01,1.794746e+01,1.799045e+01,1.815508e+01,1.825516e+01,1.851203e+01,1.861174e+01,1.850490e+01,1.867579e+01,1.900251e+01,1.905922e+01,1.927867e+01,1.926452e+01,1.950469e+01,1.951175e+01,1.939174e+01,1.947647e+01,1.968092e+01,2.013766e+01,2.013065e+01,2.010260e+01,1.898832e+01,1.767474e+01,1.726424e+01,1.727868e+01,1.737244e+01,1.710534e+01,1.711980e+01,1.711980e+01,1.693171e+01,1.694619e+01,1.717038e+01,1.741568e+01,1.740847e+01,1.766756e+01,1.782555e+01,1.791162e+01,1.795463e+01,1.801910e+01,1.793313e+01,1.792596e+01,1.832658e+01,1.831944e+01,1.860462e+01,1.876112e+01,1.888899e+01,1.922916e+01,1.893867e+01,1.943411e+01,1.952586e+01,1.991306e+01,2.036176e+01,2.073879e+01,2.075273e+01,2.080150e+01,2.063420e+01,2.077363e+01,2.085024e+01,2.088504e+01,2.063420e+01,2.078757e+01,2.073182e+01,2.073879e+01,2.077363e+01,2.076667e+01,2.085720e+01,2.056442e+01,2.073182e+01,2.074576e+01,2.078757e+01,2.082239e+01,2.080150e+01,2.078757e+01,2.098242e+01,2.080150e+01,2.085720e+01,2.084328e+01,2.078060e+01,2.078757e+01,2.078060e+01,2.084328e+01,2.079453e+01,2.084328e+01,2.083632e+01,2.081543e+01,2.076667e+01,2.088504e+01,2.089896e+01,2.093374e+01,2.080150e+01,2.080150e+01,2.080150e+01,2.069000e+01,2.069697e+01,2.075970e+01,2.026378e+01,1.989198e+01,1.956112e+01,1.953996e+01,1.924331e+01,1.944823e+01,1.920793e+01,1.919378e+01,1.911590e+01,1.910881e+01,1.869002e+01,1.871135e+01,1.893157e+01,1.892448e+01,1.907339e+01,1.933522e+01,1.956112e+01,1.983574e+01,1.991306e+01,2.034777e+01,2.036875e+01,2.038974e+01,2.038274e+01,2.038274e+01,2.050157e+01,2.045964e+01,2.045266e+01,2.038274e+01,2.048759e+01,2.037575e+01,2.010961e+01,2.011663e+01,1.988495e+01,1.981464e+01,1.984277e+01,1.960342e+01,1.963161e+01,1.952586e+01,1.949764e+01,1.939174e+01,1.951175e+01,1.946941e+01,1.943411e+01,1.937762e+01,1.934229e+01,1.918670e+01,1.919378e+01,1.899541e+01,1.911590e+01,1.912298e+01,1.901669e+01,1.886769e+01,1.898832e+01,1.887479e+01,1.883218e+01,1.889609e+01,1.889609e+01,1.908047e+01,1.895286e+01,1.903087e+01,1.909464e+01,1.917254e+01,1.915130e+01,1.920085e+01,1.925745e+01,1.924331e+01,1.933522e+01,1.935642e+01,1.937055e+01,1.918670e+01,1.931402e+01,1.935642e+01,1.941999e+01,1.930695e+01,1.924331e+01,1.927867e+01,1.920793e+01,1.927160e+01,1.913714e+01,1.917962e+01,1.950469e+01,1.912298e+01,1.922208e+01,1.913006e+01,1.920085e+01,1.925745e+01,1.922208e+01,1.934936e+01,1.934229e+01,1.943411e+01,1.942705e+01,1.954701e+01,1.963161e+01,1.977243e+01,1.982168e+01,1.998330e+01,2.024277e+01,2.029178e+01,2.022876e+01,2.037575e+01,2.039673e+01,2.061327e+01,2.059234e+01,2.086416e+01,2.080150e+01,2.071789e+01,2.090592e+01,2.095461e+01,2.090592e+01,2.071091e+01,2.090592e+01,2.089200e+01,2.088504e+01,2.098242e+01,2.079453e+01,2.098242e+01,2.100327e+01,2.096852e+01,2.091983e+01,2.092679e+01,2.103802e+01,2.101718e+01,2.103107e+01,2.100327e+01,2.105887e+01,2.106581e+01,2.105192e+01,2.112831e+01,2.099632e+01,2.094070e+01,2.103802e+01,2.096156e+01,2.096156e+01,2.094765e+01,2.075970e+01,2.078060e+01,2.078757e+01,2.085720e+01,2.083632e+01,2.080150e+01,2.081543e+01,2.056442e+01,2.058536e+01,2.071091e+01,2.060629e+01,2.062025e+01,2.065513e+01,2.075970e+01,2.067605e+01,2.087808e+01,2.110748e+01,2.135715e+01
1.984980e+01,2.010260e+01,2.020074e+01,2.017972e+01,2.039673e+01,2.029178e+01,2.061327e+01,2.065513e+01,2.077363e+01,2.055743e+01,2.068303e+01,2.045266e+01,2.048061e+01,2.026378e+01,2.008857e+01,2.006753e+01,1.991306e+01,1.982168e+01,1.976540e+01,1.972317e+01,1.958227e+01,1.941293e+01,1.953291e+01,1.946235e+01,1.955407e+01,1.962456e+01,1.958227e+01,1.942705e+01,1.971613e+01,1.953996e+01,1.959637e+01,1.958227e+01,1.958932e+01,1.980058e+01,1.977243e+01,1.984277e+01,1.987090e+01,1.996224e+01,1.989198e+01,1.981464e+01,1.985683e+01,1.982871e+01,1.977947e+01,1.956112e+01,1.951880e+01,1.923623e+01,1.902378e+01,1.891738e+01,1.868290e+01,1.869002e+01,1.871847e+01,1.852628e+01,1.837654e+01,1.816938e+01,1.807638e+01,1.800478e+01,1.769630e+01,1.796896e+01,1.802627e+01,1.807638e+01,1.835513e+01,1.846926e+01,1.861174e+01,1.876823e+01,1.908756e+01,1.923623e+01,1.925745e+01,1.941293e+01,1.946235e+01,1.946235e+01,1.958932e+01,2.001841e+01,2.006753e+01,2.043868e+01,2.053649e+01,2.062025e+01,2.073879e+01,2.075273e+01,2.072486e+01,2.073879e+01,2.075273e+01,2.079453e+01,2.081543e+01,2.074576e+01,2.076667e+01,2.090592e+01,2.089200e+01,2.075273e+01,2.075273e+01,2.083632e+01,2.083632e+01,2.070394e+01,2.071789e+01,2.078757e+01,2.075273e+01,2.071789e+01,2.079453e+01,2.073879e+01,2.089896e+01,2.072486e+01,2.081543e+01,2.080846e+01,2.081543e+01,2.071789e+01,2.081543e+01,2.077363e+01,2.079453e+01,2.068303e+01,2.071091e+01,2.075273e+01,2.062025e+01,2.038974e+01,2.006051e+01,1.988495e+01,1.948352e+01,1.924331e+01,1.897414e+01,1.871135e+01,1.854053e+01,1.846926e+01,1.844074e+01,1.819083e+01,1.806922e+01,1.815508e+01,1.806207e+01,1.808354e+01,1.794746e+01,1.805490e+01,1.804775e+01,1.796896e+01,1.799762e+01,1.803343e+01,1.807638e+01,1.801194e+01,1.804059e+01,1.796896e+01,1.798329e+01,1.800478e+01,1.809785e+01,1.811932e+01,1.813362e+01,1.819798e+01,1.833372e+01,1.831230e+01,1.821943e+01,1.825516e+01,1.838367e+01,1.845500e+01,1.850490e+01,1.859038e+01,1.873269e+01,1.871135e+01,1.875401e+01,1.884638e+01,1.878955e+01,1.882508e+01,1.895286e+01,1.893157e+01,1.900960e+01,1.905213e+01,1.889609e+01,1.899541e+01,1.890318e+01,1.908756e+01,1.911590e+01,1.929281e+01,1.915838e+01,1.923623e+01,1.917254e+01,1.925745e+01,1.917254e+01,1.921501e+01,1.937055e+01,1.922916e+01,1.917962e+01,1.916546e+01,1.926452e+01,1.922208e+01,1.914422e+01,1.920793e+01,1.940587e+01,1.908756e+01,1.898832e+01,1.903795e+01,1.900960e+01,1.903795e+01,1.905922e+01,1.902378e+01,1.905922e+01,1.904504e+01,1.913714e+01,1.912298e+01,1.909464e+01,1.915838e+01,1.924331e+01,1.966683e+01,1.983574e+01,2.003244e+01,1.987792e+01,2.010961e+01,2.032678e+01,2.031978e+01,2.044567e+01,2.062723e+01,2.062025e+01,2.062025e+01,2.062025e+01,2.058536e+01,2.061327e+01,2.060629e+01,2.075273e+01,2.076667e+01,2.078060e+01,2.076667e+01,2.086416e+01,2.085024e+01,2.093374e+01,2.082239e+01,2.081543e+01,2.078060e+01,2.074576e+01,2.071789e+01,2.071789e+01,2.067605e+01,2.076667e+01,2.069697e+01,2.067605e+01,2.065513e+01,2.066211e+01,2.051554e+01,2.059234e+01,2.057140e+01,2.039673e+01,2.058536e+01,2.042470e+01,2.041071e+01,2.058536e+01,2.048061e+01,2.040372e+01,2.044567e+01,2.044567e+01,2.045964e+01,2.044567e+01,2.049458e+01,2.032678e+01,2.062025e+01,2.038274e+01,2.031978e+01,2.057140e+01,2.048759e+01,2.051554e+01,2.064816e+01,2.048061e+01,2.064816e+01,2.052252e+01,2.036176e+01,2.051554e+01,2.041071e+01,2.041071e+01,2.027778e+01,2.017271e+01,2.029878e+01,2.003244e+01,1.970205e+01,1.963865e+01,1.969500e+01,1.941293e+01,1.927867e+01,1.919378e+01,1.905922e+01,1.931402e+01,1.899541e+01,1.910173e+01,1.893157e+01,1.896704e+01,1.872558e+01,1.898123e+01,1.895286e+01,1.900960e+01,1.900960e+01,1.898123e+01,1.898832e+01,1.897414e+01,1.892448e+01,1.878955e+01,1.886769e+01,1.905922e+01,1.905213e+01,1.903087e+01,1.905922e+01,1.889609e+01,1.898123e+01,1.895995e+01,1.898123e+01,1.888189e+01,1.887479e+01,1.879666e+01,1.892448e+01,1.886059e+01,1.885349e+01,1.882508e+01,1.887479e+01,1.881797e+01,1.884638e+01,1.877534e+01,1.876112e+01,1.886059e+01,1.885349e+01,1.872558e+01,1.871847e+01,1.871135e+01,1.869713e+01,1.868290e+01,1.864021e+01,1.876823e+01,1.865444e+01,1.887479e+01,1.883928e+01,1.878955e+01,1.886769e+01,1.883218e+01,1.888899e+01,1.896704e+01,1.881087e+01,1.906630e+01,1.915130e+01,1.918670e+01,1.920793e+01,1.925745e+01,1.953291e+01,1.957522e+01,1.944823e+01,1.982168e+01,1.977243e+01,1.992711e+01,1.990604e+01,2.017271e+01,2.041071e+01,2.038274e+01,2.036875e+01,2.044567e+01,2.027778e+01,2.018673e+01,1.998330e+01,1.988495e+01,1.963161e+01,1.956112e+01,1.914422e+01,1.913006e+01,1.927867e+01,1.899541e+01,1.893867e+01,1.883928e+01,1.890318e+01,1.885349e+01,1.886059e+01,1.889609e+01,1.900251e+01,1.908047e+01,1.893157e+01,1.913714e+01,1.912298e+01,1.917254e+01,1.949764e+01,1.960342e+01,1.961751e+01,1.984980e+01,2.001841e+01,2.015869e+01,2.032678e+01,2.031978e+01,2.041071e+01,2.048061e+01,2.069697e+01,2.071091e+01,2.055045e+01,2.056442e+01,2.050855e+01,2.054347e+01,2.058536e+01,2.055045e+01,2.041770e+01,2.055743e+01,2.057140e+01,2.060629e+01,2.054347e+01,2.054347e+01,2.055743e+01,2.046663e+01,2.030578e+01,1.979354e+01,1.941999e+01,1.904504e+01,1.877534e+01,1.845500e+01,1.856190e+01,1.878245e+01,1.883928e+01,1.896704e+01,1.888899e+01,1.887479e+01,1.904504e+01,1.900960e+01,1.928574e+01,1.902378e+01,1.944118e+01,1.945529e+01,1.941293e+01,1.944823e+01,1.953996e+01,1.984980e+01,1.994819e+01,1.987792e+01,2.008156e+01,1.915130e+01,1.766037e+01,1.751651e+01,1.740847e+01,1.737244e+01,1.745891e+01,1.741568e+01,1.719927e+01,1.732196e+01,1.704750e+01,1.717760e+01,1.743730e+01,1.768912e+01,1.795463e+01,1.816223e+01,1.817653e+01,1.819083e+01,1.830515e+01,1.832658e+01,1.831944e+01,1.832658e+01,1.858326e+01,1.851915e+01,1.876112e+01,1.887479e+01,1.891738e+01,1.917962e+01,1.925745e+01,1.966683e+01,2.013065e+01,2.069697e+01,2.071789e+01,2.074576e+01,2.073182e+01,2.085024e+01,2.071091e+01,2.079453e+01,2.075970e+01,2.081543e+01,2.082239e+01,2.073879e+01,2.068303e+01,2.075273e+01,2.074576e+01,2.074576e+01,2.078060e+01,2.075970e+01,2.075970e+01,2.080150e+01,2.078757e+01,2.082239e+01,2.085024e+01,2.083632e+01,2.074576e+01,2.083632e+01,2.081543e+01,2.082935e+01,2.078060e+01,2.076667e+01,2.078757e+01,2.091287e+01,2.089896e+01,2.080846e+01,2.080150e+01,2.087808e+01,2.080150e+01,2.114914e+01,2.089200e+01,2.080846e+01,2.094070e+01,2.078757e+01,2.087112e+01,2.068303e+01,2.069000e+01,2.023577e+01,1.988495e+01,1.961047e+01,1.944118e+01,1.935642e+01,1.934229e+01,1.952586e+01,1.911590e+01,1.906630e+01,1.887479e+01,1.886769e+01,1.851915e+01,1.858326e+01,1.867579e+01,1.887479e+01,1.898832e+01,1.944823e+01,1.956112e+01,1.990604e+01,2.025677e+01,2.046663e+01,2.039673e+01,2.047362e+01,2.044567e+01,2.052252e+01,2.057838e+01,2.049458e+01,2.049458e+01,2.050157e+01,2.037575e+01,2.034777e+01,2.015168e+01,2.008156e+01,1.980058e+01,1.977947e+01,1.961751e+01,1.957522e+01,1.933522e+01,1.950469e+01,1.934229e+01,1.927867e+01,1.924331e+01,1.923623e+01,1.918670e+01,1.922916e+01,1.925745e+01,1.921501e+01,1.902378e+01,1.906630e+01,1.900251e+01,1.902378e+01,1.895286e+01,1.883928e+01,1.887479e+01,1.880376e+01,1.879666e+01,1.891738e+01,1.888189e+01,1.884638e+01,1.908756e+01,1.896704e+01,1.905213e+01,1.914422e+01,1.912298e+01,1.918670e+01,1.913714e+01,1.932815e+01,1.940587e+01,1.927160e+01,1.929281e+01,1.940587e+01,1.932109e+01,1.926452e+01,1.926452e+01,1.932109e+01,1.921501e+01,1.918670e+01,1.925038e+01,1.914422e+01,1.916546e+01,1.919378e+01,1.917962e+01,1.915838e+01,1.916546e+01,1.914422e+01,1.920793e+01,1.937762e+01,1.941999e+01,1.939174e+01,1.936349e+01,1.923623e+01,1.938468e+01,1.946235e+01,1.942705e+01,1.954701e+01,1.975132e+01,1.978650e+01,2.001841e+01,2.020074e+01,2.038274e+01,2.023577e+01,2.055045e+01,2.057140e+01,2.082239e+01,2.087112e+01,2.086416e+01,2.087112e+01,2.087112e+01,2.096852e+01,2.091983e+01,2.092679e+01,2.086416e+01,2.089200e+01,2.089896e+01,2.096156e+01,2.098242e+01,2.092679e+01,2.107971e+01,2.104497e+01,2.091287e+01,2.102413e+01,2.103802e+01,2.093374e+01,2.087808e+01,2.089200e+01,2.112137e+01,2.098242e+01,2.101023e+01,2.103107e+01,2.101023e+01,2.114914e+01,2.100327e+01,2.078060e+01,2.094070e+01,2.085024e+01,2.090592e+01,2.080150e+01,2.089200e+01,2.081543e+01,2.078757e+01,2.062025e+01,2.077363e+01,2.071789e+01,2.069000e+01,2.058536e+01,2.073879e+01,2.063420e+01,2.077363e+01,2.080150e+01,2.096156e+01,2.110748e+01,2.120465e+01
1.959637e+01,1.961047e+01,1.963161e+01,2.012364e+01,2.001139e+01,2.019373e+01,2.054347e+01,2.069000e+01,2.069697e+01,2.053649e+01,2.064816e+01,2.050855e+01,2.045964e+01,2.036176e+01,2.006753e+01,1.992009e+01,1.994819e+01,1.978650e+01,1.970909e+01,1.958932e+01,1.968796e+01,1.939174e+01,1.939881e+01,1.949764e+01,1.937762e+01,1.938468e+01,1.953996e+01,1.963865e+01,1.946941e+01,1.955407e+01,1.953291e+01,1.958227e+01,1.951175e+01,1.956817e+01,1.973021e+01,1.968796e+01,1.973725e+01,1.973725e+01,1.976540e+01,1.970909e+01,1.972317e+01,1.975836e+01,1.970205e+01,1.972317e+01,1.959637e+01,1.952586e+01,1.940587e+01,1.909464e+01,1.875401e+01,1.869713e+01,1.868290e+01,1.859750e+01,1.837654e+01,1.824087e+01,1.817653e+01,1.799045e+01,1.801910e+01,1.796896e+01,1.801194e+01,1.804059e+01,1.806207e+01,1.833372e+01,1.834085e+01,1.862598e+01,1.882508e+01,1.918670e+01,1.920793e+01,1.922208e+01,1.933522e+01,1.961751e+01,1.964570e+01,1.994819e+01,2.002542e+01,2.024977e+01,2.045964e+01,2.071091e+01,2.070394e+01,2.067605e+01,2.094070e+01,2.072486e+01,2.089200e+01,2.070394e+01,2.071789e+01,2.089896e+01,2.073879e+01,2.075970e+01,2.073182e+01,2.074576e+01,2.080846e+01,2.083632e+01,2.080846e+01,2.082239e+01,2.076667e+01,2.076667e+01,2.087112e+01,2.084328e+01,2.085720e+01,2.074576e+01,2.084328e+01,2.073879e+01,2.085720e+01,2.073182e+01,2.075970e+01,2.071091e+01,2.069697e+01,2.083632e+01,2.075970e+01,2.072486e+01,2.065513e+01,2.071091e+01,2.038974e+01,2.036875e+01,1.991306e+01,1.951175e+01,1.925745e+01,1.891738e+01,1.871847e+01,1.848352e+01,1.824087e+01,1.834799e+01,1.826230e+01,1.804059e+01,1.804059e+01,1.804059e+01,1.809069e+01,1.802627e+01,1.813362e+01,1.794029e+01,1.799045e+01,1.801194e+01,1.801910e+01,1.798329e+01,1.800478e+01,1.799762e+01,1.801194e+01,1.801910e+01,1.800478e+01,1.801194e+01,1.806207e+01,1.816938e+01,1.810501e+01,1.814793e+01,1.814793e+01,1.836940e+01,1.838367e+01,1.837654e+01,1.841934e+01,1.854765e+01,1.856902e+01,1.861174e+01,1.861886e+01,1.875401e+01,1.869713e+01,1.891738e+01,1.896704e+01,1.891028e+01,1.897414e+01,1.905922e+01,1.897414e+01,1.903795e+01,1.910881e+01,1.905922e+01,1.900251e+01,1.922208e+01,1.920793e+01,1.910173e+01,1.915838e+01,1.926452e+01,1.917254e+01,1.933522e+01,1.925038e+01,1.925745e+01,1.927160e+01,1.928574e+01,1.931402e+01,1.925038e+01,1.926452e+01,1.915130e+01,1.922916e+01,1.923623e+01,1.910173e+01,1.922208e+01,1.907339e+01,1.901669e+01,1.901669e+01,1.894576e+01,1.895995e+01,1.897414e+01,1.913006e+01,1.895995e+01,1.895286e+01,1.912298e+01,1.919378e+01,1.909464e+01,1.922208e+01,1.939174e+01,1.964570e+01,1.977947e+01,1.992009e+01,1.999033e+01,2.012364e+01,2.037575e+01,2.042470e+01,2.036875e+01,2.043868e+01,2.042470e+01,2.047362e+01,2.048061e+01,2.059234e+01,2.080150e+01,2.061327e+01,2.059932e+01,2.072486e+01,2.074576e+01,2.066908e+01,2.082239e+01,2.074576e+01,2.077363e+01,2.075273e+01,2.076667e+01,2.078060e+01,2.075970e+01,2.071091e+01,2.071091e+01,2.068303e+01,2.069000e+01,2.066908e+01,2.067605e+01,2.067605e+01,2.056442e+01,2.055743e+01,2.064118e+01,2.059234e+01,2.061327e+01,2.056442e+01,2.062025e+01,2.073182e+01,2.048759e+01,2.058536e+01,2.040372e+01,2.050855e+01,2.064816e+01,2.063420e+01,2.056442e+01,2.047362e+01,2.057838e+01,2.053649e+01,2.057140e+01,2.064816e+01,2.069000e+01,2.062723e+01,2.066908e+01,2.056442e+01,2.062723e+01,2.058536e+01,2.058536e+01,2.059234e+01,2.037575e+01,2.034777e+01,2.035476e+01,2.024977e+01,2.006051e+01,1.989901e+01,1.987090e+01,1.974428e+01,1.961047e+01,1.941293e+01,1.921501e+01,1.908756e+01,1.912298e+01,1.903087e+01,1.903087e+01,1.900251e+01,1.909464e+01,1.896704e+01,1.889609e+01,1.900251e+01,1.888899e+01,1.888189e+01,1.883928e+01,1.898123e+01,1.888189e+01,1.889609e+01,1.888899e+01,1.878955e+01,1.885349e+01,1.895286e+01,1.889609e+01,1.890318e+01,1.889609e+01,1.891028e+01,1.886769e+01,1.880376e+01,1.893157e+01,1.887479e+01,1.888189e+01,1.886059e+01,1.886059e+01,1.892448e+01,1.889609e+01,1.896704e+01,1.879666e+01,1.896704e+01,1.876112e+01,1.873269e+01,1.872558e+01,1.869713e+01,1.875401e+01,1.869713e+01,1.869002e+01,1.869713e+01,1.875401e+01,1.869002e+01,1.868290e+01,1.869713e+01,1.862598e+01,1.863309e+01,1.865444e+01,1.878955e+01,1.876823e+01,1.859038e+01,1.881797e+01,1.888899e+01,1.900960e+01,1.901669e+01,1.878955e+01,1.891738e+01,1.912298e+01,1.900251e+01,1.929988e+01,1.916546e+01,1.928574e+01,1.935642e+01,1.948352e+01,1.976540e+01,1.978650e+01,1.987090e+01,1.995521e+01,1.998330e+01,2.005350e+01,2.002542e+01,2.001139e+01,1.987792e+01,1.973725e+01,1.958227e+01,1.941293e+01,1.932815e+01,1.928574e+01,1.925038e+01,1.900960e+01,1.890318e+01,1.895286e+01,1.872558e+01,1.880376e+01,1.874691e+01,1.893157e+01,1.895286e+01,1.901669e+01,1.897414e+01,1.908756e+01,1.915130e+01,1.911590e+01,1.944823e+01,1.951880e+01,1.958932e+01,1.965979e+01,1.980058e+01,1.994819e+01,2.011663e+01,2.034077e+01,2.039673e+01,2.036875e+01,2.052252e+01,2.048061e+01,2.054347e+01,2.045266e+01,2.050855e+01,2.058536e+01,2.048061e+01,2.044567e+01,2.047362e+01,2.044567e+01,2.050157e+01,2.055045e+01,2.060629e+01,2.051554e+01,2.057140e+01,2.050855e+01,2.053649e+01,2.034777e+01,2.021475e+01,1.983574e+01,1.964570e+01,1.923623e+01,1.892448e+01,1.900251e+01,1.896704e+01,1.896704e+01,1.905213e+01,1.901669e+01,1.899541e+01,1.924331e+01,1.922208e+01,1.913006e+01,1.927867e+01,1.938468e+01,1.941999e+01,1.925745e+01,1.932109e+01,1.950469e+01,1.970909e+01,1.973725e+01,1.986386e+01,1.982168e+01,1.894576e+01,1.807638e+01,1.771786e+01,1.763161e+01,1.766756e+01,1.771786e+01,1.785425e+01,1.783273e+01,1.768912e+01,1.746611e+01,1.724259e+01,1.755249e+01,1.775377e+01,1.778967e+01,1.814078e+01,1.822657e+01,1.839081e+01,1.845500e+01,1.836227e+01,1.836227e+01,1.854765e+01,1.852628e+01,1.854765e+01,1.865444e+01,1.889609e+01,1.917254e+01,1.906630e+01,1.949058e+01,1.970909e+01,2.039673e+01,2.064118e+01,2.072486e+01,2.073879e+01,2.080846e+01,2.075970e+01,2.084328e+01,2.081543e+01,2.080150e+01,2.066908e+01,2.078060e+01,2.078757e+01,2.077363e+01,2.072486e+01,2.080150e+01,2.074576e+01,2.084328e+01,2.078757e+01,2.087808e+01,2.084328e+01,2.093374e+01,2.079453e+01,2.084328e+01,2.080846e+01,2.083632e+01,2.081543e+01,2.081543e+01,2.082935e+01,2.080150e+01,2.080150e+01,2.086416e+01,2.089200e+01,2.082935e+01,2.080846e+01,2.083632e+01,2.087808e+01,2.085024e+01,2.093374e+01,2.085720e+01,2.094070e+01,2.075273e+01,2.087808e+01,2.085024e+01,2.084328e+01,2.068303e+01,2.011663e+01,1.968092e+01,1.967388e+01,1.946235e+01,1.927160e+01,1.915838e+01,1.904504e+01,1.903795e+01,1.895995e+01,1.865444e+01,1.880376e+01,1.826944e+01,1.824087e+01,1.835513e+01,1.874691e+01,1.895995e+01,1.932815e+01,1.955407e+01,1.989198e+01,1.992009e+01,2.027778e+01,2.041770e+01,2.031978e+01,2.058536e+01,2.028478e+01,2.068303e+01,2.064118e+01,2.050855e+01,2.049458e+01,2.044567e+01,2.020774e+01,2.026378e+01,1.995521e+01,1.982168e+01,1.978650e+01,1.965274e+01,1.950469e+01,1.932815e+01,1.931402e+01,1.922916e+01,1.915838e+01,1.923623e+01,1.903087e+01,1.905922e+01,1.920085e+01,1.908756e+01,1.894576e+01,1.893867e+01,1.900251e+01,1.900960e+01,1.901669e+01,1.897414e+01,1.886059e+01,1.880376e+01,1.883928e+01,1.872558e+01,1.876112e+01,1.876823e+01,1.884638e+01,1.886769e+01,1.891738e+01,1.893157e+01,1.900251e+01,1.913006e+01,1.913006e+01,1.922916e+01,1.916546e+01,1.920085e+01,1.934229e+01,1.941999e+01,1.930695e+01,1.936349e+01,1.934229e+01,1.931402e+01,1.926452e+01,1.918670e+01,1.930695e+01,1.927867e+01,1.913006e+01,1.913714e+01,1.910881e+01,1.915838e+01,1.915838e+01,1.915838e+01,1.919378e+01,1.912298e+01,1.920793e+01,1.920085e+01,1.932815e+01,1.929988e+01,1.927867e+01,1.948352e+01,1.936349e+01,1.953291e+01,1.955407e+01,1.958932e+01,1.961751e+01,1.980058e+01,1.999735e+01,2.002542e+01,2.023577e+01,2.043169e+01,2.059234e+01,2.062025e+01,2.084328e+01,2.081543e+01,2.085024e+01,2.087808e+01,2.075970e+01,2.097547e+01,2.087808e+01,2.089896e+01,2.096852e+01,2.088504e+01,2.092679e+01,2.096852e+01,2.101023e+01,2.101023e+01,2.096156e+01,2.093374e+01,2.098242e+01,2.094765e+01,2.114220e+01,2.099632e+01,2.087112e+01,2.103107e+01,2.102413e+01,2.097547e+01,2.091287e+01,2.087112e+01,2.098242e+01,2.092679e+01,2.089200e+01,2.089896e+01,2.082239e+01,2.091983e+01,2.084328e+01,2.082239e+01,2.078757e+01,2.085024e+01,2.069000e+01,2.068303e+01,2.059234e+01,2.060629e+01,2.062723e+01,2.063420e+01,2.061327e+01,2.063420e+01,2.100327e+01,2.107971e+01,2.107971e+01,2.112137e+01
1.958227e+01,1.953291e+01,1.967388e+01,1.992711e+01,1.994819e+01,2.005350e+01,2.011663e+01,2.055045e+01,2.058536e+01,2.058536e+01,2.049458e+01,2.051554e+01,2.038274e+01,2.043868e+01,2.010260e+01,1.999033e+01,1.994117e+01,1.993414e+01,1.977243e+01,1.966683e+01,1.954701e+01,1.945529e+01,1.951880e+01,1.940587e+01,1.948352e+01,1.949058e+01,1.948352e+01,1.941293e+01,1.944118e+01,1.957522e+01,1.957522e+01,1.949058e+01,1.939881e+01,1.958227e+01,1.954701e+01,1.973021e+01,1.972317e+01,1.973021e+01,1.974428e+01,1.984277e+01,1.982871e+01,1.969500e+01,1.965979e+01,1.970909e+01,1.972317e+01,1.975132e+01,1.958932e+01,1.945529e+01,1.910881e+01,1.871135e+01,1.873980e+01,1.872558e+01,1.836227e+01,1.834799e+01,1.816938e+01,1.806922e+01,1.802627e+01,1.804775e+01,1.793313e+01,1.801910e+01,1.812647e+01,1.834799e+01,1.844787e+01,1.864733e+01,1.881797e+01,1.912298e+01,1.910173e+01,1.920793e+01,1.961751e+01,1.963161e+01,1.963865e+01,1.996224e+01,2.012364e+01,2.046663e+01,2.048759e+01,2.081543e+01,2.070394e+01,2.075970e+01,2.071091e+01,2.086416e+01,2.091983e+01,2.087112e+01,2.072486e+01,2.085720e+01,2.084328e+01,2.071789e+01,2.069697e+01,2.078060e+01,2.079453e+01,2.084328e+01,2.078757e+01,2.073182e+01,2.071091e+01,2.074576e+01,2.080846e+01,2.088504e+01,2.090592e+01,2.077363e+01,2.078757e+01,2.087112e+01,2.082935e+01,2.085720e+01,2.072486e+01,2.080150e+01,2.080150e+01,2.085024e+01,2.075273e+01,2.071091e+01,2.076667e+01,2.063420e+01,2.042470e+01,2.008156e+01,1.993414e+01,1.944823e+01,1.906630e+01,1.896704e+01,1.856190e+01,1.851203e+01,1.826230e+01,1.821943e+01,1.813362e+01,1.815508e+01,1.819083e+01,1.809069e+01,1.806207e+01,1.804059e+01,1.809785e+01,1.801910e+01,1.798329e+01,1.806207e+01,1.798329e+01,1.801194e+01,1.795463e+01,1.797613e+01,1.801910e+01,1.796896e+01,1.809785e+01,1.819083e+01,1.811932e+01,1.806922e+01,1.822657e+01,1.814078e+01,1.826230e+01,1.816938e+01,1.829087e+01,1.851915e+01,1.850490e+01,1.854765e+01,1.866156e+01,1.861174e+01,1.872558e+01,1.877534e+01,1.872558e+01,1.879666e+01,1.897414e+01,1.891028e+01,1.905922e+01,1.901669e+01,1.910881e+01,1.905922e+01,1.911590e+01,1.913006e+01,1.903795e+01,1.920085e+01,1.910173e+01,1.926452e+01,1.917962e+01,1.917962e+01,1.923623e+01,1.932109e+01,1.925038e+01,1.922916e+01,1.938468e+01,1.924331e+01,1.932109e+01,1.932109e+01,1.920793e+01,1.918670e+01,1.920793e+01,1.911590e+01,1.917254e+01,1.921501e+01,1.908756e+01,1.910881e+01,1.898123e+01,1.900251e+01,1.898832e+01,1.903087e+01,1.903795e+01,1.895286e+01,1.903087e+01,1.904504e+01,1.914422e+01,1.919378e+01,1.915838e+01,1.930695e+01,1.976540e+01,1.987090e+01,1.987792e+01,1.992711e+01,2.002542e+01,2.030578e+01,2.043868e+01,2.037575e+01,2.038274e+01,2.043868e+01,2.048061e+01,2.048061e+01,2.057838e+01,2.057140e+01,2.049458e+01,2.061327e+01,2.061327e+01,2.075970e+01,2.073879e+01,2.066908e+01,2.066211e+01,2.075970e+01,2.078060e+01,2.074576e+01,2.103802e+01,2.077363e+01,2.075970e+01,2.075970e+01,2.103107e+01,2.069697e+01,2.077363e+01,2.077363e+01,2.079453e+01,2.080846e+01,2.053649e+01,2.059234e+01,2.065513e+01,2.072486e+01,2.067605e+01,2.078757e+01,2.076667e+01,2.050855e+01,2.071789e+01,2.069000e+01,2.061327e+01,2.059234e+01,2.060629e+01,2.071091e+01,2.060629e+01,2.065513e+01,2.057838e+01,2.065513e+01,2.065513e+01,2.075273e+01,2.067605e+01,2.071091e+01,2.072486e+01,2.069697e+01,2.069000e+01,2.072486e+01,2.071091e+01,2.075970e+01,2.052950e+01,2.045964e+01,2.033377e+01,2.026378e+01,1.989901e+01,1.981464e+01,1.961047e+01,1.962456e+01,1.937055e+01,1.922208e+01,1.917962e+01,1.903087e+01,1.895995e+01,1.898832e+01,1.902378e+01,1.897414e+01,1.891028e+01,1.895995e+01,1.891028e+01,1.890318e+01,1.894576e+01,1.891738e+01,1.899541e+01,1.895995e+01,1.897414e+01,1.881087e+01,1.881087e+01,1.891028e+01,1.887479e+01,1.885349e+01,1.873269e+01,1.888189e+01,1.879666e+01,1.883928e+01,1.882508e+01,1.881087e+01,1.879666e+01,1.882508e+01,1.888899e+01,1.883928e+01,1.891028e+01,1.878955e+01,1.881087e+01,1.887479e+01,1.880376e+01,1.882508e+01,1.874691e+01,1.886059e+01,1.881087e+01,1.878955e+01,1.871847e+01,1.871847e+01,1.873980e+01,1.868290e+01,1.860462e+01,1.873980e+01,1.859750e+01,1.863309e+01,1.867579e+01,1.865444e+01,1.868290e+01,1.860462e+01,1.860462e+01,1.856190e+01,1.871847e+01,1.864733e+01,1.873269e+01,1.888189e+01,1.883218e+01,1.896704e+01,1.898123e+01,1.898123e+01,1.927160e+01,1.908047e+01,1.943411e+01,1.948352e+01,1.951175e+01,1.953291e+01,1.975132e+01,1.975836e+01,1.975836e+01,1.975132e+01,1.977947e+01,1.961047e+01,1.963161e+01,1.956112e+01,1.934936e+01,1.936349e+01,1.934229e+01,1.906630e+01,1.887479e+01,1.884638e+01,1.899541e+01,1.876112e+01,1.875401e+01,1.876823e+01,1.880376e+01,1.903795e+01,1.883928e+01,1.896704e+01,1.928574e+01,1.909464e+01,1.913006e+01,1.918670e+01,1.946941e+01,1.954701e+01,1.960342e+01,1.978650e+01,1.987792e+01,1.996224e+01,2.013065e+01,2.034077e+01,2.036176e+01,2.043868e+01,2.045964e+01,2.049458e+01,2.051554e+01,2.052252e+01,2.053649e+01,2.059234e+01,2.051554e+01,2.045266e+01,2.043868e+01,2.040372e+01,2.061327e+01,2.053649e+01,2.074576e+01,2.050855e+01,2.045266e+01,2.043868e+01,2.048061e+01,2.043169e+01,2.045266e+01,2.034777e+01,1.982168e+01,1.970909e+01,1.946941e+01,1.930695e+01,1.942705e+01,1.915838e+01,1.925038e+01,1.926452e+01,1.927160e+01,1.932815e+01,1.932815e+01,1.934936e+01,1.916546e+01,1.941293e+01,1.937055e+01,1.937055e+01,1.937762e+01,1.963865e+01,1.986386e+01,1.966683e+01,1.984277e+01,1.958227e+01,1.899541e+01,1.809069e+01,1.808354e+01,1.801910e+01,1.809785e+01,1.806922e+01,1.811932e+01,1.811932e+01,1.806922e+01,1.794029e+01,1.773940e+01,1.774659e+01,1.780402e+01,1.784707e+01,1.822657e+01,1.819798e+01,1.851203e+01,1.852628e+01,1.851915e+01,1.849777e+01,1.855477e+01,1.878245e+01,1.893867e+01,1.891028e+01,1.912298e+01,1.926452e+01,1.926452e+01,1.980761e+01,1.999735e+01,2.045964e+01,2.064816e+01,2.082935e+01,2.075970e+01,2.075273e+01,2.073182e+01,2.079453e+01,2.089200e+01,2.080846e+01,2.094070e+01,2.079453e+01,2.078757e+01,2.073879e+01,2.083632e+01,2.088504e+01,2.087808e+01,2.078757e+01,2.081543e+01,2.079453e+01,2.081543e+01,2.080150e+01,2.079453e+01,2.078757e+01,2.074576e+01,2.080846e+01,2.083632e+01,2.080846e+01,2.083632e+01,2.089896e+01,2.087112e+01,2.069000e+01,2.085720e+01,2.089896e+01,2.078060e+01,2.084328e+01,2.076667e+01,2.085024e+01,2.086416e+01,2.082935e+01,2.086416e+01,2.084328e+01,2.091983e+01,2.094765e+01,2.086416e+01,2.069000e+01,2.008156e+01,1.968796e+01,1.938468e+01,1.929281e+01,1.901669e+01,1.911590e+01,1.900960e+01,1.904504e+01,1.878245e+01,1.870424e+01,1.832658e+01,1.822657e+01,1.816938e+01,1.818369e+01,1.855477e+01,1.896704e+01,1.929988e+01,1.961047e+01,1.970205e+01,1.994819e+01,2.021475e+01,2.019373e+01,2.029178e+01,2.047362e+01,2.055743e+01,2.056442e+01,2.064118e+01,2.052950e+01,2.073879e+01,2.049458e+01,2.034777e+01,2.014467e+01,1.983574e+01,1.982871e+01,1.956817e+01,1.951880e+01,1.949764e+01,1.928574e+01,1.923623e+01,1.925038e+01,1.897414e+01,1.900960e+01,1.901669e+01,1.892448e+01,1.900251e+01,1.891738e+01,1.891738e+01,1.891738e+01,1.897414e+01,1.885349e+01,1.882508e+01,1.880376e+01,1.893157e+01,1.883928e+01,1.865444e+01,1.870424e+01,1.869713e+01,1.883928e+01,1.884638e+01,1.883218e+01,1.888899e+01,1.893157e+01,1.891738e+01,1.910881e+01,1.885349e+01,1.910881e+01,1.923623e+01,1.928574e+01,1.939881e+01,1.915838e+01,1.923623e+01,1.915130e+01,1.934229e+01,1.928574e+01,1.929988e+01,1.928574e+01,1.932109e+01,1.921501e+01,1.913006e+01,1.914422e+01,1.916546e+01,1.910881e+01,1.915838e+01,1.918670e+01,1.920793e+01,1.925038e+01,1.927160e+01,1.913006e+01,1.929281e+01,1.944823e+01,1.937762e+01,1.946235e+01,1.941999e+01,1.951880e+01,1.953291e+01,1.927867e+01,1.934936e+01,1.966683e+01,1.984277e+01,1.987792e+01,2.001841e+01,2.013065e+01,2.031278e+01,2.052950e+01,2.074576e+01,2.084328e+01,2.078757e+01,2.092679e+01,2.096156e+01,2.087112e+01,2.096156e+01,2.090592e+01,2.094070e+01,2.088504e+01,2.089896e+01,2.093374e+01,2.096852e+01,2.096156e+01,2.100327e+01,2.094070e+01,2.092679e+01,2.094070e+01,2.098242e+01,2.102413e+01,2.091983e+01,2.101023e+01,2.107276e+01,2.112137e+01,2.091983e+01,2.096156e+01,2.091983e+01,2.094765e+01,2.085720e+01,2.097547e+01,2.089200e+01,2.089200e+01,2.089200e+01,2.074576e+01,2.069697e+01,2.049458e+01,2.072486e+01,2.072486e+01,2.059234e+01,2.058536e+01,2.058536e+01,2.064816e+01,2.064118e+01,2.083632e+01,2.102413e+01,2.109360e+01,2.121852e+01,2.144716e+01
1.941293e+01,1.941999e+01,1.945529e+01,1.970909e+01,1.994819e+01,1.996926e+01,2.010260e+01,2.034077e+01,2.045266e+01,2.052252e+01,2.050157e+01,2.051554e+01,2.038974e+01,2.022176e+01,2.003946e+01,2.003946e+01,1.992009e+01,1.977243e+01,1.975132e+01,1.977947e+01,1.962456e+01,1.944823e+01,1.932109e+01,1.939174e+01,1.937762e+01,1.956112e+01,1.962456e+01,1.944823e+01,1.943411e+01,1.947647e+01,1.941293e+01,1.942705e+01,1.970205e+01,1.961047e+01,1.953291e+01,1.952586e+01,1.968796e+01,1.961751e+01,1.978650e+01,1.974428e+01,1.975836e+01,1.953996e+01,1.970205e+01,1.971613e+01,1.973021e+01,1.964570e+01,1.968796e+01,1.963865e+01,1.941293e+01,1.915838e+01,1.881797e+01,1.856190e+01,1.846213e+01,1.833372e+01,1.829087e+01,1.814793e+01,1.806207e+01,1.804775e+01,1.806922e+01,1.801194e+01,1.799762e+01,1.834085e+01,1.854765e+01,1.857614e+01,1.864021e+01,1.906630e+01,1.906630e+01,1.929281e+01,1.937762e+01,1.953291e+01,1.961751e+01,1.998330e+01,1.996224e+01,2.023577e+01,2.046663e+01,2.075970e+01,2.070394e+01,2.080150e+01,2.086416e+01,2.092679e+01,2.073182e+01,2.069697e+01,2.086416e+01,2.088504e+01,2.093374e+01,2.074576e+01,2.075273e+01,2.075273e+01,2.077363e+01,2.085720e+01,2.085720e+01,2.085720e+01,2.071789e+01,2.069000e+01,2.084328e+01,2.085720e+01,2.089200e+01,2.084328e+01,2.084328e+01,2.076667e+01,2.080846e+01,2.084328e+01,2.084328e+01,2.078757e+01,2.081543e+01,2.081543e+01,2.072486e+01,2.078757e+01,2.062723e+01,2.071091e+01,2.032678e+01,2.008857e+01,1.981464e+01,1.949058e+01,1.905213e+01,1.874691e+01,1.852628e+01,1.844074e+01,1.826944e+01,1.816223e+01,1.822657e+01,1.816938e+01,1.817653e+01,1.806207e+01,1.823372e+01,1.804059e+01,1.814078e+01,1.809069e+01,1.806207e+01,1.801910e+01,1.805490e+01,1.801194e+01,1.803343e+01,1.804059e+01,1.807638e+01,1.796896e+01,1.809785e+01,1.810501e+01,1.819083e+01,1.812647e+01,1.814793e+01,1.813362e+01,1.821943e+01,1.816938e+01,1.834799e+01,1.843361e+01,1.831944e+01,1.864021e+01,1.856190e+01,1.853340e+01,1.873269e+01,1.862598e+01,1.878955e+01,1.876112e+01,1.876823e+01,1.878245e+01,1.898123e+01,1.902378e+01,1.903795e+01,1.915838e+01,1.913714e+01,1.922916e+01,1.924331e+01,1.915130e+01,1.915130e+01,1.915130e+01,1.930695e+01,1.933522e+01,1.933522e+01,1.932815e+01,1.934229e+01,1.925038e+01,1.939881e+01,1.918670e+01,1.933522e+01,1.931402e+01,1.921501e+01,1.939881e+01,1.922208e+01,1.910881e+01,1.916546e+01,1.913006e+01,1.905922e+01,1.919378e+01,1.897414e+01,1.897414e+01,1.900960e+01,1.907339e+01,1.901669e+01,1.907339e+01,1.910173e+01,1.909464e+01,1.902378e+01,1.921501e+01,1.939881e+01,1.928574e+01,1.961047e+01,1.989901e+01,1.992009e+01,2.016570e+01,2.021475e+01,2.034777e+01,2.040372e+01,2.034777e+01,2.038974e+01,2.045266e+01,2.043169e+01,2.026378e+01,2.037575e+01,2.038974e+01,2.050855e+01,2.053649e+01,2.059932e+01,2.063420e+01,2.052950e+01,2.057838e+01,2.073879e+01,2.076667e+01,2.069697e+01,2.075273e+01,2.082239e+01,2.075970e+01,2.079453e+01,2.077363e+01,2.077363e+01,2.080846e+01,2.077363e+01,2.078757e+01,2.079453e+01,2.073182e+01,2.072486e+01,2.072486e+01,2.081543e+01,2.071091e+01,2.078060e+01,2.073182e+01,2.080150e+01,2.066908e+01,2.075970e+01,2.073182e+01,2.071789e+01,2.071091e+01,2.065513e+01,2.078757e+01,2.061327e+01,2.074576e+01,2.066908e+01,2.075273e+01,2.066908e+01,2.080846e+01,2.075273e+01,2.069697e+01,2.069697e+01,2.088504e+01,2.077363e+01,2.072486e+01,2.069000e+01,2.063420e+01,2.052252e+01,2.051554e+01,2.034777e+01,2.008156e+01,2.005350e+01,1.990604e+01,1.973021e+01,1.958932e+01,1.934936e+01,1.937055e+01,1.914422e+01,1.898123e+01,1.903795e+01,1.896704e+01,1.901669e+01,1.893867e+01,1.895286e+01,1.886059e+01,1.889609e+01,1.897414e+01,1.891738e+01,1.882508e+01,1.887479e+01,1.885349e+01,1.883928e+01,1.880376e+01,1.880376e+01,1.877534e+01,1.879666e+01,1.878955e+01,1.874691e+01,1.873269e+01,1.874691e+01,1.870424e+01,1.883928e+01,1.883218e+01,1.880376e+01,1.878245e+01,1.878955e+01,1.881087e+01,1.896704e+01,1.882508e+01,1.881087e+01,1.900960e+01,1.884638e+01,1.881797e+01,1.876823e+01,1.897414e+01,1.872558e+01,1.878955e+01,1.871135e+01,1.878245e+01,1.876823e+01,1.872558e+01,1.861174e+01,1.856190e+01,1.861174e+01,1.858326e+01,1.861886e+01,1.861174e+01,1.858326e+01,1.860462e+01,1.854053e+01,1.864021e+01,1.856190e+01,1.855477e+01,1.871135e+01,1.871847e+01,1.875401e+01,1.875401e+01,1.907339e+01,1.900960e+01,1.904504e+01,1.901669e+01,1.909464e+01,1.932815e+01,1.940587e+01,1.934936e+01,1.947647e+01,1.950469e+01,1.956112e+01,1.961047e+01,1.962456e+01,1.937762e+01,1.937055e+01,1.932815e+01,1.932109e+01,1.908047e+01,1.909464e+01,1.886059e+01,1.892448e+01,1.891028e+01,1.885349e+01,1.874691e+01,1.879666e+01,1.874691e+01,1.876823e+01,1.882508e+01,1.891028e+01,1.914422e+01,1.906630e+01,1.923623e+01,1.908047e+01,1.932815e+01,1.937055e+01,1.945529e+01,1.979354e+01,1.977947e+01,1.994117e+01,2.010961e+01,2.026378e+01,2.035476e+01,2.040372e+01,2.045964e+01,2.044567e+01,2.047362e+01,2.049458e+01,2.030578e+01,2.048759e+01,2.057140e+01,2.046663e+01,2.043868e+01,2.041770e+01,2.036875e+01,2.049458e+01,2.037575e+01,2.051554e+01,2.050855e+01,2.048759e+01,2.055045e+01,2.043169e+01,2.048759e+01,2.040372e+01,2.037575e+01,2.018673e+01,2.009559e+01,1.974428e+01,1.966683e+01,1.961751e+01,1.933522e+01,1.946235e+01,1.933522e+01,1.915838e+01,1.930695e+01,1.925745e+01,1.939881e+01,1.941293e+01,1.943411e+01,1.939881e+01,1.937055e+01,1.937055e+01,1.947647e+01,1.965274e+01,1.974428e+01,1.962456e+01,1.949764e+01,1.911590e+01,1.834799e+01,1.811932e+01,1.809785e+01,1.807638e+01,1.839794e+01,1.834799e+01,1.834799e+01,1.824801e+01,1.824087e+01,1.816938e+01,1.796896e+01,1.821943e+01,1.802627e+01,1.821228e+01,1.843361e+01,1.846926e+01,1.856902e+01,1.855477e+01,1.876112e+01,1.878955e+01,1.886769e+01,1.917254e+01,1.895995e+01,1.913006e+01,1.951175e+01,1.954701e+01,1.989198e+01,2.005350e+01,2.069697e+01,2.057140e+01,2.087112e+01,2.076667e+01,2.073879e+01,2.074576e+01,2.078757e+01,2.077363e+01,2.078060e+01,2.083632e+01,2.087808e+01,2.085024e+01,2.082935e+01,2.077363e+01,2.078060e+01,2.069697e+01,2.082935e+01,2.082935e+01,2.085720e+01,2.089200e+01,2.082935e+01,2.078060e+01,2.094070e+01,2.083632e+01,2.082935e+01,2.083632e+01,2.080846e+01,2.088504e+01,2.091287e+01,2.087808e+01,2.081543e+01,2.093374e+01,2.092679e+01,2.083632e+01,2.079453e+01,2.082239e+01,2.085720e+01,2.080846e+01,2.082239e+01,2.084328e+01,2.084328e+01,2.084328e+01,2.080150e+01,2.087112e+01,2.089896e+01,2.008156e+01,1.966683e+01,1.934229e+01,1.927160e+01,1.900251e+01,1.900960e+01,1.880376e+01,1.894576e+01,1.869713e+01,1.868290e+01,1.845500e+01,1.823372e+01,1.824801e+01,1.821943e+01,1.896704e+01,1.928574e+01,1.952586e+01,1.956817e+01,1.971613e+01,1.996224e+01,2.015168e+01,2.014467e+01,2.024277e+01,2.041770e+01,2.056442e+01,2.029178e+01,2.054347e+01,2.041071e+01,2.037575e+01,2.038974e+01,2.027778e+01,2.010961e+01,2.010961e+01,1.973021e+01,1.961047e+01,1.967388e+01,1.928574e+01,1.920793e+01,1.919378e+01,1.928574e+01,1.899541e+01,1.903087e+01,1.900960e+01,1.900251e+01,1.902378e+01,1.898123e+01,1.888899e+01,1.893157e+01,1.888189e+01,1.889609e+01,1.883928e+01,1.881087e+01,1.883218e+01,1.875401e+01,1.876112e+01,1.877534e+01,1.877534e+01,1.871135e+01,1.878245e+01,1.870424e+01,1.876112e+01,1.875401e+01,1.893157e+01,1.910881e+01,1.910173e+01,1.905213e+01,1.910881e+01,1.923623e+01,1.925038e+01,1.918670e+01,1.927867e+01,1.918670e+01,1.929988e+01,1.913006e+01,1.937762e+01,1.927867e+01,1.922916e+01,1.916546e+01,1.913006e+01,1.915130e+01,1.923623e+01,1.929281e+01,1.923623e+01,1.924331e+01,1.926452e+01,1.922208e+01,1.925038e+01,1.920793e+01,1.934936e+01,1.947647e+01,1.943411e+01,1.932815e+01,1.958227e+01,1.953996e+01,1.956112e+01,1.959637e+01,1.956112e+01,1.969500e+01,1.966683e+01,1.984980e+01,1.996926e+01,1.999735e+01,2.013766e+01,2.030578e+01,2.052950e+01,2.078757e+01,2.082239e+01,2.078060e+01,2.091287e+01,2.082935e+01,2.096156e+01,2.092679e+01,2.094070e+01,2.089896e+01,2.093374e+01,2.093374e+01,2.088504e+01,2.093374e+01,2.087808e+01,2.095461e+01,2.097547e+01,2.093374e+01,2.099632e+01,2.090592e+01,2.104497e+01,2.098242e+01,2.108665e+01,2.108665e+01,2.092679e+01,2.086416e+01,2.099632e+01,2.091983e+01,2.087808e+01,2.093374e+01,2.087112e+01,2.069697e+01,2.063420e+01,2.094070e+01,2.075970e+01,2.072486e+01,2.067605e+01,2.066211e+01,2.064816e+01,2.057838e+01,2.057140e+01,2.069000e+01,2.074576e+01,2.091983e+01,2.075970e+01,2.105192e+01,2.082239e+01,2.139871e+01
1.937762e+01,1.950469e+01,1.959637e+01,1.954701e+01,1.969500e+01,1.970205e+01,2.005350e+01,2.020774e+01,2.050157e+01,2.060629e+01,2.068303e+01,2.035476e+01,2.032678e+01,2.003244e+01,1.997628e+01,1.989198e+01,1.991306e+01,1.975836e+01,1.963161e+01,1.975836e+01,1.954701e+01,1.956112e+01,1.951175e+01,1.951175e+01,1.953291e+01,1.954701e+01,1.952586e+01,1.942705e+01,1.943411e+01,1.961047e+01,1.939174e+01,1.955407e+01,1.953996e+01,1.953291e+01,1.951175e+01,1.949764e+01,1.951175e+01,1.955407e+01,1.951880e+01,1.977947e+01,1.962456e+01,1.972317e+01,1.970909e+01,1.971613e+01,1.978650e+01,1.978650e+01,1.987792e+01,1.971613e+01,1.989901e+01,1.951175e+01,1.906630e+01,1.917254e+01,1.867579e+01,1.865444e+01,1.832658e+01,1.841934e+01,1.814078e+01,1.806922e+01,1.815508e+01,1.816223e+01,1.819798e+01,1.827659e+01,1.826944e+01,1.845500e+01,1.849064e+01,1.893157e+01,1.891738e+01,1.908756e+01,1.946941e+01,1.940587e+01,1.967388e+01,1.964570e+01,2.004648e+01,2.039673e+01,2.048061e+01,2.066211e+01,2.082239e+01,2.073879e+01,2.068303e+01,2.078757e+01,2.072486e+01,2.069697e+01,2.087808e+01,2.088504e+01,2.086416e+01,2.073182e+01,2.075970e+01,2.073879e+01,2.099632e+01,2.073879e+01,2.082239e+01,2.075970e+01,2.075970e+01,2.082935e+01,2.081543e+01,2.080150e+01,2.087112e+01,2.073879e+01,2.083632e+01,2.085720e+01,2.081543e+01,2.065513e+01,2.087808e+01,2.079453e+01,2.081543e+01,2.084328e+01,2.077363e+01,2.078060e+01,2.077363e+01,2.070394e+01,2.030578e+01,2.007454e+01,1.980058e+01,1.943411e+01,1.910173e+01,1.873269e+01,1.853340e+01,1.829087e+01,1.828373e+01,1.824087e+01,1.817653e+01,1.807638e+01,1.834085e+01,1.829087e+01,1.823372e+01,1.806922e+01,1.806922e+01,1.804775e+01,1.805490e+01,1.804059e+01,1.801910e+01,1.804059e+01,1.803343e+01,1.806207e+01,1.800478e+01,1.806922e+01,1.810501e+01,1.809785e+01,1.815508e+01,1.814793e+01,1.817653e+01,1.815508e+01,1.829801e+01,1.824087e+01,1.831230e+01,1.839081e+01,1.829801e+01,1.851915e+01,1.857614e+01,1.856902e+01,1.859750e+01,1.866156e+01,1.890318e+01,1.891028e+01,1.894576e+01,1.893157e+01,1.895995e+01,1.912298e+01,1.899541e+01,1.910881e+01,1.920085e+01,1.931402e+01,1.926452e+01,1.934936e+01,1.949764e+01,1.933522e+01,1.939881e+01,1.926452e+01,1.951880e+01,1.944118e+01,1.937762e+01,1.949058e+01,1.942705e+01,1.953996e+01,1.939881e+01,1.949764e+01,1.921501e+01,1.924331e+01,1.924331e+01,1.934229e+01,1.927867e+01,1.924331e+01,1.913006e+01,1.924331e+01,1.900251e+01,1.903087e+01,1.910881e+01,1.901669e+01,1.912298e+01,1.904504e+01,1.903795e+01,1.912298e+01,1.913714e+01,1.914422e+01,1.914422e+01,1.941293e+01,1.954701e+01,1.967388e+01,1.990604e+01,2.003244e+01,2.020774e+01,2.035476e+01,2.032678e+01,2.031278e+01,2.026378e+01,2.025677e+01,2.031978e+01,2.030578e+01,2.017271e+01,2.035476e+01,2.037575e+01,2.052950e+01,2.046663e+01,2.063420e+01,2.059932e+01,2.075970e+01,2.066211e+01,2.060629e+01,2.080150e+01,2.077363e+01,2.075970e+01,2.074576e+01,2.078757e+01,2.078757e+01,2.069697e+01,2.079453e+01,2.076667e+01,2.083632e+01,2.078060e+01,2.082239e+01,2.075273e+01,2.079453e+01,2.073182e+01,2.072486e+01,2.078060e+01,2.073879e+01,2.071091e+01,2.074576e+01,2.073182e+01,2.073879e+01,2.074576e+01,2.072486e+01,2.079453e+01,2.066908e+01,2.078757e+01,2.083632e+01,2.075273e+01,2.084328e+01,2.075970e+01,2.085720e+01,2.066908e+01,2.078757e+01,2.070394e+01,2.078757e+01,2.068303e+01,2.070394e+01,2.078757e+01,2.075273e+01,2.056442e+01,2.048061e+01,2.039673e+01,2.008857e+01,2.002542e+01,1.996926e+01,1.975132e+01,1.968796e+01,1.943411e+01,1.912298e+01,1.898832e+01,1.895286e+01,1.900960e+01,1.895995e+01,1.907339e+01,1.894576e+01,1.894576e+01,1.888189e+01,1.888189e+01,1.891738e+01,1.897414e+01,1.886769e+01,1.895995e+01,1.890318e+01,1.887479e+01,1.883928e+01,1.889609e+01,1.874691e+01,1.877534e+01,1.876823e+01,1.878955e+01,1.868290e+01,1.870424e+01,1.870424e+01,1.875401e+01,1.880376e+01,1.871847e+01,1.888899e+01,1.878955e+01,1.879666e+01,1.878955e+01,1.899541e+01,1.876823e+01,1.891738e+01,1.886769e+01,1.903087e+01,1.881087e+01,1.904504e+01,1.898832e+01,1.875401e+01,1.871847e+01,1.871135e+01,1.869713e+01,1.866156e+01,1.869713e+01,1.863309e+01,1.856190e+01,1.859750e+01,1.854053e+01,1.856190e+01,1.859038e+01,1.864021e+01,1.857614e+01,1.850490e+01,1.856190e+01,1.857614e+01,1.861174e+01,1.858326e+01,1.871135e+01,1.867579e+01,1.861886e+01,1.867579e+01,1.878955e+01,1.896704e+01,1.888189e+01,1.909464e+01,1.917254e+01,1.930695e+01,1.935642e+01,1.927160e+01,1.937055e+01,1.938468e+01,1.939174e+01,1.937055e+01,1.912298e+01,1.912298e+01,1.907339e+01,1.908047e+01,1.898123e+01,1.888899e+01,1.877534e+01,1.873269e+01,1.871135e+01,1.876112e+01,1.872558e+01,1.873980e+01,1.876112e+01,1.876823e+01,1.897414e+01,1.903795e+01,1.908756e+01,1.916546e+01,1.913006e+01,1.922916e+01,1.945529e+01,1.965274e+01,1.976540e+01,1.984277e+01,1.999735e+01,2.027078e+01,2.013065e+01,2.032678e+01,2.022876e+01,2.041071e+01,2.041071e+01,2.046663e+01,2.044567e+01,2.044567e+01,2.045266e+01,2.043868e+01,2.038974e+01,2.043169e+01,2.038274e+01,2.033377e+01,2.053649e+01,2.051554e+01,2.050855e+01,2.035476e+01,2.046663e+01,2.045266e+01,2.042470e+01,2.045266e+01,2.043868e+01,2.050855e+01,2.027078e+01,2.027778e+01,2.008156e+01,1.977947e+01,1.963161e+01,1.960342e+01,1.953291e+01,1.934936e+01,1.937055e+01,1.936349e+01,1.934936e+01,1.940587e+01,1.943411e+01,1.934229e+01,1.937762e+01,1.940587e+01,1.922208e+01,1.943411e+01,1.949058e+01,1.954701e+01,1.951175e+01,1.949058e+01,1.907339e+01,1.836940e+01,1.817653e+01,1.826230e+01,1.841221e+01,1.840508e+01,1.835513e+01,1.839081e+01,1.848352e+01,1.831230e+01,1.829801e+01,1.829087e+01,1.835513e+01,1.840508e+01,1.839081e+01,1.852628e+01,1.854765e+01,1.886769e+01,1.887479e+01,1.890318e+01,1.891028e+01,1.911590e+01,1.937762e+01,1.938468e+01,1.948352e+01,1.973725e+01,2.003946e+01,2.002542e+01,2.049458e+01,2.059932e+01,2.082935e+01,2.076667e+01,2.063420e+01,2.078757e+01,2.079453e+01,2.073879e+01,2.080150e+01,2.080150e+01,2.082935e+01,2.098242e+01,2.080846e+01,2.066211e+01,2.079453e+01,2.087808e+01,2.088504e+01,2.079453e+01,2.090592e+01,2.076667e+01,2.081543e+01,2.078757e+01,2.080150e+01,2.088504e+01,2.087112e+01,2.080150e+01,2.086416e+01,2.081543e+01,2.079453e+01,2.087112e+01,2.089896e+01,2.089200e+01,2.083632e+01,2.083632e+01,2.085720e+01,2.090592e+01,2.082239e+01,2.078757e+01,2.093374e+01,2.080846e+01,2.092679e+01,2.078757e+01,2.083632e+01,2.084328e+01,2.097547e+01,2.089896e+01,2.038274e+01,1.968796e+01,1.927867e+01,1.900251e+01,1.897414e+01,1.883218e+01,1.862598e+01,1.859038e+01,1.851203e+01,1.851203e+01,1.842648e+01,1.822657e+01,1.826230e+01,1.851915e+01,1.924331e+01,1.925745e+01,1.953291e+01,1.970205e+01,1.968796e+01,1.982871e+01,2.015869e+01,1.994819e+01,2.008857e+01,2.006051e+01,2.027078e+01,2.019373e+01,2.036176e+01,2.034077e+01,2.050157e+01,2.041770e+01,2.010961e+01,2.008156e+01,2.015869e+01,1.981464e+01,1.985683e+01,1.956112e+01,1.942705e+01,1.928574e+01,1.915130e+01,1.891738e+01,1.893867e+01,1.901669e+01,1.910881e+01,1.890318e+01,1.891738e+01,1.889609e+01,1.895286e+01,1.891028e+01,1.893157e+01,1.884638e+01,1.880376e+01,1.887479e+01,1.876823e+01,1.866156e+01,1.861174e+01,1.881797e+01,1.885349e+01,1.869002e+01,1.880376e+01,1.871847e+01,1.876823e+01,1.880376e+01,1.869002e+01,1.891028e+01,1.893867e+01,1.900251e+01,1.904504e+01,1.915838e+01,1.917962e+01,1.919378e+01,1.918670e+01,1.919378e+01,1.927867e+01,1.929281e+01,1.929281e+01,1.929988e+01,1.922208e+01,1.935642e+01,1.915130e+01,1.937055e+01,1.915838e+01,1.923623e+01,1.929281e+01,1.926452e+01,1.926452e+01,1.925745e+01,1.923623e+01,1.925038e+01,1.941293e+01,1.932815e+01,1.935642e+01,1.965979e+01,1.955407e+01,1.982168e+01,1.958227e+01,1.960342e+01,1.961047e+01,1.959637e+01,1.976540e+01,1.976540e+01,1.975132e+01,1.982871e+01,2.005350e+01,2.005350e+01,2.028478e+01,2.085024e+01,2.078060e+01,2.079453e+01,2.080150e+01,2.082935e+01,2.085024e+01,2.095461e+01,2.079453e+01,2.097547e+01,2.095461e+01,2.100327e+01,2.090592e+01,2.095461e+01,2.090592e+01,2.107971e+01,2.084328e+01,2.088504e+01,2.099632e+01,2.119078e+01,2.101023e+01,2.104497e+01,2.098242e+01,2.112137e+01,2.092679e+01,2.090592e+01,2.095461e+01,2.087808e+01,2.091983e+01,2.100327e+01,2.085720e+01,2.090592e+01,2.091287e+01,2.094765e+01,2.096852e+01,2.076667e+01,2.041770e+01,2.067605e+01,2.071789e+01,2.067605e+01,2.060629e+01,2.071789e+01,2.082239e+01,2.086416e+01,2.087808e+01,2.105887e+01,2.110054e+01,2.132944e+01
1.938468e+01,1.941999e+01,1.961047e+01,1.954701e+01,1.964570e+01,1.973021e+01,1.970909e+01,2.006753e+01,2.010961e+01,2.023577e+01,2.040372e+01,2.041071e+01,2.026378e+01,2.016570e+01,1.999735e+01,1.994819e+01,1.988495e+01,1.992009e+01,1.965274e+01,1.960342e+01,1.956817e+01,1.954701e+01,1.929281e+01,1.927160e+01,1.933522e+01,1.939174e+01,1.943411e+01,1.941999e+01,1.941999e+01,1.943411e+01,1.947647e+01,1.934936e+01,1.952586e+01,1.935642e+01,1.949764e+01,1.931402e+01,1.951175e+01,1.949058e+01,1.949764e+01,1.953996e+01,1.961047e+01,1.973021e+01,1.973021e+01,1.970205e+01,1.956112e+01,1.984277e+01,1.968796e+01,1.982871e+01,1.984980e+01,1.985683e+01,1.964570e+01,1.937762e+01,1.905922e+01,1.843361e+01,1.862598e+01,1.862598e+01,1.839081e+01,1.822657e+01,1.814793e+01,1.804775e+01,1.815508e+01,1.843361e+01,1.831944e+01,1.844787e+01,1.851203e+01,1.868290e+01,1.890318e+01,1.904504e+01,1.931402e+01,1.946235e+01,1.964570e+01,1.983574e+01,2.003244e+01,2.020074e+01,2.048759e+01,2.062025e+01,2.081543e+01,2.067605e+01,2.069000e+01,2.067605e+01,2.073879e+01,2.082239e+01,2.080846e+01,2.085720e+01,2.086416e+01,2.071789e+01,2.073182e+01,2.060629e+01,2.081543e+01,2.086416e+01,2.064118e+01,2.083632e+01,2.074576e+01,2.077363e+01,2.085024e+01,2.071789e+01,2.091983e+01,2.087808e+01,2.105192e+01,2.100327e+01,2.082935e+01,2.063420e+01,2.080846e+01,2.064816e+01,2.075970e+01,2.075970e+01,2.075970e+01,2.075273e+01,2.066211e+01,2.064816e+01,2.032678e+01,2.010260e+01,1.980058e+01,1.945529e+01,1.910881e+01,1.869002e+01,1.844074e+01,1.834085e+01,1.827659e+01,1.825516e+01,1.821943e+01,1.831230e+01,1.820513e+01,1.826944e+01,1.824801e+01,1.810501e+01,1.830515e+01,1.808354e+01,1.807638e+01,1.805490e+01,1.805490e+01,1.806922e+01,1.799762e+01,1.800478e+01,1.811932e+01,1.804775e+01,1.806922e+01,1.801910e+01,1.819083e+01,1.818369e+01,1.821228e+01,1.821943e+01,1.818369e+01,1.824087e+01,1.834799e+01,1.839081e+01,1.850490e+01,1.847639e+01,1.846926e+01,1.870424e+01,1.868290e+01,1.866156e+01,1.877534e+01,1.878955e+01,1.879666e+01,1.895995e+01,1.895286e+01,1.898832e+01,1.923623e+01,1.910173e+01,1.913006e+01,1.925038e+01,1.916546e+01,1.934936e+01,1.929281e+01,1.933522e+01,1.943411e+01,1.944823e+01,1.944118e+01,1.946941e+01,1.954701e+01,1.952586e+01,1.929988e+01,1.945529e+01,1.939174e+01,1.919378e+01,1.941999e+01,1.937762e+01,1.933522e+01,1.929988e+01,1.915838e+01,1.925745e+01,1.917254e+01,1.917254e+01,1.904504e+01,1.901669e+01,1.913714e+01,1.912298e+01,1.908756e+01,1.910881e+01,1.916546e+01,1.900960e+01,1.923623e+01,1.914422e+01,1.927160e+01,1.932815e+01,1.959637e+01,1.968092e+01,1.990604e+01,2.004648e+01,2.019373e+01,2.032678e+01,2.030578e+01,2.029178e+01,2.031978e+01,2.031278e+01,2.010961e+01,2.007454e+01,2.017972e+01,2.020074e+01,2.019373e+01,2.048061e+01,2.043868e+01,2.064118e+01,2.061327e+01,2.055743e+01,2.056442e+01,2.064118e+01,2.051554e+01,2.059234e+01,2.055743e+01,2.068303e+01,2.069000e+01,2.061327e+01,2.065513e+01,2.071789e+01,2.067605e+01,2.069697e+01,2.071091e+01,2.075273e+01,2.075273e+01,2.072486e+01,2.079453e+01,2.078060e+01,2.080846e+01,2.068303e+01,2.066908e+01,2.079453e+01,2.078060e+01,2.081543e+01,2.081543e+01,2.080846e+01,2.079453e+01,2.078757e+01,2.069697e+01,2.085720e+01,2.077363e+01,2.083632e+01,2.082935e+01,2.080150e+01,2.076667e+01,2.098937e+01,2.089200e+01,2.085720e+01,2.075970e+01,2.070394e+01,2.070394e+01,2.071091e+01,2.043868e+01,2.058536e+01,2.037575e+01,2.022176e+01,2.026378e+01,2.008857e+01,1.961751e+01,1.970909e+01,1.945529e+01,1.937762e+01,1.900960e+01,1.897414e+01,1.899541e+01,1.890318e+01,1.891028e+01,1.890318e+01,1.894576e+01,1.891028e+01,1.896704e+01,1.895995e+01,1.886059e+01,1.899541e+01,1.883218e+01,1.886769e+01,1.887479e+01,1.883218e+01,1.881087e+01,1.867579e+01,1.871847e+01,1.873269e+01,1.868290e+01,1.871135e+01,1.874691e+01,1.869713e+01,1.873980e+01,1.873269e+01,1.881797e+01,1.879666e+01,1.868290e+01,1.871135e+01,1.878955e+01,1.900960e+01,1.881797e+01,1.876823e+01,1.872558e+01,1.877534e+01,1.866867e+01,1.878955e+01,1.866156e+01,1.871135e+01,1.870424e+01,1.873269e+01,1.872558e+01,1.871847e+01,1.849777e+01,1.866867e+01,1.862598e+01,1.861886e+01,1.861886e+01,1.850490e+01,1.841221e+01,1.839794e+01,1.851915e+01,1.845500e+01,1.845500e+01,1.834085e+01,1.839081e+01,1.849777e+01,1.856190e+01,1.866867e+01,1.866867e+01,1.868290e+01,1.869002e+01,1.861886e+01,1.879666e+01,1.883928e+01,1.905922e+01,1.894576e+01,1.911590e+01,1.915130e+01,1.905922e+01,1.923623e+01,1.915838e+01,1.913006e+01,1.911590e+01,1.919378e+01,1.876112e+01,1.904504e+01,1.881087e+01,1.873269e+01,1.865444e+01,1.878245e+01,1.873980e+01,1.871135e+01,1.873980e+01,1.873980e+01,1.872558e+01,1.878245e+01,1.892448e+01,1.904504e+01,1.904504e+01,1.908047e+01,1.926452e+01,1.940587e+01,1.956112e+01,1.977947e+01,1.970205e+01,1.981464e+01,1.999735e+01,2.011663e+01,2.008857e+01,2.027078e+01,2.026378e+01,2.024977e+01,2.044567e+01,2.045964e+01,2.040372e+01,2.046663e+01,2.038974e+01,2.057140e+01,2.055743e+01,2.042470e+01,2.038274e+01,2.036875e+01,2.035476e+01,2.039673e+01,2.052252e+01,2.051554e+01,2.048061e+01,2.045266e+01,2.044567e+01,2.051554e+01,2.041071e+01,2.034077e+01,2.050855e+01,2.029878e+01,2.009559e+01,1.981464e+01,1.976540e+01,1.979354e+01,1.955407e+01,1.960342e+01,1.945529e+01,1.937055e+01,1.935642e+01,1.938468e+01,1.943411e+01,1.936349e+01,1.941293e+01,1.923623e+01,1.920793e+01,1.936349e+01,1.936349e+01,1.948352e+01,1.947647e+01,1.916546e+01,1.882508e+01,1.852628e+01,1.841934e+01,1.839794e+01,1.844787e+01,1.844074e+01,1.844074e+01,1.839794e+01,1.841934e+01,1.847639e+01,1.851915e+01,1.839081e+01,1.844074e+01,1.856190e+01,1.854053e+01,1.867579e+01,1.856190e+01,1.878955e+01,1.890318e+01,1.905922e+01,1.930695e+01,1.941293e+01,1.945529e+01,1.949058e+01,1.963161e+01,1.975836e+01,2.003244e+01,2.047362e+01,2.057838e+01,2.078060e+01,2.073879e+01,2.075273e+01,2.089896e+01,2.073879e+01,2.073879e+01,2.080150e+01,2.085024e+01,2.074576e+01,2.080846e+01,2.084328e+01,2.081543e+01,2.084328e+01,2.080150e+01,2.075273e+01,2.075273e+01,2.085024e+01,2.075273e+01,2.076667e+01,2.078757e+01,2.073879e+01,2.076667e+01,2.091287e+01,2.082935e+01,2.084328e+01,2.081543e+01,2.060629e+01,2.060629e+01,2.078060e+01,2.079453e+01,2.085024e+01,2.085024e+01,2.075970e+01,2.084328e+01,2.075273e+01,2.081543e+01,2.083632e+01,2.079453e+01,2.081543e+01,2.096156e+01,2.083632e+01,2.083632e+01,2.089896e+01,2.085720e+01,2.077363e+01,2.036176e+01,1.965274e+01,1.932109e+01,1.901669e+01,1.900251e+01,1.879666e+01,1.861174e+01,1.857614e+01,1.858326e+01,1.840508e+01,1.841934e+01,1.844074e+01,1.874691e+01,1.895995e+01,1.898832e+01,1.926452e+01,1.953996e+01,1.969500e+01,1.983574e+01,2.003244e+01,2.006051e+01,1.982168e+01,1.967388e+01,1.973021e+01,1.995521e+01,2.017972e+01,2.015168e+01,2.018673e+01,2.023577e+01,2.021475e+01,2.013766e+01,2.006753e+01,2.001841e+01,1.995521e+01,1.990604e+01,1.975836e+01,1.951880e+01,1.922916e+01,1.921501e+01,1.902378e+01,1.896704e+01,1.902378e+01,1.879666e+01,1.893867e+01,1.898123e+01,1.867579e+01,1.869713e+01,1.874691e+01,1.885349e+01,1.867579e+01,1.882508e+01,1.863309e+01,1.859750e+01,1.859750e+01,1.859750e+01,1.856902e+01,1.864733e+01,1.863309e+01,1.862598e+01,1.863309e+01,1.863309e+01,1.876823e+01,1.868290e+01,1.880376e+01,1.895995e+01,1.910881e+01,1.905213e+01,1.915838e+01,1.917962e+01,1.922208e+01,1.922208e+01,1.919378e+01,1.908756e+01,1.923623e+01,1.927867e+01,1.908047e+01,1.927160e+01,1.912298e+01,1.928574e+01,1.929988e+01,1.931402e+01,1.919378e+01,1.920085e+01,1.917962e+01,1.929281e+01,1.919378e+01,1.928574e+01,1.926452e+01,1.942705e+01,1.929281e+01,1.961047e+01,1.965274e+01,1.984277e+01,1.966683e+01,1.980761e+01,1.981464e+01,1.967388e+01,1.968092e+01,1.973725e+01,1.958227e+01,1.983574e+01,1.993414e+01,2.002542e+01,2.008857e+01,2.020074e+01,2.050855e+01,2.068303e+01,2.080846e+01,2.082239e+01,2.108665e+01,2.080150e+01,2.085720e+01,2.082935e+01,2.091983e+01,2.087808e+01,2.102413e+01,2.099632e+01,2.089200e+01,2.089200e+01,2.095461e+01,2.090592e+01,2.100327e+01,2.096852e+01,2.103107e+01,2.097547e+01,2.107971e+01,2.098937e+01,2.097547e+01,2.098242e+01,2.094070e+01,2.120465e+01,2.084328e+01,2.094765e+01,2.085720e+01,2.085720e+01,2.078757e+01,2.071789e+01,2.091983e+01,2.074576e+01,2.070394e+01,2.062025e+01,2.082935e+01,2.046663e+01,2.061327e+01,2.067605e+01,2.073182e+01,2.080150e+01,2.091287e+01,2.105887e+01,2.096852e+01,2.112137e+01,2.144024e+01
1.938468e+01,1.949764e+01,1.946235e+01,1.970205e+01,1.966683e+01,1.970909e+01,1.974428e+01,1.996224e+01,2.006051e+01,2.010260e+01,2.015869e+01,2.034077e+01,2.015168e+01,2.017972e+01,2.006753e+01,1.992711e+01,1.982168e+01,1.972317e+01,1.975132e+01,1.955407e+01,1.955407e+01,1.943411e+01,1.950469e+01,1.934936e+01,1.953291e+01,1.943411e+01,1.945529e+01,1.934229e+01,1.951175e+01,1.938468e+01,1.935642e+01,1.934936e+01,1.934229e+01,1.941293e+01,1.944118e+01,1.930695e+01,1.960342e+01,1.949764e+01,1.942705e+01,1.953291e+01,1.944823e+01,1.969500e+01,1.967388e+01,1.956817e+01,1.978650e+01,1.975836e+01,1.963865e+01,1.986386e+01,1.984980e+01,2.006753e+01,1.971613e+01,1.938468e+01,1.919378e+01,1.897414e+01,1.869002e+01,1.864021e+01,1.851203e+01,1.834085e+01,1.826944e+01,1.832658e+01,1.821943e+01,1.833372e+01,1.826944e+01,1.844074e+01,1.851915e+01,1.863309e+01,1.880376e+01,1.900251e+01,1.932815e+01,1.934936e+01,1.940587e+01,1.972317e+01,1.994117e+01,2.026378e+01,2.043169e+01,2.060629e+01,2.071789e+01,2.084328e+01,2.072486e+01,2.078060e+01,2.086416e+01,2.087808e+01,2.083632e+01,2.087808e+01,2.085024e+01,2.075273e+01,2.075970e+01,2.064816e+01,2.068303e+01,2.079453e+01,2.082935e+01,2.080846e+01,2.080846e+01,2.071091e+01,2.081543e+01,2.082239e+01,2.078060e+01,2.078060e+01,2.079453e+01,2.078060e+01,2.087112e+01,2.082935e+01,2.090592e+01,2.075970e+01,2.087112e+01,2.073879e+01,2.075273e+01,2.077363e+01,2.060629e+01,2.052252e+01,2.031278e+01,1.986386e+01,1.980058e+01,1.941999e+01,1.910881e+01,1.886769e+01,1.849064e+01,1.834799e+01,1.835513e+01,1.829801e+01,1.818369e+01,1.824801e+01,1.832658e+01,1.822657e+01,1.833372e+01,1.829087e+01,1.821943e+01,1.825516e+01,1.806207e+01,1.813362e+01,1.811216e+01,1.826230e+01,1.809069e+01,1.809785e+01,1.808354e+01,1.810501e+01,1.814078e+01,1.822657e+01,1.821228e+01,1.826230e+01,1.824801e+01,1.820513e+01,1.843361e+01,1.821228e+01,1.831230e+01,1.834799e+01,1.846926e+01,1.869713e+01,1.859038e+01,1.852628e+01,1.849777e+01,1.873269e+01,1.888189e+01,1.877534e+01,1.875401e+01,1.900251e+01,1.898123e+01,1.898832e+01,1.910881e+01,1.916546e+01,1.912298e+01,1.924331e+01,1.929281e+01,1.918670e+01,1.937055e+01,1.933522e+01,1.945529e+01,1.943411e+01,1.942705e+01,1.944823e+01,1.952586e+01,1.948352e+01,1.946235e+01,1.943411e+01,1.944118e+01,1.941999e+01,1.934936e+01,1.941293e+01,1.935642e+01,1.929988e+01,1.926452e+01,1.916546e+01,1.917962e+01,1.908047e+01,1.904504e+01,1.913006e+01,1.905922e+01,1.910173e+01,1.916546e+01,1.915130e+01,1.916546e+01,1.913714e+01,1.903087e+01,1.915838e+01,1.941293e+01,1.944823e+01,1.972317e+01,1.990604e+01,2.008857e+01,2.024277e+01,2.020074e+01,2.032678e+01,2.028478e+01,2.024977e+01,2.028478e+01,2.006753e+01,2.018673e+01,1.994819e+01,2.012364e+01,2.009559e+01,2.006051e+01,2.033377e+01,2.035476e+01,2.060629e+01,2.055045e+01,2.052252e+01,2.064118e+01,2.048759e+01,2.055045e+01,2.052950e+01,2.056442e+01,2.058536e+01,2.062723e+01,2.059932e+01,2.062025e+01,2.062025e+01,2.064118e+01,2.064816e+01,2.085720e+01,2.080150e+01,2.063420e+01,2.077363e+01,2.078757e+01,2.079453e+01,2.081543e+01,2.075273e+01,2.091983e+01,2.078757e+01,2.080846e+01,2.078757e+01,2.077363e+01,2.079453e+01,2.080150e+01,2.075273e+01,2.080846e+01,2.074576e+01,2.071789e+01,2.082239e+01,2.091287e+01,2.081543e+01,2.078060e+01,2.080846e+01,2.088504e+01,2.077363e+01,2.078757e+01,2.082239e+01,2.075970e+01,2.071789e+01,2.053649e+01,2.062723e+01,2.053649e+01,2.036875e+01,2.027078e+01,1.988495e+01,1.977947e+01,1.984277e+01,1.950469e+01,1.926452e+01,1.898832e+01,1.895995e+01,1.897414e+01,1.891028e+01,1.893867e+01,1.896704e+01,1.881087e+01,1.897414e+01,1.899541e+01,1.876112e+01,1.889609e+01,1.888189e+01,1.884638e+01,1.894576e+01,1.889609e+01,1.886769e+01,1.881087e+01,1.878245e+01,1.888189e+01,1.877534e+01,1.866867e+01,1.865444e+01,1.865444e+01,1.869002e+01,1.859038e+01,1.882508e+01,1.875401e+01,1.873980e+01,1.865444e+01,1.877534e+01,1.876112e+01,1.886059e+01,1.873980e+01,1.876823e+01,1.877534e+01,1.873269e+01,1.868290e+01,1.882508e+01,1.869713e+01,1.866867e+01,1.888899e+01,1.873269e+01,1.870424e+01,1.866867e+01,1.876112e+01,1.861174e+01,1.868290e+01,1.862598e+01,1.855477e+01,1.863309e+01,1.854053e+01,1.856190e+01,1.853340e+01,1.846213e+01,1.842648e+01,1.841221e+01,1.836227e+01,1.846213e+01,1.842648e+01,1.852628e+01,1.841934e+01,1.853340e+01,1.864021e+01,1.855477e+01,1.863309e+01,1.886059e+01,1.899541e+01,1.900251e+01,1.893867e+01,1.894576e+01,1.901669e+01,1.910173e+01,1.895995e+01,1.891028e+01,1.891738e+01,1.871135e+01,1.882508e+01,1.876823e+01,1.861174e+01,1.860462e+01,1.867579e+01,1.866156e+01,1.845500e+01,1.864021e+01,1.869713e+01,1.868290e+01,1.872558e+01,1.873980e+01,1.892448e+01,1.903795e+01,1.901669e+01,1.926452e+01,1.919378e+01,1.939881e+01,1.971613e+01,1.975132e+01,1.981464e+01,1.990604e+01,2.008857e+01,2.010260e+01,2.027078e+01,2.032678e+01,2.047362e+01,2.037575e+01,2.051554e+01,2.044567e+01,2.048759e+01,2.045266e+01,2.047362e+01,2.036176e+01,2.045266e+01,2.059932e+01,2.046663e+01,2.047362e+01,2.050157e+01,2.046663e+01,2.048759e+01,2.044567e+01,2.046663e+01,2.048061e+01,2.043868e+01,2.042470e+01,2.045266e+01,2.031978e+01,2.029178e+01,2.022876e+01,2.020074e+01,2.003244e+01,2.001139e+01,1.980058e+01,1.968092e+01,1.958932e+01,1.953996e+01,1.946941e+01,1.953291e+01,1.941999e+01,1.944823e+01,1.941293e+01,1.932815e+01,1.938468e+01,1.929988e+01,1.943411e+01,1.930695e+01,1.946235e+01,1.940587e+01,1.927867e+01,1.905213e+01,1.881087e+01,1.851203e+01,1.851203e+01,1.848352e+01,1.841221e+01,1.842648e+01,1.844787e+01,1.866156e+01,1.872558e+01,1.870424e+01,1.854053e+01,1.854765e+01,1.854053e+01,1.872558e+01,1.861174e+01,1.889609e+01,1.904504e+01,1.895286e+01,1.914422e+01,1.942705e+01,1.944118e+01,1.967388e+01,1.987090e+01,2.025677e+01,2.048759e+01,2.047362e+01,2.063420e+01,2.078757e+01,2.075970e+01,2.078060e+01,2.066211e+01,2.081543e+01,2.071789e+01,2.078060e+01,2.076667e+01,2.084328e+01,2.078757e+01,2.075970e+01,2.071789e+01,2.079453e+01,2.075970e+01,2.080846e+01,2.075970e+01,2.077363e+01,2.091287e+01,2.073879e+01,2.075970e+01,2.085024e+01,2.088504e+01,2.087112e+01,2.089896e+01,2.080150e+01,2.072486e+01,2.081543e+01,2.080846e+01,2.078757e+01,2.081543e+01,2.091983e+01,2.082239e+01,2.078060e+01,2.087112e+01,2.090592e+01,2.075970e+01,2.076667e+01,2.081543e+01,2.085720e+01,2.080150e+01,2.084328e+01,2.083632e+01,2.083632e+01,2.088504e+01,2.087112e+01,2.078060e+01,2.049458e+01,1.993414e+01,1.916546e+01,1.902378e+01,1.883218e+01,1.864733e+01,1.855477e+01,1.866156e+01,1.844074e+01,1.845500e+01,1.851915e+01,1.852628e+01,1.893157e+01,1.896704e+01,1.946235e+01,1.944823e+01,1.951880e+01,1.987090e+01,2.003946e+01,1.996224e+01,1.994819e+01,1.968796e+01,1.967388e+01,1.944823e+01,1.955407e+01,1.939881e+01,1.977243e+01,1.999735e+01,1.999033e+01,1.997628e+01,2.004648e+01,1.997628e+01,1.982871e+01,1.996926e+01,1.982168e+01,1.973021e+01,1.953996e+01,1.949764e+01,1.916546e+01,1.892448e+01,1.895995e+01,1.899541e+01,1.893157e+01,1.881087e+01,1.870424e+01,1.869713e+01,1.881087e+01,1.869713e+01,1.871847e+01,1.860462e+01,1.873980e+01,1.876112e+01,1.864021e+01,1.871847e+01,1.864021e+01,1.856902e+01,1.856902e+01,1.867579e+01,1.866156e+01,1.849064e+01,1.860462e+01,1.869713e+01,1.869002e+01,1.864733e+01,1.876112e+01,1.881797e+01,1.891738e+01,1.911590e+01,1.905213e+01,1.915838e+01,1.915838e+01,1.917254e+01,1.917254e+01,1.912298e+01,1.934936e+01,1.935642e+01,1.937055e+01,1.928574e+01,1.929281e+01,1.939881e+01,1.929988e+01,1.922208e+01,1.923623e+01,1.932109e+01,1.937055e+01,1.932109e+01,1.930695e+01,1.925038e+01,1.923623e+01,1.936349e+01,1.934229e+01,1.963865e+01,1.984980e+01,1.985683e+01,2.003244e+01,2.007454e+01,2.004648e+01,1.996926e+01,1.976540e+01,2.001139e+01,1.998330e+01,2.008857e+01,2.010260e+01,2.036176e+01,2.046663e+01,2.050157e+01,2.059932e+01,2.080846e+01,2.078757e+01,2.093374e+01,2.089896e+01,2.094070e+01,2.080846e+01,2.075273e+01,2.094070e+01,2.091983e+01,2.085720e+01,2.094070e+01,2.102413e+01,2.106581e+01,2.097547e+01,2.085024e+01,2.102413e+01,2.093374e+01,2.101718e+01,2.102413e+01,2.090592e+01,2.119771e+01,2.095461e+01,2.091983e+01,2.096852e+01,2.084328e+01,2.079453e+01,2.086416e+01,2.076667e+01,2.087112e+01,2.090592e+01,2.087112e+01,2.073879e+01,2.073182e+01,2.046663e+01,2.050157e+01,2.063420e+01,2.069697e+01,2.075970e+01,2.070394e+01,2.078757e+01,2.085720e+01,2.110054e+01,2.111443e+01,2.123933e+01,2.144024e+01
1.937762e+01,1.930695e+01,1.954701e+01,1.951880e+01,1.956817e+01,1.957522e+01,1.989198e+01,1.991306e+01,1.999735e+01,1.998330e+01,2.014467e+01,2.022876e+01,1.999033e+01,1.997628e+01,1.994819e+01,1.986386e+01,1.987792e+01,1.975836e+01,1.965979e+01,1.953996e+01,1.960342e+01,1.943411e+01,1.955407e+01,1.929281e+01,1.951175e+01,1.935642e+01,1.932109e+01,1.939174e+01,1.934229e+01,1.935642e+01,1.937055e+01,1.940587e+01,1.935642e+01,1.935642e+01,1.930695e+01,1.934229e+01,1.948352e+01,1.934229e+01,1.939881e+01,1.939881e+01,1.952586e+01,1.951880e+01,1.953996e+01,1.953291e+01,1.975836e+01,1.982871e+01,1.981464e+01,1.980761e+01,1.976540e+01,1.983574e+01,1.993414e+01,1.998330e+01,1.964570e+01,1.917254e+01,1.893157e+01,1.873980e+01,1.871847e+01,1.866156e+01,1.823372e+01,1.821943e+01,1.831944e+01,1.829087e+01,1.804775e+01,1.817653e+01,1.851915e+01,1.885349e+01,1.880376e+01,1.888899e+01,1.929988e+01,1.935642e+01,1.947647e+01,1.983574e+01,1.999735e+01,2.017972e+01,2.031978e+01,2.062723e+01,2.070394e+01,2.066908e+01,2.080846e+01,2.075273e+01,2.074576e+01,2.079453e+01,2.073879e+01,2.082239e+01,2.084328e+01,2.087808e+01,2.089200e+01,2.093374e+01,2.071091e+01,2.065513e+01,2.083632e+01,2.078060e+01,2.072486e+01,2.080846e+01,2.087808e+01,2.088504e+01,2.080846e+01,2.072486e+01,2.065513e+01,2.096852e+01,2.075273e+01,2.080150e+01,2.084328e+01,2.085024e+01,2.061327e+01,2.074576e+01,2.090592e+01,2.062723e+01,2.055743e+01,2.039673e+01,2.022176e+01,1.995521e+01,1.965274e+01,1.939881e+01,1.929988e+01,1.886769e+01,1.868290e+01,1.846213e+01,1.832658e+01,1.829087e+01,1.830515e+01,1.833372e+01,1.849064e+01,1.833372e+01,1.829801e+01,1.839081e+01,1.839794e+01,1.827659e+01,1.827659e+01,1.816938e+01,1.818369e+01,1.816938e+01,1.819083e+01,1.818369e+01,1.818369e+01,1.817653e+01,1.813362e+01,1.816938e+01,1.822657e+01,1.816938e+01,1.846926e+01,1.814793e+01,1.822657e+01,1.822657e+01,1.844074e+01,1.846926e+01,1.844074e+01,1.844074e+01,1.867579e+01,1.852628e+01,1.861886e+01,1.867579e+01,1.873269e+01,1.876823e+01,1.880376e+01,1.874691e+01,1.898832e+01,1.910881e+01,1.920793e+01,1.920793e+01,1.925745e+01,1.915130e+01,1.925745e+01,1.934936e+01,1.923623e+01,1.936349e+01,1.946941e+01,1.959637e+01,1.962456e+01,1.948352e+01,1.949764e+01,1.953996e+01,1.948352e+01,1.956112e+01,1.954701e+01,1.944823e+01,1.964570e+01,1.938468e+01,1.938468e+01,1.929988e+01,1.937055e+01,1.927867e+01,1.917254e+01,1.917962e+01,1.913714e+01,1.912298e+01,1.915838e+01,1.920793e+01,1.915838e+01,1.915130e+01,1.918670e+01,1.915838e+01,1.921501e+01,1.944118e+01,1.944823e+01,1.965979e+01,1.980058e+01,1.973725e+01,2.002542e+01,2.019373e+01,2.021475e+01,2.026378e+01,2.033377e+01,2.030578e+01,2.008156e+01,1.998330e+01,2.005350e+01,1.986386e+01,1.968796e+01,1.993414e+01,1.989198e+01,2.009559e+01,2.020774e+01,2.035476e+01,2.041770e+01,2.055743e+01,2.048061e+01,2.060629e+01,2.048759e+01,2.055743e+01,2.045964e+01,2.057838e+01,2.062025e+01,2.060629e+01,2.059234e+01,2.056442e+01,2.061327e+01,2.063420e+01,2.078060e+01,2.069000e+01,2.070394e+01,2.080150e+01,2.071091e+01,2.069697e+01,2.078060e+01,2.080846e+01,2.088504e+01,2.071789e+01,2.074576e+01,2.083632e+01,2.081543e+01,2.071789e+01,2.077363e+01,2.085720e+01,2.075970e+01,2.075970e+01,2.088504e+01,2.075273e+01,2.082239e+01,2.082935e+01,2.082239e+01,2.082239e+01,2.082239e+01,2.082239e+01,2.070394e+01,2.075970e+01,2.073879e+01,2.064816e+01,2.062723e+01,2.062723e+01,2.036176e+01,2.029178e+01,2.039673e+01,2.026378e+01,1.993414e+01,1.976540e+01,1.949764e+01,1.942705e+01,1.929281e+01,1.895286e+01,1.897414e+01,1.893157e+01,1.905922e+01,1.886059e+01,1.885349e+01,1.898832e+01,1.896704e+01,1.893867e+01,1.888899e+01,1.913006e+01,1.890318e+01,1.903087e+01,1.888189e+01,1.897414e+01,1.879666e+01,1.883928e+01,1.878955e+01,1.869002e+01,1.872558e+01,1.872558e+01,1.871847e+01,1.884638e+01,1.858326e+01,1.866867e+01,1.869713e+01,1.864021e+01,1.866867e+01,1.874691e+01,1.866156e+01,1.867579e+01,1.870424e+01,1.881087e+01,1.871135e+01,1.873980e+01,1.869713e+01,1.871135e+01,1.866867e+01,1.870424e+01,1.873269e+01,1.871847e+01,1.871847e+01,1.873980e+01,1.855477e+01,1.861886e+01,1.861174e+01,1.866156e+01,1.856902e+01,1.843361e+01,1.849777e+01,1.844787e+01,1.836227e+01,1.844787e+01,1.837654e+01,1.836940e+01,1.840508e+01,1.840508e+01,1.841934e+01,1.846926e+01,1.841934e+01,1.849777e+01,1.844074e+01,1.842648e+01,1.858326e+01,1.873980e+01,1.864021e+01,1.876112e+01,1.888189e+01,1.880376e+01,1.890318e+01,1.882508e+01,1.884638e+01,1.868290e+01,1.861174e+01,1.855477e+01,1.847639e+01,1.864733e+01,1.861886e+01,1.858326e+01,1.851915e+01,1.856902e+01,1.859038e+01,1.846213e+01,1.870424e+01,1.872558e+01,1.869713e+01,1.900251e+01,1.899541e+01,1.895995e+01,1.905213e+01,1.927160e+01,1.952586e+01,1.941293e+01,1.955407e+01,1.991306e+01,1.982168e+01,1.993414e+01,2.003946e+01,2.013065e+01,2.013065e+01,2.030578e+01,2.037575e+01,2.045964e+01,2.045964e+01,2.043868e+01,2.041071e+01,2.048759e+01,2.057838e+01,2.064118e+01,2.057140e+01,2.047362e+01,2.042470e+01,2.048061e+01,2.039673e+01,2.050157e+01,2.045964e+01,2.062723e+01,2.054347e+01,2.046663e+01,2.044567e+01,2.045266e+01,2.065513e+01,2.033377e+01,2.031278e+01,2.030578e+01,2.024277e+01,2.012364e+01,1.982871e+01,1.982871e+01,1.978650e+01,1.965274e+01,1.961047e+01,1.961751e+01,1.953291e+01,1.937055e+01,1.928574e+01,1.929988e+01,1.934936e+01,1.933522e+01,1.915838e+01,1.926452e+01,1.913714e+01,1.922208e+01,1.917254e+01,1.916546e+01,1.897414e+01,1.880376e+01,1.874691e+01,1.852628e+01,1.849064e+01,1.859038e+01,1.848352e+01,1.875401e+01,1.856902e+01,1.871135e+01,1.873980e+01,1.892448e+01,1.892448e+01,1.873980e+01,1.894576e+01,1.903795e+01,1.904504e+01,1.927160e+01,1.932109e+01,1.936349e+01,1.961751e+01,1.946941e+01,2.008857e+01,2.034077e+01,2.047362e+01,2.055045e+01,2.069000e+01,2.065513e+01,2.066211e+01,2.073879e+01,2.064118e+01,2.064816e+01,2.070394e+01,2.061327e+01,2.077363e+01,2.075273e+01,2.080150e+01,2.074576e+01,2.075273e+01,2.078757e+01,2.077363e+01,2.081543e+01,2.072486e+01,2.074576e+01,2.076667e+01,2.075273e+01,2.089200e+01,2.079453e+01,2.075970e+01,2.075970e+01,2.076667e+01,2.077363e+01,2.079453e+01,2.079453e+01,2.084328e+01,2.082239e+01,2.080846e+01,2.082239e+01,2.089200e+01,2.080846e+01,2.094070e+01,2.115608e+01,2.073879e+01,2.078060e+01,2.080846e+01,2.084328e+01,2.083632e+01,2.091983e+01,2.080150e+01,2.081543e+01,2.085720e+01,2.085024e+01,2.087808e+01,2.089896e+01,2.063420e+01,1.999033e+01,1.935642e+01,1.900251e+01,1.882508e+01,1.881797e+01,1.856190e+01,1.859038e+01,1.844074e+01,1.859038e+01,1.866156e+01,1.886059e+01,1.922916e+01,1.924331e+01,1.941293e+01,1.968092e+01,1.968796e+01,1.966683e+01,1.993414e+01,1.982168e+01,1.984980e+01,1.970205e+01,1.966683e+01,1.949764e+01,1.936349e+01,1.937055e+01,1.955407e+01,1.937762e+01,1.967388e+01,1.975836e+01,1.970205e+01,1.973725e+01,1.984980e+01,1.974428e+01,1.987792e+01,1.989198e+01,1.979354e+01,1.955407e+01,1.921501e+01,1.914422e+01,1.905213e+01,1.891738e+01,1.895286e+01,1.873269e+01,1.888899e+01,1.869713e+01,1.861886e+01,1.869002e+01,1.880376e+01,1.859038e+01,1.855477e+01,1.873269e+01,1.857614e+01,1.863309e+01,1.864021e+01,1.855477e+01,1.856190e+01,1.856902e+01,1.857614e+01,1.845500e+01,1.867579e+01,1.864021e+01,1.864733e+01,1.866867e+01,1.871135e+01,1.872558e+01,1.884638e+01,1.888899e+01,1.883928e+01,1.913006e+01,1.888899e+01,1.918670e+01,1.920085e+01,1.927160e+01,1.910881e+01,1.915838e+01,1.920793e+01,1.920085e+01,1.920793e+01,1.932109e+01,1.934936e+01,1.931402e+01,1.927867e+01,1.931402e+01,1.936349e+01,1.940587e+01,1.918670e+01,1.936349e+01,1.927867e+01,1.957522e+01,1.952586e+01,1.970205e+01,1.974428e+01,1.982168e+01,2.017972e+01,2.038274e+01,2.008857e+01,2.005350e+01,2.003946e+01,2.004648e+01,2.030578e+01,2.012364e+01,2.022876e+01,2.022176e+01,2.045964e+01,2.073879e+01,2.058536e+01,2.080150e+01,2.094070e+01,2.080150e+01,2.081543e+01,2.091287e+01,2.084328e+01,2.090592e+01,2.110748e+01,2.092679e+01,2.091287e+01,2.094070e+01,2.098242e+01,2.098242e+01,2.091287e+01,2.099632e+01,2.099632e+01,2.099632e+01,2.098937e+01,2.105887e+01,2.096852e+01,2.096156e+01,2.097547e+01,2.105887e+01,2.085720e+01,2.090592e+01,2.093374e+01,2.088504e+01,2.082935e+01,2.075970e+01,2.076667e+01,2.090592e+01,2.071789e+01,2.051554e+01,2.069000e+01,2.069697e+01,2.067605e+01,2.069000e+01,2.072486e+01,2.075273e+01,2.080150e+01,2.098242e+01,2.111443e+01,2.119771e+01,2.119771e+01,2.129479e+01
1.947647e+01,1.920085e+01,1.929988e+01,1.953291e+01,1.956817e+01,1.953291e+01,1.975836e+01,1.966683e+01,1.980761e+01,1.996926e+01,2.010260e+01,1.997628e+01,1.997628e+01,2.013065e+01,1.978650e+01,1.980761e+01,1.986386e+01,1.976540e+01,1.969500e+01,1.974428e+01,1.967388e+01,1.950469e+01,1.942705e+01,1.948352e+01,1.925038e+01,1.940587e+01,1.935642e+01,1.922916e+01,1.945529e+01,1.934936e+01,1.936349e+01,1.934936e+01,1.930695e+01,1.928574e+01,1.931402e+01,1.944823e+01,1.951880e+01,1.947647e+01,1.939174e+01,1.937762e+01,1.938468e+01,1.952586e+01,1.954701e+01,1.956112e+01,1.955407e+01,1.977947e+01,1.963161e+01,1.974428e+01,1.984980e+01,1.984980e+01,1.991306e+01,1.987792e+01,1.984980e+01,1.967388e+01,1.943411e+01,1.894576e+01,1.895286e+01,1.854765e+01,1.869713e+01,1.821943e+01,1.839081e+01,1.846213e+01,1.833372e+01,1.834799e+01,1.854765e+01,1.854765e+01,1.897414e+01,1.893157e+01,1.913006e+01,1.934229e+01,1.940587e+01,1.961751e+01,1.982168e+01,2.012364e+01,2.034077e+01,2.062723e+01,2.080846e+01,2.075273e+01,2.085720e+01,2.085720e+01,2.069697e+01,2.089200e+01,2.076667e+01,2.073879e+01,2.087112e+01,2.079453e+01,2.083632e+01,2.091983e+01,2.086416e+01,2.089200e+01,2.083632e+01,2.059234e+01,2.074576e+01,2.073182e+01,2.070394e+01,2.081543e+01,2.082935e+01,2.071091e+01,2.078060e+01,2.081543e+01,2.079453e+01,2.075970e+01,2.075273e+01,2.081543e+01,2.078757e+01,2.088504e+01,2.073879e+01,2.061327e+01,2.059234e+01,2.034777e+01,2.022876e+01,2.001841e+01,1.965979e+01,1.941293e+01,1.913714e+01,1.887479e+01,1.887479e+01,1.887479e+01,1.874691e+01,1.875401e+01,1.880376e+01,1.876112e+01,1.884638e+01,1.879666e+01,1.867579e+01,1.861174e+01,1.847639e+01,1.831230e+01,1.828373e+01,1.833372e+01,1.836227e+01,1.821228e+01,1.814793e+01,1.819798e+01,1.821943e+01,1.818369e+01,1.820513e+01,1.816223e+01,1.811932e+01,1.818369e+01,1.819083e+01,1.814793e+01,1.822657e+01,1.825516e+01,1.838367e+01,1.849064e+01,1.837654e+01,1.851203e+01,1.864733e+01,1.871135e+01,1.858326e+01,1.871847e+01,1.877534e+01,1.873980e+01,1.891738e+01,1.881087e+01,1.903087e+01,1.908756e+01,1.903795e+01,1.915130e+01,1.915838e+01,1.925745e+01,1.937055e+01,1.929988e+01,1.932109e+01,1.943411e+01,1.946941e+01,1.944823e+01,1.962456e+01,1.958932e+01,1.964570e+01,1.956817e+01,1.959637e+01,1.954701e+01,1.970909e+01,1.948352e+01,1.951880e+01,1.943411e+01,1.939174e+01,1.951175e+01,1.941293e+01,1.927867e+01,1.920793e+01,1.914422e+01,1.906630e+01,1.920793e+01,1.899541e+01,1.913006e+01,1.903087e+01,1.918670e+01,1.915838e+01,1.922916e+01,1.938468e+01,1.925745e+01,1.957522e+01,1.979354e+01,1.993414e+01,1.992009e+01,2.008857e+01,2.027078e+01,2.021475e+01,2.020774e+01,2.022176e+01,2.024977e+01,2.005350e+01,2.001841e+01,1.983574e+01,1.973021e+01,1.961751e+01,1.977243e+01,1.992009e+01,1.994819e+01,1.994819e+01,2.000437e+01,2.019373e+01,2.048759e+01,2.033377e+01,2.050855e+01,2.057838e+01,2.055045e+01,2.062025e+01,2.061327e+01,2.059234e+01,2.059932e+01,2.045964e+01,2.055743e+01,2.066211e+01,2.062025e+01,2.069697e+01,2.063420e+01,2.062723e+01,2.060629e+01,2.078757e+01,2.067605e+01,2.080150e+01,2.093374e+01,2.073879e+01,2.082239e+01,2.069697e+01,2.073182e+01,2.082935e+01,2.079453e+01,2.069000e+01,2.083632e+01,2.077363e+01,2.078757e+01,2.082239e+01,2.082935e+01,2.079453e+01,2.068303e+01,2.082239e+01,2.084328e+01,2.071091e+01,2.078757e+01,2.069697e+01,2.070394e+01,2.075970e+01,2.067605e+01,2.067605e+01,2.066908e+01,2.050855e+01,2.036176e+01,2.029878e+01,2.021475e+01,1.991306e+01,1.973725e+01,1.974428e+01,1.937055e+01,1.926452e+01,1.895995e+01,1.895995e+01,1.890318e+01,1.897414e+01,1.898832e+01,1.892448e+01,1.901669e+01,1.898832e+01,1.904504e+01,1.891028e+01,1.910173e+01,1.906630e+01,1.915838e+01,1.894576e+01,1.897414e+01,1.874691e+01,1.879666e+01,1.874691e+01,1.865444e+01,1.859038e+01,1.856190e+01,1.855477e+01,1.866156e+01,1.866156e+01,1.860462e+01,1.851203e+01,1.862598e+01,1.866867e+01,1.861174e+01,1.876112e+01,1.859750e+01,1.878245e+01,1.878955e+01,1.869713e+01,1.858326e+01,1.863309e+01,1.873269e+01,1.867579e+01,1.865444e+01,1.854765e+01,1.866867e+01,1.868290e+01,1.865444e+01,1.875401e+01,1.862598e+01,1.864733e+01,1.859750e+01,1.848352e+01,1.860462e+01,1.844787e+01,1.836227e+01,1.841934e+01,1.848352e+01,1.839794e+01,1.836227e+01,1.833372e+01,1.839794e+01,1.830515e+01,1.837654e+01,1.832658e+01,1.831944e+01,1.834799e+01,1.838367e+01,1.849777e+01,1.854053e+01,1.856902e+01,1.854765e+01,1.864021e+01,1.880376e+01,1.869713e+01,1.860462e+01,1.856190e+01,1.883218e+01,1.861174e+01,1.863309e+01,1.854765e+01,1.858326e+01,1.843361e+01,1.841934e+01,1.854765e+01,1.841221e+01,1.842648e+01,1.854765e+01,1.856190e+01,1.870424e+01,1.882508e+01,1.893157e+01,1.892448e+01,1.898123e+01,1.914422e+01,1.936349e+01,1.952586e+01,1.954701e+01,1.968796e+01,1.965274e+01,1.985683e+01,1.993414e+01,2.015869e+01,2.014467e+01,2.018673e+01,2.033377e+01,2.029878e+01,2.030578e+01,2.042470e+01,2.050157e+01,2.050855e+01,2.043868e+01,2.038274e+01,2.036875e+01,2.046663e+01,2.045266e+01,2.038974e+01,2.045266e+01,2.051554e+01,2.043169e+01,2.057838e+01,2.048061e+01,2.050157e+01,2.043868e+01,2.043169e+01,2.041770e+01,2.034777e+01,2.039673e+01,2.026378e+01,2.020774e+01,2.018673e+01,1.996224e+01,1.997628e+01,1.967388e+01,1.970205e+01,1.965274e+01,1.953291e+01,1.953996e+01,1.949058e+01,1.939881e+01,1.926452e+01,1.929281e+01,1.925745e+01,1.912298e+01,1.931402e+01,1.912298e+01,1.914422e+01,1.917254e+01,1.913714e+01,1.908756e+01,1.889609e+01,1.882508e+01,1.881087e+01,1.877534e+01,1.864733e+01,1.873269e+01,1.876823e+01,1.871847e+01,1.873269e+01,1.876112e+01,1.897414e+01,1.911590e+01,1.919378e+01,1.918670e+01,1.924331e+01,1.927160e+01,1.956817e+01,1.966683e+01,1.969500e+01,1.988495e+01,1.983574e+01,2.027078e+01,2.043868e+01,2.059932e+01,2.046663e+01,2.058536e+01,2.052950e+01,2.058536e+01,2.064816e+01,2.068303e+01,2.065513e+01,2.063420e+01,2.080150e+01,2.075970e+01,2.066908e+01,2.075970e+01,2.071789e+01,2.075273e+01,2.083632e+01,2.075970e+01,2.086416e+01,2.070394e+01,2.078757e+01,2.072486e+01,2.071789e+01,2.074576e+01,2.074576e+01,2.072486e+01,2.087808e+01,2.073879e+01,2.080846e+01,2.087112e+01,2.074576e+01,2.095461e+01,2.077363e+01,2.077363e+01,2.077363e+01,2.079453e+01,2.077363e+01,2.077363e+01,2.085720e+01,2.078757e+01,2.084328e+01,2.090592e+01,2.082239e+01,2.094070e+01,2.077363e+01,2.088504e+01,2.077363e+01,2.080150e+01,2.087808e+01,2.085720e+01,2.087808e+01,2.069697e+01,2.062723e+01,1.983574e+01,1.937055e+01,1.897414e+01,1.882508e+01,1.883218e+01,1.853340e+01,1.837654e+01,1.838367e+01,1.860462e+01,1.862598e+01,1.900251e+01,1.925745e+01,1.937055e+01,1.956112e+01,1.990604e+01,1.991306e+01,1.989198e+01,1.982168e+01,1.975836e+01,1.971613e+01,1.964570e+01,1.963161e+01,1.959637e+01,1.925038e+01,1.923623e+01,1.933522e+01,1.922208e+01,1.933522e+01,1.935642e+01,1.944823e+01,1.952586e+01,1.975132e+01,1.978650e+01,1.989198e+01,1.978650e+01,1.971613e+01,1.941293e+01,1.926452e+01,1.917962e+01,1.899541e+01,1.895286e+01,1.893157e+01,1.885349e+01,1.871847e+01,1.877534e+01,1.865444e+01,1.869002e+01,1.861886e+01,1.864733e+01,1.863309e+01,1.858326e+01,1.848352e+01,1.853340e+01,1.852628e+01,1.844074e+01,1.853340e+01,1.859038e+01,1.868290e+01,1.849777e+01,1.836227e+01,1.832658e+01,1.861174e+01,1.855477e+01,1.856902e+01,1.857614e+01,1.859038e+01,1.883218e+01,1.886059e+01,1.888899e+01,1.915838e+01,1.912298e+01,1.916546e+01,1.916546e+01,1.922916e+01,1.920085e+01,1.923623e+01,1.924331e+01,1.934229e+01,1.924331e+01,1.929988e+01,1.920085e+01,1.929988e+01,1.919378e+01,1.943411e+01,1.922208e+01,1.921501e+01,1.927160e+01,1.927160e+01,1.927867e+01,1.927160e+01,1.961751e+01,1.973021e+01,1.994117e+01,2.012364e+01,2.011663e+01,2.029878e+01,2.049458e+01,2.033377e+01,2.031978e+01,2.044567e+01,2.043868e+01,2.048759e+01,2.049458e+01,2.050855e+01,2.055045e+01,2.073879e+01,2.075273e+01,2.081543e+01,2.067605e+01,2.091287e+01,2.075970e+01,2.091983e+01,2.090592e+01,2.090592e+01,2.099632e+01,2.094765e+01,2.091983e+01,2.099632e+01,2.092679e+01,2.096156e+01,2.096852e+01,2.091287e+01,2.113526e+01,2.098242e+01,2.097547e+01,2.100327e+01,2.100327e+01,2.095461e+01,2.103107e+01,2.087112e+01,2.076667e+01,2.085720e+01,2.082239e+01,2.085720e+01,2.062723e+01,2.080846e+01,2.080150e+01,2.059234e+01,2.071091e+01,2.069000e+01,2.062723e+01,2.068303e+01,2.067605e+01,2.078757e+01,2.078757e+01,2.075970e+01,2.099632e+01,2.110748e+01,2.128093e+01,2.118384e+01,2.138486e+01
1.922916e+01,1.934936e+01,1.933522e+01,1.932815e+01,1.951880e+01,1.953996e+01,1.955407e+01,1.973725e+01,1.976540e+01,1.977947e+01,1.992009e+01,1.992009e+01,1.988495e+01,1.988495e+01,2.003946e+01,1.968796e+01,1.965979e+01,1.967388e+01,1.968092e+01,1.965274e+01,1.968796e+01,1.923623e+01,1.939881e+01,1.931402e+01,1.928574e+01,1.941293e+01,1.940587e+01,1.929281e+01,1.930695e+01,1.916546e+01,1.927160e+01,1.940587e+01,1.937762e+01,1.928574e+01,1.934229e+01,1.934936e+01,1.926452e+01,1.934229e+01,1.939174e+01,1.933522e+01,1.934936e+01,1.939881e+01,1.940587e+01,1.940587e+01,1.952586e+01,1.968796e+01,1.963865e+01,1.959637e+01,1.977947e+01,1.979354e+01,2.008857e+01,1.987792e+01,1.997628e+01,1.987792e+01,1.966683e+01,1.938468e+01,1.908047e+01,1.904504e+01,1.854053e+01,1.866867e+01,1.856902e+01,1.836940e+01,1.848352e+01,1.834799e+01,1.859750e+01,1.866867e+01,1.886059e+01,1.900251e+01,1.913006e+01,1.939881e+01,1.935642e+01,1.978650e+01,1.992009e+01,2.014467e+01,2.027778e+01,2.036176e+01,2.066908e+01,2.066211e+01,2.073879e+01,2.074576e+01,2.075970e+01,2.071789e+01,2.080150e+01,2.076667e+01,2.081543e+01,2.073182e+01,2.073879e+01,2.082935e+01,2.066211e+01,2.064816e+01,2.082239e+01,2.056442e+01,2.052950e+01,2.068303e+01,2.052950e+01,2.053649e+01,2.062723e+01,2.075970e+01,2.082239e+01,2.079453e+01,2.078060e+01,2.069697e+01,2.080150e+01,2.078060e+01,2.060629e+01,2.071091e+01,2.069697e+01,2.055743e+01,2.053649e+01,2.048759e+01,2.017271e+01,2.012364e+01,1.986386e+01,1.965274e+01,1.930695e+01,1.923623e+01,1.914422e+01,1.920085e+01,1.908756e+01,1.925745e+01,1.905922e+01,1.926452e+01,1.893157e+01,1.895286e+01,1.879666e+01,1.865444e+01,1.856190e+01,1.849064e+01,1.834085e+01,1.831230e+01,1.832658e+01,1.829801e+01,1.816938e+01,1.823372e+01,1.822657e+01,1.819798e+01,1.819083e+01,1.824801e+01,1.821228e+01,1.826944e+01,1.844787e+01,1.827659e+01,1.831944e+01,1.833372e+01,1.838367e+01,1.848352e+01,1.842648e+01,1.852628e+01,1.860462e+01,1.861174e+01,1.870424e+01,1.864021e+01,1.876823e+01,1.891738e+01,1.884638e+01,1.900960e+01,1.900251e+01,1.905213e+01,1.913714e+01,1.925038e+01,1.925038e+01,1.930695e+01,1.931402e+01,1.944823e+01,1.941293e+01,1.941999e+01,1.953996e+01,1.961047e+01,1.961751e+01,1.953291e+01,1.958227e+01,1.975836e+01,1.977243e+01,1.980058e+01,1.979354e+01,1.970909e+01,1.953996e+01,1.970909e+01,1.953291e+01,1.943411e+01,1.948352e+01,1.945529e+01,1.932815e+01,1.934229e+01,1.913006e+01,1.921501e+01,1.907339e+01,1.924331e+01,1.918670e+01,1.915838e+01,1.922916e+01,1.916546e+01,1.952586e+01,1.954701e+01,1.952586e+01,1.977243e+01,1.992711e+01,2.001139e+01,2.021475e+01,2.026378e+01,2.032678e+01,2.021475e+01,2.024977e+01,2.017972e+01,1.993414e+01,1.994819e+01,1.982871e+01,1.967388e+01,1.959637e+01,1.965274e+01,1.970909e+01,1.966683e+01,1.984277e+01,1.982871e+01,2.002542e+01,2.022876e+01,2.011663e+01,2.044567e+01,2.044567e+01,2.050157e+01,2.043868e+01,2.060629e+01,2.062723e+01,2.056442e+01,2.051554e+01,2.060629e+01,2.052950e+01,2.048759e+01,2.057140e+01,2.067605e+01,2.066908e+01,2.076667e+01,2.064118e+01,2.059932e+01,2.070394e+01,2.072486e+01,2.075970e+01,2.084328e+01,2.082239e+01,2.075273e+01,2.076667e+01,2.080150e+01,2.073879e+01,2.079453e+01,2.078060e+01,2.078757e+01,2.080846e+01,2.085720e+01,2.077363e+01,2.080150e+01,2.073182e+01,2.083632e+01,2.064816e+01,2.074576e+01,2.086416e+01,2.072486e+01,2.077363e+01,2.070394e+01,2.068303e+01,2.047362e+01,2.043868e+01,2.038974e+01,2.029878e+01,2.019373e+01,1.987792e+01,1.980058e+01,1.975836e+01,1.972317e+01,1.932109e+01,1.917962e+01,1.898832e+01,1.895286e+01,1.895286e+01,1.897414e+01,1.896704e+01,1.908047e+01,1.892448e+01,1.878955e+01,1.893867e+01,1.914422e+01,1.918670e+01,1.917254e+01,1.893867e+01,1.902378e+01,1.881797e+01,1.873269e+01,1.881087e+01,1.867579e+01,1.869713e+01,1.864021e+01,1.863309e+01,1.859750e+01,1.862598e+01,1.855477e+01,1.854053e+01,1.856902e+01,1.859750e+01,1.875401e+01,1.861174e+01,1.860462e+01,1.871135e+01,1.861174e+01,1.861174e+01,1.856190e+01,1.863309e+01,1.875401e+01,1.866867e+01,1.856902e+01,1.862598e+01,1.862598e+01,1.863309e+01,1.864733e+01,1.861886e+01,1.866867e+01,1.856190e+01,1.856190e+01,1.858326e+01,1.858326e+01,1.848352e+01,1.837654e+01,1.844074e+01,1.842648e+01,1.832658e+01,1.838367e+01,1.841934e+01,1.834799e+01,1.831944e+01,1.843361e+01,1.838367e+01,1.834799e+01,1.837654e+01,1.835513e+01,1.833372e+01,1.857614e+01,1.852628e+01,1.856902e+01,1.841934e+01,1.843361e+01,1.869002e+01,1.842648e+01,1.851915e+01,1.859750e+01,1.844074e+01,1.844787e+01,1.851203e+01,1.842648e+01,1.844074e+01,1.841221e+01,1.842648e+01,1.850490e+01,1.871135e+01,1.869002e+01,1.869713e+01,1.869713e+01,1.891738e+01,1.887479e+01,1.902378e+01,1.897414e+01,1.936349e+01,1.908756e+01,1.927867e+01,1.953996e+01,1.953291e+01,1.995521e+01,1.996926e+01,2.008156e+01,2.004648e+01,2.023577e+01,2.021475e+01,2.034077e+01,2.049458e+01,2.050855e+01,2.044567e+01,2.043169e+01,2.043169e+01,2.044567e+01,2.048061e+01,2.048061e+01,2.047362e+01,2.047362e+01,2.048759e+01,2.049458e+01,2.048759e+01,2.049458e+01,2.045964e+01,2.048759e+01,2.049458e+01,2.048061e+01,2.045266e+01,2.043868e+01,2.039673e+01,2.036176e+01,2.029878e+01,2.022176e+01,2.009559e+01,1.997628e+01,1.982871e+01,1.971613e+01,1.967388e+01,1.958227e+01,1.947647e+01,1.946941e+01,1.934936e+01,1.950469e+01,1.933522e+01,1.939174e+01,1.930695e+01,1.914422e+01,1.921501e+01,1.915838e+01,1.912298e+01,1.915838e+01,1.908756e+01,1.890318e+01,1.885349e+01,1.897414e+01,1.896704e+01,1.883928e+01,1.889609e+01,1.895995e+01,1.885349e+01,1.895286e+01,1.890318e+01,1.891738e+01,1.920085e+01,1.937055e+01,1.973021e+01,1.973021e+01,1.978650e+01,1.988495e+01,2.008857e+01,2.023577e+01,2.023577e+01,2.020774e+01,2.044567e+01,2.038974e+01,2.049458e+01,2.046663e+01,2.060629e+01,2.052950e+01,2.066211e+01,2.062025e+01,2.061327e+01,2.072486e+01,2.068303e+01,2.064118e+01,2.061327e+01,2.082239e+01,2.057838e+01,2.074576e+01,2.072486e+01,2.071789e+01,2.074576e+01,2.071789e+01,2.085720e+01,2.073182e+01,2.069697e+01,2.073879e+01,2.074576e+01,2.094765e+01,2.095461e+01,2.085024e+01,2.083632e+01,2.089896e+01,2.076667e+01,2.073879e+01,2.083632e+01,2.080150e+01,2.075970e+01,2.073879e+01,2.087808e+01,2.078757e+01,2.078060e+01,2.089200e+01,2.098242e+01,2.086416e+01,2.091287e+01,2.089896e+01,2.070394e+01,2.087808e+01,2.084328e+01,2.074576e+01,2.089896e+01,2.089200e+01,2.083632e+01,2.091287e+01,2.088504e+01,2.064816e+01,2.033377e+01,1.982168e+01,1.941293e+01,1.936349e+01,1.868290e+01,1.869713e+01,1.861174e+01,1.848352e+01,1.839081e+01,1.860462e+01,1.895995e+01,1.936349e+01,1.945529e+01,1.974428e+01,1.966683e+01,1.973021e+01,1.991306e+01,1.984980e+01,1.966683e+01,1.963865e+01,1.960342e+01,1.961047e+01,1.931402e+01,1.937762e+01,1.930695e+01,1.932109e+01,1.917962e+01,1.926452e+01,1.924331e+01,1.927867e+01,1.917962e+01,1.917962e+01,1.937762e+01,1.976540e+01,1.976540e+01,1.976540e+01,1.973021e+01,1.959637e+01,1.934936e+01,1.920793e+01,1.914422e+01,1.894576e+01,1.896704e+01,1.871847e+01,1.876823e+01,1.865444e+01,1.864733e+01,1.863309e+01,1.865444e+01,1.863309e+01,1.862598e+01,1.860462e+01,1.859038e+01,1.853340e+01,1.852628e+01,1.852628e+01,1.847639e+01,1.834799e+01,1.849064e+01,1.847639e+01,1.844787e+01,1.841221e+01,1.847639e+01,1.866156e+01,1.867579e+01,1.859750e+01,1.866867e+01,1.862598e+01,1.877534e+01,1.890318e+01,1.906630e+01,1.898832e+01,1.921501e+01,1.919378e+01,1.921501e+01,1.927160e+01,1.917254e+01,1.919378e+01,1.922208e+01,1.919378e+01,1.917254e+01,1.931402e+01,1.942705e+01,1.922208e+01,1.929988e+01,1.913006e+01,1.923623e+01,1.925745e+01,1.929988e+01,1.949764e+01,1.936349e+01,1.958932e+01,1.959637e+01,1.982168e+01,1.989198e+01,2.014467e+01,2.028478e+01,2.031278e+01,2.034777e+01,2.048759e+01,2.067605e+01,2.064118e+01,2.065513e+01,2.052252e+01,2.053649e+01,2.055743e+01,2.069697e+01,2.095461e+01,2.082935e+01,2.092679e+01,2.091287e+01,2.079453e+01,2.092679e+01,2.094070e+01,2.089200e+01,2.105192e+01,2.098937e+01,2.097547e+01,2.094070e+01,2.094765e+01,2.100327e+01,2.096852e+01,2.097547e+01,2.096156e+01,2.101718e+01,2.094765e+01,2.089896e+01,2.096852e+01,2.104497e+01,2.078757e+01,2.071789e+01,2.087808e+01,2.082239e+01,2.075273e+01,2.085720e+01,2.091287e+01,2.078060e+01,2.067605e+01,2.080150e+01,2.067605e+01,2.068303e+01,2.066211e+01,2.069000e+01,2.069697e+01,2.069000e+01,2.079453e+01,2.087112e+01,2.091287e+01,2.119078e+01,2.123240e+01,2.120465e+01,2.135715e+01
1.925038e+01,1.934229e+01,1.931402e+01,1.948352e+01,1.934936e+01,1.957522e+01,1.953291e+01,1.939174e+01,1.976540e+01,1.982871e+01,1.989198e+01,1.973021e+01,1.972317e+01,1.984980e+01,1.968092e+01,1.972317e+01,1.996224e+01,1.953996e+01,1.966683e+01,1.957522e+01,1.939174e+01,1.941999e+01,1.936349e+01,1.930695e+01,1.937055e+01,1.922208e+01,1.929281e+01,1.920085e+01,1.920793e+01,1.923623e+01,1.928574e+01,1.937055e+01,1.927160e+01,1.929281e+01,1.934229e+01,1.939174e+01,1.922916e+01,1.920085e+01,1.937762e+01,1.939174e+01,1.939174e+01,1.940587e+01,1.939174e+01,1.953291e+01,1.946941e+01,1.943411e+01,1.961047e+01,1.988495e+01,1.981464e+01,1.989901e+01,1.989901e+01,1.987792e+01,2.003244e+01,1.996926e+01,1.988495e+01,1.958932e+01,1.935642e+01,1.909464e+01,1.891028e+01,1.883218e+01,1.855477e+01,1.857614e+01,1.841221e+01,1.866867e+01,1.853340e+01,1.877534e+01,1.888899e+01,1.893867e+01,1.919378e+01,1.917962e+01,1.949764e+01,1.968092e+01,1.995521e+01,1.993414e+01,2.021475e+01,2.032678e+01,2.069697e+01,2.071789e+01,2.078060e+01,2.071789e+01,2.066211e+01,2.087112e+01,2.083632e+01,2.079453e+01,2.075273e+01,2.065513e+01,2.058536e+01,2.066908e+01,2.056442e+01,2.062025e+01,2.051554e+01,2.049458e+01,2.030578e+01,2.044567e+01,2.034777e+01,2.051554e+01,2.048061e+01,2.056442e+01,2.071789e+01,2.067605e+01,2.041071e+01,2.078060e+01,2.051554e+01,2.040372e+01,2.058536e+01,2.028478e+01,2.036176e+01,2.054347e+01,2.031978e+01,2.020074e+01,1.996926e+01,2.007454e+01,1.987792e+01,1.971613e+01,1.967388e+01,1.958227e+01,1.938468e+01,1.944118e+01,1.949058e+01,1.939174e+01,1.936349e+01,1.944823e+01,1.939174e+01,1.917962e+01,1.895995e+01,1.868290e+01,1.868290e+01,1.848352e+01,1.847639e+01,1.828373e+01,1.840508e+01,1.822657e+01,1.821943e+01,1.822657e+01,1.820513e+01,1.814078e+01,1.841221e+01,1.821943e+01,1.821943e+01,1.821943e+01,1.840508e+01,1.832658e+01,1.829801e+01,1.834085e+01,1.831944e+01,1.844074e+01,1.846926e+01,1.844787e+01,1.864021e+01,1.869713e+01,1.856902e+01,1.874691e+01,1.892448e+01,1.891738e+01,1.895286e+01,1.896704e+01,1.907339e+01,1.909464e+01,1.915838e+01,1.925038e+01,1.925038e+01,1.937055e+01,1.928574e+01,1.927867e+01,1.940587e+01,1.947647e+01,1.960342e+01,1.953996e+01,1.960342e+01,1.959637e+01,1.955407e+01,1.958227e+01,1.978650e+01,1.954701e+01,1.967388e+01,1.967388e+01,1.967388e+01,1.966683e+01,1.941999e+01,1.969500e+01,1.954701e+01,1.946941e+01,1.948352e+01,1.948352e+01,1.910881e+01,1.916546e+01,1.913714e+01,1.920793e+01,1.918670e+01,1.919378e+01,1.931402e+01,1.913714e+01,1.922208e+01,1.955407e+01,1.958227e+01,1.980761e+01,2.005350e+01,2.006051e+01,2.013766e+01,2.034077e+01,2.020774e+01,2.027078e+01,2.020074e+01,1.993414e+01,1.990604e+01,1.981464e+01,1.973725e+01,1.953996e+01,1.958932e+01,1.949058e+01,1.964570e+01,1.955407e+01,1.963161e+01,1.986386e+01,1.992009e+01,1.992711e+01,2.000437e+01,2.017271e+01,2.048759e+01,2.039673e+01,2.053649e+01,2.043868e+01,2.050157e+01,2.049458e+01,2.046663e+01,2.048759e+01,2.051554e+01,2.053649e+01,2.045266e+01,2.066211e+01,2.045964e+01,2.059932e+01,2.067605e+01,2.049458e+01,2.062723e+01,2.057838e+01,2.064816e+01,2.071091e+01,2.071789e+01,2.070394e+01,2.079453e+01,2.080846e+01,2.068303e+01,2.078060e+01,2.074576e+01,2.077363e+01,2.084328e+01,2.081543e+01,2.085720e+01,2.089200e+01,2.079453e+01,2.081543e+01,2.085024e+01,2.089200e+01,2.077363e+01,2.078757e+01,2.066908e+01,2.067605e+01,2.069000e+01,2.063420e+01,2.063420e+01,2.040372e+01,2.032678e+01,2.020074e+01,1.991306e+01,1.984277e+01,1.976540e+01,1.952586e+01,1.928574e+01,1.907339e+01,1.905213e+01,1.900251e+01,1.893867e+01,1.903087e+01,1.893867e+01,1.905213e+01,1.889609e+01,1.894576e+01,1.916546e+01,1.893157e+01,1.918670e+01,1.910173e+01,1.915838e+01,1.905213e+01,1.898123e+01,1.894576e+01,1.867579e+01,1.869713e+01,1.862598e+01,1.869002e+01,1.866156e+01,1.863309e+01,1.857614e+01,1.849064e+01,1.852628e+01,1.854765e+01,1.864021e+01,1.856902e+01,1.858326e+01,1.878245e+01,1.872558e+01,1.863309e+01,1.856190e+01,1.873980e+01,1.860462e+01,1.854765e+01,1.860462e+01,1.862598e+01,1.853340e+01,1.857614e+01,1.866156e+01,1.857614e+01,1.870424e+01,1.849777e+01,1.851915e+01,1.852628e+01,1.858326e+01,1.844787e+01,1.858326e+01,1.840508e+01,1.841221e+01,1.832658e+01,1.831944e+01,1.834799e+01,1.839081e+01,1.833372e+01,1.833372e+01,1.832658e+01,1.832658e+01,1.829801e+01,1.829087e+01,1.834799e+01,1.834799e+01,1.839081e+01,1.842648e+01,1.838367e+01,1.841221e+01,1.844787e+01,1.842648e+01,1.841221e+01,1.838367e+01,1.837654e+01,1.847639e+01,1.844074e+01,1.846926e+01,1.844074e+01,1.851915e+01,1.841934e+01,1.843361e+01,1.858326e+01,1.849777e+01,1.870424e+01,1.882508e+01,1.878955e+01,1.885349e+01,1.891738e+01,1.905213e+01,1.918670e+01,1.922916e+01,1.937055e+01,1.949058e+01,1.953291e+01,1.955407e+01,1.984980e+01,1.990604e+01,1.989198e+01,2.017271e+01,2.023577e+01,2.041071e+01,2.050157e+01,2.042470e+01,2.026378e+01,2.052252e+01,2.038274e+01,2.043169e+01,2.042470e+01,2.045266e+01,2.047362e+01,2.044567e+01,2.048061e+01,2.047362e+01,2.032678e+01,2.039673e+01,2.055743e+01,2.043169e+01,2.049458e+01,2.048759e+01,2.038974e+01,2.048061e+01,2.036176e+01,2.030578e+01,2.028478e+01,2.032678e+01,2.027778e+01,2.003946e+01,1.986386e+01,1.989901e+01,1.969500e+01,1.956817e+01,1.966683e+01,1.948352e+01,1.934229e+01,1.939881e+01,1.927867e+01,1.939881e+01,1.929988e+01,1.915130e+01,1.917962e+01,1.911590e+01,1.901669e+01,1.898832e+01,1.898832e+01,1.898832e+01,1.897414e+01,1.896704e+01,1.899541e+01,1.887479e+01,1.891028e+01,1.894576e+01,1.895995e+01,1.927867e+01,1.927867e+01,1.944823e+01,1.939174e+01,1.949058e+01,1.967388e+01,1.984277e+01,2.013766e+01,2.015168e+01,2.040372e+01,2.044567e+01,2.050157e+01,2.048759e+01,2.051554e+01,2.046663e+01,2.048061e+01,2.061327e+01,2.063420e+01,2.062025e+01,2.075970e+01,2.054347e+01,2.069000e+01,2.074576e+01,2.055743e+01,2.072486e+01,2.059234e+01,2.076667e+01,2.072486e+01,2.063420e+01,2.071789e+01,2.067605e+01,2.072486e+01,2.071789e+01,2.071091e+01,2.074576e+01,2.065513e+01,2.069000e+01,2.064816e+01,2.062025e+01,2.073879e+01,2.073879e+01,2.073182e+01,2.075273e+01,2.081543e+01,2.075273e+01,2.066908e+01,2.069000e+01,2.075970e+01,2.076667e+01,2.074576e+01,2.073879e+01,2.068303e+01,2.075273e+01,2.085024e+01,2.069697e+01,2.079453e+01,2.082239e+01,2.081543e+01,2.081543e+01,2.083632e+01,2.085720e+01,2.082239e+01,2.085024e+01,2.091983e+01,2.090592e+01,2.090592e+01,2.087808e+01,2.069000e+01,2.033377e+01,1.982871e+01,1.939174e+01,1.897414e+01,1.890318e+01,1.879666e+01,1.878955e+01,1.865444e+01,1.875401e+01,1.879666e+01,1.902378e+01,1.924331e+01,1.948352e+01,1.978650e+01,1.972317e+01,1.998330e+01,1.994117e+01,1.972317e+01,1.971613e+01,1.962456e+01,1.974428e+01,1.956112e+01,1.944118e+01,1.930695e+01,1.944823e+01,1.918670e+01,1.903795e+01,1.889609e+01,1.895995e+01,1.886059e+01,1.905213e+01,1.909464e+01,1.904504e+01,1.953996e+01,1.956817e+01,1.972317e+01,1.973725e+01,1.968796e+01,1.941293e+01,1.924331e+01,1.910173e+01,1.898123e+01,1.891028e+01,1.882508e+01,1.876112e+01,1.863309e+01,1.858326e+01,1.860462e+01,1.863309e+01,1.859750e+01,1.849064e+01,1.844074e+01,1.854053e+01,1.854053e+01,1.852628e+01,1.841221e+01,1.844787e+01,1.844787e+01,1.840508e+01,1.834085e+01,1.829801e+01,1.838367e+01,1.850490e+01,1.849064e+01,1.851915e+01,1.846926e+01,1.843361e+01,1.871847e+01,1.875401e+01,1.873269e+01,1.890318e+01,1.899541e+01,1.900960e+01,1.915838e+01,1.918670e+01,1.928574e+01,1.920085e+01,1.917254e+01,1.919378e+01,1.910881e+01,1.918670e+01,1.920793e+01,1.929988e+01,1.932109e+01,1.930695e+01,1.917962e+01,1.944823e+01,1.938468e+01,1.933522e+01,1.934229e+01,1.935642e+01,1.956112e+01,1.959637e+01,1.977947e+01,1.995521e+01,2.012364e+01,2.024977e+01,2.052252e+01,2.064118e+01,2.063420e+01,2.048759e+01,2.055045e+01,2.059234e+01,2.053649e+01,2.089896e+01,2.071789e+01,2.069000e+01,2.088504e+01,2.083632e+01,2.086416e+01,2.094070e+01,2.078757e+01,2.093374e+01,2.096156e+01,2.084328e+01,2.101718e+01,2.091287e+01,2.096852e+01,2.096156e+01,2.096852e+01,2.097547e+01,2.082239e+01,2.098242e+01,2.099632e+01,2.099632e+01,2.101023e+01,2.073182e+01,2.085024e+01,2.075970e+01,2.090592e+01,2.090592e+01,2.078060e+01,2.085720e+01,2.078757e+01,2.070394e+01,2.085720e+01,2.087808e+01,2.075273e+01,2.073879e+01,2.083632e+01,2.063420e+01,2.066211e+01,2.064816e+01,2.081543e+01,2.083632e+01,2.099632e+01,2.108665e+01,2.091983e+01,2.098937e+01,2.122546e+01,2.125320e+01,2.122546e+01
1.928574e+01,1.927160e+01,1.927867e+01,1.941999e+01,1.946941e+01,1.958932e+01,1.941999e+01,1.965274e+01,1.958932e+01,1.975836e+01,1.962456e+01,1.970909e+01,1.969500e+01,1.974428e+01,1.972317e+01,1.966683e+01,1.963865e+01,1.972317e+01,1.965979e+01,1.942705e+01,1.943411e+01,1.948352e+01,1.934229e+01,1.935642e+01,1.933522e+01,1.911590e+01,1.920793e+01,1.923623e+01,1.912298e+01,1.929281e+01,1.915130e+01,1.924331e+01,1.911590e+01,1.929988e+01,1.911590e+01,1.924331e+01,1.928574e+01,1.932109e+01,1.927867e+01,1.938468e+01,1.932815e+01,1.934936e+01,1.935642e+01,1.939881e+01,1.938468e+01,1.966683e+01,1.961047e+01,1.970205e+01,1.972317e+01,1.980058e+01,1.989198e+01,1.999033e+01,2.006051e+01,2.001841e+01,2.001841e+01,1.984277e+01,1.982168e+01,1.930695e+01,1.927867e+01,1.900960e+01,1.881797e+01,1.873980e+01,1.872558e+01,1.852628e+01,1.865444e+01,1.875401e+01,1.892448e+01,1.914422e+01,1.923623e+01,1.922916e+01,1.925038e+01,1.961047e+01,1.982168e+01,1.999735e+01,2.032678e+01,2.024977e+01,2.066211e+01,2.057140e+01,2.073182e+01,2.069697e+01,2.077363e+01,2.071789e+01,2.077363e+01,2.071091e+01,2.073879e+01,2.059932e+01,2.059234e+01,2.055045e+01,2.034777e+01,2.034077e+01,2.026378e+01,2.034777e+01,2.018673e+01,2.029178e+01,2.019373e+01,2.029878e+01,2.042470e+01,2.050157e+01,2.040372e+01,2.045266e+01,2.043169e+01,2.038974e+01,2.037575e+01,2.038974e+01,2.034077e+01,2.022876e+01,2.020074e+01,2.017271e+01,2.014467e+01,1.992009e+01,1.975836e+01,1.975836e+01,1.983574e+01,1.977947e+01,1.966683e+01,1.979354e+01,1.972317e+01,1.963161e+01,1.956817e+01,1.943411e+01,1.939881e+01,1.961047e+01,1.946941e+01,1.901669e+01,1.903087e+01,1.883218e+01,1.864021e+01,1.871135e+01,1.845500e+01,1.844787e+01,1.836227e+01,1.824801e+01,1.824801e+01,1.826944e+01,1.821228e+01,1.822657e+01,1.822657e+01,1.815508e+01,1.837654e+01,1.829801e+01,1.825516e+01,1.840508e+01,1.825516e+01,1.834799e+01,1.846213e+01,1.858326e+01,1.854053e+01,1.858326e+01,1.862598e+01,1.873980e+01,1.869002e+01,1.872558e+01,1.873269e+01,1.876823e+01,1.887479e+01,1.889609e+01,1.896704e+01,1.905922e+01,1.905922e+01,1.923623e+01,1.928574e+01,1.929988e+01,1.935642e+01,1.936349e+01,1.957522e+01,1.953291e+01,1.945529e+01,1.954701e+01,1.959637e+01,1.956817e+01,1.975836e+01,1.958227e+01,1.958227e+01,1.981464e+01,1.952586e+01,1.955407e+01,1.973725e+01,1.966683e+01,1.968092e+01,1.965979e+01,1.951175e+01,1.941999e+01,1.946941e+01,1.953291e+01,1.944823e+01,1.952586e+01,1.943411e+01,1.922916e+01,1.910881e+01,1.915130e+01,1.911590e+01,1.925038e+01,1.925745e+01,1.954701e+01,1.978650e+01,1.993414e+01,1.999033e+01,2.015168e+01,2.013065e+01,2.020074e+01,2.035476e+01,2.020074e+01,2.015168e+01,1.989198e+01,1.971613e+01,1.970909e+01,1.958932e+01,1.950469e+01,1.951175e+01,1.951880e+01,1.944118e+01,1.956817e+01,1.962456e+01,1.969500e+01,1.999033e+01,1.993414e+01,1.992711e+01,2.018673e+01,2.018673e+01,1.999033e+01,2.046663e+01,2.046663e+01,2.048061e+01,2.043169e+01,2.046663e+01,2.055045e+01,2.053649e+01,2.047362e+01,2.049458e+01,2.046663e+01,2.057838e+01,2.061327e+01,2.058536e+01,2.050157e+01,2.041071e+01,2.058536e+01,2.069697e+01,2.070394e+01,2.063420e+01,2.063420e+01,2.065513e+01,2.069000e+01,2.077363e+01,2.078757e+01,2.075273e+01,2.079453e+01,2.074576e+01,2.073879e+01,2.089200e+01,2.080150e+01,2.078757e+01,2.082935e+01,2.075273e+01,2.084328e+01,2.081543e+01,2.073879e+01,2.071091e+01,2.078060e+01,2.066908e+01,2.075970e+01,2.070394e+01,2.038274e+01,2.019373e+01,2.020074e+01,1.996224e+01,2.009559e+01,1.980761e+01,1.978650e+01,1.953291e+01,1.926452e+01,1.915838e+01,1.895995e+01,1.889609e+01,1.902378e+01,1.907339e+01,1.905922e+01,1.891738e+01,1.908756e+01,1.917962e+01,1.915838e+01,1.918670e+01,1.919378e+01,1.923623e+01,1.921501e+01,1.925745e+01,1.914422e+01,1.908756e+01,1.861174e+01,1.868290e+01,1.865444e+01,1.864021e+01,1.869002e+01,1.854053e+01,1.863309e+01,1.859038e+01,1.862598e+01,1.854053e+01,1.856902e+01,1.859038e+01,1.860462e+01,1.859038e+01,1.858326e+01,1.849064e+01,1.857614e+01,1.853340e+01,1.854053e+01,1.853340e+01,1.854765e+01,1.862598e+01,1.851203e+01,1.863309e+01,1.854053e+01,1.870424e+01,1.849777e+01,1.850490e+01,1.850490e+01,1.851203e+01,1.844074e+01,1.853340e+01,1.852628e+01,1.839081e+01,1.834799e+01,1.838367e+01,1.829087e+01,1.828373e+01,1.834799e+01,1.835513e+01,1.836940e+01,1.825516e+01,1.834799e+01,1.831944e+01,1.836227e+01,1.825516e+01,1.835513e+01,1.835513e+01,1.836940e+01,1.833372e+01,1.844787e+01,1.842648e+01,1.849777e+01,1.849064e+01,1.839081e+01,1.845500e+01,1.841934e+01,1.844787e+01,1.846213e+01,1.856902e+01,1.841934e+01,1.846213e+01,1.854765e+01,1.859750e+01,1.871847e+01,1.868290e+01,1.888189e+01,1.888899e+01,1.900960e+01,1.920793e+01,1.914422e+01,1.936349e+01,1.941999e+01,1.952586e+01,1.977947e+01,1.970909e+01,1.984277e+01,1.982168e+01,1.996224e+01,2.000437e+01,2.013065e+01,2.037575e+01,2.027778e+01,2.029878e+01,2.045266e+01,2.047362e+01,2.048061e+01,2.041770e+01,2.046663e+01,2.047362e+01,2.050157e+01,2.045266e+01,2.048061e+01,2.048759e+01,2.044567e+01,2.044567e+01,2.043169e+01,2.040372e+01,2.044567e+01,2.044567e+01,2.040372e+01,2.034077e+01,2.034077e+01,2.029878e+01,2.028478e+01,2.031278e+01,2.010961e+01,2.013766e+01,1.996926e+01,1.987090e+01,1.966683e+01,1.956112e+01,1.956112e+01,1.956817e+01,1.934229e+01,1.927867e+01,1.928574e+01,1.922208e+01,1.908756e+01,1.903795e+01,1.915838e+01,1.917254e+01,1.915130e+01,1.893157e+01,1.898123e+01,1.899541e+01,1.893157e+01,1.899541e+01,1.900251e+01,1.873269e+01,1.911590e+01,1.914422e+01,1.923623e+01,1.918670e+01,1.949058e+01,1.944118e+01,1.970205e+01,1.968092e+01,1.987090e+01,2.010961e+01,2.015869e+01,2.036875e+01,2.021475e+01,2.047362e+01,2.029878e+01,2.047362e+01,2.052252e+01,2.048759e+01,2.048759e+01,2.073879e+01,2.071789e+01,2.064816e+01,2.070394e+01,2.070394e+01,2.071789e+01,2.066908e+01,2.073182e+01,2.056442e+01,2.071091e+01,2.074576e+01,2.064118e+01,2.067605e+01,2.074576e+01,2.080150e+01,2.070394e+01,2.063420e+01,2.073879e+01,2.076667e+01,2.075273e+01,2.062025e+01,2.075273e+01,2.075273e+01,2.073182e+01,2.077363e+01,2.066908e+01,2.069697e+01,2.068303e+01,2.069000e+01,2.052252e+01,2.081543e+01,2.066211e+01,2.061327e+01,2.060629e+01,2.071789e+01,2.067605e+01,2.071789e+01,2.056442e+01,2.073879e+01,2.069000e+01,2.075970e+01,2.075970e+01,2.074576e+01,2.075273e+01,2.079453e+01,2.074576e+01,2.074576e+01,2.087808e+01,2.093374e+01,2.073879e+01,2.059932e+01,2.048759e+01,2.020074e+01,1.980058e+01,1.934936e+01,1.916546e+01,1.895286e+01,1.864733e+01,1.879666e+01,1.898123e+01,1.899541e+01,1.905922e+01,1.928574e+01,1.944823e+01,1.978650e+01,1.975836e+01,1.995521e+01,1.982871e+01,1.972317e+01,1.970205e+01,1.971613e+01,1.937762e+01,1.941999e+01,1.931402e+01,1.937762e+01,1.931402e+01,1.904504e+01,1.907339e+01,1.923623e+01,1.888899e+01,1.869713e+01,1.864021e+01,1.881087e+01,1.889609e+01,1.883928e+01,1.918670e+01,1.927160e+01,1.962456e+01,1.972317e+01,1.975836e+01,1.963161e+01,1.923623e+01,1.893157e+01,1.895286e+01,1.869713e+01,1.872558e+01,1.871847e+01,1.866867e+01,1.859038e+01,1.863309e+01,1.851915e+01,1.851203e+01,1.855477e+01,1.846926e+01,1.841221e+01,1.853340e+01,1.850490e+01,1.843361e+01,1.843361e+01,1.831230e+01,1.835513e+01,1.832658e+01,1.833372e+01,1.840508e+01,1.843361e+01,1.840508e+01,1.856190e+01,1.843361e+01,1.838367e+01,1.869002e+01,1.871847e+01,1.864021e+01,1.891028e+01,1.881087e+01,1.873269e+01,1.893157e+01,1.899541e+01,1.911590e+01,1.910881e+01,1.925745e+01,1.919378e+01,1.918670e+01,1.925745e+01,1.922208e+01,1.929281e+01,1.933522e+01,1.925745e+01,1.921501e+01,1.930695e+01,1.949764e+01,1.945529e+01,1.951175e+01,1.946941e+01,1.951175e+01,1.949058e+01,1.985683e+01,1.992711e+01,1.997628e+01,2.025677e+01,2.027778e+01,2.062025e+01,2.068303e+01,2.066211e+01,2.078757e+01,2.079453e+01,2.080150e+01,2.089896e+01,2.090592e+01,2.080150e+01,2.082239e+01,2.081543e+01,2.073182e+01,2.096852e+01,2.083632e+01,2.094070e+01,2.096852e+01,2.088504e+01,2.091287e+01,2.089896e+01,2.097547e+01,2.099632e+01,2.094070e+01,2.089200e+01,2.094765e+01,2.094765e+01,2.092679e+01,2.096156e+01,2.094070e+01,2.095461e+01,2.087112e+01,2.101023e+01,2.084328e+01,2.103107e+01,2.107276e+01,2.070394e+01,2.082935e+01,2.071789e+01,2.075970e+01,2.069697e+01,2.082239e+01,2.059234e+01,2.075970e+01,2.070394e+01,2.080150e+01,2.066908e+01,2.080150e+01,2.086416e+01,2.098937e+01,2.112831e+01,2.111443e+01,2.115608e+01,2.125320e+01,2.141948e+01,2.144716e+01
1.916546e+01,1.917962e+01,1.934229e+01,1.932815e+01,1.930695e+01,1.949058e+01,1.941999e+01,1.957522e+01,1.958227e+01,1.985683e+01,1.991306e+01,1.981464e+01,1.973725e+01,1.979354e+01,1.970909e+01,1.977243e+01,1.968796e+01,1.956112e+01,1.965274e+01,1.967388e+01,1.953996e+01,1.916546e+01,1.946235e+01,1.931402e+01,1.914422e+01,1.914422e+01,1.917962e+01,1.913714e+01,1.911590e+01,1.911590e+01,1.921501e+01,1.912298e+01,1.923623e+01,1.911590e+01,1.925038e+01,1.928574e+01,1.930695e+01,1.931402e+01,1.929281e+01,1.935642e+01,1.933522e+01,1.937762e+01,1.939174e+01,1.944118e+01,1.938468e+01,1.949058e+01,1.953291e+01,1.955407e+01,1.981464e+01,1.980761e+01,1.989198e+01,1.982168e+01,1.999735e+01,2.007454e+01,2.020074e+01,1.996926e+01,1.994819e+01,1.955407e+01,1.943411e+01,1.901669e+01,1.887479e+01,1.886059e+01,1.880376e+01,1.881797e+01,1.880376e+01,1.910173e+01,1.897414e+01,1.913006e+01,1.921501e+01,1.927160e+01,1.922208e+01,1.956817e+01,1.996224e+01,1.994819e+01,2.011663e+01,2.014467e+01,2.057140e+01,2.066908e+01,2.037575e+01,2.065513e+01,2.052950e+01,2.071789e+01,2.059234e+01,2.056442e+01,2.057140e+01,2.036875e+01,2.028478e+01,2.029878e+01,2.013065e+01,2.013065e+01,2.017972e+01,2.012364e+01,1.997628e+01,2.000437e+01,2.014467e+01,1.999735e+01,2.027778e+01,2.018673e+01,2.022876e+01,2.019373e+01,2.039673e+01,2.019373e+01,2.017972e+01,2.010961e+01,2.011663e+01,2.000437e+01,1.992009e+01,1.990604e+01,1.978650e+01,1.982871e+01,1.973021e+01,1.969500e+01,1.982871e+01,1.973021e+01,1.971613e+01,1.983574e+01,1.991306e+01,1.990604e+01,1.987792e+01,1.990604e+01,1.984980e+01,1.956112e+01,1.938468e+01,1.929281e+01,1.904504e+01,1.881087e+01,1.865444e+01,1.863309e+01,1.843361e+01,1.834799e+01,1.837654e+01,1.829087e+01,1.836940e+01,1.825516e+01,1.826944e+01,1.825516e+01,1.822657e+01,1.838367e+01,1.834085e+01,1.839081e+01,1.831230e+01,1.839794e+01,1.831944e+01,1.841934e+01,1.850490e+01,1.859750e+01,1.852628e+01,1.878245e+01,1.866156e+01,1.861174e+01,1.866867e+01,1.886059e+01,1.876112e+01,1.885349e+01,1.894576e+01,1.893157e+01,1.908756e+01,1.907339e+01,1.920085e+01,1.926452e+01,1.925038e+01,1.934936e+01,1.939174e+01,1.933522e+01,1.940587e+01,1.947647e+01,1.951175e+01,1.958932e+01,1.958227e+01,1.957522e+01,1.958932e+01,1.957522e+01,1.951175e+01,1.957522e+01,1.951175e+01,1.949058e+01,1.961751e+01,1.964570e+01,1.968092e+01,1.975836e+01,1.977947e+01,1.961047e+01,1.971613e+01,1.952586e+01,1.955407e+01,1.953996e+01,1.953996e+01,1.952586e+01,1.928574e+01,1.935642e+01,1.937055e+01,1.954701e+01,1.954701e+01,1.958932e+01,1.979354e+01,1.984980e+01,2.009559e+01,2.020074e+01,2.017271e+01,2.027778e+01,2.031978e+01,2.021475e+01,2.015168e+01,1.989198e+01,1.966683e+01,1.977243e+01,1.951880e+01,1.965979e+01,1.948352e+01,1.939174e+01,1.942705e+01,1.960342e+01,1.960342e+01,1.963865e+01,1.973021e+01,1.991306e+01,1.973021e+01,1.987792e+01,2.016570e+01,2.003244e+01,2.036875e+01,2.043169e+01,2.042470e+01,2.060629e+01,2.061327e+01,2.057838e+01,2.048759e+01,2.050855e+01,2.057140e+01,2.052950e+01,2.041071e+01,2.059932e+01,2.058536e+01,2.043169e+01,2.051554e+01,2.050157e+01,2.060629e+01,2.068303e+01,2.068303e+01,2.055045e+01,2.067605e+01,2.062723e+01,2.059234e+01,2.069000e+01,2.065513e+01,2.079453e+01,2.077363e+01,2.063420e+01,2.073182e+01,2.071789e+01,2.078757e+01,2.086416e+01,2.079453e+01,2.082935e+01,2.082239e+01,2.080846e+01,2.084328e+01,2.073182e+01,2.069000e+01,2.071091e+01,2.063420e+01,2.061327e+01,2.043868e+01,2.042470e+01,2.015168e+01,2.009559e+01,1.980058e+01,1.980761e+01,1.944823e+01,1.939881e+01,1.923623e+01,1.905213e+01,1.898832e+01,1.891028e+01,1.892448e+01,1.910881e+01,1.917254e+01,1.917254e+01,1.937055e+01,1.939881e+01,1.943411e+01,1.940587e+01,1.937055e+01,1.929988e+01,1.923623e+01,1.918670e+01,1.913006e+01,1.864733e+01,1.865444e+01,1.862598e+01,1.858326e+01,1.858326e+01,1.859038e+01,1.862598e+01,1.855477e+01,1.852628e+01,1.861174e+01,1.856902e+01,1.859750e+01,1.860462e+01,1.859750e+01,1.856190e+01,1.849777e+01,1.862598e+01,1.859750e+01,1.861174e+01,1.863309e+01,1.856902e+01,1.856190e+01,1.850490e+01,1.850490e+01,1.852628e+01,1.849777e+01,1.857614e+01,1.853340e+01,1.851915e+01,1.848352e+01,1.860462e+01,1.848352e+01,1.841221e+01,1.841934e+01,1.839081e+01,1.836940e+01,1.823372e+01,1.841221e+01,1.832658e+01,1.843361e+01,1.829801e+01,1.824801e+01,1.826230e+01,1.836940e+01,1.830515e+01,1.838367e+01,1.833372e+01,1.827659e+01,1.842648e+01,1.836940e+01,1.839794e+01,1.840508e+01,1.841934e+01,1.841934e+01,1.843361e+01,1.841934e+01,1.859038e+01,1.840508e+01,1.841934e+01,1.860462e+01,1.863309e+01,1.864733e+01,1.864021e+01,1.856190e+01,1.874691e+01,1.885349e+01,1.886769e+01,1.909464e+01,1.908756e+01,1.918670e+01,1.927867e+01,1.935642e+01,1.934936e+01,1.947647e+01,1.949764e+01,1.978650e+01,1.994117e+01,1.997628e+01,2.000437e+01,2.022876e+01,2.013766e+01,2.020074e+01,2.028478e+01,2.047362e+01,2.048759e+01,2.044567e+01,2.058536e+01,2.053649e+01,2.052950e+01,2.051554e+01,2.049458e+01,2.053649e+01,2.050157e+01,2.043868e+01,2.041770e+01,2.043169e+01,2.041071e+01,2.048061e+01,2.048061e+01,2.053649e+01,2.048759e+01,2.034077e+01,2.029878e+01,2.034777e+01,2.034077e+01,2.027078e+01,2.017271e+01,2.013065e+01,2.011663e+01,1.987792e+01,1.966683e+01,1.955407e+01,1.957522e+01,1.951880e+01,1.931402e+01,1.936349e+01,1.929281e+01,1.925745e+01,1.920793e+01,1.907339e+01,1.916546e+01,1.903795e+01,1.901669e+01,1.897414e+01,1.882508e+01,1.887479e+01,1.893867e+01,1.900251e+01,1.879666e+01,1.891738e+01,1.891028e+01,1.898832e+01,1.915130e+01,1.930695e+01,1.929281e+01,1.946941e+01,1.958227e+01,1.948352e+01,1.970205e+01,1.982168e+01,2.014467e+01,2.019373e+01,2.041770e+01,2.046663e+01,2.044567e+01,2.059932e+01,2.056442e+01,2.052950e+01,2.050855e+01,2.052950e+01,2.056442e+01,2.057838e+01,2.071091e+01,2.069697e+01,2.069697e+01,2.073879e+01,2.078757e+01,2.073879e+01,2.064816e+01,2.071091e+01,2.072486e+01,2.073182e+01,2.067605e+01,2.085024e+01,2.079453e+01,2.074576e+01,2.073879e+01,2.076667e+01,2.069697e+01,2.089200e+01,2.074576e+01,2.085720e+01,2.073879e+01,2.066908e+01,2.070394e+01,2.067605e+01,2.069697e+01,2.056442e+01,2.060629e+01,2.071091e+01,2.066908e+01,2.069000e+01,2.061327e+01,2.057838e+01,2.055045e+01,2.064816e+01,2.056442e+01,2.071091e+01,2.056442e+01,2.062723e+01,2.053649e+01,2.055743e+01,2.063420e+01,2.082239e+01,2.085720e+01,2.068303e+01,2.055743e+01,2.073879e+01,2.059234e+01,2.048759e+01,2.026378e+01,1.985683e+01,1.969500e+01,1.942705e+01,1.916546e+01,1.898832e+01,1.900960e+01,1.909464e+01,1.911590e+01,1.936349e+01,1.940587e+01,1.941999e+01,1.974428e+01,1.974428e+01,1.982168e+01,1.989901e+01,1.971613e+01,1.973021e+01,1.955407e+01,1.970205e+01,1.929988e+01,1.922916e+01,1.924331e+01,1.900251e+01,1.902378e+01,1.871847e+01,1.868290e+01,1.904504e+01,1.876823e+01,1.857614e+01,1.882508e+01,1.863309e+01,1.857614e+01,1.877534e+01,1.864021e+01,1.894576e+01,1.931402e+01,1.972317e+01,1.955407e+01,1.950469e+01,1.927160e+01,1.898123e+01,1.888189e+01,1.883218e+01,1.878955e+01,1.866156e+01,1.864021e+01,1.859750e+01,1.874691e+01,1.860462e+01,1.854765e+01,1.849777e+01,1.845500e+01,1.850490e+01,1.841221e+01,1.829801e+01,1.850490e+01,1.837654e+01,1.849064e+01,1.833372e+01,1.838367e+01,1.838367e+01,1.839794e+01,1.834799e+01,1.836940e+01,1.820513e+01,1.844074e+01,1.849064e+01,1.844787e+01,1.869002e+01,1.869713e+01,1.879666e+01,1.871847e+01,1.885349e+01,1.893157e+01,1.915838e+01,1.921501e+01,1.916546e+01,1.918670e+01,1.932815e+01,1.942705e+01,1.927867e+01,1.920085e+01,1.944118e+01,1.930695e+01,1.929988e+01,1.929281e+01,1.937055e+01,1.938468e+01,1.942705e+01,1.941999e+01,1.984277e+01,1.982168e+01,1.981464e+01,1.978650e+01,1.982871e+01,1.996224e+01,2.024977e+01,2.025677e+01,2.052252e+01,2.072486e+01,2.081543e+01,2.080150e+01,2.078060e+01,2.091983e+01,2.087808e+01,2.083632e+01,2.105887e+01,2.086416e+01,2.089200e+01,2.090592e+01,2.098937e+01,2.095461e+01,2.095461e+01,2.098937e+01,2.091287e+01,2.097547e+01,2.091287e+01,2.088504e+01,2.104497e+01,2.101023e+01,2.098937e+01,2.082239e+01,2.092679e+01,2.102413e+01,2.101023e+01,2.101023e+01,2.081543e+01,2.101023e+01,2.088504e+01,2.085720e+01,2.096156e+01,2.080150e+01,2.080150e+01,2.069697e+01,2.084328e+01,2.065513e+01,2.079453e+01,2.062025e+01,2.071789e+01,2.064118e+01,2.078060e+01,2.075970e+01,2.070394e+01,2.073182e+01,2.089896e+01,2.092679e+01,2.093374e+01,2.115608e+01,2.118384e+01,2.129479e+01,2.135023e+01,2.135715e+01
1.916546e+01,1.924331e+01,1.928574e+01,1.934936e+01,1.937762e+01,1.939881e+01,1.939881e+01,1.939881e+01,1.963161e+01,1.957522e+01,1.975132e+01,1.968796e+01,1.965274e+01,1.968796e+01,1.970909e+01,1.941999e+01,1.953996e+01,1.948352e+01,1.971613e+01,1.948352e+01,1.945529e+01,1.933522e+01,1.937762e+01,1.927867e+01,1.910173e+01,1.904504e+01,1.906630e+01,1.901669e+01,1.899541e+01,1.920085e+01,1.904504e+01,1.911590e+01,1.912298e+01,1.917254e+01,1.920793e+01,1.925745e+01,1.926452e+01,1.913006e+01,1.922916e+01,1.919378e+01,1.927867e+01,1.921501e+01,1.928574e+01,1.939174e+01,1.910881e+01,1.933522e+01,1.946941e+01,1.960342e+01,1.948352e+01,1.983574e+01,1.975132e+01,1.982871e+01,1.989901e+01,1.994819e+01,2.010961e+01,1.988495e+01,2.001841e+01,1.996926e+01,1.973725e+01,1.940587e+01,1.922916e+01,1.905213e+01,1.883928e+01,1.895286e+01,1.883218e+01,1.910881e+01,1.904504e+01,1.895995e+01,1.919378e+01,1.924331e+01,1.958932e+01,1.961751e+01,1.958932e+01,2.001139e+01,2.015168e+01,2.014467e+01,2.039673e+01,2.036875e+01,2.055743e+01,2.031978e+01,2.043169e+01,2.038274e+01,2.048061e+01,2.044567e+01,2.036176e+01,2.031978e+01,2.027078e+01,1.998330e+01,2.010961e+01,2.001139e+01,2.000437e+01,1.985683e+01,1.988495e+01,1.985683e+01,1.987090e+01,1.982871e+01,1.988495e+01,1.987792e+01,1.997628e+01,1.989198e+01,1.989198e+01,1.982168e+01,1.990604e+01,2.001139e+01,1.990604e+01,1.984980e+01,1.984277e+01,1.977947e+01,1.975132e+01,1.956112e+01,1.969500e+01,1.968796e+01,1.968796e+01,1.984277e+01,1.979354e+01,1.984277e+01,1.987090e+01,1.988495e+01,2.012364e+01,1.971613e+01,1.975836e+01,1.953291e+01,1.937055e+01,1.908756e+01,1.900960e+01,1.879666e+01,1.854053e+01,1.840508e+01,1.838367e+01,1.838367e+01,1.829087e+01,1.826944e+01,1.826944e+01,1.825516e+01,1.845500e+01,1.831230e+01,1.831230e+01,1.840508e+01,1.834799e+01,1.841221e+01,1.842648e+01,1.829801e+01,1.841221e+01,1.837654e+01,1.844787e+01,1.846213e+01,1.857614e+01,1.878245e+01,1.878245e+01,1.888189e+01,1.886769e+01,1.876823e+01,1.899541e+01,1.900251e+01,1.903087e+01,1.898832e+01,1.908047e+01,1.915130e+01,1.920793e+01,1.914422e+01,1.930695e+01,1.929988e+01,1.931402e+01,1.937762e+01,1.939881e+01,1.939174e+01,1.962456e+01,1.956817e+01,1.958932e+01,1.956817e+01,1.948352e+01,1.956112e+01,1.954701e+01,1.945529e+01,1.951880e+01,1.946941e+01,1.950469e+01,1.965979e+01,1.961751e+01,1.976540e+01,1.977243e+01,1.977243e+01,1.970205e+01,1.970205e+01,1.971613e+01,1.971613e+01,1.953291e+01,1.980761e+01,1.951175e+01,1.950469e+01,1.937055e+01,1.960342e+01,1.963865e+01,1.977947e+01,1.976540e+01,2.015869e+01,2.003946e+01,2.012364e+01,2.020074e+01,2.034777e+01,2.028478e+01,2.017271e+01,1.995521e+01,1.980058e+01,1.958227e+01,1.958932e+01,1.970909e+01,1.965979e+01,1.939881e+01,1.939881e+01,1.945529e+01,1.948352e+01,1.950469e+01,1.961047e+01,1.960342e+01,1.952586e+01,1.974428e+01,1.967388e+01,1.989198e+01,1.999735e+01,2.010961e+01,2.001841e+01,2.043868e+01,2.018673e+01,2.048061e+01,2.043169e+01,2.050157e+01,2.059932e+01,2.057140e+01,2.050855e+01,2.052252e+01,2.061327e+01,2.056442e+01,2.050855e+01,2.052252e+01,2.059234e+01,2.062025e+01,2.048061e+01,2.064816e+01,2.048061e+01,2.054347e+01,2.055045e+01,2.055743e+01,2.062723e+01,2.061327e+01,2.061327e+01,2.062025e+01,2.062723e+01,2.064816e+01,2.064816e+01,2.088504e+01,2.078757e+01,2.085720e+01,2.073879e+01,2.076667e+01,2.073879e+01,2.078757e+01,2.069000e+01,2.073182e+01,2.075273e+01,2.070394e+01,2.069697e+01,2.044567e+01,2.025677e+01,2.013766e+01,2.018673e+01,1.979354e+01,1.979354e+01,1.951175e+01,1.926452e+01,1.932109e+01,1.906630e+01,1.895995e+01,1.891028e+01,1.895995e+01,1.913714e+01,1.917962e+01,1.924331e+01,1.955407e+01,1.951175e+01,1.956112e+01,1.937055e+01,1.960342e+01,1.930695e+01,1.932109e+01,1.918670e+01,1.913006e+01,1.888899e+01,1.885349e+01,1.855477e+01,1.856190e+01,1.857614e+01,1.847639e+01,1.861886e+01,1.854053e+01,1.858326e+01,1.846926e+01,1.852628e+01,1.849777e+01,1.854765e+01,1.853340e+01,1.851915e+01,1.839081e+01,1.859750e+01,1.846926e+01,1.846213e+01,1.833372e+01,1.846213e+01,1.847639e+01,1.850490e+01,1.858326e+01,1.858326e+01,1.851203e+01,1.836227e+01,1.843361e+01,1.847639e+01,1.851915e+01,1.847639e+01,1.849064e+01,1.835513e+01,1.850490e+01,1.855477e+01,1.836227e+01,1.824801e+01,1.821943e+01,1.833372e+01,1.831944e+01,1.832658e+01,1.830515e+01,1.834799e+01,1.824087e+01,1.822657e+01,1.824801e+01,1.826944e+01,1.826230e+01,1.821943e+01,1.834799e+01,1.840508e+01,1.839794e+01,1.838367e+01,1.839081e+01,1.837654e+01,1.846926e+01,1.861886e+01,1.842648e+01,1.855477e+01,1.861174e+01,1.865444e+01,1.871135e+01,1.864733e+01,1.873980e+01,1.878245e+01,1.883928e+01,1.886769e+01,1.905922e+01,1.906630e+01,1.913006e+01,1.928574e+01,1.937055e+01,1.938468e+01,1.955407e+01,1.965979e+01,1.973725e+01,1.996926e+01,2.012364e+01,1.999735e+01,2.009559e+01,2.024277e+01,2.045964e+01,2.043169e+01,2.048061e+01,2.048061e+01,2.050157e+01,2.054347e+01,2.053649e+01,2.059932e+01,2.058536e+01,2.050855e+01,2.052252e+01,2.047362e+01,2.043169e+01,2.048061e+01,2.043169e+01,2.045266e+01,2.050855e+01,2.048061e+01,2.044567e+01,2.038274e+01,2.038274e+01,2.034077e+01,2.041770e+01,2.024277e+01,2.022176e+01,2.017271e+01,2.012364e+01,2.007454e+01,1.986386e+01,1.984277e+01,1.968092e+01,1.953291e+01,1.947647e+01,1.927160e+01,1.928574e+01,1.906630e+01,1.904504e+01,1.905213e+01,1.903795e+01,1.903795e+01,1.894576e+01,1.913714e+01,1.893157e+01,1.878955e+01,1.885349e+01,1.898123e+01,1.881087e+01,1.883218e+01,1.895286e+01,1.891028e+01,1.888899e+01,1.912298e+01,1.924331e+01,1.920085e+01,1.940587e+01,1.950469e+01,1.945529e+01,1.963865e+01,1.993414e+01,1.984980e+01,2.015168e+01,2.033377e+01,2.028478e+01,2.046663e+01,2.069000e+01,2.070394e+01,2.072486e+01,2.051554e+01,2.054347e+01,2.069697e+01,2.070394e+01,2.064118e+01,2.075273e+01,2.073182e+01,2.073182e+01,2.078060e+01,2.062723e+01,2.075970e+01,2.076667e+01,2.073182e+01,2.079453e+01,2.072486e+01,2.078757e+01,2.078060e+01,2.076667e+01,2.073879e+01,2.079453e+01,2.066908e+01,2.077363e+01,2.075273e+01,2.061327e+01,2.076667e+01,2.057140e+01,2.055743e+01,2.054347e+01,2.064118e+01,2.048759e+01,2.050855e+01,2.061327e+01,2.064816e+01,2.064118e+01,2.069697e+01,2.060629e+01,2.056442e+01,2.053649e+01,2.069697e+01,2.071789e+01,2.056442e+01,2.059932e+01,2.057838e+01,2.056442e+01,2.052252e+01,2.053649e+01,2.049458e+01,2.052252e+01,2.055743e+01,2.046663e+01,2.029878e+01,2.013766e+01,2.007454e+01,1.990604e+01,1.969500e+01,1.946941e+01,1.934936e+01,1.920793e+01,1.916546e+01,1.917962e+01,1.944118e+01,1.942705e+01,1.957522e+01,1.972317e+01,1.970205e+01,1.977947e+01,1.986386e+01,1.975836e+01,1.975836e+01,1.949058e+01,1.944823e+01,1.928574e+01,1.925038e+01,1.903795e+01,1.895995e+01,1.894576e+01,1.871135e+01,1.849064e+01,1.841934e+01,1.865444e+01,1.864021e+01,1.863309e+01,1.859038e+01,1.823372e+01,1.839794e+01,1.828373e+01,1.861174e+01,1.868290e+01,1.876823e+01,1.917254e+01,1.943411e+01,1.934229e+01,1.917962e+01,1.915838e+01,1.887479e+01,1.879666e+01,1.878245e+01,1.871847e+01,1.871847e+01,1.873269e+01,1.842648e+01,1.851203e+01,1.837654e+01,1.841934e+01,1.836227e+01,1.837654e+01,1.854053e+01,1.834799e+01,1.827659e+01,1.837654e+01,1.839794e+01,1.851203e+01,1.836227e+01,1.836227e+01,1.837654e+01,1.831944e+01,1.834085e+01,1.836940e+01,1.836227e+01,1.843361e+01,1.843361e+01,1.850490e+01,1.842648e+01,1.864021e+01,1.882508e+01,1.873980e+01,1.886059e+01,1.909464e+01,1.918670e+01,1.924331e+01,1.924331e+01,1.918670e+01,1.940587e+01,1.941999e+01,1.926452e+01,1.938468e+01,1.931402e+01,1.930695e+01,1.935642e+01,1.939174e+01,1.935642e+01,1.945529e+01,1.955407e+01,1.982168e+01,1.992711e+01,1.992711e+01,2.003946e+01,1.991306e+01,1.992009e+01,2.006051e+01,2.029878e+01,2.049458e+01,2.069697e+01,2.075970e+01,2.089200e+01,2.078060e+01,2.077363e+01,2.085024e+01,2.087112e+01,2.096156e+01,2.091983e+01,2.078757e+01,2.091983e+01,2.085720e+01,2.085720e+01,2.089200e+01,2.094765e+01,2.088504e+01,2.083632e+01,2.088504e+01,2.088504e+01,2.089200e+01,2.090592e+01,2.094765e+01,2.097547e+01,2.098242e+01,2.100327e+01,2.096852e+01,2.105192e+01,2.104497e+01,2.095461e+01,2.102413e+01,2.075273e+01,2.088504e+01,2.087112e+01,2.094070e+01,2.089200e+01,2.085024e+01,2.085720e+01,2.080150e+01,2.076667e+01,2.077363e+01,2.079453e+01,2.069697e+01,2.070394e+01,2.073879e+01,2.073182e+01,2.095461e+01,2.093374e+01,2.100327e+01,2.116302e+01,2.107971e+01,2.120465e+01,2.131559e+01,2.132944e+01
1.915130e+01,1.931402e+01,1.929281e+01,1.939881e+01,1.955407e+01,1.960342e+01,1.961751e+01,1.965274e+01,1.959637e+01,1.975132e+01,1.973021e+01,1.968092e+01,1.952586e+01,1.972317e+01,1.970909e+01,1.955407e+01,1.958227e+01,1.946941e+01,1.958227e+01,1.938468e+01,1.937762e+01,1.951175e+01,1.915838e+01,1.917962e+01,1.908756e+01,1.903087e+01,1.910173e+01,1.898832e+01,1.907339e+01,1.901669e+01,1.901669e+01,1.903087e+01,1.905922e+01,1.915838e+01,1.909464e+01,1.914422e+01,1.930695e+01,1.927867e+01,1.929281e+01,1.927160e+01,1.927160e+01,1.938468e+01,1.928574e+01,1.936349e+01,1.930695e+01,1.938468e+01,1.934936e+01,1.949764e+01,1.939174e+01,1.944118e+01,1.975132e+01,1.982168e+01,1.987792e+01,1.995521e+01,2.008156e+01,1.997628e+01,2.017972e+01,2.009559e+01,1.994819e+01,1.965979e+01,1.940587e+01,1.922916e+01,1.908756e+01,1.905922e+01,1.901669e+01,1.923623e+01,1.884638e+01,1.914422e+01,1.920793e+01,1.922208e+01,1.942705e+01,1.959637e+01,1.973021e+01,1.978650e+01,1.996926e+01,2.015869e+01,2.011663e+01,2.031978e+01,2.047362e+01,2.015168e+01,2.041071e+01,2.017271e+01,2.035476e+01,2.012364e+01,2.020074e+01,1.994819e+01,1.999735e+01,1.996926e+01,2.000437e+01,1.994117e+01,1.974428e+01,1.968796e+01,1.979354e+01,1.983574e+01,1.977947e+01,1.984980e+01,1.978650e+01,1.968092e+01,1.988495e+01,1.987090e+01,1.978650e+01,1.987090e+01,1.984980e+01,1.975836e+01,1.987090e+01,1.963161e+01,1.968092e+01,1.980761e+01,1.962456e+01,1.965274e+01,1.949764e+01,1.951175e+01,1.947647e+01,1.948352e+01,1.961751e+01,1.957522e+01,1.956112e+01,1.988495e+01,1.986386e+01,1.982871e+01,1.977947e+01,1.957522e+01,1.934229e+01,1.905213e+01,1.899541e+01,1.898123e+01,1.872558e+01,1.848352e+01,1.857614e+01,1.841221e+01,1.829087e+01,1.834085e+01,1.848352e+01,1.829087e+01,1.834085e+01,1.836227e+01,1.851915e+01,1.833372e+01,1.857614e+01,1.829801e+01,1.856902e+01,1.859750e+01,1.841221e+01,1.863309e+01,1.881087e+01,1.883218e+01,1.883928e+01,1.903087e+01,1.892448e+01,1.893867e+01,1.887479e+01,1.895995e+01,1.899541e+01,1.888899e+01,1.911590e+01,1.903795e+01,1.905922e+01,1.907339e+01,1.924331e+01,1.920793e+01,1.929988e+01,1.932109e+01,1.936349e+01,1.934936e+01,1.939881e+01,1.939174e+01,1.946941e+01,1.957522e+01,1.939174e+01,1.951175e+01,1.939174e+01,1.951880e+01,1.944823e+01,1.947647e+01,1.949058e+01,1.946235e+01,1.948352e+01,1.962456e+01,1.973725e+01,1.970205e+01,1.969500e+01,1.972317e+01,1.977243e+01,1.977947e+01,1.987090e+01,1.989901e+01,1.976540e+01,1.990604e+01,1.978650e+01,1.974428e+01,1.983574e+01,1.979354e+01,1.995521e+01,1.978650e+01,2.001841e+01,2.014467e+01,2.019373e+01,2.025677e+01,2.021475e+01,2.025677e+01,2.015869e+01,1.996224e+01,1.984980e+01,1.977243e+01,1.959637e+01,1.941293e+01,1.939881e+01,1.946941e+01,1.940587e+01,1.939174e+01,1.937055e+01,1.943411e+01,1.950469e+01,1.949058e+01,1.951175e+01,1.953996e+01,1.958932e+01,1.987792e+01,1.991306e+01,1.989198e+01,2.007454e+01,2.000437e+01,2.029878e+01,2.044567e+01,2.047362e+01,2.045964e+01,2.048061e+01,2.045266e+01,2.050157e+01,2.057838e+01,2.046663e+01,2.054347e+01,2.048759e+01,2.053649e+01,2.038974e+01,2.055743e+01,2.048759e+01,2.058536e+01,2.050855e+01,2.050855e+01,2.053649e+01,2.046663e+01,2.050855e+01,2.054347e+01,2.052950e+01,2.061327e+01,2.066908e+01,2.060629e+01,2.059234e+01,2.069697e+01,2.077363e+01,2.073879e+01,2.073879e+01,2.084328e+01,2.069000e+01,2.078757e+01,2.074576e+01,2.073182e+01,2.083632e+01,2.073182e+01,2.072486e+01,2.054347e+01,2.046663e+01,2.044567e+01,2.017972e+01,2.015869e+01,1.996224e+01,1.980761e+01,1.977947e+01,1.935642e+01,1.931402e+01,1.922916e+01,1.920793e+01,1.901669e+01,1.910881e+01,1.919378e+01,1.946941e+01,1.947647e+01,1.944118e+01,1.954701e+01,1.960342e+01,1.961751e+01,1.958932e+01,1.961047e+01,1.954701e+01,1.951175e+01,1.917254e+01,1.888899e+01,1.883218e+01,1.883218e+01,1.856190e+01,1.857614e+01,1.853340e+01,1.858326e+01,1.856190e+01,1.849064e+01,1.846213e+01,1.850490e+01,1.849777e+01,1.849064e+01,1.851915e+01,1.856190e+01,1.846213e+01,1.836940e+01,1.847639e+01,1.849777e+01,1.832658e+01,1.847639e+01,1.864021e+01,1.859038e+01,1.848352e+01,1.846213e+01,1.851915e+01,1.854053e+01,1.852628e+01,1.851203e+01,1.846213e+01,1.850490e+01,1.833372e+01,1.838367e+01,1.841934e+01,1.842648e+01,1.834799e+01,1.841221e+01,1.837654e+01,1.836940e+01,1.847639e+01,1.830515e+01,1.831944e+01,1.830515e+01,1.821228e+01,1.819083e+01,1.827659e+01,1.831944e+01,1.824801e+01,1.839081e+01,1.822657e+01,1.827659e+01,1.831944e+01,1.834799e+01,1.840508e+01,1.849064e+01,1.837654e+01,1.861886e+01,1.862598e+01,1.862598e+01,1.863309e+01,1.862598e+01,1.872558e+01,1.877534e+01,1.881087e+01,1.881797e+01,1.886769e+01,1.908756e+01,1.913006e+01,1.912298e+01,1.920793e+01,1.923623e+01,1.926452e+01,1.942705e+01,1.970205e+01,1.968092e+01,1.967388e+01,1.980761e+01,2.002542e+01,2.019373e+01,2.022176e+01,2.032678e+01,2.050855e+01,2.054347e+01,2.053649e+01,2.049458e+01,2.054347e+01,2.048759e+01,2.055045e+01,2.060629e+01,2.055743e+01,2.057140e+01,2.055743e+01,2.052252e+01,2.052950e+01,2.059932e+01,2.045266e+01,2.046663e+01,2.043169e+01,2.044567e+01,2.040372e+01,2.038974e+01,2.045266e+01,2.036176e+01,2.037575e+01,2.028478e+01,2.015168e+01,2.013065e+01,2.000437e+01,1.992009e+01,1.999735e+01,1.960342e+01,1.968092e+01,1.953996e+01,1.966683e+01,1.935642e+01,1.925745e+01,1.928574e+01,1.903795e+01,1.905213e+01,1.899541e+01,1.895286e+01,1.887479e+01,1.883928e+01,1.882508e+01,1.881797e+01,1.888899e+01,1.882508e+01,1.882508e+01,1.880376e+01,1.883218e+01,1.888899e+01,1.893157e+01,1.915838e+01,1.919378e+01,1.925038e+01,1.924331e+01,1.937055e+01,1.950469e+01,1.949058e+01,1.985683e+01,1.986386e+01,2.014467e+01,2.020074e+01,2.040372e+01,2.057838e+01,2.041770e+01,2.057140e+01,2.063420e+01,2.068303e+01,2.075970e+01,2.074576e+01,2.071091e+01,2.070394e+01,2.071789e+01,2.078060e+01,2.071091e+01,2.081543e+01,2.080846e+01,2.077363e+01,2.082935e+01,2.081543e+01,2.080846e+01,2.081543e+01,2.075970e+01,2.087808e+01,2.082239e+01,2.082935e+01,2.077363e+01,2.076667e+01,2.076667e+01,2.077363e+01,2.059932e+01,2.075970e+01,2.057838e+01,2.057140e+01,2.059932e+01,2.048759e+01,2.062723e+01,2.064816e+01,2.051554e+01,2.063420e+01,2.064118e+01,2.055743e+01,2.055045e+01,2.052252e+01,2.055045e+01,2.066908e+01,2.054347e+01,2.055045e+01,2.061327e+01,2.058536e+01,2.057140e+01,2.056442e+01,2.045266e+01,2.053649e+01,2.039673e+01,2.030578e+01,2.041071e+01,2.043868e+01,2.020774e+01,1.995521e+01,2.005350e+01,1.982168e+01,1.970205e+01,1.945529e+01,1.942705e+01,1.951175e+01,1.939881e+01,1.953291e+01,1.982871e+01,1.969500e+01,1.980058e+01,1.986386e+01,1.981464e+01,1.965979e+01,1.969500e+01,1.953291e+01,1.949058e+01,1.914422e+01,1.923623e+01,1.881087e+01,1.899541e+01,1.873980e+01,1.856190e+01,1.846926e+01,1.826230e+01,1.816938e+01,1.811932e+01,1.816938e+01,1.816223e+01,1.816223e+01,1.801910e+01,1.820513e+01,1.797613e+01,1.841221e+01,1.859750e+01,1.851203e+01,1.867579e+01,1.886059e+01,1.921501e+01,1.923623e+01,1.921501e+01,1.895995e+01,1.885349e+01,1.878955e+01,1.851915e+01,1.872558e+01,1.865444e+01,1.866156e+01,1.846926e+01,1.840508e+01,1.839081e+01,1.839081e+01,1.839081e+01,1.829087e+01,1.837654e+01,1.844074e+01,1.837654e+01,1.836940e+01,1.838367e+01,1.844787e+01,1.834085e+01,1.830515e+01,1.836227e+01,1.841221e+01,1.836940e+01,1.838367e+01,1.851915e+01,1.846213e+01,1.836940e+01,1.858326e+01,1.881087e+01,1.874691e+01,1.881797e+01,1.895286e+01,1.892448e+01,1.912298e+01,1.921501e+01,1.888189e+01,1.917962e+01,1.917962e+01,1.920793e+01,1.927160e+01,1.929988e+01,1.929988e+01,1.931402e+01,1.946941e+01,1.942705e+01,1.944118e+01,1.953291e+01,1.956817e+01,1.988495e+01,1.989198e+01,2.007454e+01,2.016570e+01,2.001841e+01,2.001841e+01,2.000437e+01,2.023577e+01,2.031278e+01,2.052252e+01,2.066908e+01,2.082935e+01,2.092679e+01,2.082935e+01,2.085024e+01,2.089200e+01,2.084328e+01,2.090592e+01,2.103107e+01,2.097547e+01,2.091983e+01,2.082935e+01,2.110054e+01,2.094765e+01,2.106581e+01,2.091983e+01,2.085024e+01,2.100327e+01,2.089896e+01,2.106581e+01,2.105192e+01,2.099632e+01,2.089896e+01,2.092679e+01,2.081543e+01,2.101023e+01,2.097547e+01,2.102413e+01,2.088504e+01,2.079453e+01,2.102413e+01,2.083632e+01,2.080150e+01,2.070394e+01,2.068303e+01,2.080150e+01,2.097547e+01,2.077363e+01,2.071091e+01,2.073879e+01,2.072486e+01,2.078757e+01,2.085024e+01,2.092679e+01,2.096156e+01,2.110054e+01,2.107276e+01,2.116302e+01,2.127400e+01,2.126707e+01,2.133637e+01,2.132944e+01
1.914422e+01,1.915130e+01,1.937055e+01,1.956817e+01,1.983574e+01,1.970205e+01,1.966683e+01,1.984277e+01,1.975132e+01,1.973021e+01,1.961047e+01,1.954701e+01,1.965979e+01,1.961751e+01,1.951175e+01,1.949764e+01,1.953291e+01,1.951175e+01,1.927867e+01,1.937055e+01,1.915838e+01,1.930695e+01,1.919378e+01,1.908047e+01,1.908756e+01,1.905213e+01,1.878245e+01,1.895995e+01,1.894576e+01,1.882508e+01,1.895995e+01,1.896704e+01,1.918670e+01,1.899541e+01,1.894576e+01,1.920085e+01,1.914422e+01,1.917254e+01,1.910881e+01,1.915838e+01,1.920085e+01,1.917962e+01,1.920793e+01,1.929988e+01,1.947647e+01,1.925038e+01,1.925745e+01,1.944118e+01,1.949058e+01,1.930695e+01,1.939881e+01,1.949058e+01,1.949058e+01,1.977243e+01,2.001139e+01,1.996926e+01,1.999033e+01,2.022176e+01,1.999735e+01,1.967388e+01,1.967388e+01,1.950469e+01,1.928574e+01,1.886059e+01,1.926452e+01,1.905213e+01,1.915130e+01,1.920793e+01,1.926452e+01,1.922208e+01,1.943411e+01,1.958932e+01,1.961047e+01,1.969500e+01,2.001139e+01,2.005350e+01,2.013065e+01,2.007454e+01,2.003946e+01,2.017271e+01,2.000437e+01,1.997628e+01,1.999033e+01,1.975836e+01,1.992711e+01,1.982168e+01,1.965274e+01,1.976540e+01,1.958932e+01,1.972317e+01,1.962456e+01,1.964570e+01,1.965979e+01,1.959637e+01,1.961047e+01,1.973725e+01,1.986386e+01,1.966683e+01,1.967388e+01,1.984980e+01,1.950469e+01,1.974428e+01,1.966683e+01,1.958227e+01,1.963161e+01,1.939881e+01,1.947647e+01,1.944823e+01,1.960342e+01,1.951880e+01,1.951880e+01,1.951175e+01,1.946235e+01,1.950469e+01,1.950469e+01,1.958227e+01,1.961751e+01,1.984980e+01,1.962456e+01,1.961047e+01,1.950469e+01,1.947647e+01,1.929988e+01,1.907339e+01,1.878245e+01,1.871847e+01,1.852628e+01,1.849064e+01,1.834085e+01,1.831230e+01,1.829087e+01,1.828373e+01,1.845500e+01,1.830515e+01,1.830515e+01,1.831944e+01,1.842648e+01,1.840508e+01,1.833372e+01,1.851203e+01,1.836940e+01,1.857614e+01,1.857614e+01,1.888899e+01,1.886059e+01,1.890318e+01,1.891028e+01,1.884638e+01,1.899541e+01,1.890318e+01,1.899541e+01,1.913006e+01,1.901669e+01,1.902378e+01,1.911590e+01,1.893157e+01,1.915130e+01,1.915838e+01,1.917962e+01,1.922916e+01,1.923623e+01,1.925038e+01,1.938468e+01,1.934936e+01,1.934229e+01,1.941999e+01,1.948352e+01,1.947647e+01,1.949764e+01,1.947647e+01,1.944823e+01,1.942705e+01,1.941999e+01,1.944118e+01,1.945529e+01,1.956817e+01,1.963865e+01,1.962456e+01,1.973021e+01,1.975132e+01,1.978650e+01,1.970205e+01,1.970909e+01,1.972317e+01,1.980058e+01,1.974428e+01,1.976540e+01,1.977243e+01,1.991306e+01,1.981464e+01,1.981464e+01,1.980761e+01,2.006753e+01,2.001841e+01,2.017271e+01,2.020074e+01,2.015168e+01,2.029178e+01,2.017972e+01,2.012364e+01,2.003244e+01,1.988495e+01,1.990604e+01,1.970909e+01,1.960342e+01,1.939881e+01,1.936349e+01,1.938468e+01,1.932815e+01,1.928574e+01,1.939881e+01,1.940587e+01,1.934936e+01,1.947647e+01,1.952586e+01,1.953291e+01,1.961047e+01,1.966683e+01,1.989901e+01,1.986386e+01,1.992009e+01,2.005350e+01,2.015168e+01,2.018673e+01,2.019373e+01,2.045964e+01,2.035476e+01,2.036176e+01,2.045964e+01,2.045964e+01,2.045964e+01,2.043868e+01,2.048061e+01,2.038274e+01,2.054347e+01,2.043868e+01,2.043169e+01,2.048759e+01,2.039673e+01,2.043868e+01,2.050855e+01,2.051554e+01,2.051554e+01,2.055743e+01,2.047362e+01,2.051554e+01,2.052252e+01,2.055743e+01,2.052950e+01,2.066211e+01,2.062723e+01,2.070394e+01,2.065513e+01,2.069697e+01,2.071091e+01,2.073182e+01,2.072486e+01,2.055045e+01,2.073182e+01,2.074576e+01,2.076667e+01,2.067605e+01,2.045964e+01,2.035476e+01,2.017271e+01,2.012364e+01,1.987792e+01,1.988495e+01,1.944823e+01,1.941293e+01,1.942705e+01,1.908756e+01,1.900960e+01,1.916546e+01,1.906630e+01,1.920085e+01,1.951880e+01,1.955407e+01,1.952586e+01,1.967388e+01,1.970909e+01,1.953996e+01,1.967388e+01,1.965274e+01,1.959637e+01,1.939881e+01,1.937055e+01,1.897414e+01,1.886059e+01,1.881797e+01,1.858326e+01,1.845500e+01,1.854053e+01,1.849064e+01,1.851915e+01,1.844074e+01,1.841934e+01,1.846213e+01,1.851203e+01,1.850490e+01,1.846926e+01,1.848352e+01,1.848352e+01,1.840508e+01,1.836227e+01,1.844787e+01,1.841221e+01,1.841934e+01,1.862598e+01,1.846926e+01,1.846213e+01,1.845500e+01,1.839081e+01,1.845500e+01,1.849064e+01,1.846926e+01,1.837654e+01,1.849064e+01,1.842648e+01,1.835513e+01,1.836227e+01,1.836940e+01,1.834799e+01,1.839081e+01,1.823372e+01,1.821228e+01,1.824801e+01,1.811216e+01,1.824801e+01,1.829801e+01,1.821228e+01,1.812647e+01,1.826230e+01,1.826230e+01,1.821228e+01,1.827659e+01,1.824801e+01,1.829087e+01,1.832658e+01,1.840508e+01,1.841221e+01,1.839794e+01,1.843361e+01,1.862598e+01,1.851915e+01,1.867579e+01,1.862598e+01,1.856902e+01,1.877534e+01,1.881797e+01,1.882508e+01,1.883928e+01,1.886059e+01,1.905213e+01,1.909464e+01,1.911590e+01,1.922208e+01,1.936349e+01,1.933522e+01,1.939174e+01,1.947647e+01,1.944118e+01,1.972317e+01,1.980058e+01,2.000437e+01,2.006753e+01,2.019373e+01,2.036176e+01,2.032678e+01,2.045964e+01,2.059932e+01,2.052252e+01,2.048759e+01,2.051554e+01,2.054347e+01,2.050157e+01,2.055743e+01,2.055743e+01,2.063420e+01,2.050855e+01,2.053649e+01,2.049458e+01,2.030578e+01,2.033377e+01,2.034077e+01,2.029178e+01,2.027078e+01,2.005350e+01,2.022176e+01,2.024277e+01,2.001841e+01,2.006051e+01,2.011663e+01,1.989901e+01,1.990604e+01,1.960342e+01,1.958227e+01,1.957522e+01,1.946941e+01,1.949764e+01,1.941293e+01,1.943411e+01,1.913006e+01,1.908047e+01,1.905922e+01,1.893157e+01,1.902378e+01,1.881797e+01,1.892448e+01,1.890318e+01,1.879666e+01,1.879666e+01,1.876823e+01,1.876823e+01,1.885349e+01,1.873269e+01,1.883218e+01,1.883218e+01,1.883928e+01,1.891028e+01,1.898832e+01,1.901669e+01,1.913714e+01,1.934936e+01,1.944823e+01,1.943411e+01,1.982168e+01,1.985683e+01,1.988495e+01,2.011663e+01,2.030578e+01,2.034077e+01,2.055045e+01,2.052252e+01,2.066211e+01,2.056442e+01,2.071091e+01,2.073182e+01,2.080150e+01,2.071789e+01,2.073879e+01,2.075273e+01,2.077363e+01,2.076667e+01,2.079453e+01,2.078757e+01,2.079453e+01,2.078060e+01,2.082239e+01,2.085024e+01,2.062723e+01,2.079453e+01,2.080150e+01,2.082239e+01,2.077363e+01,2.077363e+01,2.071789e+01,2.070394e+01,2.062025e+01,2.056442e+01,2.053649e+01,2.049458e+01,2.048759e+01,2.057140e+01,2.043868e+01,2.043169e+01,2.059932e+01,2.047362e+01,2.050855e+01,2.040372e+01,2.053649e+01,2.041770e+01,2.057838e+01,2.054347e+01,2.052252e+01,2.058536e+01,2.058536e+01,2.060629e+01,2.055045e+01,2.038274e+01,2.055045e+01,2.034077e+01,2.029878e+01,2.031978e+01,2.025677e+01,2.007454e+01,2.015869e+01,1.997628e+01,1.993414e+01,1.992711e+01,1.974428e+01,1.961047e+01,1.964570e+01,1.956112e+01,1.971613e+01,1.978650e+01,1.983574e+01,1.984277e+01,1.988495e+01,1.986386e+01,1.992009e+01,1.985683e+01,1.958932e+01,1.948352e+01,1.922208e+01,1.909464e+01,1.898123e+01,1.868290e+01,1.876823e+01,1.856190e+01,1.850490e+01,1.836940e+01,1.814793e+01,1.809069e+01,1.786142e+01,1.771786e+01,1.791162e+01,1.793313e+01,1.794029e+01,1.791879e+01,1.795463e+01,1.810501e+01,1.837654e+01,1.839081e+01,1.846926e+01,1.859038e+01,1.878245e+01,1.886769e+01,1.889609e+01,1.885349e+01,1.873269e+01,1.876112e+01,1.878245e+01,1.861886e+01,1.858326e+01,1.846213e+01,1.838367e+01,1.843361e+01,1.838367e+01,1.839081e+01,1.832658e+01,1.836940e+01,1.833372e+01,1.835513e+01,1.825516e+01,1.828373e+01,1.826944e+01,1.814078e+01,1.823372e+01,1.811932e+01,1.829801e+01,1.841221e+01,1.834799e+01,1.834085e+01,1.835513e+01,1.836940e+01,1.838367e+01,1.839794e+01,1.859038e+01,1.875401e+01,1.875401e+01,1.881087e+01,1.887479e+01,1.888899e+01,1.926452e+01,1.925038e+01,1.922208e+01,1.936349e+01,1.922916e+01,1.925038e+01,1.944118e+01,1.934936e+01,1.939881e+01,1.931402e+01,1.929988e+01,1.944118e+01,1.947647e+01,1.959637e+01,1.970205e+01,2.005350e+01,2.014467e+01,2.033377e+01,2.017271e+01,2.024277e+01,2.006753e+01,2.029178e+01,2.030578e+01,2.051554e+01,2.060629e+01,2.062723e+01,2.078060e+01,2.085024e+01,2.084328e+01,2.051554e+01,2.103107e+01,2.105192e+01,2.089200e+01,2.090592e+01,2.098937e+01,2.086416e+01,2.081543e+01,2.083632e+01,2.083632e+01,2.090592e+01,2.090592e+01,2.095461e+01,2.105887e+01,2.094070e+01,2.101023e+01,2.091287e+01,2.094765e+01,2.096156e+01,2.092679e+01,2.094070e+01,2.085024e+01,2.083632e+01,2.087112e+01,2.084328e+01,2.075273e+01,2.075970e+01,2.065513e+01,2.074576e+01,2.080846e+01,2.083632e+01,2.078757e+01,2.068303e+01,2.058536e+01,2.073182e+01,2.054347e+01,2.073879e+01,2.082935e+01,2.083632e+01,2.094070e+01,2.105192e+01,2.101718e+01,2.104497e+01,2.111443e+01,2.128786e+01,2.132252e+01,2.134330e+01
1.916546e+01,1.921501e+01,1.941293e+01,1.956817e+01,1.983574e+01,1.977243e+01,1.977243e+01,1.987792e+01,1.967388e+01,1.979354e+01,1.956112e+01,1.961047e+01,1.956112e+01,1.961047e+01,1.967388e+01,1.959637e+01,1.946235e+01,1.957522e+01,1.946941e+01,1.927867e+01,1.935642e+01,1.922916e+01,1.918670e+01,1.911590e+01,1.900960e+01,1.930695e+01,1.902378e+01,1.898832e+01,1.902378e+01,1.882508e+01,1.891738e+01,1.901669e+01,1.896704e+01,1.922208e+01,1.918670e+01,1.909464e+01,1.915130e+01,1.915838e+01,1.907339e+01,1.929988e+01,1.917962e+01,1.926452e+01,1.932109e+01,1.938468e+01,1.941999e+01,1.927160e+01,1.921501e+01,1.934229e+01,1.933522e+01,1.926452e+01,1.944118e+01,1.953996e+01,1.975132e+01,1.975132e+01,1.996926e+01,1.993414e+01,1.996926e+01,1.992711e+01,2.011663e+01,1.999735e+01,1.970909e+01,1.960342e+01,1.939174e+01,1.926452e+01,1.932815e+01,1.927867e+01,1.934936e+01,1.951175e+01,1.935642e+01,1.937762e+01,1.949058e+01,1.954701e+01,1.957522e+01,1.969500e+01,1.980761e+01,1.990604e+01,2.001841e+01,1.992009e+01,1.978650e+01,1.999735e+01,2.000437e+01,1.997628e+01,1.994819e+01,1.989198e+01,1.994117e+01,1.979354e+01,1.976540e+01,1.958932e+01,1.968092e+01,1.962456e+01,1.965274e+01,1.965979e+01,1.966683e+01,1.962456e+01,1.967388e+01,1.962456e+01,1.963865e+01,1.968796e+01,1.979354e+01,1.978650e+01,1.969500e+01,1.980761e+01,1.944118e+01,1.944118e+01,1.939881e+01,1.950469e+01,1.945529e+01,1.947647e+01,1.947647e+01,1.949764e+01,1.944118e+01,1.948352e+01,1.944823e+01,1.946941e+01,1.950469e+01,1.956817e+01,1.953996e+01,1.977947e+01,1.932109e+01,1.941999e+01,1.940587e+01,1.925038e+01,1.907339e+01,1.903795e+01,1.889609e+01,1.875401e+01,1.856190e+01,1.859038e+01,1.852628e+01,1.828373e+01,1.854765e+01,1.833372e+01,1.841934e+01,1.829801e+01,1.844787e+01,1.846926e+01,1.854765e+01,1.857614e+01,1.854053e+01,1.859750e+01,1.893157e+01,1.889609e+01,1.895995e+01,1.898123e+01,1.896704e+01,1.898123e+01,1.893867e+01,1.896704e+01,1.896704e+01,1.903087e+01,1.898832e+01,1.895995e+01,1.903087e+01,1.906630e+01,1.904504e+01,1.913006e+01,1.895995e+01,1.907339e+01,1.922208e+01,1.917254e+01,1.924331e+01,1.924331e+01,1.932109e+01,1.941999e+01,1.940587e+01,1.951880e+01,1.944823e+01,1.946235e+01,1.941999e+01,1.940587e+01,1.944118e+01,1.947647e+01,1.944823e+01,1.944823e+01,1.943411e+01,1.955407e+01,1.963161e+01,1.973725e+01,1.971613e+01,1.975836e+01,1.975836e+01,1.970205e+01,1.972317e+01,1.979354e+01,1.973021e+01,1.976540e+01,1.980058e+01,1.991306e+01,1.997628e+01,2.001841e+01,2.005350e+01,2.003244e+01,2.006753e+01,2.007454e+01,2.014467e+01,2.033377e+01,2.022176e+01,2.031278e+01,2.017972e+01,2.026378e+01,2.014467e+01,1.996224e+01,1.975836e+01,1.958227e+01,1.957522e+01,1.938468e+01,1.938468e+01,1.939881e+01,1.937762e+01,1.935642e+01,1.940587e+01,1.932815e+01,1.944118e+01,1.939881e+01,1.956817e+01,1.946235e+01,1.966683e+01,1.956817e+01,1.975836e+01,1.980058e+01,1.977243e+01,1.996926e+01,2.010260e+01,2.008857e+01,2.031278e+01,2.034777e+01,2.035476e+01,2.030578e+01,2.022876e+01,2.020074e+01,2.029878e+01,2.041770e+01,2.047362e+01,2.040372e+01,2.034077e+01,2.039673e+01,2.039673e+01,2.062723e+01,2.051554e+01,2.045964e+01,2.045266e+01,2.050855e+01,2.047362e+01,2.048759e+01,2.050157e+01,2.050157e+01,2.048061e+01,2.055743e+01,2.056442e+01,2.046663e+01,2.063420e+01,2.069000e+01,2.057140e+01,2.060629e+01,2.074576e+01,2.071789e+01,2.071091e+01,2.082239e+01,2.089200e+01,2.070394e+01,2.078757e+01,2.071789e+01,2.069697e+01,2.036176e+01,2.044567e+01,2.035476e+01,2.009559e+01,1.990604e+01,1.972317e+01,1.941293e+01,1.940587e+01,1.922208e+01,1.908047e+01,1.928574e+01,1.934936e+01,1.939174e+01,1.961047e+01,1.968092e+01,1.970909e+01,1.977947e+01,1.962456e+01,1.977947e+01,1.967388e+01,1.969500e+01,1.952586e+01,1.965274e+01,1.931402e+01,1.920793e+01,1.898832e+01,1.881087e+01,1.874691e+01,1.869713e+01,1.852628e+01,1.854765e+01,1.853340e+01,1.856190e+01,1.854053e+01,1.847639e+01,1.846213e+01,1.852628e+01,1.844074e+01,1.853340e+01,1.844787e+01,1.839794e+01,1.844074e+01,1.838367e+01,1.839081e+01,1.840508e+01,1.847639e+01,1.842648e+01,1.849064e+01,1.846926e+01,1.850490e+01,1.845500e+01,1.841221e+01,1.847639e+01,1.838367e+01,1.843361e+01,1.835513e+01,1.844787e+01,1.831944e+01,1.838367e+01,1.834799e+01,1.829801e+01,1.841934e+01,1.825516e+01,1.830515e+01,1.829087e+01,1.828373e+01,1.825516e+01,1.810501e+01,1.819798e+01,1.826230e+01,1.813362e+01,1.814078e+01,1.821228e+01,1.826230e+01,1.839794e+01,1.839794e+01,1.841221e+01,1.848352e+01,1.841221e+01,1.843361e+01,1.849064e+01,1.866156e+01,1.868290e+01,1.859750e+01,1.874691e+01,1.897414e+01,1.885349e+01,1.886769e+01,1.890318e+01,1.907339e+01,1.909464e+01,1.922916e+01,1.915130e+01,1.922916e+01,1.931402e+01,1.937762e+01,1.938468e+01,1.939881e+01,1.950469e+01,1.982871e+01,1.986386e+01,1.983574e+01,1.999735e+01,2.009559e+01,2.022176e+01,2.046663e+01,2.053649e+01,2.053649e+01,2.056442e+01,2.059234e+01,2.050855e+01,2.052252e+01,2.055045e+01,2.050855e+01,2.055045e+01,2.055045e+01,2.031278e+01,2.036875e+01,2.036176e+01,2.038974e+01,2.010260e+01,2.025677e+01,2.015168e+01,2.027078e+01,2.022876e+01,2.006051e+01,2.011663e+01,2.015168e+01,2.004648e+01,1.994117e+01,1.975132e+01,1.978650e+01,1.968092e+01,1.960342e+01,1.960342e+01,1.952586e+01,1.931402e+01,1.939174e+01,1.935642e+01,1.907339e+01,1.910881e+01,1.908047e+01,1.902378e+01,1.887479e+01,1.893867e+01,1.886769e+01,1.880376e+01,1.881797e+01,1.878245e+01,1.877534e+01,1.883928e+01,1.877534e+01,1.901669e+01,1.876823e+01,1.876112e+01,1.896704e+01,1.898123e+01,1.894576e+01,1.919378e+01,1.917962e+01,1.917962e+01,1.949764e+01,1.946235e+01,1.963865e+01,1.977243e+01,2.003946e+01,2.019373e+01,2.016570e+01,2.033377e+01,2.038974e+01,2.048759e+01,2.071789e+01,2.071789e+01,2.071789e+01,2.070394e+01,2.080846e+01,2.094765e+01,2.091983e+01,2.071091e+01,2.078757e+01,2.079453e+01,2.080150e+01,2.081543e+01,2.076667e+01,2.075970e+01,2.082935e+01,2.077363e+01,2.087112e+01,2.086416e+01,2.080150e+01,2.078757e+01,2.078757e+01,2.078060e+01,2.075273e+01,2.075273e+01,2.078757e+01,2.062723e+01,2.056442e+01,2.063420e+01,2.048759e+01,2.026378e+01,2.052950e+01,2.057838e+01,2.057140e+01,2.055743e+01,2.055045e+01,2.059234e+01,2.055743e+01,2.091287e+01,2.057838e+01,2.057838e+01,2.066211e+01,2.064118e+01,2.055743e+01,2.053649e+01,2.061327e+01,2.041071e+01,2.053649e+01,2.041071e+01,2.015168e+01,2.037575e+01,2.038274e+01,2.015869e+01,2.015869e+01,1.999033e+01,1.976540e+01,2.000437e+01,1.994819e+01,1.984980e+01,1.982871e+01,1.985683e+01,1.983574e+01,1.999735e+01,1.985683e+01,2.003946e+01,1.994117e+01,1.987792e+01,1.992009e+01,1.967388e+01,1.951175e+01,1.932109e+01,1.942705e+01,1.913714e+01,1.896704e+01,1.875401e+01,1.873980e+01,1.861174e+01,1.854053e+01,1.825516e+01,1.821228e+01,1.806207e+01,1.768912e+01,1.769630e+01,1.761004e+01,1.767474e+01,1.794029e+01,1.797613e+01,1.794746e+01,1.799045e+01,1.832658e+01,1.841221e+01,1.844074e+01,1.845500e+01,1.840508e+01,1.859038e+01,1.883218e+01,1.855477e+01,1.886769e+01,1.881797e+01,1.864021e+01,1.863309e+01,1.850490e+01,1.859038e+01,1.868290e+01,1.844074e+01,1.839081e+01,1.839081e+01,1.849064e+01,1.837654e+01,1.839794e+01,1.832658e+01,1.834799e+01,1.821943e+01,1.826230e+01,1.822657e+01,1.816223e+01,1.836227e+01,1.836227e+01,1.835513e+01,1.831944e+01,1.838367e+01,1.834799e+01,1.836940e+01,1.851915e+01,1.875401e+01,1.839081e+01,1.876823e+01,1.876112e+01,1.882508e+01,1.890318e+01,1.893157e+01,1.893157e+01,1.925038e+01,1.923623e+01,1.922916e+01,1.925038e+01,1.938468e+01,1.929988e+01,1.937055e+01,1.936349e+01,1.939174e+01,1.953291e+01,1.941999e+01,1.952586e+01,1.956817e+01,1.970205e+01,1.998330e+01,2.037575e+01,2.035476e+01,2.051554e+01,2.045964e+01,2.031978e+01,2.044567e+01,2.038274e+01,2.048061e+01,2.052950e+01,2.059234e+01,2.069000e+01,2.088504e+01,2.082935e+01,2.087808e+01,2.082935e+01,2.085720e+01,2.106581e+01,2.088504e+01,2.090592e+01,2.100327e+01,2.092679e+01,2.087112e+01,2.086416e+01,2.094070e+01,2.091983e+01,2.103107e+01,2.098937e+01,2.082239e+01,2.108665e+01,2.088504e+01,2.095461e+01,2.103802e+01,2.096852e+01,2.101023e+01,2.096156e+01,2.085024e+01,2.095461e+01,2.081543e+01,2.101718e+01,2.069000e+01,2.089200e+01,2.089200e+01,2.082239e+01,2.105192e+01,2.077363e+01,2.076667e+01,2.073182e+01,2.073879e+01,2.075273e+01,2.081543e+01,2.085024e+01,2.082239e+01,2.103107e+01,2.106581e+01,2.102413e+01,2.121159e+01,2.113526e+01,2.144024e+01,2.162003e+01,2.139178e+01
1.917254e+01,1.939881e+01,1.941293e+01,1.984980e+01,1.981464e+01,2.008857e+01,1.989901e+01,1.988495e+01,1.984277e+01,1.970205e+01,1.977243e+01,1.955407e+01,1.980058e+01,1.949764e+01,1.961751e+01,1.953996e+01,1.948352e+01,1.945529e+01,1.933522e+01,1.927160e+01,1.933522e+01,1.917962e+01,1.907339e+01,1.897414e+01,1.894576e+01,1.907339e+01,1.899541e+01,1.900960e+01,1.874691e+01,1.893157e+01,1.871847e+01,1.886769e+01,1.886059e+01,1.911590e+01,1.908047e+01,1.911590e+01,1.903795e+01,1.904504e+01,1.904504e+01,1.906630e+01,1.919378e+01,1.917254e+01,1.933522e+01,1.923623e+01,1.925745e+01,1.937055e+01,1.937055e+01,1.931402e+01,1.954701e+01,1.939881e+01,1.944118e+01,1.955407e+01,1.949058e+01,1.956112e+01,1.954701e+01,1.991306e+01,2.001841e+01,1.998330e+01,1.993414e+01,1.991306e+01,1.981464e+01,1.968796e+01,1.968092e+01,1.947647e+01,1.929988e+01,1.953291e+01,1.949764e+01,1.953291e+01,1.939174e+01,1.955407e+01,1.956112e+01,1.963865e+01,1.962456e+01,1.978650e+01,1.972317e+01,1.982871e+01,1.977243e+01,1.991306e+01,1.977947e+01,1.989198e+01,1.970205e+01,1.996224e+01,1.995521e+01,1.960342e+01,1.977243e+01,1.960342e+01,1.963865e+01,1.964570e+01,1.962456e+01,1.968796e+01,1.960342e+01,1.957522e+01,1.949058e+01,1.954701e+01,1.954701e+01,1.960342e+01,1.966683e+01,1.957522e+01,1.965274e+01,1.967388e+01,1.952586e+01,1.953996e+01,1.944118e+01,1.951175e+01,1.941293e+01,1.940587e+01,1.944823e+01,1.946941e+01,1.951175e+01,1.949058e+01,1.946235e+01,1.947647e+01,1.949764e+01,1.942705e+01,1.940587e+01,1.940587e+01,1.940587e+01,1.927867e+01,1.927160e+01,1.927867e+01,1.927160e+01,1.895286e+01,1.908756e+01,1.886059e+01,1.872558e+01,1.870424e+01,1.862598e+01,1.854053e+01,1.848352e+01,1.844074e+01,1.829087e+01,1.844787e+01,1.850490e+01,1.847639e+01,1.851203e+01,1.846213e+01,1.878245e+01,1.882508e+01,1.884638e+01,1.897414e+01,1.887479e+01,1.896704e+01,1.903795e+01,1.921501e+01,1.922208e+01,1.907339e+01,1.899541e+01,1.903795e+01,1.904504e+01,1.895286e+01,1.900960e+01,1.895286e+01,1.896704e+01,1.908756e+01,1.901669e+01,1.904504e+01,1.917962e+01,1.918670e+01,1.903087e+01,1.917254e+01,1.922208e+01,1.923623e+01,1.923623e+01,1.922916e+01,1.943411e+01,1.943411e+01,1.936349e+01,1.941293e+01,1.941999e+01,1.951175e+01,1.939174e+01,1.942705e+01,1.945529e+01,1.954701e+01,1.956817e+01,1.958227e+01,1.974428e+01,1.977947e+01,1.977243e+01,1.977947e+01,1.984277e+01,1.972317e+01,1.969500e+01,1.973725e+01,1.977947e+01,1.975132e+01,1.975836e+01,1.982871e+01,1.970909e+01,2.000437e+01,1.999735e+01,2.004648e+01,2.019373e+01,2.036176e+01,2.024977e+01,2.024277e+01,2.018673e+01,2.029178e+01,2.022176e+01,2.027778e+01,1.995521e+01,1.984277e+01,1.978650e+01,1.951880e+01,1.949764e+01,1.935642e+01,1.953996e+01,1.937055e+01,1.932109e+01,1.932109e+01,1.939174e+01,1.937055e+01,1.939881e+01,1.929988e+01,1.950469e+01,1.956817e+01,1.955407e+01,1.958932e+01,1.958227e+01,1.957522e+01,1.975836e+01,1.976540e+01,1.990604e+01,1.999033e+01,2.003244e+01,2.020774e+01,2.003244e+01,2.020074e+01,2.003244e+01,2.008857e+01,2.021475e+01,2.024277e+01,2.022176e+01,2.034777e+01,2.034777e+01,2.050855e+01,2.042470e+01,2.055743e+01,2.035476e+01,2.049458e+01,2.045964e+01,2.047362e+01,2.053649e+01,2.052252e+01,2.048061e+01,2.053649e+01,2.043169e+01,2.048061e+01,2.048061e+01,2.054347e+01,2.052950e+01,2.052252e+01,2.059932e+01,2.052252e+01,2.058536e+01,2.056442e+01,2.075970e+01,2.042470e+01,2.079453e+01,2.084328e+01,2.069000e+01,2.070394e+01,2.045964e+01,2.045266e+01,2.039673e+01,2.035476e+01,2.013766e+01,1.989198e+01,1.984980e+01,1.963161e+01,1.940587e+01,1.946235e+01,1.937055e+01,1.944823e+01,1.937055e+01,1.949058e+01,1.977243e+01,1.976540e+01,1.972317e+01,1.979354e+01,1.995521e+01,1.995521e+01,1.992711e+01,1.971613e+01,1.970909e+01,1.950469e+01,1.933522e+01,1.914422e+01,1.907339e+01,1.892448e+01,1.876823e+01,1.851203e+01,1.860462e+01,1.851203e+01,1.850490e+01,1.855477e+01,1.853340e+01,1.846213e+01,1.849064e+01,1.853340e+01,1.846926e+01,1.844787e+01,1.842648e+01,1.838367e+01,1.841221e+01,1.836227e+01,1.833372e+01,1.845500e+01,1.846926e+01,1.851915e+01,1.844074e+01,1.839794e+01,1.839794e+01,1.845500e+01,1.834799e+01,1.838367e+01,1.831944e+01,1.841221e+01,1.835513e+01,1.833372e+01,1.831230e+01,1.838367e+01,1.839081e+01,1.825516e+01,1.826944e+01,1.826230e+01,1.831230e+01,1.829801e+01,1.813362e+01,1.812647e+01,1.811932e+01,1.812647e+01,1.820513e+01,1.819798e+01,1.825516e+01,1.824801e+01,1.824087e+01,1.827659e+01,1.826230e+01,1.836227e+01,1.826944e+01,1.824801e+01,1.841221e+01,1.842648e+01,1.854765e+01,1.864021e+01,1.861886e+01,1.880376e+01,1.884638e+01,1.890318e+01,1.888899e+01,1.889609e+01,1.893867e+01,1.902378e+01,1.910173e+01,1.919378e+01,1.917254e+01,1.925038e+01,1.934936e+01,1.939881e+01,1.940587e+01,1.950469e+01,1.969500e+01,1.953291e+01,1.961751e+01,1.993414e+01,1.994117e+01,2.021475e+01,2.040372e+01,2.035476e+01,2.040372e+01,2.059932e+01,2.062723e+01,2.062723e+01,2.053649e+01,2.038974e+01,2.048061e+01,2.055743e+01,2.027778e+01,2.017972e+01,2.024977e+01,2.019373e+01,2.029878e+01,2.013766e+01,2.003946e+01,2.003244e+01,2.003946e+01,2.014467e+01,2.007454e+01,1.992009e+01,1.984980e+01,1.987792e+01,1.983574e+01,1.963161e+01,1.964570e+01,1.958932e+01,1.961751e+01,1.963161e+01,1.947647e+01,1.943411e+01,1.915130e+01,1.913714e+01,1.911590e+01,1.904504e+01,1.894576e+01,1.896704e+01,1.894576e+01,1.891738e+01,1.895286e+01,1.884638e+01,1.880376e+01,1.876112e+01,1.893157e+01,1.880376e+01,1.876823e+01,1.880376e+01,1.895286e+01,1.893867e+01,1.884638e+01,1.879666e+01,1.898832e+01,1.899541e+01,1.908756e+01,1.921501e+01,1.932109e+01,1.934936e+01,1.956112e+01,1.977947e+01,1.996926e+01,2.010961e+01,2.013065e+01,2.024977e+01,2.034077e+01,2.034777e+01,2.040372e+01,2.046663e+01,2.065513e+01,2.056442e+01,2.071789e+01,2.073879e+01,2.070394e+01,2.072486e+01,2.072486e+01,2.079453e+01,2.074576e+01,2.083632e+01,2.077363e+01,2.080150e+01,2.083632e+01,2.082239e+01,2.086416e+01,2.079453e+01,2.084328e+01,2.078757e+01,2.082935e+01,2.087808e+01,2.075273e+01,2.080846e+01,2.076667e+01,2.062723e+01,2.055743e+01,2.045266e+01,2.047362e+01,2.040372e+01,2.042470e+01,2.054347e+01,2.078757e+01,2.083632e+01,2.062025e+01,2.080846e+01,2.073182e+01,2.077363e+01,2.073879e+01,2.066908e+01,2.073879e+01,2.070394e+01,2.057140e+01,2.061327e+01,2.053649e+01,2.064816e+01,2.059234e+01,2.047362e+01,2.048759e+01,2.029178e+01,2.020774e+01,2.032678e+01,2.026378e+01,1.998330e+01,1.999033e+01,2.011663e+01,1.999735e+01,1.986386e+01,1.994117e+01,1.985683e+01,2.002542e+01,2.010260e+01,2.007454e+01,2.003946e+01,2.006051e+01,1.985683e+01,1.969500e+01,1.951175e+01,1.949764e+01,1.929281e+01,1.900251e+01,1.898123e+01,1.893157e+01,1.886769e+01,1.859750e+01,1.857614e+01,1.843361e+01,1.831944e+01,1.807638e+01,1.798329e+01,1.799045e+01,1.789011e+01,1.772504e+01,1.778249e+01,1.776095e+01,1.801194e+01,1.794746e+01,1.805490e+01,1.821943e+01,1.833372e+01,1.834085e+01,1.832658e+01,1.851203e+01,1.855477e+01,1.863309e+01,1.864021e+01,1.857614e+01,1.858326e+01,1.862598e+01,1.865444e+01,1.860462e+01,1.860462e+01,1.861886e+01,1.860462e+01,1.834799e+01,1.838367e+01,1.859038e+01,1.839081e+01,1.831944e+01,1.831944e+01,1.833372e+01,1.826230e+01,1.826944e+01,1.820513e+01,1.822657e+01,1.824801e+01,1.831230e+01,1.836227e+01,1.827659e+01,1.842648e+01,1.844074e+01,1.836940e+01,1.849777e+01,1.844787e+01,1.843361e+01,1.874691e+01,1.873269e+01,1.878245e+01,1.886769e+01,1.882508e+01,1.908756e+01,1.907339e+01,1.909464e+01,1.913006e+01,1.915838e+01,1.924331e+01,1.949058e+01,1.941999e+01,1.944823e+01,1.946941e+01,1.946941e+01,1.953996e+01,1.955407e+01,1.943411e+01,1.965979e+01,1.983574e+01,2.010961e+01,2.035476e+01,2.041071e+01,2.058536e+01,2.044567e+01,2.048061e+01,2.036176e+01,2.058536e+01,2.048759e+01,2.059932e+01,2.062025e+01,2.085024e+01,2.092679e+01,2.084328e+01,2.087808e+01,2.088504e+01,2.090592e+01,2.087112e+01,2.094765e+01,2.091287e+01,2.091983e+01,2.089200e+01,2.103107e+01,2.091287e+01,2.091287e+01,2.091983e+01,2.087112e+01,2.089200e+01,2.105192e+01,2.104497e+01,2.087808e+01,2.091983e+01,2.085720e+01,2.092679e+01,2.085024e+01,2.083632e+01,2.099632e+01,2.080150e+01,2.078757e+01,2.089896e+01,2.070394e+01,2.078757e+01,2.079453e+01,2.087112e+01,2.079453e+01,2.085720e+01,2.084328e+01,2.081543e+01,2.080150e+01,2.094765e+01,2.082239e+01,2.111443e+01,2.105192e+01,2.117690e+01,2.114914e+01,2.119078e+01,2.117690e+01,2.139871e+01,2.156474e+01,2.141948e+01
1.938468e+01,1.932815e+01,1.961751e+01,2.007454e+01,2.007454e+01,2.015869e+01,2.015869e+01,2.012364e+01,2.006753e+01,1.984277e+01,1.983574e+01,1.959637e+01,1.956112e+01,1.960342e+01,1.970909e+01,1.934936e+01,1.949764e+01,1.948352e+01,1.925038e+01,1.925745e+01,1.925745e+01,1.917254e+01,1.913714e+01,1.900251e+01,1.891028e+01,1.906630e+01,1.894576e+01,1.900960e+01,1.881087e+01,1.880376e+01,1.876823e+01,1.866867e+01,1.870424e+01,1.883218e+01,1.894576e+01,1.905922e+01,1.913006e+01,1.913006e+01,1.913006e+01,1.929988e+01,1.925745e+01,1.915838e+01,1.914422e+01,1.920085e+01,1.920793e+01,1.911590e+01,1.913006e+01,1.930695e+01,1.927160e+01,1.950469e+01,1.937055e+01,1.945529e+01,1.953291e+01,1.946235e+01,1.957522e+01,1.965274e+01,1.966683e+01,1.981464e+01,1.994117e+01,1.996926e+01,1.975836e+01,1.973725e+01,1.945529e+01,1.957522e+01,1.958932e+01,1.950469e+01,1.942705e+01,1.943411e+01,1.962456e+01,1.956817e+01,1.944118e+01,1.958932e+01,1.957522e+01,1.975836e+01,1.975132e+01,1.962456e+01,1.977243e+01,1.976540e+01,1.984277e+01,1.978650e+01,1.959637e+01,1.969500e+01,1.963865e+01,1.961047e+01,1.956112e+01,1.965274e+01,1.970205e+01,1.953291e+01,1.960342e+01,1.951880e+01,1.948352e+01,1.959637e+01,1.963865e+01,1.945529e+01,1.942705e+01,1.956112e+01,1.969500e+01,1.940587e+01,1.968796e+01,1.963161e+01,1.949058e+01,1.958227e+01,1.950469e+01,1.939881e+01,1.941999e+01,1.941293e+01,1.941999e+01,1.948352e+01,1.932815e+01,1.933522e+01,1.941293e+01,1.946235e+01,1.942705e+01,1.925745e+01,1.948352e+01,1.925745e+01,1.925745e+01,1.929281e+01,1.924331e+01,1.908047e+01,1.926452e+01,1.906630e+01,1.887479e+01,1.905922e+01,1.883218e+01,1.871847e+01,1.868290e+01,1.853340e+01,1.854053e+01,1.851915e+01,1.854053e+01,1.856902e+01,1.862598e+01,1.864021e+01,1.891028e+01,1.883218e+01,1.903795e+01,1.917962e+01,1.929988e+01,1.906630e+01,1.913714e+01,1.935642e+01,1.915838e+01,1.926452e+01,1.901669e+01,1.915838e+01,1.898123e+01,1.900251e+01,1.903087e+01,1.905922e+01,1.905922e+01,1.895995e+01,1.898123e+01,1.900251e+01,1.908047e+01,1.906630e+01,1.914422e+01,1.898832e+01,1.915838e+01,1.914422e+01,1.918670e+01,1.932815e+01,1.939174e+01,1.941999e+01,1.927867e+01,1.944823e+01,1.946235e+01,1.940587e+01,1.935642e+01,1.934936e+01,1.941293e+01,1.949058e+01,1.939881e+01,1.948352e+01,1.963161e+01,1.957522e+01,1.970909e+01,1.985683e+01,1.974428e+01,1.981464e+01,1.976540e+01,1.968796e+01,1.968092e+01,1.973021e+01,1.967388e+01,1.966683e+01,1.973725e+01,1.968796e+01,1.983574e+01,2.007454e+01,2.007454e+01,2.006051e+01,2.015869e+01,2.012364e+01,2.021475e+01,2.040372e+01,2.026378e+01,2.029878e+01,2.029178e+01,2.022176e+01,1.984277e+01,1.987090e+01,1.987090e+01,1.973021e+01,1.946941e+01,1.931402e+01,1.928574e+01,1.934936e+01,1.922916e+01,1.929988e+01,1.934229e+01,1.943411e+01,1.944823e+01,1.953291e+01,1.944118e+01,1.953996e+01,1.963161e+01,1.951175e+01,1.956817e+01,1.957522e+01,1.961047e+01,1.976540e+01,1.973725e+01,1.993414e+01,1.992009e+01,1.982871e+01,2.008857e+01,1.988495e+01,1.989901e+01,1.991306e+01,2.021475e+01,2.005350e+01,2.034077e+01,2.017972e+01,2.032678e+01,2.051554e+01,2.041770e+01,2.050855e+01,2.050855e+01,2.047362e+01,2.032678e+01,2.047362e+01,2.048061e+01,2.050855e+01,2.036176e+01,2.048061e+01,2.044567e+01,2.045266e+01,2.048061e+01,2.048759e+01,2.050157e+01,2.056442e+01,2.055743e+01,2.048759e+01,2.045266e+01,2.057838e+01,2.041770e+01,2.052950e+01,2.040372e+01,2.060629e+01,2.059234e+01,2.060629e+01,2.063420e+01,2.064118e+01,2.041071e+01,2.030578e+01,2.027778e+01,2.010961e+01,1.987090e+01,1.967388e+01,1.961047e+01,1.942705e+01,1.941999e+01,1.939174e+01,1.941293e+01,1.967388e+01,1.969500e+01,1.958227e+01,1.965979e+01,1.967388e+01,1.989901e+01,2.006753e+01,1.989198e+01,1.973725e+01,1.976540e+01,1.965979e+01,1.941293e+01,1.934936e+01,1.910173e+01,1.896704e+01,1.871135e+01,1.871847e+01,1.870424e+01,1.855477e+01,1.849064e+01,1.847639e+01,1.841221e+01,1.854053e+01,1.838367e+01,1.843361e+01,1.840508e+01,1.842648e+01,1.842648e+01,1.838367e+01,1.838367e+01,1.837654e+01,1.839081e+01,1.836940e+01,1.838367e+01,1.833372e+01,1.831944e+01,1.831230e+01,1.838367e+01,1.834799e+01,1.836940e+01,1.844074e+01,1.839081e+01,1.829801e+01,1.831944e+01,1.837654e+01,1.826230e+01,1.829801e+01,1.834799e+01,1.841221e+01,1.831230e+01,1.826944e+01,1.828373e+01,1.821228e+01,1.822657e+01,1.819083e+01,1.828373e+01,1.812647e+01,1.821228e+01,1.802627e+01,1.821943e+01,1.826230e+01,1.821228e+01,1.816938e+01,1.835513e+01,1.817653e+01,1.841221e+01,1.841221e+01,1.840508e+01,1.839794e+01,1.844074e+01,1.862598e+01,1.854765e+01,1.866156e+01,1.872558e+01,1.890318e+01,1.890318e+01,1.892448e+01,1.892448e+01,1.895995e+01,1.915838e+01,1.916546e+01,1.918670e+01,1.929988e+01,1.927867e+01,1.933522e+01,1.934229e+01,1.946235e+01,1.945529e+01,1.961751e+01,1.965979e+01,1.984277e+01,1.984277e+01,2.017271e+01,2.023577e+01,2.033377e+01,2.051554e+01,2.077363e+01,2.055045e+01,2.052950e+01,2.042470e+01,2.036875e+01,2.038274e+01,2.035476e+01,2.020074e+01,2.010961e+01,2.015168e+01,2.011663e+01,1.992711e+01,2.015168e+01,2.006051e+01,2.005350e+01,2.002542e+01,1.981464e+01,1.982871e+01,1.984980e+01,1.982871e+01,1.980058e+01,1.956817e+01,1.956817e+01,1.956112e+01,1.939881e+01,1.939881e+01,1.928574e+01,1.924331e+01,1.913006e+01,1.910881e+01,1.917254e+01,1.910881e+01,1.906630e+01,1.893867e+01,1.890318e+01,1.888899e+01,1.885349e+01,1.877534e+01,1.878955e+01,1.880376e+01,1.878245e+01,1.883218e+01,1.876112e+01,1.887479e+01,1.890318e+01,1.899541e+01,1.875401e+01,1.889609e+01,1.894576e+01,1.895995e+01,1.890318e+01,1.915838e+01,1.914422e+01,1.935642e+01,1.932815e+01,1.949764e+01,1.957522e+01,1.973725e+01,2.002542e+01,2.010961e+01,2.016570e+01,2.030578e+01,2.043868e+01,2.052950e+01,2.051554e+01,2.049458e+01,2.059932e+01,2.051554e+01,2.068303e+01,2.055045e+01,2.074576e+01,2.075970e+01,2.075970e+01,2.079453e+01,2.073879e+01,2.078060e+01,2.079453e+01,2.082239e+01,2.078757e+01,2.087112e+01,2.078060e+01,2.081543e+01,2.081543e+01,2.084328e+01,2.077363e+01,2.078757e+01,2.079453e+01,2.083632e+01,2.067605e+01,2.071789e+01,2.050157e+01,2.032678e+01,2.041770e+01,2.052950e+01,2.073182e+01,2.082935e+01,2.084328e+01,2.083632e+01,2.062025e+01,2.066211e+01,2.077363e+01,2.072486e+01,2.073879e+01,2.076667e+01,2.068303e+01,2.073879e+01,2.073879e+01,2.068303e+01,2.078757e+01,2.072486e+01,2.060629e+01,2.061327e+01,2.045964e+01,2.035476e+01,2.034777e+01,2.038274e+01,2.022876e+01,1.998330e+01,2.021475e+01,1.996926e+01,1.996224e+01,1.998330e+01,1.992711e+01,2.003946e+01,2.003946e+01,2.005350e+01,2.010260e+01,1.988495e+01,1.988495e+01,1.986386e+01,1.963161e+01,1.948352e+01,1.939174e+01,1.915838e+01,1.893867e+01,1.878245e+01,1.856902e+01,1.856902e+01,1.844787e+01,1.836227e+01,1.829801e+01,1.819083e+01,1.799762e+01,1.798329e+01,1.775377e+01,1.772504e+01,1.773222e+01,1.774659e+01,1.795463e+01,1.803343e+01,1.814078e+01,1.853340e+01,1.836227e+01,1.860462e+01,1.850490e+01,1.841934e+01,1.858326e+01,1.859038e+01,1.862598e+01,1.860462e+01,1.859038e+01,1.860462e+01,1.861886e+01,1.860462e+01,1.859038e+01,1.851203e+01,1.860462e+01,1.854053e+01,1.841934e+01,1.839794e+01,1.840508e+01,1.832658e+01,1.831230e+01,1.832658e+01,1.826230e+01,1.826230e+01,1.821228e+01,1.817653e+01,1.824087e+01,1.820513e+01,1.827659e+01,1.825516e+01,1.830515e+01,1.834085e+01,1.847639e+01,1.841221e+01,1.836227e+01,1.873980e+01,1.857614e+01,1.876112e+01,1.874691e+01,1.889609e+01,1.881087e+01,1.906630e+01,1.901669e+01,1.910173e+01,1.916546e+01,1.931402e+01,1.934936e+01,1.934936e+01,1.936349e+01,1.947647e+01,1.948352e+01,1.947647e+01,1.937055e+01,1.953996e+01,1.946941e+01,1.957522e+01,1.974428e+01,1.992009e+01,2.038974e+01,2.048759e+01,2.051554e+01,2.068303e+01,2.058536e+01,2.060629e+01,2.059932e+01,2.059932e+01,2.052252e+01,2.062723e+01,2.071091e+01,2.092679e+01,2.086416e+01,2.082935e+01,2.098937e+01,2.091983e+01,2.093374e+01,2.087112e+01,2.087112e+01,2.096156e+01,2.089200e+01,2.099632e+01,2.089896e+01,2.091983e+01,2.085024e+01,2.098242e+01,2.056442e+01,2.089896e+01,2.106581e+01,2.083632e+01,2.084328e+01,2.097547e+01,2.082935e+01,2.090592e+01,2.083632e+01,2.087112e+01,2.078757e+01,2.090592e+01,2.078060e+01,2.091287e+01,2.069697e+01,2.078060e+01,2.078757e+01,2.081543e+01,2.080846e+01,2.082935e+01,2.083632e+01,2.074576e+01,2.083632e+01,2.088504e+01,2.096156e+01,2.094070e+01,2.089896e+01,2.116996e+01,2.123240e+01,2.144024e+01,2.135023e+01,2.142640e+01,2.138486e+01
1.936349e+01,1.984277e+01,1.968796e+01,2.012364e+01,2.017972e+01,2.029178e+01,2.031278e+01,2.007454e+01,2.003946e+01,1.989198e+01,1.975132e+01,1.956817e+01,1.961751e+01,1.949058e+01,1.940587e+01,1.950469e+01,1.948352e+01,1.945529e+01,1.927160e+01,1.924331e+01,1.918670e+01,1.912298e+01,1.897414e+01,1.900960e+01,1.888189e+01,1.891028e+01,1.904504e+01,1.887479e+01,1.873980e+01,1.880376e+01,1.873269e+01,1.876823e+01,1.865444e+01,1.882508e+01,1.883928e+01,1.893157e+01,1.912298e+01,1.911590e+01,1.914422e+01,1.909464e+01,1.903795e+01,1.930695e+01,1.920085e+01,1.922208e+01,1.923623e+01,1.910881e+01,1.923623e+01,1.928574e+01,1.937762e+01,1.928574e+01,1.937762e+01,1.927160e+01,1.939174e+01,1.957522e+01,1.958227e+01,1.956112e+01,1.998330e+01,1.972317e+01,1.977243e+01,1.994819e+01,1.965274e+01,1.973021e+01,1.962456e+01,1.958227e+01,1.970205e+01,1.956817e+01,1.955407e+01,1.956817e+01,1.948352e+01,1.947647e+01,1.954701e+01,1.959637e+01,1.959637e+01,1.978650e+01,1.974428e+01,1.971613e+01,1.974428e+01,1.962456e+01,1.961751e+01,1.974428e+01,1.972317e+01,1.959637e+01,1.967388e+01,1.951880e+01,1.958932e+01,1.952586e+01,1.947647e+01,1.963161e+01,1.956112e+01,1.952586e+01,1.950469e+01,1.951880e+01,1.950469e+01,1.941999e+01,1.970909e+01,1.946941e+01,1.954701e+01,1.956817e+01,1.951175e+01,1.963161e+01,1.939881e+01,1.957522e+01,1.942705e+01,1.940587e+01,1.940587e+01,1.939174e+01,1.945529e+01,1.937055e+01,1.942705e+01,1.934936e+01,1.934229e+01,1.932109e+01,1.935642e+01,1.927160e+01,1.925038e+01,1.938468e+01,1.925038e+01,1.925745e+01,1.922916e+01,1.916546e+01,1.908047e+01,1.902378e+01,1.934936e+01,1.900960e+01,1.905922e+01,1.905213e+01,1.908047e+01,1.884638e+01,1.873980e+01,1.895286e+01,1.895995e+01,1.903795e+01,1.895995e+01,1.923623e+01,1.903087e+01,1.932109e+01,1.933522e+01,1.946941e+01,1.934936e+01,1.946235e+01,1.955407e+01,1.929988e+01,1.935642e+01,1.925038e+01,1.921501e+01,1.905922e+01,1.910881e+01,1.903795e+01,1.900251e+01,1.902378e+01,1.897414e+01,1.896704e+01,1.897414e+01,1.897414e+01,1.905922e+01,1.908047e+01,1.922916e+01,1.914422e+01,1.904504e+01,1.919378e+01,1.918670e+01,1.916546e+01,1.934229e+01,1.929988e+01,1.946235e+01,1.938468e+01,1.946235e+01,1.946235e+01,1.939174e+01,1.939881e+01,1.939174e+01,1.949764e+01,1.941999e+01,1.959637e+01,1.956817e+01,1.979354e+01,1.990604e+01,1.979354e+01,1.975836e+01,1.982871e+01,1.965979e+01,1.965979e+01,1.963161e+01,1.970909e+01,1.968796e+01,1.974428e+01,1.969500e+01,1.973021e+01,1.976540e+01,1.979354e+01,2.007454e+01,2.005350e+01,2.006753e+01,2.038974e+01,2.029178e+01,2.052252e+01,2.028478e+01,2.038974e+01,2.026378e+01,2.021475e+01,2.002542e+01,1.982168e+01,1.973021e+01,1.951175e+01,1.946941e+01,1.949764e+01,1.949764e+01,1.943411e+01,1.938468e+01,1.920085e+01,1.936349e+01,1.927160e+01,1.944118e+01,1.954701e+01,1.950469e+01,1.934936e+01,1.955407e+01,1.951880e+01,1.949764e+01,1.963161e+01,1.956817e+01,1.961751e+01,1.968796e+01,1.986386e+01,1.987090e+01,1.974428e+01,1.988495e+01,1.976540e+01,1.996926e+01,1.983574e+01,1.993414e+01,1.999735e+01,2.002542e+01,2.022876e+01,2.016570e+01,2.036875e+01,2.036176e+01,2.045964e+01,2.048759e+01,2.034777e+01,2.039673e+01,2.045964e+01,2.050157e+01,2.044567e+01,2.051554e+01,2.043868e+01,2.045266e+01,2.047362e+01,2.049458e+01,2.042470e+01,2.052252e+01,2.047362e+01,2.041770e+01,2.042470e+01,2.042470e+01,2.041071e+01,2.057140e+01,2.052252e+01,2.050157e+01,2.062025e+01,2.058536e+01,2.064118e+01,2.060629e+01,2.052950e+01,2.042470e+01,2.044567e+01,2.029178e+01,2.015168e+01,2.015869e+01,1.990604e+01,1.963865e+01,1.964570e+01,1.968796e+01,1.945529e+01,1.944823e+01,1.973725e+01,1.987090e+01,1.996224e+01,1.978650e+01,1.994819e+01,1.995521e+01,2.008857e+01,1.997628e+01,2.003946e+01,1.976540e+01,1.960342e+01,1.946235e+01,1.931402e+01,1.910173e+01,1.905213e+01,1.876823e+01,1.870424e+01,1.869713e+01,1.860462e+01,1.847639e+01,1.844074e+01,1.851203e+01,1.849777e+01,1.841934e+01,1.849777e+01,1.835513e+01,1.844787e+01,1.837654e+01,1.842648e+01,1.838367e+01,1.842648e+01,1.833372e+01,1.834799e+01,1.830515e+01,1.834085e+01,1.834085e+01,1.831944e+01,1.838367e+01,1.836940e+01,1.845500e+01,1.849064e+01,1.834799e+01,1.839794e+01,1.834085e+01,1.839081e+01,1.850490e+01,1.822657e+01,1.831230e+01,1.826230e+01,1.824087e+01,1.826944e+01,1.826230e+01,1.818369e+01,1.816223e+01,1.824087e+01,1.811932e+01,1.809069e+01,1.809785e+01,1.809069e+01,1.818369e+01,1.831230e+01,1.820513e+01,1.823372e+01,1.828373e+01,1.829087e+01,1.831944e+01,1.835513e+01,1.842648e+01,1.839794e+01,1.863309e+01,1.864021e+01,1.863309e+01,1.866156e+01,1.869713e+01,1.876112e+01,1.887479e+01,1.873980e+01,1.891738e+01,1.907339e+01,1.905922e+01,1.905922e+01,1.902378e+01,1.907339e+01,1.904504e+01,1.902378e+01,1.937762e+01,1.951175e+01,1.950469e+01,1.964570e+01,1.982871e+01,1.986386e+01,2.002542e+01,1.989901e+01,2.013065e+01,2.048061e+01,2.044567e+01,2.066211e+01,2.048061e+01,2.049458e+01,2.049458e+01,2.049458e+01,2.020774e+01,2.029878e+01,2.012364e+01,2.006753e+01,2.003946e+01,1.994117e+01,2.002542e+01,1.994117e+01,2.003244e+01,1.983574e+01,1.979354e+01,1.973725e+01,1.968796e+01,1.968796e+01,1.977243e+01,1.953996e+01,1.954701e+01,1.935642e+01,1.941293e+01,1.931402e+01,1.939174e+01,1.933522e+01,1.930695e+01,1.923623e+01,1.917962e+01,1.898832e+01,1.898832e+01,1.907339e+01,1.895995e+01,1.890318e+01,1.885349e+01,1.882508e+01,1.871135e+01,1.882508e+01,1.875401e+01,1.876112e+01,1.885349e+01,1.897414e+01,1.877534e+01,1.886059e+01,1.873269e+01,1.891738e+01,1.874691e+01,1.891028e+01,1.898123e+01,1.886769e+01,1.893157e+01,1.910881e+01,1.903087e+01,1.933522e+01,1.941999e+01,1.956817e+01,1.968796e+01,1.962456e+01,1.996926e+01,2.015869e+01,2.019373e+01,2.026378e+01,2.050157e+01,2.056442e+01,2.052252e+01,2.052252e+01,2.054347e+01,2.050157e+01,2.063420e+01,2.070394e+01,2.072486e+01,2.078060e+01,2.073182e+01,2.075970e+01,2.071091e+01,2.085024e+01,2.080846e+01,2.071789e+01,2.074576e+01,2.074576e+01,2.074576e+01,2.089200e+01,2.075970e+01,2.093374e+01,2.075970e+01,2.071789e+01,2.066211e+01,2.063420e+01,2.062025e+01,2.049458e+01,2.044567e+01,2.047362e+01,2.068303e+01,2.083632e+01,2.061327e+01,2.062025e+01,2.079453e+01,2.079453e+01,2.069000e+01,2.074576e+01,2.078757e+01,2.079453e+01,2.075273e+01,2.066908e+01,2.074576e+01,2.072486e+01,2.083632e+01,2.084328e+01,2.083632e+01,2.074576e+01,2.071789e+01,2.073182e+01,2.069000e+01,2.065513e+01,2.057140e+01,2.032678e+01,2.023577e+01,2.018673e+01,2.013065e+01,2.004648e+01,2.013065e+01,2.021475e+01,2.017271e+01,2.017271e+01,2.010260e+01,1.996926e+01,1.995521e+01,1.979354e+01,1.957522e+01,1.965979e+01,1.925745e+01,1.939174e+01,1.924331e+01,1.893867e+01,1.900960e+01,1.874691e+01,1.852628e+01,1.838367e+01,1.858326e+01,1.832658e+01,1.830515e+01,1.821228e+01,1.806922e+01,1.778249e+01,1.764599e+01,1.757408e+01,1.759566e+01,1.803343e+01,1.836227e+01,1.831230e+01,1.856190e+01,1.848352e+01,1.864021e+01,1.856190e+01,1.852628e+01,1.855477e+01,1.864021e+01,1.856902e+01,1.861886e+01,1.861174e+01,1.859750e+01,1.868290e+01,1.849064e+01,1.850490e+01,1.858326e+01,1.856190e+01,1.854053e+01,1.844787e+01,1.856190e+01,1.839794e+01,1.839794e+01,1.829801e+01,1.829087e+01,1.818369e+01,1.834085e+01,1.831230e+01,1.837654e+01,1.830515e+01,1.827659e+01,1.832658e+01,1.824087e+01,1.820513e+01,1.829801e+01,1.826230e+01,1.837654e+01,1.839081e+01,1.836227e+01,1.870424e+01,1.858326e+01,1.877534e+01,1.874691e+01,1.893867e+01,1.891738e+01,1.879666e+01,1.912298e+01,1.910173e+01,1.910881e+01,1.926452e+01,1.932109e+01,1.951880e+01,1.947647e+01,1.948352e+01,1.944823e+01,1.949058e+01,1.937762e+01,1.944823e+01,1.943411e+01,1.973725e+01,1.996224e+01,2.037575e+01,2.052950e+01,2.066211e+01,2.069000e+01,2.075970e+01,2.052950e+01,2.054347e+01,2.072486e+01,2.057838e+01,2.057838e+01,2.070394e+01,2.079453e+01,2.087808e+01,2.112831e+01,2.092679e+01,2.093374e+01,2.085720e+01,2.097547e+01,2.087112e+01,2.088504e+01,2.089200e+01,2.096852e+01,2.103107e+01,2.089200e+01,2.100327e+01,2.099632e+01,2.103802e+01,2.088504e+01,2.097547e+01,2.104497e+01,2.078757e+01,2.091287e+01,2.080846e+01,2.084328e+01,2.087808e+01,2.075970e+01,2.082935e+01,2.078060e+01,2.074576e+01,2.079453e+01,2.082935e+01,2.071091e+01,2.089200e+01,2.070394e+01,2.082239e+01,2.078060e+01,2.071789e+01,2.080846e+01,2.092679e+01,2.068303e+01,2.101023e+01,2.112831e+01,2.116302e+01,2.131559e+01,2.114914e+01,2.135715e+01,2.136408e+01,2.135023e+01,2.133637e+01
1.963161e+01,1.963865e+01,2.003946e+01,2.007454e+01,2.027078e+01,2.036875e+01,2.029178e+01,2.027078e+01,2.010260e+01,2.001139e+01,1.977243e+01,1.957522e+01,1.948352e+01,1.949764e+01,1.949764e+01,1.949764e+01,1.946941e+01,1.943411e+01,1.922916e+01,1.925038e+01,1.903087e+01,1.900251e+01,1.905213e+01,1.888899e+01,1.892448e+01,1.901669e+01,1.881797e+01,1.873980e+01,1.878245e+01,1.876112e+01,1.868290e+01,1.881087e+01,1.879666e+01,1.881087e+01,1.880376e+01,1.905213e+01,1.891028e+01,1.904504e+01,1.914422e+01,1.913714e+01,1.903087e+01,1.915838e+01,1.915130e+01,1.918670e+01,1.918670e+01,1.919378e+01,1.926452e+01,1.918670e+01,1.932815e+01,1.930695e+01,1.937762e+01,1.928574e+01,1.944823e+01,1.941293e+01,1.943411e+01,1.958932e+01,1.961751e+01,1.965274e+01,1.969500e+01,1.982168e+01,1.974428e+01,1.974428e+01,1.958227e+01,1.955407e+01,1.960342e+01,1.961751e+01,1.958227e+01,1.950469e+01,1.964570e+01,1.951175e+01,1.951175e+01,1.947647e+01,1.958932e+01,1.960342e+01,1.963865e+01,1.963161e+01,1.963161e+01,1.966683e+01,1.964570e+01,1.958227e+01,1.967388e+01,1.960342e+01,1.952586e+01,1.946941e+01,1.946941e+01,1.952586e+01,1.958227e+01,1.947647e+01,1.951175e+01,1.947647e+01,1.949764e+01,1.956112e+01,1.951880e+01,1.937055e+01,1.942705e+01,1.941293e+01,1.941999e+01,1.941293e+01,1.936349e+01,1.942705e+01,1.953291e+01,1.951880e+01,1.953291e+01,1.952586e+01,1.939881e+01,1.941293e+01,1.938468e+01,1.930695e+01,1.938468e+01,1.931402e+01,1.939174e+01,1.929988e+01,1.927160e+01,1.935642e+01,1.917254e+01,1.925038e+01,1.913714e+01,1.910881e+01,1.908047e+01,1.910173e+01,1.898832e+01,1.895286e+01,1.921501e+01,1.905922e+01,1.909464e+01,1.932109e+01,1.909464e+01,1.915130e+01,1.907339e+01,1.898832e+01,1.904504e+01,1.905922e+01,1.930695e+01,1.935642e+01,1.934229e+01,1.965979e+01,1.964570e+01,1.967388e+01,1.970205e+01,1.944118e+01,1.931402e+01,1.933522e+01,1.932815e+01,1.934936e+01,1.932815e+01,1.905922e+01,1.908047e+01,1.901669e+01,1.894576e+01,1.908756e+01,1.897414e+01,1.895995e+01,1.898123e+01,1.902378e+01,1.888899e+01,1.898832e+01,1.912298e+01,1.910881e+01,1.922916e+01,1.920085e+01,1.930695e+01,1.932109e+01,1.952586e+01,1.950469e+01,1.945529e+01,1.946941e+01,1.934229e+01,1.943411e+01,1.942705e+01,1.949058e+01,1.963865e+01,1.939174e+01,1.949764e+01,1.972317e+01,1.958227e+01,1.977947e+01,1.977243e+01,1.989901e+01,1.984980e+01,1.983574e+01,1.965274e+01,1.975132e+01,1.970205e+01,1.972317e+01,1.977947e+01,1.968796e+01,1.985683e+01,1.979354e+01,1.980761e+01,1.989901e+01,2.006753e+01,2.013065e+01,2.016570e+01,2.029878e+01,2.027778e+01,2.036176e+01,2.031978e+01,2.023577e+01,2.034777e+01,2.021475e+01,2.015168e+01,1.995521e+01,1.979354e+01,1.970909e+01,1.949058e+01,1.954701e+01,1.948352e+01,1.956112e+01,1.944118e+01,1.938468e+01,1.942705e+01,1.954701e+01,1.942705e+01,1.950469e+01,1.940587e+01,1.935642e+01,1.939174e+01,1.947647e+01,1.949764e+01,1.951175e+01,1.951175e+01,1.950469e+01,1.956817e+01,1.953996e+01,1.959637e+01,1.979354e+01,1.971613e+01,1.977947e+01,1.973725e+01,1.986386e+01,1.971613e+01,1.989198e+01,1.985683e+01,2.006753e+01,2.018673e+01,2.034777e+01,2.035476e+01,2.045964e+01,2.035476e+01,2.041071e+01,2.043169e+01,2.037575e+01,2.039673e+01,2.047362e+01,2.058536e+01,2.048061e+01,2.042470e+01,2.041071e+01,2.044567e+01,2.052252e+01,2.048759e+01,2.046663e+01,2.040372e+01,2.045266e+01,2.045266e+01,2.050157e+01,2.036875e+01,2.036176e+01,2.045964e+01,2.041071e+01,2.055743e+01,2.050157e+01,2.048061e+01,2.041770e+01,2.033377e+01,2.042470e+01,2.028478e+01,2.022876e+01,2.010260e+01,1.996224e+01,1.993414e+01,1.965979e+01,1.962456e+01,1.984277e+01,1.977243e+01,1.984277e+01,1.975132e+01,1.974428e+01,1.985683e+01,2.003946e+01,2.006051e+01,2.023577e+01,2.009559e+01,2.008857e+01,1.994117e+01,1.977243e+01,1.948352e+01,1.936349e+01,1.925038e+01,1.907339e+01,1.893867e+01,1.872558e+01,1.871135e+01,1.854765e+01,1.858326e+01,1.841221e+01,1.850490e+01,1.841934e+01,1.841221e+01,1.840508e+01,1.836940e+01,1.847639e+01,1.837654e+01,1.833372e+01,1.836227e+01,1.846926e+01,1.839794e+01,1.844787e+01,1.841934e+01,1.836940e+01,1.829087e+01,1.829801e+01,1.836227e+01,1.831944e+01,1.839081e+01,1.829087e+01,1.834799e+01,1.829801e+01,1.830515e+01,1.830515e+01,1.810501e+01,1.831944e+01,1.817653e+01,1.801910e+01,1.833372e+01,1.822657e+01,1.822657e+01,1.819083e+01,1.821228e+01,1.816938e+01,1.816223e+01,1.812647e+01,1.816938e+01,1.818369e+01,1.816938e+01,1.812647e+01,1.822657e+01,1.814793e+01,1.815508e+01,1.809785e+01,1.825516e+01,1.828373e+01,1.843361e+01,1.842648e+01,1.841221e+01,1.844787e+01,1.859038e+01,1.860462e+01,1.860462e+01,1.863309e+01,1.875401e+01,1.888189e+01,1.884638e+01,1.878955e+01,1.891028e+01,1.901669e+01,1.901669e+01,1.897414e+01,1.905922e+01,1.914422e+01,1.932109e+01,1.918670e+01,1.936349e+01,1.952586e+01,1.941293e+01,1.949764e+01,1.977947e+01,2.005350e+01,2.013766e+01,2.020074e+01,2.041770e+01,2.041071e+01,2.047362e+01,2.025677e+01,2.015168e+01,2.020774e+01,2.024977e+01,2.008857e+01,2.007454e+01,2.006753e+01,1.990604e+01,1.997628e+01,1.982168e+01,1.975836e+01,1.985683e+01,1.983574e+01,1.977243e+01,1.948352e+01,1.968796e+01,1.955407e+01,1.956817e+01,1.954701e+01,1.940587e+01,1.930695e+01,1.929281e+01,1.937762e+01,1.926452e+01,1.930695e+01,1.924331e+01,1.914422e+01,1.913714e+01,1.902378e+01,1.896704e+01,1.897414e+01,1.895995e+01,1.886769e+01,1.885349e+01,1.885349e+01,1.879666e+01,1.875401e+01,1.876823e+01,1.879666e+01,1.862598e+01,1.886769e+01,1.863309e+01,1.886769e+01,1.881087e+01,1.890318e+01,1.881087e+01,1.889609e+01,1.886059e+01,1.883928e+01,1.885349e+01,1.895995e+01,1.908756e+01,1.910881e+01,1.931402e+01,1.939174e+01,1.945529e+01,1.960342e+01,2.001139e+01,2.004648e+01,2.017271e+01,2.026378e+01,2.031978e+01,2.045266e+01,2.048759e+01,2.049458e+01,2.050855e+01,2.045266e+01,2.050157e+01,2.045964e+01,2.064816e+01,2.082239e+01,2.062025e+01,2.069000e+01,2.072486e+01,2.070394e+01,2.082935e+01,2.073879e+01,2.084328e+01,2.074576e+01,2.073182e+01,2.069000e+01,2.091287e+01,2.087808e+01,2.064118e+01,2.064816e+01,2.061327e+01,2.060629e+01,2.028478e+01,2.034077e+01,2.042470e+01,2.050855e+01,2.068303e+01,2.082239e+01,2.066908e+01,2.079453e+01,2.078757e+01,2.080846e+01,2.080846e+01,2.105887e+01,2.073879e+01,2.082239e+01,2.078060e+01,2.086416e+01,2.075970e+01,2.074576e+01,2.074576e+01,2.085720e+01,2.081543e+01,2.073879e+01,2.083632e+01,2.071091e+01,2.071789e+01,2.073879e+01,2.070394e+01,2.055743e+01,2.023577e+01,2.043169e+01,2.031278e+01,2.016570e+01,2.005350e+01,2.020074e+01,2.020774e+01,2.006753e+01,2.013766e+01,2.006051e+01,1.986386e+01,1.982871e+01,1.963865e+01,1.955407e+01,1.919378e+01,1.932815e+01,1.902378e+01,1.903087e+01,1.888189e+01,1.876112e+01,1.847639e+01,1.838367e+01,1.841221e+01,1.844787e+01,1.846926e+01,1.844074e+01,1.834085e+01,1.806207e+01,1.783990e+01,1.761004e+01,1.779684e+01,1.804775e+01,1.824801e+01,1.834085e+01,1.841221e+01,1.841934e+01,1.871135e+01,1.849777e+01,1.834085e+01,1.856902e+01,1.862598e+01,1.869002e+01,1.856190e+01,1.859750e+01,1.857614e+01,1.861174e+01,1.854765e+01,1.860462e+01,1.856902e+01,1.849064e+01,1.857614e+01,1.860462e+01,1.844074e+01,1.834799e+01,1.838367e+01,1.819083e+01,1.829087e+01,1.829087e+01,1.826944e+01,1.829087e+01,1.828373e+01,1.826944e+01,1.834799e+01,1.838367e+01,1.823372e+01,1.823372e+01,1.841934e+01,1.839794e+01,1.834085e+01,1.834085e+01,1.849777e+01,1.848352e+01,1.854765e+01,1.856190e+01,1.875401e+01,1.871135e+01,1.888189e+01,1.910881e+01,1.908756e+01,1.918670e+01,1.920793e+01,1.926452e+01,1.948352e+01,1.939174e+01,1.949058e+01,1.947647e+01,1.944118e+01,1.953996e+01,1.952586e+01,1.964570e+01,1.963865e+01,1.964570e+01,1.985683e+01,2.022176e+01,2.044567e+01,2.069697e+01,2.057838e+01,2.065513e+01,2.073879e+01,2.058536e+01,2.075273e+01,2.069000e+01,2.062025e+01,2.073879e+01,2.076667e+01,2.086416e+01,2.097547e+01,2.087112e+01,2.097547e+01,2.096156e+01,2.090592e+01,2.087808e+01,2.089896e+01,2.087112e+01,2.094070e+01,2.103107e+01,2.104497e+01,2.091287e+01,2.103802e+01,2.087808e+01,2.097547e+01,2.081543e+01,2.094070e+01,2.079453e+01,2.099632e+01,2.082239e+01,2.096852e+01,2.091287e+01,2.080846e+01,2.081543e+01,2.085024e+01,2.095461e+01,2.115608e+01,2.082935e+01,2.074576e+01,2.069000e+01,2.091983e+01,2.090592e+01,2.082935e+01,2.080150e+01,2.069000e+01,2.069000e+01,2.091983e+01,2.091287e+01,2.103107e+01,2.112831e+01,2.126013e+01,2.130865e+01,2.129479e+01,2.146792e+01,2.130173e+01,2.135023e+01
1.981464e+01,2.002542e+01,2.024277e+01,2.031978e+01,2.048759e+01,2.034777e+01,2.022176e+01,2.024277e+01,2.013766e+01,1.977947e+01,1.987090e+01,1.963161e+01,1.956817e+01,1.960342e+01,1.943411e+01,1.934936e+01,1.923623e+01,1.927160e+01,1.922916e+01,1.921501e+01,1.919378e+01,1.910173e+01,1.910173e+01,1.886769e+01,1.890318e+01,1.889609e+01,1.877534e+01,1.873980e+01,1.876823e+01,1.881087e+01,1.869002e+01,1.876112e+01,1.891028e+01,1.887479e+01,1.887479e+01,1.890318e+01,1.891028e+01,1.905922e+01,1.908047e+01,1.922208e+01,1.913006e+01,1.908756e+01,1.912298e+01,1.914422e+01,1.922916e+01,1.919378e+01,1.915838e+01,1.920085e+01,1.922916e+01,1.940587e+01,1.916546e+01,1.929988e+01,1.927160e+01,1.946235e+01,1.953996e+01,1.949764e+01,1.950469e+01,1.963865e+01,1.966683e+01,1.968796e+01,1.968796e+01,1.970909e+01,1.956112e+01,1.958932e+01,1.968092e+01,1.960342e+01,1.961751e+01,1.982168e+01,1.961047e+01,1.950469e+01,1.957522e+01,1.961047e+01,1.959637e+01,1.951880e+01,1.959637e+01,1.949764e+01,1.953291e+01,1.962456e+01,1.977243e+01,1.951880e+01,1.956112e+01,1.964570e+01,1.963161e+01,1.964570e+01,1.943411e+01,1.950469e+01,1.961751e+01,1.962456e+01,1.948352e+01,1.946235e+01,1.949058e+01,1.948352e+01,1.940587e+01,1.949764e+01,1.940587e+01,1.941999e+01,1.941999e+01,1.943411e+01,1.946941e+01,1.946235e+01,1.952586e+01,1.959637e+01,1.953996e+01,1.945529e+01,1.936349e+01,1.939881e+01,1.929281e+01,1.938468e+01,1.936349e+01,1.939174e+01,1.936349e+01,1.946941e+01,1.935642e+01,1.932815e+01,1.932109e+01,1.926452e+01,1.918670e+01,1.918670e+01,1.922208e+01,1.915838e+01,1.921501e+01,1.917962e+01,1.908047e+01,1.938468e+01,1.947647e+01,1.943411e+01,1.953291e+01,1.928574e+01,1.927160e+01,1.915130e+01,1.934936e+01,1.938468e+01,1.961751e+01,1.982871e+01,1.983574e+01,1.987792e+01,1.986386e+01,1.977947e+01,1.985683e+01,1.967388e+01,1.962456e+01,1.970909e+01,1.933522e+01,1.934229e+01,1.922916e+01,1.908047e+01,1.908047e+01,1.904504e+01,1.900960e+01,1.898123e+01,1.895286e+01,1.897414e+01,1.897414e+01,1.899541e+01,1.900251e+01,1.903087e+01,1.908756e+01,1.927867e+01,1.934936e+01,1.956817e+01,1.965274e+01,1.965979e+01,1.964570e+01,1.970909e+01,1.970909e+01,1.975836e+01,1.948352e+01,1.943411e+01,1.945529e+01,1.947647e+01,1.965979e+01,1.971613e+01,1.970909e+01,1.969500e+01,1.976540e+01,1.978650e+01,1.992711e+01,1.982168e+01,1.992009e+01,2.009559e+01,2.006051e+01,1.984980e+01,2.013065e+01,1.976540e+01,1.979354e+01,1.987090e+01,2.004648e+01,1.986386e+01,1.984277e+01,2.004648e+01,2.020074e+01,2.020774e+01,2.030578e+01,2.034077e+01,2.035476e+01,2.051554e+01,2.051554e+01,2.036176e+01,2.032678e+01,2.032678e+01,2.009559e+01,2.001841e+01,1.980058e+01,1.973021e+01,1.965979e+01,1.962456e+01,1.954701e+01,1.949764e+01,1.945529e+01,1.955407e+01,1.963161e+01,1.946235e+01,1.955407e+01,1.949764e+01,1.947647e+01,1.944823e+01,1.935642e+01,1.938468e+01,1.938468e+01,1.949058e+01,1.946941e+01,1.949764e+01,1.948352e+01,1.961751e+01,1.956817e+01,1.965274e+01,1.963865e+01,1.984277e+01,1.969500e+01,1.975132e+01,1.986386e+01,2.017271e+01,2.007454e+01,2.011663e+01,2.008857e+01,2.036176e+01,2.038274e+01,2.037575e+01,2.038974e+01,2.048759e+01,2.048759e+01,2.041770e+01,2.043169e+01,2.039673e+01,2.041071e+01,2.038274e+01,2.046663e+01,2.047362e+01,2.044567e+01,2.044567e+01,2.038974e+01,2.052252e+01,2.051554e+01,2.039673e+01,2.040372e+01,2.034777e+01,2.049458e+01,2.040372e+01,2.034777e+01,2.041071e+01,2.046663e+01,2.053649e+01,2.043868e+01,2.036875e+01,2.040372e+01,2.030578e+01,2.024977e+01,2.017972e+01,2.028478e+01,2.019373e+01,1.998330e+01,1.987792e+01,1.990604e+01,1.982168e+01,1.989901e+01,1.983574e+01,1.980761e+01,1.977243e+01,1.975836e+01,1.994819e+01,2.013065e+01,2.015168e+01,2.021475e+01,2.021475e+01,1.994819e+01,1.989901e+01,1.937762e+01,1.935642e+01,1.925038e+01,1.910881e+01,1.894576e+01,1.871847e+01,1.873269e+01,1.869002e+01,1.850490e+01,1.850490e+01,1.844074e+01,1.845500e+01,1.841934e+01,1.841934e+01,1.845500e+01,1.840508e+01,1.843361e+01,1.842648e+01,1.846926e+01,1.846926e+01,1.845500e+01,1.842648e+01,1.840508e+01,1.834085e+01,1.827659e+01,1.833372e+01,1.836940e+01,1.831944e+01,1.829087e+01,1.832658e+01,1.829087e+01,1.834085e+01,1.824087e+01,1.812647e+01,1.839081e+01,1.835513e+01,1.839794e+01,1.835513e+01,1.819083e+01,1.818369e+01,1.819083e+01,1.819083e+01,1.816938e+01,1.819798e+01,1.814078e+01,1.816938e+01,1.819083e+01,1.808354e+01,1.821228e+01,1.816223e+01,1.810501e+01,1.810501e+01,1.811932e+01,1.809785e+01,1.831944e+01,1.823372e+01,1.836940e+01,1.843361e+01,1.846926e+01,1.856190e+01,1.858326e+01,1.849064e+01,1.861174e+01,1.860462e+01,1.873980e+01,1.878245e+01,1.878245e+01,1.892448e+01,1.895286e+01,1.895995e+01,1.902378e+01,1.900960e+01,1.908047e+01,1.923623e+01,1.919378e+01,1.910881e+01,1.937762e+01,1.937762e+01,1.962456e+01,1.969500e+01,1.982168e+01,2.015168e+01,2.012364e+01,2.023577e+01,2.032678e+01,2.036875e+01,2.045266e+01,2.036176e+01,2.038274e+01,2.015168e+01,2.013065e+01,2.009559e+01,2.005350e+01,1.975836e+01,1.975132e+01,1.977243e+01,1.975132e+01,1.975132e+01,1.969500e+01,1.966683e+01,1.946235e+01,1.963865e+01,1.959637e+01,1.946941e+01,1.945529e+01,1.939881e+01,1.929281e+01,1.944118e+01,1.935642e+01,1.925038e+01,1.915838e+01,1.913006e+01,1.907339e+01,1.904504e+01,1.894576e+01,1.894576e+01,1.897414e+01,1.890318e+01,1.894576e+01,1.883218e+01,1.888189e+01,1.881797e+01,1.878245e+01,1.883218e+01,1.876823e+01,1.880376e+01,1.875401e+01,1.884638e+01,1.881797e+01,1.881087e+01,1.884638e+01,1.887479e+01,1.890318e+01,1.892448e+01,1.893157e+01,1.894576e+01,1.892448e+01,1.891738e+01,1.904504e+01,1.903795e+01,1.934229e+01,1.936349e+01,1.944823e+01,1.945529e+01,1.993414e+01,2.003946e+01,2.014467e+01,2.024977e+01,2.035476e+01,2.048061e+01,2.048061e+01,2.046663e+01,2.050157e+01,2.050157e+01,2.061327e+01,2.064816e+01,2.066211e+01,2.076667e+01,2.073182e+01,2.066211e+01,2.068303e+01,2.066211e+01,2.068303e+01,2.066908e+01,2.075970e+01,2.074576e+01,2.085720e+01,2.073182e+01,2.067605e+01,2.056442e+01,2.071789e+01,2.034777e+01,2.027078e+01,2.024277e+01,2.031978e+01,2.013065e+01,2.032678e+01,2.068303e+01,2.069000e+01,2.071091e+01,2.084328e+01,2.083632e+01,2.078060e+01,2.072486e+01,2.082239e+01,2.085720e+01,2.081543e+01,2.080846e+01,2.079453e+01,2.075970e+01,2.077363e+01,2.073182e+01,2.090592e+01,2.079453e+01,2.077363e+01,2.075970e+01,2.087808e+01,2.091287e+01,2.087112e+01,2.080846e+01,2.086416e+01,2.082239e+01,2.071091e+01,2.056442e+01,2.063420e+01,2.041770e+01,2.038274e+01,2.023577e+01,2.023577e+01,2.014467e+01,2.009559e+01,1.984277e+01,1.980761e+01,1.968092e+01,1.951880e+01,1.948352e+01,1.965274e+01,1.920085e+01,1.913006e+01,1.883928e+01,1.898832e+01,1.879666e+01,1.861886e+01,1.856190e+01,1.851203e+01,1.857614e+01,1.861174e+01,1.864733e+01,1.866156e+01,1.844787e+01,1.828373e+01,1.786142e+01,1.799762e+01,1.799045e+01,1.825516e+01,1.846926e+01,1.854053e+01,1.864733e+01,1.870424e+01,1.870424e+01,1.867579e+01,1.868290e+01,1.861174e+01,1.849777e+01,1.861174e+01,1.850490e+01,1.857614e+01,1.852628e+01,1.862598e+01,1.858326e+01,1.852628e+01,1.853340e+01,1.853340e+01,1.840508e+01,1.841934e+01,1.853340e+01,1.846213e+01,1.857614e+01,1.841934e+01,1.835513e+01,1.838367e+01,1.824087e+01,1.830515e+01,1.836940e+01,1.827659e+01,1.830515e+01,1.831230e+01,1.820513e+01,1.835513e+01,1.831944e+01,1.829801e+01,1.839794e+01,1.837654e+01,1.849777e+01,1.839794e+01,1.870424e+01,1.873269e+01,1.871847e+01,1.876823e+01,1.911590e+01,1.909464e+01,1.909464e+01,1.915838e+01,1.908047e+01,1.932815e+01,1.945529e+01,1.954701e+01,1.960342e+01,1.953291e+01,1.944118e+01,1.952586e+01,1.955407e+01,1.970205e+01,1.957522e+01,1.985683e+01,2.023577e+01,2.045266e+01,2.072486e+01,2.064816e+01,2.071091e+01,2.076667e+01,2.077363e+01,2.067605e+01,2.075273e+01,2.075273e+01,2.085024e+01,2.078060e+01,2.087808e+01,2.085024e+01,2.091287e+01,2.093374e+01,2.096156e+01,2.097547e+01,2.089200e+01,2.103802e+01,2.085720e+01,2.089896e+01,2.085720e+01,2.100327e+01,2.096852e+01,2.103107e+01,2.085720e+01,2.096156e+01,2.085720e+01,2.080846e+01,2.079453e+01,2.082239e+01,2.102413e+01,2.089896e+01,2.085024e+01,2.104497e+01,2.074576e+01,2.075970e+01,2.086416e+01,2.086416e+01,2.077363e+01,2.073879e+01,2.071789e+01,2.091287e+01,2.082935e+01,2.095461e+01,2.078757e+01,2.088504e+01,2.078757e+01,2.104497e+01,2.100327e+01,2.108665e+01,2.129479e+01,2.134330e+01,2.130173e+01,2.146792e+01,2.128786e+01,2.141255e+01,2.150251e+01
1.999033e+01,2.001841e+01,2.041071e+01,2.037575e+01,2.053649e+01,2.052950e+01,2.029178e+01,2.010961e+01,2.007454e+01,1.981464e+01,1.963865e+01,1.957522e+01,1.954701e+01,1.956817e+01,1.945529e+01,1.926452e+01,1.929988e+01,1.948352e+01,1.924331e+01,1.922916e+01,1.907339e+01,1.903795e+01,1.893867e+01,1.886059e+01,1.889609e+01,1.883928e+01,1.881797e+01,1.876112e+01,1.865444e+01,1.886059e+01,1.878955e+01,1.878245e+01,1.877534e+01,1.876112e+01,1.888899e+01,1.876112e+01,1.901669e+01,1.896704e+01,1.906630e+01,1.915130e+01,1.912298e+01,1.912298e+01,1.903795e+01,1.917254e+01,1.905922e+01,1.917962e+01,1.925038e+01,1.915838e+01,1.922208e+01,1.914422e+01,1.917962e+01,1.921501e+01,1.925745e+01,1.930695e+01,1.931402e+01,1.954701e+01,1.953996e+01,1.958227e+01,1.961751e+01,1.973021e+01,1.967388e+01,1.980058e+01,1.979354e+01,1.970909e+01,1.955407e+01,1.958932e+01,1.951880e+01,1.949058e+01,1.948352e+01,1.958932e+01,1.948352e+01,1.957522e+01,1.953291e+01,1.942705e+01,1.953996e+01,1.964570e+01,1.951175e+01,1.957522e+01,1.949764e+01,1.959637e+01,1.957522e+01,1.953291e+01,1.954701e+01,1.949764e+01,1.949764e+01,1.945529e+01,1.946941e+01,1.949764e+01,1.946941e+01,1.937762e+01,1.947647e+01,1.941999e+01,1.942705e+01,1.943411e+01,1.941293e+01,1.949058e+01,1.943411e+01,1.951175e+01,1.951175e+01,1.938468e+01,1.946235e+01,1.950469e+01,1.949764e+01,1.927867e+01,1.944118e+01,1.933522e+01,1.942705e+01,1.939174e+01,1.937055e+01,1.935642e+01,1.932815e+01,1.943411e+01,1.933522e+01,1.925745e+01,1.922208e+01,1.927160e+01,1.944118e+01,1.917254e+01,1.917254e+01,1.913006e+01,1.898123e+01,1.922916e+01,1.953291e+01,1.951880e+01,1.961047e+01,1.963161e+01,1.959637e+01,1.958227e+01,1.956112e+01,1.947647e+01,1.971613e+01,1.971613e+01,1.979354e+01,1.980058e+01,1.996224e+01,1.997628e+01,2.014467e+01,1.987792e+01,1.984277e+01,1.993414e+01,1.975836e+01,1.951175e+01,1.925038e+01,1.920085e+01,1.915130e+01,1.912298e+01,1.907339e+01,1.907339e+01,1.903795e+01,1.901669e+01,1.895286e+01,1.893157e+01,1.900960e+01,1.898832e+01,1.902378e+01,1.934229e+01,1.932815e+01,1.935642e+01,1.962456e+01,1.982168e+01,1.980058e+01,1.968796e+01,1.977243e+01,1.973021e+01,1.964570e+01,1.972317e+01,1.947647e+01,1.962456e+01,1.956112e+01,1.950469e+01,1.963161e+01,1.957522e+01,1.958227e+01,1.966683e+01,1.978650e+01,1.992009e+01,1.991306e+01,1.992711e+01,2.006051e+01,1.989901e+01,2.008857e+01,2.013766e+01,2.007454e+01,2.015168e+01,2.029178e+01,2.029178e+01,2.019373e+01,2.005350e+01,2.019373e+01,2.013065e+01,2.024977e+01,2.024277e+01,2.046663e+01,2.045266e+01,2.048759e+01,2.033377e+01,2.039673e+01,2.041071e+01,2.039673e+01,2.027778e+01,2.017271e+01,2.002542e+01,2.003244e+01,1.979354e+01,1.971613e+01,1.968796e+01,1.958227e+01,1.953291e+01,1.951880e+01,1.948352e+01,1.945529e+01,1.949058e+01,1.947647e+01,1.953291e+01,1.945529e+01,1.944823e+01,1.947647e+01,1.943411e+01,1.938468e+01,1.944823e+01,1.927160e+01,1.933522e+01,1.945529e+01,1.934936e+01,1.949764e+01,1.963161e+01,1.939881e+01,1.950469e+01,1.945529e+01,1.959637e+01,1.984980e+01,2.002542e+01,2.008156e+01,2.010260e+01,2.029178e+01,2.041071e+01,2.035476e+01,2.044567e+01,2.059234e+01,2.055743e+01,2.050855e+01,2.047362e+01,2.052950e+01,2.046663e+01,2.044567e+01,2.036875e+01,2.048759e+01,2.035476e+01,2.043169e+01,2.043868e+01,2.054347e+01,2.041770e+01,2.038974e+01,2.045266e+01,2.038274e+01,2.037575e+01,2.043868e+01,2.022876e+01,2.050157e+01,2.035476e+01,2.041770e+01,2.045266e+01,2.039673e+01,2.039673e+01,2.040372e+01,2.024277e+01,2.027778e+01,2.013065e+01,2.016570e+01,2.015168e+01,1.993414e+01,1.969500e+01,1.987792e+01,1.984980e+01,1.987090e+01,1.982168e+01,1.977947e+01,1.994819e+01,1.997628e+01,2.007454e+01,2.020774e+01,2.030578e+01,2.015168e+01,2.010961e+01,1.993414e+01,1.992009e+01,1.956112e+01,1.949764e+01,1.922916e+01,1.893157e+01,1.876112e+01,1.881087e+01,1.870424e+01,1.858326e+01,1.844074e+01,1.844074e+01,1.849064e+01,1.841934e+01,1.849777e+01,1.846926e+01,1.836940e+01,1.844787e+01,1.848352e+01,1.845500e+01,1.836227e+01,1.846213e+01,1.831944e+01,1.846213e+01,1.839794e+01,1.830515e+01,1.841221e+01,1.827659e+01,1.837654e+01,1.825516e+01,1.824087e+01,1.826230e+01,1.826944e+01,1.819798e+01,1.825516e+01,1.824801e+01,1.824087e+01,1.841934e+01,1.826230e+01,1.816938e+01,1.821943e+01,1.825516e+01,1.820513e+01,1.809785e+01,1.818369e+01,1.816223e+01,1.818369e+01,1.813362e+01,1.814078e+01,1.802627e+01,1.812647e+01,1.801194e+01,1.814793e+01,1.812647e+01,1.814793e+01,1.809069e+01,1.824801e+01,1.826230e+01,1.832658e+01,1.827659e+01,1.826230e+01,1.828373e+01,1.851203e+01,1.845500e+01,1.856190e+01,1.865444e+01,1.864021e+01,1.872558e+01,1.888189e+01,1.876112e+01,1.886059e+01,1.897414e+01,1.895286e+01,1.892448e+01,1.916546e+01,1.902378e+01,1.904504e+01,1.915838e+01,1.917254e+01,1.937762e+01,1.915130e+01,1.956817e+01,1.974428e+01,1.994819e+01,1.996926e+01,2.030578e+01,2.014467e+01,2.020774e+01,2.033377e+01,2.029878e+01,2.024977e+01,2.014467e+01,2.000437e+01,1.998330e+01,1.984277e+01,1.975132e+01,1.977947e+01,1.983574e+01,1.963865e+01,1.941999e+01,1.946235e+01,1.960342e+01,1.942705e+01,1.949058e+01,1.957522e+01,1.941999e+01,1.937055e+01,1.935642e+01,1.927160e+01,1.920085e+01,1.928574e+01,1.917962e+01,1.916546e+01,1.910173e+01,1.907339e+01,1.903087e+01,1.897414e+01,1.895286e+01,1.896704e+01,1.882508e+01,1.881797e+01,1.882508e+01,1.881797e+01,1.880376e+01,1.889609e+01,1.880376e+01,1.881797e+01,1.888189e+01,1.872558e+01,1.886059e+01,1.868290e+01,1.875401e+01,1.889609e+01,1.881797e+01,1.887479e+01,1.882508e+01,1.887479e+01,1.888189e+01,1.907339e+01,1.903795e+01,1.903795e+01,1.911590e+01,1.912298e+01,1.919378e+01,1.943411e+01,1.960342e+01,1.975836e+01,2.009559e+01,2.006051e+01,2.022876e+01,2.034777e+01,2.035476e+01,2.038274e+01,2.048759e+01,2.048061e+01,2.047362e+01,2.035476e+01,2.048061e+01,2.043169e+01,2.063420e+01,2.066211e+01,2.069000e+01,2.052950e+01,2.055743e+01,2.064118e+01,2.062025e+01,2.054347e+01,2.062723e+01,2.057140e+01,2.054347e+01,2.062025e+01,2.037575e+01,2.024977e+01,2.023577e+01,2.022176e+01,2.019373e+01,2.016570e+01,2.042470e+01,2.043868e+01,2.070394e+01,2.059234e+01,2.075970e+01,2.082935e+01,2.085024e+01,2.091287e+01,2.082935e+01,2.084328e+01,2.082239e+01,2.082935e+01,2.081543e+01,2.080150e+01,2.089896e+01,2.074576e+01,2.085024e+01,2.075273e+01,2.090592e+01,2.082239e+01,2.077363e+01,2.069697e+01,2.066908e+01,2.075970e+01,2.084328e+01,2.073879e+01,2.073879e+01,2.074576e+01,2.048759e+01,2.057838e+01,2.051554e+01,2.048759e+01,2.025677e+01,2.016570e+01,2.001841e+01,2.003946e+01,1.961047e+01,1.963161e+01,1.956817e+01,1.967388e+01,1.946235e+01,1.932109e+01,1.913006e+01,1.909464e+01,1.904504e+01,1.899541e+01,1.892448e+01,1.876112e+01,1.859038e+01,1.863309e+01,1.868290e+01,1.862598e+01,1.869713e+01,1.869713e+01,1.867579e+01,1.847639e+01,1.836940e+01,1.817653e+01,1.813362e+01,1.836940e+01,1.844787e+01,1.853340e+01,1.854053e+01,1.869002e+01,1.859038e+01,1.865444e+01,1.855477e+01,1.869002e+01,1.857614e+01,1.849064e+01,1.854765e+01,1.858326e+01,1.858326e+01,1.858326e+01,1.862598e+01,1.849064e+01,1.862598e+01,1.847639e+01,1.851915e+01,1.839081e+01,1.859038e+01,1.842648e+01,1.841221e+01,1.833372e+01,1.840508e+01,1.838367e+01,1.833372e+01,1.834799e+01,1.826944e+01,1.829087e+01,1.824087e+01,1.824087e+01,1.820513e+01,1.845500e+01,1.832658e+01,1.829801e+01,1.839081e+01,1.856190e+01,1.849064e+01,1.848352e+01,1.847639e+01,1.875401e+01,1.870424e+01,1.878955e+01,1.882508e+01,1.893157e+01,1.910881e+01,1.925038e+01,1.933522e+01,1.930695e+01,1.936349e+01,1.933522e+01,1.954701e+01,1.944118e+01,1.962456e+01,1.952586e+01,1.951175e+01,1.948352e+01,1.963865e+01,1.994819e+01,2.023577e+01,2.044567e+01,2.075273e+01,2.080150e+01,2.080150e+01,2.082239e+01,2.082239e+01,2.074576e+01,2.082239e+01,2.075970e+01,2.070394e+01,2.083632e+01,2.064118e+01,2.100327e+01,2.101718e+01,2.082935e+01,2.097547e+01,2.098937e+01,2.101023e+01,2.092679e+01,2.091983e+01,2.096156e+01,2.098242e+01,2.089896e+01,2.101718e+01,2.098242e+01,2.083632e+01,2.091983e+01,2.096852e+01,2.078060e+01,2.082239e+01,2.097547e+01,2.099632e+01,2.107971e+01,2.105192e+01,2.076667e+01,2.076667e+01,2.078757e+01,2.080846e+01,2.083632e+01,2.075273e+01,2.086416e+01,2.064816e+01,2.079453e+01,2.069697e+01,2.096852e+01,2.093374e+01,2.064118e+01,2.087112e+01,2.106581e+01,2.098242e+01,2.114914e+01,2.106581e+01,2.126707e+01,2.130173e+01,2.121159e+01,2.132252e+01,2.131559e+01,2.145408e+01
2.013065e+01,2.042470e+01,2.041071e+01,2.035476e+01,2.040372e+01,2.037575e+01,2.027778e+01,2.009559e+01,2.003946e+01,1.979354e+01,1.980058e+01,1.951175e+01,1.951880e+01,1.953291e+01,1.959637e+01,1.934936e+01,1.923623e+01,1.929281e+01,1.904504e+01,1.918670e+01,1.900251e+01,1.902378e+01,1.905922e+01,1.890318e+01,1.867579e+01,1.882508e+01,1.872558e+01,1.866156e+01,1.884638e+01,1.866156e+01,1.862598e+01,1.859038e+01,1.874691e+01,1.880376e+01,1.888899e+01,1.893157e+01,1.895286e+01,1.913714e+01,1.906630e+01,1.898832e+01,1.895286e+01,1.910881e+01,1.907339e+01,1.916546e+01,1.912298e+01,1.913714e+01,1.901669e+01,1.904504e+01,1.920085e+01,1.909464e+01,1.911590e+01,1.912298e+01,1.925038e+01,1.917254e+01,1.927867e+01,1.939881e+01,1.937762e+01,1.941293e+01,1.938468e+01,1.967388e+01,1.944823e+01,1.966683e+01,1.952586e+01,1.953291e+01,1.951880e+01,1.963161e+01,1.957522e+01,1.952586e+01,1.946941e+01,1.943411e+01,1.946235e+01,1.953996e+01,1.946941e+01,1.943411e+01,1.945529e+01,1.958932e+01,1.949058e+01,1.953996e+01,1.946941e+01,1.951175e+01,1.941293e+01,1.953996e+01,1.949058e+01,1.949058e+01,1.949764e+01,1.949058e+01,1.942705e+01,1.944118e+01,1.944823e+01,1.947647e+01,1.949764e+01,1.944823e+01,1.941999e+01,1.953996e+01,1.967388e+01,1.942705e+01,1.939174e+01,1.951175e+01,1.934229e+01,1.946941e+01,1.929281e+01,1.950469e+01,1.949058e+01,1.945529e+01,1.928574e+01,1.932109e+01,1.932109e+01,1.940587e+01,1.934936e+01,1.941999e+01,1.935642e+01,1.939881e+01,1.937762e+01,1.937762e+01,1.926452e+01,1.924331e+01,1.925038e+01,1.951880e+01,1.917962e+01,1.917962e+01,1.906630e+01,1.932109e+01,1.949764e+01,1.949764e+01,1.953996e+01,1.981464e+01,1.991306e+01,1.975132e+01,1.987090e+01,1.968092e+01,1.975836e+01,1.978650e+01,1.999735e+01,2.017972e+01,2.017972e+01,2.022876e+01,2.007454e+01,1.997628e+01,1.980058e+01,1.976540e+01,1.976540e+01,1.961751e+01,1.926452e+01,1.927160e+01,1.910173e+01,1.910881e+01,1.883218e+01,1.893157e+01,1.903087e+01,1.906630e+01,1.894576e+01,1.895995e+01,1.902378e+01,1.915838e+01,1.938468e+01,1.940587e+01,1.939881e+01,1.962456e+01,1.968092e+01,1.992009e+01,1.995521e+01,1.990604e+01,2.013065e+01,1.988495e+01,1.973021e+01,1.977947e+01,1.973725e+01,1.955407e+01,1.946941e+01,1.960342e+01,1.970205e+01,1.952586e+01,1.977947e+01,1.975836e+01,1.982871e+01,2.010260e+01,2.015869e+01,2.003946e+01,2.027078e+01,2.026378e+01,2.028478e+01,2.028478e+01,2.027778e+01,2.036875e+01,2.025677e+01,2.022876e+01,2.024277e+01,2.024977e+01,2.033377e+01,2.049458e+01,2.020074e+01,2.039673e+01,2.058536e+01,2.048759e+01,2.046663e+01,2.037575e+01,2.035476e+01,2.035476e+01,2.035476e+01,2.035476e+01,2.015869e+01,2.005350e+01,2.000437e+01,1.978650e+01,1.980761e+01,1.980761e+01,1.962456e+01,1.960342e+01,1.960342e+01,1.948352e+01,1.946941e+01,1.949058e+01,1.960342e+01,1.957522e+01,1.942705e+01,1.943411e+01,1.932815e+01,1.941999e+01,1.934229e+01,1.923623e+01,1.924331e+01,1.936349e+01,1.939174e+01,1.945529e+01,1.948352e+01,1.951175e+01,1.930695e+01,1.946235e+01,1.944118e+01,1.971613e+01,1.987792e+01,2.011663e+01,2.009559e+01,2.017972e+01,2.021475e+01,2.036176e+01,2.043169e+01,2.067605e+01,2.065513e+01,2.051554e+01,2.062723e+01,2.048759e+01,2.052950e+01,2.048061e+01,2.043169e+01,2.041770e+01,2.025677e+01,2.037575e+01,2.041770e+01,2.039673e+01,2.048061e+01,2.037575e+01,2.038274e+01,2.031978e+01,2.027778e+01,2.068303e+01,2.045266e+01,2.033377e+01,2.039673e+01,2.034077e+01,2.038274e+01,2.034077e+01,2.036875e+01,2.039673e+01,2.020074e+01,2.015168e+01,2.015168e+01,2.008857e+01,2.015869e+01,2.020074e+01,1.994819e+01,1.989198e+01,1.984980e+01,1.995521e+01,1.984277e+01,1.996926e+01,1.992711e+01,1.994819e+01,1.999033e+01,2.013065e+01,2.031978e+01,2.021475e+01,2.022176e+01,2.017972e+01,2.004648e+01,1.976540e+01,1.957522e+01,1.938468e+01,1.920085e+01,1.900960e+01,1.876823e+01,1.877534e+01,1.883928e+01,1.856902e+01,1.857614e+01,1.852628e+01,1.844787e+01,1.867579e+01,1.846926e+01,1.844074e+01,1.840508e+01,1.851915e+01,1.847639e+01,1.843361e+01,1.844074e+01,1.846926e+01,1.840508e+01,1.849064e+01,1.839081e+01,1.836940e+01,1.838367e+01,1.838367e+01,1.853340e+01,1.836940e+01,1.827659e+01,1.825516e+01,1.816223e+01,1.827659e+01,1.825516e+01,1.824801e+01,1.819798e+01,1.818369e+01,1.828373e+01,1.819083e+01,1.823372e+01,1.819083e+01,1.817653e+01,1.816938e+01,1.814078e+01,1.815508e+01,1.815508e+01,1.811932e+01,1.809785e+01,1.804775e+01,1.804775e+01,1.814078e+01,1.809069e+01,1.800478e+01,1.807638e+01,1.811216e+01,1.817653e+01,1.821228e+01,1.827659e+01,1.834799e+01,1.830515e+01,1.840508e+01,1.839794e+01,1.846213e+01,1.851915e+01,1.850490e+01,1.861886e+01,1.863309e+01,1.878955e+01,1.895286e+01,1.882508e+01,1.880376e+01,1.876823e+01,1.899541e+01,1.895995e+01,1.899541e+01,1.891028e+01,1.901669e+01,1.918670e+01,1.903795e+01,1.934936e+01,1.958227e+01,1.961047e+01,1.990604e+01,2.003946e+01,2.017972e+01,2.008857e+01,2.013065e+01,2.019373e+01,2.011663e+01,2.015168e+01,2.013766e+01,2.005350e+01,1.987792e+01,1.975836e+01,1.975836e+01,1.957522e+01,1.958227e+01,1.953996e+01,1.951175e+01,1.928574e+01,1.936349e+01,1.925038e+01,1.924331e+01,1.923623e+01,1.920085e+01,1.924331e+01,1.910881e+01,1.905922e+01,1.912298e+01,1.921501e+01,1.915838e+01,1.910173e+01,1.908047e+01,1.901669e+01,1.898832e+01,1.895995e+01,1.903795e+01,1.895286e+01,1.890318e+01,1.890318e+01,1.891028e+01,1.885349e+01,1.878955e+01,1.877534e+01,1.876112e+01,1.876112e+01,1.874691e+01,1.886059e+01,1.874691e+01,1.873980e+01,1.883928e+01,1.891738e+01,1.881087e+01,1.882508e+01,1.881797e+01,1.887479e+01,1.881797e+01,1.885349e+01,1.887479e+01,1.898832e+01,1.898123e+01,1.905922e+01,1.915838e+01,1.927867e+01,1.962456e+01,1.971613e+01,1.976540e+01,1.997628e+01,2.006753e+01,2.025677e+01,2.026378e+01,2.041071e+01,2.043169e+01,2.046663e+01,2.042470e+01,2.050855e+01,2.045266e+01,2.059932e+01,2.058536e+01,2.047362e+01,2.048061e+01,2.045964e+01,2.054347e+01,2.055743e+01,2.052252e+01,2.061327e+01,2.059932e+01,2.045266e+01,2.037575e+01,2.056442e+01,2.021475e+01,2.013766e+01,2.011663e+01,2.018673e+01,2.013766e+01,2.020074e+01,2.030578e+01,2.044567e+01,2.069697e+01,2.070394e+01,2.073879e+01,2.085720e+01,2.098242e+01,2.081543e+01,2.083632e+01,2.077363e+01,2.075273e+01,2.081543e+01,2.082239e+01,2.086416e+01,2.076667e+01,2.081543e+01,2.077363e+01,2.075970e+01,2.082935e+01,2.081543e+01,2.094070e+01,2.073879e+01,2.089200e+01,2.071789e+01,2.068303e+01,2.074576e+01,2.050855e+01,2.074576e+01,2.055045e+01,2.052252e+01,2.050855e+01,2.047362e+01,2.043169e+01,2.050855e+01,2.007454e+01,1.992009e+01,1.992009e+01,1.983574e+01,1.953291e+01,1.953996e+01,1.943411e+01,1.930695e+01,1.906630e+01,1.899541e+01,1.899541e+01,1.887479e+01,1.893157e+01,1.873980e+01,1.873980e+01,1.864021e+01,1.861886e+01,1.864733e+01,1.868290e+01,1.868290e+01,1.869002e+01,1.872558e+01,1.872558e+01,1.841934e+01,1.839081e+01,1.820513e+01,1.851203e+01,1.845500e+01,1.855477e+01,1.870424e+01,1.871135e+01,1.876823e+01,1.878245e+01,1.861886e+01,1.863309e+01,1.856190e+01,1.861886e+01,1.873269e+01,1.871135e+01,1.865444e+01,1.871135e+01,1.864021e+01,1.844787e+01,1.841221e+01,1.856190e+01,1.846213e+01,1.837654e+01,1.842648e+01,1.836227e+01,1.839081e+01,1.835513e+01,1.832658e+01,1.829087e+01,1.829087e+01,1.826944e+01,1.807638e+01,1.825516e+01,1.806207e+01,1.831944e+01,1.832658e+01,1.834085e+01,1.855477e+01,1.846926e+01,1.840508e+01,1.861174e+01,1.843361e+01,1.861886e+01,1.866867e+01,1.872558e+01,1.878245e+01,1.881797e+01,1.910173e+01,1.900251e+01,1.910173e+01,1.920793e+01,1.943411e+01,1.934229e+01,1.952586e+01,1.956817e+01,1.952586e+01,1.953291e+01,1.961751e+01,1.953291e+01,1.976540e+01,1.962456e+01,1.989901e+01,1.999735e+01,2.049458e+01,2.077363e+01,2.078757e+01,2.091287e+01,2.085024e+01,2.095461e+01,2.085024e+01,2.081543e+01,2.101023e+01,2.084328e+01,2.087112e+01,2.094765e+01,2.089200e+01,2.103107e+01,2.101023e+01,2.088504e+01,2.099632e+01,2.086416e+01,2.077363e+01,2.101718e+01,2.094765e+01,2.087808e+01,2.089896e+01,2.094765e+01,2.109360e+01,2.075970e+01,2.098242e+01,2.089200e+01,2.098242e+01,2.091287e+01,2.096852e+01,2.098242e+01,2.091287e+01,2.092679e+01,2.073182e+01,2.079453e+01,2.084328e+01,2.090592e+01,2.079453e+01,2.078060e+01,2.057838e+01,2.083632e+01,2.071091e+01,2.080846e+01,2.066908e+01,2.087808e+01,2.094070e+01,2.098937e+01,2.105887e+01,2.104497e+01,2.119078e+01,2.124627e+01,2.128093e+01,2.140563e+01,2.144716e+01,2.148868e+01,2.136408e+01,2.153709e+01
2.042470e+01,2.048061e+01,2.042470e+01,2.048061e+01,2.050855e+01,2.029878e+01,2.007454e+01,1.978650e+01,2.006051e+01,1.975836e+01,1.980058e+01,1.970909e+01,1.936349e+01,1.941999e+01,1.936349e+01,1.940587e+01,1.929988e+01,1.910881e+01,1.907339e+01,1.892448e+01,1.903795e+01,1.903087e+01,1.900960e+01,1.891738e+01,1.869713e+01,1.879666e+01,1.875401e+01,1.881087e+01,1.883218e+01,1.858326e+01,1.864733e+01,1.886769e+01,1.870424e+01,1.872558e+01,1.876823e+01,1.887479e+01,1.893867e+01,1.903795e+01,1.898832e+01,1.894576e+01,1.907339e+01,1.904504e+01,1.909464e+01,1.934229e+01,1.908756e+01,1.911590e+01,1.914422e+01,1.915130e+01,1.915130e+01,1.907339e+01,1.933522e+01,1.930695e+01,1.925038e+01,1.936349e+01,1.942705e+01,1.939881e+01,1.944118e+01,1.940587e+01,1.945529e+01,1.951175e+01,1.939174e+01,1.953996e+01,1.948352e+01,1.951880e+01,1.950469e+01,1.956112e+01,1.951880e+01,1.937055e+01,1.945529e+01,1.946941e+01,1.946235e+01,1.937762e+01,1.946235e+01,1.936349e+01,1.944823e+01,1.946941e+01,1.953291e+01,1.948352e+01,1.944823e+01,1.949764e+01,1.946941e+01,1.943411e+01,1.941293e+01,1.953291e+01,1.933522e+01,1.950469e+01,1.936349e+01,1.949058e+01,1.949764e+01,1.951880e+01,1.950469e+01,1.943411e+01,1.934936e+01,1.949058e+01,1.942705e+01,1.942705e+01,1.932815e+01,1.946941e+01,1.947647e+01,1.946235e+01,1.949058e+01,1.937055e+01,1.943411e+01,1.928574e+01,1.932109e+01,1.934936e+01,1.936349e+01,1.934229e+01,1.939174e+01,1.932815e+01,1.945529e+01,1.941293e+01,1.939174e+01,1.932109e+01,1.930695e+01,1.927160e+01,1.928574e+01,1.925038e+01,1.926452e+01,1.925038e+01,1.928574e+01,1.950469e+01,1.958932e+01,1.984277e+01,1.984277e+01,2.002542e+01,1.991306e+01,2.008156e+01,2.007454e+01,1.999735e+01,2.005350e+01,2.013065e+01,2.031978e+01,2.017972e+01,2.031978e+01,2.039673e+01,2.038274e+01,2.017972e+01,1.991306e+01,1.974428e+01,1.970205e+01,1.962456e+01,1.933522e+01,1.913006e+01,1.914422e+01,1.914422e+01,1.910881e+01,1.900251e+01,1.899541e+01,1.902378e+01,1.929988e+01,1.927867e+01,1.949764e+01,1.953291e+01,1.939881e+01,1.948352e+01,1.974428e+01,1.988495e+01,1.997628e+01,2.011663e+01,2.015869e+01,2.003946e+01,2.025677e+01,1.999033e+01,2.000437e+01,1.992009e+01,1.985683e+01,1.975836e+01,1.949764e+01,1.950469e+01,1.965274e+01,1.953996e+01,1.977243e+01,1.977243e+01,2.003946e+01,1.997628e+01,2.001841e+01,2.022876e+01,2.028478e+01,2.027778e+01,2.028478e+01,2.041770e+01,2.039673e+01,2.036875e+01,2.039673e+01,2.036875e+01,2.034777e+01,2.051554e+01,2.031978e+01,2.026378e+01,2.055743e+01,2.045266e+01,2.045266e+01,2.044567e+01,2.036875e+01,2.034077e+01,2.048759e+01,2.042470e+01,2.038274e+01,2.028478e+01,2.013065e+01,2.001139e+01,2.001841e+01,1.992009e+01,2.004648e+01,1.984980e+01,1.972317e+01,1.974428e+01,1.969500e+01,1.954701e+01,1.952586e+01,1.949764e+01,1.939881e+01,1.950469e+01,1.945529e+01,1.941999e+01,1.934936e+01,1.920793e+01,1.940587e+01,1.922916e+01,1.923623e+01,1.931402e+01,1.932109e+01,1.917962e+01,1.944823e+01,1.923623e+01,1.945529e+01,1.937055e+01,1.949058e+01,1.956817e+01,1.970205e+01,1.995521e+01,2.016570e+01,2.017271e+01,2.028478e+01,2.043169e+01,2.030578e+01,2.070394e+01,2.065513e+01,2.066211e+01,2.058536e+01,2.066908e+01,2.050157e+01,2.053649e+01,2.048061e+01,2.049458e+01,2.050855e+01,2.037575e+01,2.038974e+01,2.071091e+01,2.066908e+01,2.043868e+01,2.036176e+01,2.040372e+01,2.038274e+01,2.028478e+01,2.043169e+01,2.046663e+01,2.037575e+01,2.038974e+01,2.037575e+01,2.038974e+01,2.038274e+01,2.037575e+01,2.027778e+01,2.028478e+01,2.028478e+01,2.031278e+01,2.022876e+01,2.000437e+01,2.012364e+01,1.995521e+01,2.010260e+01,1.977243e+01,1.992009e+01,1.996926e+01,1.998330e+01,1.976540e+01,2.005350e+01,2.015869e+01,2.027078e+01,2.033377e+01,2.027778e+01,2.001139e+01,1.999033e+01,1.979354e+01,1.958227e+01,1.927867e+01,1.905213e+01,1.899541e+01,1.908756e+01,1.878245e+01,1.872558e+01,1.859038e+01,1.857614e+01,1.860462e+01,1.846213e+01,1.845500e+01,1.847639e+01,1.845500e+01,1.841934e+01,1.850490e+01,1.847639e+01,1.849777e+01,1.850490e+01,1.847639e+01,1.838367e+01,1.837654e+01,1.826944e+01,1.836940e+01,1.836227e+01,1.851915e+01,1.836940e+01,1.832658e+01,1.839081e+01,1.827659e+01,1.828373e+01,1.824801e+01,1.821943e+01,1.816938e+01,1.823372e+01,1.823372e+01,1.828373e+01,1.817653e+01,1.816938e+01,1.816938e+01,1.819083e+01,1.814793e+01,1.817653e+01,1.816223e+01,1.811932e+01,1.807638e+01,1.808354e+01,1.809069e+01,1.801910e+01,1.809785e+01,1.806922e+01,1.815508e+01,1.806922e+01,1.811216e+01,1.816938e+01,1.820513e+01,1.818369e+01,1.831230e+01,1.826230e+01,1.846213e+01,1.834799e+01,1.849064e+01,1.847639e+01,1.846213e+01,1.864021e+01,1.866867e+01,1.876112e+01,1.877534e+01,1.877534e+01,1.869002e+01,1.896704e+01,1.876112e+01,1.883928e+01,1.888189e+01,1.893157e+01,1.892448e+01,1.900960e+01,1.909464e+01,1.910173e+01,1.940587e+01,1.961047e+01,1.967388e+01,1.992711e+01,2.000437e+01,2.019373e+01,2.013065e+01,2.026378e+01,2.018673e+01,2.012364e+01,2.000437e+01,1.978650e+01,1.980058e+01,1.977243e+01,1.945529e+01,1.958227e+01,1.943411e+01,1.943411e+01,1.941999e+01,1.922916e+01,1.928574e+01,1.937762e+01,1.924331e+01,1.917962e+01,1.906630e+01,1.914422e+01,1.913006e+01,1.895995e+01,1.908047e+01,1.913006e+01,1.895286e+01,1.913006e+01,1.905213e+01,1.903087e+01,1.903087e+01,1.901669e+01,1.884638e+01,1.888189e+01,1.895286e+01,1.880376e+01,1.886059e+01,1.885349e+01,1.882508e+01,1.884638e+01,1.873980e+01,1.879666e+01,1.882508e+01,1.881087e+01,1.883928e+01,1.878955e+01,1.873269e+01,1.892448e+01,1.892448e+01,1.883928e+01,1.880376e+01,1.880376e+01,1.885349e+01,1.885349e+01,1.885349e+01,1.897414e+01,1.901669e+01,1.900251e+01,1.913006e+01,1.914422e+01,1.935642e+01,1.962456e+01,1.965979e+01,1.981464e+01,2.000437e+01,1.997628e+01,2.024277e+01,2.029178e+01,2.030578e+01,2.036875e+01,2.052950e+01,2.055743e+01,2.036176e+01,2.045964e+01,2.041770e+01,2.042470e+01,2.044567e+01,2.052252e+01,2.045964e+01,2.032678e+01,2.026378e+01,2.026378e+01,2.031978e+01,2.029178e+01,2.031278e+01,2.026378e+01,2.020074e+01,2.020774e+01,2.010260e+01,2.016570e+01,2.016570e+01,2.024977e+01,2.045964e+01,2.052252e+01,2.076667e+01,2.071091e+01,2.078060e+01,2.082935e+01,2.075273e+01,2.076667e+01,2.090592e+01,2.075273e+01,2.087112e+01,2.071091e+01,2.073879e+01,2.077363e+01,2.074576e+01,2.076667e+01,2.080846e+01,2.084328e+01,2.084328e+01,2.095461e+01,2.092679e+01,2.090592e+01,2.098242e+01,2.082239e+01,2.070394e+01,2.064118e+01,2.074576e+01,2.049458e+01,2.050855e+01,2.047362e+01,2.044567e+01,2.052252e+01,2.046663e+01,2.055045e+01,2.024977e+01,2.008857e+01,1.992009e+01,1.975132e+01,1.952586e+01,1.942705e+01,1.934936e+01,1.922208e+01,1.921501e+01,1.907339e+01,1.900251e+01,1.891028e+01,1.891738e+01,1.880376e+01,1.872558e+01,1.881797e+01,1.871135e+01,1.867579e+01,1.869002e+01,1.866867e+01,1.869002e+01,1.874691e+01,1.868290e+01,1.878955e+01,1.851915e+01,1.864021e+01,1.861886e+01,1.859750e+01,1.859038e+01,1.859038e+01,1.868290e+01,1.868290e+01,1.874691e+01,1.862598e+01,1.853340e+01,1.864021e+01,1.860462e+01,1.871135e+01,1.869713e+01,1.866156e+01,1.857614e+01,1.861886e+01,1.844787e+01,1.841934e+01,1.854053e+01,1.852628e+01,1.839794e+01,1.844074e+01,1.842648e+01,1.839794e+01,1.836940e+01,1.839794e+01,1.825516e+01,1.834085e+01,1.833372e+01,1.831944e+01,1.832658e+01,1.832658e+01,1.833372e+01,1.826944e+01,1.824087e+01,1.829087e+01,1.852628e+01,1.848352e+01,1.849777e+01,1.839081e+01,1.864733e+01,1.851915e+01,1.869713e+01,1.876112e+01,1.879666e+01,1.906630e+01,1.898123e+01,1.908756e+01,1.912298e+01,1.934936e+01,1.952586e+01,1.935642e+01,1.975836e+01,1.984277e+01,1.957522e+01,1.984980e+01,1.959637e+01,1.984980e+01,1.993414e+01,1.995521e+01,1.994819e+01,2.036176e+01,2.064816e+01,2.068303e+01,2.081543e+01,2.082239e+01,2.092679e+01,2.087112e+01,2.082239e+01,2.078757e+01,2.082935e+01,2.080846e+01,2.086416e+01,2.088504e+01,2.094070e+01,2.085024e+01,2.091983e+01,2.082935e+01,2.100327e+01,2.101023e+01,2.085024e+01,2.092679e+01,2.090592e+01,2.100327e+01,2.090592e+01,2.097547e+01,2.071789e+01,2.092679e+01,2.098937e+01,2.087808e+01,2.097547e+01,2.087112e+01,2.097547e+01,2.090592e+01,2.082935e+01,2.086416e+01,2.084328e+01,2.075273e+01,2.075970e+01,2.091287e+01,2.087808e+01,2.077363e+01,2.080846e+01,2.075273e+01,2.071789e+01,2.075273e+01,2.081543e+01,2.098242e+01,2.110748e+01,2.105192e+01,2.103802e+01,2.121159e+01,2.119078e+01,2.101023e+01,2.122546e+01,2.141255e+01,2.132944e+01,2.150943e+01,2.152326e+01
2.043169e+01,2.041071e+01,2.031978e+01,2.041071e+01,2.031978e+01,2.020774e+01,2.012364e+01,1.979354e+01,1.975836e+01,1.980761e+01,1.958932e+01,1.953996e+01,1.953996e+01,1.954701e+01,1.938468e+01,1.949058e+01,1.925745e+01,1.910173e+01,1.898123e+01,1.901669e+01,1.906630e+01,1.897414e+01,1.886059e+01,1.863309e+01,1.877534e+01,1.880376e+01,1.855477e+01,1.868290e+01,1.869713e+01,1.869002e+01,1.859750e+01,1.868290e+01,1.873269e+01,1.875401e+01,1.885349e+01,1.889609e+01,1.895995e+01,1.901669e+01,1.913006e+01,1.895995e+01,1.899541e+01,1.907339e+01,1.901669e+01,1.902378e+01,1.894576e+01,1.909464e+01,1.913006e+01,1.920793e+01,1.908756e+01,1.912298e+01,1.915130e+01,1.906630e+01,1.922916e+01,1.921501e+01,1.939174e+01,1.939174e+01,1.938468e+01,1.936349e+01,1.939174e+01,1.956817e+01,1.961047e+01,1.937762e+01,1.961047e+01,1.964570e+01,1.956112e+01,1.954701e+01,1.948352e+01,1.947647e+01,1.930695e+01,1.936349e+01,1.949058e+01,1.946941e+01,1.956817e+01,1.936349e+01,1.939174e+01,1.944118e+01,1.935642e+01,1.947647e+01,1.941999e+01,1.956112e+01,1.954701e+01,1.946235e+01,1.947647e+01,1.953996e+01,1.939881e+01,1.948352e+01,1.932815e+01,1.937762e+01,1.946941e+01,1.956112e+01,1.953291e+01,1.951880e+01,1.955407e+01,1.945529e+01,1.955407e+01,1.937055e+01,1.944823e+01,1.941999e+01,1.949058e+01,1.944118e+01,1.949764e+01,1.948352e+01,1.944823e+01,1.948352e+01,1.949764e+01,1.934936e+01,1.939174e+01,1.944823e+01,1.939174e+01,1.935642e+01,1.946941e+01,1.939881e+01,1.934229e+01,1.937055e+01,1.932815e+01,1.937055e+01,1.946941e+01,1.935642e+01,1.932109e+01,1.924331e+01,1.949764e+01,1.949764e+01,1.962456e+01,1.983574e+01,1.984980e+01,2.015869e+01,2.015869e+01,2.017972e+01,2.014467e+01,2.010260e+01,2.017972e+01,2.032678e+01,2.039673e+01,2.041770e+01,2.052252e+01,2.041071e+01,2.016570e+01,2.006753e+01,2.017271e+01,1.973725e+01,1.965274e+01,1.946235e+01,1.927160e+01,1.915130e+01,1.913714e+01,1.914422e+01,1.932109e+01,1.913006e+01,1.940587e+01,1.945529e+01,1.953291e+01,1.934936e+01,1.951880e+01,1.956112e+01,1.969500e+01,1.965274e+01,1.989198e+01,2.002542e+01,2.015168e+01,2.021475e+01,2.008156e+01,2.020074e+01,2.023577e+01,2.015168e+01,1.995521e+01,1.999033e+01,1.996926e+01,1.961751e+01,1.970205e+01,1.958932e+01,1.951175e+01,1.978650e+01,1.982871e+01,1.994117e+01,2.020774e+01,2.003946e+01,2.011663e+01,2.024977e+01,2.027078e+01,2.032678e+01,2.054347e+01,2.045266e+01,2.041071e+01,2.041770e+01,2.066211e+01,2.069000e+01,2.049458e+01,2.050157e+01,2.045266e+01,2.058536e+01,2.071789e+01,2.048061e+01,2.048759e+01,2.045964e+01,2.047362e+01,2.048759e+01,2.035476e+01,2.045266e+01,2.035476e+01,2.035476e+01,2.009559e+01,1.989901e+01,1.998330e+01,1.994819e+01,1.989198e+01,1.986386e+01,1.976540e+01,1.975836e+01,1.964570e+01,1.958932e+01,1.950469e+01,1.948352e+01,1.949058e+01,1.947647e+01,1.935642e+01,1.948352e+01,1.923623e+01,1.925745e+01,1.942705e+01,1.917962e+01,1.925038e+01,1.913714e+01,1.921501e+01,1.908047e+01,1.910173e+01,1.917962e+01,1.919378e+01,1.919378e+01,1.935642e+01,1.971613e+01,1.970909e+01,1.982168e+01,2.015168e+01,2.015869e+01,2.048759e+01,2.045266e+01,2.055045e+01,2.073879e+01,2.087808e+01,2.071091e+01,2.067605e+01,2.051554e+01,2.061327e+01,2.055743e+01,2.047362e+01,2.048061e+01,2.022176e+01,2.041071e+01,2.051554e+01,2.045266e+01,2.033377e+01,2.042470e+01,2.043169e+01,2.034077e+01,2.041770e+01,2.044567e+01,2.036875e+01,2.040372e+01,2.043169e+01,2.035476e+01,2.036875e+01,2.035476e+01,2.036176e+01,2.030578e+01,2.024977e+01,2.036875e+01,2.020074e+01,2.022876e+01,2.022876e+01,2.020774e+01,2.006051e+01,1.994117e+01,1.998330e+01,1.990604e+01,2.000437e+01,1.981464e+01,2.001841e+01,1.988495e+01,2.009559e+01,2.022876e+01,2.031978e+01,2.029878e+01,2.028478e+01,2.022876e+01,1.963161e+01,1.970205e+01,1.956817e+01,1.930695e+01,1.905922e+01,1.891028e+01,1.901669e+01,1.869713e+01,1.863309e+01,1.866156e+01,1.857614e+01,1.856190e+01,1.856190e+01,1.878955e+01,1.871135e+01,1.863309e+01,1.856190e+01,1.851203e+01,1.849064e+01,1.845500e+01,1.838367e+01,1.841221e+01,1.834799e+01,1.830515e+01,1.836940e+01,1.835513e+01,1.834085e+01,1.834085e+01,1.835513e+01,1.839794e+01,1.834085e+01,1.834799e+01,1.826230e+01,1.824801e+01,1.831944e+01,1.823372e+01,1.819083e+01,1.821228e+01,1.817653e+01,1.820513e+01,1.812647e+01,1.809069e+01,1.811932e+01,1.809785e+01,1.816223e+01,1.811932e+01,1.808354e+01,1.797613e+01,1.809069e+01,1.814793e+01,1.804775e+01,1.803343e+01,1.811216e+01,1.811216e+01,1.814078e+01,1.807638e+01,1.818369e+01,1.819083e+01,1.818369e+01,1.821228e+01,1.827659e+01,1.828373e+01,1.839081e+01,1.849064e+01,1.841934e+01,1.855477e+01,1.861886e+01,1.855477e+01,1.865444e+01,1.873980e+01,1.873980e+01,1.872558e+01,1.880376e+01,1.880376e+01,1.886769e+01,1.881797e+01,1.893157e+01,1.900251e+01,1.888189e+01,1.909464e+01,1.931402e+01,1.937055e+01,1.974428e+01,1.977947e+01,1.983574e+01,2.013766e+01,2.007454e+01,2.011663e+01,2.019373e+01,2.012364e+01,2.020774e+01,2.008156e+01,1.984980e+01,1.984980e+01,1.943411e+01,1.945529e+01,1.954701e+01,1.944118e+01,1.929281e+01,1.920085e+01,1.936349e+01,1.924331e+01,1.916546e+01,1.915838e+01,1.920793e+01,1.915838e+01,1.902378e+01,1.915838e+01,1.898832e+01,1.903795e+01,1.900960e+01,1.900251e+01,1.901669e+01,1.902378e+01,1.910173e+01,1.902378e+01,1.902378e+01,1.896704e+01,1.893157e+01,1.898123e+01,1.886059e+01,1.886769e+01,1.888899e+01,1.885349e+01,1.880376e+01,1.881087e+01,1.882508e+01,1.881797e+01,1.868290e+01,1.866867e+01,1.866156e+01,1.876112e+01,1.892448e+01,1.879666e+01,1.886769e+01,1.880376e+01,1.887479e+01,1.883928e+01,1.883218e+01,1.895286e+01,1.878955e+01,1.899541e+01,1.895286e+01,1.913714e+01,1.915130e+01,1.922916e+01,1.944118e+01,1.963865e+01,1.960342e+01,1.987792e+01,2.000437e+01,2.008857e+01,2.030578e+01,2.035476e+01,2.046663e+01,2.032678e+01,2.033377e+01,2.038974e+01,2.042470e+01,2.044567e+01,2.042470e+01,2.031978e+01,2.046663e+01,2.024977e+01,2.031278e+01,2.023577e+01,2.024277e+01,2.031278e+01,2.019373e+01,2.017271e+01,2.010260e+01,2.013065e+01,2.020774e+01,2.025677e+01,2.018673e+01,2.019373e+01,2.040372e+01,2.044567e+01,2.067605e+01,2.069000e+01,2.073182e+01,2.071091e+01,2.062723e+01,2.073879e+01,2.075273e+01,2.073879e+01,2.073182e+01,2.073182e+01,2.074576e+01,2.075273e+01,2.081543e+01,2.075273e+01,2.078060e+01,2.061327e+01,2.073879e+01,2.067605e+01,2.074576e+01,2.080846e+01,2.087808e+01,2.094070e+01,2.072486e+01,2.072486e+01,2.069000e+01,2.050157e+01,2.050855e+01,2.067605e+01,2.048759e+01,2.064816e+01,2.052252e+01,2.067605e+01,2.057140e+01,2.045964e+01,2.020774e+01,2.000437e+01,1.984277e+01,1.951175e+01,1.939881e+01,1.929281e+01,1.934229e+01,1.944118e+01,1.921501e+01,1.893867e+01,1.895286e+01,1.879666e+01,1.879666e+01,1.880376e+01,1.865444e+01,1.871135e+01,1.870424e+01,1.863309e+01,1.859038e+01,1.866867e+01,1.876823e+01,1.876823e+01,1.885349e+01,1.881087e+01,1.869713e+01,1.866867e+01,1.859038e+01,1.860462e+01,1.860462e+01,1.864733e+01,1.869713e+01,1.870424e+01,1.864733e+01,1.863309e+01,1.860462e+01,1.869713e+01,1.856190e+01,1.867579e+01,1.848352e+01,1.859750e+01,1.867579e+01,1.858326e+01,1.860462e+01,1.839794e+01,1.864021e+01,1.844074e+01,1.845500e+01,1.853340e+01,1.839081e+01,1.844787e+01,1.842648e+01,1.856190e+01,1.826944e+01,1.826944e+01,1.825516e+01,1.829087e+01,1.822657e+01,1.823372e+01,1.827659e+01,1.830515e+01,1.838367e+01,1.839794e+01,1.837654e+01,1.857614e+01,1.853340e+01,1.851915e+01,1.854053e+01,1.861174e+01,1.869002e+01,1.890318e+01,1.896704e+01,1.900960e+01,1.933522e+01,1.915130e+01,1.929988e+01,1.944118e+01,1.953996e+01,1.983574e+01,1.985683e+01,1.988495e+01,1.988495e+01,1.989901e+01,1.982168e+01,1.987090e+01,2.014467e+01,2.022876e+01,2.044567e+01,2.068303e+01,2.070394e+01,2.082239e+01,2.080846e+01,2.089200e+01,2.083632e+01,2.087808e+01,2.096852e+01,2.088504e+01,2.082935e+01,2.085720e+01,2.087808e+01,2.091287e+01,2.086416e+01,2.096156e+01,2.089200e+01,2.101023e+01,2.098242e+01,2.085720e+01,2.102413e+01,2.085024e+01,2.088504e+01,2.096852e+01,2.078060e+01,2.087808e+01,2.093374e+01,2.091983e+01,2.088504e+01,2.094070e+01,2.094765e+01,2.092679e+01,2.096852e+01,2.089896e+01,2.087112e+01,2.082239e+01,2.078757e+01,2.075970e+01,2.087808e+01,2.077363e+01,2.078060e+01,2.078757e+01,2.071789e+01,2.074576e+01,2.066908e+01,2.084328e+01,2.096852e+01,2.092679e+01,2.093374e+01,2.110054e+01,2.118384e+01,2.108665e+01,2.129479e+01,2.137101e+01,2.139871e+01,2.139871e+01,2.153017e+01,2.144024e+01
2.044567e+01,2.043169e+01,2.042470e+01,2.029178e+01,2.014467e+01,1.983574e+01,1.989901e+01,1.959637e+01,1.944823e+01,1.976540e+01,1.941293e+01,1.929988e+01,1.954701e+01,1.933522e+01,1.944118e+01,1.924331e+01,1.918670e+01,1.898832e+01,1.896704e+01,1.889609e+01,1.893867e+01,1.888899e+01,1.880376e+01,1.876823e+01,1.880376e+01,1.859038e+01,1.881087e+01,1.867579e+01,1.866867e+01,1.882508e+01,1.871847e+01,1.873269e+01,1.884638e+01,1.881087e+01,1.887479e+01,1.881797e+01,1.891738e+01,1.896704e+01,1.908756e+01,1.898832e+01,1.905213e+01,1.898832e+01,1.906630e+01,1.898832e+01,1.914422e+01,1.893867e+01,1.917962e+01,1.914422e+01,1.905922e+01,1.921501e+01,1.896704e+01,1.908756e+01,1.912298e+01,1.921501e+01,1.923623e+01,1.921501e+01,1.927867e+01,1.939174e+01,1.931402e+01,1.934229e+01,1.937762e+01,1.949764e+01,1.956817e+01,1.953996e+01,1.956112e+01,1.948352e+01,1.949764e+01,1.957522e+01,1.972317e+01,1.945529e+01,1.935642e+01,1.944118e+01,1.941999e+01,1.941999e+01,1.953291e+01,1.953291e+01,1.937055e+01,1.947647e+01,1.956112e+01,1.944823e+01,1.935642e+01,1.946235e+01,1.952586e+01,1.951880e+01,1.927867e+01,1.947647e+01,1.936349e+01,1.956817e+01,1.949058e+01,1.944823e+01,1.955407e+01,1.947647e+01,1.950469e+01,1.934229e+01,1.941293e+01,1.953291e+01,1.942705e+01,1.939174e+01,1.934936e+01,1.941999e+01,1.944118e+01,1.950469e+01,1.949058e+01,1.931402e+01,1.943411e+01,1.949058e+01,1.945529e+01,1.944118e+01,1.946235e+01,1.944823e+01,1.938468e+01,1.939881e+01,1.937762e+01,1.925745e+01,1.926452e+01,1.929281e+01,1.939174e+01,1.927867e+01,1.951175e+01,1.939881e+01,1.931402e+01,1.949058e+01,1.968092e+01,1.987090e+01,2.019373e+01,2.029178e+01,2.027078e+01,2.036176e+01,2.039673e+01,2.036176e+01,2.034077e+01,2.034077e+01,2.033377e+01,2.041770e+01,2.050855e+01,2.048759e+01,2.031278e+01,2.019373e+01,2.010961e+01,1.972317e+01,1.970205e+01,1.929281e+01,1.928574e+01,1.922916e+01,1.915838e+01,1.905922e+01,1.922916e+01,1.927867e+01,1.944823e+01,1.956112e+01,1.970205e+01,1.963865e+01,1.980058e+01,1.992009e+01,1.992711e+01,1.992009e+01,2.006051e+01,2.008857e+01,2.042470e+01,2.045266e+01,2.048061e+01,2.047362e+01,2.050157e+01,2.023577e+01,1.994117e+01,2.013766e+01,1.996224e+01,1.987090e+01,1.961047e+01,1.962456e+01,1.958932e+01,1.965979e+01,1.989901e+01,1.993414e+01,2.001139e+01,2.016570e+01,2.019373e+01,2.030578e+01,2.027778e+01,2.054347e+01,2.052950e+01,2.047362e+01,2.062723e+01,2.067605e+01,2.075970e+01,2.070394e+01,2.069000e+01,2.073879e+01,2.067605e+01,2.059932e+01,2.069000e+01,2.059234e+01,2.053649e+01,2.049458e+01,2.050855e+01,2.035476e+01,2.044567e+01,2.043868e+01,2.031978e+01,2.016570e+01,2.013065e+01,2.011663e+01,1.996926e+01,1.987792e+01,1.996224e+01,1.994819e+01,1.994117e+01,1.979354e+01,1.976540e+01,1.953291e+01,1.951175e+01,1.946941e+01,1.946235e+01,1.950469e+01,1.932109e+01,1.933522e+01,1.919378e+01,1.922208e+01,1.909464e+01,1.914422e+01,1.919378e+01,1.913714e+01,1.905922e+01,1.905922e+01,1.914422e+01,1.910173e+01,1.917962e+01,1.918670e+01,1.967388e+01,1.966683e+01,1.982168e+01,1.994819e+01,2.017972e+01,2.017271e+01,2.045964e+01,2.052252e+01,2.074576e+01,2.062723e+01,2.068303e+01,2.077363e+01,2.072486e+01,2.073879e+01,2.076667e+01,2.069697e+01,2.080150e+01,2.075970e+01,2.047362e+01,2.062025e+01,2.056442e+01,2.039673e+01,2.044567e+01,2.042470e+01,2.041071e+01,2.038274e+01,2.027778e+01,2.027078e+01,2.038274e+01,2.031978e+01,2.029878e+01,2.036176e+01,2.026378e+01,2.036176e+01,2.030578e+01,2.036176e+01,2.039673e+01,2.055743e+01,2.032678e+01,2.020074e+01,2.023577e+01,2.022176e+01,2.009559e+01,2.005350e+01,1.995521e+01,1.995521e+01,2.005350e+01,2.001139e+01,1.999735e+01,2.010260e+01,2.016570e+01,2.030578e+01,2.033377e+01,2.033377e+01,2.046663e+01,2.002542e+01,1.987792e+01,1.963865e+01,1.955407e+01,1.917254e+01,1.889609e+01,1.901669e+01,1.879666e+01,1.877534e+01,1.861886e+01,1.859750e+01,1.854765e+01,1.849064e+01,1.859038e+01,1.863309e+01,1.867579e+01,1.870424e+01,1.846213e+01,1.852628e+01,1.849777e+01,1.841934e+01,1.844074e+01,1.839794e+01,1.839081e+01,1.833372e+01,1.831944e+01,1.831230e+01,1.829087e+01,1.833372e+01,1.839794e+01,1.834085e+01,1.836940e+01,1.831944e+01,1.824801e+01,1.829801e+01,1.826230e+01,1.821228e+01,1.819083e+01,1.819798e+01,1.817653e+01,1.811216e+01,1.816223e+01,1.809069e+01,1.802627e+01,1.809785e+01,1.816223e+01,1.809785e+01,1.806207e+01,1.817653e+01,1.805490e+01,1.815508e+01,1.808354e+01,1.800478e+01,1.809069e+01,1.813362e+01,1.819798e+01,1.819798e+01,1.815508e+01,1.814078e+01,1.817653e+01,1.828373e+01,1.820513e+01,1.820513e+01,1.833372e+01,1.833372e+01,1.847639e+01,1.844787e+01,1.865444e+01,1.864021e+01,1.861174e+01,1.861886e+01,1.877534e+01,1.873269e+01,1.878245e+01,1.865444e+01,1.882508e+01,1.886059e+01,1.897414e+01,1.885349e+01,1.893867e+01,1.905213e+01,1.909464e+01,1.944118e+01,1.977947e+01,1.963865e+01,1.992711e+01,1.993414e+01,2.012364e+01,2.023577e+01,2.020074e+01,2.019373e+01,2.011663e+01,2.000437e+01,1.983574e+01,1.980058e+01,1.950469e+01,1.941999e+01,1.950469e+01,1.928574e+01,1.928574e+01,1.922208e+01,1.927867e+01,1.918670e+01,1.916546e+01,1.915838e+01,1.914422e+01,1.915130e+01,1.915838e+01,1.910881e+01,1.898832e+01,1.904504e+01,1.903087e+01,1.899541e+01,1.902378e+01,1.892448e+01,1.910173e+01,1.905213e+01,1.898123e+01,1.892448e+01,1.908756e+01,1.889609e+01,1.887479e+01,1.884638e+01,1.893867e+01,1.888189e+01,1.881797e+01,1.880376e+01,1.876823e+01,1.878245e+01,1.883218e+01,1.873980e+01,1.871135e+01,1.876112e+01,1.863309e+01,1.873269e+01,1.885349e+01,1.863309e+01,1.881087e+01,1.882508e+01,1.878245e+01,1.875401e+01,1.878245e+01,1.898832e+01,1.896704e+01,1.908756e+01,1.912298e+01,1.924331e+01,1.936349e+01,1.954701e+01,1.968092e+01,1.984980e+01,1.998330e+01,2.008156e+01,2.028478e+01,2.045266e+01,2.043868e+01,2.043169e+01,2.037575e+01,2.041770e+01,2.036875e+01,2.035476e+01,2.043169e+01,2.036176e+01,2.035476e+01,2.029878e+01,2.024277e+01,2.024277e+01,2.027078e+01,2.029878e+01,2.020074e+01,2.034077e+01,2.031978e+01,2.018673e+01,2.019373e+01,2.020074e+01,2.025677e+01,2.031978e+01,2.042470e+01,2.039673e+01,2.047362e+01,2.067605e+01,2.071789e+01,2.070394e+01,2.064118e+01,2.070394e+01,2.073182e+01,2.066908e+01,2.080150e+01,2.071789e+01,2.080150e+01,2.073879e+01,2.087808e+01,2.079453e+01,2.084328e+01,2.075273e+01,2.069697e+01,2.084328e+01,2.078757e+01,2.083632e+01,2.091287e+01,2.066908e+01,2.064118e+01,2.067605e+01,2.064118e+01,2.060629e+01,2.062723e+01,2.064118e+01,2.052950e+01,2.044567e+01,2.058536e+01,2.059234e+01,2.059234e+01,2.059932e+01,2.057140e+01,2.019373e+01,1.985683e+01,1.960342e+01,1.949764e+01,1.928574e+01,1.909464e+01,1.946941e+01,1.927160e+01,1.921501e+01,1.898123e+01,1.903087e+01,1.874691e+01,1.861886e+01,1.874691e+01,1.873269e+01,1.860462e+01,1.857614e+01,1.859038e+01,1.856190e+01,1.859038e+01,1.864021e+01,1.871135e+01,1.870424e+01,1.880376e+01,1.864733e+01,1.867579e+01,1.876823e+01,1.866156e+01,1.860462e+01,1.867579e+01,1.870424e+01,1.864733e+01,1.873269e+01,1.874691e+01,1.873980e+01,1.856190e+01,1.856902e+01,1.859038e+01,1.855477e+01,1.862598e+01,1.866156e+01,1.834085e+01,1.852628e+01,1.865444e+01,1.864021e+01,1.860462e+01,1.845500e+01,1.844074e+01,1.841221e+01,1.833372e+01,1.841934e+01,1.841934e+01,1.835513e+01,1.825516e+01,1.830515e+01,1.827659e+01,1.830515e+01,1.834799e+01,1.851915e+01,1.836227e+01,1.840508e+01,1.844787e+01,1.851915e+01,1.861886e+01,1.849777e+01,1.863309e+01,1.874691e+01,1.878245e+01,1.882508e+01,1.881087e+01,1.888189e+01,1.934229e+01,1.933522e+01,1.929988e+01,1.946235e+01,1.980058e+01,2.000437e+01,2.008857e+01,2.034077e+01,2.041770e+01,2.027078e+01,2.006753e+01,2.015869e+01,2.018673e+01,2.047362e+01,2.039673e+01,2.067605e+01,2.065513e+01,2.092679e+01,2.094765e+01,2.082935e+01,2.084328e+01,2.088504e+01,2.081543e+01,2.083632e+01,2.089896e+01,2.081543e+01,2.087112e+01,2.087112e+01,2.104497e+01,2.087112e+01,2.083632e+01,2.097547e+01,2.080846e+01,2.087112e+01,2.089896e+01,2.098242e+01,2.098937e+01,2.090592e+01,2.098937e+01,2.082935e+01,2.095461e+01,2.095461e+01,2.091983e+01,2.096852e+01,2.092679e+01,2.091287e+01,2.091287e+01,2.094070e+01,2.096852e+01,2.094765e+01,2.076667e+01,2.075273e+01,2.080846e+01,2.078060e+01,2.064816e+01,2.069000e+01,2.081543e+01,2.082935e+01,2.083632e+01,2.078060e+01,2.078060e+01,2.106581e+01,2.112137e+01,2.122546e+01,2.130865e+01,2.128093e+01,2.135715e+01,2.135715e+01,2.131559e+01,2.135023e+01,2.132252e+01,2.145408e+01
2.044567e+01,2.017972e+01,2.001139e+01,2.011663e+01,1.989901e+01,1.981464e+01,1.980761e+01,1.970909e+01,1.960342e+01,1.956817e+01,1.946235e+01,1.942705e+01,1.933522e+01,1.931402e+01,1.924331e+01,1.929281e+01,1.920085e+01,1.909464e+01,1.906630e+01,1.890318e+01,1.884638e+01,1.863309e+01,1.864021e+01,1.869002e+01,1.861886e+01,1.851203e+01,1.857614e+01,1.863309e+01,1.866867e+01,1.869713e+01,1.867579e+01,1.869002e+01,1.870424e+01,1.876112e+01,1.878955e+01,1.884638e+01,1.885349e+01,1.902378e+01,1.896704e+01,1.906630e+01,1.885349e+01,1.904504e+01,1.902378e+01,1.913714e+01,1.914422e+01,1.914422e+01,1.915130e+01,1.912298e+01,1.917962e+01,1.895286e+01,1.919378e+01,1.919378e+01,1.918670e+01,1.914422e+01,1.922916e+01,1.934936e+01,1.932815e+01,1.929281e+01,1.932109e+01,1.928574e+01,1.941999e+01,1.956112e+01,1.944118e+01,1.951880e+01,1.969500e+01,1.949058e+01,1.953291e+01,1.944118e+01,1.946235e+01,1.946235e+01,1.937762e+01,1.953291e+01,1.950469e+01,1.942705e+01,1.946941e+01,1.943411e+01,1.946941e+01,1.949764e+01,1.943411e+01,1.943411e+01,1.942705e+01,1.941293e+01,1.943411e+01,1.962456e+01,1.940587e+01,1.951175e+01,1.942705e+01,1.951175e+01,1.955407e+01,1.941999e+01,1.952586e+01,1.935642e+01,1.956817e+01,1.951880e+01,1.934229e+01,1.935642e+01,1.936349e+01,1.938468e+01,1.943411e+01,1.942705e+01,1.946941e+01,1.949764e+01,1.938468e+01,1.942705e+01,1.953291e+01,1.934229e+01,1.952586e+01,1.941999e+01,1.940587e+01,1.937762e+01,1.942705e+01,1.939881e+01,1.937055e+01,1.938468e+01,1.939881e+01,1.940587e+01,1.939174e+01,1.934936e+01,1.949764e+01,1.961047e+01,1.951880e+01,1.960342e+01,1.985683e+01,2.006753e+01,2.021475e+01,2.010260e+01,2.045266e+01,2.043169e+01,2.028478e+01,2.042470e+01,2.053649e+01,2.032678e+01,2.052950e+01,2.050157e+01,2.059234e+01,2.043868e+01,2.038974e+01,2.011663e+01,1.981464e+01,1.963161e+01,1.958227e+01,1.932109e+01,1.946235e+01,1.920085e+01,1.929988e+01,1.941293e+01,1.939881e+01,1.946235e+01,1.957522e+01,1.972317e+01,1.982871e+01,1.983574e+01,2.013065e+01,2.011663e+01,2.009559e+01,2.039673e+01,2.024277e+01,2.038974e+01,2.055045e+01,2.031978e+01,2.052950e+01,2.049458e+01,2.044567e+01,2.045266e+01,2.017972e+01,2.014467e+01,2.014467e+01,1.968092e+01,1.975132e+01,1.941999e+01,1.949764e+01,1.966683e+01,1.982168e+01,1.987792e+01,1.996926e+01,2.013766e+01,2.022876e+01,2.034777e+01,2.045266e+01,2.056442e+01,2.054347e+01,2.066211e+01,2.067605e+01,2.075273e+01,2.067605e+01,2.072486e+01,2.074576e+01,2.073879e+01,2.073182e+01,2.073879e+01,2.055743e+01,2.055743e+01,2.052252e+01,2.048061e+01,2.041071e+01,2.071789e+01,2.038974e+01,2.023577e+01,2.028478e+01,2.043868e+01,2.015869e+01,2.015869e+01,2.001841e+01,1.970909e+01,1.975836e+01,1.978650e+01,1.954701e+01,1.975836e+01,1.965979e+01,1.953291e+01,1.943411e+01,1.939881e+01,1.929281e+01,1.946941e+01,1.946235e+01,1.946941e+01,1.925745e+01,1.917254e+01,1.908756e+01,1.908756e+01,1.909464e+01,1.911590e+01,1.911590e+01,1.913714e+01,1.927160e+01,1.914422e+01,1.934229e+01,1.956112e+01,1.959637e+01,1.984980e+01,1.998330e+01,2.007454e+01,2.016570e+01,2.032678e+01,2.048061e+01,2.067605e+01,2.067605e+01,2.069000e+01,2.071091e+01,2.074576e+01,2.087112e+01,2.071091e+01,2.080846e+01,2.067605e+01,2.068303e+01,2.068303e+01,2.066211e+01,2.065513e+01,2.052950e+01,2.021475e+01,2.018673e+01,2.031978e+01,2.020774e+01,2.006753e+01,2.010961e+01,2.029878e+01,2.023577e+01,2.023577e+01,2.032678e+01,2.046663e+01,2.051554e+01,2.034077e+01,2.028478e+01,2.029878e+01,2.030578e+01,2.029878e+01,2.022876e+01,2.031278e+01,2.027778e+01,2.022876e+01,2.018673e+01,2.023577e+01,2.005350e+01,2.005350e+01,2.010260e+01,2.003946e+01,1.993414e+01,2.012364e+01,2.007454e+01,2.026378e+01,2.029178e+01,2.050855e+01,2.027778e+01,2.003244e+01,2.001139e+01,1.972317e+01,1.918670e+01,1.909464e+01,1.895286e+01,1.880376e+01,1.879666e+01,1.878245e+01,1.854765e+01,1.868290e+01,1.849064e+01,1.866867e+01,1.853340e+01,1.857614e+01,1.849777e+01,1.866156e+01,1.846213e+01,1.856190e+01,1.838367e+01,1.849777e+01,1.841221e+01,1.839081e+01,1.834799e+01,1.839081e+01,1.839794e+01,1.836227e+01,1.850490e+01,1.849777e+01,1.830515e+01,1.835513e+01,1.831944e+01,1.832658e+01,1.833372e+01,1.830515e+01,1.825516e+01,1.810501e+01,1.826944e+01,1.819798e+01,1.827659e+01,1.818369e+01,1.811216e+01,1.814793e+01,1.812647e+01,1.813362e+01,1.804775e+01,1.802627e+01,1.808354e+01,1.806207e+01,1.803343e+01,1.809785e+01,1.809785e+01,1.814793e+01,1.808354e+01,1.801910e+01,1.809069e+01,1.815508e+01,1.809069e+01,1.821943e+01,1.821943e+01,1.821943e+01,1.817653e+01,1.814078e+01,1.836940e+01,1.825516e+01,1.831230e+01,1.840508e+01,1.841221e+01,1.842648e+01,1.860462e+01,1.862598e+01,1.871847e+01,1.864021e+01,1.864733e+01,1.882508e+01,1.866867e+01,1.867579e+01,1.881087e+01,1.888189e+01,1.878245e+01,1.903087e+01,1.932109e+01,1.928574e+01,1.961047e+01,1.968796e+01,1.987792e+01,1.997628e+01,2.015869e+01,2.011663e+01,2.015869e+01,2.018673e+01,2.010961e+01,2.001841e+01,1.976540e+01,1.973725e+01,1.960342e+01,1.946235e+01,1.934936e+01,1.943411e+01,1.928574e+01,1.917962e+01,1.905922e+01,1.917254e+01,1.917962e+01,1.915838e+01,1.919378e+01,1.897414e+01,1.909464e+01,1.905213e+01,1.907339e+01,1.897414e+01,1.898123e+01,1.893157e+01,1.889609e+01,1.893157e+01,1.911590e+01,1.913714e+01,1.896704e+01,1.893867e+01,1.894576e+01,1.893157e+01,1.888189e+01,1.891028e+01,1.885349e+01,1.887479e+01,1.877534e+01,1.865444e+01,1.880376e+01,1.877534e+01,1.879666e+01,1.879666e+01,1.872558e+01,1.872558e+01,1.878955e+01,1.871135e+01,1.866156e+01,1.881087e+01,1.878245e+01,1.880376e+01,1.896704e+01,1.878245e+01,1.883928e+01,1.880376e+01,1.883218e+01,1.888899e+01,1.914422e+01,1.913714e+01,1.922916e+01,1.939174e+01,1.970909e+01,1.962456e+01,1.989198e+01,1.989901e+01,2.011663e+01,2.010961e+01,2.030578e+01,2.034077e+01,2.043169e+01,2.035476e+01,2.038974e+01,2.039673e+01,2.036875e+01,2.034777e+01,2.034777e+01,2.036176e+01,2.033377e+01,2.036176e+01,2.028478e+01,2.030578e+01,2.034777e+01,2.024977e+01,2.025677e+01,2.024277e+01,2.028478e+01,2.024977e+01,2.034777e+01,2.034777e+01,2.037575e+01,2.039673e+01,2.057140e+01,2.056442e+01,2.068303e+01,2.060629e+01,2.077363e+01,2.070394e+01,2.078757e+01,2.079453e+01,2.073879e+01,2.074576e+01,2.091983e+01,2.089896e+01,2.075970e+01,2.072486e+01,2.087112e+01,2.077363e+01,2.072486e+01,2.078060e+01,2.082935e+01,2.085024e+01,2.069697e+01,2.070394e+01,2.052252e+01,2.062025e+01,2.070394e+01,2.069000e+01,2.048061e+01,2.057140e+01,2.052252e+01,2.052950e+01,2.058536e+01,2.060629e+01,2.077363e+01,2.060629e+01,2.066211e+01,2.073182e+01,2.020074e+01,1.987090e+01,1.968796e+01,1.948352e+01,1.932815e+01,1.919378e+01,1.924331e+01,1.915130e+01,1.915838e+01,1.907339e+01,1.891028e+01,1.869002e+01,1.874691e+01,1.876823e+01,1.866156e+01,1.859038e+01,1.856902e+01,1.844074e+01,1.839081e+01,1.852628e+01,1.883928e+01,1.871847e+01,1.887479e+01,1.879666e+01,1.892448e+01,1.876112e+01,1.873980e+01,1.877534e+01,1.875401e+01,1.866156e+01,1.872558e+01,1.856190e+01,1.870424e+01,1.871135e+01,1.855477e+01,1.859750e+01,1.857614e+01,1.858326e+01,1.861174e+01,1.856902e+01,1.856190e+01,1.860462e+01,1.859750e+01,1.859750e+01,1.860462e+01,1.854765e+01,1.853340e+01,1.861886e+01,1.850490e+01,1.836940e+01,1.831230e+01,1.837654e+01,1.835513e+01,1.848352e+01,1.826944e+01,1.840508e+01,1.841934e+01,1.836227e+01,1.846926e+01,1.842648e+01,1.841221e+01,1.856190e+01,1.858326e+01,1.863309e+01,1.866156e+01,1.861174e+01,1.874691e+01,1.881797e+01,1.892448e+01,1.893157e+01,1.908047e+01,1.915838e+01,1.930695e+01,1.959637e+01,1.988495e+01,2.023577e+01,2.024977e+01,2.039673e+01,2.044567e+01,2.047362e+01,2.044567e+01,2.045266e+01,2.046663e+01,2.041770e+01,2.062723e+01,2.073182e+01,2.081543e+01,2.088504e+01,2.081543e+01,2.084328e+01,2.096852e+01,2.088504e+01,2.082239e+01,2.081543e+01,2.087112e+01,2.101718e+01,2.098937e+01,2.096156e+01,2.100327e+01,2.100327e+01,2.103107e+01,2.094765e+01,2.081543e+01,2.091287e+01,2.093374e+01,2.098242e+01,2.090592e+01,2.086416e+01,2.089896e+01,2.080150e+01,2.089200e+01,2.087112e+01,2.088504e+01,2.091287e+01,2.092679e+01,2.091287e+01,2.089896e+01,2.081543e+01,2.072486e+01,2.085024e+01,2.080150e+01,2.071789e+01,2.080150e+01,2.088504e+01,2.079453e+01,2.071091e+01,2.077363e+01,2.080150e+01,2.069000e+01,2.091983e+01,2.088504e+01,2.106581e+01,2.119771e+01,2.121852e+01,2.123933e+01,2.139178e+01,2.141255e+01,2.133637e+01,2.130865e+01,2.136408e+01,2.134330e+01,2.150251e+01
2.025677e+01,2.013065e+01,2.011663e+01,1.970205e+01,1.981464e+01,1.962456e+01,1.941999e+01,1.944823e+01,1.961751e+01,1.944118e+01,1.958932e+01,1.956817e+01,1.927867e+01,1.939881e+01,1.923623e+01,1.920085e+01,1.903795e+01,1.891028e+01,1.888189e+01,1.872558e+01,1.873980e+01,1.888899e+01,1.859750e+01,1.849777e+01,1.861886e+01,1.851915e+01,1.839794e+01,1.856190e+01,1.856190e+01,1.854765e+01,1.866156e+01,1.870424e+01,1.871135e+01,1.876112e+01,1.878245e+01,1.882508e+01,1.882508e+01,1.908047e+01,1.896704e+01,1.892448e+01,1.905922e+01,1.905213e+01,1.915838e+01,1.917254e+01,1.909464e+01,1.921501e+01,1.905922e+01,1.915838e+01,1.920793e+01,1.893867e+01,1.909464e+01,1.911590e+01,1.908756e+01,1.917962e+01,1.919378e+01,1.924331e+01,1.921501e+01,1.925038e+01,1.927867e+01,1.929988e+01,1.930695e+01,1.955407e+01,1.960342e+01,1.959637e+01,1.951880e+01,1.944118e+01,1.956817e+01,1.975836e+01,1.952586e+01,1.951880e+01,1.955407e+01,1.953996e+01,1.943411e+01,1.941999e+01,1.944823e+01,1.941999e+01,1.946235e+01,1.942705e+01,1.953291e+01,1.949764e+01,1.953996e+01,1.955407e+01,1.941999e+01,1.951880e+01,1.940587e+01,1.941999e+01,1.933522e+01,1.955407e+01,1.938468e+01,1.943411e+01,1.951880e+01,1.945529e+01,1.954701e+01,1.951880e+01,1.953291e+01,1.953996e+01,1.955407e+01,1.951175e+01,1.954701e+01,1.945529e+01,1.937055e+01,1.946941e+01,1.946235e+01,1.951880e+01,1.963161e+01,1.944823e+01,1.944118e+01,1.944118e+01,1.939881e+01,1.938468e+01,1.941293e+01,1.935642e+01,1.940587e+01,1.949058e+01,1.941293e+01,1.937762e+01,1.956112e+01,1.936349e+01,1.937762e+01,1.955407e+01,1.953291e+01,1.958932e+01,1.986386e+01,2.020774e+01,2.010961e+01,2.013065e+01,2.050855e+01,2.038974e+01,2.044567e+01,2.040372e+01,2.050855e+01,2.052252e+01,2.049458e+01,2.047362e+01,2.050855e+01,2.038274e+01,2.039673e+01,2.034777e+01,1.996224e+01,1.982168e+01,1.973725e+01,1.945529e+01,1.944118e+01,1.938468e+01,1.953996e+01,1.948352e+01,1.995521e+01,1.994117e+01,2.003244e+01,1.997628e+01,2.001139e+01,2.009559e+01,2.012364e+01,2.031978e+01,2.036875e+01,2.034777e+01,2.052252e+01,2.059234e+01,2.064816e+01,2.062723e+01,2.066211e+01,2.071091e+01,2.064816e+01,2.043868e+01,2.036875e+01,2.018673e+01,2.016570e+01,1.993414e+01,1.973021e+01,1.948352e+01,1.966683e+01,1.969500e+01,1.977947e+01,1.984277e+01,1.999033e+01,2.013766e+01,2.031278e+01,2.045266e+01,2.036875e+01,2.057838e+01,2.062723e+01,2.074576e+01,2.066908e+01,2.069000e+01,2.075273e+01,2.066908e+01,2.073879e+01,2.072486e+01,2.075970e+01,2.050855e+01,2.054347e+01,2.055045e+01,2.052950e+01,2.046663e+01,2.045964e+01,2.041071e+01,2.034077e+01,2.034777e+01,2.043868e+01,2.015869e+01,2.014467e+01,1.999735e+01,1.991306e+01,1.994819e+01,1.971613e+01,1.984980e+01,1.970909e+01,1.969500e+01,1.953996e+01,1.950469e+01,1.943411e+01,1.949764e+01,1.943411e+01,1.917962e+01,1.940587e+01,1.913006e+01,1.913714e+01,1.915838e+01,1.909464e+01,1.910881e+01,1.911590e+01,1.909464e+01,1.898123e+01,1.911590e+01,1.915130e+01,1.915838e+01,1.959637e+01,1.968092e+01,1.964570e+01,1.993414e+01,1.996926e+01,2.010260e+01,2.013766e+01,2.041770e+01,2.041071e+01,2.045266e+01,2.073879e+01,2.070394e+01,2.075970e+01,2.082935e+01,2.071789e+01,2.080846e+01,2.071789e+01,2.076667e+01,2.057838e+01,2.055045e+01,2.063420e+01,2.046663e+01,2.048759e+01,2.030578e+01,2.012364e+01,2.016570e+01,1.999033e+01,1.996926e+01,2.006753e+01,2.001139e+01,2.009559e+01,2.015869e+01,2.033377e+01,2.029178e+01,2.034777e+01,2.029178e+01,2.028478e+01,2.023577e+01,2.038274e+01,2.027078e+01,2.025677e+01,2.031278e+01,2.029878e+01,2.030578e+01,2.023577e+01,2.015168e+01,2.002542e+01,2.003244e+01,2.013065e+01,2.015168e+01,2.007454e+01,2.013065e+01,2.017271e+01,2.013766e+01,2.027078e+01,2.025677e+01,2.012364e+01,1.999033e+01,1.994819e+01,1.966683e+01,1.930695e+01,1.896704e+01,1.886059e+01,1.881797e+01,1.868290e+01,1.853340e+01,1.854053e+01,1.854053e+01,1.852628e+01,1.864021e+01,1.845500e+01,1.864733e+01,1.861174e+01,1.859038e+01,1.845500e+01,1.849064e+01,1.851203e+01,1.851915e+01,1.849064e+01,1.841934e+01,1.849064e+01,1.831230e+01,1.838367e+01,1.824801e+01,1.843361e+01,1.831944e+01,1.834085e+01,1.837654e+01,1.833372e+01,1.839081e+01,1.831944e+01,1.826230e+01,1.826944e+01,1.821943e+01,1.811932e+01,1.820513e+01,1.816938e+01,1.816938e+01,1.813362e+01,1.816223e+01,1.807638e+01,1.804775e+01,1.802627e+01,1.806207e+01,1.804775e+01,1.815508e+01,1.795463e+01,1.808354e+01,1.800478e+01,1.805490e+01,1.802627e+01,1.809069e+01,1.808354e+01,1.813362e+01,1.810501e+01,1.814793e+01,1.811216e+01,1.810501e+01,1.811932e+01,1.823372e+01,1.834085e+01,1.831230e+01,1.829801e+01,1.836940e+01,1.836940e+01,1.840508e+01,1.855477e+01,1.846926e+01,1.859750e+01,1.861886e+01,1.861886e+01,1.869002e+01,1.874691e+01,1.864733e+01,1.872558e+01,1.888189e+01,1.900251e+01,1.905922e+01,1.911590e+01,1.953291e+01,1.961751e+01,1.978650e+01,1.977947e+01,1.993414e+01,1.999735e+01,1.995521e+01,2.021475e+01,2.008857e+01,1.992711e+01,1.982871e+01,1.977947e+01,1.969500e+01,1.955407e+01,1.949764e+01,1.914422e+01,1.944118e+01,1.928574e+01,1.913714e+01,1.917254e+01,1.908756e+01,1.905922e+01,1.896704e+01,1.915130e+01,1.909464e+01,1.894576e+01,1.904504e+01,1.898123e+01,1.897414e+01,1.886769e+01,1.887479e+01,1.892448e+01,1.896704e+01,1.892448e+01,1.893157e+01,1.888899e+01,1.892448e+01,1.891738e+01,1.891738e+01,1.891738e+01,1.893157e+01,1.892448e+01,1.879666e+01,1.883218e+01,1.880376e+01,1.869713e+01,1.878245e+01,1.877534e+01,1.878955e+01,1.869713e+01,1.878245e+01,1.876823e+01,1.868290e+01,1.862598e+01,1.881087e+01,1.878955e+01,1.883218e+01,1.879666e+01,1.882508e+01,1.873980e+01,1.882508e+01,1.887479e+01,1.888189e+01,1.891028e+01,1.910881e+01,1.939881e+01,1.920085e+01,1.948352e+01,1.946941e+01,1.971613e+01,1.975132e+01,2.009559e+01,2.010961e+01,2.026378e+01,2.034777e+01,2.045964e+01,2.027078e+01,2.045964e+01,2.034077e+01,2.033377e+01,2.034077e+01,2.023577e+01,2.024277e+01,2.025677e+01,2.023577e+01,2.029878e+01,2.036176e+01,2.036875e+01,2.026378e+01,2.033377e+01,2.024977e+01,2.042470e+01,2.027778e+01,2.022176e+01,2.046663e+01,2.039673e+01,2.052950e+01,2.059234e+01,2.057140e+01,2.064118e+01,2.072486e+01,2.060629e+01,2.073879e+01,2.080150e+01,2.075273e+01,2.076667e+01,2.085720e+01,2.086416e+01,2.085024e+01,2.075970e+01,2.075970e+01,2.073182e+01,2.072486e+01,2.078757e+01,2.078757e+01,2.071091e+01,2.073182e+01,2.079453e+01,2.066908e+01,2.071091e+01,2.071091e+01,2.072486e+01,2.064816e+01,2.052950e+01,2.056442e+01,2.059932e+01,2.066908e+01,2.062025e+01,2.062723e+01,2.051554e+01,2.078757e+01,2.075273e+01,2.069000e+01,2.057140e+01,2.036875e+01,1.971613e+01,1.958932e+01,1.935642e+01,1.939881e+01,1.926452e+01,1.930695e+01,1.937762e+01,1.924331e+01,1.911590e+01,1.879666e+01,1.886769e+01,1.873980e+01,1.877534e+01,1.873980e+01,1.868290e+01,1.849064e+01,1.831944e+01,1.839081e+01,1.856190e+01,1.869713e+01,1.873980e+01,1.881087e+01,1.878955e+01,1.881797e+01,1.885349e+01,1.874691e+01,1.878245e+01,1.871847e+01,1.873980e+01,1.854053e+01,1.863309e+01,1.859038e+01,1.858326e+01,1.864021e+01,1.857614e+01,1.857614e+01,1.861174e+01,1.858326e+01,1.859038e+01,1.856902e+01,1.870424e+01,1.861174e+01,1.873269e+01,1.861174e+01,1.845500e+01,1.841934e+01,1.841221e+01,1.858326e+01,1.836940e+01,1.841934e+01,1.839081e+01,1.831230e+01,1.825516e+01,1.836940e+01,1.836227e+01,1.834085e+01,1.844074e+01,1.853340e+01,1.854053e+01,1.850490e+01,1.849777e+01,1.864021e+01,1.851915e+01,1.875401e+01,1.866867e+01,1.880376e+01,1.881087e+01,1.891028e+01,1.910173e+01,1.930695e+01,1.940587e+01,1.978650e+01,2.001841e+01,2.020074e+01,2.044567e+01,2.067605e+01,2.043868e+01,2.045964e+01,2.066908e+01,2.045964e+01,2.062025e+01,2.082239e+01,2.069000e+01,2.085024e+01,2.082935e+01,2.091287e+01,2.087112e+01,2.080846e+01,2.091287e+01,2.089896e+01,2.098242e+01,2.096852e+01,2.090592e+01,2.087112e+01,2.092679e+01,2.099632e+01,2.093374e+01,2.084328e+01,2.097547e+01,2.089896e+01,2.080150e+01,2.092679e+01,2.087112e+01,2.094765e+01,2.092679e+01,2.100327e+01,2.092679e+01,2.082239e+01,2.085024e+01,2.094765e+01,2.091983e+01,2.097547e+01,2.091983e+01,2.089896e+01,2.090592e+01,2.080150e+01,2.085024e+01,2.079453e+01,2.079453e+01,2.084328e+01,2.078757e+01,2.071789e+01,2.076667e+01,2.070394e+01,2.082239e+01,2.079453e+01,2.080150e+01,2.082935e+01,2.075970e+01,2.115608e+01,2.118384e+01,2.137793e+01,2.126013e+01,2.135715e+01,2.130865e+01,2.132252e+01,2.135023e+01,2.132944e+01,2.156474e+01,2.151634e+01
2.012364e+01,1.999033e+01,1.985683e+01,1.977947e+01,1.964570e+01,1.959637e+01,1.939881e+01,1.951175e+01,1.950469e+01,1.951175e+01,1.947647e+01,1.925038e+01,1.935642e+01,1.915838e+01,1.923623e+01,1.915838e+01,1.914422e+01,1.903087e+01,1.895286e+01,1.885349e+01,1.859038e+01,1.841934e+01,1.841221e+01,1.843361e+01,1.841221e+01,1.864021e+01,1.863309e+01,1.856190e+01,1.856902e+01,1.859750e+01,1.866867e+01,1.873269e+01,1.868290e+01,1.876823e+01,1.905213e+01,1.873980e+01,1.883218e+01,1.882508e+01,1.883218e+01,1.898832e+01,1.897414e+01,1.921501e+01,1.916546e+01,1.907339e+01,1.920085e+01,1.920793e+01,1.920793e+01,1.902378e+01,1.898832e+01,1.919378e+01,1.920793e+01,1.913006e+01,1.916546e+01,1.906630e+01,1.922916e+01,1.916546e+01,1.917254e+01,1.929988e+01,1.937055e+01,1.937762e+01,1.948352e+01,1.943411e+01,1.945529e+01,1.948352e+01,1.950469e+01,1.952586e+01,1.962456e+01,1.963161e+01,1.960342e+01,1.956112e+01,1.958227e+01,1.944823e+01,1.955407e+01,1.949058e+01,1.942705e+01,1.944823e+01,1.934936e+01,1.942705e+01,1.959637e+01,1.937762e+01,1.956817e+01,1.957522e+01,1.946941e+01,1.933522e+01,1.949058e+01,1.953996e+01,1.945529e+01,1.941999e+01,1.944118e+01,1.949058e+01,1.951880e+01,1.953996e+01,1.949764e+01,1.949764e+01,1.949764e+01,1.941999e+01,1.947647e+01,1.954701e+01,1.955407e+01,1.951880e+01,1.955407e+01,1.950469e+01,1.943411e+01,1.943411e+01,1.950469e+01,1.945529e+01,1.944823e+01,1.944823e+01,1.949058e+01,1.941999e+01,1.950469e+01,1.950469e+01,1.939881e+01,1.937762e+01,1.941999e+01,1.951175e+01,1.947647e+01,1.945529e+01,1.957522e+01,1.962456e+01,1.966683e+01,1.974428e+01,1.982168e+01,1.989198e+01,2.018673e+01,2.039673e+01,2.043868e+01,2.038274e+01,2.049458e+01,2.037575e+01,2.049458e+01,2.046663e+01,2.048759e+01,2.052950e+01,2.046663e+01,2.042470e+01,2.039673e+01,2.031278e+01,2.010260e+01,1.983574e+01,1.982871e+01,1.960342e+01,1.963161e+01,1.963161e+01,1.958932e+01,1.966683e+01,2.002542e+01,1.996224e+01,2.003244e+01,2.015168e+01,2.024977e+01,2.016570e+01,2.047362e+01,2.041770e+01,2.054347e+01,2.055743e+01,2.068303e+01,2.073182e+01,2.062025e+01,2.069000e+01,2.074576e+01,2.079453e+01,2.078060e+01,2.038974e+01,2.038274e+01,2.031978e+01,2.014467e+01,1.996926e+01,1.979354e+01,1.946235e+01,1.953291e+01,1.963865e+01,1.975132e+01,1.984277e+01,1.995521e+01,1.999033e+01,2.016570e+01,2.032678e+01,2.062025e+01,2.060629e+01,2.060629e+01,2.058536e+01,2.066211e+01,2.058536e+01,2.069697e+01,2.061327e+01,2.054347e+01,2.059234e+01,2.050157e+01,2.033377e+01,2.055743e+01,2.055743e+01,2.051554e+01,2.056442e+01,2.046663e+01,2.037575e+01,2.023577e+01,2.028478e+01,2.027078e+01,2.014467e+01,2.018673e+01,1.999735e+01,1.984980e+01,1.989901e+01,1.971613e+01,1.957522e+01,1.965979e+01,1.951880e+01,1.951880e+01,1.939174e+01,1.918670e+01,1.933522e+01,1.921501e+01,1.924331e+01,1.917254e+01,1.912298e+01,1.908756e+01,1.910173e+01,1.907339e+01,1.908047e+01,1.913006e+01,1.907339e+01,1.911590e+01,1.937762e+01,1.933522e+01,1.948352e+01,1.960342e+01,1.955407e+01,1.968796e+01,1.977243e+01,1.976540e+01,1.997628e+01,2.001841e+01,2.013065e+01,2.024277e+01,2.036875e+01,2.059932e+01,2.068303e+01,2.076667e+01,2.070394e+01,2.073879e+01,2.070394e+01,2.076667e+01,2.075970e+01,2.071091e+01,2.048061e+01,2.040372e+01,2.028478e+01,2.036176e+01,2.027778e+01,2.001841e+01,1.997628e+01,1.999735e+01,1.994819e+01,2.006051e+01,2.007454e+01,2.013766e+01,2.017972e+01,2.022176e+01,2.023577e+01,2.046663e+01,2.035476e+01,2.018673e+01,2.025677e+01,2.041770e+01,2.023577e+01,2.026378e+01,2.022176e+01,2.021475e+01,2.029878e+01,2.026378e+01,2.016570e+01,2.007454e+01,2.026378e+01,2.012364e+01,2.013065e+01,2.010961e+01,2.013766e+01,2.015168e+01,2.017271e+01,2.027078e+01,2.027078e+01,2.027078e+01,1.989901e+01,1.946941e+01,1.937055e+01,1.913714e+01,1.919378e+01,1.893157e+01,1.875401e+01,1.876823e+01,1.856190e+01,1.852628e+01,1.854765e+01,1.854053e+01,1.843361e+01,1.856190e+01,1.866156e+01,1.860462e+01,1.866156e+01,1.855477e+01,1.878245e+01,1.854053e+01,1.846213e+01,1.850490e+01,1.841221e+01,1.839794e+01,1.844074e+01,1.837654e+01,1.827659e+01,1.846213e+01,1.833372e+01,1.834085e+01,1.830515e+01,1.834799e+01,1.831944e+01,1.833372e+01,1.824087e+01,1.824087e+01,1.824087e+01,1.824087e+01,1.819798e+01,1.826230e+01,1.819798e+01,1.822657e+01,1.817653e+01,1.813362e+01,1.811932e+01,1.809069e+01,1.804775e+01,1.806207e+01,1.794746e+01,1.797613e+01,1.798329e+01,1.799045e+01,1.806207e+01,1.810501e+01,1.804775e+01,1.808354e+01,1.808354e+01,1.811216e+01,1.819083e+01,1.810501e+01,1.811932e+01,1.816938e+01,1.824801e+01,1.826944e+01,1.826230e+01,1.826230e+01,1.832658e+01,1.831944e+01,1.841221e+01,1.842648e+01,1.842648e+01,1.847639e+01,1.862598e+01,1.861174e+01,1.869002e+01,1.859038e+01,1.865444e+01,1.868290e+01,1.890318e+01,1.893867e+01,1.904504e+01,1.909464e+01,1.932109e+01,1.944118e+01,1.970909e+01,1.982871e+01,1.998330e+01,2.006051e+01,2.008857e+01,2.010260e+01,2.004648e+01,1.991306e+01,2.000437e+01,1.977947e+01,1.961751e+01,1.947647e+01,1.944823e+01,1.932109e+01,1.930695e+01,1.918670e+01,1.907339e+01,1.909464e+01,1.914422e+01,1.908756e+01,1.917254e+01,1.910881e+01,1.898123e+01,1.906630e+01,1.898123e+01,1.900960e+01,1.897414e+01,1.896704e+01,1.900960e+01,1.908047e+01,1.896704e+01,1.889609e+01,1.881797e+01,1.893867e+01,1.909464e+01,1.892448e+01,1.893157e+01,1.887479e+01,1.881087e+01,1.888189e+01,1.886059e+01,1.888899e+01,1.883218e+01,1.869713e+01,1.873269e+01,1.878955e+01,1.874691e+01,1.866867e+01,1.866156e+01,1.876112e+01,1.876112e+01,1.876823e+01,1.882508e+01,1.889609e+01,1.887479e+01,1.876112e+01,1.873980e+01,1.884638e+01,1.876823e+01,1.890318e+01,1.883928e+01,1.882508e+01,1.903795e+01,1.927867e+01,1.919378e+01,1.915130e+01,1.956112e+01,1.974428e+01,1.974428e+01,2.003244e+01,2.013065e+01,2.008156e+01,2.020774e+01,2.029178e+01,2.023577e+01,2.023577e+01,2.031978e+01,2.003946e+01,2.031278e+01,2.020074e+01,2.028478e+01,2.029878e+01,2.028478e+01,2.027078e+01,2.026378e+01,2.034777e+01,2.032678e+01,2.038974e+01,2.030578e+01,2.034777e+01,2.029878e+01,2.034777e+01,2.032678e+01,2.053649e+01,2.043868e+01,2.049458e+01,2.039673e+01,2.057838e+01,2.062723e+01,2.065513e+01,2.076667e+01,2.077363e+01,2.075970e+01,2.076667e+01,2.075970e+01,2.074576e+01,2.085720e+01,2.073879e+01,2.075273e+01,2.075970e+01,2.073182e+01,2.077363e+01,2.090592e+01,2.066908e+01,2.058536e+01,2.062025e+01,2.059932e+01,2.065513e+01,2.052252e+01,2.047362e+01,2.051554e+01,2.062723e+01,2.062723e+01,2.059932e+01,2.061327e+01,2.065513e+01,2.073879e+01,2.058536e+01,2.078060e+01,2.078757e+01,2.073879e+01,2.082239e+01,2.071789e+01,2.037575e+01,1.987090e+01,1.951880e+01,1.944118e+01,1.925745e+01,1.929988e+01,1.936349e+01,1.922208e+01,1.911590e+01,1.895995e+01,1.885349e+01,1.883218e+01,1.872558e+01,1.854765e+01,1.846926e+01,1.852628e+01,1.824801e+01,1.831944e+01,1.851915e+01,1.859750e+01,1.884638e+01,1.879666e+01,1.881797e+01,1.886059e+01,1.888189e+01,1.879666e+01,1.883928e+01,1.873269e+01,1.871847e+01,1.867579e+01,1.854765e+01,1.852628e+01,1.846926e+01,1.859038e+01,1.856190e+01,1.858326e+01,1.854765e+01,1.854053e+01,1.853340e+01,1.872558e+01,1.858326e+01,1.851203e+01,1.859750e+01,1.860462e+01,1.865444e+01,1.857614e+01,1.862598e+01,1.854765e+01,1.853340e+01,1.846926e+01,1.851203e+01,1.851915e+01,1.833372e+01,1.841934e+01,1.841934e+01,1.851915e+01,1.849777e+01,1.847639e+01,1.850490e+01,1.852628e+01,1.849064e+01,1.860462e+01,1.876112e+01,1.861174e+01,1.869713e+01,1.880376e+01,1.881797e+01,1.901669e+01,1.898123e+01,1.931402e+01,1.945529e+01,1.984980e+01,2.013065e+01,2.036875e+01,2.038274e+01,2.072486e+01,2.078060e+01,2.077363e+01,2.089896e+01,2.073182e+01,2.078757e+01,2.072486e+01,2.062025e+01,2.087112e+01,2.087112e+01,2.089896e+01,2.088504e+01,2.080846e+01,2.081543e+01,2.089200e+01,2.086416e+01,2.078060e+01,2.105192e+01,2.120465e+01,2.104497e+01,2.095461e+01,2.088504e+01,2.095461e+01,2.085720e+01,2.086416e+01,2.090592e+01,2.090592e+01,2.091287e+01,2.098242e+01,2.083632e+01,2.094765e+01,2.103107e+01,2.076667e+01,2.101023e+01,2.096156e+01,2.095461e+01,2.087112e+01,2.083632e+01,2.091287e+01,2.089200e+01,2.085720e+01,2.074576e+01,2.055045e+01,2.077363e+01,2.081543e+01,2.072486e+01,2.067605e+01,2.069697e+01,2.067605e+01,2.073879e+01,2.070394e+01,2.080150e+01,2.086416e+01,2.100327e+01,2.108665e+01,2.107971e+01,2.110748e+01,2.119078e+01,2.128786e+01,2.126707e+01,2.135715e+01,2.137101e+01,2.132944e+01,2.150943e+01,2.147484e+01
1.999033e+01,1.983574e+01,1.977243e+01,1.964570e+01,1.944823e+01,1.958227e+01,1.952586e+01,1.949764e+01,1.952586e+01,1.953996e+01,1.925745e+01,1.924331e+01,1.921501e+01,1.920793e+01,1.910881e+01,1.895286e+01,1.904504e+01,1.885349e+01,1.871847e+01,1.856902e+01,1.849777e+01,1.841221e+01,1.858326e+01,1.844074e+01,1.829801e+01,1.843361e+01,1.858326e+01,1.858326e+01,1.867579e+01,1.865444e+01,1.869713e+01,1.869002e+01,1.869002e+01,1.873980e+01,1.870424e+01,1.870424e+01,1.884638e+01,1.880376e+01,1.901669e+01,1.893157e+01,1.905213e+01,1.908047e+01,1.910173e+01,1.908047e+01,1.917254e+01,1.915838e+01,1.915838e+01,1.903795e+01,1.909464e+01,1.902378e+01,1.912298e+01,1.911590e+01,1.913714e+01,1.914422e+01,1.920793e+01,1.917962e+01,1.928574e+01,1.918670e+01,1.924331e+01,1.940587e+01,1.941999e+01,1.953996e+01,1.956112e+01,1.948352e+01,1.953291e+01,1.962456e+01,1.956112e+01,1.973725e+01,1.969500e+01,1.974428e+01,1.982871e+01,1.956112e+01,1.949058e+01,1.940587e+01,1.942705e+01,1.942705e+01,1.942705e+01,1.932109e+01,1.934229e+01,1.944823e+01,1.939174e+01,1.939881e+01,1.942705e+01,1.939881e+01,1.950469e+01,1.943411e+01,1.949058e+01,1.943411e+01,1.945529e+01,1.939881e+01,1.959637e+01,1.948352e+01,1.955407e+01,1.955407e+01,1.953291e+01,1.941999e+01,1.968092e+01,1.956817e+01,1.955407e+01,1.951880e+01,1.946235e+01,1.949058e+01,1.928574e+01,1.946235e+01,1.941999e+01,1.947647e+01,1.937055e+01,1.948352e+01,1.937762e+01,1.943411e+01,1.952586e+01,1.946235e+01,1.943411e+01,1.939881e+01,1.939881e+01,1.947647e+01,1.939174e+01,1.937055e+01,1.936349e+01,1.961751e+01,1.954701e+01,1.987792e+01,1.985683e+01,2.001841e+01,2.022176e+01,2.019373e+01,2.053649e+01,2.051554e+01,2.055743e+01,2.055743e+01,2.054347e+01,2.034077e+01,2.042470e+01,2.064816e+01,2.043868e+01,2.055045e+01,2.033377e+01,2.017271e+01,2.020774e+01,2.008156e+01,1.996224e+01,1.980058e+01,1.984277e+01,1.965979e+01,1.998330e+01,2.003244e+01,2.008857e+01,2.028478e+01,2.050157e+01,2.028478e+01,2.048061e+01,2.053649e+01,2.059234e+01,2.052950e+01,2.072486e+01,2.069697e+01,2.070394e+01,2.073182e+01,2.075970e+01,2.075970e+01,2.073879e+01,2.073182e+01,2.043169e+01,2.038974e+01,2.057140e+01,2.044567e+01,2.024977e+01,1.980761e+01,1.967388e+01,1.974428e+01,1.941293e+01,1.957522e+01,1.974428e+01,1.972317e+01,1.976540e+01,2.015168e+01,2.016570e+01,2.050157e+01,2.076667e+01,2.069000e+01,2.075273e+01,2.073182e+01,2.072486e+01,2.072486e+01,2.062723e+01,2.055743e+01,2.052950e+01,2.045266e+01,2.041770e+01,2.044567e+01,2.050157e+01,2.036875e+01,2.034777e+01,2.057140e+01,2.035476e+01,2.042470e+01,2.023577e+01,2.027078e+01,2.013766e+01,2.015168e+01,2.014467e+01,1.999033e+01,1.988495e+01,1.972317e+01,1.984980e+01,1.963865e+01,1.956112e+01,1.937055e+01,1.949058e+01,1.935642e+01,1.931402e+01,1.932815e+01,1.920085e+01,1.913714e+01,1.926452e+01,1.910173e+01,1.910173e+01,1.896704e+01,1.907339e+01,1.910173e+01,1.908047e+01,1.917254e+01,1.910173e+01,1.915838e+01,1.940587e+01,1.939174e+01,1.952586e+01,1.958227e+01,1.956112e+01,1.975836e+01,1.966683e+01,1.994819e+01,1.997628e+01,2.000437e+01,2.013766e+01,2.034077e+01,2.032678e+01,2.052950e+01,2.054347e+01,2.069000e+01,2.080150e+01,2.068303e+01,2.062723e+01,2.061327e+01,2.039673e+01,2.036875e+01,2.012364e+01,2.021475e+01,2.005350e+01,1.996224e+01,1.987792e+01,1.989198e+01,1.992711e+01,1.994117e+01,2.004648e+01,1.999033e+01,2.010260e+01,2.006753e+01,2.015869e+01,2.024977e+01,2.036875e+01,2.021475e+01,2.024277e+01,2.029878e+01,2.025677e+01,2.024977e+01,2.027778e+01,2.025677e+01,2.031978e+01,2.019373e+01,2.025677e+01,2.017271e+01,2.032678e+01,2.012364e+01,2.015869e+01,2.011663e+01,2.017271e+01,2.008156e+01,2.020074e+01,2.006753e+01,2.009559e+01,1.987090e+01,2.003244e+01,1.963865e+01,1.952586e+01,1.931402e+01,1.897414e+01,1.881087e+01,1.873269e+01,1.881087e+01,1.853340e+01,1.851915e+01,1.850490e+01,1.846926e+01,1.853340e+01,1.839081e+01,1.841221e+01,1.861174e+01,1.850490e+01,1.861886e+01,1.852628e+01,1.849064e+01,1.850490e+01,1.847639e+01,1.851203e+01,1.831944e+01,1.828373e+01,1.831944e+01,1.839081e+01,1.829801e+01,1.832658e+01,1.834799e+01,1.835513e+01,1.834085e+01,1.826230e+01,1.836227e+01,1.827659e+01,1.833372e+01,1.833372e+01,1.829801e+01,1.829801e+01,1.836940e+01,1.824087e+01,1.824087e+01,1.813362e+01,1.796896e+01,1.802627e+01,1.810501e+01,1.805490e+01,1.811932e+01,1.803343e+01,1.805490e+01,1.805490e+01,1.801194e+01,1.794746e+01,1.804775e+01,1.790445e+01,1.806207e+01,1.807638e+01,1.811932e+01,1.810501e+01,1.809069e+01,1.809785e+01,1.818369e+01,1.820513e+01,1.823372e+01,1.816938e+01,1.822657e+01,1.830515e+01,1.833372e+01,1.838367e+01,1.839081e+01,1.839794e+01,1.844074e+01,1.849777e+01,1.860462e+01,1.861886e+01,1.862598e+01,1.877534e+01,1.871135e+01,1.878245e+01,1.892448e+01,1.889609e+01,1.904504e+01,1.929281e+01,1.923623e+01,1.951880e+01,1.969500e+01,1.996224e+01,1.996926e+01,2.007454e+01,2.014467e+01,2.009559e+01,2.018673e+01,2.002542e+01,1.989901e+01,1.990604e+01,1.953291e+01,1.937055e+01,1.945529e+01,1.922916e+01,1.915838e+01,1.916546e+01,1.912298e+01,1.910881e+01,1.909464e+01,1.898832e+01,1.910881e+01,1.910173e+01,1.909464e+01,1.892448e+01,1.895286e+01,1.899541e+01,1.888899e+01,1.882508e+01,1.892448e+01,1.886769e+01,1.886059e+01,1.893867e+01,1.890318e+01,1.896704e+01,1.888189e+01,1.893867e+01,1.893157e+01,1.879666e+01,1.891738e+01,1.891738e+01,1.888899e+01,1.887479e+01,1.861174e+01,1.884638e+01,1.880376e+01,1.873269e+01,1.873269e+01,1.882508e+01,1.869002e+01,1.883928e+01,1.881087e+01,1.872558e+01,1.871847e+01,1.857614e+01,1.881087e+01,1.881797e+01,1.883928e+01,1.883218e+01,1.878955e+01,1.879666e+01,1.886769e+01,1.891028e+01,1.908756e+01,1.913006e+01,1.914422e+01,1.934936e+01,1.939174e+01,1.958227e+01,1.970909e+01,1.976540e+01,2.003946e+01,2.001139e+01,2.012364e+01,2.007454e+01,2.018673e+01,2.013766e+01,2.029178e+01,2.004648e+01,2.003946e+01,2.006051e+01,2.027778e+01,2.028478e+01,2.022176e+01,2.031978e+01,2.029178e+01,2.043868e+01,2.026378e+01,2.029878e+01,2.034077e+01,2.034777e+01,2.033377e+01,2.031978e+01,2.050157e+01,2.035476e+01,2.054347e+01,2.038974e+01,2.039673e+01,2.052252e+01,2.060629e+01,2.059932e+01,2.062025e+01,2.069000e+01,2.074576e+01,2.078060e+01,2.079453e+01,2.073182e+01,2.073182e+01,2.066211e+01,2.084328e+01,2.080846e+01,2.074576e+01,2.075273e+01,2.071789e+01,2.074576e+01,2.071091e+01,2.062723e+01,2.057838e+01,2.063420e+01,2.050855e+01,2.051554e+01,2.054347e+01,2.066908e+01,2.055045e+01,2.062025e+01,2.064118e+01,2.080150e+01,2.077363e+01,2.076667e+01,2.078060e+01,2.076667e+01,2.083632e+01,2.079453e+01,2.082239e+01,2.062723e+01,2.018673e+01,1.982168e+01,1.949764e+01,1.938468e+01,1.941293e+01,1.929281e+01,1.908756e+01,1.922208e+01,1.923623e+01,1.905922e+01,1.894576e+01,1.864733e+01,1.859750e+01,1.834799e+01,1.831944e+01,1.834799e+01,1.830515e+01,1.841934e+01,1.855477e+01,1.863309e+01,1.867579e+01,1.882508e+01,1.885349e+01,1.887479e+01,1.878955e+01,1.883928e+01,1.871847e+01,1.860462e+01,1.862598e+01,1.865444e+01,1.867579e+01,1.862598e+01,1.857614e+01,1.855477e+01,1.865444e+01,1.878955e+01,1.870424e+01,1.859750e+01,1.869713e+01,1.870424e+01,1.869713e+01,1.856190e+01,1.866156e+01,1.841934e+01,1.855477e+01,1.864733e+01,1.861174e+01,1.870424e+01,1.855477e+01,1.863309e+01,1.856902e+01,1.840508e+01,1.833372e+01,1.836940e+01,1.849777e+01,1.851915e+01,1.854053e+01,1.848352e+01,1.864733e+01,1.864733e+01,1.856902e+01,1.861886e+01,1.870424e+01,1.867579e+01,1.873980e+01,1.885349e+01,1.871847e+01,1.903087e+01,1.918670e+01,1.948352e+01,1.963161e+01,2.006051e+01,2.022176e+01,2.050855e+01,2.048061e+01,2.073182e+01,2.073182e+01,2.077363e+01,2.091287e+01,2.093374e+01,2.086416e+01,2.082239e+01,2.091287e+01,2.091983e+01,2.083632e+01,2.082935e+01,2.082935e+01,2.103802e+01,2.091983e+01,2.089200e+01,2.078757e+01,2.082935e+01,2.091983e+01,2.096156e+01,2.098242e+01,2.088504e+01,2.098242e+01,2.090592e+01,2.079453e+01,2.090592e+01,2.073182e+01,2.098937e+01,2.094765e+01,2.089896e+01,2.101718e+01,2.088504e+01,2.098242e+01,2.090592e+01,2.101023e+01,2.089896e+01,2.089200e+01,2.087112e+01,2.076667e+01,2.078060e+01,2.075273e+01,2.082935e+01,2.087808e+01,2.095461e+01,2.088504e+01,2.085024e+01,2.085720e+01,2.072486e+01,2.084328e+01,2.084328e+01,2.072486e+01,2.089200e+01,2.089200e+01,2.091287e+01,2.105887e+01,2.109360e+01,2.113526e+01,2.119078e+01,2.137793e+01,2.137101e+01,2.139871e+01,2.139871e+01,2.141948e+01,2.157857e+01,2.141948e+01
1.965274e+01,1.950469e+01,1.963865e+01,1.947647e+01,1.949058e+01,1.948352e+01,1.930695e+01,1.939881e+01,1.920793e+01,1.937762e+01,1.943411e+01,1.943411e+01,1.922916e+01,1.918670e+01,1.924331e+01,1.913006e+01,1.906630e+01,1.883928e+01,1.883928e+01,1.875401e+01,1.842648e+01,1.832658e+01,1.844074e+01,1.835513e+01,1.841934e+01,1.836940e+01,1.851915e+01,1.866156e+01,1.858326e+01,1.864733e+01,1.865444e+01,1.860462e+01,1.856902e+01,1.873980e+01,1.870424e+01,1.873980e+01,1.881797e+01,1.881087e+01,1.884638e+01,1.893157e+01,1.904504e+01,1.913006e+01,1.909464e+01,1.916546e+01,1.907339e+01,1.914422e+01,1.916546e+01,1.918670e+01,1.910881e+01,1.915130e+01,1.915130e+01,1.891028e+01,1.912298e+01,1.912298e+01,1.925038e+01,1.915838e+01,1.915838e+01,1.930695e+01,1.932109e+01,1.934936e+01,1.937055e+01,1.948352e+01,1.954701e+01,1.961751e+01,1.968796e+01,1.975132e+01,1.994819e+01,1.975132e+01,2.007454e+01,2.006753e+01,2.006753e+01,2.007454e+01,1.971613e+01,1.961751e+01,1.968796e+01,1.948352e+01,1.946941e+01,1.947647e+01,1.952586e+01,1.941293e+01,1.962456e+01,1.953996e+01,1.950469e+01,1.945529e+01,1.956817e+01,1.936349e+01,1.942705e+01,1.945529e+01,1.937762e+01,1.946941e+01,1.949058e+01,1.951175e+01,1.958932e+01,1.946941e+01,1.948352e+01,1.949058e+01,1.949764e+01,1.960342e+01,1.946941e+01,1.958227e+01,1.961047e+01,1.958227e+01,1.948352e+01,1.960342e+01,1.952586e+01,1.951175e+01,1.950469e+01,1.953996e+01,1.949764e+01,1.948352e+01,1.951175e+01,1.947647e+01,1.940587e+01,1.951880e+01,1.954701e+01,1.940587e+01,1.951175e+01,1.968092e+01,1.960342e+01,1.961047e+01,1.957522e+01,1.956112e+01,1.996224e+01,2.004648e+01,2.052252e+01,2.050855e+01,2.056442e+01,2.060629e+01,2.041770e+01,2.048759e+01,2.045964e+01,2.051554e+01,2.059234e+01,2.054347e+01,2.068303e+01,2.053649e+01,2.056442e+01,2.055045e+01,2.039673e+01,2.025677e+01,2.013766e+01,1.996926e+01,2.013766e+01,2.011663e+01,2.010260e+01,2.022176e+01,2.053649e+01,2.048759e+01,2.036176e+01,2.057140e+01,2.059234e+01,2.058536e+01,2.074576e+01,2.053649e+01,2.075273e+01,2.073879e+01,2.080846e+01,2.086416e+01,2.084328e+01,2.071091e+01,2.076667e+01,2.066211e+01,2.062723e+01,2.064118e+01,2.055045e+01,2.027078e+01,2.025677e+01,1.999735e+01,1.980058e+01,1.958932e+01,1.949058e+01,1.939174e+01,1.961751e+01,1.968092e+01,1.995521e+01,2.009559e+01,2.013766e+01,2.018673e+01,2.052950e+01,2.059932e+01,2.075273e+01,2.073182e+01,2.062025e+01,2.071789e+01,2.057838e+01,2.052950e+01,2.052252e+01,2.057140e+01,2.043868e+01,2.043868e+01,2.041071e+01,2.039673e+01,2.045964e+01,2.038974e+01,2.041770e+01,2.028478e+01,2.029178e+01,2.028478e+01,2.023577e+01,2.015168e+01,2.010961e+01,1.988495e+01,1.991306e+01,1.980761e+01,1.988495e+01,1.968092e+01,1.940587e+01,1.946235e+01,1.932109e+01,1.939881e+01,1.929281e+01,1.925745e+01,1.928574e+01,1.917962e+01,1.931402e+01,1.916546e+01,1.929988e+01,1.912298e+01,1.913714e+01,1.900251e+01,1.916546e+01,1.906630e+01,1.922208e+01,1.915130e+01,1.911590e+01,1.944823e+01,1.939174e+01,1.953291e+01,1.955407e+01,1.970909e+01,1.970909e+01,1.973021e+01,1.984980e+01,1.994819e+01,1.995521e+01,2.018673e+01,2.022176e+01,2.050157e+01,2.038974e+01,2.034077e+01,2.041071e+01,2.061327e+01,2.034077e+01,2.017972e+01,2.018673e+01,1.989901e+01,1.992009e+01,1.982871e+01,1.991306e+01,1.980058e+01,1.989901e+01,1.990604e+01,1.987792e+01,1.994819e+01,1.985683e+01,2.001841e+01,2.006051e+01,2.003244e+01,2.010961e+01,2.025677e+01,2.024277e+01,2.027778e+01,2.028478e+01,2.022876e+01,2.029178e+01,2.029178e+01,2.023577e+01,2.029878e+01,2.030578e+01,2.018673e+01,2.037575e+01,2.029178e+01,2.022876e+01,2.023577e+01,2.024277e+01,2.016570e+01,2.008857e+01,2.020774e+01,2.008156e+01,2.008156e+01,2.007454e+01,1.969500e+01,1.963865e+01,1.944118e+01,1.927867e+01,1.925745e+01,1.899541e+01,1.871847e+01,1.871847e+01,1.870424e+01,1.857614e+01,1.845500e+01,1.841934e+01,1.842648e+01,1.847639e+01,1.824087e+01,1.856902e+01,1.846926e+01,1.859038e+01,1.866867e+01,1.856190e+01,1.856902e+01,1.849064e+01,1.851203e+01,1.844074e+01,1.853340e+01,1.836227e+01,1.824801e+01,1.831230e+01,1.826230e+01,1.826230e+01,1.841934e+01,1.825516e+01,1.834085e+01,1.828373e+01,1.835513e+01,1.836227e+01,1.835513e+01,1.834085e+01,1.827659e+01,1.830515e+01,1.828373e+01,1.829087e+01,1.824087e+01,1.811932e+01,1.819798e+01,1.804775e+01,1.810501e+01,1.796896e+01,1.803343e+01,1.794029e+01,1.809785e+01,1.803343e+01,1.801910e+01,1.800478e+01,1.792596e+01,1.796896e+01,1.809069e+01,1.806922e+01,1.807638e+01,1.806922e+01,1.792596e+01,1.813362e+01,1.808354e+01,1.817653e+01,1.819798e+01,1.824087e+01,1.819798e+01,1.822657e+01,1.829087e+01,1.834085e+01,1.843361e+01,1.854765e+01,1.852628e+01,1.842648e+01,1.851203e+01,1.862598e+01,1.862598e+01,1.876112e+01,1.866867e+01,1.891738e+01,1.871135e+01,1.893867e+01,1.912298e+01,1.922208e+01,1.940587e+01,1.947647e+01,1.966683e+01,1.988495e+01,2.006753e+01,2.003244e+01,2.013766e+01,2.023577e+01,2.017972e+01,2.022876e+01,1.989198e+01,1.987792e+01,1.982871e+01,1.980058e+01,1.946235e+01,1.940587e+01,1.917962e+01,1.918670e+01,1.915130e+01,1.916546e+01,1.906630e+01,1.898123e+01,1.898832e+01,1.911590e+01,1.897414e+01,1.893867e+01,1.893157e+01,1.900251e+01,1.903087e+01,1.888899e+01,1.885349e+01,1.889609e+01,1.898832e+01,1.885349e+01,1.892448e+01,1.881797e+01,1.883928e+01,1.886059e+01,1.893867e+01,1.877534e+01,1.891028e+01,1.886059e+01,1.890318e+01,1.890318e+01,1.883928e+01,1.888899e+01,1.881087e+01,1.874691e+01,1.875401e+01,1.880376e+01,1.886059e+01,1.873269e+01,1.878245e+01,1.868290e+01,1.878245e+01,1.862598e+01,1.871847e+01,1.878955e+01,1.876823e+01,1.883928e+01,1.880376e+01,1.879666e+01,1.874691e+01,1.879666e+01,1.889609e+01,1.917254e+01,1.908756e+01,1.918670e+01,1.930695e+01,1.946235e+01,1.965274e+01,1.970205e+01,1.970909e+01,1.999735e+01,2.004648e+01,1.996224e+01,1.989901e+01,2.001139e+01,2.015869e+01,2.004648e+01,2.003244e+01,2.004648e+01,2.024277e+01,2.027778e+01,2.026378e+01,2.023577e+01,2.032678e+01,2.029878e+01,2.035476e+01,2.038974e+01,2.031278e+01,2.033377e+01,2.038274e+01,2.051554e+01,2.037575e+01,2.039673e+01,2.037575e+01,2.055045e+01,2.057140e+01,2.056442e+01,2.061327e+01,2.064816e+01,2.052950e+01,2.066211e+01,2.072486e+01,2.059234e+01,2.048061e+01,2.072486e+01,2.071789e+01,2.064118e+01,2.061327e+01,2.089200e+01,2.090592e+01,2.066908e+01,2.054347e+01,2.062025e+01,2.062723e+01,2.064118e+01,2.067605e+01,2.066211e+01,2.051554e+01,2.056442e+01,2.054347e+01,2.069000e+01,2.061327e+01,2.058536e+01,2.060629e+01,2.074576e+01,2.067605e+01,2.085720e+01,2.078757e+01,2.078757e+01,2.080846e+01,2.079453e+01,2.093374e+01,2.087112e+01,2.057838e+01,2.038274e+01,1.977243e+01,1.958227e+01,1.943411e+01,1.970205e+01,1.946941e+01,1.924331e+01,1.954701e+01,1.915838e+01,1.900251e+01,1.878955e+01,1.854053e+01,1.850490e+01,1.816223e+01,1.830515e+01,1.830515e+01,1.843361e+01,1.828373e+01,1.847639e+01,1.856190e+01,1.886769e+01,1.869713e+01,1.884638e+01,1.878955e+01,1.880376e+01,1.869002e+01,1.879666e+01,1.863309e+01,1.871847e+01,1.874691e+01,1.884638e+01,1.854053e+01,1.865444e+01,1.859750e+01,1.876823e+01,1.866867e+01,1.884638e+01,1.856190e+01,1.868290e+01,1.869002e+01,1.862598e+01,1.862598e+01,1.863309e+01,1.874691e+01,1.869002e+01,1.859038e+01,1.870424e+01,1.855477e+01,1.855477e+01,1.845500e+01,1.856190e+01,1.855477e+01,1.857614e+01,1.851203e+01,1.853340e+01,1.853340e+01,1.861174e+01,1.856902e+01,1.864733e+01,1.864733e+01,1.866156e+01,1.869713e+01,1.878245e+01,1.878955e+01,1.881087e+01,1.896704e+01,1.917254e+01,1.928574e+01,1.959637e+01,1.982168e+01,1.999033e+01,2.016570e+01,2.043169e+01,2.047362e+01,2.078060e+01,2.092679e+01,2.085720e+01,2.096156e+01,2.080150e+01,2.091287e+01,2.082935e+01,2.099632e+01,2.082239e+01,2.093374e+01,2.091287e+01,2.081543e+01,2.091983e+01,2.089200e+01,2.094765e+01,2.090592e+01,2.098937e+01,2.083632e+01,2.083632e+01,2.099632e+01,2.098242e+01,2.085720e+01,2.088504e+01,2.087112e+01,2.080846e+01,2.094070e+01,2.099632e+01,2.089896e+01,2.103107e+01,2.100327e+01,2.085720e+01,2.099632e+01,2.094765e+01,2.105887e+01,2.101023e+01,2.103107e+01,2.099632e+01,2.081543e+01,2.094765e+01,2.079453e+01,2.100327e+01,2.077363e+01,2.073879e+01,2.059234e+01,2.085720e+01,2.068303e+01,2.084328e+01,2.073182e+01,2.083632e+01,2.088504e+01,2.110748e+01,2.108665e+01,2.085720e+01,2.116996e+01,2.101023e+01,2.112137e+01,2.121852e+01,2.119771e+01,2.140563e+01,2.131559e+01,2.138486e+01,2.141948e+01,2.157857e+01,2.140563e+01
1.963865e+01,1.940587e+01,1.932109e+01,1.929988e+01,1.926452e+01,1.927867e+01,1.915130e+01,1.935642e+01,1.921501e+01,1.926452e+01,1.929988e+01,1.910881e+01,1.924331e+01,1.936349e+01,1.910173e+01,1.913006e+01,1.892448e+01,1.885349e+01,1.874691e+01,1.850490e+01,1.851915e+01,1.835513e+01,1.830515e+01,1.844074e+01,1.839794e+01,1.836940e+01,1.854053e+01,1.839794e+01,1.866867e+01,1.866867e+01,1.858326e+01,1.869002e+01,1.862598e+01,1.865444e+01,1.866156e+01,1.871847e+01,1.872558e+01,1.879666e+01,1.885349e+01,1.901669e+01,1.908047e+01,1.911590e+01,1.913006e+01,1.899541e+01,1.910173e+01,1.912298e+01,1.915838e+01,1.910881e+01,1.909464e+01,1.911590e+01,1.911590e+01,1.909464e+01,1.908047e+01,1.915838e+01,1.908047e+01,1.923623e+01,1.917962e+01,1.915838e+01,1.926452e+01,1.928574e+01,1.927867e+01,1.939174e+01,1.948352e+01,1.964570e+01,1.977947e+01,1.989901e+01,2.008857e+01,2.009559e+01,2.008857e+01,2.026378e+01,2.024977e+01,1.999033e+01,1.996224e+01,1.983574e+01,1.955407e+01,1.942705e+01,1.941999e+01,1.950469e+01,1.951175e+01,1.942705e+01,1.946941e+01,1.955407e+01,1.952586e+01,1.956112e+01,1.944823e+01,1.946941e+01,1.949058e+01,1.949764e+01,1.959637e+01,1.951175e+01,1.944823e+01,1.946235e+01,1.943411e+01,1.958227e+01,1.944118e+01,1.946235e+01,1.937762e+01,1.944118e+01,1.938468e+01,1.957522e+01,1.945529e+01,1.959637e+01,1.961047e+01,1.947647e+01,1.949058e+01,1.951880e+01,1.946941e+01,1.958932e+01,1.950469e+01,1.955407e+01,1.941999e+01,1.945529e+01,1.957522e+01,1.955407e+01,1.952586e+01,1.942705e+01,1.965979e+01,1.962456e+01,1.949764e+01,1.963865e+01,1.970205e+01,1.977947e+01,1.992711e+01,2.021475e+01,2.051554e+01,2.050157e+01,2.049458e+01,2.062025e+01,2.054347e+01,2.057140e+01,2.038274e+01,2.048061e+01,2.050157e+01,2.057838e+01,2.071789e+01,2.064816e+01,2.050157e+01,2.055045e+01,2.050157e+01,2.022176e+01,2.032678e+01,2.027078e+01,2.022176e+01,2.030578e+01,2.019373e+01,2.031978e+01,2.036176e+01,2.056442e+01,2.059234e+01,2.082239e+01,2.066908e+01,2.073879e+01,2.078757e+01,2.078060e+01,2.087112e+01,2.081543e+01,2.081543e+01,2.082239e+01,2.083632e+01,2.088504e+01,2.081543e+01,2.075970e+01,2.060629e+01,2.059932e+01,2.046663e+01,2.047362e+01,2.008156e+01,2.001841e+01,1.972317e+01,1.972317e+01,1.941293e+01,1.952586e+01,1.951880e+01,1.951880e+01,1.972317e+01,1.996224e+01,2.015168e+01,2.018673e+01,2.036176e+01,2.043868e+01,2.075273e+01,2.075273e+01,2.069000e+01,2.065513e+01,2.059932e+01,2.066211e+01,2.054347e+01,2.045266e+01,2.045266e+01,2.052950e+01,2.050855e+01,2.035476e+01,2.037575e+01,2.023577e+01,2.021475e+01,2.022176e+01,2.010260e+01,2.022876e+01,2.016570e+01,2.011663e+01,2.012364e+01,2.024977e+01,1.994819e+01,1.982871e+01,1.964570e+01,1.966683e+01,1.961751e+01,1.941999e+01,1.937055e+01,1.937055e+01,1.935642e+01,1.916546e+01,1.914422e+01,1.925745e+01,1.913006e+01,1.904504e+01,1.903087e+01,1.889609e+01,1.897414e+01,1.905922e+01,1.906630e+01,1.904504e+01,1.913006e+01,1.919378e+01,1.914422e+01,1.936349e+01,1.944823e+01,1.949058e+01,1.935642e+01,1.963161e+01,1.971613e+01,1.968796e+01,1.967388e+01,1.965274e+01,1.994117e+01,1.999735e+01,2.009559e+01,2.025677e+01,2.003244e+01,2.020074e+01,2.008156e+01,2.017271e+01,2.017271e+01,2.015869e+01,1.985683e+01,1.994819e+01,1.975132e+01,1.980058e+01,1.977243e+01,1.955407e+01,1.957522e+01,1.979354e+01,1.958227e+01,1.958227e+01,1.953996e+01,1.970909e+01,1.992009e+01,1.993414e+01,2.009559e+01,2.009559e+01,2.021475e+01,2.024277e+01,2.022176e+01,2.026378e+01,2.023577e+01,2.024977e+01,2.028478e+01,2.031278e+01,2.030578e+01,2.023577e+01,2.022876e+01,2.027778e+01,2.017271e+01,2.025677e+01,2.014467e+01,2.011663e+01,2.010260e+01,2.011663e+01,2.003244e+01,1.982168e+01,1.977947e+01,1.968092e+01,1.945529e+01,1.934229e+01,1.912298e+01,1.898123e+01,1.881087e+01,1.870424e+01,1.859750e+01,1.861886e+01,1.829087e+01,1.849777e+01,1.836227e+01,1.846213e+01,1.842648e+01,1.841934e+01,1.829087e+01,1.847639e+01,1.859750e+01,1.867579e+01,1.851203e+01,1.848352e+01,1.846926e+01,1.853340e+01,1.849064e+01,1.839081e+01,1.830515e+01,1.829801e+01,1.830515e+01,1.829801e+01,1.839794e+01,1.846213e+01,1.836227e+01,1.831944e+01,1.824087e+01,1.829801e+01,1.830515e+01,1.834085e+01,1.833372e+01,1.830515e+01,1.826944e+01,1.828373e+01,1.821228e+01,1.822657e+01,1.821228e+01,1.823372e+01,1.809785e+01,1.818369e+01,1.801910e+01,1.795463e+01,1.804059e+01,1.803343e+01,1.803343e+01,1.801910e+01,1.804059e+01,1.803343e+01,1.804059e+01,1.793313e+01,1.806207e+01,1.806922e+01,1.810501e+01,1.801194e+01,1.813362e+01,1.814793e+01,1.816938e+01,1.826944e+01,1.821943e+01,1.829087e+01,1.823372e+01,1.833372e+01,1.827659e+01,1.834085e+01,1.831230e+01,1.841934e+01,1.851203e+01,1.861174e+01,1.860462e+01,1.857614e+01,1.863309e+01,1.878955e+01,1.881087e+01,1.867579e+01,1.892448e+01,1.927160e+01,1.929988e+01,1.949764e+01,1.962456e+01,1.987792e+01,1.999033e+01,2.010260e+01,2.008857e+01,2.002542e+01,2.021475e+01,2.017972e+01,2.010260e+01,2.012364e+01,2.009559e+01,1.984277e+01,1.988495e+01,1.944118e+01,1.939881e+01,1.939174e+01,1.922208e+01,1.913714e+01,1.895286e+01,1.902378e+01,1.900251e+01,1.899541e+01,1.884638e+01,1.895995e+01,1.895286e+01,1.890318e+01,1.898123e+01,1.902378e+01,1.893157e+01,1.884638e+01,1.897414e+01,1.922208e+01,1.879666e+01,1.890318e+01,1.873269e+01,1.888189e+01,1.893157e+01,1.890318e+01,1.895286e+01,1.892448e+01,1.890318e+01,1.896704e+01,1.874691e+01,1.885349e+01,1.890318e+01,1.883218e+01,1.877534e+01,1.890318e+01,1.888189e+01,1.889609e+01,1.874691e+01,1.884638e+01,1.869002e+01,1.867579e+01,1.877534e+01,1.875401e+01,1.876823e+01,1.871847e+01,1.872558e+01,1.874691e+01,1.878955e+01,1.881797e+01,1.876112e+01,1.890318e+01,1.873269e+01,1.908756e+01,1.913006e+01,1.925038e+01,1.927160e+01,1.941293e+01,1.953291e+01,1.960342e+01,1.957522e+01,1.958932e+01,1.958227e+01,1.995521e+01,1.981464e+01,1.983574e+01,2.001841e+01,1.987090e+01,1.995521e+01,2.006051e+01,2.004648e+01,2.017972e+01,2.027778e+01,2.029878e+01,2.025677e+01,2.035476e+01,2.039673e+01,2.036176e+01,2.033377e+01,2.028478e+01,2.031978e+01,2.034777e+01,2.038974e+01,2.041770e+01,2.043169e+01,2.055743e+01,2.055045e+01,2.061327e+01,2.040372e+01,2.053649e+01,2.061327e+01,2.061327e+01,2.060629e+01,2.053649e+01,2.053649e+01,2.060629e+01,2.065513e+01,2.069697e+01,2.071789e+01,2.073879e+01,2.066908e+01,2.055045e+01,2.068303e+01,2.070394e+01,2.068303e+01,2.068303e+01,2.064816e+01,2.055045e+01,2.050157e+01,2.053649e+01,2.051554e+01,2.065513e+01,2.065513e+01,2.062723e+01,2.086416e+01,2.069000e+01,2.078757e+01,2.080846e+01,2.079453e+01,2.082239e+01,2.078060e+01,2.082935e+01,2.082239e+01,2.078757e+01,2.057838e+01,2.051554e+01,1.984277e+01,1.953996e+01,1.953996e+01,1.956112e+01,1.943411e+01,1.949058e+01,1.917962e+01,1.922208e+01,1.887479e+01,1.877534e+01,1.847639e+01,1.843361e+01,1.814078e+01,1.811932e+01,1.829801e+01,1.846213e+01,1.846213e+01,1.852628e+01,1.861174e+01,1.873269e+01,1.873269e+01,1.886059e+01,1.883218e+01,1.871135e+01,1.874691e+01,1.873269e+01,1.866156e+01,1.875401e+01,1.854765e+01,1.880376e+01,1.866867e+01,1.861886e+01,1.873269e+01,1.877534e+01,1.878955e+01,1.871847e+01,1.855477e+01,1.877534e+01,1.857614e+01,1.872558e+01,1.871135e+01,1.886059e+01,1.867579e+01,1.886059e+01,1.872558e+01,1.871135e+01,1.867579e+01,1.855477e+01,1.857614e+01,1.856190e+01,1.860462e+01,1.846213e+01,1.861886e+01,1.849064e+01,1.851203e+01,1.865444e+01,1.851203e+01,1.856190e+01,1.860462e+01,1.859750e+01,1.863309e+01,1.888899e+01,1.873980e+01,1.894576e+01,1.912298e+01,1.930695e+01,1.951880e+01,1.982871e+01,2.001139e+01,2.017972e+01,2.017972e+01,2.044567e+01,2.071789e+01,2.069697e+01,2.078757e+01,2.094070e+01,2.080846e+01,2.085024e+01,2.094765e+01,2.095461e+01,2.083632e+01,2.082935e+01,2.091983e+01,2.085720e+01,2.085720e+01,2.091287e+01,2.078757e+01,2.084328e+01,2.082935e+01,2.080846e+01,2.082239e+01,2.087112e+01,2.085720e+01,2.086416e+01,2.089896e+01,2.079453e+01,2.095461e+01,2.096156e+01,2.088504e+01,2.083632e+01,2.102413e+01,2.094765e+01,2.099632e+01,2.094070e+01,2.099632e+01,2.096156e+01,2.088504e+01,2.091287e+01,2.089896e+01,2.084328e+01,2.075273e+01,2.083632e+01,2.092679e+01,2.085024e+01,2.082935e+01,2.074576e+01,2.083632e+01,2.079453e+01,2.064118e+01,2.068303e+01,2.071789e+01,2.073879e+01,2.091983e+01,2.115608e+01,2.104497e+01,2.119078e+01,2.119078e+01,2.107971e+01,2.139871e+01,2.138486e+01,2.138486e+01,2.135715e+01,2.135023e+01,2.133637e+01,2.159239e+01,2.141948e+01
1.939881e+01,1.938468e+01,1.934229e+01,1.931402e+01,1.934229e+01,1.925038e+01,1.915130e+01,1.913714e+01,1.930695e+01,1.913006e+01,1.925038e+01,1.919378e+01,1.909464e+01,1.917962e+01,1.917254e+01,1.911590e+01,1.887479e+01,1.883218e+01,1.864733e+01,1.854765e+01,1.849777e+01,1.846213e+01,1.827659e+01,1.830515e+01,1.843361e+01,1.829087e+01,1.844787e+01,1.853340e+01,1.860462e+01,1.864733e+01,1.861174e+01,1.878955e+01,1.873980e+01,1.864733e+01,1.851203e+01,1.876823e+01,1.879666e+01,1.880376e+01,1.883218e+01,1.886769e+01,1.892448e+01,1.895286e+01,1.913714e+01,1.915130e+01,1.918670e+01,1.903795e+01,1.895286e+01,1.896704e+01,1.915130e+01,1.905922e+01,1.892448e+01,1.911590e+01,1.912298e+01,1.910881e+01,1.915838e+01,1.934229e+01,1.923623e+01,1.919378e+01,1.937055e+01,1.937055e+01,1.941999e+01,1.943411e+01,1.957522e+01,1.992009e+01,2.011663e+01,2.009559e+01,2.020774e+01,2.022876e+01,2.041071e+01,2.037575e+01,2.015869e+01,2.032678e+01,2.031278e+01,1.994819e+01,1.975132e+01,1.993414e+01,1.967388e+01,1.956112e+01,1.958932e+01,1.958227e+01,1.939881e+01,1.961047e+01,1.951175e+01,1.963865e+01,1.943411e+01,1.965979e+01,1.933522e+01,1.951880e+01,1.951880e+01,1.961047e+01,1.963865e+01,1.965979e+01,1.941999e+01,1.948352e+01,1.948352e+01,1.951175e+01,1.946941e+01,1.943411e+01,1.957522e+01,1.953996e+01,1.941999e+01,1.960342e+01,1.947647e+01,1.958227e+01,1.946235e+01,1.960342e+01,1.968092e+01,1.956817e+01,1.961047e+01,1.953291e+01,1.953291e+01,1.953291e+01,1.954701e+01,1.948352e+01,1.948352e+01,1.951880e+01,1.956817e+01,1.976540e+01,1.951880e+01,1.992711e+01,1.982871e+01,1.992711e+01,2.017972e+01,2.043169e+01,2.052950e+01,2.055743e+01,2.063420e+01,2.058536e+01,2.056442e+01,2.049458e+01,2.048759e+01,2.046663e+01,2.043868e+01,2.054347e+01,2.064816e+01,2.068303e+01,2.069697e+01,2.064816e+01,2.052252e+01,2.046663e+01,2.061327e+01,2.036176e+01,2.029878e+01,2.030578e+01,2.052252e+01,2.042470e+01,2.061327e+01,2.070394e+01,2.083632e+01,2.087112e+01,2.085024e+01,2.083632e+01,2.087808e+01,2.080150e+01,2.085024e+01,2.083632e+01,2.093374e+01,2.087112e+01,2.084328e+01,2.086416e+01,2.084328e+01,2.069000e+01,2.067605e+01,2.051554e+01,2.055743e+01,2.030578e+01,2.012364e+01,2.002542e+01,1.977947e+01,1.966683e+01,1.950469e+01,1.937055e+01,1.937762e+01,1.949058e+01,1.953996e+01,1.973021e+01,1.997628e+01,2.022176e+01,2.042470e+01,2.050855e+01,2.065513e+01,2.071091e+01,2.081543e+01,2.066908e+01,2.072486e+01,2.053649e+01,2.049458e+01,2.055045e+01,2.046663e+01,2.043868e+01,2.036875e+01,2.055045e+01,2.038274e+01,2.032678e+01,2.040372e+01,2.020074e+01,2.024977e+01,2.015168e+01,2.012364e+01,2.007454e+01,2.013766e+01,2.013065e+01,1.994117e+01,1.993414e+01,1.984980e+01,1.957522e+01,1.949058e+01,1.944118e+01,1.936349e+01,1.934936e+01,1.932109e+01,1.915130e+01,1.930695e+01,1.927867e+01,1.919378e+01,1.891028e+01,1.908047e+01,1.907339e+01,1.895995e+01,1.898123e+01,1.897414e+01,1.913006e+01,1.907339e+01,1.913714e+01,1.912298e+01,1.925745e+01,1.914422e+01,1.930695e+01,1.941293e+01,1.950469e+01,1.944118e+01,1.952586e+01,1.965979e+01,1.965274e+01,1.967388e+01,1.977947e+01,1.993414e+01,1.973725e+01,1.978650e+01,1.999033e+01,1.977947e+01,1.989198e+01,1.989901e+01,1.990604e+01,1.982168e+01,1.975836e+01,1.949764e+01,1.947647e+01,1.959637e+01,1.933522e+01,1.937762e+01,1.944118e+01,1.953291e+01,1.935642e+01,1.939881e+01,1.968796e+01,1.969500e+01,1.975132e+01,1.992711e+01,1.989198e+01,1.997628e+01,2.008857e+01,2.023577e+01,2.020774e+01,2.021475e+01,2.022876e+01,2.031978e+01,2.027078e+01,2.032678e+01,2.007454e+01,2.026378e+01,2.027778e+01,2.032678e+01,2.021475e+01,2.019373e+01,1.993414e+01,1.989901e+01,1.988495e+01,1.968092e+01,1.965274e+01,1.945529e+01,1.941999e+01,1.907339e+01,1.927160e+01,1.917254e+01,1.877534e+01,1.871135e+01,1.865444e+01,1.861886e+01,1.866867e+01,1.839794e+01,1.824087e+01,1.824087e+01,1.823372e+01,1.822657e+01,1.847639e+01,1.840508e+01,1.836940e+01,1.840508e+01,1.849777e+01,1.844787e+01,1.838367e+01,1.846213e+01,1.833372e+01,1.833372e+01,1.831230e+01,1.831944e+01,1.833372e+01,1.835513e+01,1.835513e+01,1.839081e+01,1.844074e+01,1.849777e+01,1.829087e+01,1.857614e+01,1.827659e+01,1.834085e+01,1.831230e+01,1.826230e+01,1.834085e+01,1.823372e+01,1.822657e+01,1.824801e+01,1.821228e+01,1.841221e+01,1.819798e+01,1.830515e+01,1.821228e+01,1.804775e+01,1.809785e+01,1.806207e+01,1.811216e+01,1.804775e+01,1.805490e+01,1.809069e+01,1.793313e+01,1.807638e+01,1.804059e+01,1.806207e+01,1.804775e+01,1.807638e+01,1.806922e+01,1.814078e+01,1.814793e+01,1.808354e+01,1.816938e+01,1.811932e+01,1.810501e+01,1.818369e+01,1.824801e+01,1.839794e+01,1.839794e+01,1.844074e+01,1.848352e+01,1.850490e+01,1.857614e+01,1.866867e+01,1.866156e+01,1.864733e+01,1.870424e+01,1.883928e+01,1.903795e+01,1.920793e+01,1.928574e+01,1.953291e+01,1.961047e+01,1.975132e+01,1.988495e+01,1.991306e+01,2.003244e+01,2.003946e+01,2.007454e+01,2.032678e+01,2.034777e+01,2.024977e+01,2.018673e+01,2.015869e+01,2.009559e+01,2.002542e+01,1.973021e+01,1.963865e+01,1.941293e+01,1.937762e+01,1.915838e+01,1.917254e+01,1.900960e+01,1.899541e+01,1.899541e+01,1.897414e+01,1.900960e+01,1.894576e+01,1.908047e+01,1.888899e+01,1.888899e+01,1.888899e+01,1.884638e+01,1.880376e+01,1.905922e+01,1.886059e+01,1.883928e+01,1.903795e+01,1.889609e+01,1.887479e+01,1.883218e+01,1.884638e+01,1.883928e+01,1.889609e+01,1.900251e+01,1.888189e+01,1.874691e+01,1.883218e+01,1.876823e+01,1.881797e+01,1.877534e+01,1.890318e+01,1.880376e+01,1.888189e+01,1.884638e+01,1.876823e+01,1.878955e+01,1.871847e+01,1.879666e+01,1.856902e+01,1.873980e+01,1.862598e+01,1.873269e+01,1.882508e+01,1.883928e+01,1.876823e+01,1.854765e+01,1.885349e+01,1.890318e+01,1.900251e+01,1.909464e+01,1.930695e+01,1.932815e+01,1.941999e+01,1.961047e+01,1.953291e+01,1.941293e+01,1.956817e+01,1.961047e+01,1.986386e+01,1.975132e+01,1.957522e+01,1.978650e+01,1.987792e+01,1.985683e+01,2.020074e+01,2.002542e+01,2.029878e+01,2.029178e+01,2.029178e+01,2.047362e+01,2.043868e+01,2.045266e+01,2.027778e+01,2.034077e+01,2.029178e+01,2.042470e+01,2.041770e+01,2.041770e+01,2.045266e+01,2.044567e+01,2.038974e+01,2.043868e+01,2.041071e+01,2.050855e+01,2.060629e+01,2.063420e+01,2.058536e+01,2.065513e+01,2.046663e+01,2.064118e+01,2.059932e+01,2.069000e+01,2.073879e+01,2.073879e+01,2.059234e+01,2.059234e+01,2.050855e+01,2.069000e+01,2.055045e+01,2.056442e+01,2.062723e+01,2.052950e+01,2.055743e+01,2.053649e+01,2.078060e+01,2.058536e+01,2.071789e+01,2.074576e+01,2.068303e+01,2.075273e+01,2.087808e+01,2.085720e+01,2.078757e+01,2.087808e+01,2.095461e+01,2.082239e+01,2.085024e+01,2.087112e+01,2.063420e+01,2.074576e+01,2.028478e+01,1.975836e+01,1.961047e+01,1.956817e+01,1.963865e+01,1.952586e+01,1.947647e+01,1.939174e+01,1.919378e+01,1.902378e+01,1.876823e+01,1.845500e+01,1.832658e+01,1.814793e+01,1.814078e+01,1.843361e+01,1.847639e+01,1.865444e+01,1.845500e+01,1.876823e+01,1.885349e+01,1.885349e+01,1.887479e+01,1.872558e+01,1.888189e+01,1.883218e+01,1.883218e+01,1.869002e+01,1.866867e+01,1.880376e+01,1.883218e+01,1.869713e+01,1.862598e+01,1.875401e+01,1.878245e+01,1.880376e+01,1.873269e+01,1.877534e+01,1.885349e+01,1.874691e+01,1.874691e+01,1.886769e+01,1.873269e+01,1.881797e+01,1.854765e+01,1.869713e+01,1.869002e+01,1.861886e+01,1.859750e+01,1.868290e+01,1.856902e+01,1.856902e+01,1.864021e+01,1.862598e+01,1.864733e+01,1.863309e+01,1.867579e+01,1.866156e+01,1.873269e+01,1.881087e+01,1.856902e+01,1.886769e+01,1.893157e+01,1.888189e+01,1.920793e+01,1.930695e+01,1.955407e+01,1.974428e+01,2.008857e+01,2.020774e+01,2.043868e+01,2.077363e+01,2.060629e+01,2.067605e+01,2.071789e+01,2.090592e+01,2.092679e+01,2.098937e+01,2.098937e+01,2.097547e+01,2.096156e+01,2.086416e+01,2.110054e+01,2.089896e+01,2.094070e+01,2.096852e+01,2.110054e+01,2.103802e+01,2.092679e+01,2.071789e+01,2.096156e+01,2.101023e+01,2.082239e+01,2.100327e+01,2.097547e+01,2.089896e+01,2.089896e+01,2.090592e+01,2.089200e+01,2.091983e+01,2.101023e+01,2.099632e+01,2.089896e+01,2.097547e+01,2.101718e+01,2.091287e+01,2.091287e+01,2.101023e+01,2.087808e+01,2.093374e+01,2.075970e+01,2.076667e+01,2.068303e+01,2.069697e+01,2.086416e+01,2.084328e+01,2.082239e+01,2.075970e+01,2.070394e+01,2.071789e+01,2.073182e+01,2.087112e+01,2.073879e+01,2.096156e+01,2.104497e+01,2.111443e+01,2.121159e+01,2.115608e+01,2.139178e+01,2.139178e+01,2.146792e+01,2.133637e+01,2.149559e+01,2.135715e+01,2.145408e+01,2.136408e+01
1.939174e+01,1.941999e+01,1.917254e+01,1.913714e+01,1.920085e+01,1.900251e+01,1.913714e+01,1.913006e+01,1.922208e+01,1.915838e+01,1.915838e+01,1.927160e+01,1.912298e+01,1.905213e+01,1.910881e+01,1.905213e+01,1.886059e+01,1.886059e+01,1.872558e+01,1.876823e+01,1.849064e+01,1.847639e+01,1.843361e+01,1.829801e+01,1.826944e+01,1.833372e+01,1.850490e+01,1.852628e+01,1.860462e+01,1.860462e+01,1.854053e+01,1.847639e+01,1.862598e+01,1.859038e+01,1.864733e+01,1.877534e+01,1.877534e+01,1.886059e+01,1.904504e+01,1.883928e+01,1.901669e+01,1.905213e+01,1.915838e+01,1.915838e+01,1.915130e+01,1.924331e+01,1.915130e+01,1.900251e+01,1.918670e+01,1.904504e+01,1.909464e+01,1.910881e+01,1.914422e+01,1.908756e+01,1.913714e+01,1.911590e+01,1.911590e+01,1.915130e+01,1.939174e+01,1.934936e+01,1.937762e+01,1.949058e+01,1.964570e+01,1.990604e+01,2.011663e+01,2.039673e+01,2.050855e+01,2.038974e+01,2.046663e+01,2.044567e+01,2.044567e+01,2.045964e+01,2.025677e+01,2.018673e+01,2.018673e+01,1.977243e+01,1.977947e+01,1.959637e+01,1.961047e+01,1.951880e+01,1.958932e+01,1.946941e+01,1.951175e+01,1.951880e+01,1.953291e+01,1.953996e+01,1.968092e+01,1.951880e+01,1.952586e+01,1.934936e+01,1.946235e+01,1.946235e+01,1.948352e+01,1.945529e+01,1.943411e+01,1.945529e+01,1.964570e+01,1.944823e+01,1.978650e+01,1.950469e+01,1.944118e+01,1.956817e+01,1.956817e+01,1.957522e+01,1.954701e+01,1.957522e+01,1.953996e+01,1.980058e+01,1.970909e+01,1.953996e+01,1.957522e+01,1.957522e+01,1.962456e+01,1.976540e+01,1.952586e+01,1.968796e+01,1.977243e+01,1.975836e+01,1.976540e+01,1.988495e+01,1.985683e+01,1.995521e+01,2.016570e+01,2.051554e+01,2.045266e+01,2.073182e+01,2.058536e+01,2.055045e+01,2.057838e+01,2.050157e+01,2.045266e+01,2.057140e+01,2.067605e+01,2.067605e+01,2.070394e+01,2.064816e+01,2.069697e+01,2.062025e+01,2.070394e+01,2.036875e+01,2.056442e+01,2.050855e+01,2.050157e+01,2.056442e+01,2.057838e+01,2.065513e+01,2.076667e+01,2.070394e+01,2.064118e+01,2.083632e+01,2.082239e+01,2.084328e+01,2.094765e+01,2.089200e+01,2.092679e+01,2.110054e+01,2.087808e+01,2.086416e+01,2.073182e+01,2.071091e+01,2.078060e+01,2.077363e+01,2.072486e+01,2.055045e+01,2.054347e+01,2.048759e+01,2.027078e+01,1.996224e+01,1.984277e+01,1.963865e+01,1.943411e+01,1.939881e+01,1.950469e+01,1.949764e+01,1.953291e+01,1.978650e+01,1.975836e+01,2.010961e+01,2.038274e+01,2.052950e+01,2.071789e+01,2.068303e+01,2.075970e+01,2.073182e+01,2.068303e+01,2.063420e+01,2.066211e+01,2.066908e+01,2.045266e+01,2.048061e+01,2.041071e+01,2.031978e+01,2.027078e+01,2.036875e+01,2.008857e+01,2.019373e+01,2.016570e+01,2.017271e+01,2.001841e+01,2.015168e+01,2.013065e+01,1.989901e+01,1.994117e+01,1.991306e+01,1.979354e+01,1.964570e+01,1.955407e+01,1.952586e+01,1.949058e+01,1.935642e+01,1.943411e+01,1.921501e+01,1.922916e+01,1.928574e+01,1.911590e+01,1.910881e+01,1.899541e+01,1.895286e+01,1.900960e+01,1.913714e+01,1.910881e+01,1.898832e+01,1.908756e+01,1.911590e+01,1.912298e+01,1.910881e+01,1.910173e+01,1.924331e+01,1.936349e+01,1.941293e+01,1.941999e+01,1.946235e+01,1.950469e+01,1.932109e+01,1.964570e+01,1.960342e+01,1.943411e+01,1.975836e+01,1.965274e+01,1.958227e+01,1.965274e+01,1.976540e+01,1.980761e+01,1.972317e+01,1.941999e+01,1.927867e+01,1.945529e+01,1.937762e+01,1.925745e+01,1.920793e+01,1.924331e+01,1.915130e+01,1.913006e+01,1.912298e+01,1.932815e+01,1.934229e+01,1.932109e+01,1.951880e+01,1.969500e+01,1.973021e+01,1.991306e+01,1.997628e+01,2.020074e+01,2.017271e+01,2.019373e+01,2.018673e+01,2.024277e+01,2.020074e+01,2.020774e+01,2.031978e+01,2.029178e+01,2.019373e+01,2.021475e+01,2.017972e+01,1.992711e+01,1.980761e+01,1.970205e+01,1.968092e+01,1.947647e+01,1.942705e+01,1.945529e+01,1.941293e+01,1.935642e+01,1.900251e+01,1.878955e+01,1.878245e+01,1.871135e+01,1.852628e+01,1.851203e+01,1.841221e+01,1.831944e+01,1.831230e+01,1.824801e+01,1.839081e+01,1.845500e+01,1.848352e+01,1.841221e+01,1.837654e+01,1.832658e+01,1.839794e+01,1.836940e+01,1.842648e+01,1.846213e+01,1.831230e+01,1.834085e+01,1.836940e+01,1.834799e+01,1.839794e+01,1.831230e+01,1.829087e+01,1.842648e+01,1.832658e+01,1.837654e+01,1.827659e+01,1.819083e+01,1.830515e+01,1.830515e+01,1.829801e+01,1.826944e+01,1.842648e+01,1.823372e+01,1.821228e+01,1.829087e+01,1.820513e+01,1.819083e+01,1.819798e+01,1.819798e+01,1.820513e+01,1.813362e+01,1.815508e+01,1.808354e+01,1.804059e+01,1.813362e+01,1.815508e+01,1.802627e+01,1.809069e+01,1.796179e+01,1.809069e+01,1.806207e+01,1.804059e+01,1.805490e+01,1.802627e+01,1.811216e+01,1.812647e+01,1.809785e+01,1.816223e+01,1.813362e+01,1.816938e+01,1.829801e+01,1.829087e+01,1.826230e+01,1.839794e+01,1.836227e+01,1.854053e+01,1.855477e+01,1.850490e+01,1.866156e+01,1.868290e+01,1.873269e+01,1.898832e+01,1.908756e+01,1.917254e+01,1.950469e+01,1.958932e+01,1.961047e+01,1.959637e+01,1.988495e+01,1.988495e+01,2.015869e+01,2.023577e+01,2.014467e+01,2.038974e+01,2.041770e+01,2.035476e+01,2.033377e+01,2.041770e+01,2.018673e+01,2.003946e+01,2.001139e+01,1.983574e+01,1.963865e+01,1.958227e+01,1.952586e+01,1.921501e+01,1.919378e+01,1.922208e+01,1.900251e+01,1.900251e+01,1.898832e+01,1.897414e+01,1.903087e+01,1.917254e+01,1.881087e+01,1.898832e+01,1.888899e+01,1.891028e+01,1.895286e+01,1.885349e+01,1.874691e+01,1.893867e+01,1.889609e+01,1.894576e+01,1.884638e+01,1.892448e+01,1.894576e+01,1.882508e+01,1.886769e+01,1.891028e+01,1.886059e+01,1.883928e+01,1.879666e+01,1.884638e+01,1.886059e+01,1.877534e+01,1.878245e+01,1.881087e+01,1.876823e+01,1.886769e+01,1.876823e+01,1.878955e+01,1.878955e+01,1.864021e+01,1.859750e+01,1.860462e+01,1.859038e+01,1.867579e+01,1.879666e+01,1.879666e+01,1.868290e+01,1.875401e+01,1.869713e+01,1.893867e+01,1.903795e+01,1.920793e+01,1.908047e+01,1.921501e+01,1.929988e+01,1.927160e+01,1.939174e+01,1.944823e+01,1.940587e+01,1.949058e+01,1.949764e+01,1.957522e+01,1.976540e+01,1.985683e+01,1.990604e+01,2.005350e+01,1.994819e+01,1.996224e+01,2.027078e+01,2.017271e+01,2.029878e+01,2.027078e+01,2.045266e+01,2.042470e+01,2.034077e+01,2.043868e+01,2.040372e+01,2.040372e+01,2.042470e+01,2.045964e+01,2.050157e+01,2.056442e+01,2.053649e+01,2.055743e+01,2.050855e+01,2.049458e+01,2.050855e+01,2.060629e+01,2.047362e+01,2.052252e+01,2.058536e+01,2.048759e+01,2.060629e+01,2.071091e+01,2.062723e+01,2.071091e+01,2.071789e+01,2.066211e+01,2.053649e+01,2.066211e+01,2.050855e+01,2.061327e+01,2.059234e+01,2.055743e+01,2.080150e+01,2.065513e+01,2.062025e+01,2.070394e+01,2.079453e+01,2.076667e+01,2.087112e+01,2.080846e+01,2.086416e+01,2.089200e+01,2.080846e+01,2.084328e+01,2.090592e+01,2.094070e+01,2.086416e+01,2.092679e+01,2.091287e+01,2.078757e+01,2.060629e+01,2.045964e+01,2.004648e+01,1.958227e+01,1.949764e+01,1.957522e+01,1.953996e+01,1.946941e+01,1.937055e+01,1.918670e+01,1.891028e+01,1.884638e+01,1.844074e+01,1.842648e+01,1.839081e+01,1.831230e+01,1.842648e+01,1.846926e+01,1.864733e+01,1.855477e+01,1.881087e+01,1.881087e+01,1.882508e+01,1.876823e+01,1.873980e+01,1.871847e+01,1.888899e+01,1.878245e+01,1.878955e+01,1.881087e+01,1.876112e+01,1.878245e+01,1.886769e+01,1.864021e+01,1.886769e+01,1.874691e+01,1.878955e+01,1.874691e+01,1.871135e+01,1.874691e+01,1.877534e+01,1.877534e+01,1.875401e+01,1.887479e+01,1.868290e+01,1.867579e+01,1.866867e+01,1.885349e+01,1.889609e+01,1.868290e+01,1.861174e+01,1.867579e+01,1.859038e+01,1.866156e+01,1.865444e+01,1.873980e+01,1.877534e+01,1.876823e+01,1.879666e+01,1.867579e+01,1.880376e+01,1.892448e+01,1.892448e+01,1.898123e+01,1.898832e+01,1.922208e+01,1.933522e+01,1.976540e+01,1.995521e+01,2.020074e+01,2.046663e+01,2.052950e+01,2.061327e+01,2.084328e+01,2.092679e+01,2.088504e+01,2.096156e+01,2.081543e+01,2.101718e+01,2.097547e+01,2.096156e+01,2.087112e+01,2.080150e+01,2.091287e+01,2.096156e+01,2.093374e+01,2.108665e+01,2.078060e+01,2.094765e+01,2.074576e+01,2.085720e+01,2.094070e+01,2.087808e+01,2.101023e+01,2.091287e+01,2.091983e+01,2.092679e+01,2.090592e+01,2.085720e+01,2.096156e+01,2.095461e+01,2.089896e+01,2.094070e+01,2.099632e+01,2.095461e+01,2.081543e+01,2.093374e+01,2.082239e+01,2.091983e+01,2.085720e+01,2.082239e+01,2.079453e+01,2.084328e+01,2.072486e+01,2.082239e+01,2.077363e+01,2.072486e+01,2.080150e+01,2.078060e+01,2.075970e+01,2.072486e+01,2.091287e+01,2.098937e+01,2.093374e+01,2.092679e+01,2.121159e+01,2.123240e+01,2.123933e+01,2.139178e+01,2.128093e+01,2.137101e+01,2.153709e+01,2.132252e+01,2.151634e+01,2.139178e+01,2.138486e+01
1.915838e+01,1.893867e+01,1.916546e+01,1.923623e+01,1.903087e+01,1.906630e+01,1.916546e+01,1.931402e+01,1.916546e+01,1.913006e+01,1.928574e+01,1.925745e+01,1.908756e+01,1.913006e+01,1.925745e+01,1.883928e+01,1.883928e+01,1.869713e+01,1.873269e+01,1.855477e+01,1.849064e+01,1.851915e+01,1.849777e+01,1.824801e+01,1.819083e+01,1.826230e+01,1.835513e+01,1.835513e+01,1.837654e+01,1.843361e+01,1.861886e+01,1.851915e+01,1.864021e+01,1.864021e+01,1.873269e+01,1.889609e+01,1.883928e+01,1.873269e+01,1.869713e+01,1.885349e+01,1.898832e+01,1.898123e+01,1.918670e+01,1.929988e+01,1.924331e+01,1.903087e+01,1.898123e+01,1.921501e+01,1.915130e+01,1.913714e+01,1.890318e+01,1.905213e+01,1.905213e+01,1.911590e+01,1.913006e+01,1.921501e+01,1.915838e+01,1.925038e+01,1.936349e+01,1.941999e+01,1.941999e+01,1.941293e+01,1.965274e+01,1.988495e+01,2.006753e+01,2.025677e+01,2.052950e+01,2.044567e+01,2.059932e+01,2.034077e+01,2.057838e+01,2.036875e+01,2.039673e+01,2.026378e+01,2.015168e+01,2.016570e+01,2.008156e+01,1.991306e+01,1.960342e+01,1.958227e+01,1.953291e+01,1.954701e+01,1.956112e+01,1.960342e+01,1.941293e+01,1.955407e+01,1.937055e+01,1.951880e+01,1.951175e+01,1.935642e+01,1.956817e+01,1.959637e+01,1.946235e+01,1.952586e+01,1.939881e+01,1.945529e+01,1.946235e+01,1.946235e+01,1.937762e+01,1.948352e+01,1.947647e+01,1.934229e+01,1.955407e+01,1.948352e+01,1.951880e+01,1.948352e+01,1.950469e+01,1.954701e+01,1.956817e+01,1.957522e+01,1.957522e+01,1.956112e+01,1.966683e+01,1.974428e+01,1.970909e+01,1.970909e+01,1.960342e+01,1.974428e+01,1.985683e+01,1.999735e+01,1.997628e+01,2.016570e+01,2.041770e+01,2.035476e+01,2.048061e+01,2.053649e+01,2.059234e+01,2.059234e+01,2.036875e+01,2.052252e+01,2.060629e+01,2.054347e+01,2.054347e+01,2.067605e+01,2.057838e+01,2.073879e+01,2.069000e+01,2.073182e+01,2.048759e+01,2.065513e+01,2.064816e+01,2.073879e+01,2.066908e+01,2.057140e+01,2.071091e+01,2.064118e+01,2.071091e+01,2.074576e+01,2.075970e+01,2.082935e+01,2.083632e+01,2.091287e+01,2.084328e+01,2.085024e+01,2.078060e+01,2.078757e+01,2.084328e+01,2.084328e+01,2.087112e+01,2.084328e+01,2.078060e+01,2.075273e+01,2.077363e+01,2.071789e+01,2.051554e+01,2.049458e+01,2.026378e+01,1.996926e+01,1.984980e+01,1.965274e+01,1.923623e+01,1.922208e+01,1.932109e+01,1.933522e+01,1.951175e+01,1.953996e+01,1.978650e+01,2.008156e+01,2.019373e+01,2.033377e+01,2.067605e+01,2.066211e+01,2.069000e+01,2.064118e+01,2.068303e+01,2.064118e+01,2.066908e+01,2.059932e+01,2.055045e+01,2.036875e+01,2.034777e+01,2.047362e+01,2.027078e+01,2.034777e+01,2.014467e+01,2.004648e+01,2.010260e+01,2.003946e+01,1.994819e+01,1.988495e+01,1.987090e+01,1.992711e+01,1.972317e+01,1.988495e+01,1.971613e+01,1.954701e+01,1.953996e+01,1.953291e+01,1.944118e+01,1.934229e+01,1.929988e+01,1.920085e+01,1.924331e+01,1.913714e+01,1.899541e+01,1.913006e+01,1.888899e+01,1.901669e+01,1.894576e+01,1.895995e+01,1.894576e+01,1.893867e+01,1.886769e+01,1.910881e+01,1.911590e+01,1.908756e+01,1.917962e+01,1.908047e+01,1.917254e+01,1.922916e+01,1.950469e+01,1.925745e+01,1.925038e+01,1.937762e+01,1.936349e+01,1.937762e+01,1.937055e+01,1.943411e+01,1.940587e+01,1.932815e+01,1.937055e+01,1.937055e+01,1.945529e+01,1.945529e+01,1.944118e+01,1.922916e+01,1.928574e+01,1.909464e+01,1.907339e+01,1.908756e+01,1.911590e+01,1.910173e+01,1.910173e+01,1.916546e+01,1.915130e+01,1.929281e+01,1.919378e+01,1.933522e+01,1.941999e+01,1.975132e+01,1.975132e+01,1.961751e+01,1.988495e+01,1.981464e+01,1.973725e+01,1.982871e+01,2.013065e+01,2.005350e+01,1.988495e+01,2.008156e+01,1.987792e+01,1.989901e+01,1.986386e+01,1.972317e+01,1.986386e+01,1.968796e+01,1.946941e+01,1.939881e+01,1.941999e+01,1.913714e+01,1.912298e+01,1.900251e+01,1.898123e+01,1.898123e+01,1.875401e+01,1.861886e+01,1.851203e+01,1.849064e+01,1.838367e+01,1.844787e+01,1.826944e+01,1.821228e+01,1.824087e+01,1.824801e+01,1.823372e+01,1.834799e+01,1.830515e+01,1.829801e+01,1.823372e+01,1.831230e+01,1.839081e+01,1.838367e+01,1.845500e+01,1.846213e+01,1.844074e+01,1.839081e+01,1.836940e+01,1.826230e+01,1.834085e+01,1.833372e+01,1.830515e+01,1.837654e+01,1.832658e+01,1.833372e+01,1.831944e+01,1.828373e+01,1.828373e+01,1.832658e+01,1.843361e+01,1.831230e+01,1.827659e+01,1.823372e+01,1.821943e+01,1.842648e+01,1.819798e+01,1.826230e+01,1.826230e+01,1.817653e+01,1.818369e+01,1.810501e+01,1.809069e+01,1.802627e+01,1.809069e+01,1.817653e+01,1.804775e+01,1.801910e+01,1.805490e+01,1.808354e+01,1.804059e+01,1.801910e+01,1.804775e+01,1.810501e+01,1.811932e+01,1.814078e+01,1.814793e+01,1.812647e+01,1.809069e+01,1.821943e+01,1.819083e+01,1.824087e+01,1.826944e+01,1.824087e+01,1.834085e+01,1.837654e+01,1.852628e+01,1.839794e+01,1.862598e+01,1.869713e+01,1.873269e+01,1.893867e+01,1.922208e+01,1.925038e+01,1.953291e+01,1.955407e+01,1.957522e+01,1.989198e+01,1.996926e+01,2.015168e+01,2.006753e+01,2.019373e+01,2.038974e+01,2.034077e+01,2.067605e+01,2.041770e+01,2.041770e+01,2.039673e+01,2.036176e+01,2.006753e+01,1.991306e+01,1.992009e+01,1.982168e+01,1.961047e+01,1.944118e+01,1.925038e+01,1.910173e+01,1.911590e+01,1.897414e+01,1.898832e+01,1.893867e+01,1.891738e+01,1.886769e+01,1.881087e+01,1.883928e+01,1.881087e+01,1.891028e+01,1.888899e+01,1.893867e+01,1.883218e+01,1.888189e+01,1.881797e+01,1.878955e+01,1.891738e+01,1.899541e+01,1.885349e+01,1.897414e+01,1.888899e+01,1.887479e+01,1.883928e+01,1.885349e+01,1.883928e+01,1.886769e+01,1.881797e+01,1.896704e+01,1.881797e+01,1.878955e+01,1.883218e+01,1.878955e+01,1.880376e+01,1.878245e+01,1.875401e+01,1.878245e+01,1.878955e+01,1.871135e+01,1.859750e+01,1.866156e+01,1.869713e+01,1.869713e+01,1.863309e+01,1.864733e+01,1.866867e+01,1.862598e+01,1.871135e+01,1.875401e+01,1.898123e+01,1.900251e+01,1.904504e+01,1.900960e+01,1.906630e+01,1.925038e+01,1.926452e+01,1.927867e+01,1.941293e+01,1.934229e+01,1.944118e+01,1.961047e+01,1.974428e+01,1.975836e+01,1.977947e+01,2.010961e+01,2.008857e+01,2.027778e+01,2.015869e+01,2.028478e+01,2.034077e+01,2.038974e+01,2.031978e+01,2.045964e+01,2.029878e+01,2.041770e+01,2.038974e+01,2.033377e+01,2.037575e+01,2.052950e+01,2.050157e+01,2.036875e+01,2.041770e+01,2.038974e+01,2.048061e+01,2.045266e+01,2.052950e+01,2.051554e+01,2.045964e+01,2.049458e+01,2.057140e+01,2.060629e+01,2.054347e+01,2.045964e+01,2.058536e+01,2.046663e+01,2.059932e+01,2.048061e+01,2.055743e+01,2.053649e+01,2.069000e+01,2.048759e+01,2.052950e+01,2.057838e+01,2.069000e+01,2.081543e+01,2.072486e+01,2.071091e+01,2.077363e+01,2.087112e+01,2.082935e+01,2.085720e+01,2.092679e+01,2.086416e+01,2.086416e+01,2.087808e+01,2.087112e+01,2.090592e+01,2.087808e+01,2.089200e+01,2.073879e+01,2.073879e+01,2.081543e+01,2.050157e+01,1.982871e+01,1.951880e+01,1.950469e+01,1.949764e+01,1.954701e+01,1.942705e+01,1.937762e+01,1.903087e+01,1.901669e+01,1.861174e+01,1.843361e+01,1.832658e+01,1.831230e+01,1.826230e+01,1.843361e+01,1.844787e+01,1.867579e+01,1.859038e+01,1.871135e+01,1.873980e+01,1.876823e+01,1.874691e+01,1.871847e+01,1.870424e+01,1.873980e+01,1.885349e+01,1.887479e+01,1.890318e+01,1.874691e+01,1.878245e+01,1.885349e+01,1.878245e+01,1.887479e+01,1.886769e+01,1.876112e+01,1.880376e+01,1.879666e+01,1.883928e+01,1.880376e+01,1.879666e+01,1.881087e+01,1.881797e+01,1.869002e+01,1.873269e+01,1.864021e+01,1.864733e+01,1.864733e+01,1.861174e+01,1.861174e+01,1.866156e+01,1.873269e+01,1.861174e+01,1.876112e+01,1.860462e+01,1.881087e+01,1.871135e+01,1.888189e+01,1.883928e+01,1.876823e+01,1.874691e+01,1.908756e+01,1.903795e+01,1.911590e+01,1.947647e+01,1.970909e+01,1.991306e+01,2.015869e+01,2.033377e+01,2.045964e+01,2.069697e+01,2.063420e+01,2.089200e+01,2.095461e+01,2.083632e+01,2.096852e+01,2.089896e+01,2.098242e+01,2.087808e+01,2.076667e+01,2.082239e+01,2.094070e+01,2.091983e+01,2.083632e+01,2.078757e+01,2.091287e+01,2.073182e+01,2.085024e+01,2.091983e+01,2.089896e+01,2.092679e+01,2.101023e+01,2.101023e+01,2.084328e+01,2.084328e+01,2.080846e+01,2.096852e+01,2.089896e+01,2.093374e+01,2.101023e+01,2.097547e+01,2.087112e+01,2.083632e+01,2.094070e+01,2.089200e+01,2.089200e+01,2.080150e+01,2.081543e+01,2.078757e+01,2.073879e+01,2.074576e+01,2.088504e+01,2.071091e+01,2.059932e+01,2.081543e+01,2.082239e+01,2.068303e+01,2.067605e+01,2.072486e+01,2.096156e+01,2.096852e+01,2.102413e+01,2.094765e+01,2.105887e+01,2.110748e+01,2.112831e+01,2.123933e+01,2.136408e+01,2.147484e+01,2.139178e+01,2.135023e+01,2.135023e+01,2.147484e+01,2.142640e+01
1.898832e+01,1.910173e+01,1.917962e+01,1.900251e+01,1.903087e+01,1.905213e+01,1.910881e+01,1.916546e+01,1.913006e+01,1.913006e+01,1.926452e+01,1.925745e+01,1.903087e+01,1.907339e+01,1.913714e+01,1.887479e+01,1.893157e+01,1.864021e+01,1.852628e+01,1.852628e+01,1.848352e+01,1.822657e+01,1.825516e+01,1.829801e+01,1.829087e+01,1.823372e+01,1.839081e+01,1.832658e+01,1.851915e+01,1.851203e+01,1.837654e+01,1.849064e+01,1.861886e+01,1.865444e+01,1.859038e+01,1.861174e+01,1.861174e+01,1.889609e+01,1.883928e+01,1.885349e+01,1.893867e+01,1.902378e+01,1.910881e+01,1.917254e+01,1.927160e+01,1.908756e+01,1.905922e+01,1.915838e+01,1.922916e+01,1.910173e+01,1.900960e+01,1.905922e+01,1.906630e+01,1.905213e+01,1.908047e+01,1.911590e+01,1.913714e+01,1.913006e+01,1.914422e+01,1.937055e+01,1.941999e+01,1.963865e+01,1.965979e+01,1.996926e+01,2.006051e+01,2.039673e+01,2.053649e+01,2.062025e+01,2.052252e+01,2.066211e+01,2.051554e+01,2.057838e+01,2.065513e+01,2.048759e+01,2.022176e+01,2.027078e+01,2.024277e+01,2.018673e+01,1.993414e+01,1.960342e+01,1.984980e+01,1.956112e+01,1.957522e+01,1.959637e+01,1.936349e+01,1.954701e+01,1.952586e+01,1.950469e+01,1.934229e+01,1.950469e+01,1.945529e+01,1.935642e+01,1.941999e+01,1.952586e+01,1.956817e+01,1.939174e+01,1.936349e+01,1.956817e+01,1.947647e+01,1.944823e+01,1.950469e+01,1.933522e+01,1.952586e+01,1.938468e+01,1.953291e+01,1.954701e+01,1.950469e+01,1.956112e+01,1.958227e+01,1.958227e+01,1.954701e+01,1.947647e+01,1.959637e+01,1.953291e+01,1.963865e+01,1.967388e+01,1.973725e+01,1.977243e+01,1.987090e+01,1.999735e+01,2.017972e+01,2.017271e+01,2.041770e+01,2.041071e+01,2.055743e+01,2.071091e+01,2.055045e+01,2.057838e+01,2.053649e+01,2.030578e+01,2.050157e+01,2.064816e+01,2.058536e+01,2.056442e+01,2.063420e+01,2.074576e+01,2.073182e+01,2.066211e+01,2.071091e+01,2.046663e+01,2.068303e+01,2.082239e+01,2.063420e+01,2.059932e+01,2.071091e+01,2.069000e+01,2.079453e+01,2.075970e+01,2.078757e+01,2.089896e+01,2.082239e+01,2.085024e+01,2.082935e+01,2.085024e+01,2.084328e+01,2.085024e+01,2.078757e+01,2.079453e+01,2.085720e+01,2.088504e+01,2.071789e+01,2.089200e+01,2.073879e+01,2.066908e+01,2.055743e+01,2.055045e+01,2.031278e+01,2.007454e+01,1.995521e+01,1.943411e+01,1.934936e+01,1.888189e+01,1.921501e+01,1.931402e+01,1.946941e+01,1.958227e+01,1.956112e+01,1.982168e+01,2.008857e+01,2.010260e+01,2.067605e+01,2.067605e+01,2.070394e+01,2.067605e+01,2.062723e+01,2.057838e+01,2.063420e+01,2.057838e+01,2.047362e+01,2.039673e+01,2.037575e+01,2.033377e+01,2.019373e+01,2.020074e+01,2.015168e+01,2.008156e+01,1.996224e+01,2.000437e+01,1.991306e+01,1.977243e+01,1.982871e+01,1.965274e+01,1.984980e+01,1.957522e+01,1.955407e+01,1.952586e+01,1.952586e+01,1.949058e+01,1.925745e+01,1.927160e+01,1.914422e+01,1.913714e+01,1.919378e+01,1.918670e+01,1.913006e+01,1.909464e+01,1.902378e+01,1.885349e+01,1.892448e+01,1.891738e+01,1.896704e+01,1.888899e+01,1.884638e+01,1.884638e+01,1.905213e+01,1.883928e+01,1.898832e+01,1.919378e+01,1.895995e+01,1.915130e+01,1.904504e+01,1.912298e+01,1.918670e+01,1.920085e+01,1.920085e+01,1.920085e+01,1.933522e+01,1.930695e+01,1.933522e+01,1.925038e+01,1.934229e+01,1.908047e+01,1.893157e+01,1.913714e+01,1.915838e+01,1.914422e+01,1.910173e+01,1.908756e+01,1.895995e+01,1.907339e+01,1.886059e+01,1.886769e+01,1.881797e+01,1.891028e+01,1.908756e+01,1.897414e+01,1.914422e+01,1.924331e+01,1.924331e+01,1.947647e+01,1.956817e+01,1.962456e+01,1.963865e+01,1.971613e+01,1.974428e+01,1.983574e+01,1.963865e+01,1.977947e+01,1.979354e+01,1.972317e+01,1.974428e+01,1.969500e+01,1.972317e+01,1.969500e+01,1.945529e+01,1.936349e+01,1.939174e+01,1.934936e+01,1.901669e+01,1.922916e+01,1.895995e+01,1.894576e+01,1.876112e+01,1.877534e+01,1.864733e+01,1.854053e+01,1.852628e+01,1.834085e+01,1.826230e+01,1.819798e+01,1.821228e+01,1.816938e+01,1.823372e+01,1.823372e+01,1.819083e+01,1.829801e+01,1.829087e+01,1.845500e+01,1.831944e+01,1.827659e+01,1.836940e+01,1.838367e+01,1.820513e+01,1.841934e+01,1.823372e+01,1.828373e+01,1.832658e+01,1.834799e+01,1.830515e+01,1.831944e+01,1.810501e+01,1.836227e+01,1.811932e+01,1.834085e+01,1.821943e+01,1.833372e+01,1.811932e+01,1.812647e+01,1.826230e+01,1.821228e+01,1.818369e+01,1.818369e+01,1.823372e+01,1.824087e+01,1.817653e+01,1.824087e+01,1.817653e+01,1.821228e+01,1.816938e+01,1.819083e+01,1.815508e+01,1.809785e+01,1.811932e+01,1.817653e+01,1.806207e+01,1.804059e+01,1.806207e+01,1.810501e+01,1.796179e+01,1.798329e+01,1.804775e+01,1.811932e+01,1.804059e+01,1.811216e+01,1.813362e+01,1.814078e+01,1.809785e+01,1.825516e+01,1.821228e+01,1.823372e+01,1.832658e+01,1.826230e+01,1.832658e+01,1.836940e+01,1.854765e+01,1.855477e+01,1.868290e+01,1.861886e+01,1.891738e+01,1.906630e+01,1.920793e+01,1.936349e+01,1.959637e+01,1.956112e+01,1.985683e+01,1.995521e+01,2.003244e+01,2.025677e+01,2.024977e+01,2.047362e+01,2.043868e+01,2.060629e+01,2.056442e+01,2.051554e+01,2.051554e+01,2.041071e+01,2.018673e+01,2.018673e+01,2.018673e+01,2.008857e+01,1.981464e+01,1.953996e+01,1.955407e+01,1.923623e+01,1.922208e+01,1.919378e+01,1.912298e+01,1.903087e+01,1.898123e+01,1.891738e+01,1.887479e+01,1.884638e+01,1.886769e+01,1.893157e+01,1.878955e+01,1.875401e+01,1.886769e+01,1.876823e+01,1.880376e+01,1.879666e+01,1.887479e+01,1.878245e+01,1.884638e+01,1.887479e+01,1.879666e+01,1.888189e+01,1.884638e+01,1.886769e+01,1.874691e+01,1.881087e+01,1.883928e+01,1.888899e+01,1.888189e+01,1.879666e+01,1.881087e+01,1.891738e+01,1.878955e+01,1.880376e+01,1.875401e+01,1.871135e+01,1.881087e+01,1.874691e+01,1.869713e+01,1.871847e+01,1.864733e+01,1.874691e+01,1.855477e+01,1.861174e+01,1.869002e+01,1.868290e+01,1.863309e+01,1.871135e+01,1.872558e+01,1.887479e+01,1.909464e+01,1.903795e+01,1.905213e+01,1.905922e+01,1.937055e+01,1.914422e+01,1.920793e+01,1.908756e+01,1.942705e+01,1.944823e+01,1.947647e+01,1.950469e+01,1.958227e+01,1.972317e+01,1.978650e+01,2.000437e+01,1.993414e+01,2.013065e+01,2.025677e+01,2.041071e+01,2.034077e+01,2.045964e+01,2.048759e+01,2.036176e+01,2.032678e+01,2.043868e+01,2.045266e+01,2.034777e+01,2.027778e+01,2.045266e+01,2.034077e+01,2.043169e+01,2.041071e+01,2.048759e+01,2.051554e+01,2.043868e+01,2.047362e+01,2.057140e+01,2.048759e+01,2.052950e+01,2.056442e+01,2.053649e+01,2.062025e+01,2.045266e+01,2.059234e+01,2.051554e+01,2.048061e+01,2.049458e+01,2.054347e+01,2.052252e+01,2.055045e+01,2.055743e+01,2.062025e+01,2.062025e+01,2.066211e+01,2.075970e+01,2.077363e+01,2.081543e+01,2.078757e+01,2.090592e+01,2.086416e+01,2.088504e+01,2.087808e+01,2.091983e+01,2.110054e+01,2.087808e+01,2.089200e+01,2.080150e+01,2.084328e+01,2.084328e+01,2.078060e+01,2.080150e+01,2.064118e+01,2.057838e+01,1.988495e+01,1.947647e+01,1.949764e+01,1.944118e+01,1.945529e+01,1.944823e+01,1.932109e+01,1.906630e+01,1.882508e+01,1.843361e+01,1.836940e+01,1.817653e+01,1.839081e+01,1.827659e+01,1.841934e+01,1.845500e+01,1.849777e+01,1.855477e+01,1.858326e+01,1.866156e+01,1.880376e+01,1.882508e+01,1.884638e+01,1.887479e+01,1.868290e+01,1.866867e+01,1.888899e+01,1.884638e+01,1.889609e+01,1.873269e+01,1.877534e+01,1.877534e+01,1.881087e+01,1.882508e+01,1.880376e+01,1.878955e+01,1.879666e+01,1.872558e+01,1.861174e+01,1.869713e+01,1.878245e+01,1.864021e+01,1.871135e+01,1.868290e+01,1.862598e+01,1.866156e+01,1.865444e+01,1.864733e+01,1.867579e+01,1.869002e+01,1.867579e+01,1.878245e+01,1.869002e+01,1.858326e+01,1.890318e+01,1.879666e+01,1.883928e+01,1.889609e+01,1.888189e+01,1.910173e+01,1.912298e+01,1.910173e+01,1.951880e+01,1.970909e+01,2.008857e+01,2.036875e+01,2.043868e+01,2.053649e+01,2.056442e+01,2.088504e+01,2.080150e+01,2.076667e+01,2.089896e+01,2.080846e+01,2.089896e+01,2.091983e+01,2.082935e+01,2.091983e+01,2.087808e+01,2.096852e+01,2.086416e+01,2.085024e+01,2.091983e+01,2.091983e+01,2.093374e+01,2.084328e+01,2.091287e+01,2.096156e+01,2.104497e+01,2.101718e+01,2.084328e+01,2.087808e+01,2.094765e+01,2.101023e+01,2.080150e+01,2.089200e+01,2.104497e+01,2.092679e+01,2.089896e+01,2.092679e+01,2.089200e+01,2.080846e+01,2.082239e+01,2.079453e+01,2.085024e+01,2.082935e+01,2.080846e+01,2.073182e+01,2.064816e+01,2.069000e+01,2.063420e+01,2.081543e+01,2.060629e+01,2.071789e+01,2.066908e+01,2.072486e+01,2.079453e+01,2.089896e+01,2.095461e+01,2.107276e+01,2.111443e+01,2.101718e+01,2.121159e+01,2.121159e+01,2.142640e+01,2.125320e+01,2.123240e+01,2.131559e+01,2.141948e+01,2.139871e+01,2.146792e+01,2.148176e+01
1.899541e+01,1.893867e+01,1.902378e+01,1.899541e+01,1.897414e+01,1.889609e+01,1.899541e+01,1.900251e+01,1.903087e+01,1.908756e+01,1.908047e+01,1.906630e+01,1.905922e+01,1.895995e+01,1.896704e+01,1.884638e+01,1.890318e+01,1.870424e+01,1.876112e+01,1.844787e+01,1.831230e+01,1.836227e+01,1.824801e+01,1.821228e+01,1.819798e+01,1.824087e+01,1.826944e+01,1.839081e+01,1.854053e+01,1.851203e+01,1.854053e+01,1.850490e+01,1.866867e+01,1.854053e+01,1.859750e+01,1.873269e+01,1.877534e+01,1.881797e+01,1.895286e+01,1.891028e+01,1.898123e+01,1.903087e+01,1.925745e+01,1.918670e+01,1.920085e+01,1.922916e+01,1.916546e+01,1.917254e+01,1.914422e+01,1.906630e+01,1.909464e+01,1.908047e+01,1.898123e+01,1.905213e+01,1.910881e+01,1.915130e+01,1.913006e+01,1.916546e+01,1.915130e+01,1.914422e+01,1.941293e+01,1.938468e+01,1.963161e+01,1.969500e+01,2.012364e+01,2.040372e+01,2.052252e+01,2.059234e+01,2.064816e+01,2.072486e+01,2.052252e+01,2.064118e+01,2.059234e+01,2.050855e+01,2.062723e+01,2.035476e+01,2.031278e+01,2.019373e+01,2.024977e+01,1.999735e+01,1.979354e+01,1.982168e+01,1.960342e+01,1.959637e+01,1.949058e+01,1.958932e+01,1.966683e+01,1.956112e+01,1.949764e+01,1.931402e+01,1.963865e+01,1.938468e+01,1.959637e+01,1.953996e+01,1.951880e+01,1.942705e+01,1.950469e+01,1.952586e+01,1.953996e+01,1.956112e+01,1.945529e+01,1.953291e+01,1.965979e+01,1.953996e+01,1.956817e+01,1.953291e+01,1.954701e+01,1.956817e+01,1.965274e+01,1.974428e+01,1.960342e+01,1.963161e+01,1.975132e+01,1.974428e+01,1.968092e+01,1.993414e+01,1.977243e+01,1.984980e+01,1.977243e+01,1.995521e+01,2.008857e+01,2.020074e+01,2.048061e+01,2.048061e+01,2.048061e+01,2.059234e+01,2.057838e+01,2.057140e+01,2.042470e+01,2.050157e+01,2.055743e+01,2.048061e+01,2.060629e+01,2.056442e+01,2.074576e+01,2.069697e+01,2.074576e+01,2.075970e+01,2.075273e+01,2.071789e+01,2.078060e+01,2.073182e+01,2.059932e+01,2.077363e+01,2.073879e+01,2.071789e+01,2.077363e+01,2.080846e+01,2.069697e+01,2.086416e+01,2.084328e+01,2.084328e+01,2.069697e+01,2.085720e+01,2.079453e+01,2.077363e+01,2.082239e+01,2.107276e+01,2.075273e+01,2.084328e+01,2.085720e+01,2.072486e+01,2.077363e+01,2.073879e+01,2.050157e+01,2.048061e+01,2.040372e+01,1.991306e+01,1.984980e+01,1.962456e+01,1.927867e+01,1.920793e+01,1.925038e+01,1.924331e+01,1.952586e+01,1.943411e+01,1.951880e+01,1.981464e+01,1.992711e+01,2.038974e+01,2.033377e+01,2.065513e+01,2.062025e+01,2.076667e+01,2.071091e+01,2.066908e+01,2.061327e+01,2.056442e+01,2.045266e+01,2.039673e+01,2.023577e+01,2.031978e+01,2.016570e+01,2.007454e+01,2.001139e+01,2.013766e+01,1.994819e+01,1.992711e+01,1.988495e+01,1.980058e+01,1.982871e+01,1.968796e+01,1.980058e+01,1.960342e+01,1.950469e+01,1.954701e+01,1.939881e+01,1.939881e+01,1.932815e+01,1.928574e+01,1.923623e+01,1.913714e+01,1.910173e+01,1.907339e+01,1.906630e+01,1.901669e+01,1.888189e+01,1.893867e+01,1.883218e+01,1.886769e+01,1.891028e+01,1.883928e+01,1.882508e+01,1.889609e+01,1.886059e+01,1.893867e+01,1.912298e+01,1.903795e+01,1.888899e+01,1.913714e+01,1.888189e+01,1.889609e+01,1.890318e+01,1.892448e+01,1.888189e+01,1.902378e+01,1.916546e+01,1.897414e+01,1.900960e+01,1.912298e+01,1.917962e+01,1.891028e+01,1.917254e+01,1.914422e+01,1.892448e+01,1.888189e+01,1.895995e+01,1.890318e+01,1.868290e+01,1.863309e+01,1.866867e+01,1.866867e+01,1.883218e+01,1.883928e+01,1.893157e+01,1.878955e+01,1.893157e+01,1.889609e+01,1.923623e+01,1.929281e+01,1.957522e+01,1.939881e+01,1.946941e+01,1.953291e+01,1.956817e+01,1.955407e+01,1.955407e+01,1.958932e+01,1.958227e+01,1.959637e+01,1.958932e+01,1.956112e+01,1.938468e+01,1.927160e+01,1.922916e+01,1.931402e+01,1.915838e+01,1.884638e+01,1.894576e+01,1.875401e+01,1.893867e+01,1.886769e+01,1.858326e+01,1.859038e+01,1.849777e+01,1.857614e+01,1.834085e+01,1.842648e+01,1.835513e+01,1.818369e+01,1.816938e+01,1.819798e+01,1.822657e+01,1.826944e+01,1.826230e+01,1.822657e+01,1.826944e+01,1.834799e+01,1.832658e+01,1.832658e+01,1.824087e+01,1.814078e+01,1.817653e+01,1.846926e+01,1.830515e+01,1.830515e+01,1.828373e+01,1.825516e+01,1.828373e+01,1.820513e+01,1.825516e+01,1.819798e+01,1.813362e+01,1.827659e+01,1.819798e+01,1.826944e+01,1.825516e+01,1.831944e+01,1.822657e+01,1.809785e+01,1.826944e+01,1.824801e+01,1.822657e+01,1.829087e+01,1.814793e+01,1.825516e+01,1.819798e+01,1.816223e+01,1.815508e+01,1.816938e+01,1.815508e+01,1.821228e+01,1.802627e+01,1.815508e+01,1.814793e+01,1.812647e+01,1.801910e+01,1.809785e+01,1.816223e+01,1.804775e+01,1.804775e+01,1.809069e+01,1.811932e+01,1.805490e+01,1.810501e+01,1.808354e+01,1.824801e+01,1.809069e+01,1.804059e+01,1.813362e+01,1.820513e+01,1.826230e+01,1.836940e+01,1.834085e+01,1.858326e+01,1.857614e+01,1.869002e+01,1.905213e+01,1.905922e+01,1.903795e+01,1.934229e+01,1.951175e+01,1.963865e+01,1.984980e+01,1.991306e+01,1.998330e+01,2.024277e+01,2.022876e+01,2.020774e+01,2.045964e+01,2.048061e+01,2.058536e+01,2.068303e+01,2.059234e+01,2.070394e+01,2.047362e+01,2.031278e+01,2.019373e+01,2.013766e+01,2.005350e+01,2.000437e+01,1.994117e+01,1.971613e+01,1.970909e+01,1.939174e+01,1.935642e+01,1.899541e+01,1.897414e+01,1.898123e+01,1.893157e+01,1.887479e+01,1.895286e+01,1.883928e+01,1.890318e+01,1.891028e+01,1.881087e+01,1.895286e+01,1.887479e+01,1.882508e+01,1.880376e+01,1.888899e+01,1.875401e+01,1.875401e+01,1.886059e+01,1.882508e+01,1.883218e+01,1.884638e+01,1.884638e+01,1.882508e+01,1.882508e+01,1.880376e+01,1.881087e+01,1.874691e+01,1.875401e+01,1.877534e+01,1.883928e+01,1.882508e+01,1.883218e+01,1.881797e+01,1.882508e+01,1.883218e+01,1.878245e+01,1.867579e+01,1.871135e+01,1.870424e+01,1.878955e+01,1.860462e+01,1.866867e+01,1.866156e+01,1.869713e+01,1.866867e+01,1.871847e+01,1.864021e+01,1.873980e+01,1.888899e+01,1.892448e+01,1.894576e+01,1.905922e+01,1.904504e+01,1.910173e+01,1.910173e+01,1.906630e+01,1.905922e+01,1.927867e+01,1.927160e+01,1.943411e+01,1.942705e+01,1.951175e+01,1.975132e+01,1.982168e+01,1.994819e+01,2.017271e+01,2.020774e+01,2.023577e+01,2.031978e+01,2.034777e+01,2.035476e+01,2.045266e+01,2.033377e+01,2.045964e+01,2.059932e+01,2.033377e+01,2.032678e+01,2.030578e+01,2.031978e+01,2.034777e+01,2.036176e+01,2.042470e+01,2.041770e+01,2.036176e+01,2.054347e+01,2.046663e+01,2.046663e+01,2.052252e+01,2.058536e+01,2.046663e+01,2.057140e+01,2.046663e+01,2.042470e+01,2.048759e+01,2.050157e+01,2.048759e+01,2.052252e+01,2.050855e+01,2.062025e+01,2.052252e+01,2.062025e+01,2.071091e+01,2.073879e+01,2.083632e+01,2.064118e+01,2.080846e+01,2.079453e+01,2.077363e+01,2.091287e+01,2.094765e+01,2.087808e+01,2.087112e+01,2.087808e+01,2.096156e+01,2.091983e+01,2.069697e+01,2.083632e+01,2.085720e+01,2.082935e+01,2.084328e+01,2.081543e+01,2.058536e+01,2.051554e+01,2.018673e+01,1.949764e+01,1.946235e+01,1.934936e+01,1.946235e+01,1.944118e+01,1.913006e+01,1.882508e+01,1.876823e+01,1.856902e+01,1.834799e+01,1.828373e+01,1.813362e+01,1.838367e+01,1.831944e+01,1.853340e+01,1.854053e+01,1.854765e+01,1.855477e+01,1.871847e+01,1.886059e+01,1.873980e+01,1.893157e+01,1.885349e+01,1.888899e+01,1.891738e+01,1.883218e+01,1.886769e+01,1.893867e+01,1.893867e+01,1.893867e+01,1.897414e+01,1.889609e+01,1.878955e+01,1.876823e+01,1.879666e+01,1.883218e+01,1.880376e+01,1.872558e+01,1.861174e+01,1.867579e+01,1.857614e+01,1.882508e+01,1.866867e+01,1.867579e+01,1.866156e+01,1.867579e+01,1.873980e+01,1.875401e+01,1.875401e+01,1.861886e+01,1.866156e+01,1.878245e+01,1.879666e+01,1.882508e+01,1.884638e+01,1.884638e+01,1.888189e+01,1.909464e+01,1.909464e+01,1.912298e+01,1.956817e+01,1.970205e+01,2.013766e+01,2.017972e+01,2.014467e+01,2.062723e+01,2.063420e+01,2.065513e+01,2.073182e+01,2.075273e+01,2.088504e+01,2.075273e+01,2.091983e+01,2.091983e+01,2.088504e+01,2.090592e+01,2.088504e+01,2.100327e+01,2.089896e+01,2.087808e+01,2.092679e+01,2.096852e+01,2.091287e+01,2.089896e+01,2.082239e+01,2.088504e+01,2.090592e+01,2.078060e+01,2.089896e+01,2.095461e+01,2.103802e+01,2.082935e+01,2.095461e+01,2.084328e+01,2.090592e+01,2.091983e+01,2.089200e+01,2.086416e+01,2.086416e+01,2.091287e+01,2.083632e+01,2.084328e+01,2.085024e+01,2.071789e+01,2.069000e+01,2.074576e+01,2.066211e+01,2.069697e+01,2.069697e+01,2.070394e+01,2.080150e+01,2.077363e+01,2.071789e+01,2.071789e+01,2.073879e+01,2.076667e+01,2.098937e+01,2.091983e+01,2.101718e+01,2.112137e+01,2.116996e+01,2.115608e+01,2.110054e+01,2.126707e+01,2.141948e+01,2.128093e+01,2.135023e+01,2.144024e+01,2.143332e+01,2.148176e+01
1.890318e+01,1.879666e+01,1.893867e+01,1.901669e+01,1.886059e+01,1.905922e+01,1.894576e+01,1.903087e+01,1.910173e+01,1.914422e+01,1.902378e+01,1.920793e+01,1.906630e+01,1.900960e+01,1.895286e+01,1.888189e+01,1.885349e+01,1.877534e+01,1.871847e+01,1.841221e+01,1.841221e+01,1.827659e+01,1.816223e+01,1.824801e+01,1.815508e+01,1.822657e+01,1.841221e+01,1.838367e+01,1.848352e+01,1.846926e+01,1.846213e+01,1.861886e+01,1.852628e+01,1.859038e+01,1.871135e+01,1.881087e+01,1.882508e+01,1.886769e+01,1.907339e+01,1.899541e+01,1.910173e+01,1.916546e+01,1.903087e+01,1.925745e+01,1.929281e+01,1.928574e+01,1.922916e+01,1.919378e+01,1.918670e+01,1.913006e+01,1.906630e+01,1.913714e+01,1.911590e+01,1.909464e+01,1.891028e+01,1.913714e+01,1.914422e+01,1.913714e+01,1.917254e+01,1.923623e+01,1.939881e+01,1.941293e+01,1.958227e+01,1.985683e+01,2.015869e+01,2.013766e+01,2.045964e+01,2.062025e+01,2.073182e+01,2.082935e+01,2.072486e+01,2.070394e+01,2.066908e+01,2.058536e+01,2.052950e+01,2.048061e+01,2.049458e+01,2.045964e+01,2.029878e+01,2.006753e+01,1.997628e+01,2.017972e+01,1.988495e+01,1.978650e+01,1.978650e+01,1.961751e+01,1.951175e+01,1.964570e+01,1.963161e+01,1.953996e+01,1.962456e+01,1.942705e+01,1.956817e+01,1.944823e+01,1.956112e+01,1.956112e+01,1.939881e+01,1.956112e+01,1.954701e+01,1.944823e+01,1.956112e+01,1.949058e+01,1.969500e+01,1.949764e+01,1.955407e+01,1.943411e+01,1.972317e+01,1.956817e+01,1.955407e+01,1.964570e+01,1.965979e+01,1.981464e+01,1.961047e+01,1.978650e+01,1.989198e+01,1.970909e+01,2.005350e+01,1.980058e+01,1.994117e+01,2.007454e+01,2.012364e+01,2.037575e+01,2.022176e+01,2.044567e+01,2.061327e+01,2.055045e+01,2.058536e+01,2.048759e+01,2.050157e+01,2.050157e+01,2.031978e+01,2.048061e+01,2.054347e+01,2.063420e+01,2.069697e+01,2.067605e+01,2.074576e+01,2.077363e+01,2.071789e+01,2.087808e+01,2.077363e+01,2.064118e+01,2.077363e+01,2.076667e+01,2.085720e+01,2.085024e+01,2.094070e+01,2.091287e+01,2.079453e+01,2.085720e+01,2.071091e+01,2.089200e+01,2.087808e+01,2.084328e+01,2.080846e+01,2.085024e+01,2.080150e+01,2.080150e+01,2.082239e+01,2.074576e+01,2.085720e+01,2.085720e+01,2.088504e+01,2.060629e+01,2.071091e+01,2.048759e+01,2.041770e+01,2.017271e+01,1.989198e+01,1.987792e+01,1.945529e+01,1.927867e+01,1.927867e+01,1.922916e+01,1.944118e+01,1.959637e+01,1.949058e+01,1.959637e+01,1.995521e+01,2.003946e+01,2.034777e+01,2.048061e+01,2.066908e+01,2.075970e+01,2.073182e+01,2.065513e+01,2.058536e+01,2.059932e+01,2.059234e+01,2.061327e+01,2.033377e+01,2.029878e+01,2.027778e+01,2.006051e+01,2.000437e+01,1.990604e+01,1.991306e+01,1.995521e+01,1.975836e+01,1.975132e+01,1.970205e+01,1.944823e+01,1.961047e+01,1.955407e+01,1.951880e+01,1.951880e+01,1.939174e+01,1.935642e+01,1.928574e+01,1.930695e+01,1.914422e+01,1.920793e+01,1.909464e+01,1.913006e+01,1.910173e+01,1.900960e+01,1.895286e+01,1.898123e+01,1.891738e+01,1.900251e+01,1.898123e+01,1.887479e+01,1.878245e+01,1.875401e+01,1.873269e+01,1.881087e+01,1.878245e+01,1.873269e+01,1.886059e+01,1.905922e+01,1.886059e+01,1.878955e+01,1.874691e+01,1.874691e+01,1.886769e+01,1.886059e+01,1.885349e+01,1.886769e+01,1.892448e+01,1.879666e+01,1.885349e+01,1.883928e+01,1.883928e+01,1.875401e+01,1.870424e+01,1.872558e+01,1.865444e+01,1.865444e+01,1.864021e+01,1.862598e+01,1.872558e+01,1.866867e+01,1.859750e+01,1.871135e+01,1.883218e+01,1.880376e+01,1.876823e+01,1.907339e+01,1.889609e+01,1.910881e+01,1.930695e+01,1.907339e+01,1.923623e+01,1.931402e+01,1.932109e+01,1.953996e+01,1.935642e+01,1.951175e+01,1.937762e+01,1.940587e+01,1.937055e+01,1.959637e+01,1.925038e+01,1.922916e+01,1.913006e+01,1.914422e+01,1.887479e+01,1.886769e+01,1.878245e+01,1.881087e+01,1.869002e+01,1.864021e+01,1.862598e+01,1.836227e+01,1.850490e+01,1.837654e+01,1.837654e+01,1.825516e+01,1.829801e+01,1.822657e+01,1.838367e+01,1.818369e+01,1.819798e+01,1.822657e+01,1.821228e+01,1.834799e+01,1.836940e+01,1.833372e+01,1.817653e+01,1.841934e+01,1.820513e+01,1.825516e+01,1.831944e+01,1.834799e+01,1.826230e+01,1.832658e+01,1.822657e+01,1.817653e+01,1.820513e+01,1.820513e+01,1.819798e+01,1.811216e+01,1.814793e+01,1.822657e+01,1.812647e+01,1.818369e+01,1.821228e+01,1.824801e+01,1.823372e+01,1.821943e+01,1.819083e+01,1.817653e+01,1.806207e+01,1.814793e+01,1.817653e+01,1.825516e+01,1.816938e+01,1.829801e+01,1.832658e+01,1.835513e+01,1.834085e+01,1.820513e+01,1.820513e+01,1.815508e+01,1.814793e+01,1.812647e+01,1.812647e+01,1.812647e+01,1.804775e+01,1.814078e+01,1.811216e+01,1.806207e+01,1.819083e+01,1.816938e+01,1.816938e+01,1.821228e+01,1.820513e+01,1.821228e+01,1.821943e+01,1.826230e+01,1.834085e+01,1.839794e+01,1.844074e+01,1.869713e+01,1.844074e+01,1.870424e+01,1.898123e+01,1.910173e+01,1.920085e+01,1.933522e+01,1.965274e+01,1.954701e+01,1.972317e+01,2.001841e+01,1.998330e+01,2.020074e+01,2.031978e+01,2.037575e+01,2.041770e+01,2.050855e+01,2.053649e+01,2.057140e+01,2.069697e+01,2.067605e+01,2.059234e+01,2.045964e+01,2.055743e+01,2.055045e+01,2.034077e+01,2.008156e+01,1.999735e+01,2.005350e+01,1.989901e+01,1.970205e+01,1.950469e+01,1.933522e+01,1.920793e+01,1.910173e+01,1.905213e+01,1.889609e+01,1.888189e+01,1.896704e+01,1.889609e+01,1.890318e+01,1.886769e+01,1.896704e+01,1.890318e+01,1.887479e+01,1.888189e+01,1.888189e+01,1.902378e+01,1.902378e+01,1.887479e+01,1.883928e+01,1.885349e+01,1.888189e+01,1.907339e+01,1.882508e+01,1.883218e+01,1.886059e+01,1.884638e+01,1.886059e+01,1.871135e+01,1.889609e+01,1.864021e+01,1.879666e+01,1.886059e+01,1.869713e+01,1.884638e+01,1.881797e+01,1.880376e+01,1.879666e+01,1.861886e+01,1.864021e+01,1.868290e+01,1.865444e+01,1.872558e+01,1.863309e+01,1.867579e+01,1.871135e+01,1.869713e+01,1.872558e+01,1.872558e+01,1.873980e+01,1.883218e+01,1.884638e+01,1.882508e+01,1.900251e+01,1.903087e+01,1.906630e+01,1.900251e+01,1.920085e+01,1.903795e+01,1.915838e+01,1.931402e+01,1.942705e+01,1.944118e+01,1.947647e+01,1.963865e+01,1.972317e+01,1.968092e+01,2.009559e+01,2.015869e+01,2.017972e+01,2.022176e+01,2.036875e+01,2.039673e+01,2.043169e+01,2.043868e+01,2.034077e+01,2.043868e+01,2.034777e+01,2.037575e+01,2.043169e+01,2.031978e+01,2.034077e+01,2.036875e+01,2.038274e+01,2.067605e+01,2.044567e+01,2.045266e+01,2.056442e+01,2.038274e+01,2.028478e+01,2.058536e+01,2.045266e+01,2.046663e+01,2.052950e+01,2.050157e+01,2.057140e+01,2.035476e+01,2.053649e+01,2.050855e+01,2.057838e+01,2.050855e+01,2.050855e+01,2.058536e+01,2.076667e+01,2.076667e+01,2.078757e+01,2.079453e+01,2.054347e+01,2.075970e+01,2.096852e+01,2.091983e+01,2.091983e+01,2.087112e+01,2.091287e+01,2.091983e+01,2.094765e+01,2.087112e+01,2.083632e+01,2.082239e+01,2.082935e+01,2.080150e+01,2.080846e+01,2.085720e+01,2.081543e+01,2.066211e+01,2.054347e+01,2.026378e+01,1.989198e+01,1.929988e+01,1.945529e+01,1.949058e+01,1.934229e+01,1.911590e+01,1.896704e+01,1.878955e+01,1.833372e+01,1.828373e+01,1.835513e+01,1.825516e+01,1.834085e+01,1.841934e+01,1.837654e+01,1.857614e+01,1.860462e+01,1.860462e+01,1.867579e+01,1.868290e+01,1.890318e+01,1.898123e+01,1.895995e+01,1.895995e+01,1.892448e+01,1.884638e+01,1.891738e+01,1.915838e+01,1.895286e+01,1.896704e+01,1.912298e+01,1.895286e+01,1.889609e+01,1.881797e+01,1.881087e+01,1.874691e+01,1.871135e+01,1.883928e+01,1.876823e+01,1.876823e+01,1.868290e+01,1.870424e+01,1.869002e+01,1.879666e+01,1.868290e+01,1.882508e+01,1.866156e+01,1.863309e+01,1.878245e+01,1.874691e+01,1.902378e+01,1.882508e+01,1.883928e+01,1.888189e+01,1.890318e+01,1.913006e+01,1.910881e+01,1.909464e+01,1.950469e+01,1.951880e+01,1.992711e+01,1.999735e+01,2.020074e+01,2.037575e+01,2.063420e+01,2.059932e+01,2.073879e+01,2.082935e+01,2.078757e+01,2.086416e+01,2.088504e+01,2.096852e+01,2.084328e+01,2.090592e+01,2.087808e+01,2.077363e+01,2.090592e+01,2.091287e+01,2.084328e+01,2.086416e+01,2.089896e+01,2.082239e+01,2.091983e+01,2.092679e+01,2.079453e+01,2.092679e+01,2.084328e+01,2.099632e+01,2.092679e+01,2.097547e+01,2.101718e+01,2.087808e+01,2.112137e+01,2.074576e+01,2.089896e+01,2.114220e+01,2.088504e+01,2.078060e+01,2.083632e+01,2.082935e+01,2.085024e+01,2.085720e+01,2.087112e+01,2.077363e+01,2.073879e+01,2.073879e+01,2.074576e+01,2.065513e+01,2.071789e+01,2.075273e+01,2.077363e+01,2.072486e+01,2.072486e+01,2.086416e+01,2.077363e+01,2.103802e+01,2.116996e+01,2.110748e+01,2.109360e+01,2.112137e+01,2.113526e+01,2.126013e+01,2.136408e+01,2.139178e+01,2.143332e+01,2.140563e+01,2.142640e+01,2.144024e+01,2.144024e+01
1.893867e+01,1.891028e+01,1.893867e+01,1.882508e+01,1.884638e+01,1.891028e+01,1.905213e+01,1.911590e+01,1.908047e+01,1.914422e+01,1.915130e+01,1.909464e+01,1.899541e+01,1.922208e+01,1.905922e+01,1.892448e+01,1.866156e+01,1.877534e+01,1.844074e+01,1.846213e+01,1.845500e+01,1.825516e+01,1.812647e+01,1.796179e+01,1.816223e+01,1.826944e+01,1.827659e+01,1.852628e+01,1.847639e+01,1.854765e+01,1.849064e+01,1.849064e+01,1.860462e+01,1.868290e+01,1.871135e+01,1.882508e+01,1.884638e+01,1.909464e+01,1.906630e+01,1.917962e+01,1.925038e+01,1.925745e+01,1.929988e+01,1.942705e+01,1.929281e+01,1.925038e+01,1.927160e+01,1.944118e+01,1.941293e+01,1.912298e+01,1.912298e+01,1.905922e+01,1.900251e+01,1.902378e+01,1.903087e+01,1.895995e+01,1.913006e+01,1.900960e+01,1.895286e+01,1.917254e+01,1.917254e+01,1.943411e+01,1.946235e+01,1.967388e+01,1.977243e+01,2.016570e+01,2.036875e+01,2.045266e+01,2.067605e+01,2.066211e+01,2.066908e+01,2.071789e+01,2.072486e+01,2.068303e+01,2.067605e+01,2.053649e+01,2.061327e+01,2.049458e+01,2.044567e+01,2.043868e+01,2.024977e+01,2.026378e+01,2.024977e+01,2.004648e+01,1.977947e+01,2.003244e+01,1.977243e+01,1.975836e+01,1.949058e+01,1.961047e+01,1.952586e+01,1.955407e+01,1.958227e+01,1.949764e+01,1.950469e+01,1.951175e+01,1.955407e+01,1.948352e+01,1.954701e+01,1.953996e+01,1.944118e+01,1.945529e+01,1.959637e+01,1.962456e+01,1.953996e+01,1.961047e+01,1.971613e+01,1.963865e+01,1.974428e+01,1.955407e+01,1.965274e+01,1.984277e+01,1.971613e+01,1.989901e+01,2.003946e+01,1.994117e+01,1.992711e+01,1.995521e+01,2.007454e+01,2.008857e+01,2.017972e+01,2.038974e+01,2.041770e+01,2.044567e+01,2.052950e+01,2.054347e+01,2.060629e+01,2.052950e+01,2.050157e+01,2.048759e+01,2.037575e+01,2.045266e+01,2.048759e+01,2.054347e+01,2.052252e+01,2.075970e+01,2.096852e+01,2.078757e+01,2.079453e+01,2.077363e+01,2.086416e+01,2.080846e+01,2.087112e+01,2.076667e+01,2.075970e+01,2.084328e+01,2.085720e+01,2.091983e+01,2.087808e+01,2.080846e+01,2.089200e+01,2.082935e+01,2.082239e+01,2.080150e+01,2.074576e+01,2.082239e+01,2.079453e+01,2.080150e+01,2.083632e+01,2.076667e+01,2.084328e+01,2.085720e+01,2.087112e+01,2.063420e+01,2.071789e+01,2.050157e+01,2.036176e+01,2.018673e+01,2.015168e+01,1.988495e+01,1.974428e+01,1.938468e+01,1.944118e+01,1.925038e+01,1.926452e+01,1.926452e+01,1.949058e+01,1.975132e+01,1.989198e+01,2.014467e+01,2.034077e+01,2.038274e+01,2.043169e+01,2.068303e+01,2.055743e+01,2.070394e+01,2.064118e+01,2.059234e+01,2.059932e+01,2.059932e+01,2.055743e+01,2.034077e+01,2.020074e+01,2.001139e+01,2.000437e+01,1.992711e+01,1.989901e+01,1.965274e+01,1.964570e+01,1.952586e+01,1.963161e+01,1.962456e+01,1.965979e+01,1.943411e+01,1.929988e+01,1.939881e+01,1.939174e+01,1.946235e+01,1.934229e+01,1.916546e+01,1.917962e+01,1.913006e+01,1.910881e+01,1.910881e+01,1.895995e+01,1.893867e+01,1.873980e+01,1.873980e+01,1.889609e+01,1.881087e+01,1.878955e+01,1.890318e+01,1.883928e+01,1.893157e+01,1.878245e+01,1.883218e+01,1.874691e+01,1.881797e+01,1.869713e+01,1.863309e+01,1.879666e+01,1.854765e+01,1.869002e+01,1.859038e+01,1.855477e+01,1.874691e+01,1.861174e+01,1.874691e+01,1.872558e+01,1.869713e+01,1.870424e+01,1.861886e+01,1.883928e+01,1.881797e+01,1.862598e+01,1.851203e+01,1.863309e+01,1.859750e+01,1.851203e+01,1.851915e+01,1.854053e+01,1.866156e+01,1.864733e+01,1.857614e+01,1.867579e+01,1.873269e+01,1.869002e+01,1.877534e+01,1.885349e+01,1.876823e+01,1.891028e+01,1.897414e+01,1.919378e+01,1.896704e+01,1.927867e+01,1.927160e+01,1.922208e+01,1.929988e+01,1.937762e+01,1.931402e+01,1.926452e+01,1.902378e+01,1.922916e+01,1.908756e+01,1.891028e+01,1.895286e+01,1.883218e+01,1.881797e+01,1.879666e+01,1.867579e+01,1.851203e+01,1.851203e+01,1.852628e+01,1.830515e+01,1.829801e+01,1.828373e+01,1.831944e+01,1.822657e+01,1.835513e+01,1.828373e+01,1.834799e+01,1.817653e+01,1.835513e+01,1.823372e+01,1.821943e+01,1.819083e+01,1.827659e+01,1.824087e+01,1.831944e+01,1.826944e+01,1.819798e+01,1.841934e+01,1.823372e+01,1.824801e+01,1.823372e+01,1.834799e+01,1.811932e+01,1.816938e+01,1.806922e+01,1.820513e+01,1.821228e+01,1.810501e+01,1.816223e+01,1.813362e+01,1.827659e+01,1.828373e+01,1.811216e+01,1.807638e+01,1.822657e+01,1.842648e+01,1.814793e+01,1.814793e+01,1.816223e+01,1.814078e+01,1.819798e+01,1.812647e+01,1.817653e+01,1.819798e+01,1.831230e+01,1.835513e+01,1.834799e+01,1.818369e+01,1.802627e+01,1.813362e+01,1.816938e+01,1.821228e+01,1.814078e+01,1.835513e+01,1.811932e+01,1.809785e+01,1.807638e+01,1.809785e+01,1.814078e+01,1.819798e+01,1.806922e+01,1.811216e+01,1.824087e+01,1.814793e+01,1.825516e+01,1.826230e+01,1.816938e+01,1.825516e+01,1.844074e+01,1.847639e+01,1.866156e+01,1.873269e+01,1.871847e+01,1.908047e+01,1.920085e+01,1.917962e+01,1.950469e+01,1.952586e+01,1.990604e+01,2.000437e+01,1.999735e+01,2.035476e+01,2.040372e+01,2.047362e+01,2.062025e+01,2.062025e+01,2.062025e+01,2.069000e+01,2.064118e+01,2.068303e+01,2.064816e+01,2.065513e+01,2.050855e+01,2.053649e+01,2.038974e+01,2.019373e+01,2.024277e+01,2.014467e+01,1.999735e+01,1.970909e+01,1.968092e+01,1.965979e+01,1.937055e+01,1.929281e+01,1.901669e+01,1.893157e+01,1.900960e+01,1.900251e+01,1.891738e+01,1.893157e+01,1.886769e+01,1.885349e+01,1.886059e+01,1.886059e+01,1.881087e+01,1.888189e+01,1.878245e+01,1.886059e+01,1.884638e+01,1.893867e+01,1.885349e+01,1.885349e+01,1.886059e+01,1.895286e+01,1.901669e+01,1.881087e+01,1.865444e+01,1.888189e+01,1.879666e+01,1.886769e+01,1.891028e+01,1.888899e+01,1.888189e+01,1.868290e+01,1.896704e+01,1.877534e+01,1.886059e+01,1.859750e+01,1.883218e+01,1.865444e+01,1.867579e+01,1.866867e+01,1.863309e+01,1.849777e+01,1.863309e+01,1.858326e+01,1.869713e+01,1.857614e+01,1.870424e+01,1.871135e+01,1.855477e+01,1.879666e+01,1.895286e+01,1.891738e+01,1.892448e+01,1.903087e+01,1.886059e+01,1.913006e+01,1.903795e+01,1.910881e+01,1.917962e+01,1.923623e+01,1.928574e+01,1.936349e+01,1.944823e+01,1.982871e+01,1.987792e+01,1.998330e+01,2.000437e+01,2.018673e+01,2.038974e+01,2.044567e+01,2.038974e+01,2.036875e+01,2.049458e+01,2.049458e+01,2.057140e+01,2.028478e+01,2.043868e+01,2.045964e+01,2.031278e+01,2.034777e+01,2.047362e+01,2.031278e+01,2.042470e+01,2.052950e+01,2.031978e+01,2.029878e+01,2.034777e+01,2.046663e+01,2.045964e+01,2.051554e+01,2.058536e+01,2.045266e+01,2.055743e+01,2.055743e+01,2.055743e+01,2.045266e+01,2.049458e+01,2.050855e+01,2.051554e+01,2.064816e+01,2.062723e+01,2.071789e+01,2.071091e+01,2.066908e+01,2.078060e+01,2.066908e+01,2.082935e+01,2.095461e+01,2.091983e+01,2.080846e+01,2.087112e+01,2.089200e+01,2.094765e+01,2.086416e+01,2.082935e+01,2.093374e+01,2.094070e+01,2.089896e+01,2.085024e+01,2.094765e+01,2.091983e+01,2.085720e+01,2.084328e+01,2.078757e+01,2.059234e+01,2.027778e+01,1.974428e+01,1.966683e+01,1.929281e+01,1.912298e+01,1.900251e+01,1.897414e+01,1.883928e+01,1.858326e+01,1.832658e+01,1.808354e+01,1.830515e+01,1.835513e+01,1.826944e+01,1.835513e+01,1.858326e+01,1.834799e+01,1.836227e+01,1.870424e+01,1.866156e+01,1.899541e+01,1.900251e+01,1.900251e+01,1.900251e+01,1.890318e+01,1.898832e+01,1.886769e+01,1.894576e+01,1.895286e+01,1.891738e+01,1.887479e+01,1.878245e+01,1.881797e+01,1.873980e+01,1.867579e+01,1.888189e+01,1.882508e+01,1.874691e+01,1.876823e+01,1.869713e+01,1.872558e+01,1.871135e+01,1.872558e+01,1.869713e+01,1.869713e+01,1.866156e+01,1.866156e+01,1.874691e+01,1.876112e+01,1.871135e+01,1.876823e+01,1.901669e+01,1.893157e+01,1.888899e+01,1.917962e+01,1.915838e+01,1.915130e+01,1.917254e+01,1.941999e+01,1.964570e+01,1.989198e+01,2.006051e+01,2.022876e+01,2.039673e+01,2.052950e+01,2.051554e+01,2.061327e+01,2.076667e+01,2.085024e+01,2.082935e+01,2.078757e+01,2.091983e+01,2.089896e+01,2.088504e+01,2.094070e+01,2.086416e+01,2.091983e+01,2.094070e+01,2.076667e+01,2.091287e+01,2.094765e+01,2.091983e+01,2.088504e+01,2.089896e+01,2.089200e+01,2.097547e+01,2.080846e+01,2.098937e+01,2.096156e+01,2.089896e+01,2.096852e+01,2.087808e+01,2.110054e+01,2.093374e+01,2.103802e+01,2.091287e+01,2.090592e+01,2.087808e+01,2.084328e+01,2.082935e+01,2.082935e+01,2.079453e+01,2.066211e+01,2.078060e+01,2.071789e+01,2.083632e+01,2.080846e+01,2.074576e+01,2.077363e+01,2.073879e+01,2.072486e+01,2.076667e+01,2.073182e+01,2.089896e+01,2.086416e+01,2.083632e+01,2.096852e+01,2.107971e+01,2.109360e+01,2.107276e+01,2.123240e+01,2.132252e+01,2.141255e+01,2.129479e+01,2.133637e+01,2.138486e+01,2.148868e+01,2.141948e+01,2.144024e+01
1.887479e+01,1.877534e+01,1.893867e+01,1.894576e+01,1.896704e+01,1.891028e+01,1.895286e+01,1.902378e+01,1.898832e+01,1.899541e+01,1.908047e+01,1.905922e+01,1.903795e+01,1.895286e+01,1.897414e+01,1.891738e+01,1.881797e+01,1.852628e+01,1.843361e+01,1.843361e+01,1.841934e+01,1.830515e+01,1.826230e+01,1.810501e+01,1.819798e+01,1.819798e+01,1.823372e+01,1.831230e+01,1.835513e+01,1.843361e+01,1.842648e+01,1.844074e+01,1.869713e+01,1.856190e+01,1.873269e+01,1.877534e+01,1.897414e+01,1.906630e+01,1.900960e+01,1.946235e+01,1.944823e+01,1.958227e+01,1.949058e+01,1.940587e+01,1.934229e+01,1.930695e+01,1.928574e+01,1.928574e+01,1.922208e+01,1.915838e+01,1.898832e+01,1.911590e+01,1.916546e+01,1.902378e+01,1.901669e+01,1.915838e+01,1.914422e+01,1.894576e+01,1.888899e+01,1.913006e+01,1.920793e+01,1.938468e+01,1.949764e+01,1.954701e+01,1.975132e+01,2.020774e+01,2.038974e+01,2.065513e+01,2.066211e+01,2.086416e+01,2.067605e+01,2.069000e+01,2.071091e+01,2.068303e+01,2.070394e+01,2.071789e+01,2.064816e+01,2.059234e+01,2.066908e+01,2.065513e+01,2.043868e+01,2.036176e+01,2.046663e+01,2.025677e+01,2.012364e+01,2.012364e+01,1.989901e+01,1.996926e+01,1.977947e+01,1.960342e+01,1.956817e+01,1.963161e+01,1.937055e+01,1.953996e+01,1.959637e+01,1.958932e+01,1.973725e+01,1.952586e+01,1.951175e+01,1.963865e+01,1.947647e+01,1.965979e+01,1.969500e+01,1.946941e+01,1.949058e+01,1.951880e+01,1.975132e+01,1.955407e+01,1.973725e+01,1.976540e+01,1.982168e+01,1.978650e+01,1.965979e+01,1.964570e+01,1.991306e+01,2.010260e+01,1.994117e+01,2.001841e+01,2.013766e+01,2.020074e+01,2.023577e+01,2.036176e+01,2.039673e+01,2.047362e+01,2.042470e+01,2.051554e+01,2.050855e+01,2.048061e+01,2.049458e+01,2.039673e+01,2.055743e+01,2.038274e+01,2.066908e+01,2.059234e+01,2.065513e+01,2.075970e+01,2.080150e+01,2.078060e+01,2.077363e+01,2.080846e+01,2.080846e+01,2.078060e+01,2.085720e+01,2.080846e+01,2.088504e+01,2.077363e+01,2.083632e+01,2.081543e+01,2.090592e+01,2.089896e+01,2.078060e+01,2.077363e+01,2.079453e+01,2.091983e+01,2.074576e+01,2.080150e+01,2.080150e+01,2.083632e+01,2.083632e+01,2.085720e+01,2.079453e+01,2.075273e+01,2.077363e+01,2.066908e+01,2.068303e+01,2.073879e+01,2.048061e+01,2.019373e+01,2.018673e+01,2.015869e+01,1.976540e+01,1.971613e+01,1.935642e+01,1.920793e+01,1.916546e+01,1.932815e+01,1.938468e+01,1.949058e+01,1.973021e+01,1.977243e+01,1.998330e+01,2.026378e+01,2.041071e+01,2.068303e+01,2.080150e+01,2.059234e+01,2.059932e+01,2.059234e+01,2.059932e+01,2.058536e+01,2.031278e+01,2.029178e+01,2.003244e+01,2.026378e+01,2.014467e+01,1.999033e+01,1.988495e+01,1.967388e+01,1.987090e+01,1.963865e+01,1.937762e+01,1.950469e+01,1.943411e+01,1.942705e+01,1.944823e+01,1.941999e+01,1.939881e+01,1.920085e+01,1.937055e+01,1.924331e+01,1.928574e+01,1.909464e+01,1.908756e+01,1.892448e+01,1.915838e+01,1.891028e+01,1.892448e+01,1.886769e+01,1.891028e+01,1.871847e+01,1.887479e+01,1.875401e+01,1.873980e+01,1.869713e+01,1.861886e+01,1.872558e+01,1.864021e+01,1.861886e+01,1.859750e+01,1.859038e+01,1.862598e+01,1.859038e+01,1.867579e+01,1.861886e+01,1.872558e+01,1.856902e+01,1.856190e+01,1.857614e+01,1.864733e+01,1.859750e+01,1.841221e+01,1.864733e+01,1.874691e+01,1.871847e+01,1.866867e+01,1.855477e+01,1.845500e+01,1.861174e+01,1.860462e+01,1.846926e+01,1.860462e+01,1.852628e+01,1.852628e+01,1.856190e+01,1.855477e+01,1.860462e+01,1.865444e+01,1.865444e+01,1.878245e+01,1.871135e+01,1.881797e+01,1.883218e+01,1.895286e+01,1.898832e+01,1.898832e+01,1.926452e+01,1.900960e+01,1.898832e+01,1.932815e+01,1.901669e+01,1.925745e+01,1.912298e+01,1.895995e+01,1.881087e+01,1.891028e+01,1.884638e+01,1.876823e+01,1.874691e+01,1.864021e+01,1.841934e+01,1.861174e+01,1.841221e+01,1.829087e+01,1.831230e+01,1.839794e+01,1.820513e+01,1.829801e+01,1.818369e+01,1.814078e+01,1.816938e+01,1.819083e+01,1.819083e+01,1.833372e+01,1.829087e+01,1.836940e+01,1.832658e+01,1.816223e+01,1.834799e+01,1.827659e+01,1.828373e+01,1.824801e+01,1.825516e+01,1.814793e+01,1.822657e+01,1.836227e+01,1.820513e+01,1.815508e+01,1.806922e+01,1.819083e+01,1.806922e+01,1.823372e+01,1.814078e+01,1.811932e+01,1.814078e+01,1.809785e+01,1.826944e+01,1.810501e+01,1.817653e+01,1.811216e+01,1.816938e+01,1.829087e+01,1.821228e+01,1.811932e+01,1.814078e+01,1.813362e+01,1.814078e+01,1.831230e+01,1.823372e+01,1.826944e+01,1.821228e+01,1.819083e+01,1.821943e+01,1.829087e+01,1.806207e+01,1.814078e+01,1.816223e+01,1.809785e+01,1.809785e+01,1.818369e+01,1.812647e+01,1.812647e+01,1.813362e+01,1.817653e+01,1.819083e+01,1.819798e+01,1.816938e+01,1.819798e+01,1.818369e+01,1.816223e+01,1.834085e+01,1.826230e+01,1.844074e+01,1.851203e+01,1.841934e+01,1.870424e+01,1.869713e+01,1.899541e+01,1.888899e+01,1.938468e+01,1.946941e+01,1.952586e+01,1.982871e+01,1.978650e+01,2.034077e+01,2.020774e+01,2.024277e+01,2.047362e+01,2.059932e+01,2.050157e+01,2.064816e+01,2.061327e+01,2.060629e+01,2.063420e+01,2.078060e+01,2.061327e+01,2.069000e+01,2.051554e+01,2.059234e+01,2.038974e+01,2.028478e+01,2.022176e+01,2.008857e+01,1.994819e+01,1.973725e+01,1.975132e+01,1.960342e+01,1.954701e+01,1.941293e+01,1.933522e+01,1.902378e+01,1.895286e+01,1.899541e+01,1.900251e+01,1.886059e+01,1.888899e+01,1.883928e+01,1.900960e+01,1.898123e+01,1.886769e+01,1.888899e+01,1.892448e+01,1.881087e+01,1.886059e+01,1.885349e+01,1.886769e+01,1.884638e+01,1.884638e+01,1.885349e+01,1.886769e+01,1.895286e+01,1.888189e+01,1.888899e+01,1.884638e+01,1.886059e+01,1.888189e+01,1.889609e+01,1.888899e+01,1.876112e+01,1.882508e+01,1.876112e+01,1.877534e+01,1.880376e+01,1.869002e+01,1.865444e+01,1.864021e+01,1.865444e+01,1.864733e+01,1.866867e+01,1.875401e+01,1.865444e+01,1.867579e+01,1.862598e+01,1.861174e+01,1.871847e+01,1.866156e+01,1.873980e+01,1.874691e+01,1.881087e+01,1.895995e+01,1.887479e+01,1.907339e+01,1.895286e+01,1.901669e+01,1.893157e+01,1.894576e+01,1.916546e+01,1.934936e+01,1.937762e+01,1.941999e+01,1.961751e+01,1.966683e+01,1.993414e+01,1.996224e+01,2.013065e+01,2.031978e+01,2.033377e+01,2.036176e+01,2.048759e+01,2.052252e+01,2.056442e+01,2.060629e+01,2.050157e+01,2.062723e+01,2.036176e+01,2.037575e+01,2.038974e+01,2.045266e+01,2.040372e+01,2.041071e+01,2.043169e+01,2.049458e+01,2.031278e+01,2.055045e+01,2.048061e+01,2.048759e+01,2.045964e+01,2.046663e+01,2.045964e+01,2.045964e+01,2.057140e+01,2.052252e+01,2.056442e+01,2.041770e+01,2.055045e+01,2.046663e+01,2.068303e+01,2.074576e+01,2.062025e+01,2.065513e+01,2.079453e+01,2.076667e+01,2.090592e+01,2.078060e+01,2.080150e+01,2.089896e+01,2.080150e+01,2.089896e+01,2.082239e+01,2.084328e+01,2.096156e+01,2.093374e+01,2.091983e+01,2.083632e+01,2.082935e+01,2.085720e+01,2.083632e+01,2.086416e+01,2.082239e+01,2.065513e+01,2.066211e+01,2.080846e+01,2.053649e+01,2.029878e+01,1.968092e+01,1.951175e+01,1.898123e+01,1.895286e+01,1.882508e+01,1.880376e+01,1.858326e+01,1.828373e+01,1.810501e+01,1.811932e+01,1.809069e+01,1.825516e+01,1.824087e+01,1.841221e+01,1.827659e+01,1.855477e+01,1.866156e+01,1.867579e+01,1.884638e+01,1.903087e+01,1.901669e+01,1.920085e+01,1.903795e+01,1.910881e+01,1.927160e+01,1.917254e+01,1.895286e+01,1.886059e+01,1.888189e+01,1.883218e+01,1.888899e+01,1.880376e+01,1.890318e+01,1.882508e+01,1.878955e+01,1.871135e+01,1.871847e+01,1.875401e+01,1.876823e+01,1.870424e+01,1.869002e+01,1.872558e+01,1.868290e+01,1.884638e+01,1.865444e+01,1.883928e+01,1.881797e+01,1.871135e+01,1.885349e+01,1.886059e+01,1.897414e+01,1.911590e+01,1.919378e+01,1.929988e+01,1.918670e+01,1.940587e+01,1.982168e+01,1.996224e+01,2.006051e+01,2.023577e+01,2.043169e+01,2.059234e+01,2.055743e+01,2.082935e+01,2.078757e+01,2.085720e+01,2.080846e+01,2.085024e+01,2.082935e+01,2.077363e+01,2.093374e+01,2.091983e+01,2.094070e+01,2.091287e+01,2.093374e+01,2.094765e+01,2.094765e+01,2.085720e+01,2.091287e+01,2.093374e+01,2.101718e+01,2.089896e+01,2.082935e+01,2.085024e+01,2.088504e+01,2.102413e+01,2.096852e+01,2.077363e+01,2.103802e+01,2.103802e+01,2.096156e+01,2.101718e+01,2.085024e+01,2.091287e+01,2.089200e+01,2.085024e+01,2.083632e+01,2.082935e+01,2.080846e+01,2.078757e+01,2.080150e+01,2.077363e+01,2.087808e+01,2.077363e+01,2.077363e+01,2.069697e+01,2.078060e+01,2.078060e+01,2.075970e+01,2.076667e+01,2.072486e+01,2.074576e+01,2.099632e+01,2.100327e+01,2.107276e+01,2.103107e+01,2.112831e+01,2.110054e+01,2.123933e+01,2.128093e+01,2.126707e+01,2.122546e+01,2.135715e+01,2.130173e+01,2.137101e+01,2.146100e+01,2.144024e+01
1.885349e+01,1.881087e+01,1.891028e+01,1.889609e+01,1.883218e+01,1.907339e+01,1.893157e+01,1.897414e+01,1.908047e+01,1.909464e+01,1.905213e+01,1.905213e+01,1.905922e+01,1.912298e+01,1.885349e+01,1.883928e+01,1.867579e+01,1.855477e+01,1.846926e+01,1.851915e+01,1.836227e+01,1.814793e+01,1.811932e+01,1.815508e+01,1.835513e+01,1.820513e+01,1.833372e+01,1.835513e+01,1.845500e+01,1.842648e+01,1.840508e+01,1.859750e+01,1.856902e+01,1.866156e+01,1.869713e+01,1.883218e+01,1.903795e+01,1.923623e+01,1.921501e+01,1.945529e+01,1.965979e+01,1.986386e+01,1.970909e+01,1.965979e+01,1.958932e+01,1.932109e+01,1.942705e+01,1.925745e+01,1.922208e+01,1.925038e+01,1.913714e+01,1.889609e+01,1.917254e+01,1.898123e+01,1.887479e+01,1.890318e+01,1.881797e+01,1.878955e+01,1.885349e+01,1.903087e+01,1.891738e+01,1.929988e+01,1.936349e+01,1.970205e+01,1.980058e+01,2.004648e+01,2.022176e+01,2.039673e+01,2.066908e+01,2.070394e+01,2.069697e+01,2.064816e+01,2.066211e+01,2.073182e+01,2.078757e+01,2.065513e+01,2.082935e+01,2.068303e+01,2.072486e+01,2.065513e+01,2.062025e+01,2.060629e+01,2.047362e+01,2.045964e+01,2.058536e+01,2.040372e+01,2.030578e+01,2.021475e+01,1.996224e+01,1.987090e+01,1.971613e+01,1.982871e+01,1.957522e+01,1.953996e+01,1.955407e+01,1.949764e+01,1.949764e+01,1.953291e+01,1.963161e+01,1.963161e+01,1.955407e+01,1.963161e+01,1.968796e+01,1.951175e+01,1.949764e+01,1.954701e+01,1.957522e+01,1.970205e+01,1.970205e+01,1.977243e+01,1.969500e+01,1.993414e+01,1.986386e+01,1.991306e+01,1.996224e+01,1.996926e+01,2.006753e+01,2.017972e+01,2.028478e+01,2.036176e+01,2.015869e+01,2.044567e+01,2.038274e+01,2.030578e+01,2.055743e+01,2.052252e+01,2.051554e+01,2.050157e+01,2.049458e+01,2.050157e+01,2.048061e+01,2.050157e+01,2.056442e+01,2.064118e+01,2.066211e+01,2.076667e+01,2.077363e+01,2.075273e+01,2.079453e+01,2.077363e+01,2.083632e+01,2.076667e+01,2.081543e+01,2.091287e+01,2.089200e+01,2.080846e+01,2.088504e+01,2.080846e+01,2.078060e+01,2.084328e+01,2.087808e+01,2.086416e+01,2.087112e+01,2.085024e+01,2.078060e+01,2.076667e+01,2.079453e+01,2.088504e+01,2.086416e+01,2.064118e+01,2.068303e+01,2.072486e+01,2.081543e+01,2.063420e+01,2.064118e+01,2.061327e+01,2.058536e+01,2.038274e+01,2.009559e+01,2.016570e+01,1.976540e+01,1.972317e+01,1.952586e+01,1.900960e+01,1.925745e+01,1.937762e+01,1.944823e+01,1.935642e+01,1.963161e+01,1.970909e+01,1.976540e+01,1.996224e+01,2.008857e+01,2.040372e+01,2.055045e+01,2.053649e+01,2.062723e+01,2.065513e+01,2.062025e+01,2.048759e+01,2.046663e+01,2.031978e+01,2.024977e+01,2.022876e+01,2.001139e+01,1.992711e+01,1.988495e+01,1.967388e+01,1.949764e+01,1.969500e+01,1.946235e+01,1.946235e+01,1.941999e+01,1.939881e+01,1.938468e+01,1.940587e+01,1.927160e+01,1.923623e+01,1.922208e+01,1.925038e+01,1.920793e+01,1.913714e+01,1.896704e+01,1.909464e+01,1.893867e+01,1.893867e+01,1.892448e+01,1.867579e+01,1.869713e+01,1.878245e+01,1.868290e+01,1.873269e+01,1.876112e+01,1.873269e+01,1.854053e+01,1.861886e+01,1.859038e+01,1.856190e+01,1.864733e+01,1.858326e+01,1.864733e+01,1.852628e+01,1.854765e+01,1.849777e+01,1.856902e+01,1.854765e+01,1.861174e+01,1.862598e+01,1.860462e+01,1.858326e+01,1.860462e+01,1.873269e+01,1.856902e+01,1.856190e+01,1.847639e+01,1.866867e+01,1.861886e+01,1.840508e+01,1.863309e+01,1.864021e+01,1.865444e+01,1.862598e+01,1.855477e+01,1.858326e+01,1.848352e+01,1.839794e+01,1.857614e+01,1.864021e+01,1.863309e+01,1.867579e+01,1.880376e+01,1.862598e+01,1.888189e+01,1.882508e+01,1.883218e+01,1.895286e+01,1.891028e+01,1.895995e+01,1.895995e+01,1.896704e+01,1.893867e+01,1.891028e+01,1.891738e+01,1.894576e+01,1.879666e+01,1.871135e+01,1.877534e+01,1.861174e+01,1.844074e+01,1.845500e+01,1.841221e+01,1.846926e+01,1.837654e+01,1.838367e+01,1.834085e+01,1.831944e+01,1.824801e+01,1.827659e+01,1.832658e+01,1.833372e+01,1.831230e+01,1.819083e+01,1.829087e+01,1.827659e+01,1.824087e+01,1.825516e+01,1.822657e+01,1.827659e+01,1.819083e+01,1.829801e+01,1.823372e+01,1.822657e+01,1.821228e+01,1.826230e+01,1.816938e+01,1.817653e+01,1.819798e+01,1.816223e+01,1.816223e+01,1.809785e+01,1.815508e+01,1.821943e+01,1.826944e+01,1.803343e+01,1.813362e+01,1.815508e+01,1.819083e+01,1.819798e+01,1.811932e+01,1.810501e+01,1.821228e+01,1.815508e+01,1.816938e+01,1.813362e+01,1.825516e+01,1.824087e+01,1.831944e+01,1.841221e+01,1.824801e+01,1.832658e+01,1.821943e+01,1.820513e+01,1.819083e+01,1.823372e+01,1.824087e+01,1.820513e+01,1.821228e+01,1.813362e+01,1.811216e+01,1.811216e+01,1.818369e+01,1.814078e+01,1.820513e+01,1.817653e+01,1.824801e+01,1.823372e+01,1.823372e+01,1.814078e+01,1.818369e+01,1.814078e+01,1.847639e+01,1.840508e+01,1.852628e+01,1.849064e+01,1.864733e+01,1.889609e+01,1.884638e+01,1.915130e+01,1.945529e+01,1.964570e+01,1.972317e+01,2.003244e+01,1.994819e+01,2.030578e+01,2.034777e+01,2.043169e+01,2.059234e+01,2.045266e+01,2.065513e+01,2.067605e+01,2.069000e+01,2.068303e+01,2.069000e+01,2.071091e+01,2.075970e+01,2.077363e+01,2.065513e+01,2.052252e+01,2.052252e+01,2.033377e+01,2.033377e+01,2.027078e+01,2.011663e+01,2.005350e+01,1.989901e+01,1.975836e+01,1.970205e+01,1.953996e+01,1.948352e+01,1.934936e+01,1.893157e+01,1.906630e+01,1.898123e+01,1.886059e+01,1.891028e+01,1.885349e+01,1.888189e+01,1.900251e+01,1.881797e+01,1.886059e+01,1.891028e+01,1.904504e+01,1.895286e+01,1.885349e+01,1.896704e+01,1.884638e+01,1.889609e+01,1.887479e+01,1.890318e+01,1.899541e+01,1.890318e+01,1.889609e+01,1.887479e+01,1.888189e+01,1.892448e+01,1.895286e+01,1.887479e+01,1.895286e+01,1.886769e+01,1.878955e+01,1.885349e+01,1.881087e+01,1.883928e+01,1.883218e+01,1.882508e+01,1.880376e+01,1.869713e+01,1.865444e+01,1.865444e+01,1.869713e+01,1.860462e+01,1.869002e+01,1.871847e+01,1.873269e+01,1.873269e+01,1.876112e+01,1.888899e+01,1.882508e+01,1.893867e+01,1.887479e+01,1.883928e+01,1.878955e+01,1.896704e+01,1.913714e+01,1.901669e+01,1.902378e+01,1.917254e+01,1.933522e+01,1.946941e+01,1.953291e+01,1.972317e+01,1.963865e+01,1.988495e+01,2.027778e+01,2.019373e+01,2.031978e+01,2.053649e+01,2.050855e+01,2.043169e+01,2.055743e+01,2.059234e+01,2.045964e+01,2.047362e+01,2.055045e+01,2.055743e+01,2.050157e+01,2.048759e+01,2.048061e+01,2.040372e+01,2.034077e+01,2.038274e+01,2.054347e+01,2.059234e+01,2.043169e+01,2.048061e+01,2.045964e+01,2.064118e+01,2.052252e+01,2.057838e+01,2.055045e+01,2.055045e+01,2.056442e+01,2.052950e+01,2.053649e+01,2.050855e+01,2.055743e+01,2.073182e+01,2.057140e+01,2.068303e+01,2.082935e+01,2.079453e+01,2.077363e+01,2.092679e+01,2.078060e+01,2.089200e+01,2.089200e+01,2.083632e+01,2.080846e+01,2.085024e+01,2.093374e+01,2.088504e+01,2.093374e+01,2.099632e+01,2.082935e+01,2.084328e+01,2.091287e+01,2.086416e+01,2.082239e+01,2.083632e+01,2.085720e+01,2.081543e+01,2.082239e+01,2.059234e+01,2.029878e+01,2.001139e+01,1.930695e+01,1.917962e+01,1.884638e+01,1.883928e+01,1.888899e+01,1.829087e+01,1.817653e+01,1.802627e+01,1.797613e+01,1.814793e+01,1.826230e+01,1.830515e+01,1.820513e+01,1.836940e+01,1.841221e+01,1.869002e+01,1.876823e+01,1.895286e+01,1.893867e+01,1.908756e+01,1.904504e+01,1.913714e+01,1.922208e+01,1.893867e+01,1.910173e+01,1.911590e+01,1.891028e+01,1.881087e+01,1.911590e+01,1.884638e+01,1.886059e+01,1.876112e+01,1.876112e+01,1.876112e+01,1.878955e+01,1.872558e+01,1.875401e+01,1.871135e+01,1.873980e+01,1.879666e+01,1.869002e+01,1.885349e+01,1.866867e+01,1.886769e+01,1.886059e+01,1.892448e+01,1.905922e+01,1.891738e+01,1.900960e+01,1.910173e+01,1.917962e+01,1.922208e+01,1.939174e+01,1.980761e+01,1.988495e+01,1.989198e+01,2.024277e+01,2.030578e+01,2.057838e+01,2.056442e+01,2.054347e+01,2.077363e+01,2.099632e+01,2.076667e+01,2.088504e+01,2.098242e+01,2.086416e+01,2.088504e+01,2.094765e+01,2.093374e+01,2.082239e+01,2.087808e+01,2.091287e+01,2.095461e+01,2.091983e+01,2.094765e+01,2.093374e+01,2.091287e+01,2.097547e+01,2.089896e+01,2.095461e+01,2.091983e+01,2.093374e+01,2.107276e+01,2.098242e+01,2.096156e+01,2.104497e+01,2.100327e+01,2.094765e+01,2.105887e+01,2.089200e+01,2.094765e+01,2.100327e+01,2.091287e+01,2.083632e+01,2.082239e+01,2.075970e+01,2.079453e+01,2.077363e+01,2.078060e+01,2.085720e+01,2.077363e+01,2.073182e+01,2.081543e+01,2.080150e+01,2.085024e+01,2.094070e+01,2.073879e+01,2.076667e+01,2.073182e+01,2.096852e+01,2.098242e+01,2.103802e+01,2.106581e+01,2.107276e+01,2.119078e+01,2.139178e+01,2.126013e+01,2.128786e+01,2.132944e+01,2.127400e+01,2.153017e+01,2.148176e+01,2.148868e+01,2.141255e+01
1.880376e+01,1.886059e+01,1.882508e+01,1.889609e+01,1.891028e+01,1.900251e+01,1.893157e+01,1.902378e+01,1.903087e+01,1.900960e+01,1.904504e+01,1.894576e+01,1.898123e+01,1.891028e+01,1.877534e+01,1.888899e+01,1.865444e+01,1.853340e+01,1.847639e+01,1.836940e+01,1.816223e+01,1.834085e+01,1.816223e+01,1.821943e+01,1.825516e+01,1.819083e+01,1.834085e+01,1.829801e+01,1.840508e+01,1.840508e+01,1.845500e+01,1.846213e+01,1.848352e+01,1.883218e+01,1.874691e+01,1.883928e+01,1.888189e+01,1.899541e+01,1.943411e+01,1.965274e+01,1.974428e+01,1.987792e+01,1.988495e+01,1.981464e+01,1.970909e+01,1.950469e+01,1.928574e+01,1.932109e+01,1.917962e+01,1.906630e+01,1.913006e+01,1.899541e+01,1.915838e+01,1.897414e+01,1.874691e+01,1.889609e+01,1.893867e+01,1.880376e+01,1.887479e+01,1.884638e+01,1.910881e+01,1.939881e+01,1.927867e+01,1.960342e+01,1.979354e+01,1.992009e+01,2.014467e+01,2.049458e+01,2.069697e+01,2.069000e+01,2.071091e+01,2.067605e+01,2.058536e+01,2.073182e+01,2.079453e+01,2.079453e+01,2.067605e+01,2.073879e+01,2.084328e+01,2.074576e+01,2.055045e+01,2.055045e+01,2.055045e+01,2.057140e+01,2.048061e+01,2.052252e+01,2.038974e+01,2.037575e+01,2.024277e+01,2.000437e+01,1.987090e+01,1.988495e+01,1.982168e+01,1.982168e+01,1.982871e+01,1.954701e+01,1.955407e+01,1.973725e+01,1.952586e+01,1.951880e+01,1.972317e+01,1.943411e+01,1.973021e+01,1.972317e+01,1.975132e+01,1.971613e+01,1.958227e+01,1.953996e+01,1.968092e+01,1.968092e+01,1.976540e+01,1.974428e+01,1.995521e+01,1.993414e+01,2.031978e+01,2.012364e+01,2.031978e+01,2.008156e+01,2.031278e+01,2.031978e+01,2.036176e+01,2.034077e+01,2.026378e+01,2.048759e+01,2.045266e+01,2.048759e+01,2.052252e+01,2.029878e+01,2.047362e+01,2.045266e+01,2.043868e+01,2.059234e+01,2.042470e+01,2.062025e+01,2.057140e+01,2.060629e+01,2.073182e+01,2.080846e+01,2.072486e+01,2.081543e+01,2.080846e+01,2.082239e+01,2.076667e+01,2.080150e+01,2.089896e+01,2.075970e+01,2.072486e+01,2.085024e+01,2.082935e+01,2.079453e+01,2.080150e+01,2.089200e+01,2.067605e+01,2.075970e+01,2.073879e+01,2.081543e+01,2.075273e+01,2.075273e+01,2.094070e+01,2.075273e+01,2.072486e+01,2.090592e+01,2.074576e+01,2.079453e+01,2.065513e+01,2.076667e+01,2.057838e+01,2.034777e+01,2.031978e+01,2.013065e+01,2.012364e+01,1.973725e+01,1.973725e+01,1.944823e+01,1.937055e+01,1.921501e+01,1.939881e+01,1.929988e+01,1.971613e+01,1.973021e+01,1.980058e+01,1.977243e+01,2.018673e+01,2.020774e+01,2.051554e+01,2.059932e+01,2.063420e+01,2.054347e+01,2.058536e+01,2.049458e+01,2.027778e+01,2.029878e+01,2.002542e+01,2.001841e+01,1.992711e+01,1.995521e+01,1.965274e+01,1.952586e+01,1.954701e+01,1.936349e+01,1.944823e+01,1.916546e+01,1.927160e+01,1.917254e+01,1.927867e+01,1.925745e+01,1.925745e+01,1.923623e+01,1.915130e+01,1.917254e+01,1.903087e+01,1.913714e+01,1.894576e+01,1.897414e+01,1.895995e+01,1.892448e+01,1.888899e+01,1.869002e+01,1.888899e+01,1.869713e+01,1.875401e+01,1.873269e+01,1.869713e+01,1.876112e+01,1.859038e+01,1.854765e+01,1.856190e+01,1.856902e+01,1.856190e+01,1.850490e+01,1.846926e+01,1.855477e+01,1.839794e+01,1.855477e+01,1.860462e+01,1.856190e+01,1.839794e+01,1.858326e+01,1.859750e+01,1.856902e+01,1.849777e+01,1.862598e+01,1.860462e+01,1.849064e+01,1.862598e+01,1.850490e+01,1.841221e+01,1.847639e+01,1.856902e+01,1.839081e+01,1.844074e+01,1.846926e+01,1.851203e+01,1.859750e+01,1.840508e+01,1.863309e+01,1.849064e+01,1.848352e+01,1.848352e+01,1.857614e+01,1.849064e+01,1.866156e+01,1.881087e+01,1.873269e+01,1.875401e+01,1.879666e+01,1.883928e+01,1.891738e+01,1.895286e+01,1.883928e+01,1.894576e+01,1.884638e+01,1.884638e+01,1.888189e+01,1.866867e+01,1.867579e+01,1.868290e+01,1.871135e+01,1.849064e+01,1.852628e+01,1.839081e+01,1.842648e+01,1.843361e+01,1.832658e+01,1.840508e+01,1.836940e+01,1.829801e+01,1.832658e+01,1.820513e+01,1.833372e+01,1.832658e+01,1.827659e+01,1.820513e+01,1.824087e+01,1.824801e+01,1.819083e+01,1.819798e+01,1.815508e+01,1.828373e+01,1.828373e+01,1.809069e+01,1.819798e+01,1.813362e+01,1.815508e+01,1.818369e+01,1.811932e+01,1.816938e+01,1.819798e+01,1.819083e+01,1.799045e+01,1.816223e+01,1.799045e+01,1.816938e+01,1.806922e+01,1.806922e+01,1.806207e+01,1.806922e+01,1.814793e+01,1.809785e+01,1.832658e+01,1.819083e+01,1.821943e+01,1.821943e+01,1.826944e+01,1.815508e+01,1.816223e+01,1.816938e+01,1.825516e+01,1.824087e+01,1.830515e+01,1.822657e+01,1.818369e+01,1.823372e+01,1.822657e+01,1.812647e+01,1.810501e+01,1.813362e+01,1.826944e+01,1.811216e+01,1.834799e+01,1.813362e+01,1.814078e+01,1.824087e+01,1.819798e+01,1.830515e+01,1.834799e+01,1.824087e+01,1.826230e+01,1.837654e+01,1.848352e+01,1.848352e+01,1.841934e+01,1.851915e+01,1.851915e+01,1.860462e+01,1.878955e+01,1.897414e+01,1.916546e+01,1.944823e+01,1.951880e+01,1.984277e+01,1.987792e+01,2.018673e+01,2.031278e+01,2.040372e+01,2.061327e+01,2.061327e+01,2.057140e+01,2.064816e+01,2.069000e+01,2.062723e+01,2.060629e+01,2.073182e+01,2.080846e+01,2.067605e+01,2.073182e+01,2.065513e+01,2.069697e+01,2.066211e+01,2.046663e+01,2.041071e+01,2.043868e+01,2.020774e+01,2.017271e+01,1.989198e+01,1.993414e+01,1.965274e+01,1.953996e+01,1.934936e+01,1.937762e+01,1.937055e+01,1.910881e+01,1.898832e+01,1.892448e+01,1.886769e+01,1.902378e+01,1.893867e+01,1.890318e+01,1.891738e+01,1.897414e+01,1.892448e+01,1.893867e+01,1.896704e+01,1.887479e+01,1.885349e+01,1.892448e+01,1.887479e+01,1.898832e+01,1.896704e+01,1.894576e+01,1.892448e+01,1.890318e+01,1.887479e+01,1.891738e+01,1.889609e+01,1.891738e+01,1.896704e+01,1.889609e+01,1.880376e+01,1.892448e+01,1.895995e+01,1.886059e+01,1.885349e+01,1.878955e+01,1.872558e+01,1.875401e+01,1.874691e+01,1.868290e+01,1.878955e+01,1.871135e+01,1.877534e+01,1.869002e+01,1.865444e+01,1.861886e+01,1.867579e+01,1.866867e+01,1.876823e+01,1.886769e+01,1.895286e+01,1.891738e+01,1.880376e+01,1.891738e+01,1.892448e+01,1.893157e+01,1.905922e+01,1.903795e+01,1.902378e+01,1.924331e+01,1.948352e+01,1.942705e+01,1.964570e+01,1.981464e+01,1.987792e+01,2.022876e+01,2.015168e+01,2.027078e+01,2.053649e+01,2.045964e+01,2.048759e+01,2.064118e+01,2.061327e+01,2.046663e+01,2.061327e+01,2.055045e+01,2.048759e+01,2.057838e+01,2.048061e+01,2.060629e+01,2.055743e+01,2.040372e+01,2.045266e+01,2.058536e+01,2.041770e+01,2.044567e+01,2.052252e+01,2.048061e+01,2.064816e+01,2.050855e+01,2.053649e+01,2.053649e+01,2.060629e+01,2.050855e+01,2.052252e+01,2.055743e+01,2.056442e+01,2.052950e+01,2.063420e+01,2.069697e+01,2.073879e+01,2.066211e+01,2.076667e+01,2.074576e+01,2.085720e+01,2.075970e+01,2.084328e+01,2.087808e+01,2.080150e+01,2.082239e+01,2.082239e+01,2.096852e+01,2.112137e+01,2.091287e+01,2.101023e+01,2.087112e+01,2.087808e+01,2.091983e+01,2.084328e+01,2.080150e+01,2.084328e+01,2.082935e+01,2.085024e+01,2.087112e+01,2.096156e+01,2.073879e+01,2.049458e+01,2.001139e+01,1.928574e+01,1.889609e+01,1.895286e+01,1.879666e+01,1.829087e+01,1.807638e+01,1.808354e+01,1.808354e+01,1.807638e+01,1.806922e+01,1.821943e+01,1.815508e+01,1.817653e+01,1.840508e+01,1.844074e+01,1.846926e+01,1.871847e+01,1.904504e+01,1.925745e+01,1.920793e+01,1.920085e+01,1.911590e+01,1.895286e+01,1.895286e+01,1.891028e+01,1.883928e+01,1.882508e+01,1.888899e+01,1.909464e+01,1.883928e+01,1.872558e+01,1.873980e+01,1.873269e+01,1.874691e+01,1.874691e+01,1.872558e+01,1.873269e+01,1.876823e+01,1.872558e+01,1.876112e+01,1.882508e+01,1.876823e+01,1.886059e+01,1.887479e+01,1.885349e+01,1.898123e+01,1.903795e+01,1.900960e+01,1.929988e+01,1.939174e+01,1.958932e+01,1.987090e+01,1.988495e+01,1.994117e+01,2.027778e+01,2.024277e+01,2.026378e+01,2.067605e+01,2.064118e+01,2.054347e+01,2.073879e+01,2.073182e+01,2.091287e+01,2.091983e+01,2.094070e+01,2.091287e+01,2.081543e+01,2.092679e+01,2.089896e+01,2.099632e+01,2.092679e+01,2.093374e+01,2.084328e+01,2.106581e+01,2.096852e+01,2.098937e+01,2.093374e+01,2.097547e+01,2.091983e+01,2.099632e+01,2.094070e+01,2.096156e+01,2.095461e+01,2.098242e+01,2.098242e+01,2.099632e+01,2.098242e+01,2.101023e+01,2.091287e+01,2.095461e+01,2.087808e+01,2.094070e+01,2.093374e+01,2.088504e+01,2.078060e+01,2.072486e+01,2.089896e+01,2.096852e+01,2.101023e+01,2.078757e+01,2.084328e+01,2.073182e+01,2.074576e+01,2.084328e+01,2.073182e+01,2.079453e+01,2.075970e+01,2.076667e+01,2.088504e+01,2.089896e+01,2.094070e+01,2.107276e+01,2.096156e+01,2.108665e+01,2.126013e+01,2.108665e+01,2.120465e+01,2.135715e+01,2.131559e+01,2.128093e+01,2.132944e+01,2.147484e+01,2.149559e+01,2.139178e+01
1.882508e+01,1.878955e+01,1.886769e+01,1.898832e+01,1.899541e+01,1.901669e+01,1.891028e+01,1.895286e+01,1.922208e+01,1.901669e+01,1.893867e+01,1.893867e+01,1.903795e+01,1.893867e+01,1.879666e+01,1.879666e+01,1.856902e+01,1.862598e+01,1.856190e+01,1.836227e+01,1.836940e+01,1.839081e+01,1.829801e+01,1.811932e+01,1.816938e+01,1.819798e+01,1.834799e+01,1.819798e+01,1.846926e+01,1.839794e+01,1.841934e+01,1.845500e+01,1.864021e+01,1.867579e+01,1.875401e+01,1.883928e+01,1.901669e+01,1.930695e+01,1.945529e+01,1.950469e+01,1.992711e+01,2.007454e+01,2.006753e+01,1.996926e+01,1.987792e+01,1.958227e+01,1.944823e+01,1.943411e+01,1.926452e+01,1.917962e+01,1.917254e+01,1.908756e+01,1.900251e+01,1.886059e+01,1.881087e+01,1.861174e+01,1.878955e+01,1.878955e+01,1.877534e+01,1.888189e+01,1.909464e+01,1.908047e+01,1.934229e+01,1.928574e+01,1.962456e+01,1.970205e+01,1.989198e+01,2.041071e+01,2.047362e+01,2.048759e+01,2.057140e+01,2.080846e+01,2.068303e+01,2.067605e+01,2.066908e+01,2.060629e+01,2.078757e+01,2.085024e+01,2.073182e+01,2.085720e+01,2.073182e+01,2.066211e+01,2.057838e+01,2.061327e+01,2.071789e+01,2.060629e+01,2.060629e+01,2.062025e+01,2.037575e+01,2.027778e+01,2.021475e+01,2.019373e+01,2.001841e+01,1.994819e+01,1.982168e+01,1.981464e+01,1.975132e+01,1.960342e+01,1.968092e+01,1.961047e+01,1.970909e+01,1.963865e+01,1.967388e+01,1.961751e+01,1.946235e+01,1.946941e+01,1.950469e+01,1.958932e+01,1.968092e+01,1.963161e+01,1.963161e+01,1.992711e+01,2.008156e+01,1.996926e+01,2.031978e+01,2.034777e+01,2.039673e+01,2.029178e+01,2.038274e+01,2.060629e+01,2.039673e+01,2.050855e+01,2.043868e+01,2.051554e+01,2.035476e+01,2.054347e+01,2.049458e+01,2.047362e+01,2.041071e+01,2.046663e+01,2.048759e+01,2.051554e+01,2.043169e+01,2.062025e+01,2.077363e+01,2.080846e+01,2.088504e+01,2.086416e+01,2.084328e+01,2.075273e+01,2.078060e+01,2.080150e+01,2.079453e+01,2.073879e+01,2.087808e+01,2.073879e+01,2.079453e+01,2.082935e+01,2.085024e+01,2.082239e+01,2.077363e+01,2.080150e+01,2.073182e+01,2.070394e+01,2.097547e+01,2.082239e+01,2.064816e+01,2.084328e+01,2.077363e+01,2.075273e+01,2.080846e+01,2.072486e+01,2.075970e+01,2.076667e+01,2.076667e+01,2.063420e+01,2.057838e+01,2.034777e+01,2.041770e+01,2.032678e+01,2.006051e+01,1.989198e+01,1.970205e+01,1.973725e+01,1.939174e+01,1.932109e+01,1.935642e+01,1.933522e+01,1.953996e+01,1.963161e+01,1.970909e+01,1.986386e+01,1.987090e+01,2.018673e+01,2.015869e+01,2.032678e+01,2.042470e+01,2.048061e+01,2.048061e+01,2.045964e+01,2.033377e+01,2.024277e+01,2.001139e+01,2.003946e+01,1.975836e+01,1.977947e+01,1.973725e+01,1.965274e+01,1.948352e+01,1.936349e+01,1.944823e+01,1.934936e+01,1.927160e+01,1.905213e+01,1.916546e+01,1.917962e+01,1.918670e+01,1.918670e+01,1.921501e+01,1.920085e+01,1.908756e+01,1.904504e+01,1.900960e+01,1.898123e+01,1.890318e+01,1.907339e+01,1.891738e+01,1.886059e+01,1.870424e+01,1.870424e+01,1.869713e+01,1.871135e+01,1.864021e+01,1.861886e+01,1.852628e+01,1.841934e+01,1.854765e+01,1.859038e+01,1.852628e+01,1.858326e+01,1.846926e+01,1.846213e+01,1.844074e+01,1.853340e+01,1.851915e+01,1.847639e+01,1.855477e+01,1.855477e+01,1.845500e+01,1.850490e+01,1.851915e+01,1.847639e+01,1.850490e+01,1.849064e+01,1.846926e+01,1.845500e+01,1.839794e+01,1.842648e+01,1.839081e+01,1.859750e+01,1.844074e+01,1.859750e+01,1.846213e+01,1.851203e+01,1.847639e+01,1.846926e+01,1.844787e+01,1.854053e+01,1.851915e+01,1.849777e+01,1.848352e+01,1.854765e+01,1.846926e+01,1.880376e+01,1.854053e+01,1.861174e+01,1.876112e+01,1.876823e+01,1.866156e+01,1.869713e+01,1.871135e+01,1.874691e+01,1.870424e+01,1.869002e+01,1.869002e+01,1.865444e+01,1.844074e+01,1.856190e+01,1.842648e+01,1.856190e+01,1.854053e+01,1.834085e+01,1.831230e+01,1.838367e+01,1.844074e+01,1.829801e+01,1.839081e+01,1.839794e+01,1.819798e+01,1.820513e+01,1.836227e+01,1.834085e+01,1.823372e+01,1.837654e+01,1.824087e+01,1.829801e+01,1.824801e+01,1.816938e+01,1.827659e+01,1.814793e+01,1.811932e+01,1.819798e+01,1.809069e+01,1.820513e+01,1.816938e+01,1.820513e+01,1.814793e+01,1.818369e+01,1.814078e+01,1.798329e+01,1.815508e+01,1.813362e+01,1.806207e+01,1.804059e+01,1.813362e+01,1.807638e+01,1.807638e+01,1.823372e+01,1.813362e+01,1.822657e+01,1.821943e+01,1.820513e+01,1.819798e+01,1.820513e+01,1.816223e+01,1.814793e+01,1.843361e+01,1.829087e+01,1.826230e+01,1.827659e+01,1.824087e+01,1.819083e+01,1.824801e+01,1.827659e+01,1.822657e+01,1.824087e+01,1.816223e+01,1.809785e+01,1.817653e+01,1.811932e+01,1.825516e+01,1.819798e+01,1.821228e+01,1.821228e+01,1.824087e+01,1.824801e+01,1.830515e+01,1.841934e+01,1.834799e+01,1.835513e+01,1.841934e+01,1.834799e+01,1.850490e+01,1.866156e+01,1.872558e+01,1.881797e+01,1.888189e+01,1.918670e+01,1.968796e+01,1.971613e+01,1.987090e+01,2.002542e+01,2.028478e+01,2.041770e+01,2.057140e+01,2.044567e+01,2.061327e+01,2.053649e+01,2.061327e+01,2.066211e+01,2.070394e+01,2.058536e+01,2.060629e+01,2.059234e+01,2.080150e+01,2.073879e+01,2.066211e+01,2.066211e+01,2.056442e+01,2.065513e+01,2.046663e+01,2.036875e+01,2.025677e+01,2.009559e+01,2.005350e+01,1.994117e+01,1.984277e+01,1.990604e+01,1.956817e+01,1.938468e+01,1.937055e+01,1.917962e+01,1.919378e+01,1.895286e+01,1.904504e+01,1.897414e+01,1.892448e+01,1.901669e+01,1.891028e+01,1.893867e+01,1.883928e+01,1.894576e+01,1.895286e+01,1.881797e+01,1.879666e+01,1.895286e+01,1.885349e+01,1.881797e+01,1.888189e+01,1.887479e+01,1.886769e+01,1.891738e+01,1.884638e+01,1.886769e+01,1.890318e+01,1.893157e+01,1.879666e+01,1.875401e+01,1.889609e+01,1.881797e+01,1.898123e+01,1.881797e+01,1.876823e+01,1.877534e+01,1.875401e+01,1.870424e+01,1.873269e+01,1.876823e+01,1.871847e+01,1.870424e+01,1.878245e+01,1.867579e+01,1.860462e+01,1.863309e+01,1.879666e+01,1.866156e+01,1.888899e+01,1.876112e+01,1.891028e+01,1.883928e+01,1.879666e+01,1.899541e+01,1.891738e+01,1.893157e+01,1.878245e+01,1.903795e+01,1.901669e+01,1.922916e+01,1.934229e+01,1.948352e+01,1.953291e+01,1.974428e+01,1.985683e+01,2.005350e+01,2.036875e+01,2.037575e+01,2.041770e+01,2.060629e+01,2.067605e+01,2.064816e+01,2.069697e+01,2.058536e+01,2.058536e+01,2.076667e+01,2.053649e+01,2.057838e+01,2.051554e+01,2.053649e+01,2.056442e+01,2.057838e+01,2.041071e+01,2.048061e+01,2.041071e+01,2.045266e+01,2.054347e+01,2.036875e+01,2.045266e+01,2.055743e+01,2.045266e+01,2.037575e+01,2.052252e+01,2.045266e+01,2.052950e+01,2.047362e+01,2.052252e+01,2.050855e+01,2.056442e+01,2.050855e+01,2.050855e+01,2.051554e+01,2.087112e+01,2.073879e+01,2.071789e+01,2.072486e+01,2.091287e+01,2.089896e+01,2.085720e+01,2.079453e+01,2.080150e+01,2.090592e+01,2.087112e+01,2.085720e+01,2.082239e+01,2.087808e+01,2.083632e+01,2.080150e+01,2.087808e+01,2.073182e+01,2.087112e+01,2.071789e+01,2.087808e+01,2.092679e+01,2.088504e+01,2.090592e+01,2.071091e+01,2.038974e+01,2.010961e+01,1.920085e+01,1.894576e+01,1.878245e+01,1.858326e+01,1.817653e+01,1.801910e+01,1.793313e+01,1.806207e+01,1.805490e+01,1.809785e+01,1.809785e+01,1.812647e+01,1.821943e+01,1.871847e+01,1.876112e+01,1.905922e+01,1.917254e+01,1.905922e+01,1.915838e+01,1.921501e+01,1.913714e+01,1.906630e+01,1.892448e+01,1.900251e+01,1.895286e+01,1.888899e+01,1.867579e+01,1.908047e+01,1.882508e+01,1.873980e+01,1.876823e+01,1.872558e+01,1.871135e+01,1.872558e+01,1.871847e+01,1.872558e+01,1.873269e+01,1.876823e+01,1.875401e+01,1.885349e+01,1.869713e+01,1.886769e+01,1.891738e+01,1.888899e+01,1.902378e+01,1.899541e+01,1.908047e+01,1.940587e+01,1.961047e+01,1.963161e+01,1.988495e+01,1.999033e+01,2.006753e+01,2.041770e+01,2.034777e+01,2.048759e+01,2.035476e+01,2.068303e+01,2.059932e+01,2.076667e+01,2.078060e+01,2.084328e+01,2.094765e+01,2.087112e+01,2.089200e+01,2.095461e+01,2.083632e+01,2.091983e+01,2.096156e+01,2.090592e+01,2.085720e+01,2.084328e+01,2.089896e+01,2.102413e+01,2.103802e+01,2.094765e+01,2.103107e+01,2.098937e+01,2.091287e+01,2.098937e+01,2.094765e+01,2.094070e+01,2.097547e+01,2.083632e+01,2.097547e+01,2.096156e+01,2.098937e+01,2.094070e+01,2.086416e+01,2.083632e+01,2.091287e+01,2.091983e+01,2.078060e+01,2.077363e+01,2.066211e+01,2.079453e+01,2.071789e+01,2.080846e+01,2.064816e+01,2.062723e+01,2.064118e+01,2.064118e+01,2.073879e+01,2.075273e+01,2.067605e+01,2.075970e+01,2.080846e+01,2.094765e+01,2.085024e+01,2.080150e+01,2.100327e+01,2.109360e+01,2.111443e+01,2.105887e+01,2.134330e+01,2.118384e+01,2.123240e+01,2.130173e+01,2.121852e+01,2.127400e+01,2.132944e+01,2.133637e+01,2.146100e+01
1.886769e+01,1.881797e+01,1.881797e+01,1.882508e+01,1.894576e+01,1.917254e+01,1.899541e+01,1.895995e+01,1.893867e+01,1.903087e+01,1.898123e+01,1.898832e+01,1.893867e+01,1.895286e+01,1.886769e+01,1.889609e+01,1.861886e+01,1.856902e+01,1.865444e+01,1.839794e+01,1.846213e+01,1.836940e+01,1.811932e+01,1.834799e+01,1.837654e+01,1.821228e+01,1.849777e+01,1.832658e+01,1.849064e+01,1.842648e+01,1.844074e+01,1.859750e+01,1.863309e+01,1.866867e+01,1.888189e+01,1.898123e+01,1.899541e+01,1.933522e+01,1.947647e+01,1.961047e+01,1.988495e+01,2.008156e+01,2.027078e+01,2.015869e+01,1.977243e+01,1.977947e+01,1.973725e+01,1.931402e+01,1.937055e+01,1.909464e+01,1.924331e+01,1.902378e+01,1.891738e+01,1.881797e+01,1.883928e+01,1.875401e+01,1.871135e+01,1.881797e+01,1.881087e+01,1.874691e+01,1.885349e+01,1.900960e+01,1.929281e+01,1.931402e+01,1.935642e+01,1.958227e+01,1.970909e+01,2.004648e+01,2.017972e+01,2.050157e+01,2.070394e+01,2.057140e+01,2.077363e+01,2.076667e+01,2.063420e+01,2.071091e+01,2.082935e+01,2.080150e+01,2.073182e+01,2.073182e+01,2.067605e+01,2.060629e+01,2.055045e+01,2.073182e+01,2.073879e+01,2.071091e+01,2.062723e+01,2.057838e+01,2.046663e+01,2.048061e+01,2.036875e+01,2.047362e+01,2.022876e+01,2.018673e+01,2.016570e+01,1.991306e+01,2.001139e+01,1.986386e+01,2.005350e+01,1.975836e+01,1.973725e+01,1.985683e+01,1.979354e+01,1.989198e+01,1.967388e+01,1.989198e+01,1.987090e+01,1.963161e+01,1.989198e+01,1.996224e+01,2.029178e+01,2.008857e+01,1.996926e+01,2.006753e+01,2.038274e+01,2.031278e+01,2.045266e+01,2.059932e+01,2.053649e+01,2.069697e+01,2.064816e+01,2.050855e+01,2.049458e+01,2.057140e+01,2.046663e+01,2.050157e+01,2.047362e+01,2.045964e+01,2.044567e+01,2.048759e+01,2.045964e+01,2.044567e+01,2.058536e+01,2.058536e+01,2.066211e+01,2.075273e+01,2.084328e+01,2.094765e+01,2.109360e+01,2.077363e+01,2.071091e+01,2.080846e+01,2.085024e+01,2.064816e+01,2.085720e+01,2.071091e+01,2.082935e+01,2.078757e+01,2.075970e+01,2.078060e+01,2.082239e+01,2.074576e+01,2.079453e+01,2.080846e+01,2.067605e+01,2.082935e+01,2.071091e+01,2.080846e+01,2.078757e+01,2.076667e+01,2.073879e+01,2.080846e+01,2.073879e+01,2.071789e+01,2.071091e+01,2.075970e+01,2.070394e+01,2.059932e+01,2.032678e+01,2.031978e+01,2.024977e+01,1.988495e+01,2.023577e+01,1.982168e+01,1.953996e+01,1.931402e+01,1.930695e+01,1.935642e+01,1.939174e+01,1.949058e+01,1.958227e+01,1.967388e+01,1.986386e+01,2.003244e+01,2.007454e+01,2.024977e+01,2.031978e+01,2.052950e+01,2.038974e+01,2.053649e+01,2.034777e+01,2.022876e+01,2.024977e+01,2.003946e+01,1.977243e+01,1.955407e+01,1.971613e+01,1.939174e+01,1.915838e+01,1.934229e+01,1.932815e+01,1.916546e+01,1.933522e+01,1.908047e+01,1.908047e+01,1.913006e+01,1.930695e+01,1.909464e+01,1.920085e+01,1.909464e+01,1.916546e+01,1.905213e+01,1.895286e+01,1.894576e+01,1.901669e+01,1.892448e+01,1.884638e+01,1.876112e+01,1.872558e+01,1.873269e+01,1.868290e+01,1.851915e+01,1.856190e+01,1.839081e+01,1.858326e+01,1.856190e+01,1.864733e+01,1.850490e+01,1.844787e+01,1.855477e+01,1.853340e+01,1.849064e+01,1.850490e+01,1.847639e+01,1.854053e+01,1.850490e+01,1.856190e+01,1.832658e+01,1.850490e+01,1.852628e+01,1.850490e+01,1.853340e+01,1.856902e+01,1.849777e+01,1.849777e+01,1.851203e+01,1.849064e+01,1.844787e+01,1.859750e+01,1.841221e+01,1.856190e+01,1.855477e+01,1.844787e+01,1.842648e+01,1.844787e+01,1.855477e+01,1.846213e+01,1.851203e+01,1.855477e+01,1.849777e+01,1.845500e+01,1.853340e+01,1.873269e+01,1.861174e+01,1.863309e+01,1.861886e+01,1.864021e+01,1.864733e+01,1.864733e+01,1.871847e+01,1.870424e+01,1.866867e+01,1.867579e+01,1.871135e+01,1.866156e+01,1.870424e+01,1.862598e+01,1.845500e+01,1.844074e+01,1.848352e+01,1.851915e+01,1.834799e+01,1.849777e+01,1.849064e+01,1.824801e+01,1.837654e+01,1.845500e+01,1.831230e+01,1.839794e+01,1.839794e+01,1.832658e+01,1.821943e+01,1.826230e+01,1.841221e+01,1.814078e+01,1.821228e+01,1.813362e+01,1.817653e+01,1.826944e+01,1.810501e+01,1.814078e+01,1.810501e+01,1.808354e+01,1.804059e+01,1.817653e+01,1.804775e+01,1.798329e+01,1.812647e+01,1.800478e+01,1.796896e+01,1.818369e+01,1.812647e+01,1.814078e+01,1.804775e+01,1.809069e+01,1.806207e+01,1.818369e+01,1.824087e+01,1.812647e+01,1.825516e+01,1.819798e+01,1.814078e+01,1.818369e+01,1.824801e+01,1.834085e+01,1.838367e+01,1.833372e+01,1.829801e+01,1.839081e+01,1.830515e+01,1.833372e+01,1.829801e+01,1.824087e+01,1.827659e+01,1.824087e+01,1.815508e+01,1.809069e+01,1.811216e+01,1.810501e+01,1.811932e+01,1.819083e+01,1.824087e+01,1.826944e+01,1.825516e+01,1.828373e+01,1.836940e+01,1.835513e+01,1.837654e+01,1.826944e+01,1.842648e+01,1.854053e+01,1.853340e+01,1.856190e+01,1.861174e+01,1.878245e+01,1.878245e+01,1.917254e+01,1.921501e+01,1.942705e+01,1.976540e+01,1.999033e+01,2.001139e+01,2.021475e+01,2.041770e+01,2.040372e+01,2.066211e+01,2.061327e+01,2.060629e+01,2.064816e+01,2.062025e+01,2.075273e+01,2.064118e+01,2.064816e+01,2.071789e+01,2.069000e+01,2.064118e+01,2.066211e+01,2.085720e+01,2.067605e+01,2.055045e+01,2.051554e+01,2.048061e+01,2.041770e+01,2.029178e+01,2.018673e+01,2.012364e+01,1.984277e+01,1.985683e+01,1.988495e+01,1.962456e+01,1.955407e+01,1.932815e+01,1.915838e+01,1.914422e+01,1.896704e+01,1.908047e+01,1.894576e+01,1.886769e+01,1.886769e+01,1.884638e+01,1.891028e+01,1.892448e+01,1.886769e+01,1.892448e+01,1.881797e+01,1.897414e+01,1.881087e+01,1.878245e+01,1.900960e+01,1.899541e+01,1.886769e+01,1.884638e+01,1.886059e+01,1.897414e+01,1.895995e+01,1.895286e+01,1.887479e+01,1.886059e+01,1.896704e+01,1.883928e+01,1.882508e+01,1.886769e+01,1.887479e+01,1.882508e+01,1.873980e+01,1.884638e+01,1.887479e+01,1.876112e+01,1.877534e+01,1.876112e+01,1.881797e+01,1.879666e+01,1.868290e+01,1.879666e+01,1.873980e+01,1.871847e+01,1.871847e+01,1.871847e+01,1.879666e+01,1.883928e+01,1.883218e+01,1.892448e+01,1.897414e+01,1.891738e+01,1.900960e+01,1.893867e+01,1.899541e+01,1.915130e+01,1.937055e+01,1.952586e+01,1.951175e+01,1.980058e+01,2.003244e+01,2.038274e+01,2.034777e+01,2.038274e+01,2.050157e+01,2.043868e+01,2.048061e+01,2.071789e+01,2.068303e+01,2.048061e+01,2.075273e+01,2.070394e+01,2.064118e+01,2.064118e+01,2.050855e+01,2.054347e+01,2.051554e+01,2.053649e+01,2.058536e+01,2.039673e+01,2.045964e+01,2.040372e+01,2.048759e+01,2.034077e+01,2.051554e+01,2.041071e+01,2.038274e+01,2.046663e+01,2.052950e+01,2.041770e+01,2.052950e+01,2.057140e+01,2.047362e+01,2.048759e+01,2.055045e+01,2.050855e+01,2.069000e+01,2.065513e+01,2.076667e+01,2.069697e+01,2.065513e+01,2.091287e+01,2.079453e+01,2.088504e+01,2.082239e+01,2.078060e+01,2.079453e+01,2.092679e+01,2.083632e+01,2.084328e+01,2.097547e+01,2.090592e+01,2.083632e+01,2.080846e+01,2.091983e+01,2.085720e+01,2.090592e+01,2.091983e+01,2.087112e+01,2.086416e+01,2.077363e+01,2.079453e+01,2.071091e+01,2.076667e+01,2.055743e+01,1.996224e+01,1.918670e+01,1.875401e+01,1.845500e+01,1.818369e+01,1.814793e+01,1.799045e+01,1.810501e+01,1.804059e+01,1.799762e+01,1.811932e+01,1.834799e+01,1.839081e+01,1.846213e+01,1.850490e+01,1.905213e+01,1.904504e+01,1.933522e+01,1.920793e+01,1.924331e+01,1.908756e+01,1.910881e+01,1.910173e+01,1.905922e+01,1.896704e+01,1.895995e+01,1.876112e+01,1.877534e+01,1.882508e+01,1.871135e+01,1.883218e+01,1.875401e+01,1.869713e+01,1.867579e+01,1.872558e+01,1.869713e+01,1.873269e+01,1.877534e+01,1.878245e+01,1.881797e+01,1.883218e+01,1.886769e+01,1.886769e+01,1.915130e+01,1.900960e+01,1.951175e+01,1.958932e+01,1.978650e+01,1.973021e+01,1.992711e+01,2.016570e+01,2.033377e+01,2.027778e+01,2.043868e+01,2.041770e+01,2.071091e+01,2.070394e+01,2.069697e+01,2.075273e+01,2.076667e+01,2.071789e+01,2.098937e+01,2.097547e+01,2.088504e+01,2.094765e+01,2.078757e+01,2.085024e+01,2.090592e+01,2.089200e+01,2.086416e+01,2.085024e+01,2.098242e+01,2.101023e+01,2.085024e+01,2.097547e+01,2.094070e+01,2.096156e+01,2.091983e+01,2.094070e+01,2.092679e+01,2.088504e+01,2.096156e+01,2.091983e+01,2.091983e+01,2.091287e+01,2.073879e+01,2.093374e+01,2.091983e+01,2.094765e+01,2.088504e+01,2.083632e+01,2.094765e+01,2.082935e+01,2.085024e+01,2.087112e+01,2.072486e+01,2.071789e+01,2.076667e+01,2.059234e+01,2.064816e+01,2.063420e+01,2.077363e+01,2.065513e+01,2.074576e+01,2.082239e+01,2.082935e+01,2.089200e+01,2.080150e+01,2.079453e+01,2.108665e+01,2.107971e+01,2.080150e+01,2.103802e+01,2.102413e+01,2.132252e+01,2.130865e+01,2.143332e+01,2.141255e+01,2.128786e+01,2.122546e+01,2.134330e+01,2.131559e+01,2.146792e+01
1.881087e+01,1.886769e+01,1.895995e+01,1.892448e+01,1.889609e+01,1.893157e+01,1.895286e+01,1.889609e+01,1.897414e+01,1.899541e+01,1.903087e+01,1.898123e+01,1.895286e+01,1.891028e+01,1.891738e+01,1.866867e+01,1.865444e+01,1.855477e+01,1.861174e+01,1.844074e+01,1.843361e+01,1.842648e+01,1.835513e+01,1.834085e+01,1.823372e+01,1.837654e+01,1.844074e+01,1.845500e+01,1.859038e+01,1.848352e+01,1.854053e+01,1.866156e+01,1.851915e+01,1.888899e+01,1.887479e+01,1.886059e+01,1.929281e+01,1.930695e+01,1.946235e+01,1.972317e+01,1.973021e+01,1.990604e+01,2.013766e+01,2.014467e+01,2.015869e+01,1.992711e+01,1.957522e+01,1.951880e+01,1.927867e+01,1.913006e+01,1.906630e+01,1.915838e+01,1.888899e+01,1.885349e+01,1.886769e+01,1.879666e+01,1.876112e+01,1.880376e+01,1.864021e+01,1.878245e+01,1.873980e+01,1.902378e+01,1.910173e+01,1.936349e+01,1.936349e+01,1.939174e+01,1.988495e+01,1.980761e+01,2.010961e+01,2.044567e+01,2.073182e+01,2.075273e+01,2.074576e+01,2.083632e+01,2.066211e+01,2.075970e+01,2.070394e+01,2.065513e+01,2.071789e+01,2.072486e+01,2.071789e+01,2.074576e+01,2.075970e+01,2.071789e+01,2.074576e+01,2.075273e+01,2.071789e+01,2.057838e+01,2.036176e+01,2.055045e+01,2.052950e+01,2.055743e+01,2.017271e+01,2.048061e+01,2.039673e+01,2.017972e+01,2.010260e+01,2.014467e+01,2.013766e+01,2.022876e+01,2.001139e+01,2.013766e+01,1.994117e+01,1.993414e+01,1.992009e+01,2.008857e+01,2.008156e+01,2.005350e+01,2.008156e+01,2.003946e+01,2.007454e+01,2.039673e+01,2.034077e+01,2.044567e+01,2.050157e+01,2.035476e+01,2.061327e+01,2.049458e+01,2.059932e+01,2.062025e+01,2.068303e+01,2.053649e+01,2.066211e+01,2.069000e+01,2.050855e+01,2.065513e+01,2.047362e+01,2.042470e+01,2.040372e+01,2.051554e+01,2.045266e+01,2.042470e+01,2.052252e+01,2.041770e+01,2.062025e+01,2.073879e+01,2.088504e+01,2.087808e+01,2.068303e+01,2.073182e+01,2.069000e+01,2.078060e+01,2.078060e+01,2.068303e+01,2.078757e+01,2.069697e+01,2.078060e+01,2.083632e+01,2.085024e+01,2.084328e+01,2.088504e+01,2.067605e+01,2.079453e+01,2.071091e+01,2.096852e+01,2.077363e+01,2.077363e+01,2.078757e+01,2.075970e+01,2.080846e+01,2.066908e+01,2.080150e+01,2.072486e+01,2.066211e+01,2.080150e+01,2.084328e+01,2.075970e+01,2.073182e+01,2.065513e+01,2.038274e+01,2.037575e+01,2.020074e+01,2.008156e+01,1.977947e+01,1.958932e+01,1.929988e+01,1.930695e+01,1.934229e+01,1.932815e+01,1.939881e+01,1.949058e+01,1.982168e+01,1.986386e+01,1.994117e+01,2.000437e+01,2.001841e+01,2.023577e+01,2.043868e+01,2.019373e+01,2.045964e+01,2.046663e+01,2.034777e+01,2.011663e+01,1.996926e+01,1.982168e+01,1.958227e+01,1.945529e+01,1.946941e+01,1.929281e+01,1.930695e+01,1.903795e+01,1.911590e+01,1.916546e+01,1.903087e+01,1.914422e+01,1.912298e+01,1.908047e+01,1.906630e+01,1.908047e+01,1.905922e+01,1.905213e+01,1.900251e+01,1.903087e+01,1.886769e+01,1.909464e+01,1.882508e+01,1.878245e+01,1.881797e+01,1.871847e+01,1.883218e+01,1.868290e+01,1.875401e+01,1.864733e+01,1.856190e+01,1.854053e+01,1.844074e+01,1.859750e+01,1.854053e+01,1.844074e+01,1.871135e+01,1.847639e+01,1.849777e+01,1.852628e+01,1.849064e+01,1.852628e+01,1.851203e+01,1.839081e+01,1.838367e+01,1.849777e+01,1.845500e+01,1.853340e+01,1.850490e+01,1.849064e+01,1.850490e+01,1.851203e+01,1.844787e+01,1.849777e+01,1.847639e+01,1.858326e+01,1.850490e+01,1.853340e+01,1.843361e+01,1.849064e+01,1.841934e+01,1.841934e+01,1.841934e+01,1.847639e+01,1.846213e+01,1.847639e+01,1.846213e+01,1.848352e+01,1.848352e+01,1.846926e+01,1.864021e+01,1.856190e+01,1.867579e+01,1.864021e+01,1.869002e+01,1.868290e+01,1.869002e+01,1.869002e+01,1.849064e+01,1.869713e+01,1.867579e+01,1.870424e+01,1.866867e+01,1.869002e+01,1.864733e+01,1.861174e+01,1.852628e+01,1.858326e+01,1.847639e+01,1.836227e+01,1.844074e+01,1.856902e+01,1.844787e+01,1.849777e+01,1.841934e+01,1.822657e+01,1.850490e+01,1.831944e+01,1.839081e+01,1.831230e+01,1.824087e+01,1.817653e+01,1.809785e+01,1.826944e+01,1.808354e+01,1.827659e+01,1.829087e+01,1.807638e+01,1.815508e+01,1.808354e+01,1.809069e+01,1.809069e+01,1.809785e+01,1.796896e+01,1.804775e+01,1.806922e+01,1.809785e+01,1.813362e+01,1.809069e+01,1.811932e+01,1.826944e+01,1.813362e+01,1.810501e+01,1.806922e+01,1.813362e+01,1.819083e+01,1.816938e+01,1.824087e+01,1.818369e+01,1.821943e+01,1.819083e+01,1.824087e+01,1.830515e+01,1.839081e+01,1.830515e+01,1.835513e+01,1.830515e+01,1.831230e+01,1.825516e+01,1.826230e+01,1.827659e+01,1.816938e+01,1.809785e+01,1.809069e+01,1.809785e+01,1.854053e+01,1.822657e+01,1.827659e+01,1.828373e+01,1.829087e+01,1.829801e+01,1.828373e+01,1.839081e+01,1.834085e+01,1.838367e+01,1.834799e+01,1.834085e+01,1.841221e+01,1.844074e+01,1.854765e+01,1.878245e+01,1.876823e+01,1.901669e+01,1.922916e+01,1.943411e+01,1.973021e+01,1.993414e+01,1.994117e+01,2.018673e+01,2.034777e+01,2.057140e+01,2.043868e+01,2.062025e+01,2.052950e+01,2.057140e+01,2.072486e+01,2.079453e+01,2.060629e+01,2.077363e+01,2.064118e+01,2.066908e+01,2.073879e+01,2.075970e+01,2.069697e+01,2.068303e+01,2.062025e+01,2.056442e+01,2.054347e+01,2.041770e+01,2.041071e+01,2.031978e+01,2.018673e+01,2.028478e+01,2.022176e+01,1.998330e+01,1.980761e+01,1.966683e+01,1.956112e+01,1.963161e+01,1.927160e+01,1.917962e+01,1.913006e+01,1.902378e+01,1.900960e+01,1.890318e+01,1.894576e+01,1.891738e+01,1.893157e+01,1.898123e+01,1.895286e+01,1.899541e+01,1.891738e+01,1.887479e+01,1.883928e+01,1.891738e+01,1.885349e+01,1.888189e+01,1.886059e+01,1.892448e+01,1.888899e+01,1.895995e+01,1.898123e+01,1.867579e+01,1.887479e+01,1.896704e+01,1.897414e+01,1.882508e+01,1.894576e+01,1.891738e+01,1.887479e+01,1.888899e+01,1.889609e+01,1.885349e+01,1.873980e+01,1.888189e+01,1.873980e+01,1.876112e+01,1.880376e+01,1.885349e+01,1.873269e+01,1.886769e+01,1.867579e+01,1.884638e+01,1.891738e+01,1.878955e+01,1.879666e+01,1.895286e+01,1.883928e+01,1.868290e+01,1.891738e+01,1.891028e+01,1.895286e+01,1.884638e+01,1.908756e+01,1.921501e+01,1.920793e+01,1.946941e+01,1.966683e+01,1.983574e+01,2.001139e+01,2.006051e+01,2.013065e+01,2.034777e+01,2.047362e+01,2.054347e+01,2.073879e+01,2.087112e+01,2.059932e+01,2.066211e+01,2.078757e+01,2.078757e+01,2.071789e+01,2.069000e+01,2.064118e+01,2.065513e+01,2.067605e+01,2.036176e+01,2.059234e+01,2.044567e+01,2.042470e+01,2.043169e+01,2.048061e+01,2.056442e+01,2.043169e+01,2.048061e+01,2.051554e+01,2.059932e+01,2.045266e+01,2.054347e+01,2.035476e+01,2.052252e+01,2.055743e+01,2.052950e+01,2.051554e+01,2.053649e+01,2.063420e+01,2.052252e+01,2.068303e+01,2.067605e+01,2.071091e+01,2.069000e+01,2.071091e+01,2.075273e+01,2.078757e+01,2.094765e+01,2.080846e+01,2.081543e+01,2.080150e+01,2.087808e+01,2.086416e+01,2.090592e+01,2.077363e+01,2.093374e+01,2.090592e+01,2.094070e+01,2.090592e+01,2.092679e+01,2.094070e+01,2.087112e+01,2.087112e+01,2.089896e+01,2.087808e+01,2.070394e+01,2.075970e+01,2.055743e+01,1.965274e+01,1.910881e+01,1.855477e+01,1.844787e+01,1.817653e+01,1.826944e+01,1.815508e+01,1.797613e+01,1.797613e+01,1.800478e+01,1.809785e+01,1.838367e+01,1.856902e+01,1.880376e+01,1.901669e+01,1.929988e+01,1.927160e+01,1.928574e+01,1.927160e+01,1.926452e+01,1.925038e+01,1.926452e+01,1.924331e+01,1.898832e+01,1.902378e+01,1.898123e+01,1.903087e+01,1.878955e+01,1.878955e+01,1.880376e+01,1.875401e+01,1.874691e+01,1.876823e+01,1.884638e+01,1.888189e+01,1.882508e+01,1.877534e+01,1.907339e+01,1.883928e+01,1.903087e+01,1.905213e+01,1.904504e+01,1.932815e+01,1.956112e+01,1.942705e+01,1.968092e+01,1.979354e+01,1.992009e+01,2.005350e+01,2.031978e+01,2.017271e+01,2.053649e+01,2.052950e+01,2.068303e+01,2.075970e+01,2.075273e+01,2.072486e+01,2.065513e+01,2.076667e+01,2.092679e+01,2.080846e+01,2.097547e+01,2.087112e+01,2.087112e+01,2.090592e+01,2.090592e+01,2.054347e+01,2.074576e+01,2.055743e+01,2.078060e+01,2.078060e+01,2.083632e+01,2.096156e+01,2.086416e+01,2.105192e+01,2.083632e+01,2.095461e+01,2.098242e+01,2.098937e+01,2.098937e+01,2.102413e+01,2.089200e+01,2.096852e+01,2.088504e+01,2.092679e+01,2.094765e+01,2.088504e+01,2.085720e+01,2.084328e+01,2.089200e+01,2.094765e+01,2.078757e+01,2.064816e+01,2.064816e+01,2.078060e+01,2.065513e+01,2.075273e+01,2.071789e+01,2.065513e+01,2.075970e+01,2.069000e+01,2.064816e+01,2.064816e+01,2.064816e+01,2.070394e+01,2.090592e+01,2.087112e+01,2.083632e+01,2.099632e+01,2.105887e+01,2.110748e+01,2.128093e+01,2.116996e+01,2.116302e+01,2.115608e+01,2.150943e+01,2.131559e+01,2.126013e+01,2.132252e+01,2.142640e+01,2.146792e+01,2.130865e+01
1.882508e+01,1.881087e+01,1.908047e+01,1.901669e+01,1.903795e+01,1.888899e+01,1.897414e+01,1.910173e+01,1.900251e+01,1.898123e+01,1.898832e+01,1.892448e+01,1.898832e+01,1.894576e+01,1.888899e+01,1.893157e+01,1.883218e+01,1.856190e+01,1.846213e+01,1.854053e+01,1.836227e+01,1.831230e+01,1.846926e+01,1.854765e+01,1.854053e+01,1.847639e+01,1.849777e+01,1.849777e+01,1.861174e+01,1.861174e+01,1.853340e+01,1.859038e+01,1.865444e+01,1.878245e+01,1.895286e+01,1.898832e+01,1.913714e+01,1.932109e+01,1.942705e+01,1.944823e+01,1.977947e+01,2.004648e+01,2.014467e+01,2.015168e+01,2.014467e+01,2.001841e+01,1.978650e+01,1.955407e+01,1.953996e+01,1.921501e+01,1.920793e+01,1.900960e+01,1.910173e+01,1.883218e+01,1.879666e+01,1.888189e+01,1.886059e+01,1.869002e+01,1.873980e+01,1.873269e+01,1.876823e+01,1.874691e+01,1.913714e+01,1.908756e+01,1.931402e+01,1.939881e+01,1.940587e+01,1.968796e+01,1.999735e+01,2.017972e+01,2.045266e+01,2.075273e+01,2.077363e+01,2.078757e+01,2.080150e+01,2.069000e+01,2.072486e+01,2.073879e+01,2.071091e+01,2.071091e+01,2.074576e+01,2.073182e+01,2.078757e+01,2.077363e+01,2.074576e+01,2.075970e+01,2.075970e+01,2.060629e+01,2.064816e+01,2.059932e+01,2.059932e+01,2.051554e+01,2.046663e+01,2.054347e+01,2.053649e+01,2.042470e+01,2.020774e+01,2.024277e+01,2.049458e+01,2.022876e+01,2.017972e+01,2.017972e+01,2.023577e+01,2.017972e+01,2.016570e+01,2.020774e+01,2.007454e+01,2.031278e+01,2.032678e+01,2.031278e+01,2.036176e+01,2.039673e+01,2.041071e+01,2.058536e+01,2.057838e+01,2.064118e+01,2.069697e+01,2.064118e+01,2.064816e+01,2.062723e+01,2.068303e+01,2.070394e+01,2.070394e+01,2.052950e+01,2.066211e+01,2.069000e+01,2.048759e+01,2.045266e+01,2.053649e+01,2.035476e+01,2.045964e+01,2.050855e+01,2.049458e+01,2.066211e+01,2.073879e+01,2.071091e+01,2.085720e+01,2.087112e+01,2.087112e+01,2.080846e+01,2.085024e+01,2.078757e+01,2.081543e+01,2.076667e+01,2.087112e+01,2.076667e+01,2.077363e+01,2.078757e+01,2.082239e+01,2.081543e+01,2.071789e+01,2.073182e+01,2.075970e+01,2.085720e+01,2.077363e+01,2.071789e+01,2.077363e+01,2.094070e+01,2.084328e+01,2.078757e+01,2.078757e+01,2.075970e+01,2.075273e+01,2.075273e+01,2.078757e+01,2.066908e+01,2.076667e+01,2.071091e+01,2.043169e+01,2.047362e+01,2.042470e+01,2.031978e+01,2.016570e+01,2.001841e+01,1.991306e+01,1.965274e+01,1.926452e+01,1.935642e+01,1.940587e+01,1.968092e+01,1.947647e+01,1.965979e+01,1.982871e+01,1.989901e+01,2.003946e+01,2.006051e+01,2.002542e+01,2.022876e+01,2.025677e+01,2.022876e+01,2.023577e+01,1.999735e+01,2.003946e+01,1.999033e+01,1.961047e+01,1.951175e+01,1.932815e+01,1.919378e+01,1.913714e+01,1.915838e+01,1.937762e+01,1.914422e+01,1.903795e+01,1.913714e+01,1.908047e+01,1.908047e+01,1.908756e+01,1.914422e+01,1.906630e+01,1.905922e+01,1.907339e+01,1.911590e+01,1.898123e+01,1.900960e+01,1.913006e+01,1.911590e+01,1.881087e+01,1.873980e+01,1.878955e+01,1.867579e+01,1.864733e+01,1.873269e+01,1.861174e+01,1.851203e+01,1.859750e+01,1.854765e+01,1.861886e+01,1.843361e+01,1.842648e+01,1.864021e+01,1.850490e+01,1.849064e+01,1.847639e+01,1.846926e+01,1.858326e+01,1.835513e+01,1.837654e+01,1.846213e+01,1.834799e+01,1.853340e+01,1.851203e+01,1.844787e+01,1.853340e+01,1.849064e+01,1.842648e+01,1.839081e+01,1.846213e+01,1.856190e+01,1.862598e+01,1.845500e+01,1.844787e+01,1.849777e+01,1.853340e+01,1.844074e+01,1.844787e+01,1.841934e+01,1.843361e+01,1.851203e+01,1.845500e+01,1.846213e+01,1.839081e+01,1.858326e+01,1.859038e+01,1.861174e+01,1.859750e+01,1.859750e+01,1.860462e+01,1.851203e+01,1.869713e+01,1.849777e+01,1.866867e+01,1.865444e+01,1.869002e+01,1.869713e+01,1.856190e+01,1.862598e+01,1.864733e+01,1.859038e+01,1.854765e+01,1.854053e+01,1.839081e+01,1.856902e+01,1.845500e+01,1.845500e+01,1.849777e+01,1.845500e+01,1.846213e+01,1.844787e+01,1.848352e+01,1.845500e+01,1.824087e+01,1.825516e+01,1.824801e+01,1.826230e+01,1.827659e+01,1.810501e+01,1.832658e+01,1.814078e+01,1.818369e+01,1.809785e+01,1.827659e+01,1.809785e+01,1.809785e+01,1.828373e+01,1.809785e+01,1.807638e+01,1.810501e+01,1.816223e+01,1.808354e+01,1.811216e+01,1.801910e+01,1.804775e+01,1.810501e+01,1.809069e+01,1.810501e+01,1.810501e+01,1.811216e+01,1.806207e+01,1.819798e+01,1.808354e+01,1.824801e+01,1.823372e+01,1.808354e+01,1.836940e+01,1.826944e+01,1.835513e+01,1.819083e+01,1.839794e+01,1.829801e+01,1.832658e+01,1.831230e+01,1.829801e+01,1.827659e+01,1.823372e+01,1.826230e+01,1.825516e+01,1.826944e+01,1.812647e+01,1.826230e+01,1.826944e+01,1.831944e+01,1.836940e+01,1.832658e+01,1.831944e+01,1.831944e+01,1.845500e+01,1.832658e+01,1.837654e+01,1.840508e+01,1.846926e+01,1.841221e+01,1.846926e+01,1.871135e+01,1.873269e+01,1.886769e+01,1.898832e+01,1.920085e+01,1.944118e+01,1.982871e+01,1.994819e+01,1.996926e+01,2.033377e+01,2.013065e+01,2.054347e+01,2.060629e+01,2.069000e+01,2.069697e+01,2.060629e+01,2.061327e+01,2.069000e+01,2.063420e+01,2.064118e+01,2.073879e+01,2.091287e+01,2.071789e+01,2.066211e+01,2.076667e+01,2.072486e+01,2.058536e+01,2.065513e+01,2.063420e+01,2.062723e+01,2.030578e+01,2.049458e+01,2.046663e+01,2.019373e+01,2.017271e+01,2.017972e+01,2.020774e+01,1.987792e+01,1.987090e+01,1.982871e+01,1.935642e+01,1.943411e+01,1.917254e+01,1.915838e+01,1.895995e+01,1.894576e+01,1.893867e+01,1.896704e+01,1.895286e+01,1.891738e+01,1.894576e+01,1.892448e+01,1.882508e+01,1.890318e+01,1.895286e+01,1.886769e+01,1.880376e+01,1.886769e+01,1.883218e+01,1.891028e+01,1.887479e+01,1.871135e+01,1.891738e+01,1.898123e+01,1.910881e+01,1.895286e+01,1.898832e+01,1.884638e+01,1.900251e+01,1.892448e+01,1.893157e+01,1.895995e+01,1.893867e+01,1.883928e+01,1.886769e+01,1.878955e+01,1.874691e+01,1.885349e+01,1.882508e+01,1.880376e+01,1.888189e+01,1.888189e+01,1.891028e+01,1.893157e+01,1.886059e+01,1.883928e+01,1.893157e+01,1.896704e+01,1.888189e+01,1.879666e+01,1.890318e+01,1.909464e+01,1.893867e+01,1.895995e+01,1.919378e+01,1.896704e+01,1.923623e+01,1.946941e+01,1.951175e+01,1.999033e+01,2.003946e+01,2.003244e+01,2.018673e+01,2.041071e+01,2.049458e+01,2.051554e+01,2.059932e+01,2.058536e+01,2.075273e+01,2.075273e+01,2.072486e+01,2.068303e+01,2.069000e+01,2.065513e+01,2.085024e+01,2.062723e+01,2.060629e+01,2.059932e+01,2.059234e+01,2.062723e+01,2.063420e+01,2.037575e+01,2.061327e+01,2.036176e+01,2.045266e+01,2.061327e+01,2.040372e+01,2.057838e+01,2.064118e+01,2.055045e+01,2.052950e+01,2.053649e+01,2.043868e+01,2.057140e+01,2.062025e+01,2.066908e+01,2.058536e+01,2.056442e+01,2.052252e+01,2.062723e+01,2.070394e+01,2.072486e+01,2.071789e+01,2.073879e+01,2.077363e+01,2.077363e+01,2.114220e+01,2.078060e+01,2.080150e+01,2.083632e+01,2.087808e+01,2.099632e+01,2.076667e+01,2.077363e+01,2.079453e+01,2.073182e+01,2.083632e+01,2.087808e+01,2.088504e+01,2.089200e+01,2.083632e+01,2.085024e+01,2.079453e+01,2.075273e+01,2.078757e+01,2.071789e+01,2.038274e+01,1.960342e+01,1.888189e+01,1.838367e+01,1.831230e+01,1.826944e+01,1.827659e+01,1.827659e+01,1.802627e+01,1.820513e+01,1.837654e+01,1.854053e+01,1.877534e+01,1.881797e+01,1.932815e+01,1.933522e+01,1.925745e+01,1.942705e+01,1.939881e+01,1.943411e+01,1.940587e+01,1.930695e+01,1.929988e+01,1.927867e+01,1.916546e+01,1.901669e+01,1.893867e+01,1.896704e+01,1.880376e+01,1.878955e+01,1.874691e+01,1.860462e+01,1.883218e+01,1.878245e+01,1.874691e+01,1.896704e+01,1.898123e+01,1.899541e+01,1.907339e+01,1.911590e+01,1.937055e+01,1.939174e+01,1.953996e+01,1.955407e+01,1.980761e+01,1.993414e+01,2.013766e+01,2.013766e+01,2.033377e+01,2.011663e+01,2.035476e+01,2.070394e+01,2.062723e+01,2.076667e+01,2.071789e+01,2.070394e+01,2.073879e+01,2.078060e+01,2.082935e+01,2.085024e+01,2.085024e+01,2.080150e+01,2.089896e+01,2.091983e+01,2.087112e+01,2.072486e+01,2.050855e+01,2.053649e+01,2.021475e+01,2.055045e+01,2.061327e+01,2.083632e+01,2.055045e+01,2.052950e+01,2.085720e+01,2.101023e+01,2.087808e+01,2.085024e+01,2.096852e+01,2.102413e+01,2.102413e+01,2.119078e+01,2.093374e+01,2.091983e+01,2.087808e+01,2.093374e+01,2.091287e+01,2.090592e+01,2.090592e+01,2.083632e+01,2.081543e+01,2.079453e+01,2.087808e+01,2.087808e+01,2.077363e+01,2.084328e+01,2.058536e+01,2.076667e+01,2.064118e+01,2.065513e+01,2.075970e+01,2.078060e+01,2.089200e+01,2.078060e+01,2.066211e+01,2.092679e+01,2.088504e+01,2.109360e+01,2.094070e+01,2.125320e+01,2.105887e+01,2.126707e+01,2.129479e+01,2.132252e+01,2.126707e+01,2.144716e+01,2.132252e+01,2.130173e+01,2.135715e+01,2.149559e+01,2.136408e+01,2.158548e+01
1.884638e+01,1.882508e+01,1.891028e+01,1.900960e+01,1.892448e+01,1.890318e+01,1.893157e+01,1.903795e+01,1.898832e+01,1.897414e+01,1.874691e+01,1.901669e+01,1.894576e+01,1.899541e+01,1.893157e+01,1.889609e+01,1.888189e+01,1.876823e+01,1.878245e+01,1.861886e+01,1.842648e+01,1.841221e+01,1.848352e+01,1.848352e+01,1.852628e+01,1.854053e+01,1.854053e+01,1.859750e+01,1.851203e+01,1.865444e+01,1.856902e+01,1.860462e+01,1.863309e+01,1.859038e+01,1.872558e+01,1.895995e+01,1.904504e+01,1.925038e+01,1.932109e+01,1.920085e+01,1.972317e+01,1.974428e+01,1.977243e+01,2.002542e+01,2.014467e+01,2.001139e+01,1.986386e+01,1.966683e+01,1.929281e+01,1.929988e+01,1.915130e+01,1.918670e+01,1.894576e+01,1.900251e+01,1.881087e+01,1.860462e+01,1.876823e+01,1.865444e+01,1.874691e+01,1.874691e+01,1.874691e+01,1.875401e+01,1.886769e+01,1.901669e+01,1.915130e+01,1.927160e+01,1.932815e+01,1.965274e+01,1.992711e+01,2.001841e+01,2.034777e+01,2.052252e+01,2.068303e+01,2.073879e+01,2.065513e+01,2.072486e+01,2.070394e+01,2.075273e+01,2.080846e+01,2.074576e+01,2.074576e+01,2.074576e+01,2.075273e+01,2.077363e+01,2.066908e+01,2.077363e+01,2.062723e+01,2.078060e+01,2.079453e+01,2.058536e+01,2.057838e+01,2.083632e+01,2.049458e+01,2.055743e+01,2.057838e+01,2.054347e+01,2.041770e+01,2.049458e+01,2.047362e+01,2.034777e+01,2.034777e+01,2.051554e+01,2.037575e+01,2.034777e+01,2.031978e+01,2.031978e+01,2.030578e+01,2.031278e+01,2.048759e+01,2.038974e+01,2.031278e+01,2.047362e+01,2.054347e+01,2.056442e+01,2.081543e+01,2.070394e+01,2.069000e+01,2.059234e+01,2.069697e+01,2.059234e+01,2.070394e+01,2.070394e+01,2.070394e+01,2.067605e+01,2.064118e+01,2.062025e+01,2.048061e+01,2.059932e+01,2.042470e+01,2.042470e+01,2.041770e+01,2.042470e+01,2.043169e+01,2.048759e+01,2.047362e+01,2.071789e+01,2.086416e+01,2.082935e+01,2.064118e+01,2.077363e+01,2.080846e+01,2.079453e+01,2.078060e+01,2.080150e+01,2.076667e+01,2.076667e+01,2.076667e+01,2.078757e+01,2.078757e+01,2.073182e+01,2.085024e+01,2.080846e+01,2.076667e+01,2.078060e+01,2.071789e+01,2.073879e+01,2.081543e+01,2.077363e+01,2.074576e+01,2.075970e+01,2.077363e+01,2.069697e+01,2.073879e+01,2.067605e+01,2.069697e+01,2.067605e+01,2.068303e+01,2.080846e+01,2.062025e+01,2.055045e+01,2.040372e+01,2.041770e+01,2.031278e+01,2.001139e+01,1.994117e+01,2.000437e+01,1.965274e+01,1.964570e+01,1.937762e+01,1.937762e+01,1.951175e+01,1.948352e+01,1.984980e+01,1.984277e+01,1.994117e+01,2.014467e+01,2.020074e+01,2.020774e+01,2.009559e+01,2.008156e+01,2.005350e+01,2.006051e+01,1.999735e+01,1.996926e+01,1.979354e+01,1.941999e+01,1.940587e+01,1.921501e+01,1.913006e+01,1.910881e+01,1.915130e+01,1.917254e+01,1.897414e+01,1.906630e+01,1.910173e+01,1.902378e+01,1.892448e+01,1.904504e+01,1.905922e+01,1.905922e+01,1.905213e+01,1.895286e+01,1.900960e+01,1.883218e+01,1.882508e+01,1.878955e+01,1.874691e+01,1.883218e+01,1.887479e+01,1.878955e+01,1.865444e+01,1.864733e+01,1.864021e+01,1.861886e+01,1.861886e+01,1.850490e+01,1.844074e+01,1.838367e+01,1.844074e+01,1.844787e+01,1.848352e+01,1.848352e+01,1.851203e+01,1.843361e+01,1.852628e+01,1.846926e+01,1.848352e+01,1.844074e+01,1.831230e+01,1.852628e+01,1.849777e+01,1.849777e+01,1.853340e+01,1.837654e+01,1.851203e+01,1.841934e+01,1.836940e+01,1.840508e+01,1.852628e+01,1.855477e+01,1.855477e+01,1.841221e+01,1.846213e+01,1.850490e+01,1.840508e+01,1.848352e+01,1.849064e+01,1.857614e+01,1.846213e+01,1.844787e+01,1.849777e+01,1.848352e+01,1.852628e+01,1.852628e+01,1.851915e+01,1.844074e+01,1.856902e+01,1.865444e+01,1.867579e+01,1.851915e+01,1.870424e+01,1.836227e+01,1.869713e+01,1.866867e+01,1.869713e+01,1.860462e+01,1.856902e+01,1.862598e+01,1.862598e+01,1.859750e+01,1.841934e+01,1.856190e+01,1.845500e+01,1.845500e+01,1.848352e+01,1.845500e+01,1.846213e+01,1.850490e+01,1.828373e+01,1.843361e+01,1.830515e+01,1.834085e+01,1.821228e+01,1.834799e+01,1.819083e+01,1.834085e+01,1.808354e+01,1.815508e+01,1.809069e+01,1.819798e+01,1.806922e+01,1.809069e+01,1.807638e+01,1.813362e+01,1.811932e+01,1.807638e+01,1.809785e+01,1.806207e+01,1.819083e+01,1.812647e+01,1.808354e+01,1.804775e+01,1.814793e+01,1.810501e+01,1.809785e+01,1.810501e+01,1.808354e+01,1.821943e+01,1.804775e+01,1.809069e+01,1.823372e+01,1.821943e+01,1.818369e+01,1.819798e+01,1.821943e+01,1.832658e+01,1.825516e+01,1.826230e+01,1.826230e+01,1.830515e+01,1.831944e+01,1.831230e+01,1.817653e+01,1.829801e+01,1.824087e+01,1.829801e+01,1.850490e+01,1.814078e+01,1.826944e+01,1.849777e+01,1.829087e+01,1.832658e+01,1.839081e+01,1.846213e+01,1.844787e+01,1.829087e+01,1.841221e+01,1.842648e+01,1.846213e+01,1.851203e+01,1.851203e+01,1.867579e+01,1.868290e+01,1.873269e+01,1.891028e+01,1.887479e+01,1.902378e+01,1.944823e+01,1.987090e+01,1.988495e+01,2.013766e+01,2.001841e+01,2.038974e+01,2.053649e+01,2.063420e+01,2.064118e+01,2.063420e+01,2.061327e+01,2.071789e+01,2.062723e+01,2.068303e+01,2.072486e+01,2.073182e+01,2.073879e+01,2.062723e+01,2.072486e+01,2.078060e+01,2.064118e+01,2.061327e+01,2.070394e+01,2.058536e+01,2.061327e+01,2.057838e+01,2.038274e+01,2.037575e+01,2.034777e+01,2.026378e+01,2.016570e+01,2.008156e+01,1.987090e+01,1.985683e+01,1.982168e+01,1.982871e+01,1.970205e+01,1.932815e+01,1.939881e+01,1.919378e+01,1.893867e+01,1.894576e+01,1.898832e+01,1.895995e+01,1.895995e+01,1.893157e+01,1.885349e+01,1.886769e+01,1.903795e+01,1.884638e+01,1.883928e+01,1.888189e+01,1.892448e+01,1.883928e+01,1.877534e+01,1.875401e+01,1.884638e+01,1.891028e+01,1.898123e+01,1.897414e+01,1.887479e+01,1.893157e+01,1.892448e+01,1.893867e+01,1.906630e+01,1.892448e+01,1.899541e+01,1.895286e+01,1.899541e+01,1.888899e+01,1.902378e+01,1.882508e+01,1.883928e+01,1.888899e+01,1.883218e+01,1.888189e+01,1.889609e+01,1.888899e+01,1.897414e+01,1.886769e+01,1.883928e+01,1.888899e+01,1.895286e+01,1.891028e+01,1.886769e+01,1.888899e+01,1.891738e+01,1.907339e+01,1.912298e+01,1.908047e+01,1.915838e+01,1.915838e+01,1.931402e+01,1.955407e+01,1.972317e+01,1.994117e+01,2.020074e+01,2.021475e+01,2.022176e+01,2.048759e+01,2.055045e+01,2.060629e+01,2.075273e+01,2.076667e+01,2.075970e+01,2.071789e+01,2.078757e+01,2.073879e+01,2.078060e+01,2.070394e+01,2.060629e+01,2.061327e+01,2.072486e+01,2.069697e+01,2.066908e+01,2.045266e+01,2.066211e+01,2.060629e+01,2.043868e+01,2.049458e+01,2.037575e+01,2.043868e+01,2.042470e+01,2.057140e+01,2.045964e+01,2.055045e+01,2.038974e+01,2.054347e+01,2.054347e+01,2.045266e+01,2.050157e+01,2.068303e+01,2.053649e+01,2.052950e+01,2.052950e+01,2.059932e+01,2.075970e+01,2.073879e+01,2.075273e+01,2.068303e+01,2.079453e+01,2.073879e+01,2.080150e+01,2.080150e+01,2.080846e+01,2.080150e+01,2.092679e+01,2.104497e+01,2.085720e+01,2.092679e+01,2.079453e+01,2.085024e+01,2.074576e+01,2.087808e+01,2.088504e+01,2.084328e+01,2.082935e+01,2.088504e+01,2.078757e+01,2.075273e+01,2.080150e+01,2.073879e+01,2.024977e+01,1.924331e+01,1.845500e+01,1.827659e+01,1.834085e+01,1.821943e+01,1.838367e+01,1.839081e+01,1.835513e+01,1.856190e+01,1.860462e+01,1.881087e+01,1.922208e+01,1.927867e+01,1.924331e+01,1.938468e+01,1.941293e+01,1.938468e+01,1.930695e+01,1.936349e+01,1.915130e+01,1.925745e+01,1.903087e+01,1.893157e+01,1.900251e+01,1.898123e+01,1.890318e+01,1.874691e+01,1.881797e+01,1.877534e+01,1.881797e+01,1.876112e+01,1.883928e+01,1.883928e+01,1.873980e+01,1.892448e+01,1.897414e+01,1.904504e+01,1.917254e+01,1.946941e+01,1.970909e+01,1.969500e+01,1.996224e+01,2.010961e+01,2.003244e+01,2.013766e+01,2.035476e+01,2.062025e+01,2.052252e+01,2.057838e+01,2.062723e+01,2.073879e+01,2.076667e+01,2.062723e+01,2.074576e+01,2.072486e+01,2.077363e+01,2.075970e+01,2.076667e+01,2.080846e+01,2.082935e+01,2.087112e+01,2.082935e+01,2.071789e+01,2.051554e+01,2.041071e+01,2.010961e+01,2.020074e+01,2.017972e+01,2.025677e+01,2.020074e+01,2.036875e+01,2.056442e+01,2.056442e+01,2.056442e+01,2.064118e+01,2.085024e+01,2.082239e+01,2.105192e+01,2.085024e+01,2.082935e+01,2.096156e+01,2.091983e+01,2.080150e+01,2.095461e+01,2.079453e+01,2.089200e+01,2.091287e+01,2.087112e+01,2.088504e+01,2.083632e+01,2.085720e+01,2.082239e+01,2.062025e+01,2.069000e+01,2.073182e+01,2.066211e+01,2.066908e+01,2.069697e+01,2.067605e+01,2.065513e+01,2.078060e+01,2.064816e+01,2.090592e+01,2.066908e+01,2.090592e+01,2.094070e+01,2.109360e+01,2.104497e+01,2.109360e+01,2.107276e+01,2.124627e+01,2.116996e+01,2.123933e+01,2.139871e+01,2.120465e+01,2.129479e+01,2.137793e+01,2.146792e+01,2.151634e+01,2.154400e+01
